0 99 320 1 94 320
1 120 442 1 115 443
2 100 308 1 95 308
3 119 483 1 114 483
4 98 340 1 92 340
5 119 452 1 113 452
6 122 349 1 117 349
7 121 379 1 116 379
8 75 282 1 70 282
9 123 307 1 117 307
10 153 369 1 148 369
11 316 577 1 312 577
12 119 468 1 114 469
13 55 392 1 49 391
14 122 332 1 117 332
15 101 379 1 96 379
16 66 139 1 60 139
17 320 599 1 316 599
18 268 596 1 263 596
19 326 551 1 321 550
20 55 135 1 48 135
21 50 557 1 46 558
22 94 395 1 88 395
23 90 417 1 85 418
24 93 406 1 87 406
25 312 587 1 308 587
26 280 455 1 276 454
27 175 231 1 169 231
28 304 500 1 299 499
29 275 475 1 271 475
30 274 513 1 270 512
31 268 530 1 264 529
32 281 609 1 277 608
33 316 506 1 311 505
34 297 511 1 293 511
35 293 610 1 289 610
36 310 597 1 306 597
37 117 525 1 113 526
38 118 389 1 112 389
39 184 344 1 178 344
40 267 586 1 262 586
41 333 604 1 329 603
42 97 476 1 92 477
43 285 511 1 281 510
44 277 548 1 273 548
45 115 540 1 111 541
46 285 469 1 280 469
47 298 522 1 294 522
48 152 340 1 146 340
49 67 612 1 62 613
50 315 547 1 310 546
51 31 572 1 26 572
52 255 512 1 251 512
53 304 607 1 300 607
54 83 234 1 78 234
55 288 485 1 284 485
56 53 427 1 47 427
57 50 583 1 46 584
58 298 532 1 294 532
59 318 537 1 313 536
60 316 518 1 311 518
61 104 250 1 98 250
62 286 593 1 281 593
63 302 571 1 298 570
64 101 432 1 95 432
65 254 522 1 250 522
66 183 520 1 178 521
67 271 575 1 267 575
68 306 490 1 301 489
69 104 397 1 98 397
70 296 552 1 292 552
71 68 573 1 64 573
72 113 418 1 107 418
73 244 600 1 240 600
74 175 376 1 170 376
75 281 575 1 277 575
76 270 607 1 265 607
77 307 558 1 303 557
78 272 565 1 267 565
79 186 439 1 181 440
80 226 562 1 221 562
81 129 566 1 124 567
82 208 292 1 202 293
83 280 532 1 276 532
84 284 495 1 280 495
85 27 504 1 22 505
86 275 465 1 270 465
87 290 542 1 286 542
88 101 446 1 95 447
89 96 330 1 91 330
90 329 541 1 324 540
91 291 456 1 287 456
92 66 185 1 60 186
93 294 581 1 290 580
94 329 528 1 324 528
95 257 608 1 253 608
96 164 555 1 159 555
97 321 566 1 317 566
98 259 458 1 254 458
99 70 583 1 65 583
100 57 499 1 52 499
101 207 236 1 201 236
102 57 529 1 53 530
103 270 451 1 266 450
104 43 495 1 38 496
105 122 607 1 117 607
106 304 542 1 300 542
107 296 467 1 291 467
108 294 497 1 289 496
109 226 549 1 221 549
110 180 402 1 175 403
111 304 479 1 299 479
112 236 613 1 231 613
113 331 590 1 326 590
114 153 379 1 147 379
115 166 399 1 161 400
116 65 123 1 59 122
117 257 556 1 253 556
118 204 390 1 199 390
119 212 303 1 207 303
120 230 371 1 225 371
121 47 601 1 43 602
122 258 596 1 253 596
123 177 420 1 172 421
124 32 557 1 27 558
125 198 369 1 193 369
126 30 542 1 25 543
127 172 522 1 168 523
128 327 517 1 322 517
129 47 464 1 42 465
130 316 493 1 311 492
131 258 502 1 254 502
132 49 485 1 44 485
133 197 204 1 191 204
134 240 576 1 236 576
135 268 492 1 263 492
136 77 456 1 71 456
137 195 360 1 190 360
138 119 399 1 114 400
139 126 271 1 121 271
140 288 521 1 284 521
141 198 221 1 191 220
142 202 307 1 197 307
143 27 599 1 23 600
144 74 495 1 69 495
145 229 389 1 224 389
146 209 438 1 204 438
147 165 378 1 160 378
148 119 192 1 113 193
149 218 380 1 213 380
150 308 531 1 303 530
151 155 522 1 150 523
152 142 519 1 137 519
153 282 558 1 278 558
154 37 505 1 32 506
155 50 519 1 45 519
156 238 586 1 234 586
157 244 524 1 239 524
158 296 597 1 292 596
159 185 360 1 180 360
160 61 480 1 56 480
161 301 457 1 297 456
162 99 183 1 93 184
163 175 364 1 170 365
164 110 83 1 103 83
165 166 309 1 161 309
166 234 602 1 230 602
167 134 578 1 129 577
168 159 565 1 155 565
169 192 487 1 188 487
170 264 475 1 260 475
171 243 537 1 238 537
172 139 545 1 135 545
173 33 589 1 29 590
174 97 205 1 92 205
175 171 540 1 167 540
176 194 335 1 189 336
177 123 420 1 117 421
178 328 463 1 323 463
179 148 434 1 143 436
180 171 599 1 167 600
181 205 415 1 200 415
182 71 482 1 66 482
183 219 391 1 214 391
184 197 432 1 192 432
185 112 609 1 107 610
186 114 256 1 109 256
187 123 576 1 118 576
188 167 414 1 162 415
189 162 337 1 157 337
190 194 193 1 187 194
191 306 467 1 301 467
192 136 204 1 131 204
193 194 390 1 188 390
194 169 175 1 163 175
195 161 500 1 157 501
196 209 475 1 204 475
197 188 308 1 182 308
198 74 516 1 70 516
199 173 338 1 168 338
200 136 147 1 130 147
201 41 475 1 35 475
202 127 180 1 121 180
203 143 533 1 139 534
204 163 347 1 157 347
205 92 75 1 85 75
206 126 596 1 121 596
207 144 401 1 139 402
208 154 176 1 148 176
209 326 507 1 321 506
210 105 40 1 98 40
211 87 27 1 80 27
212 219 370 1 214 370
213 71 563 1 67 563
214 38 485 1 33 485
215 166 426 1 161 427
216 161 539 1 157 540
217 139 474 1 133 475
218 82 80 1 75 80
219 150 389 1 145 390
220 139 565 1 134 566
221 174 560 1 170 560
222 318 475 1 313 475
223 197 286 1 192 286
224 167 458 1 161 458
225 112 147 1 105 148
226 78 43 1 71 43
227 55 125 1 48 126
228 124 151 1 117 151
229 167 285 1 162 285
230 99 222 1 94 222
231 298 437 1 294 436
232 97 195 1 90 195
233 92 85 1 85 85
234 190 502 1 186 502
235 148 447 1 143 448
236 149 478 1 146 479
237 208 378 1 203 378
238 112 181 1 105 182
239 112 598 1 107 599
240 200 537 1 196 537
241 113 114 1 106 114
242 233 534 1 229 534
243 88 46 1 81 46
244 204 609 1 199 609
245 128 170 1 122 170
246 166 589 1 162 590
247 108 73 1 101 73
248 124 138 1 117 139
249 171 501 1 166 501
250 221 445 1 216 445
251 187 318 1 182 319
252 191 145 1 184 145
253 179 263 1 174 264
254 146 140 1 139 141
255 138 161 1 132 162
256 128 194 1 123 194
257 76 27 1 69 27
258 183 542 1 178 542
259 328 497 1 323 496
260 136 433 1 131 434
261 82 68 1 75 69
262 168 263 1 164 263
263 122 233 1 117 233
264 136 493 1 131 494
265 113 168 1 106 169
266 157 461 1 152 461
267 87 97 1 80 97
268 155 121 1 149 121
269 101 118 1 94 118
270 129 399 1 124 400
271 135 320 1 130 320
272 187 236 1 181 236
273 156 585 1 152 585
274 111 202 1 104 201
275 148 155 1 142 155
276 163 436 1 157 438
277 198 379 1 193 380
278 288 433 1 283 433
279 219 454 1 214 454
280 192 416 1 187 417
281 292 414 1 287 414
282 163 480 1 158 481
283 181 612 1 177 612
284 157 276 1 152 278
285 133 453 1 128 453
286 81 56 1 74 56
287 164 367 1 159 368
288 161 111 1 155 112
289 326 487 1 321 486
290 156 424 1 151 425
291 108 471 1 104 472
292 141 379 1 136 380
293 143 108 1 137 108
294 177 485 1 173 485
295 106 53 1 99 53
296 143 280 1 137 281
297 331 80 1 324 80
298 195 406 1 190 407
299 177 283 1 172 283
300 167 447 1 162 448
301 204 132 1 198 132
302 314 444 1 309 444
303 43 432 1 38 433
304 111 103 1 104 103
305 145 423 1 139 423
306 156 296 1 151 296
307 146 315 1 141 316
308 163 190 1 157 190
309 316 465 1 311 465
310 205 399 1 200 400
311 166 389 1 161 390
312 184 332 1 179 333
313 190 115 1 184 116
314 236 566 1 231 566
315 307 375 1 302 374
316 138 183 1 131 184
317 169 165 1 163 166
318 156 413 1 151 414
319 85 288 1 80 288
320 210 491 1 206 491
321 147 97 1 140 97
322 125 243 1 120 242
323 151 506 1 147 506
324 291 25 1 284 25
325 186 567 1 182 568
326 60 588 1 55 588
327 198 598 1 194 598
328 299 312 1 294 311
329 132 233 1 127 234
330 225 245 1 219 245
331 296 38 1 290 37
332 107 63 1 100 63
333 132 119 1 125 119
334 85 131 1 79 131
335 126 493 1 121 493
336 122 219 1 117 219
337 179 178 1 173 179
338 127 204 1 120 204
339 92 65 1 85 65
340 304 355 1 299 355
341 263 285 1 257 285
342 309 419 1 304 418
343 145 413 1 140 414
344 240 351 1 235 351
345 177 310 1 172 310
346 216 119 1 209 119
347 285 157 1 279 156
348 249 462 1 244 463
349 289 234 1 284 234
350 114 271 1 108 271
351 45 134 1 38 135
352 233 298 1 228 298
353 161 490 1 156 491
354 267 555 1 263 555
355 248 281 1 242 280
356 334 197 1 328 196
357 233 402 1 228 402
358 200 97 1 193 97
359 209 503 1 205 503
360 318 454 1 313 454
361 75 124 1 68 124
362 148 166 1 141 167
363 74 271 1 68 271
364 189 125 1 183 126
365 109 93 1 103 93
366 228 288 1 223 287
367 99 105 1 92 105
368 272 340 1 266 339
369 307 334 1 301 333
370 260 326 1 254 325
371 163 357 1 158 358
372 211 316 1 206 317
373 313 279 1 308 278
374 242 260 1 236 260
375 318 341 1 313 341
376 176 240 1 171 240
377 163 155 1 157 155
378 223 504 1 219 503
379 232 487 1 228 488
380 238 114 1 232 114
381 210 86 1 204 86
382 321 320 1 316 320
383 156 313 1 151 314
384 200 513 1 196 513
385 329 236 1 323 235
386 267 314 1 262 314
387 232 413 1 227 413
388 196 264 1 191 264
389 213 159 1 207 160
390 158 44 1 151 44
391 303 289 1 298 288
392 330 363 1 325 362
393 327 175 1 321 174
394 143 120 1 137 120
395 183 188 1 177 188
396 146 41 1 140 41
397 155 286 1 150 286
398 305 71 1 299 70
399 220 216 1 214 217
400 86 199 1 81 200
401 330 146 1 324 145
402 316 31 1 309 30
403 243 271 1 238 271
404 302 447 1 298 446
405 245 388 1 240 388
406 235 313 1 230 313
407 319 165 1 313 164
408 176 129 1 170 129
409 317 369 1 312 368
410 150 81 1 143 81
411 262 342 1 257 342
412 235 499 1 230 499
413 295 168 1 289 167
414 212 52 1 206 52
415 308 114 1 302 112
416 283 287 1 278 287
417 97 95 1 90 96
418 301 229 1 296 229
419 319 238 1 313 237
420 329 454 1 324 453
421 230 435 1 225 435
422 112 137 1 105 138
423 325 43 1 318 42
424 308 409 1 303 408
425 242 188 1 236 187
426 145 26 1 139 26
427 220 477 1 215 477
428 221 323 1 216 324
429 274 262 1 268 262
430 283 328 1 277 327
431 322 428 1 317 428
432 218 406 1 213 406
433 241 206 1 235 206
434 315 359 1 310 358
435 259 273 1 254 272
436 266 149 1 260 148
437 283 340 1 278 339
438 206 119 1 200 119
439 207 425 1 202 425
440 309 434 1 304 434
441 322 416 1 317 415
442 124 261 1 119 261
443 273 284 1 268 283
444 204 274 1 199 274
445 299 302 1 294 301
446 259 244 1 254 244
447 133 109 1 126 110
448 289 318 1 284 317
449 328 94 1 321 94
450 217 194 1 211 195
451 328 253 1 322 252
452 240 442 1 235 442
453 216 104 1 210 104
454 207 596 1 203 596
455 299 204 1 293 204
456 186 577 1 182 577
457 221 493 1 217 494
