0 102 320 1 101 317
1 122 442 1 121 440
2 103 308 1 102 304
3 121 483 1 119 479
4 101 340 1 99 336
5 121 452 1 119 449
6 125 349 1 123 346
7 124 379 1 122 376
8 79 281 1 77 278
9 126 307 1 124 304
10 156 369 1 154 366
11 318 581 1 316 578
12 121 468 1 119 465
13 125 322 1 124 319
14 104 379 1 102 376
15 70 138 1 69 135
16 322 604 1 320 600
17 269 599 1 267 596
18 328 554 1 326 551
19 59 134 1 58 131
20 51 560 1 50 556
21 96 395 1 94 391
22 92 417 1 90 414
23 95 406 1 93 402
24 314 591 1 312 588
25 283 457 1 281 454
26 179 233 1 178 229
27 306 503 1 304 500
28 68 615 1 66 611
29 278 478 1 276 475
30 276 515 1 275 512
31 270 532 1 269 529
32 282 612 1 280 609
33 318 509 1 316 506
34 300 514 1 298 511
35 295 614 1 293 610
36 312 601 1 310 598
37 119 525 1 117 522
38 120 389 1 118 385
39 187 347 1 185 344
40 187 455 1 186 452
41 268 589 1 266 586
42 335 608 1 332 604
43 99 476 1 97 473
44 288 514 1 286 511
45 279 551 1 277 548
46 117 540 1 115 537
47 288 472 1 286 469
48 301 525 1 299 522
49 155 340 1 153 336
50 317 550 1 315 547
51 32 574 1 30 569
52 257 515 1 256 512
53 306 611 1 304 608
54 87 233 1 86 230
55 291 488 1 289 485
56 55 426 1 53 422
57 51 586 1 50 582
58 301 535 1 298 532
59 320 540 1 318 537
60 318 522 1 316 518
61 108 250 1 106 246
62 287 596 1 285 593
63 304 574 1 302 571
64 103 432 1 101 428
65 256 525 1 254 522
66 185 521 1 183 518
67 273 578 1 271 575
68 308 493 1 306 490
69 298 556 1 296 553
70 69 575 1 67 572
71 115 418 1 112 414
72 179 378 1 176 374
73 246 603 1 244 599
74 283 579 1 281 575
75 271 610 1 269 607
76 310 561 1 308 558
77 274 568 1 272 565
78 188 440 1 186 437
79 227 565 1 225 562
80 282 535 1 280 532
81 287 498 1 285 495
82 29 506 1 27 502
83 278 467 1 276 464
84 292 545 1 290 542
85 103 446 1 101 443
86 99 330 1 98 326
87 331 544 1 328 541
88 314 571 1 311 567
89 294 459 1 292 455
90 70 184 1 69 181
91 237 615 1 235 611
92 296 584 1 294 581
93 331 532 1 329 529
94 259 611 1 256 607
95 166 557 1 163 553
96 324 570 1 322 567
97 262 460 1 259 458
98 71 585 1 69 581
99 211 238 1 210 234
100 59 531 1 57 528
101 273 453 1 271 450
102 45 497 1 43 493
103 123 609 1 121 606
104 298 470 1 296 467
105 296 499 1 294 496
106 227 552 1 225 548
107 182 403 1 181 400
108 306 482 1 304 479
109 333 595 1 331 591
110 247 614 1 244 610
111 156 379 1 153 376
112 168 400 1 167 397
113 146 557 1 145 553
114 143 522 1 142 518
115 69 122 1 68 118
116 259 559 1 257 556
117 207 392 1 205 388
118 216 304 1 214 301
119 233 372 1 231 369
120 48 604 1 46 600
121 259 599 1 257 596
122 179 421 1 178 418
123 33 559 1 31 556
124 201 370 1 199 367
125 31 544 1 29 541
126 174 523 1 173 520
127 329 521 1 327 518
128 316 614 1 313 610
129 318 496 1 316 493
130 260 505 1 258 502
131 51 487 1 49 483
132 201 206 1 199 201
133 242 578 1 240 575
134 271 495 1 268 492
135 92 615 1 90 611
136 141 547 1 139 543
137 121 399 1 120 396
138 78 457 1 77 454
139 130 271 1 128 268
140 290 524 1 288 521
141 201 222 1 200 219
142 206 309 1 204 305
143 28 601 1 26 598
144 232 390 1 230 387
145 212 440 1 210 437
146 168 378 1 167 375
147 123 192 1 121 189
148 221 381 1 219 378
149 310 534 1 308 531
150 157 523 1 155 520
151 135 577 1 133 574
152 113 230 1 113 227
153 284 561 1 282 558
154 39 507 1 37 504
155 51 520 1 49 517
156 240 588 1 238 585
157 246 526 1 244 523
158 298 601 1 296 597
159 188 362 1 187 359
160 62 481 1 61 477
161 304 460 1 303 457
162 103 183 1 102 180
163 178 365 1 176 362
164 114 83 1 113 79
165 169 309 1 168 307
166 236 604 1 234 601
167 75 496 1 73 492
168 161 567 1 159 563
169 194 487 1 193 484
170 267 477 1 265 474
171 245 540 1 243 536
172 221 456 1 219 452
173 34 591 1 32 588
174 101 205 1 101 201
175 173 541 1 171 538
176 210 465 1 208 462
177 197 336 1 196 333
178 125 420 1 123 417
179 331 467 1 328 464
180 150 435 1 148 432
181 172 601 1 170 598
182 207 415 1 206 412
183 73 483 1 71 480
184 222 392 1 220 389
185 199 433 1 197 430
186 118 256 1 117 253
187 124 577 1 122 574
188 169 415 1 168 412
189 165 338 1 164 334
190 198 194 1 196 191
191 308 470 1 306 467
192 140 204 1 140 200
193 197 391 1 195 388
194 173 175 1 172 172
195 163 501 1 162 498
196 211 476 1 209 472
197 191 308 1 189 305
198 76 518 1 74 514
199 176 339 1 175 335
200 140 147 1 139 144
201 42 476 1 40 473
202 131 180 1 129 177
203 145 534 1 143 531
204 166 348 1 164 344
205 97 75 1 95 71
206 127 598 1 125 594
207 146 402 1 145 398
208 158 176 1 157 173
209 328 510 1 326 507
210 110 39 1 109 36
211 92 27 1 91 23
212 222 371 1 220 368
213 73 565 1 71 561
214 40 486 1 38 483
215 107 160 1 106 156
216 168 427 1 166 424
217 163 541 1 162 538
218 141 475 1 138 472
219 86 79 1 85 76
220 153 390 1 151 386
221 140 567 1 138 563
222 176 562 1 174 558
223 320 478 1 318 475
224 169 459 1 167 455
225 116 147 1 115 144
226 83 43 1 82 39
227 59 125 1 58 121
228 128 151 1 127 148
229 171 285 1 169 282
230 103 222 1 103 219
231 301 439 1 299 436
232 97 85 1 95 81
233 192 502 1 191 499
234 150 448 1 148 444
235 151 479 1 151 476
236 211 379 1 209 376
237 116 181 1 114 178
238 58 615 1 56 611
239 202 538 1 200 535
240 117 114 1 116 110
241 234 536 1 233 533
242 93 46 1 92 42
243 205 610 1 203 607
244 132 170 1 131 166
245 167 591 1 165 588
246 113 73 1 111 69
247 128 138 1 126 135
248 173 502 1 171 498
249 112 613 1 110 608
250 223 446 1 221 443
251 190 319 1 189 316
252 195 146 1 194 143
253 183 264 1 182 261
254 150 140 1 148 138
255 142 161 1 141 158
256 133 194 1 131 191
257 81 27 1 80 23
258 185 542 1 182 539
259 330 500 1 328 497
260 138 433 1 136 430
261 87 67 1 85 65
262 172 263 1 171 260
263 126 233 1 125 229
264 138 494 1 136 491
265 117 168 1 115 165
266 159 462 1 157 458
267 91 96 1 90 93
268 159 121 1 158 118
269 105 118 1 103 114
270 131 399 1 130 396
271 161 263 1 159 260
272 138 320 1 137 317
273 191 237 1 189 234
274 157 586 1 155 583
275 152 155 1 151 152
276 165 437 1 163 435
277 201 381 1 199 377
278 291 435 1 289 432
279 335 83 1 334 79
280 194 417 1 193 414
281 294 417 1 293 414
282 165 481 1 163 478
283 182 613 1 180 609
284 161 277 1 160 274
285 135 453 1 134 450
286 86 55 1 85 52
287 167 368 1 165 364
288 165 111 1 164 108
289 328 490 1 326 487
290 158 425 1 157 421
291 110 471 1 109 468
292 144 379 1 142 376
293 147 108 1 147 105
294 47 615 1 44 611
295 179 485 1 178 482
296 111 53 1 110 49
297 147 280 1 145 277
298 197 407 1 196 404
299 181 283 1 180 280
300 169 448 1 167 445
301 208 133 1 207 130
302 317 447 1 315 444
303 45 431 1 43 428
304 115 103 1 114 99
305 147 423 1 145 420
306 149 315 1 148 312
307 167 190 1 166 187
308 318 468 1 317 465
309 207 400 1 206 397
310 169 390 1 168 387
311 194 116 1 194 113
312 237 569 1 235 566
313 310 377 1 309 374
314 142 183 1 140 180
315 173 165 1 172 163
316 158 414 1 157 410
317 212 492 1 210 489
318 151 97 1 150 94
319 153 506 1 152 503
320 297 26 1 296 23
321 187 568 1 186 565
322 60 590 1 59 586
323 199 599 1 197 596
324 303 314 1 302 311
325 136 233 1 135 230
326 228 245 1 227 242
327 302 39 1 301 36
328 112 63 1 111 59
329 136 119 1 135 116
330 90 132 1 89 127
331 127 493 1 126 490
332 126 219 1 125 215
333 183 179 1 182 176
334 130 204 1 129 201
335 97 65 1 96 61
336 307 357 1 306 355
337 266 287 1 265 284
338 312 421 1 310 418
339 147 414 1 146 410
340 243 353 1 242 349
341 180 311 1 179 307
342 221 120 1 219 116
343 289 158 1 288 155
344 251 465 1 249 462
345 89 288 1 87 284
346 294 236 1 292 233
347 117 271 1 116 268
348 50 134 1 47 131
349 237 299 1 236 296
350 162 491 1 161 488
351 268 558 1 267 554
352 251 282 1 250 279
353 236 403 1 234 400
354 205 98 1 203 95
355 211 504 1 210 501
356 320 457 1 319 454
357 79 124 1 78 120
358 159 242 1 158 240
359 152 166 1 150 163
360 78 270 1 76 267
361 193 126 1 192 123
362 113 93 1 113 89
363 232 289 1 231 285
364 104 105 1 102 101
365 275 341 1 273 338
366 310 336 1 309 333
367 263 327 1 261 324
368 166 358 1 164 355
369 215 317 1 213 314
370 317 281 1 316 278
371 245 261 1 244 258
372 322 344 1 320 341
373 180 241 1 179 238
374 167 155 1 166 152
375 225 505 1 224 501
376 234 489 1 233 486
377 243 115 1 242 112
378 215 87 1 214 84
379 325 323 1 324 320
380 159 313 1 158 310
381 202 514 1 200 510
382 333 238 1 332 235
383 270 316 1 269 313
384 235 414 1 233 411
385 200 265 1 199 261
386 217 160 1 216 157
387 163 44 1 162 41
388 307 291 1 306 288
389 334 366 1 332 363
390 332 177 1 331 174
391 147 120 1 146 117
392 187 188 1 186 185
393 151 41 1 150 38
394 159 286 1 157 283
395 311 72 1 310 69
396 224 217 1 222 214
397 90 199 1 90 196
398 321 32 1 320 29
399 246 272 1 245 269
400 305 449 1 304 446
401 248 390 1 247 386
402 324 167 1 323 164
403 180 129 1 179 126
404 335 148 1 334 145
405 321 371 1 319 368
406 154 81 1 153 78
407 266 344 1 264 341
408 237 501 1 235 498
409 299 169 1 298 166
410 217 52 1 216 49
411 313 115 1 312 112
412 271 300 1 270 297
413 102 95 1 100 92
414 306 231 1 304 228
415 323 240 1 322 237
416 332 457 1 330 454
417 233 437 1 231 433
418 116 137 1 114 134
419 330 44 1 329 41
420 311 412 1 309 408
421 183 161 1 182 159
422 246 189 1 245 185
423 150 26 1 149 22
424 222 478 1 220 475
425 225 325 1 223 322
426 278 264 1 276 261
427 286 330 1 285 327
428 325 431 1 323 428
429 267 225 1 266 221
430 220 406 1 219 403
431 318 291 1 316 288
432 245 208 1 244 204
433 319 361 1 317 358
434 262 274 1 261 271
435 271 150 1 270 147
436 286 342 1 285 339
437 210 120 1 209 117
438 209 425 1 208 422
439 312 437 1 310 434
440 325 419 1 323 416
441 128 261 1 126 258
442 277 285 1 276 282
443 208 275 1 206 272
444 303 304 1 301 301
445 242 340 1 240 336
446 263 245 1 262 242
447 245 379 1 244 376
448 137 109 1 136 106
449 292 320 1 291 317
450 334 96 1 332 93
451 221 195 1 220 192
452 332 255 1 331 252
453 242 444 1 240 440
454 221 105 1 220 101
455 208 597 1 206 594
456 303 206 1 302 203
457 188 577 1 186 574
458 223 494 1 222 491
