0 101 283 1 104 285
1 119 407 1 121 410
2 103 271 1 104 273
3 116 449 1 119 450
4 100 303 1 101 305
5 117 417 1 118 419
6 270 598 1 271 601
7 124 313 1 125 315
8 122 343 1 123 345
9 125 271 1 127 273
10 78 243 1 80 246
11 154 334 1 156 336
12 327 592 1 328 594
13 117 433 1 118 436
14 125 285 1 127 288
15 289 447 1 290 450
16 102 343 1 103 345
17 72 98 1 74 100
18 330 615 1 332 619
19 61 93 1 63 96
20 94 359 1 95 361
21 89 381 1 91 384
22 93 370 1 94 372
23 322 604 1 324 606
24 270 588 1 271 590
25 24 427 1 25 429
26 314 502 1 315 504
27 283 471 1 284 473
28 281 513 1 283 515
29 274 530 1 275 533
30 320 614 1 321 616
31 307 514 1 307 515
32 327 510 1 328 512
33 294 468 1 296 469
34 275 578 1 276 580
35 187 416 1 185 419
36 118 353 1 119 355
37 293 512 1 294 514
38 329 544 1 330 547
39 154 305 1 156 306
40 282 551 1 284 552
41 325 557 1 327 560
42 51 389 1 53 390
43 258 518 1 259 520
44 88 194 1 90 197
45 297 484 1 298 485
46 307 478 1 309 481
47 327 524 1 328 527
48 272 613 1 273 614
49 109 212 1 110 214
50 290 601 1 292 603
51 278 442 1 279 444
52 100 396 1 101 398
53 308 526 1 309 528
54 36 603 1 36 605
55 208 609 1 210 612
56 310 582 1 312 584
57 320 579 1 323 582
58 260 508 1 261 511
59 180 488 1 182 490
60 36 569 1 37 572
61 250 583 1 252 585
62 258 608 1 259 610
63 297 547 1 299 550
64 304 560 1 306 563
65 300 590 1 302 593
66 112 383 1 113 384
67 295 612 1 297 616
68 283 461 1 285 462
69 285 615 1 286 621
70 317 568 1 318 571
71 244 595 1 246 597
72 61 591 1 62 593
73 300 449 1 302 452
74 285 580 1 287 583
75 227 561 1 228 564
76 263 447 1 265 449
77 292 496 1 294 498
78 300 601 1 302 603
79 99 411 1 101 413
80 98 293 1 100 295
81 234 615 1 234 617
82 72 144 1 74 146
83 306 536 1 308 538
84 233 603 1 235 605
85 57 467 1 59 469
86 246 607 1 246 609
87 333 580 1 334 582
88 280 600 1 282 603
89 247 481 1 249 483
90 39 544 1 41 546
91 304 463 1 306 465
92 303 497 1 305 500
93 227 547 1 228 550
94 181 369 1 182 371
95 46 516 1 47 519
96 89 415 1 90 418
97 50 477 1 52 479
98 261 555 1 262 558
99 49 545 1 51 547
100 154 344 1 155 346
101 166 365 1 168 368
102 287 560 1 289 563
103 72 81 1 74 83
104 37 488 1 38 491
105 67 473 1 69 476
106 234 343 1 235 346
107 237 583 1 239 585
108 314 491 1 317 493
109 177 387 1 179 389
110 317 473 1 318 475
111 100 484 1 102 486
112 170 490 1 172 492
113 295 522 1 297 525
114 326 494 1 328 496
115 58 579 1 59 581
116 148 541 1 148 544
117 275 490 1 276 492
118 36 518 1 37 521
119 119 364 1 121 366
120 130 234 1 132 236
121 305 613 1 306 615
122 232 363 1 234 366
123 254 594 1 256 597
124 125 154 1 127 156
125 220 352 1 223 355
126 317 537 1 319 539
127 152 490 1 153 492
128 207 431 1 209 434
129 114 192 1 117 195
130 316 511 1 318 514
131 168 353 1 169 356
132 43 533 1 45 535
133 135 554 1 136 556
134 311 451 1 313 453
135 270 512 1 271 514
136 105 143 1 107 146
137 119 41 1 121 43
138 69 483 1 71 486
139 270 468 1 272 471
140 233 593 1 234 595
141 275 568 1 277 570
142 190 456 1 192 458
143 307 571 1 308 574
144 103 166 1 105 168
145 197 301 1 199 304
146 122 385 1 123 387
147 147 400 1 149 403
148 28 540 1 30 542
149 206 383 1 207 386
150 221 365 1 223 368
151 245 529 1 246 532
152 30 579 1 30 581
153 119 218 1 121 220
154 51 590 1 52 592
155 167 381 1 169 383
156 164 302 1 167 304
157 201 159 1 203 161
158 315 463 1 317 466
159 327 568 1 328 570
160 143 168 1 145 170
161 176 138 1 178 140
162 159 468 1 161 470
163 208 445 1 210 447
164 176 303 1 177 306
165 143 108 1 146 110
166 133 142 1 135 144
167 238 572 1 240 574
168 49 600 1 50 603
169 101 32 1 103 35
170 311 598 1 312 601
171 122 595 1 124 597
172 144 367 1 146 369
173 161 138 1 163 141
174 24 564 1 25 567
175 161 560 1 162 563
176 169 532 1 170 534
177 109 120 1 112 123
178 166 393 1 167 396
179 160 527 1 160 529
180 137 442 1 137 444
181 90 37 1 92 40
182 151 355 1 152 357
183 328 535 1 329 537
184 328 473 1 330 476
185 166 426 1 167 428
186 119 107 1 121 110
187 61 83 1 63 86
188 131 112 1 133 114
189 171 249 1 173 252
190 104 184 1 107 186
191 308 427 1 309 430
192 100 42 1 102 45
193 188 471 1 191 473
194 177 611 1 179 613
195 147 414 1 149 417
196 148 446 1 150 448
197 209 351 1 213 354
198 117 142 1 119 145
199 197 507 1 199 509
200 121 73 1 122 76
201 233 521 1 235 524
202 199 579 1 200 581
203 134 131 1 137 133
204 117 31 1 119 33
205 131 98 1 133 101
206 169 468 1 170 471
207 200 109 1 202 111
208 184 228 1 186 230
209 154 101 1 155 104
210 145 122 1 147 125
211 266 566 1 267 568
212 135 156 1 137 158
213 124 484 1 125 486
214 180 510 1 181 512
215 135 399 1 137 401
216 174 227 1 176 229
217 127 196 1 130 197
218 134 461 1 135 464
219 119 129 1 121 131
220 156 429 1 157 431
221 95 54 1 97 57
222 164 82 1 166 84
223 108 77 1 110 79
224 129 364 1 131 366
225 162 227 1 163 229
226 272 554 1 273 557
227 156 117 1 158 119
228 162 404 1 163 407
229 67 519 1 68 521
230 295 421 1 297 423
231 165 312 1 166 314
232 192 384 1 194 386
233 301 403 1 303 405
234 161 447 1 162 449
235 174 582 1 177 584
236 161 240 1 164 243
237 132 419 1 134 422
238 170 72 1 172 74
239 156 391 1 157 393
240 106 436 1 109 439
241 142 344 1 144 346
242 152 68 1 154 70
243 176 453 1 177 455
244 147 243 1 148 246
245 47 565 1 49 567
246 196 374 1 197 376
247 182 248 1 184 250
248 166 415 1 167 417
249 215 96 1 216 98
250 326 439 1 327 442
251 42 393 1 43 395
252 119 61 1 121 64
253 145 389 1 146 391
254 335 484 1 339 490
255 170 153 1 172 155
256 327 462 1 328 465
257 206 368 1 208 371
258 200 78 1 202 80
259 321 364 1 322 366
260 144 145 1 146 147
261 177 128 1 179 131
262 156 379 1 158 382
263 178 465 1 179 467
264 146 507 1 146 509
265 208 461 1 210 463
266 156 57 1 158 59
267 149 473 1 151 475
268 182 535 1 184 538
269 193 567 1 194 570
270 137 196 1 140 198
271 232 213 1 234 215
272 140 79 1 142 81
273 93 91 1 95 92
274 123 459 1 125 460
275 128 181 1 130 183
276 186 141 1 188 144
277 132 165 1 134 168
278 318 343 1 320 346
279 273 260 1 274 263
280 321 412 1 322 414
281 145 379 1 147 381
282 246 325 1 247 327
283 228 82 1 229 84
284 304 126 1 305 129
285 198 470 1 198 472
286 306 211 1 308 213
287 199 590 1 201 592
288 51 92 1 52 95
289 240 269 1 242 271
290 158 458 1 160 460
291 256 254 1 258 256
292 236 376 1 237 378
293 212 59 1 213 61
294 208 473 1 210 475
295 329 450 1 331 453
296 82 82 1 83 85
297 161 205 1 162 208
298 118 51 1 120 53
299 155 127 1 156 130
300 325 483 1 326 485
301 199 88 1 200 90
302 143 575 1 144 577
303 235 257 1 237 260
304 107 63 1 109 66
305 281 319 1 282 321
306 321 319 1 323 322
307 165 323 1 167 325
308 333 262 1 334 265
309 250 231 1 252 234
310 335 412 1 338 414
311 172 117 1 173 119
312 222 474 1 223 476
313 232 463 1 234 466
314 134 497 1 135 499
315 252 78 1 254 81
316 223 47 1 224 50
317 198 482 1 199 484
318 302 438 1 303 440
319 277 292 1 278 294
320 234 386 1 236 389
321 202 229 1 204 232
322 222 124 1 224 127
323 321 272 1 322 274
324 222 609 1 223 611
325 266 436 1 268 438
326 188 445 1 190 447
327 188 591 1 190 594
328 152 80 1 153 83
329 335 331 1 337 334
330 190 152 1 192 153
331 159 250 1 161 252
332 334 35 1 336 37
333 228 184 1 230 186
334 92 159 1 94 162
335 156 413 1 158 416
336 251 242 1 253 244
337 312 439 1 314 442
338 249 363 1 251 365
339 185 91 1 187 93
340 210 590 1 211 593
341 90 27 1 93 28
342 160 40 1 161 42
343 314 139 1 316 141
344 334 81 1 336 84
345 278 275 1 280 278
346 106 53 1 107 56
347 220 507 1 222 509
348 331 235 1 333 238
349 179 528 1 180 530
350 232 404 1 232 407
351 119 97 1 121 100
352 320 400 1 321 403
353 187 124 1 189 127
354 253 155 1 255 158
355 187 582 1 188 584
356 219 449 1 221 451
357 287 239 1 289 241
358 295 310 1 296 312
359 314 292 1 315 297
360 276 195 1 278 199
361 333 273 1 334 275
362 251 176 1 253 178
363 332 349 1 333 352
364 269 247 1 271 249
365 283 119 1 285 120
366 295 323 1 296 325
367 217 81 1 218 84
368 207 393 1 209 395
369 320 428 1 322 430
370 191 435 1 191 437
371 128 223 1 130 226
372 285 260 1 287 263
373 210 242 1 212 245
374 333 428 1 337 427
375 244 311 1 245 313
376 270 217 1 272 219
377 247 352 1 248 354
378 142 69 1 143 71
379 303 299 1 304 302
380 226 160 1 227 162
381 303 369 1 305 372
382 241 415 1 243 418
383 228 65 1 230 68
384 317 32 1 319 35
385 202 565 1 204 568
386 318 180 1 320 182
387 182 545 1 184 547
388 307 329 1 308 331
389 304 255 1 306 258
390 307 416 1 308 418
391 302 137 1 304 139
392 328 194 1 330 196
393 170 557 1 172 559
394 209 599 1 210 602
395 197 446 1 199 447
396 157 508 1 159 510
397 194 603 1 196 605
398 180 498 1 183 500
399 296 342 1 298 345
400 195 363 1 197 365
401 313 354 1 315 356
402 167 593 1 168 596
403 330 392 1 331 394
404 88 249 1 90 252
405 332 359 1 333 361
406 239 298 1 241 301
407 252 419 1 253 422
408 229 298 1 230 300
409 285 418 1 286 420
410 228 570 1 230 572
411 70 398 1 72 400
412 288 397 1 290 400
