0 130 297 1 129 301
1 151 421 1 149 426
2 131 285 1 130 288
3 150 463 1 148 466
4 129 317 1 127 321
5 150 432 1 147 435
6 152 357 1 151 361
7 154 284 1 152 288
8 106 258 1 105 262
9 185 347 1 183 350
10 150 448 1 148 452
11 154 299 1 152 303
12 132 357 1 130 361
13 95 114 1 95 116
14 328 466 1 325 470
15 84 109 1 84 112
16 313 613 1 310 618
17 125 373 1 123 377
18 121 396 1 119 400
19 124 384 1 121 388
20 322 490 1 320 495
21 56 443 1 54 447
22 316 554 1 313 558
23 148 487 1 146 491
24 334 487 1 332 491
25 323 534 1 320 539
26 149 367 1 147 371
27 83 404 1 81 407
28 335 535 1 333 539
29 131 424 1 129 429
30 316 459 1 313 464
31 184 317 1 182 321
32 293 606 1 289 611
33 114 209 1 113 213
34 319 603 1 315 608
35 71 579 1 68 583
36 135 226 1 134 229
37 299 539 1 296 544
38 329 607 1 327 611
39 285 499 1 283 504
40 300 529 1 297 535
41 215 502 1 213 506
42 69 607 1 66 609
43 329 583 1 328 589
44 45 593 1 42 595
45 144 397 1 141 400
46 325 573 1 322 579
47 322 480 1 320 484
48 132 411 1 129 415
49 267 585 1 264 590
50 278 604 1 275 609
51 300 464 1 299 468
52 334 517 1 331 522
53 332 477 1 330 482
54 313 511 1 312 516
55 127 307 1 126 311
56 52 531 1 49 535
57 96 159 1 96 163
58 78 548 1 75 551
59 282 581 1 279 585
60 310 532 1 307 538
61 205 568 1 202 573
62 88 480 1 85 483
63 267 571 1 264 576
64 212 381 1 210 385
65 121 430 1 119 435
66 55 598 1 53 602
67 303 578 1 299 584
68 185 358 1 182 361
69 198 378 1 196 382
70 94 96 1 94 99
71 89 494 1 86 498
72 66 520 1 65 523
73 67 551 1 64 555
74 266 356 1 264 361
75 209 399 1 207 404
76 135 500 1 133 504
77 206 504 1 203 508
78 242 447 1 240 451
79 231 311 1 225 317
80 312 480 1 310 484
81 184 563 1 181 568
82 98 533 1 95 537
83 313 543 1 311 548
84 150 378 1 148 382
85 158 247 1 156 251
86 148 497 1 146 501
87 196 560 1 192 564
88 318 592 1 316 597
89 150 167 1 149 171
90 335 573 1 331 576
91 75 569 1 72 572
92 187 504 1 184 508
93 141 206 1 140 210
94 238 381 1 236 386
95 323 511 1 321 516
96 96 455 1 93 459
97 170 525 1 168 529
98 171 577 1 169 581
99 167 466 1 165 470
100 130 158 1 129 162
101 140 55 1 140 59
102 206 316 1 204 320
103 224 469 1 223 473
104 128 180 1 128 184
105 154 399 1 152 403
106 180 414 1 177 419
107 60 575 1 57 579
108 238 396 1 236 400
109 260 385 1 257 389
110 90 615 1 88 622
111 176 588 1 173 593
112 194 571 1 192 575
113 146 232 1 145 236
114 199 393 1 197 398
115 194 314 1 193 319
116 227 170 1 226 174
117 88 516 1 85 520
118 169 181 1 168 184
119 201 149 1 200 154
120 193 482 1 191 486
121 242 458 1 240 462
122 50 610 1 48 614
123 167 121 1 167 125
124 158 155 1 157 159
125 95 466 1 93 470
126 122 47 1 122 51
127 213 441 1 212 445
128 175 380 1 174 384
129 186 151 1 185 155
130 198 582 1 195 586
131 191 533 1 188 537
132 133 134 1 133 138
133 198 406 1 196 411
134 196 548 1 193 552
135 170 457 1 167 461
136 112 52 1 112 56
137 181 368 1 180 372
138 199 439 1 196 443
139 142 121 1 142 125
140 85 99 1 84 102
141 155 125 1 154 129
142 199 261 1 198 265
143 130 198 1 130 202
144 122 57 1 122 61
145 223 484 1 221 489
146 180 428 1 178 433
147 181 460 1 180 465
148 142 156 1 141 160
149 74 109 1 73 112
150 233 520 1 231 525
151 143 87 1 143 91
152 271 540 1 269 545
153 236 594 1 234 598
154 159 144 1 158 148
155 319 232 1 317 237
156 138 45 1 138 49
157 154 112 1 154 116
158 203 482 1 201 486
159 99 545 1 97 549
160 226 607 1 224 611
161 179 599 1 177 603
162 212 240 1 211 244
163 177 114 1 176 119
164 169 135 1 169 140
165 308 590 1 305 593
166 160 169 1 159 173
167 159 499 1 156 503
168 215 523 1 212 528
169 167 412 1 165 416
170 201 239 1 200 243
171 154 209 1 153 213
172 168 476 1 165 480
173 143 142 1 142 147
174 189 443 1 186 447
175 117 70 1 117 73
176 186 94 1 186 98
177 131 91 1 130 94
178 160 378 1 158 382
179 189 239 1 188 243
180 313 577 1 310 582
181 179 129 1 179 133
182 195 418 1 192 422
183 333 437 1 331 442
184 195 324 1 193 329
185 224 396 1 222 401
186 194 461 1 192 465
187 189 253 1 188 258
188 165 434 1 163 438
189 193 84 1 192 88
190 188 404 1 186 408
191 140 451 1 138 455
192 173 357 1 171 360
193 174 81 1 174 85
194 210 467 1 208 471
195 175 256 1 173 260
196 81 603 1 77 606
197 228 387 1 226 391
198 210 259 1 209 264
199 199 428 1 197 432
200 238 106 1 238 110
201 74 408 1 72 412
202 141 75 1 141 79
203 177 402 1 174 406
204 195 165 1 194 169
205 258 558 1 255 562
206 223 89 1 223 93
207 169 158 1 168 162
208 201 140 1 200 145
209 188 393 1 186 397
210 212 478 1 210 483
211 181 521 1 178 526
212 243 474 1 241 478
213 178 69 1 178 73
214 184 487 1 181 491
215 306 454 1 302 458
216 101 422 1 98 424
217 218 550 1 217 554
218 230 582 1 228 587
219 164 209 1 163 213
220 260 223 1 259 228
221 320 310 1 318 314
222 162 92 1 162 96
223 116 105 1 115 108
224 157 473 1 155 477
225 153 194 1 153 198
226 211 153 1 210 157
227 158 179 1 157 183
228 304 271 1 302 276
229 177 392 1 175 397
230 277 337 1 276 341
231 251 92 1 251 96
232 332 133 1 331 138
233 232 483 1 229 488
234 300 332 1 298 337
235 237 605 1 235 610
236 308 207 1 305 211
237 270 280 1 268 284
238 193 472 1 191 476
239 287 264 1 285 269
240 234 69 1 234 73
241 243 486 1 241 491
242 328 421 1 326 427
243 105 97 1 104 101
244 188 217 1 186 222
245 140 65 1 139 69
246 179 140 1 178 144
247 222 99 1 221 103
248 265 269 1 263 273
249 129 78 1 129 82
250 317 449 1 314 454
251 196 336 1 193 339
252 279 242 1 278 246
253 196 128 1 195 133
254 257 486 1 255 492
255 169 512 1 166 516
256 277 86 1 277 91
257 245 57 1 244 62
258 233 495 1 231 500
259 310 303 1 308 308
260 229 242 1 228 246
261 247 135 1 247 139
262 223 458 1 221 462
263 174 93 1 174 97
264 215 163 1 214 166
265 187 263 1 186 267
266 255 194 1 254 199
267 117 174 1 117 178
268 189 427 1 187 432
269 281 252 1 279 257
270 283 376 1 281 380
271 209 102 1 208 107
272 248 605 1 245 610
273 111 42 1 112 45
274 181 53 1 181 57
275 308 287 1 306 291
276 127 68 1 127 72
277 256 520 1 254 525
278 215 548 1 213 552
279 264 416 1 262 421
280 143 110 1 142 115
281 332 335 1 330 340
282 212 135 1 210 140
283 280 165 1 279 169
284 224 597 1 222 601
285 254 463 1 252 467
286 300 258 1 299 262
287 240 92 1 239 96
288 240 404 1 238 409
289 224 448 1 221 452
290 156 237 1 154 240
291 317 271 1 315 276
292 238 255 1 237 259
293 275 323 1 273 327
294 300 226 1 298 231
295 279 364 1 277 369
296 164 82 1 163 86
297 252 170 1 250 175
298 218 559 1 216 564
299 331 144 1 330 149
300 231 458 1 229 462
301 193 523 1 191 527
302 215 511 1 214 516
303 227 376 1 226 380
304 204 611 1 202 614
305 270 310 1 269 315
306 259 310 1 257 314
307 321 434 1 319 438
308 323 410 1 321 415
