0 125 314 1 125 312
1 146 439 1 146 437
2 127 302 1 126 299
3 144 481 1 145 478
4 124 334 1 123 332
5 145 449 1 144 447
6 147 375 1 147 372
7 149 301 1 148 299
8 101 275 1 101 272
9 44 484 1 45 482
10 180 365 1 179 361
11 144 466 1 144 464
12 149 316 1 148 314
13 127 374 1 126 372
14 92 131 1 91 127
15 325 488 1 324 485
16 81 126 1 79 123
17 120 390 1 119 388
18 115 413 1 115 411
19 119 402 1 118 399
20 319 513 1 319 510
21 50 460 1 50 458
22 142 506 1 142 503
23 313 578 1 312 575
24 332 510 1 332 507
25 321 558 1 320 556
26 144 385 1 143 382
27 322 588 1 321 585
28 77 421 1 77 418
29 332 559 1 332 556
30 126 442 1 126 440
31 313 481 1 312 478
32 179 335 1 178 332
33 155 604 1 155 601
34 110 226 1 109 224
35 296 555 1 296 551
36 63 607 1 62 605
37 131 242 1 130 240
38 331 542 1 331 538
39 298 486 1 297 482
40 281 521 1 281 519
41 209 521 1 210 518
42 327 609 1 327 606
43 277 604 1 277 601
44 139 414 1 137 412
45 322 598 1 322 596
46 178 563 1 178 560
47 319 502 1 319 499
48 145 554 1 145 551
49 127 428 1 125 426
50 302 613 1 304 610
51 263 610 1 263 607
52 76 552 1 74 550
53 37 588 1 37 585
54 329 500 1 329 497
55 310 534 1 311 531
56 70 581 1 70 579
57 122 324 1 122 322
58 44 557 1 44 555
59 93 176 1 92 173
60 41 545 1 41 542
61 306 555 1 307 554
62 199 591 1 199 588
63 46 603 1 46 600
64 60 579 1 59 575
65 263 595 1 263 593
66 207 399 1 207 396
67 116 448 1 115 446
68 299 603 1 298 601
69 180 375 1 179 372
70 193 396 1 192 393
71 91 113 1 90 110
72 58 545 1 59 542
73 261 375 1 261 372
74 80 564 1 80 561
75 204 417 1 204 415
76 129 518 1 129 515
77 200 522 1 199 520
78 237 465 1 237 462
79 308 502 1 309 499
80 178 585 1 178 583
81 91 558 1 91 555
82 310 568 1 311 565
83 145 395 1 145 393
84 153 264 1 152 262
85 142 516 1 142 513
86 190 583 1 189 579
87 80 499 1 80 498
88 146 184 1 145 182
89 332 598 1 331 595
90 66 596 1 67 594
91 181 522 1 181 520
92 136 223 1 136 221
93 248 394 1 247 391
94 233 403 1 233 397
95 320 534 1 320 532
96 89 477 1 89 475
97 164 544 1 164 541
98 161 485 1 162 482
99 126 175 1 125 173
100 166 600 1 166 597
101 137 73 1 136 70
102 156 553 1 157 551
103 202 333 1 200 331
104 219 487 1 220 485
105 124 197 1 124 194
106 149 417 1 148 414
107 174 432 1 174 430
108 233 414 1 233 412
109 255 405 1 254 402
110 171 611 1 170 609
111 188 594 1 189 590
112 141 249 1 141 246
113 194 411 1 193 409
114 189 332 1 189 329
115 223 188 1 222 185
116 278 270 1 276 268
117 80 541 1 80 539
118 164 198 1 164 195
119 197 167 1 196 164
120 188 500 1 188 498
121 237 476 1 237 473
122 309 417 1 308 414
123 318 269 1 317 266
124 163 138 1 163 136
125 154 172 1 153 170
126 89 488 1 88 485
127 119 65 1 118 62
128 208 459 1 209 457
129 170 398 1 170 395
130 182 168 1 181 166
131 220 612 1 220 609
132 193 604 1 192 601
133 185 552 1 184 549
134 130 151 1 129 149
135 192 424 1 192 422
136 190 570 1 190 567
137 164 475 1 164 473
138 109 69 1 107 67
139 176 385 1 176 383
140 194 457 1 193 455
141 139 138 1 138 136
142 81 116 1 80 113
143 151 142 1 150 140
144 195 279 1 194 276
145 126 215 1 126 212
146 119 74 1 117 72
147 218 503 1 218 500
148 174 447 1 174 444
149 176 479 1 177 476
150 138 173 1 137 171
151 70 126 1 69 123
152 228 539 1 228 537
153 140 104 1 138 102
154 267 562 1 267 559
155 231 614 1 231 610
156 155 162 1 154 159
157 316 251 1 315 248
158 135 62 1 134 60
159 151 129 1 150 127
160 198 501 1 198 498
161 208 257 1 207 254
162 174 131 1 172 129
163 165 152 1 164 150
164 156 186 1 155 184
165 153 517 1 152 515
166 210 542 1 209 540
167 162 430 1 162 427
168 197 256 1 196 253
169 149 226 1 149 223
170 162 495 1 161 492
171 139 160 1 138 157
172 183 461 1 183 459
173 114 87 1 112 84
174 183 111 1 182 109
175 127 108 1 126 105
176 155 396 1 155 393
177 185 256 1 184 253
178 310 602 1 310 599
179 175 146 1 175 144
180 190 436 1 189 433
181 330 458 1 330 455
182 190 342 1 189 339
183 220 414 1 219 412
184 199 550 1 200 547
185 189 479 1 189 476
186 185 270 1 184 268
187 159 451 1 159 449
188 189 101 1 188 99
189 183 422 1 182 419
190 134 469 1 134 467
191 168 374 1 167 371
192 171 98 1 170 96
193 205 485 1 204 483
194 171 273 1 169 271
195 326 84 1 325 81
196 223 404 1 222 402
197 205 277 1 205 274
198 194 446 1 193 444
199 235 124 1 234 121
200 68 425 1 68 423
201 138 93 1 137 90
202 171 420 1 171 417
203 191 182 1 190 180
204 253 577 1 252 574
205 219 107 1 218 104
206 165 175 1 163 172
207 197 158 1 196 155
208 183 410 1 182 408
209 207 497 1 207 494
210 175 540 1 174 537
211 238 493 1 238 490
212 174 86 1 173 84
213 178 505 1 178 503
214 302 475 1 300 472
215 95 442 1 94 439
216 213 569 1 213 566
217 225 602 1 225 599
218 160 226 1 159 224
219 256 241 1 255 239
220 317 328 1 316 326
221 159 109 1 158 107
222 112 122 1 111 119
223 151 491 1 151 488
224 149 211 1 148 209
225 207 170 1 206 168
226 154 196 1 152 193
227 301 290 1 299 287
228 172 410 1 171 408
229 273 355 1 272 353
230 248 109 1 247 106
231 330 150 1 329 149
232 227 502 1 225 499
233 296 351 1 296 348
234 304 225 1 302 222
235 266 298 1 265 295
236 187 490 1 187 487
237 283 283 1 282 280
238 230 86 1 230 84
239 237 505 1 238 502
240 325 443 1 324 440
241 101 114 1 100 112
242 183 234 1 182 233
243 136 82 1 135 80
244 175 158 1 174 155
245 218 117 1 217 114
246 261 287 1 260 284
247 126 95 1 124 93
248 313 471 1 312 468
249 191 353 1 190 350
250 275 260 1 275 257
251 192 145 1 191 144
252 251 505 1 252 503
253 163 531 1 163 528
254 274 104 1 273 102
255 241 75 1 240 73
256 228 514 1 228 511
257 306 322 1 305 320
258 225 259 1 224 256
259 243 152 1 243 149
260 218 476 1 217 474
261 171 110 1 170 108
262 211 180 1 210 177
263 182 280 1 182 277
264 251 212 1 250 209
265 113 191 1 112 189
266 183 445 1 183 443
267 278 395 1 278 391
268 205 120 1 204 117
269 108 59 1 107 56
270 177 70 1 176 68
271 304 305 1 303 303
272 123 85 1 122 83
273 251 540 1 251 537
274 259 435 1 259 433
275 138 128 1 137 126
276 328 355 1 328 352
277 208 153 1 206 151
278 276 183 1 275 180
279 249 482 1 249 479
280 297 276 1 296 274
281 236 110 1 235 107
282 219 466 1 218 463
283 151 254 1 150 251
284 314 289 1 313 287
285 234 273 1 234 270
286 271 340 1 270 338
287 296 244 1 295 242
288 275 382 1 274 380
289 160 100 1 159 97
290 248 188 1 247 186
291 213 578 1 213 576
292 329 163 1 328 160
293 226 477 1 226 474
294 187 541 1 188 539
295 210 530 1 211 527
296 266 329 1 265 326
297 254 328 1 254 325
298 317 454 1 317 452
