0 119 311 1 121 312
1 140 436 1 142 438
2 120 299 1 121 300
3 139 478 1 141 479
4 118 331 1 119 333
5 139 447 1 140 448
6 143 298 1 144 299
7 95 272 1 96 273
8 39 482 1 41 484
9 174 361 1 175 362
10 139 463 1 140 465
11 143 313 1 144 314
12 121 372 1 122 373
13 84 127 1 86 128
14 322 487 1 323 489
15 72 123 1 74 124
16 131 552 1 131 554
17 114 388 1 115 389
18 110 411 1 111 412
19 113 399 1 114 400
20 316 513 1 318 515
21 45 459 1 46 460
22 151 610 1 151 612
23 137 503 1 139 504
24 310 579 1 311 581
25 329 510 1 331 512
26 318 559 1 318 562
27 138 382 1 139 383
28 319 589 1 320 591
29 72 418 1 73 419
30 330 560 1 331 562
31 120 439 1 122 441
32 308 480 1 310 482
33 173 332 1 174 332
34 103 223 1 105 224
35 293 556 1 295 557
36 68 559 1 69 560
37 124 239 1 125 241
38 328 542 1 330 544
39 296 607 1 297 607
40 328 476 1 329 478
41 294 485 1 295 486
42 278 520 1 279 522
43 56 615 1 56 616
44 205 518 1 206 519
45 325 611 1 326 612
46 133 412 1 133 413
47 286 599 1 287 601
48 320 600 1 321 602
49 173 560 1 175 562
50 316 502 1 318 504
51 61 604 1 60 606
52 141 552 1 142 553
53 86 524 1 87 525
54 28 596 1 30 597
55 121 426 1 122 427
56 260 612 1 261 614
57 326 500 1 328 501
58 307 535 1 310 537
59 116 321 1 117 322
60 85 173 1 87 174
61 253 375 1 257 373
62 73 542 1 74 543
63 35 563 1 37 564
64 33 550 1 34 552
65 304 556 1 305 559
66 195 591 1 196 592
67 38 610 1 39 612
68 53 585 1 53 585
69 260 597 1 261 599
70 111 445 1 111 447
71 174 372 1 175 373
72 187 392 1 189 394
73 63 591 1 64 591
74 39 597 1 40 599
75 83 110 1 85 111
76 73 569 1 74 570
77 166 612 1 167 614
78 199 414 1 200 415
79 124 515 1 126 517
80 196 519 1 196 521
81 87 601 1 87 602
82 232 462 1 233 463
83 305 502 1 307 504
84 174 586 1 175 588
85 308 569 1 309 571
86 140 393 1 141 394
87 147 261 1 148 262
88 138 513 1 139 514
89 185 583 1 186 584
90 231 444 1 232 445
91 138 181 1 140 183
92 330 600 1 331 603
93 177 520 1 178 521
94 129 220 1 131 221
95 243 395 1 244 396
96 318 535 1 319 537
97 82 479 1 83 481
98 160 541 1 161 543
99 227 610 1 228 612
100 157 482 1 158 483
101 118 172 1 120 173
102 162 601 1 163 602
103 129 69 1 130 70
104 152 550 1 154 553
105 275 599 1 276 600
106 196 330 1 196 331
107 215 484 1 216 486
108 117 194 1 119 195
109 328 466 1 329 468
110 143 414 1 144 415
111 169 429 1 170 431
112 228 410 1 229 412
113 213 452 1 215 453
114 250 403 1 251 405
115 204 446 1 206 447
116 184 594 1 186 595
117 134 246 1 136 247
118 188 408 1 190 410
119 183 329 1 185 330
120 216 184 1 217 185
121 271 266 1 272 268
122 157 195 1 159 196
123 189 163 1 191 165
124 183 497 1 185 499
125 232 473 1 234 474
126 304 414 1 305 416
127 312 265 1 314 267
128 156 134 1 158 136
129 146 169 1 148 170
130 83 490 1 84 491
131 110 61 1 112 62
132 203 456 1 205 458
133 165 395 1 166 396
134 175 164 1 176 166
135 74 502 1 75 503
136 216 609 1 217 610
137 189 604 1 190 606
138 181 549 1 181 550
139 122 148 1 124 149
140 187 421 1 189 423
141 159 472 1 160 474
142 100 66 1 102 67
143 171 382 1 172 384
144 188 454 1 189 456
145 131 135 1 132 136
146 73 113 1 74 114
147 143 138 1 145 140
148 189 275 1 190 276
149 119 212 1 121 213
150 110 71 1 112 72
151 213 500 1 215 501
152 169 444 1 171 445
153 171 476 1 173 478
154 131 170 1 132 171
155 62 123 1 63 124
156 223 537 1 225 538
157 132 100 1 133 102
158 263 561 1 265 563
159 170 547 1 170 549
160 147 158 1 149 159
161 310 247 1 312 249
162 127 59 1 128 60
163 143 126 1 144 127
164 193 497 1 194 499
165 318 284 1 320 286
166 201 253 1 202 255
167 166 127 1 167 130
168 158 149 1 159 151
169 148 183 1 150 184
170 149 514 1 149 517
171 206 539 1 206 541
172 157 427 1 158 428
173 190 252 1 191 254
174 211 113 1 212 114
175 143 223 1 144 224
176 157 492 1 158 494
177 132 156 1 133 158
178 178 458 1 179 460
179 105 83 1 107 85
180 175 108 1 177 109
181 119 105 1 120 106
182 149 393 1 151 394
183 178 253 1 179 254
184 168 143 1 170 144
185 184 433 1 185 434
186 326 457 1 328 458
187 184 338 1 185 340
188 214 411 1 215 412
189 195 547 1 197 548
190 184 476 1 186 477
191 178 267 1 180 269
192 154 449 1 155 450
193 181 97 1 183 99
194 177 419 1 179 420
195 128 466 1 131 468
196 162 371 1 163 372
197 163 94 1 165 96
198 200 482 1 201 484
199 164 270 1 165 272
200 320 78 1 321 80
201 199 273 1 200 275
202 188 443 1 190 445
203 227 119 1 229 121
204 217 401 1 218 403
205 63 422 1 64 424
206 130 89 1 131 90
207 166 417 1 167 418
208 184 178 1 185 180
209 249 575 1 250 576
210 211 102 1 213 104
211 157 172 1 159 173
212 190 154 1 191 156
213 177 407 1 179 409
214 202 494 1 203 495
215 171 537 1 171 539
216 233 489 1 235 491
217 167 83 1 168 84
218 173 502 1 175 504
219 297 474 1 298 476
220 88 444 1 89 443
221 209 566 1 211 567
222 221 599 1 222 601
223 147 565 1 149 566
224 153 223 1 154 224
225 250 238 1 251 239
226 312 326 1 313 327
227 151 106 1 153 107
228 104 119 1 106 119
229 146 488 1 148 489
230 142 208 1 144 210
231 200 166 1 201 168
232 146 193 1 148 194
233 295 286 1 296 288
234 166 407 1 167 408
235 268 352 1 269 354
236 316 458 1 317 459
237 240 105 1 242 106
238 324 146 1 326 148
239 222 499 1 222 500
240 291 348 1 292 350
241 298 221 1 299 222
242 259 294 1 261 296
243 183 487 1 184 488
244 277 279 1 278 281
245 222 82 1 225 84
246 233 502 1 235 504
247 321 441 1 322 443
248 93 111 1 94 113
249 176 231 1 177 233
250 128 78 1 130 80
251 168 154 1 169 155
252 255 283 1 256 285
253 117 92 1 119 93
254 309 470 1 310 471
255 185 350 1 186 351
256 269 256 1 271 258
257 185 142 1 186 144
258 247 502 1 249 504
259 158 528 1 160 529
260 266 99 1 268 101
261 233 70 1 235 72
262 223 511 1 225 512
263 301 319 1 302 321
264 218 255 1 220 257
265 236 148 1 238 149
266 213 473 1 214 475
267 163 107 1 164 108
268 204 176 1 205 177
269 176 277 1 177 278
270 244 208 1 246 210
271 106 188 1 107 190
272 178 443 1 180 444
273 273 392 1 274 393
274 197 116 1 199 117
275 100 55 1 102 56
276 169 66 1 171 68
277 299 303 1 300 304
278 115 82 1 117 83
279 247 537 1 248 538
280 131 124 1 132 126
281 324 353 1 325 354
282 200 149 1 201 151
283 270 179 1 271 180
284 245 479 1 245 480
285 291 273 1 292 274
286 229 105 1 230 107
287 214 463 1 214 464
288 144 251 1 146 252
289 309 286 1 310 288
290 228 270 1 229 270
291 265 337 1 266 339
292 290 241 1 292 242
293 270 379 1 271 381
294 152 96 1 154 97
295 241 184 1 242 186
296 209 575 1 210 577
297 323 158 1 324 159
298 221 474 1 223 475
299 183 538 1 184 540
300 206 527 1 208 528
301 260 326 1 262 327
302 249 324 1 250 326
