0 119 310 1 121 310
1 140 436 1 141 436
2 120 298 1 121 297
3 139 478 1 140 477
4 118 331 1 118 330
5 139 447 1 139 445
6 143 297 1 143 297
7 135 568 1 136 567
8 95 271 1 96 270
9 39 482 1 40 481
10 174 361 1 175 359
11 139 463 1 140 462
12 143 313 1 144 312
13 121 371 1 122 370
14 84 126 1 85 124
15 73 122 1 73 120
16 130 553 1 130 552
17 114 388 1 114 386
18 110 410 1 110 410
19 113 399 1 113 397
20 317 519 1 318 518
21 45 458 1 46 457
22 137 503 1 138 502
23 312 586 1 312 585
24 319 566 1 319 565
25 138 381 1 138 380
26 321 596 1 321 595
27 72 418 1 72 417
28 331 567 1 332 566
29 120 439 1 121 439
30 322 492 1 323 491
31 309 484 1 310 483
32 173 331 1 174 330
33 331 515 1 331 515
34 103 222 1 104 221
35 293 562 1 295 560
36 64 567 1 64 566
37 125 239 1 125 238
38 330 549 1 331 548
39 296 613 1 297 611
40 329 480 1 330 479
41 295 488 1 295 487
42 278 524 1 279 524
43 205 518 1 206 517
44 328 505 1 328 504
45 133 411 1 133 410
46 287 605 1 287 604
47 321 607 1 322 606
48 173 561 1 174 560
49 318 507 1 319 506
50 141 552 1 141 551
51 83 531 1 84 530
52 121 425 1 121 424
53 309 541 1 310 540
54 116 321 1 117 320
55 86 172 1 87 171
56 58 599 1 58 600
57 69 550 1 70 549
58 28 558 1 29 558
59 31 571 1 32 571
60 29 530 1 31 528
61 305 562 1 305 563
62 195 595 1 195 593
63 260 603 1 260 603
64 84 564 1 84 563
65 110 445 1 110 445
66 24 605 1 24 605
67 174 372 1 174 370
68 188 392 1 188 391
69 34 607 1 35 605
70 83 109 1 84 107
71 25 583 1 27 581
72 199 414 1 199 413
73 124 515 1 125 514
74 196 520 1 196 519
75 83 611 1 83 609
76 232 462 1 233 461
77 306 507 1 308 506
78 173 590 1 174 589
79 309 576 1 310 575
80 140 392 1 140 391
81 147 260 1 147 259
82 138 513 1 138 512
83 49 555 1 49 553
84 231 440 1 231 439
85 139 180 1 139 179
86 332 608 1 332 609
87 176 520 1 177 519
88 48 597 1 48 592
89 130 219 1 131 218
90 226 409 1 229 410
91 319 541 1 320 540
92 159 541 1 160 541
93 227 611 1 227 610
94 156 482 1 158 481
95 119 171 1 120 170
96 161 606 1 161 604
97 129 68 1 130 67
98 152 551 1 153 551
99 275 603 1 275 602
100 196 330 1 196 329
101 214 485 1 216 484
102 117 193 1 118 192
103 329 470 1 330 469
104 194 584 1 195 583
105 143 414 1 143 413
106 169 429 1 169 428
107 213 452 1 214 451
108 306 611 1 306 610
109 163 558 1 164 557
110 204 446 1 205 445
111 184 598 1 185 596
112 135 245 1 136 244
113 189 408 1 189 407
114 184 328 1 185 327
115 216 183 1 217 182
116 272 267 1 272 266
117 157 194 1 158 193
118 81 494 1 81 492
119 190 162 1 191 162
120 183 498 1 184 497
121 232 473 1 233 472
122 305 416 1 306 416
123 314 266 1 315 266
124 156 133 1 158 133
125 147 168 1 148 167
126 111 60 1 112 59
127 203 456 1 205 455
128 165 394 1 166 394
129 175 164 1 176 163
130 216 609 1 217 609
131 188 608 1 188 607
132 181 549 1 181 548
133 122 147 1 123 146
134 187 421 1 188 421
135 159 473 1 159 472
136 101 65 1 102 64
137 171 382 1 172 381
138 188 454 1 189 454
139 131 134 1 132 133
140 73 111 1 74 110
141 144 137 1 144 137
142 189 275 1 190 274
143 119 211 1 120 210
144 111 70 1 112 69
145 213 500 1 214 499
146 169 444 1 170 443
147 171 476 1 172 476
148 131 169 1 132 168
149 62 121 1 63 120
150 223 537 1 224 536
151 132 99 1 133 99
152 264 565 1 264 564
153 184 587 1 185 586
154 169 548 1 169 547
155 148 157 1 149 156
156 312 248 1 313 247
157 127 58 1 128 56
158 144 125 1 144 124
159 193 498 1 194 497
160 320 286 1 321 285
161 202 253 1 202 252
162 166 126 1 167 126
163 158 148 1 159 148
164 149 182 1 150 181
165 148 515 1 148 514
166 205 540 1 206 539
167 157 427 1 157 426
168 191 252 1 191 251
169 212 112 1 212 110
170 143 222 1 144 221
171 157 493 1 157 492
172 132 155 1 133 155
173 178 458 1 179 458
174 106 82 1 107 81
175 176 106 1 176 106
176 120 103 1 120 102
177 150 392 1 150 391
178 178 252 1 179 251
179 225 451 1 225 450
180 168 142 1 170 141
181 184 433 1 184 432
182 327 460 1 329 459
183 184 338 1 185 337
184 214 411 1 215 410
185 195 547 1 196 546
186 184 476 1 185 475
187 179 267 1 179 266
188 154 449 1 155 448
189 182 96 1 183 96
190 177 419 1 178 418
191 128 466 1 130 465
192 162 370 1 163 369
193 164 93 1 165 93
194 148 378 1 148 375
195 200 483 1 200 482
196 164 269 1 164 269
197 322 77 1 323 76
198 199 273 1 200 272
199 188 443 1 189 442
200 228 118 1 229 117
201 217 404 1 217 404
202 63 422 1 63 421
203 130 88 1 131 87
204 166 417 1 166 416
205 184 178 1 185 177
206 249 575 1 249 575
207 212 102 1 213 101
208 158 171 1 158 170
209 191 153 1 191 153
210 177 407 1 178 406
211 202 494 1 203 493
212 170 538 1 171 537
213 233 490 1 234 489
214 167 82 1 168 81
215 173 503 1 174 502
216 298 478 1 298 478
217 209 566 1 210 565
218 221 600 1 222 599
219 146 565 1 148 564
220 153 222 1 154 221
221 251 238 1 251 237
222 313 327 1 314 326
223 152 105 1 152 104
224 105 118 1 105 116
225 146 488 1 147 487
226 142 207 1 143 207
227 200 166 1 201 165
228 147 192 1 147 191
229 296 287 1 296 286
230 166 407 1 167 406
231 268 353 1 269 352
232 316 460 1 317 459
233 241 104 1 242 103
234 326 145 1 327 145
235 222 499 1 222 498
236 292 350 1 293 349
237 300 221 1 300 220
238 260 294 1 261 294
239 182 487 1 183 486
240 278 279 1 278 279
241 85 447 1 86 445
242 223 81 1 225 80
243 233 502 1 234 502
244 322 445 1 323 444
245 93 110 1 94 109
246 177 230 1 177 231
247 129 77 1 129 77
248 168 153 1 169 152
249 255 283 1 256 283
250 118 91 1 119 89
251 310 473 1 311 473
252 185 349 1 185 348
253 269 257 1 271 256
254 185 141 1 185 141
255 247 503 1 248 503
256 254 374 1 257 372
257 158 528 1 159 527
258 267 98 1 269 98
259 234 69 1 235 69
260 223 511 1 224 510
261 302 320 1 302 320
262 219 254 1 220 254
263 237 148 1 238 146
264 213 473 1 213 473
265 163 106 1 164 105
266 205 176 1 205 174
267 176 276 1 177 275
268 245 208 1 246 207
269 106 187 1 107 187
270 288 462 1 289 462
271 178 443 1 179 442
272 274 393 1 274 391
273 198 115 1 199 114
274 205 548 1 207 547
275 101 54 1 102 53
276 170 66 1 171 65
277 300 303 1 300 302
278 116 80 1 117 79
279 247 537 1 247 537
280 131 123 1 132 123
281 326 355 1 326 354
282 201 148 1 201 148
283 271 178 1 271 177
284 245 479 1 245 479
285 292 274 1 293 273
286 230 105 1 230 104
287 214 463 1 214 462
288 145 250 1 146 249
289 310 287 1 310 287
290 228 269 1 229 268
291 266 338 1 266 337
292 292 241 1 292 240
293 270 380 1 271 380
294 153 95 1 154 94
295 242 183 1 242 183
296 208 575 1 210 575
297 325 158 1 326 156
298 221 474 1 222 473
299 183 539 1 184 538
300 206 527 1 207 526
301 261 327 1 262 325
302 249 325 1 250 324
