0 122 309 1 122 308
1 142 435 1 142 434
2 123 297 1 122 295
3 141 477 1 142 475
4 120 330 1 120 328
5 141 445 1 140 443
6 145 296 1 145 295
7 136 566 1 136 565
8 97 270 1 97 268
9 41 481 1 41 479
10 177 360 1 176 357
11 141 462 1 141 460
12 145 311 1 145 310
13 123 370 1 123 368
14 87 125 1 87 122
15 75 120 1 75 118
16 132 552 1 131 550
17 116 386 1 115 384
18 112 409 1 112 408
19 115 398 1 114 395
20 319 520 1 320 518
21 46 457 1 47 455
22 139 502 1 139 500
23 314 587 1 313 586
24 321 568 1 320 566
25 140 380 1 140 378
26 323 598 1 322 596
27 74 416 1 74 415
28 334 569 1 334 566
29 122 438 1 122 437
30 324 493 1 325 491
31 311 485 1 312 483
32 176 330 1 175 328
33 333 516 1 333 515
34 297 563 1 296 560
35 106 221 1 106 219
36 127 237 1 127 235
37 332 550 1 332 548
38 332 481 1 332 479
39 297 489 1 296 487
40 280 525 1 280 524
41 206 517 1 207 515
42 330 506 1 330 504
43 135 410 1 134 408
44 289 606 1 288 604
45 323 609 1 323 607
46 175 560 1 175 558
47 320 508 1 320 507
48 143 551 1 142 549
49 84 532 1 84 530
50 123 424 1 122 422
51 63 570 1 64 566
52 311 542 1 311 540
53 119 319 1 118 318
54 70 552 1 69 549
55 88 170 1 89 169
56 58 601 1 57 602
57 28 559 1 28 559
58 30 569 1 30 567
59 30 530 1 30 528
60 307 564 1 307 563
61 196 595 1 196 593
62 262 605 1 261 603
63 85 565 1 85 563
64 112 444 1 112 443
65 84 614 1 82 611
66 24 606 1 23 606
67 176 371 1 176 368
68 48 530 1 47 527
69 190 391 1 189 390
70 34 609 1 34 606
71 86 107 1 86 105
72 90 554 1 89 552
73 25 584 1 27 581
74 201 413 1 201 411
75 126 514 1 126 513
76 198 519 1 197 517
77 93 518 1 93 515
78 234 462 1 234 460
79 309 508 1 309 506
80 174 591 1 174 589
81 311 577 1 311 576
82 142 391 1 141 389
83 149 259 1 149 257
84 139 512 1 139 510
85 49 556 1 49 554
86 233 438 1 233 436
87 141 179 1 141 177
88 334 610 1 334 611
89 178 519 1 178 517
90 132 218 1 133 216
91 228 409 1 230 409
92 321 543 1 321 541
93 161 540 1 161 539
94 228 610 1 228 609
95 158 481 1 159 480
96 121 169 1 122 168
97 162 606 1 162 604
98 132 66 1 132 64
99 153 550 1 154 549
100 276 603 1 276 602
101 198 329 1 197 327
102 216 484 1 217 482
103 120 192 1 120 190
104 332 470 1 331 468
105 196 584 1 196 583
106 145 413 1 145 411
107 171 428 1 171 427
108 215 451 1 215 449
109 307 612 1 307 611
110 165 557 1 164 555
111 206 445 1 206 443
112 137 244 1 137 242
113 191 407 1 190 406
114 186 327 1 186 325
115 219 182 1 219 180
116 274 266 1 274 265
117 160 193 1 160 191
118 82 495 1 81 491
119 193 161 1 193 160
120 185 496 1 185 495
121 234 472 1 234 471
122 307 417 1 307 415
123 317 266 1 317 265
124 159 132 1 160 131
125 149 167 1 150 165
126 114 58 1 114 56
127 205 455 1 206 454
128 167 393 1 167 392
129 178 162 1 178 161
130 217 609 1 217 607
131 190 609 1 189 606
132 183 549 1 181 547
133 125 146 1 125 144
134 186 597 1 186 595
135 189 420 1 189 419
136 161 472 1 160 470
137 104 63 1 104 61
138 173 381 1 173 379
139 190 453 1 190 452
140 134 132 1 134 131
141 76 110 1 76 108
142 146 136 1 146 135
143 191 274 1 191 272
144 122 210 1 122 208
145 114 68 1 114 66
146 215 499 1 215 498
147 171 443 1 171 441
148 173 476 1 173 474
149 134 167 1 134 166
150 65 120 1 65 118
151 225 537 1 225 535
152 135 98 1 135 96
153 265 566 1 265 564
154 185 587 1 185 585
155 171 547 1 170 545
156 150 156 1 151 154
157 315 248 1 315 246
158 130 56 1 130 54
159 146 123 1 146 122
160 195 497 1 195 495
161 323 285 1 323 284
162 204 252 1 204 250
163 169 125 1 169 124
164 161 146 1 161 145
165 151 574 1 150 572
166 151 181 1 152 179
167 150 514 1 149 513
168 207 539 1 206 537
169 159 426 1 159 424
170 193 251 1 193 249
171 214 110 1 214 108
172 145 221 1 146 219
173 159 492 1 158 490
174 135 154 1 135 152
175 180 458 1 180 456
176 109 81 1 109 79
177 178 105 1 179 104
178 122 102 1 122 100
179 152 391 1 152 390
180 181 251 1 181 249
181 255 383 1 255 381
182 227 450 1 227 449
183 171 141 1 172 139
184 186 432 1 186 430
185 329 461 1 330 459
186 186 337 1 186 336
187 216 409 1 216 408
188 235 389 1 234 388
189 196 546 1 197 544
190 186 475 1 186 473
191 181 265 1 181 264
192 156 448 1 156 446
193 185 95 1 185 94
194 179 418 1 179 416
195 131 465 1 131 463
196 164 369 1 164 367
197 166 92 1 167 90
198 150 376 1 149 373
199 202 482 1 202 480
200 167 268 1 166 267
201 325 75 1 326 74
202 202 272 1 202 270
203 191 442 1 190 441
204 231 117 1 231 115
205 219 404 1 218 403
206 65 420 1 65 419
207 133 87 1 133 85
208 168 416 1 167 414
209 187 177 1 187 175
210 250 575 1 250 574
211 215 100 1 216 99
212 160 170 1 160 168
213 193 152 1 193 151
214 179 406 1 179 405
215 204 493 1 204 491
216 172 537 1 171 535
217 235 489 1 235 488
218 170 80 1 170 79
219 175 502 1 175 500
220 301 479 1 300 477
221 210 565 1 211 564
222 222 599 1 222 598
223 148 564 1 149 563
224 156 221 1 156 219
225 253 237 1 253 235
226 316 327 1 316 325
227 154 103 1 155 101
228 107 116 1 107 114
229 148 487 1 148 485
230 145 206 1 145 205
231 203 164 1 203 163
232 149 191 1 149 189
233 299 287 1 298 285
234 168 406 1 168 404
235 271 353 1 270 351
236 319 461 1 319 459
237 244 103 1 244 101
238 329 144 1 330 144
239 224 498 1 223 497
240 294 349 1 294 348
241 303 220 1 302 219
242 263 294 1 262 292
243 184 486 1 184 485
244 281 279 1 280 278
245 86 447 1 86 444
246 226 80 1 227 78
247 235 501 1 235 500
248 324 445 1 324 443
249 96 109 1 96 107
250 179 229 1 179 229
251 132 76 1 132 74
252 171 152 1 171 150
253 258 283 1 257 281
254 121 89 1 121 87
255 313 474 1 312 472
256 187 348 1 187 346
257 272 256 1 273 254
258 188 140 1 188 139
259 249 502 1 249 501
260 256 373 1 258 370
261 160 527 1 160 526
262 271 97 1 271 96
263 237 68 1 237 67
264 225 511 1 225 509
265 305 320 1 304 319
266 221 253 1 222 252
267 240 146 1 240 144
268 214 472 1 215 471
269 166 104 1 166 103
270 207 174 1 207 172
271 178 275 1 179 273
272 248 207 1 248 205
273 109 186 1 109 184
274 291 463 1 290 461
275 180 442 1 180 441
276 276 392 1 276 390
277 200 114 1 201 112
278 207 548 1 208 546
279 103 53 1 104 50
280 173 64 1 173 63
281 303 303 1 302 301
282 119 79 1 119 77
283 248 537 1 248 535
284 134 122 1 134 121
285 328 355 1 328 354
286 203 147 1 203 146
287 274 177 1 274 176
288 247 479 1 246 478
289 295 273 1 295 271
290 232 104 1 233 102
291 216 462 1 215 461
292 147 249 1 147 247
293 313 287 1 312 286
294 231 268 1 231 266
295 268 337 1 268 336
296 294 240 1 294 239
297 273 380 1 272 378
298 155 94 1 156 92
299 244 182 1 244 181
300 210 575 1 210 573
301 328 157 1 328 155
302 223 473 1 223 471
303 184 538 1 185 536
304 207 526 1 208 525
305 263 325 1 263 324
306 252 324 1 252 322
