0 121 267 1 124 265
1 138 395 1 141 393
2 122 254 1 125 252
3 119 288 1 121 286
4 136 405 1 138 403
5 129 539 1 132 537
6 136 435 1 139 435
7 145 254 1 148 253
8 127 526 1 131 525
9 97 226 1 100 225
10 34 437 1 38 436
11 126 549 1 129 547
12 48 439 1 51 437
13 136 422 1 138 420
14 145 270 1 148 268
15 91 77 1 94 75
16 100 467 1 103 465
17 322 606 1 325 604
18 79 72 1 82 70
19 47 449 1 50 447
20 124 512 1 126 510
21 174 318 1 177 317
22 41 414 1 44 412
23 310 581 1 313 579
24 107 368 1 110 366
25 132 462 1 135 460
26 110 355 1 114 354
27 322 595 1 325 594
28 70 372 1 72 371
29 112 345 1 115 343
30 175 289 1 177 287
31 294 566 1 297 564
32 295 555 1 298 553
33 303 598 1 305 597
34 108 176 1 111 175
35 104 549 1 106 547
36 104 528 1 107 525
37 128 194 1 131 192
38 269 597 1 272 595
39 127 567 1 130 565
40 104 539 1 106 537
41 118 398 1 121 396
42 319 514 1 321 512
43 319 554 1 321 552
44 296 472 1 299 469
45 306 559 1 309 557
46 277 509 1 280 507
47 170 531 1 172 530
48 290 594 1 293 592
49 131 369 1 133 367
50 278 587 1 282 585
51 318 564 1 320 562
52 167 521 1 170 519
53 134 511 1 137 509
54 119 383 1 121 381
55 293 530 1 296 528
56 136 338 1 140 337
57 290 576 1 292 574
58 312 590 1 315 588
59 117 277 1 120 275
60 48 556 1 51 554
61 92 124 1 95 123
62 226 602 1 229 600
63 306 536 1 309 534
64 24 546 1 27 543
65 54 531 1 58 529
66 65 529 1 68 527
67 294 517 1 296 516
68 323 462 1 324 461
69 51 570 1 54 568
70 31 615 1 33 612
71 256 599 1 259 597
72 107 403 1 109 402
73 272 554 1 275 552
74 174 331 1 176 328
75 178 585 1 182 585
76 90 59 1 94 57
77 189 533 1 192 531
78 282 609 1 284 607
79 119 474 1 122 472
80 229 426 1 232 424
81 260 611 1 264 609
82 64 539 1 67 537
83 128 577 1 130 574
84 326 574 1 329 572
85 78 544 1 81 543
86 280 598 1 283 596
87 150 217 1 153 215
88 132 472 1 135 470
89 315 494 1 318 492
90 68 562 1 70 560
91 164 571 1 167 569
92 110 464 1 113 462
93 144 135 1 148 133
94 316 541 1 319 539
95 171 480 1 174 478
96 156 596 1 159 594
97 134 174 1 138 173
98 307 465 1 310 464
99 316 503 1 319 501
100 282 552 1 285 551
101 184 613 1 188 610
102 153 502 1 156 500
103 218 574 1 221 572
104 315 524 1 317 522
105 152 444 1 155 441
106 125 125 1 128 123
107 145 511 1 149 510
108 211 447 1 214 445
109 122 147 1 126 145
110 186 564 1 190 562
111 141 372 1 144 371
112 167 389 1 169 387
113 211 414 1 214 412
114 304 609 1 307 607
115 162 606 1 165 604
116 156 518 1 159 516
117 202 408 1 205 405
118 138 200 1 142 199
119 179 534 1 182 532
120 318 482 1 321 480
121 185 287 1 188 285
122 224 141 1 227 139
123 163 150 1 166 148
124 198 118 1 201 116
125 179 458 1 182 456
126 229 437 1 232 435
127 74 534 1 79 532
128 169 592 1 171 590
129 164 88 1 168 85
130 250 615 1 253 613
131 153 123 1 156 121
132 200 478 1 203 477
133 201 418 1 204 416
134 322 585 1 325 583
135 182 119 1 185 117
136 187 382 1 188 381
137 207 572 1 210 570
138 220 424 1 222 422
139 303 255 1 307 253
140 267 584 1 271 582
141 174 510 1 176 508
142 130 100 1 132 98
143 188 586 1 190 585
144 155 433 1 158 432
145 326 449 1 329 447
146 185 415 1 188 414
147 139 87 1 142 85
148 79 62 1 83 60
149 151 91 1 154 89
150 193 232 1 195 231
151 124 165 1 127 164
152 180 525 1 183 522
153 169 341 1 172 339
154 209 463 1 212 461
155 167 405 1 169 403
156 167 437 1 171 436
157 211 602 1 214 600
158 137 123 1 140 121
159 68 72 1 71 70
160 217 501 1 221 499
161 141 51 1 143 49
162 176 568 1 179 566
163 162 508 1 165 506
164 155 111 1 158 109
165 151 78 1 154 76
166 188 459 1 191 457
167 274 484 1 277 483
168 317 320 1 318 319
169 262 545 1 263 544
170 206 211 1 209 209
171 175 81 1 177 79
172 166 103 1 169 101
173 141 534 1 144 532
174 155 137 1 158 135
175 199 501 1 202 499
176 154 386 1 157 384
177 195 210 1 198 208
178 210 586 1 212 584
179 148 178 1 151 176
180 152 454 1 155 452
181 138 109 1 142 107
182 175 419 1 178 418
183 115 33 1 118 31
184 185 60 1 188 58
185 127 55 1 131 53
186 157 537 1 160 535
187 183 209 1 185 207
188 254 348 1 257 346
189 222 414 1 225 412
190 176 97 1 180 94
191 182 394 1 184 392
192 185 297 1 188 295
193 162 614 1 165 612
194 189 508 1 192 506
195 160 338 1 163 336
196 182 225 1 185 223
197 151 409 1 154 407
198 192 50 1 195 48
199 176 379 1 178 377
200 126 425 1 129 423
201 162 328 1 165 326
202 173 47 1 177 45
203 147 335 1 149 333
204 142 476 1 145 473
205 168 227 1 170 225
206 203 232 1 206 230
207 186 404 1 189 402
208 239 74 1 242 71
209 61 376 1 64 375
210 139 39 1 142 37
211 164 376 1 167 374
212 178 432 1 182 430
213 191 134 1 194 132
214 178 600 1 181 598
215 244 468 1 246 466
216 223 56 1 226 54
217 164 126 1 167 124
218 199 109 1 202 107
219 173 612 1 177 609
220 198 456 1 201 453
221 164 498 1 167 496
222 229 454 1 233 452
223 187 554 1 190 552
224 177 35 1 180 32
225 168 464 1 171 462
226 219 584 1 221 582
227 202 528 1 205 526
228 213 563 1 216 561
229 140 525 1 143 523
230 158 178 1 161 177
231 258 199 1 260 197
232 160 57 1 163 55
233 112 69 1 115 67
234 142 447 1 145 445
235 148 163 1 151 161
236 208 122 1 211 120
237 152 147 1 156 145
238 301 588 1 303 586
239 203 538 1 205 535
240 193 442 1 196 441
241 253 60 1 256 56
242 217 462 1 220 460
243 237 35 1 240 32
244 153 527 1 156 525
245 178 448 1 181 446
246 260 247 1 263 245
247 285 246 1 288 244
248 149 560 1 151 558
249 284 53 1 286 51
250 229 466 1 232 464
251 199 585 1 202 583
252 325 376 1 328 375
253 100 61 1 103 59
254 181 189 1 184 186
255 139 28 1 141 27
256 175 108 1 179 106
257 269 305 1 272 302
258 126 42 1 129 39
259 232 350 1 234 348
260 275 362 1 278 359
261 186 308 1 188 306
262 247 25 1 250 21
263 231 587 1 233 585
264 194 97 1 196 95
265 283 177 1 286 175
266 222 66 1 225 64
267 152 489 1 155 487
268 302 241 1 305 239
269 219 473 1 221 472
270 224 214 1 227 212
271 176 367 1 179 365
272 210 435 1 212 434
273 173 59 1 176 57
274 212 131 1 215 130
275 300 321 1 303 319
276 252 168 1 256 166
277 111 141 1 114 139
278 167 542 1 170 540
279 175 405 1 179 402
280 266 514 1 269 513
281 272 466 1 275 465
282 315 292 1 318 291
283 200 510 1 203 508
284 152 359 1 155 357
285 201 606 1 203 604
286 164 363 1 167 361
287 124 32 1 128 29
288 242 502 1 244 500
289 139 77 1 142 75
290 209 105 1 212 102
291 142 456 1 145 454
292 241 447 1 244 444
293 311 208 1 314 206
294 210 425 1 213 424
295 162 48 1 165 46
296 270 493 1 273 491
297 250 142 1 253 140
298 312 434 1 315 432
299 217 436 1 221 434
300 177 500 1 180 498
301 201 489 1 204 487
