0 123 259 1 122 260
1 139 387 1 139 389
2 124 246 1 123 247
3 121 280 1 119 281
4 138 398 1 137 398
5 130 531 1 131 532
6 137 428 1 137 430
7 147 246 1 146 248
8 129 519 1 129 520
9 99 218 1 98 219
10 36 430 1 36 431
11 127 542 1 127 543
12 50 432 1 49 433
13 137 414 1 137 415
14 100 475 1 100 476
15 147 262 1 146 263
16 93 69 1 92 69
17 102 459 1 101 460
18 324 603 1 324 604
19 81 64 1 80 65
20 49 441 1 49 442
21 125 504 1 124 505
22 176 310 1 175 312
23 42 406 1 42 407
24 312 578 1 312 579
25 109 361 1 109 362
26 134 455 1 134 455
27 112 347 1 112 349
28 324 593 1 324 593
29 72 364 1 71 366
30 113 337 1 113 338
31 176 282 1 175 282
32 296 562 1 296 563
33 297 552 1 297 552
34 305 596 1 305 596
35 109 168 1 109 169
36 105 542 1 105 542
37 106 520 1 105 521
38 130 186 1 129 187
39 270 592 1 270 593
40 128 559 1 128 560
41 105 532 1 104 533
42 119 391 1 119 391
43 321 510 1 320 511
44 321 551 1 320 551
45 299 467 1 298 466
46 308 556 1 308 556
47 279 504 1 279 505
48 171 524 1 171 525
49 292 591 1 292 591
50 133 362 1 131 363
51 280 583 1 281 583
52 320 561 1 320 562
53 168 514 1 168 515
54 136 504 1 135 505
55 120 376 1 119 377
56 295 526 1 295 526
57 138 331 1 138 332
58 291 572 1 291 573
59 314 587 1 314 588
60 119 269 1 118 270
61 46 554 1 46 556
62 94 116 1 93 117
63 228 595 1 227 595
64 51 538 1 51 539
65 308 533 1 308 533
66 53 528 1 53 530
67 64 527 1 64 527
68 296 513 1 295 515
69 50 569 1 49 569
70 325 457 1 323 458
71 28 614 1 28 615
72 109 396 1 108 397
73 274 549 1 274 549
74 153 568 1 153 568
75 179 580 1 180 582
76 257 597 1 258 597
77 92 50 1 91 51
78 191 526 1 191 526
79 282 595 1 281 595
80 283 606 1 283 606
81 120 466 1 120 467
82 231 419 1 231 419
83 262 608 1 263 608
84 63 537 1 63 538
85 129 569 1 129 570
86 328 572 1 328 572
87 152 209 1 151 210
88 134 465 1 133 465
89 318 489 1 318 490
90 68 559 1 67 559
91 165 567 1 165 566
92 111 456 1 111 457
93 146 127 1 146 128
94 24 543 1 22 544
95 318 538 1 318 538
96 172 473 1 172 474
97 157 591 1 157 592
98 136 166 1 136 167
99 310 460 1 309 461
100 175 322 1 175 323
101 318 499 1 318 500
102 284 547 1 284 549
103 186 608 1 186 608
104 155 495 1 155 495
105 219 566 1 220 567
106 317 520 1 317 521
107 154 436 1 154 437
108 127 116 1 126 117
109 147 504 1 147 505
110 213 440 1 213 441
111 124 139 1 124 140
112 188 560 1 188 560
113 143 365 1 142 366
114 169 381 1 168 382
115 212 407 1 212 407
116 306 606 1 306 607
117 158 510 1 157 511
118 203 400 1 203 401
119 140 192 1 140 194
120 78 542 1 78 542
121 180 526 1 181 527
122 320 478 1 320 478
123 187 279 1 187 280
124 226 133 1 226 134
125 165 142 1 164 143
126 200 110 1 199 111
127 181 451 1 180 452
128 231 429 1 230 430
129 74 531 1 75 532
130 170 587 1 169 588
131 166 79 1 166 80
132 251 611 1 251 612
133 155 115 1 154 115
134 202 471 1 201 472
135 202 411 1 202 411
136 324 583 1 324 583
137 184 111 1 183 112
138 209 565 1 209 566
139 221 416 1 220 417
140 306 247 1 306 248
141 175 503 1 175 504
142 131 92 1 130 93
143 189 581 1 189 582
144 157 426 1 156 427
145 328 444 1 328 444
146 216 344 1 215 345
147 187 408 1 186 409
148 141 79 1 140 79
149 81 53 1 80 54
150 153 83 1 152 84
151 195 225 1 194 225
152 83 505 1 83 506
153 126 157 1 125 159
154 181 517 1 181 518
155 171 334 1 170 334
156 211 455 1 211 456
157 168 397 1 168 398
158 169 430 1 169 431
159 213 595 1 213 595
160 139 115 1 138 116
161 69 63 1 69 64
162 219 493 1 219 494
163 142 43 1 141 44
164 177 563 1 177 564
165 164 501 1 163 501
166 157 103 1 156 104
167 153 70 1 152 70
168 190 451 1 190 452
169 276 478 1 276 480
170 319 314 1 318 315
171 264 540 1 261 542
172 208 203 1 207 204
173 177 73 1 175 74
174 168 95 1 167 95
175 143 527 1 143 527
176 157 129 1 156 130
177 270 579 1 270 580
178 200 494 1 200 495
179 156 378 1 156 379
180 197 202 1 196 202
181 211 578 1 211 579
182 149 170 1 149 170
183 153 446 1 153 447
184 140 101 1 139 102
185 177 412 1 176 413
186 117 25 1 116 25
187 187 52 1 186 52
188 129 46 1 128 47
189 159 529 1 159 530
190 184 202 1 184 202
191 255 341 1 255 342
192 224 407 1 223 407
193 178 88 1 178 89
194 183 387 1 183 387
195 187 290 1 186 290
196 164 601 1 163 601
197 190 501 1 190 501
198 162 331 1 161 331
199 184 217 1 184 218
200 153 402 1 152 403
201 194 42 1 193 42
202 177 372 1 177 372
203 127 417 1 127 418
204 164 320 1 163 321
205 175 38 1 175 39
206 149 328 1 148 328
207 143 469 1 143 469
208 169 219 1 168 220
209 205 224 1 204 224
210 187 397 1 187 398
211 242 65 1 240 66
212 62 369 1 62 370
213 140 30 1 140 31
214 165 369 1 165 370
215 180 425 1 180 425
216 193 126 1 192 127
217 179 594 1 179 595
218 246 461 1 245 461
219 225 48 1 224 48
220 166 117 1 165 118
221 201 101 1 200 102
222 174 606 1 175 606
223 199 449 1 199 449
224 165 491 1 165 491
225 231 447 1 231 447
226 188 549 1 188 550
227 179 26 1 178 26
228 170 456 1 170 457
229 220 577 1 220 577
230 204 521 1 204 521
231 214 556 1 214 556
232 142 517 1 141 518
233 160 170 1 159 171
234 260 191 1 258 192
235 162 49 1 161 49
236 113 60 1 113 61
237 144 439 1 143 440
238 149 155 1 149 156
239 210 114 1 209 114
240 154 139 1 154 139
241 302 585 1 302 586
242 188 375 1 187 376
243 204 530 1 203 531
244 195 435 1 194 436
245 219 455 1 218 456
246 240 25 1 238 26
247 155 520 1 154 521
248 180 441 1 179 441
249 263 240 1 262 240
250 288 238 1 287 239
251 149 555 1 148 555
252 28 565 1 28 565
253 230 459 1 230 460
254 201 578 1 200 579
255 328 371 1 327 371
256 102 53 1 101 53
257 183 181 1 183 181
258 177 100 1 177 100
259 271 298 1 270 298
260 128 33 1 127 33
261 233 343 1 233 343
262 277 356 1 277 354
263 187 301 1 186 301
264 232 580 1 232 580
265 286 169 1 285 169
266 224 57 1 223 58
267 154 481 1 154 482
268 305 234 1 303 234
269 220 466 1 220 468
270 226 206 1 225 207
271 177 359 1 177 360
272 211 428 1 211 429
273 175 50 1 174 51
274 214 123 1 213 124
275 302 314 1 302 315
276 255 160 1 254 160
277 113 133 1 112 134
278 168 534 1 168 535
279 177 397 1 177 398
280 268 510 1 267 510
281 274 460 1 273 461
282 317 286 1 317 286
283 201 503 1 201 503
284 154 351 1 154 352
285 202 599 1 202 599
286 166 356 1 165 356
287 243 495 1 243 495
288 141 69 1 140 69
289 211 97 1 210 97
290 143 448 1 144 450
291 243 439 1 243 439
292 313 201 1 313 201
293 212 418 1 211 419
294 164 40 1 163 40
295 273 487 1 272 488
296 252 134 1 251 135
297 287 45 1 285 45
298 314 428 1 313 428
299 257 49 1 255 50
300 260 587 1 259 588
301 317 276 1 316 276
302 218 429 1 219 430
303 178 493 1 178 493
304 203 481 1 202 482
