0 121 256 1 124 258
1 141 384 1 144 387
2 123 243 1 125 245
3 120 277 1 122 278
4 140 395 1 142 396
5 136 530 1 139 531
6 140 426 1 143 428
7 134 517 1 137 519
8 97 215 1 99 217
9 38 430 1 41 432
10 133 540 1 136 542
11 52 431 1 55 433
12 140 412 1 142 414
13 105 426 1 108 427
14 104 474 1 106 475
15 110 383 1 112 385
16 146 258 1 148 260
17 87 65 1 89 66
18 105 458 1 108 459
19 74 60 1 77 62
20 52 441 1 54 442
21 130 503 1 132 504
22 176 306 1 179 309
23 44 406 1 47 408
24 327 591 1 329 591
25 144 243 1 147 245
26 110 358 1 113 360
27 137 453 1 140 454
28 112 345 1 116 347
29 309 572 1 311 574
30 73 363 1 75 365
31 114 334 1 117 336
32 317 525 1 320 527
33 176 277 1 178 279
34 285 613 1 288 615
35 317 608 1 321 609
36 106 165 1 108 167
37 111 541 1 113 542
38 110 519 1 113 521
39 127 182 1 129 184
40 281 599 1 284 601
41 134 558 1 137 560
42 110 531 1 112 532
43 121 388 1 124 390
44 310 562 1 312 564
45 113 467 1 116 469
46 308 471 1 310 470
47 322 566 1 325 568
48 288 509 1 291 511
49 177 521 1 179 523
50 134 359 1 135 361
51 299 568 1 302 569
52 173 512 1 176 513
53 140 502 1 142 504
54 113 478 1 117 480
55 122 373 1 123 375
56 113 508 1 115 509
57 138 328 1 142 330
58 304 582 1 307 584
59 329 600 1 332 602
60 305 601 1 307 603
61 293 589 1 294 591
62 118 266 1 120 268
63 89 113 1 91 114
64 235 592 1 238 594
65 51 560 1 53 561
66 51 592 1 53 593
67 53 489 1 56 490
68 53 550 1 55 552
69 307 534 1 309 535
70 65 548 1 67 550
71 53 615 1 56 616
72 295 557 1 298 558
73 111 394 1 112 396
74 123 487 1 125 489
75 187 587 1 190 590
76 269 609 1 272 611
77 86 46 1 88 48
78 224 264 1 228 266
79 24 584 1 25 585
80 283 554 1 286 556
81 307 524 1 310 524
82 197 523 1 199 524
83 294 604 1 296 606
84 24 520 1 26 521
85 124 465 1 126 466
86 63 558 1 66 561
87 72 469 1 74 470
88 234 415 1 237 416
89 50 382 1 53 384
90 24 610 1 25 611
91 136 568 1 138 570
92 158 583 1 162 584
93 284 540 1 286 541
94 169 575 1 174 575
95 150 205 1 152 206
96 138 463 1 140 464
97 330 496 1 332 498
98 295 615 1 298 618
99 115 455 1 118 456
100 142 122 1 144 124
101 121 518 1 123 520
102 325 485 1 328 487
103 176 470 1 179 472
104 164 600 1 167 602
105 133 162 1 135 164
106 319 464 1 321 466
107 175 317 1 178 320
108 201 258 1 204 260
109 160 493 1 162 494
110 226 564 1 229 566
111 330 529 1 333 531
112 157 434 1 160 435
113 122 112 1 124 114
114 152 502 1 155 504
115 216 437 1 219 438
116 281 521 1 282 523
117 120 134 1 123 137
118 36 593 1 39 594
119 144 362 1 146 364
120 171 378 1 173 380
121 215 403 1 218 405
122 281 586 1 283 587
123 163 508 1 165 510
124 206 396 1 209 398
125 137 189 1 140 190
126 186 524 1 189 525
127 186 275 1 189 276
128 223 127 1 226 128
129 56 570 1 59 571
130 161 137 1 163 139
131 196 104 1 198 106
132 185 448 1 186 450
133 235 426 1 237 427
134 177 595 1 180 597
135 161 74 1 164 75
136 78 548 1 79 550
137 151 110 1 153 111
138 329 462 1 331 464
139 177 584 1 179 586
140 206 467 1 208 470
141 206 407 1 208 409
142 180 106 1 182 107
143 196 566 1 198 567
144 76 570 1 78 571
145 215 562 1 218 564
146 120 573 1 122 575
147 224 412 1 226 414
148 309 242 1 312 244
149 173 543 1 176 544
150 180 500 1 182 502
151 126 87 1 128 89
152 159 424 1 162 426
153 196 586 1 199 588
154 165 566 1 168 568
155 218 340 1 220 342
156 254 153 1 256 155
157 190 405 1 192 407
158 135 74 1 137 75
159 75 49 1 77 51
160 148 78 1 150 80
161 193 220 1 195 221
162 85 520 1 87 522
163 122 153 1 125 155
164 186 514 1 189 516
165 183 611 1 185 612
166 172 330 1 174 331
167 215 452 1 217 454
168 171 394 1 173 396
169 172 428 1 175 430
170 221 592 1 223 594
171 134 111 1 137 112
172 63 60 1 66 61
173 224 490 1 227 492
174 136 37 1 138 39
175 184 571 1 186 573
176 169 498 1 171 500
177 152 98 1 154 100
178 274 534 1 277 536
179 148 64 1 150 66
180 194 448 1 196 450
181 285 482 1 287 485
182 324 311 1 327 313
183 273 544 1 273 547
184 206 198 1 208 199
185 172 67 1 173 69
186 163 89 1 165 91
187 148 525 1 151 527
188 205 547 1 207 548
189 153 124 1 155 126
190 205 490 1 208 493
191 158 375 1 160 377
192 195 196 1 197 198
193 218 576 1 220 577
194 146 165 1 148 167
195 157 444 1 159 446
196 135 96 1 138 98
197 180 409 1 182 412
198 181 45 1 184 47
199 122 41 1 125 43
200 164 527 1 167 529
201 182 196 1 184 198
202 258 336 1 260 339
203 227 402 1 229 404
204 174 83 1 176 84
205 186 383 1 188 385
206 187 285 1 189 287
207 171 609 1 173 611
208 195 498 1 198 499
209 162 327 1 165 328
210 183 212 1 185 214
211 155 399 1 157 401
212 188 35 1 190 36
213 179 368 1 181 370
214 130 415 1 132 417
215 164 316 1 167 318
216 169 32 1 172 34
217 149 324 1 151 326
218 147 466 1 150 467
219 168 215 1 169 216
220 204 219 1 206 220
221 190 393 1 192 395
222 237 57 1 239 59
223 64 367 1 66 368
224 167 365 1 169 367
225 183 421 1 186 423
226 189 121 1 191 122
227 187 602 1 190 603
228 251 457 1 252 459
229 220 40 1 222 42
230 162 112 1 164 114
231 196 95 1 199 96
232 326 254 1 328 255
233 203 445 1 206 446
234 170 489 1 172 490
235 235 443 1 238 444
236 195 556 1 198 558
237 62 537 1 64 539
238 174 453 1 176 455
239 283 110 1 284 112
240 227 574 1 230 576
241 209 518 1 212 519
242 221 553 1 223 555
243 147 516 1 149 517
244 156 166 1 159 168
245 156 42 1 159 44
246 107 56 1 110 57
247 147 437 1 149 439
248 145 150 1 148 152
249 206 108 1 208 109
250 150 134 1 153 135
251 190 371 1 192 373
252 210 527 1 212 529
253 198 431 1 200 434
254 257 185 1 260 186
255 315 597 1 319 599
256 223 452 1 225 453
257 160 518 1 162 519
258 183 438 1 186 439
259 263 234 1 265 235
260 327 244 1 330 246
261 154 563 1 157 565
262 25 594 1 28 595
263 235 455 1 238 457
264 208 575 1 210 577
265 95 48 1 98 50
266 181 176 1 183 177
267 172 94 1 175 96
268 273 291 1 275 294
269 216 393 1 218 395
270 193 576 1 196 578
271 184 533 1 187 535
272 235 339 1 237 340
273 281 351 1 283 352
274 188 296 1 189 298
275 239 577 1 242 579
276 285 161 1 287 163
277 219 50 1 221 52
278 158 480 1 161 481
279 308 227 1 309 230
280 224 463 1 227 465
281 248 128 1 251 129
282 224 201 1 226 203
283 179 356 1 181 357
284 215 424 1 217 427
285 169 44 1 171 46
286 210 117 1 212 119
287 306 310 1 309 312
288 109 129 1 111 131
289 174 532 1 176 534
290 179 395 1 182 396
291 280 458 1 282 461
292 323 281 1 325 283
293 206 500 1 209 501
294 155 348 1 158 350
295 210 597 1 212 599
296 324 165 1 326 166
297 273 282 1 275 285
298 167 352 1 169 354
299 249 492 1 251 493
300 135 64 1 138 65
301 206 91 1 209 92
302 147 447 1 150 448
303 247 436 1 250 437
304 316 194 1 318 195
305 317 384 1 319 386
306 296 255 1 299 257
307 215 415 1 217 416
308 284 245 1 286 246
309 310 447 1 313 448
310 284 33 1 286 35
311 322 428 1 324 429
312 252 39 1 254 42
313 269 595 1 272 597
314 321 272 1 324 273
315 315 165 1 317 166
316 222 426 1 226 427
317 183 490 1 186 491
318 207 478 1 210 479
