0 122 271 1 124 272
1 144 400 1 145 402
2 124 257 1 124 259
3 121 292 1 122 293
4 143 410 1 143 412
5 140 546 1 142 548
6 144 441 1 145 444
7 61 427 1 62 428
8 139 534 1 140 536
9 103 508 1 104 510
10 97 230 1 98 232
11 41 446 1 42 448
12 138 557 1 139 559
13 55 448 1 56 449
14 143 427 1 144 429
15 109 441 1 110 443
16 108 490 1 108 491
17 113 399 1 113 400
18 147 273 1 148 274
19 85 80 1 86 81
20 109 474 1 110 476
21 73 76 1 74 77
22 55 457 1 56 459
23 134 519 1 134 521
24 178 320 1 179 323
25 47 422 1 48 424
26 146 258 1 147 259
27 112 374 1 114 375
28 141 468 1 142 470
29 141 596 1 141 598
30 115 360 1 116 362
31 319 599 1 320 601
32 319 570 1 320 572
33 76 378 1 76 381
34 116 349 1 117 351
35 327 550 1 328 552
36 178 291 1 178 293
37 106 180 1 107 181
38 315 488 1 316 491
39 115 558 1 116 559
40 115 536 1 116 537
41 127 197 1 128 198
42 139 575 1 140 577
43 115 548 1 115 549
44 124 404 1 125 405
45 313 609 1 315 611
46 117 483 1 118 485
47 320 588 1 321 590
48 333 593 1 334 594
49 296 530 1 297 532
50 182 537 1 182 540
51 137 374 1 136 376
52 308 593 1 310 595
53 293 577 1 293 578
54 178 528 1 179 529
55 145 518 1 145 520
56 304 581 1 305 582
57 117 494 1 119 496
58 125 389 1 124 390
59 117 524 1 118 526
60 140 343 1 142 345
61 95 542 1 97 544
62 53 584 1 53 586
63 177 597 1 178 599
64 314 517 1 315 519
65 119 281 1 120 283
66 88 128 1 89 130
67 242 609 1 242 611
68 51 596 1 51 596
69 53 517 1 54 519
70 289 607 1 289 610
71 64 582 1 65 584
72 316 558 1 317 560
73 292 561 1 292 563
74 326 559 1 327 561
75 166 598 1 167 599
76 326 485 1 328 486
77 227 256 1 228 258
78 114 409 1 114 411
79 126 503 1 128 505
80 193 611 1 195 613
81 84 62 1 85 63
82 226 275 1 227 276
83 334 505 1 335 509
84 316 547 1 317 548
85 202 538 1 203 540
86 84 571 1 85 573
87 128 481 1 129 482
88 239 429 1 240 431
89 53 398 1 54 400
90 63 595 1 64 595
91 141 586 1 141 587
92 151 219 1 151 221
93 142 479 1 142 480
94 86 582 1 87 584
95 302 501 1 303 503
96 74 579 1 74 581
97 305 528 1 306 530
98 119 471 1 120 472
99 141 137 1 143 138
100 125 535 1 126 537
101 180 485 1 182 487
102 133 177 1 134 179
103 178 332 1 179 334
104 85 551 1 86 551
105 202 267 1 203 269
106 164 508 1 165 510
107 232 580 1 233 582
108 161 450 1 162 451
109 121 127 1 122 128
110 156 518 1 157 520
111 221 451 1 222 453
112 288 542 1 288 544
113 120 149 1 121 151
114 187 567 1 188 568
115 147 377 1 147 379
116 174 393 1 174 395
117 219 417 1 220 419
118 167 524 1 168 526
119 210 410 1 211 412
120 138 203 1 139 205
121 191 540 1 192 541
122 188 288 1 189 290
123 57 605 1 57 606
124 161 151 1 162 153
125 195 118 1 196 120
126 189 463 1 189 465
127 239 440 1 239 442
128 278 567 1 279 569
129 160 88 1 161 89
130 150 124 1 151 125
131 199 598 1 200 601
132 183 609 1 183 611
133 210 482 1 211 485
134 209 422 1 210 423
135 179 120 1 180 121
136 202 589 1 202 591
137 77 600 1 78 601
138 221 579 1 223 581
139 125 591 1 126 593
140 228 427 1 228 429
141 312 256 1 314 258
142 178 559 1 179 560
143 185 516 1 186 518
144 125 102 1 126 103
145 279 156 1 280 159
146 163 440 1 164 441
147 202 609 1 203 610
148 220 354 1 221 356
149 254 166 1 255 168
150 193 420 1 194 422
151 134 88 1 135 90
152 73 65 1 74 66
153 146 92 1 148 94
154 194 233 1 194 235
155 122 168 1 123 170
156 192 530 1 193 532
157 174 344 1 175 346
158 219 467 1 220 469
159 174 409 1 174 411
160 176 443 1 177 445
161 227 609 1 227 611
162 133 125 1 135 126
163 61 75 1 63 76
164 229 506 1 230 508
165 134 52 1 135 54
166 190 595 1 191 597
167 173 514 1 174 516
168 151 112 1 152 114
169 282 557 1 283 558
170 146 79 1 148 80
171 198 463 1 199 465
172 292 503 1 293 505
173 330 327 1 331 329
174 207 211 1 207 213
175 170 81 1 171 83
176 162 103 1 163 105
177 153 541 1 154 543
178 210 563 1 211 565
179 152 138 1 153 140
180 287 233 1 287 235
181 210 506 1 211 508
182 290 394 1 291 396
183 196 210 1 196 212
184 224 592 1 225 594
185 146 180 1 147 181
186 160 460 1 161 462
187 134 111 1 136 112
188 183 425 1 184 427
189 180 60 1 181 61
190 121 56 1 122 58
191 169 544 1 170 546
192 183 210 1 184 212
193 261 351 1 262 353
194 231 417 1 232 419
195 172 96 1 174 98
196 189 398 1 189 400
197 189 299 1 189 301
198 200 513 1 201 515
199 165 342 1 166 343
200 183 226 1 184 228
201 158 414 1 159 416
202 186 49 1 187 51
203 182 383 1 183 384
204 133 430 1 134 432
205 167 331 1 167 332
206 167 47 1 169 48
207 151 339 1 152 340
208 268 263 1 269 265
209 151 483 1 152 483
210 168 229 1 169 230
211 204 233 1 205 234
212 193 408 1 194 410
213 236 70 1 237 72
214 66 382 1 67 384
215 170 380 1 171 382
216 187 436 1 188 438
217 189 135 1 190 136
218 308 445 1 308 446
219 255 472 1 255 474
220 218 54 1 219 56
221 161 127 1 162 128
222 195 108 1 197 110
223 330 268 1 331 270
224 207 460 1 208 461
225 175 504 1 175 506
226 240 458 1 241 459
227 62 571 1 62 572
228 177 469 1 179 470
229 283 122 1 283 124
230 233 590 1 234 593
231 214 533 1 215 535
232 226 569 1 228 571
233 151 532 1 152 534
234 156 180 1 158 182
235 155 57 1 156 59
236 106 71 1 107 72
237 150 452 1 151 454
238 145 165 1 147 167
239 205 121 1 206 123
240 150 148 1 151 150
241 193 386 1 193 388
242 215 543 1 215 544
243 202 447 1 203 449
244 258 198 1 260 200
245 227 467 1 228 468
246 326 151 1 327 153
247 165 534 1 165 536
248 187 453 1 188 455
249 265 248 1 266 249
250 332 258 1 333 260
251 159 587 1 160 589
252 239 470 1 241 472
253 213 592 1 214 594
254 93 63 1 95 65
255 181 190 1 182 191
256 281 197 1 282 198
257 172 108 1 173 110
258 276 306 1 277 308
259 219 407 1 220 409
260 189 549 1 191 551
261 238 353 1 239 354
262 285 366 1 286 367
263 189 310 1 190 312
264 246 593 1 246 595
265 286 174 1 287 176
266 218 63 1 218 65
267 162 496 1 163 497
268 284 356 1 284 357
269 311 241 1 311 243
270 229 478 1 230 480
271 248 140 1 250 142
272 317 297 1 318 298
273 182 370 1 183 372
274 219 439 1 219 442
275 167 58 1 168 60
276 210 130 1 210 133
277 311 325 1 312 328
278 108 144 1 109 146
279 179 548 1 180 550
280 182 410 1 184 411
281 285 475 1 286 478
282 327 296 1 328 298
283 211 515 1 212 517
284 157 363 1 159 365
285 216 614 1 217 616
286 327 177 1 328 179
287 275 295 1 276 299
288 169 367 1 171 369
289 254 507 1 255 509
290 134 79 1 135 80
291 205 104 1 206 105
292 151 462 1 152 464
293 252 451 1 253 453
294 319 207 1 320 209
295 323 401 1 323 403
296 299 269 1 300 271
297 219 429 1 220 431
298 286 258 1 287 260
299 317 464 1 318 465
300 283 45 1 284 47
301 328 445 1 329 447
302 251 52 1 251 55
303 326 286 1 327 287
304 316 177 1 318 179
305 226 440 1 228 442
306 188 505 1 189 507
307 211 493 1 213 495
