0 124 272 1 124 274
1 146 402 1 146 403
2 125 259 1 125 260
3 123 294 1 122 294
4 145 412 1 144 413
5 142 549 1 143 550
6 145 443 1 145 445
7 62 429 1 62 430
8 140 536 1 141 537
9 105 510 1 105 512
10 98 232 1 99 233
11 139 559 1 140 561
12 57 450 1 57 451
13 144 429 1 144 430
14 110 443 1 111 445
15 109 492 1 109 493
16 114 401 1 114 402
17 148 274 1 148 275
18 86 82 1 87 82
19 110 476 1 110 477
20 73 77 1 74 78
21 56 459 1 56 460
22 136 522 1 135 522
23 179 322 1 180 324
24 48 424 1 48 425
25 43 449 1 43 450
26 147 260 1 147 260
27 113 376 1 114 377
28 143 470 1 143 471
29 142 599 1 143 600
30 116 362 1 117 363
31 322 603 1 322 605
32 322 574 1 322 576
33 77 380 1 76 382
34 118 351 1 118 353
35 330 554 1 330 555
36 179 293 1 179 294
37 107 182 1 107 183
38 317 491 1 318 494
39 117 560 1 117 561
40 116 538 1 117 539
41 128 199 1 129 199
42 335 598 1 336 599
43 141 577 1 141 578
44 117 550 1 116 551
45 125 406 1 126 406
46 316 614 1 317 615
47 119 485 1 119 486
48 322 592 1 323 594
49 298 534 1 299 535
50 183 539 1 183 541
51 138 376 1 137 377
52 311 597 1 312 598
53 295 580 1 294 581
54 180 530 1 180 531
55 146 521 1 146 522
56 306 584 1 306 585
57 119 496 1 120 498
58 126 390 1 125 392
59 118 526 1 119 527
60 142 344 1 143 346
61 96 546 1 97 548
62 53 591 1 53 592
63 179 601 1 179 603
64 316 520 1 316 522
65 121 283 1 121 284
66 89 130 1 90 131
67 244 611 1 244 612
68 51 603 1 51 602
69 53 522 1 53 523
70 291 611 1 291 613
71 64 588 1 64 590
72 319 562 1 319 563
73 294 564 1 294 566
74 328 563 1 328 565
75 329 488 1 329 489
76 228 256 1 228 258
77 115 411 1 114 413
78 128 505 1 129 507
79 334 513 1 337 512
80 85 64 1 85 64
81 227 276 1 228 277
82 318 551 1 319 552
83 203 541 1 204 542
84 168 601 1 168 602
85 85 577 1 85 578
86 130 483 1 130 484
87 240 431 1 240 433
88 54 400 1 55 401
89 63 601 1 64 601
90 143 588 1 142 589
91 214 615 1 218 617
92 152 221 1 152 222
93 143 481 1 143 481
94 88 587 1 87 589
95 304 504 1 304 506
96 74 584 1 74 587
97 308 531 1 308 533
98 120 473 1 121 474
99 142 138 1 143 140
100 126 537 1 127 538
101 182 488 1 183 489
102 134 178 1 134 180
103 179 334 1 179 336
104 85 555 1 87 556
105 203 267 1 204 268
106 166 510 1 166 512
107 234 583 1 235 584
108 162 452 1 163 453
109 122 129 1 122 130
110 158 521 1 158 522
111 222 453 1 223 455
112 290 545 1 290 547
113 120 151 1 121 153
114 189 569 1 190 570
115 148 379 1 148 380
116 175 395 1 175 396
117 220 419 1 221 421
118 169 527 1 169 528
119 211 412 1 211 414
120 139 205 1 139 206
121 193 542 1 193 543
122 189 290 1 190 292
123 57 611 1 56 612
124 162 153 1 162 154
125 196 119 1 196 121
126 190 465 1 190 466
127 240 442 1 240 443
128 280 570 1 280 572
129 160 90 1 161 90
130 151 126 1 151 126
131 201 602 1 201 604
132 185 612 1 185 614
133 212 484 1 212 486
134 211 423 1 211 425
135 180 121 1 180 122
136 204 593 1 203 594
137 79 605 1 78 606
138 223 581 1 224 583
139 126 593 1 127 594
140 230 429 1 229 431
141 314 258 1 315 259
142 180 561 1 180 562
143 186 518 1 186 520
144 126 104 1 126 105
145 280 158 1 280 160
146 164 442 1 164 443
147 204 613 1 205 613
148 222 356 1 222 357
149 255 167 1 255 169
150 195 422 1 195 423
151 135 90 1 135 91
152 74 67 1 74 68
153 147 94 1 148 95
154 195 235 1 195 236
155 123 170 1 123 171
156 193 532 1 194 534
157 176 346 1 176 347
158 221 469 1 221 471
159 175 411 1 175 412
160 177 445 1 178 446
161 229 612 1 229 613
162 134 127 1 135 128
163 62 77 1 63 78
164 231 508 1 231 509
165 135 54 1 135 55
166 191 599 1 192 600
167 175 516 1 175 518
168 152 114 1 152 115
169 284 561 1 284 562
170 147 80 1 148 82
171 199 465 1 200 466
172 294 506 1 294 508
173 331 329 1 332 331
174 294 248 1 294 249
175 208 213 1 208 214
176 171 83 1 171 84
177 163 105 1 163 106
178 155 544 1 155 545
179 212 565 1 212 566
180 153 140 1 153 141
181 288 235 1 288 237
182 212 508 1 212 510
183 292 396 1 292 398
184 197 212 1 197 213
185 226 594 1 226 596
186 147 181 1 147 183
187 162 462 1 162 464
188 135 112 1 136 114
189 184 426 1 184 428
190 180 61 1 181 62
191 121 57 1 122 59
192 171 546 1 171 547
193 184 212 1 184 213
194 263 353 1 263 354
195 232 419 1 232 420
196 173 98 1 174 99
197 190 400 1 190 401
198 190 301 1 190 302
199 201 515 1 202 516
200 166 343 1 166 344
201 184 228 1 184 229
202 179 571 1 179 572
203 160 416 1 160 418
204 187 50 1 187 52
205 184 385 1 183 386
206 135 432 1 135 434
207 168 333 1 168 333
208 168 48 1 169 49
209 153 341 1 152 342
210 269 265 1 270 266
211 153 485 1 153 485
212 169 230 1 169 231
213 206 234 1 206 235
214 195 410 1 195 411
215 237 71 1 237 72
216 153 581 1 153 582
217 68 384 1 68 385
218 171 382 1 171 383
219 188 438 1 189 439
220 190 136 1 190 137
221 310 447 1 310 448
222 257 474 1 256 475
223 219 55 1 219 57
224 162 128 1 162 129
225 196 110 1 197 111
226 332 270 1 332 271
227 209 462 1 209 463
228 176 506 1 176 507
229 241 459 1 242 461
230 179 471 1 179 472
231 284 123 1 284 125
232 235 593 1 235 594
233 216 535 1 216 536
234 228 571 1 229 573
235 153 534 1 153 535
236 157 182 1 158 183
237 155 58 1 156 60
238 106 73 1 107 73
239 152 454 1 152 455
240 146 166 1 147 168
241 206 123 1 206 124
242 151 150 1 151 151
243 194 388 1 194 389
244 217 545 1 216 546
245 204 449 1 204 450
246 259 200 1 260 201
247 229 469 1 229 470
248 327 152 1 328 154
249 166 536 1 166 537
250 189 455 1 189 456
251 266 249 1 266 250
252 333 260 1 334 261
253 161 591 1 161 592
254 241 472 1 241 474
255 215 594 1 215 596
256 94 65 1 95 66
257 182 191 1 182 192
258 281 198 1 282 199
259 172 110 1 173 111
260 277 308 1 278 309
261 221 409 1 221 410
262 191 551 1 192 553
263 239 354 1 239 355
264 286 368 1 287 368
265 190 312 1 191 313
266 247 595 1 248 597
267 287 176 1 288 177
268 218 65 1 218 66
269 164 498 1 164 499
270 285 357 1 285 358
271 312 243 1 312 245
272 231 480 1 231 482
273 249 142 1 250 143
274 318 298 1 319 299
275 183 372 1 183 373
276 220 441 1 220 443
277 168 60 1 168 61
278 211 132 1 211 134
279 312 327 1 313 329
280 109 146 1 109 147
281 181 551 1 181 552
282 184 412 1 185 412
283 287 477 1 287 480
284 329 298 1 329 300
285 212 517 1 213 518
286 159 365 1 159 366
287 329 178 1 329 180
288 277 298 1 277 300
289 171 369 1 171 370
290 256 509 1 256 510
291 135 80 1 135 81
292 206 106 1 207 106
293 152 464 1 153 466
294 253 453 1 254 455
295 320 209 1 321 210
296 325 403 1 324 405
297 300 271 1 301 272
298 220 431 1 221 432
299 288 260 1 288 261
300 319 466 1 319 467
301 284 47 1 284 47
302 330 448 1 331 449
303 252 53 1 252 56
304 327 288 1 328 289
305 318 178 1 318 180
306 227 442 1 229 443
307 190 507 1 190 509
308 213 495 1 214 496
