0 125 276 1 125 275
1 148 405 1 147 404
2 126 263 1 125 262
3 124 297 1 123 296
4 147 416 1 145 414
5 144 552 1 144 551
6 147 447 1 146 446
7 64 432 1 63 431
8 143 540 1 141 539
9 107 514 1 106 513
10 100 236 1 99 234
11 142 563 1 141 562
12 59 453 1 57 452
13 147 432 1 145 432
14 112 447 1 111 446
15 111 496 1 110 494
16 117 404 1 115 403
17 150 278 1 148 277
18 87 85 1 87 83
19 112 480 1 111 479
20 75 81 1 74 79
21 58 463 1 57 462
22 138 525 1 136 524
23 181 325 1 180 325
24 50 428 1 49 427
25 45 452 1 43 451
26 148 263 1 148 261
27 115 379 1 115 378
28 145 474 1 143 472
29 145 603 1 143 602
30 118 365 1 118 365
31 326 610 1 323 608
32 325 580 1 323 579
33 79 383 1 77 383
34 119 355 1 118 354
35 333 559 1 331 559
36 181 296 1 179 295
37 108 185 1 108 184
38 320 496 1 319 496
39 119 564 1 117 563
40 130 202 1 129 200
41 143 581 1 142 580
42 119 554 1 116 552
43 128 409 1 126 407
44 119 542 1 117 540
45 121 489 1 119 488
46 326 599 1 324 598
47 301 539 1 300 538
48 186 543 1 184 543
49 140 379 1 137 378
50 298 585 1 295 584
51 182 533 1 181 532
52 149 524 1 147 523
53 309 590 1 308 589
54 121 500 1 120 499
55 127 394 1 126 393
56 121 530 1 119 529
57 144 348 1 143 347
58 97 553 1 97 552
59 54 598 1 52 597
60 316 603 1 313 602
61 182 606 1 180 606
62 319 526 1 318 525
63 122 286 1 121 285
64 97 584 1 95 582
65 91 133 1 90 132
66 97 574 1 95 572
67 54 528 1 53 527
68 246 615 1 244 614
69 53 608 1 50 607
70 65 596 1 64 595
71 295 615 1 292 616
72 322 568 1 320 567
73 297 569 1 295 569
74 332 569 1 330 568
75 331 493 1 331 492
76 229 258 1 229 258
77 117 415 1 115 414
78 130 509 1 129 508
79 312 569 1 310 567
80 86 67 1 85 65
81 229 279 1 228 277
82 322 557 1 321 555
83 206 544 1 204 543
84 170 606 1 168 605
85 86 583 1 85 582
86 132 486 1 130 485
87 242 434 1 241 434
88 56 404 1 55 402
89 64 609 1 63 607
90 145 592 1 143 591
91 87 573 1 85 571
92 153 224 1 152 223
93 145 484 1 144 483
94 89 594 1 87 593
95 307 509 1 305 508
96 75 592 1 73 592
97 311 537 1 309 536
98 122 476 1 121 475
99 192 583 1 189 584
100 144 142 1 143 141
101 129 541 1 127 540
102 177 491 1 175 490
103 135 182 1 135 181
104 181 337 1 180 337
105 87 561 1 86 560
106 204 269 1 204 268
107 168 514 1 166 513
108 237 586 1 235 585
109 164 455 1 163 454
110 123 132 1 123 131
111 160 524 1 159 523
112 224 457 1 223 456
113 293 550 1 291 550
114 122 155 1 121 154
115 192 573 1 190 572
116 150 382 1 149 381
117 177 398 1 175 397
118 222 423 1 221 422
119 187 414 1 185 413
120 171 530 1 170 529
121 213 416 1 212 415
122 140 208 1 140 207
123 195 545 1 194 544
124 191 293 1 190 293
125 163 157 1 162 155
126 197 123 1 196 122
127 192 468 1 190 468
128 243 445 1 241 445
129 283 575 1 281 574
130 162 93 1 162 91
131 152 129 1 151 127
132 204 608 1 202 607
133 208 234 1 206 236
134 214 488 1 213 487
135 290 370 1 288 370
136 213 427 1 212 426
137 181 125 1 181 123
138 206 598 1 204 597
139 81 611 1 78 610
140 226 585 1 224 584
141 129 597 1 127 596
142 232 432 1 230 432
143 316 261 1 315 260
144 182 564 1 181 563
145 188 522 1 187 521
146 127 107 1 126 106
147 281 161 1 281 161
148 167 445 1 165 444
149 224 359 1 222 359
150 256 170 1 255 170
151 196 425 1 195 425
152 136 94 1 135 92
153 75 70 1 74 69
154 148 97 1 148 96
155 197 238 1 195 237
156 124 173 1 124 172
157 196 536 1 194 535
158 177 349 1 176 348
159 223 473 1 222 472
160 177 415 1 176 414
161 179 449 1 178 448
162 136 130 1 135 129
163 63 81 1 63 79
164 233 511 1 232 511
165 136 57 1 136 56
166 194 605 1 192 603
167 177 520 1 175 519
168 153 117 1 153 116
169 287 566 1 285 564
170 148 84 1 148 83
171 201 468 1 200 467
172 297 511 1 295 511
173 334 333 1 333 333
174 295 251 1 295 250
175 209 216 1 208 215
176 172 86 1 171 85
177 164 108 1 163 107
178 157 547 1 156 546
179 214 568 1 213 568
180 154 143 1 154 142
181 290 238 1 288 238
182 214 512 1 213 511
183 294 400 1 293 400
184 199 215 1 197 214
185 228 598 1 227 597
186 148 185 1 148 184
187 164 466 1 163 465
188 136 116 1 136 115
189 187 430 1 185 430
190 182 64 1 181 63
191 122 61 1 123 60
192 173 549 1 172 549
193 185 215 1 184 214
194 265 356 1 263 356
195 235 422 1 233 421
196 174 101 1 174 100
197 192 404 1 191 402
198 192 304 1 190 303
199 204 518 1 203 518
200 168 347 1 167 345
201 186 231 1 185 230
202 181 574 1 180 573
203 162 420 1 160 419
204 188 54 1 188 53
205 185 388 1 184 387
206 137 436 1 135 435
207 170 336 1 168 334
208 169 51 1 169 50
209 154 344 1 153 343
210 270 268 1 270 267
211 155 488 1 154 486
212 171 233 1 169 232
213 234 460 1 232 459
214 197 413 1 195 413
215 238 74 1 237 73
216 155 584 1 154 583
217 70 388 1 68 386
218 173 385 1 172 384
219 190 441 1 190 441
220 191 139 1 190 138
221 312 451 1 311 450
222 259 478 1 257 476
223 220 58 1 220 58
224 163 132 1 163 130
225 198 113 1 197 112
226 334 273 1 333 272
227 211 465 1 210 464
228 178 510 1 177 509
229 244 463 1 242 462
230 335 263 1 335 263
231 181 474 1 180 473
232 286 126 1 284 126
233 238 596 1 236 596
234 218 539 1 217 538
235 231 575 1 229 574
236 155 538 1 154 537
237 159 185 1 158 184
238 156 62 1 156 61
239 107 76 1 107 74
240 154 458 1 153 457
241 148 170 1 147 169
242 208 126 1 207 125
243 152 153 1 152 152
244 196 391 1 194 390
245 219 549 1 217 547
246 206 452 1 204 452
247 261 203 1 261 202
248 231 472 1 229 471
249 329 155 1 329 154
250 168 540 1 167 539
251 191 458 1 190 457
252 268 252 1 267 252
253 164 597 1 162 595
254 243 475 1 242 475
255 218 598 1 216 597
256 95 68 1 95 67
257 183 195 1 182 193
258 283 201 1 283 200
259 174 113 1 173 112
260 279 312 1 278 311
261 223 413 1 221 412
262 193 555 1 192 554
263 241 358 1 240 357
264 291 540 1 289 538
265 191 315 1 191 314
266 250 599 1 248 598
267 289 179 1 288 178
268 220 68 1 219 67
269 166 501 1 165 500
270 287 360 1 286 360
271 314 246 1 313 246
272 233 484 1 232 483
273 251 145 1 251 144
274 320 302 1 320 301
275 185 376 1 184 374
276 222 444 1 221 444
277 169 63 1 168 62
278 212 135 1 211 135
279 315 331 1 314 331
280 111 149 1 110 148
281 183 554 1 182 553
282 290 481 1 288 481
283 331 302 1 330 302
284 215 520 1 214 520
285 161 368 1 160 367
286 331 181 1 330 181
287 279 302 1 277 301
288 173 372 1 172 371
289 258 512 1 256 512
290 136 84 1 136 82
291 207 109 1 207 107
292 154 468 1 153 467
293 256 457 1 254 456
294 323 212 1 322 211
295 327 407 1 325 407
296 302 274 1 302 273
297 222 434 1 221 434
298 290 263 1 288 262
299 322 470 1 320 469
300 285 50 1 285 48
301 333 452 1 332 451
302 253 56 1 252 57
303 329 291 1 329 290
304 320 181 1 319 181
305 230 446 1 230 444
306 192 511 1 190 510
307 215 498 1 214 497
