0 126 278 1 97 322
1 148 407 1 119 452
2 125 299 1 95 342
3 147 418 1 117 462
4 146 555 1 116 601
5 148 449 1 119 495
6 127 265 1 98 308
7 143 542 1 114 589
8 108 517 1 78 563
9 101 238 1 72 281
10 142 566 1 113 613
11 147 435 1 118 480
12 113 449 1 84 494
13 112 498 1 82 544
14 117 406 1 87 451
15 82 348 1 52 392
16 88 87 1 59 132
17 113 482 1 83 528
18 75 83 1 47 128
19 59 465 1 29 511
20 138 528 1 109 574
21 130 358 1 101 403
22 182 327 1 153 372
23 51 430 1 20 475
24 150 293 1 121 335
25 149 265 1 120 308
26 116 382 1 87 425
27 145 476 1 116 521
28 145 605 1 116 653
29 118 368 1 90 412
30 328 615 1 295 655
31 326 586 1 295 625
32 79 385 1 49 431
33 124 453 1 95 497
34 120 357 1 91 401
35 117 419 1 87 462
36 119 592 1 89 640
37 125 463 1 94 507
38 334 565 1 303 603
39 109 187 1 80 231
40 321 500 1 291 541
41 120 567 1 90 614
42 123 289 1 94 332
43 143 584 1 115 631
44 119 556 1 89 603
45 128 411 1 99 455
46 119 544 1 90 591
47 181 298 1 152 342
48 327 605 1 296 644
49 131 204 1 102 248
50 186 547 1 157 592
51 140 382 1 110 426
52 299 590 1 268 632
53 183 536 1 154 582
54 149 527 1 120 573
55 310 595 1 280 635
56 122 502 1 93 549
57 127 396 1 98 440
58 121 532 1 92 579
59 144 350 1 116 394
60 97 559 1 63 599
61 53 605 1 15 644
62 332 542 1 300 582
63 317 608 1 285 649
64 145 595 1 116 642
65 182 611 1 151 655
66 320 530 1 290 570
67 97 589 1 62 630
68 91 135 1 63 180
69 54 533 1 18 572
70 94 548 1 59 587
71 307 615 1 276 658
72 64 603 1 27 642
73 323 573 1 292 612
74 298 573 1 267 616
75 333 575 1 302 614
76 64 615 1 26 654
77 333 497 1 302 536
78 131 511 1 102 557
79 52 615 1 13 654
80 313 573 1 282 613
81 302 538 1 271 578
82 87 69 1 58 114
83 146 486 1 117 531
84 323 562 1 292 600
85 206 547 1 178 593
86 232 348 1 203 391
87 170 610 1 139 655
88 132 489 1 103 534
89 87 589 1 51 629
90 86 578 1 51 618
91 154 226 1 125 270
92 177 401 1 148 444
93 89 599 1 54 641
94 308 513 1 277 553
95 312 541 1 281 581
96 123 479 1 94 524
97 192 586 1 163 635
98 144 144 1 115 188
99 129 543 1 100 590
100 177 493 1 148 538
101 187 434 1 158 477
102 181 339 1 153 383
103 86 567 1 52 606
104 206 270 1 183 324
105 165 470 1 136 513
106 238 589 1 210 636
107 124 134 1 95 178
108 161 527 1 132 573
109 225 459 1 197 503
110 123 156 1 94 201
111 192 576 1 164 622
112 151 385 1 121 428
113 223 425 1 194 469
114 187 416 1 158 460
115 207 492 1 178 537
116 126 432 1 96 476
117 172 533 1 143 579
118 214 418 1 185 462
119 141 210 1 112 254
120 196 548 1 168 594
121 191 296 1 163 339
122 164 159 1 134 201
123 198 124 1 168 169
124 243 447 1 214 492
125 284 579 1 254 622
126 193 406 1 164 449
127 163 95 1 134 140
128 153 131 1 124 175
129 204 612 1 174 656
130 215 490 1 186 536
131 290 372 1 260 415
132 182 127 1 152 170
133 207 603 1 176 646
134 227 588 1 198 634
135 129 600 1 100 648
136 232 435 1 203 479
137 317 264 1 286 304
138 182 567 1 154 614
139 189 524 1 160 570
140 282 164 1 251 206
141 167 448 1 138 492
142 262 205 1 232 247
143 165 458 1 136 502
144 225 362 1 195 405
145 197 428 1 168 472
146 137 96 1 108 141
147 76 72 1 47 117
148 149 99 1 120 144
149 198 240 1 168 284
150 125 175 1 96 220
151 196 538 1 168 584
152 122 147 1 92 190
153 178 352 1 149 395
154 224 475 1 195 520
155 109 471 1 79 517
156 216 179 1 211 262
157 178 417 1 149 461
158 180 451 1 151 495
159 315 247 1 283 289
160 136 133 1 108 176
161 64 83 1 36 127
162 234 514 1 206 559
163 137 59 1 108 105
164 194 609 1 163 652
165 178 522 1 149 568
166 154 119 1 125 164
167 288 570 1 258 611
168 149 86 1 120 131
169 201 471 1 174 515
170 298 516 1 267 556
171 296 253 1 265 294
172 210 218 1 180 262
173 173 89 1 143 133
174 165 111 1 136 155
175 157 550 1 129 596
176 215 571 1 187 618
177 155 145 1 126 190
178 290 241 1 259 282
179 214 514 1 186 560
180 295 403 1 265 445
181 200 217 1 169 261
182 229 601 1 201 648
183 149 186 1 120 231
184 137 118 1 108 163
185 182 66 1 153 112
186 123 63 1 95 109
187 174 552 1 145 599
188 265 359 1 236 401
189 236 425 1 206 468
190 135 154 1 106 197
191 175 104 1 146 148
192 193 363 1 164 406
193 192 307 1 163 350
194 205 521 1 176 567
195 169 349 1 140 392
196 187 233 1 157 277
197 182 577 1 153 624
198 162 422 1 133 466
199 223 449 1 194 492
200 188 56 1 159 102
201 186 390 1 157 434
202 137 438 1 108 483
203 170 54 1 141 100
204 155 346 1 125 390
205 156 490 1 127 535
206 172 236 1 142 279
207 220 70 1 190 116
208 234 462 1 205 506
209 198 416 1 169 460
210 239 76 1 208 121
211 156 587 1 127 634
212 287 52 1 253 94
213 174 387 1 145 431
214 184 252 1 156 296
215 191 444 1 163 488
216 192 141 1 162 185
217 313 453 1 283 495
218 221 60 1 191 107
219 164 133 1 135 178
220 198 115 1 168 159
221 211 467 1 183 512
222 179 512 1 150 558
223 244 465 1 216 510
224 152 196 1 123 240
225 182 477 1 153 521
226 238 599 1 210 646
227 219 541 1 191 587
228 132 478 1 104 523
229 231 578 1 204 624
230 156 541 1 127 587
231 160 187 1 131 231
232 233 447 1 203 492
233 157 64 1 128 109
234 108 78 1 80 123
235 148 171 1 120 216
236 208 128 1 179 173
237 153 154 1 124 200
238 196 394 1 167 437
239 220 551 1 191 597
240 206 455 1 177 499
241 311 407 1 281 448
242 220 561 1 191 607
243 231 475 1 203 519
244 292 171 1 259 213
245 331 157 1 297 198
246 169 542 1 140 589
247 192 461 1 163 505
248 269 255 1 238 297
249 244 478 1 216 523
250 218 601 1 190 648
251 334 340 1 304 375
252 96 71 1 68 116
253 284 203 1 253 245
254 174 115 1 146 160
255 280 314 1 250 355
256 194 558 1 166 604
257 241 360 1 213 403
258 317 335 1 285 374
259 292 544 1 261 584
260 192 317 1 164 361
261 251 602 1 223 649
262 213 475 1 184 520
263 290 181 1 259 223
264 167 504 1 138 549
265 288 363 1 258 404
266 234 485 1 205 531
267 251 147 1 222 190
268 322 304 1 290 344
269 186 378 1 157 421
270 169 66 1 140 111
271 213 136 1 183 183
272 260 431 1 232 474
273 111 151 1 82 195
274 183 557 1 155 603
275 290 486 1 261 527
276 333 305 1 300 344
277 216 523 1 188 569
278 161 370 1 133 414
279 332 184 1 298 224
280 280 304 1 249 346
281 173 374 1 145 418
282 137 86 1 108 131
283 328 410 1 297 451
284 248 69 1 217 114
285 303 277 1 272 317
286 223 437 1 194 481
287 290 265 1 259 307
288 313 212 1 280 252
289 323 473 1 293 514
290 253 59 1 222 104
291 331 294 1 299 333
292 192 514 1 164 559
293 216 501 1 188 546
