0 125 277 1 125 274
1 146 406 1 147 404
2 124 298 1 123 295
3 145 417 1 145 414
4 143 554 1 143 551
5 146 448 1 146 446
6 125 264 1 125 261
7 62 433 1 63 431
8 141 542 1 141 539
9 105 516 1 106 513
10 99 237 1 99 234
11 140 565 1 140 562
12 57 455 1 57 452
13 145 434 1 145 432
14 111 449 1 111 446
15 110 497 1 110 495
16 115 406 1 115 403
17 149 279 1 149 276
18 87 86 1 87 82
19 111 481 1 111 479
20 75 82 1 75 78
21 57 464 1 57 462
22 136 527 1 136 524
23 181 327 1 181 325
24 49 429 1 49 427
25 43 454 1 43 451
26 114 435 1 114 432
27 148 264 1 148 261
28 114 381 1 115 378
29 143 476 1 143 472
30 143 605 1 143 602
31 117 367 1 118 364
32 108 532 1 108 529
33 325 588 1 324 585
34 78 384 1 77 383
35 118 356 1 119 354
36 115 418 1 115 414
37 333 567 1 333 564
38 122 462 1 122 459
39 108 186 1 108 183
40 320 502 1 320 500
41 117 566 1 117 563
42 121 288 1 121 285
43 141 583 1 142 580
44 117 556 1 116 553
45 126 411 1 126 407
46 117 543 1 117 541
47 179 297 1 179 295
48 119 491 1 119 488
49 325 607 1 326 604
50 129 202 1 129 200
51 183 546 1 184 543
52 139 381 1 138 378
53 297 591 1 296 588
54 180 535 1 181 533
55 147 526 1 147 523
56 308 597 1 309 594
57 120 502 1 120 499
58 125 395 1 126 393
59 119 532 1 119 529
60 143 349 1 144 347
61 95 561 1 95 558
62 49 608 1 49 605
63 330 544 1 330 541
64 315 610 1 314 607
65 142 594 1 143 591
66 329 520 1 328 516
67 319 532 1 319 529
68 94 591 1 94 589
69 48 534 1 50 533
70 91 134 1 90 131
71 180 613 1 179 610
72 93 582 1 94 579
73 90 549 1 91 547
74 60 606 1 61 604
75 76 498 1 76 495
76 322 575 1 321 572
77 298 566 1 298 563
78 296 576 1 296 573
79 331 577 1 331 573
80 331 498 1 332 495
81 129 510 1 129 508
82 311 575 1 311 573
83 300 539 1 299 536
84 86 68 1 86 65
85 143 485 1 144 483
86 228 278 1 228 275
87 321 564 1 322 560
88 204 546 1 204 543
89 168 612 1 168 609
90 70 603 1 71 600
91 130 488 1 130 485
92 84 591 1 83 588
93 233 256 1 229 255
94 190 470 1 191 467
95 241 437 1 241 434
96 55 405 1 55 402
97 211 251 1 213 248
98 83 580 1 84 577
99 153 225 1 152 222
100 175 400 1 175 397
101 86 601 1 86 598
102 306 515 1 306 512
103 310 542 1 310 540
104 121 478 1 121 475
105 190 586 1 189 584
106 143 143 1 143 140
107 127 542 1 127 540
108 175 492 1 175 490
109 185 433 1 185 430
110 135 183 1 135 180
111 180 338 1 180 336
112 83 569 1 84 566
113 204 268 1 205 265
114 163 469 1 163 465
115 235 589 1 235 586
116 123 133 1 123 130
117 159 527 1 159 524
118 223 459 1 223 456
119 292 556 1 292 553
120 122 155 1 122 153
121 190 575 1 190 572
122 149 384 1 149 381
123 221 425 1 222 422
124 185 415 1 185 413
125 124 431 1 124 428
126 170 532 1 170 529
127 212 418 1 212 415
128 140 209 1 140 207
129 194 547 1 194 545
130 190 295 1 191 292
131 163 158 1 162 154
132 197 124 1 197 121
133 242 447 1 241 445
134 282 581 1 282 578
135 191 405 1 191 402
136 162 94 1 162 91
137 152 130 1 152 127
138 202 613 1 202 610
139 213 490 1 213 488
140 289 372 1 288 371
141 212 429 1 212 426
142 181 126 1 181 122
143 204 604 1 204 600
144 224 587 1 224 585
145 127 599 1 127 596
146 230 435 1 230 432
147 316 264 1 316 261
148 180 566 1 181 564
149 187 524 1 187 521
150 127 108 1 126 105
151 282 163 1 282 160
152 165 447 1 165 444
153 260 204 1 262 201
154 163 457 1 163 454
155 223 361 1 223 359
156 195 427 1 195 425
157 136 95 1 136 91
158 75 71 1 75 68
159 149 98 1 148 95
160 196 239 1 196 237
161 124 174 1 124 172
162 194 538 1 194 535
163 176 351 1 176 348
164 222 475 1 222 472
165 176 417 1 176 414
166 178 450 1 179 448
167 314 247 1 314 245
168 135 131 1 136 128
169 63 82 1 64 78
170 232 514 1 232 511
171 136 58 1 136 55
172 192 610 1 192 607
173 175 522 1 175 519
174 153 118 1 153 115
175 286 572 1 286 568
176 148 85 1 148 82
177 200 470 1 201 467
178 296 517 1 296 514
179 295 253 1 296 251
180 209 217 1 209 215
181 172 88 1 172 84
182 164 110 1 164 106
183 155 549 1 156 547
184 213 571 1 213 568
185 154 145 1 154 142
186 290 241 1 289 238
187 212 514 1 213 511
188 294 403 1 294 401
189 198 216 1 197 213
190 227 600 1 227 597
191 148 185 1 148 183
192 136 117 1 136 114
193 182 65 1 182 62
194 123 61 1 123 59
195 171 552 1 172 549
196 185 216 1 185 214
197 264 359 1 264 356
198 234 424 1 233 421
199 174 103 1 175 99
200 191 306 1 191 303
201 203 521 1 203 518
202 167 348 1 167 345
203 186 232 1 185 229
204 179 577 1 180 574
205 161 422 1 160 419
206 221 448 1 221 445
207 188 55 1 188 52
208 184 390 1 184 387
209 135 438 1 135 435
210 170 53 1 170 50
211 153 346 1 153 343
212 270 270 1 271 268
213 154 490 1 154 486
214 170 235 1 170 232
215 219 68 1 219 66
216 232 462 1 232 459
217 196 415 1 196 413
218 238 76 1 238 73
219 154 586 1 154 584
220 286 51 1 286 47
221 172 387 1 172 384
222 189 443 1 190 441
223 191 140 1 191 137
224 312 454 1 311 452
225 221 59 1 220 57
226 163 133 1 163 130
227 198 114 1 198 111
228 209 467 1 210 464
229 177 512 1 177 509
230 243 465 1 243 463
231 180 476 1 180 473
232 286 128 1 285 126
233 236 599 1 236 596
234 217 541 1 217 538
235 229 578 1 230 575
236 153 540 1 154 537
237 159 186 1 159 183
238 231 446 1 230 445
239 157 63 1 157 60
240 108 77 1 108 74
241 147 170 1 148 168
242 207 128 1 207 124
243 152 153 1 152 151
244 195 393 1 195 390
245 218 551 1 217 548
246 205 454 1 204 452
247 309 407 1 309 405
248 217 560 1 217 557
249 229 474 1 230 471
250 330 157 1 330 154
251 167 541 1 167 539
252 190 460 1 190 458
253 268 254 1 267 252
254 242 478 1 242 475
255 216 601 1 216 598
256 95 70 1 95 66
257 183 196 1 183 192
258 283 203 1 284 200
259 174 114 1 174 111
260 279 314 1 279 311
261 222 414 1 222 412
262 192 557 1 192 555
263 240 359 1 240 357
264 315 335 1 315 332
265 290 545 1 290 542
266 190 316 1 191 314
267 249 602 1 249 599
268 289 181 1 289 178
269 165 503 1 165 501
270 286 362 1 287 360
271 322 213 1 321 210
272 232 485 1 232 483
273 250 146 1 251 143
274 321 305 1 321 302
275 184 377 1 184 374
276 169 65 1 169 61
277 212 135 1 211 134
278 110 150 1 110 147
279 181 557 1 182 554
280 289 486 1 289 483
281 332 305 1 332 303
282 213 522 1 214 520
283 159 370 1 160 367
284 332 184 1 331 182
285 278 304 1 278 302
286 172 374 1 172 371
287 136 85 1 136 81
288 207 110 1 207 107
289 153 470 1 153 467
290 327 411 1 326 409
291 302 277 1 303 274
292 221 437 1 221 434
293 289 265 1 289 263
294 321 474 1 321 471
295 253 58 1 253 56
296 330 294 1 330 291
297 190 513 1 190 510
298 214 501 1 215 498
