0 118 271 1 116 272
1 139 402 1 138 403
2 117 292 1 114 293
3 138 412 1 135 413
4 135 549 1 134 551
5 138 443 1 137 446
6 98 546 1 96 547
7 118 257 1 117 259
8 55 428 1 53 429
9 133 537 1 132 539
10 97 511 1 96 513
11 93 230 1 91 232
12 132 561 1 131 562
13 49 449 1 48 451
14 138 429 1 136 431
15 103 443 1 102 445
16 102 493 1 100 494
17 108 400 1 105 402
18 143 273 1 140 274
19 81 78 1 79 79
20 103 476 1 101 478
21 68 74 1 67 75
22 49 459 1 47 460
23 128 522 1 126 524
24 174 321 1 172 324
25 41 424 1 39 425
26 35 448 1 33 450
27 106 429 1 104 431
28 141 258 1 140 259
29 107 375 1 106 376
30 136 471 1 134 472
31 134 601 1 133 602
32 99 527 1 98 529
33 111 350 1 110 352
34 109 361 1 109 363
35 107 412 1 106 413
36 322 599 1 321 600
37 114 456 1 112 458
38 102 179 1 100 180
39 317 508 1 316 510
40 69 379 1 67 381
41 331 587 1 329 588
42 114 281 1 112 283
43 108 561 1 107 563
44 133 579 1 132 580
45 109 551 1 106 552
46 119 405 1 117 406
47 331 577 1 329 578
48 109 539 1 107 540
49 172 291 1 171 293
50 111 486 1 110 487
51 123 196 1 121 197
52 330 506 1 328 506
53 292 598 1 290 599
54 175 542 1 174 543
55 131 375 1 129 377
56 172 531 1 171 533
57 139 522 1 137 523
58 306 606 1 304 608
59 111 497 1 111 499
60 118 389 1 117 391
61 111 527 1 109 529
62 135 344 1 135 346
63 321 575 1 319 576
64 86 574 1 84 576
65 327 551 1 326 553
66 243 320 1 242 322
67 134 590 1 133 592
68 326 527 1 325 530
69 315 539 1 314 540
70 84 606 1 82 607
71 84 127 1 82 128
72 291 583 1 290 583
73 84 596 1 82 598
74 82 563 1 80 564
75 319 586 1 318 587
76 66 508 1 65 510
77 293 573 1 292 574
78 71 567 1 68 569
79 241 308 1 240 310
80 120 506 1 120 507
81 295 545 1 294 546
82 80 59 1 78 61
83 136 480 1 134 482
84 196 542 1 195 543
85 121 483 1 120 485
86 331 541 1 329 542
87 182 465 1 181 467
88 234 433 1 233 434
89 47 399 1 45 401
90 72 615 1 74 615
91 317 561 1 316 562
92 74 595 1 72 597
93 199 608 1 196 610
94 146 219 1 144 220
95 167 395 1 167 396
96 302 521 1 301 522
97 191 211 1 189 211
98 306 550 1 305 551
99 113 473 1 111 475
100 181 583 1 180 585
101 137 136 1 136 137
102 119 538 1 117 540
103 167 488 1 166 490
104 177 429 1 176 430
105 129 176 1 127 178
106 173 333 1 172 335
107 74 584 1 73 585
108 155 465 1 154 466
109 227 585 1 226 587
110 117 126 1 115 127
111 151 522 1 149 524
112 216 455 1 215 456
113 287 562 1 286 563
114 303 583 1 302 585
115 116 148 1 114 151
116 182 572 1 181 573
117 142 378 1 140 380
118 292 524 1 291 524
119 207 315 1 204 318
120 214 420 1 213 422
121 178 411 1 176 413
122 317 549 1 315 550
123 116 426 1 115 427
124 162 528 1 160 529
125 205 413 1 203 415
126 133 202 1 132 204
127 186 543 1 184 545
128 183 289 1 182 291
129 157 152 1 155 153
130 192 117 1 190 119
131 234 443 1 233 445
132 276 586 1 275 587
133 184 400 1 182 402
134 156 87 1 155 88
135 146 123 1 144 124
136 205 486 1 204 487
137 284 371 1 281 373
138 205 424 1 203 426
139 176 119 1 174 120
140 216 584 1 215 585
141 118 595 1 117 596
142 223 431 1 221 432
143 313 263 1 312 263
144 172 562 1 171 564
145 179 519 1 178 521
146 121 101 1 119 102
147 278 159 1 276 160
148 158 443 1 156 444
149 256 199 1 255 201
150 335 457 1 333 458
151 155 453 1 154 454
152 216 357 1 214 358
153 188 422 1 187 424
154 130 87 1 128 89
155 69 63 1 67 64
156 143 91 1 141 93
157 118 167 1 116 169
158 186 534 1 185 535
159 169 346 1 168 347
160 215 471 1 213 472
161 171 446 1 169 448
162 311 244 1 309 246
163 129 124 1 128 125
164 57 74 1 55 75
165 224 510 1 223 511
166 130 50 1 129 52
167 168 517 1 166 519
168 147 111 1 146 113
169 281 578 1 280 579
170 143 78 1 141 79
171 192 466 1 191 467
172 291 251 1 290 252
173 202 211 1 201 213
174 167 80 1 164 82
175 158 103 1 156 104
176 147 545 1 146 547
177 205 567 1 203 569
178 148 138 1 146 139
179 286 238 1 283 239
180 205 509 1 204 511
181 288 402 1 287 403
182 219 596 1 217 598
183 142 179 1 140 181
184 170 589 1 169 591
185 130 110 1 129 111
186 177 58 1 175 60
187 117 54 1 116 56
188 163 548 1 162 549
189 179 210 1 177 212
190 258 355 1 256 357
191 227 420 1 225 421
192 169 96 1 167 97
193 184 300 1 182 301
194 195 516 1 193 518
195 202 587 1 201 589
196 160 342 1 158 344
197 179 226 1 177 227
198 171 573 1 170 575
199 153 417 1 151 418
200 213 444 1 212 445
201 183 47 1 181 49
202 177 385 1 175 386
203 128 432 1 126 434
204 165 45 1 162 47
205 146 340 1 144 341
206 265 267 1 264 268
207 146 485 1 144 486
208 164 229 1 162 230
209 214 62 1 212 64
210 225 458 1 223 459
211 189 411 1 187 412
212 234 69 1 231 70
213 145 582 1 144 584
214 284 44 1 282 45
215 165 381 1 163 383
216 181 438 1 181 440
217 186 134 1 183 135
218 307 455 1 305 456
219 162 405 1 162 406
220 216 53 1 213 54
221 157 126 1 155 127
222 192 108 1 190 109
223 202 462 1 201 464
224 169 507 1 167 509
225 235 461 1 234 463
226 172 472 1 171 473
227 283 122 1 281 125
228 228 596 1 227 597
229 210 537 1 208 538
230 221 574 1 220 576
231 145 535 1 144 537
232 153 180 1 151 181
233 224 442 1 221 444
234 151 55 1 149 57
235 102 68 1 100 70
236 141 164 1 140 166
237 202 121 1 200 122
238 146 146 1 144 149
239 197 450 1 195 452
240 188 388 1 186 390
241 210 547 1 208 548
242 330 307 1 328 307
243 305 408 1 303 409
244 209 557 1 208 558
245 222 470 1 221 472
246 330 154 1 327 155
247 159 537 1 157 539
248 182 455 1 181 457
249 263 251 1 261 252
250 235 474 1 234 476
251 89 62 1 88 63
252 177 189 1 175 190
253 279 199 1 278 200
254 168 107 1 166 109
255 274 311 1 272 312
256 215 410 1 213 411
257 184 553 1 183 555
258 234 355 1 232 357
259 312 335 1 310 336
260 286 551 1 284 552
261 184 311 1 183 313
262 241 598 1 239 600
263 286 177 1 284 178
264 157 499 1 155 501
265 281 361 1 280 362
266 319 210 1 317 211
267 224 482 1 223 484
268 246 141 1 245 142
269 318 304 1 317 305
270 177 372 1 175 373
271 164 57 1 162 59
272 104 143 1 102 145
273 173 552 1 172 554
274 282 485 1 281 487
275 206 518 1 205 520
276 152 364 1 151 366
277 330 181 1 329 183
278 273 302 1 271 303
279 165 368 1 163 370
280 327 495 1 326 495
281 131 77 1 129 78
282 329 341 1 328 342
283 203 103 1 200 104
284 145 465 1 144 467
285 323 414 1 322 415
286 299 275 1 297 275
287 214 432 1 213 434
288 285 263 1 283 264
289 317 475 1 315 477
290 249 51 1 247 53
291 328 294 1 326 295
292 183 509 1 181 510
293 207 496 1 205 497
