0 107 278 1 109 277
1 127 410 1 130 409
2 105 300 1 107 298
3 126 421 1 128 419
4 123 560 1 125 559
5 126 452 1 129 452
6 85 556 1 87 555
7 107 264 1 110 264
8 42 436 1 45 435
9 121 548 1 123 546
10 85 521 1 87 520
11 82 237 1 84 236
12 120 572 1 122 570
13 37 458 1 39 457
14 126 438 1 128 437
15 91 452 1 93 451
16 89 502 1 91 501
17 96 409 1 97 408
18 132 280 1 133 279
19 71 84 1 73 83
20 91 486 1 93 485
21 58 80 1 60 79
22 36 468 1 38 467
23 116 533 1 118 531
24 163 329 1 165 329
25 28 432 1 30 431
26 94 438 1 96 437
27 130 265 1 133 264
28 95 383 1 98 382
29 124 480 1 126 479
30 57 387 1 59 386
31 87 537 1 89 536
32 122 612 1 124 611
33 99 358 1 102 358
34 98 369 1 101 368
35 95 421 1 98 419
36 325 529 1 326 528
37 335 546 1 339 543
38 102 466 1 104 465
39 91 186 1 93 185
40 311 532 1 313 532
41 95 560 1 98 560
42 85 571 1 87 570
43 103 289 1 105 288
44 95 572 1 98 571
45 121 590 1 123 589
46 107 414 1 109 412
47 326 609 1 328 608
48 333 556 1 335 555
49 96 549 1 98 548
50 279 587 1 281 585
51 162 299 1 164 299
52 99 495 1 101 494
53 298 600 1 300 599
54 112 203 1 115 202
55 323 558 1 324 556
56 164 552 1 166 551
57 120 384 1 121 383
58 332 595 1 335 593
59 161 542 1 163 541
60 127 532 1 129 531
61 67 610 1 69 609
62 99 507 1 102 506
63 106 398 1 109 397
64 315 606 1 317 606
65 98 537 1 101 536
66 124 352 1 127 351
67 321 580 1 324 578
68 233 331 1 235 329
69 55 588 1 57 587
70 310 565 1 312 564
71 121 602 1 124 601
72 211 263 1 214 260
73 74 133 1 76 132
74 50 601 1 53 599
75 62 599 1 65 598
76 283 607 1 285 606
77 291 579 1 293 578
78 311 587 1 313 586
79 322 591 1 324 589
80 296 545 1 298 544
81 231 318 1 234 317
82 215 252 1 217 251
83 108 516 1 111 515
84 310 576 1 312 575
85 298 566 1 300 565
86 288 569 1 290 568
87 70 65 1 72 65
88 124 490 1 126 489
89 185 553 1 187 552
90 110 493 1 112 492
91 326 569 1 328 567
92 192 219 1 194 218
93 170 582 1 172 582
94 170 475 1 174 474
95 223 443 1 226 442
96 34 407 1 37 406
97 136 226 1 138 225
98 156 404 1 159 402
99 190 257 1 192 255
100 101 483 1 103 481
101 170 595 1 171 593
102 127 143 1 129 142
103 106 548 1 108 547
104 156 499 1 158 498
105 166 438 1 169 437
106 118 183 1 120 183
107 54 493 1 56 493
108 162 341 1 164 341
109 143 475 1 146 473
110 216 597 1 218 596
111 273 260 1 275 259
112 107 132 1 109 131
113 139 533 1 141 531
114 205 465 1 207 464
115 322 519 1 324 518
116 332 282 1 333 280
117 105 155 1 107 155
118 130 387 1 132 386
119 284 547 1 287 545
120 196 326 1 198 325
121 203 430 1 206 429
122 167 420 1 169 420
123 104 434 1 106 433
124 150 538 1 152 537
125 194 422 1 196 421
126 123 209 1 125 209
127 174 554 1 176 553
128 173 297 1 176 296
129 147 159 1 148 158
130 182 124 1 184 123
131 224 454 1 226 453
132 268 610 1 270 608
133 172 410 1 175 408
134 147 93 1 149 92
135 136 130 1 138 129
136 194 496 1 196 495
137 274 383 1 276 383
138 193 434 1 196 433
139 166 126 1 168 125
140 194 588 1 197 587
141 205 595 1 207 595
142 105 606 1 108 604
143 212 441 1 214 440
144 306 275 1 309 273
145 160 573 1 163 572
146 111 107 1 112 106
147 270 167 1 272 166
148 146 453 1 148 452
149 328 476 1 330 475
150 143 463 1 146 462
151 205 366 1 208 365
152 177 432 1 179 431
153 120 94 1 122 93
154 59 69 1 61 68
155 133 98 1 135 97
156 269 513 1 272 511
157 107 174 1 109 174
158 174 544 1 177 543
159 158 354 1 161 353
160 203 481 1 206 480
161 159 456 1 162 455
162 304 256 1 306 255
163 119 131 1 122 129
164 46 79 1 49 78
165 213 521 1 215 520
166 121 57 1 123 56
167 156 528 1 158 527
168 137 117 1 139 117
169 273 603 1 276 602
170 133 84 1 135 83
171 181 475 1 184 474
172 283 261 1 286 260
173 157 87 1 158 86
174 148 109 1 150 108
175 135 556 1 137 555
176 193 579 1 195 577
177 138 145 1 140 144
178 277 248 1 279 247
179 193 519 1 196 519
180 279 415 1 281 414
181 169 529 1 170 529
182 207 608 1 209 607
183 132 186 1 134 185
184 158 601 1 160 600
185 120 116 1 122 115
186 268 344 1 270 343
187 167 65 1 169 64
188 107 60 1 110 59
189 152 558 1 154 557
190 168 217 1 170 216
191 248 366 1 250 365
192 216 430 1 217 428
193 159 102 1 161 101
194 250 300 1 252 300
195 174 308 1 175 307
196 183 526 1 186 525
197 190 600 1 193 599
198 149 351 1 151 350
199 169 234 1 171 232
200 159 585 1 161 584
201 142 426 1 144 425
202 202 454 1 205 452
203 174 54 1 176 53
204 166 394 1 168 392
205 116 441 1 118 440
206 155 52 1 157 51
207 135 348 1 137 347
208 256 277 1 259 275
209 134 495 1 136 494
210 154 236 1 155 235
211 205 69 1 207 68
212 214 468 1 216 467
213 177 420 1 179 419
214 225 76 1 227 75
215 133 594 1 135 593
216 153 390 1 156 389
217 170 448 1 173 447
218 298 471 1 300 470
219 151 415 1 154 413
220 207 60 1 208 59
221 147 133 1 149 132
222 183 115 1 185 114
223 190 472 1 193 471
224 157 517 1 159 516
225 225 472 1 227 471
226 161 482 1 163 480
227 275 131 1 277 130
228 217 608 1 219 607
229 198 547 1 200 546
230 210 586 1 212 585
231 133 546 1 135 545
232 142 187 1 144 186
233 212 452 1 214 452
234 141 62 1 143 61
235 92 75 1 94 74
236 131 171 1 133 171
237 192 128 1 194 127
238 136 154 1 138 153
239 186 460 1 188 459
240 177 397 1 178 396
241 305 358 1 307 357
242 199 559 1 200 556
243 324 321 1 326 320
244 296 422 1 299 421
245 198 568 1 200 567
246 211 481 1 213 480
247 280 175 1 281 175
248 147 548 1 149 547
249 171 465 1 173 464
250 253 260 1 255 259
251 224 485 1 226 484
252 80 67 1 81 67
253 167 196 1 169 195
254 271 209 1 273 207
255 158 114 1 160 113
256 265 322 1 267 321
257 204 419 1 206 418
258 172 564 1 175 563
259 223 365 1 226 364
260 304 349 1 307 348
261 278 575 1 280 574
262 174 319 1 176 318
263 258 288 1 260 286
264 230 611 1 231 610
265 278 186 1 280 185
266 145 510 1 147 508
267 272 373 1 274 372
268 313 221 1 315 220
269 213 492 1 215 491
270 312 318 1 314 317
271 166 380 1 168 379
272 154 64 1 156 63
273 94 150 1 95 149
274 161 563 1 164 562
275 195 529 1 197 528
276 141 373 1 144 372
277 325 193 1 328 191
278 264 312 1 266 311
279 153 377 1 156 376
280 120 83 1 123 82
281 323 356 1 325 355
282 193 110 1 194 109
283 133 475 1 136 474
284 315 431 1 319 430
285 291 286 1 293 284
286 203 442 1 205 441
287 276 274 1 279 272
288 308 492 1 311 491
289 241 58 1 243 57
290 322 308 1 324 307
291 171 519 1 173 518
292 196 506 1 198 505
