0 110 277 1 111 277
1 130 409 1 132 409
2 108 298 1 109 298
3 129 420 1 129 419
4 126 559 1 127 559
5 130 451 1 130 452
6 88 555 1 89 555
7 110 263 1 112 263
8 45 435 1 46 435
9 124 547 1 125 546
10 88 520 1 89 520
11 85 236 1 86 235
12 123 571 1 124 570
13 40 457 1 41 456
14 129 437 1 130 437
15 94 451 1 95 451
16 92 501 1 93 501
17 99 408 1 99 407
18 134 279 1 135 279
19 74 83 1 75 82
20 94 485 1 95 484
21 61 78 1 62 78
22 39 467 1 40 466
23 119 532 1 119 531
24 166 328 1 167 328
25 31 431 1 32 431
26 97 437 1 98 437
27 133 264 1 135 263
28 98 382 1 100 382
29 127 479 1 128 478
30 60 386 1 61 386
31 90 536 1 91 536
32 125 611 1 126 611
33 102 357 1 104 357
34 101 368 1 103 368
35 98 420 1 99 419
36 328 529 1 329 530
37 105 465 1 106 464
38 94 184 1 95 184
39 315 533 1 316 533
40 98 559 1 99 560
41 88 570 1 89 570
42 106 288 1 107 287
43 99 571 1 100 571
44 124 589 1 125 588
45 110 413 1 111 412
46 330 610 1 331 610
47 99 548 1 100 548
48 282 587 1 284 587
49 164 297 1 166 298
50 102 494 1 103 494
51 291 602 1 291 601
52 301 601 1 302 601
53 115 201 1 116 201
54 326 559 1 327 558
55 167 551 1 168 551
56 123 383 1 123 382
57 164 541 1 165 540
58 130 531 1 130 531
59 69 612 1 70 612
60 103 506 1 104 505
61 109 397 1 111 397
62 319 608 1 320 608
63 102 536 1 102 536
64 127 351 1 129 351
65 325 581 1 326 580
66 236 330 1 237 329
67 57 590 1 58 590
68 314 565 1 314 565
69 125 601 1 126 601
70 214 261 1 216 259
71 77 132 1 78 131
72 64 601 1 65 601
73 54 604 1 54 601
74 295 580 1 296 580
75 315 588 1 316 588
76 326 592 1 327 592
77 300 545 1 300 545
78 234 317 1 236 316
79 218 249 1 219 249
80 112 515 1 113 514
81 314 577 1 315 577
82 302 567 1 302 567
83 292 570 1 292 570
84 73 64 1 73 64
85 127 489 1 128 489
86 314 598 1 314 597
87 188 552 1 189 551
88 113 492 1 114 491
89 195 218 1 196 217
90 173 582 1 174 582
91 173 474 1 175 474
92 227 442 1 228 442
93 37 406 1 39 406
94 139 225 1 139 224
95 159 402 1 161 402
96 192 254 1 194 254
97 104 482 1 105 481
98 173 594 1 173 593
99 130 141 1 131 141
100 109 547 1 110 547
101 335 281 1 336 280
102 159 498 1 160 497
103 169 437 1 170 437
104 121 182 1 122 182
105 57 493 1 58 492
106 165 340 1 166 340
107 146 474 1 147 473
108 220 597 1 220 596
109 276 259 1 277 258
110 110 131 1 110 131
111 142 532 1 143 531
112 208 464 1 209 464
113 326 520 1 327 520
114 108 154 1 109 154
115 133 386 1 134 385
116 288 547 1 289 546
117 199 325 1 200 325
118 206 429 1 208 429
119 170 419 1 171 420
120 107 433 1 108 433
121 153 537 1 154 537
122 197 421 1 198 421
123 125 208 1 127 208
124 177 553 1 178 552
125 176 296 1 177 296
126 149 158 1 150 157
127 185 123 1 185 123
128 227 453 1 227 453
129 271 610 1 272 610
130 175 409 1 177 408
131 149 92 1 150 91
132 139 129 1 140 128
133 197 495 1 198 494
134 278 382 1 278 383
135 197 432 1 198 432
136 169 124 1 169 124
137 198 587 1 198 586
138 208 595 1 209 595
139 108 605 1 110 604
140 215 440 1 216 439
141 310 274 1 311 273
142 164 572 1 165 572
143 114 106 1 114 105
144 273 166 1 274 165
145 149 452 1 150 451
146 331 476 1 332 476
147 147 462 1 148 461
148 209 365 1 209 365
149 180 431 1 181 431
150 123 92 1 124 92
151 61 67 1 62 67
152 136 96 1 137 96
153 273 512 1 274 512
154 110 173 1 111 173
155 178 543 1 179 543
156 161 353 1 162 352
157 207 480 1 207 480
158 162 455 1 164 455
159 307 255 1 308 255
160 122 130 1 123 129
161 49 78 1 50 77
162 216 520 1 217 520
163 123 55 1 124 55
164 159 526 1 160 526
165 140 116 1 141 116
166 277 604 1 278 604
167 135 83 1 137 82
168 184 474 1 186 474
169 293 230 1 294 230
170 287 260 1 288 260
171 160 86 1 160 85
172 151 108 1 152 107
173 138 555 1 139 554
174 197 577 1 197 577
175 141 143 1 142 143
176 280 246 1 281 246
177 197 518 1 198 519
178 283 415 1 284 414
179 172 528 1 172 529
180 211 607 1 211 607
181 135 185 1 135 185
182 162 600 1 162 600
183 123 115 1 124 115
184 272 343 1 273 343
185 170 63 1 171 63
186 110 59 1 111 59
187 155 557 1 156 557
188 171 216 1 172 216
189 251 365 1 252 365
190 219 429 1 219 428
191 162 101 1 163 100
192 253 299 1 254 299
193 176 307 1 177 306
194 187 525 1 187 525
195 194 599 1 194 598
196 152 349 1 153 349
197 172 232 1 173 232
198 162 584 1 163 583
199 145 425 1 145 425
200 205 453 1 207 452
201 176 53 1 177 52
202 169 393 1 170 392
203 119 440 1 120 440
204 158 50 1 158 50
205 138 347 1 139 347
206 259 275 1 261 275
207 137 494 1 138 493
208 156 235 1 157 234
209 208 67 1 209 67
210 217 467 1 218 467
211 181 419 1 181 418
212 228 74 1 228 74
213 136 593 1 137 593
214 156 389 1 158 389
215 173 447 1 175 446
216 301 471 1 303 470
217 154 414 1 156 413
218 209 58 1 210 58
219 150 131 1 151 131
220 185 114 1 186 113
221 193 471 1 195 471
222 160 516 1 161 516
223 228 471 1 229 471
224 164 481 1 165 480
225 278 130 1 279 130
226 220 607 1 221 607
227 201 546 1 202 546
228 214 585 1 214 585
229 136 545 1 137 545
230 145 186 1 146 185
231 216 451 1 216 452
232 144 60 1 145 60
233 94 73 1 95 73
234 133 170 1 135 170
235 195 126 1 196 126
236 138 152 1 140 152
237 189 459 1 190 459
238 180 396 1 180 396
239 309 357 1 310 357
240 202 558 1 202 555
241 327 321 1 329 320
242 300 422 1 301 421
243 201 567 1 202 567
244 214 480 1 215 479
245 283 174 1 283 174
246 150 547 1 151 546
247 174 464 1 175 464
248 257 259 1 257 259
249 227 484 1 228 484
250 82 66 1 83 66
251 169 195 1 171 194
252 274 207 1 275 206
253 161 113 1 162 112
254 268 321 1 269 320
255 207 418 1 208 418
256 176 563 1 176 563
257 226 364 1 227 363
258 308 348 1 309 348
259 281 576 1 282 576
260 176 318 1 178 318
261 261 286 1 262 286
262 233 610 1 233 610
263 281 185 1 282 184
264 148 509 1 149 508
265 275 372 1 276 372
266 317 220 1 318 219
267 216 491 1 217 491
268 315 317 1 316 317
269 169 379 1 170 379
270 157 62 1 158 62
271 96 148 1 97 148
272 165 562 1 166 562
273 198 528 1 199 528
274 144 372 1 146 371
275 329 192 1 330 191
276 267 311 1 268 311
277 156 376 1 158 375
278 123 82 1 124 82
279 327 355 1 327 355
280 195 109 1 196 108
281 137 474 1 138 473
282 319 431 1 321 430
283 294 285 1 295 284
284 206 441 1 207 441
285 280 272 1 281 272
286 312 492 1 313 492
287 244 56 1 244 56
288 326 307 1 327 307
289 174 518 1 175 517
290 199 505 1 199 505
