0 122 285 1 123 288
1 144 419 1 146 421
2 119 307 1 121 309
3 142 570 1 143 573
4 144 461 1 145 464
5 104 567 1 105 569
6 122 272 1 123 274
7 59 446 1 60 448
8 140 558 1 141 560
9 144 447 1 144 449
10 103 531 1 104 534
11 96 244 1 97 247
12 139 582 1 140 585
13 54 468 1 55 470
14 109 462 1 110 464
15 108 512 1 108 514
16 113 418 1 113 420
17 147 287 1 147 289
18 82 91 1 83 93
19 109 495 1 110 498
20 69 87 1 70 89
21 54 478 1 54 480
22 135 543 1 135 545
23 143 428 1 144 431
24 179 336 1 180 339
25 45 442 1 46 444
26 111 447 1 112 450
27 145 272 1 147 274
28 112 392 1 113 394
29 106 547 1 107 550
30 116 366 1 117 369
31 114 377 1 116 380
32 112 430 1 113 431
33 124 421 1 125 424
34 120 475 1 121 477
35 104 193 1 105 195
36 73 396 1 75 398
37 114 571 1 116 574
38 141 488 1 143 491
39 104 582 1 105 585
40 118 296 1 119 299
41 115 583 1 116 585
42 140 601 1 142 603
43 335 595 1 335 598
44 115 560 1 116 562
45 305 612 1 307 615
46 177 305 1 179 309
47 117 505 1 118 507
48 325 592 1 326 595
49 126 209 1 127 212
50 184 562 1 185 565
51 55 565 1 56 567
52 137 392 1 136 394
53 142 613 1 143 616
54 212 335 1 213 336
55 180 551 1 181 554
56 102 601 1 104 604
57 146 542 1 146 545
58 322 572 1 322 574
59 118 516 1 119 519
60 123 406 1 124 409
61 117 547 1 118 550
62 140 359 1 142 363
63 251 338 1 252 340
64 225 262 1 227 265
65 87 140 1 88 143
66 319 608 1 320 610
67 249 325 1 250 327
68 328 556 1 328 559
69 127 526 1 129 528
70 218 451 1 219 453
71 315 596 1 316 599
72 81 72 1 82 75
73 142 499 1 143 502
74 205 562 1 206 565
75 129 502 1 129 505
76 206 224 1 208 227
77 191 594 1 192 597
78 189 484 1 191 486
79 242 451 1 243 454
80 51 417 1 52 419
81 153 429 1 153 430
82 323 263 1 325 266
83 150 233 1 151 235
84 174 411 1 175 414
85 181 583 1 182 586
86 213 504 1 214 507
87 204 256 1 205 258
88 119 492 1 120 495
89 190 607 1 191 608
90 139 149 1 141 151
91 125 559 1 126 561
92 174 508 1 175 511
93 184 447 1 185 449
94 131 190 1 133 193
95 72 505 1 73 508
96 178 348 1 180 351
97 161 485 1 163 487
98 237 608 1 238 610
99 292 267 1 293 269
100 119 139 1 120 141
101 158 543 1 159 545
102 224 473 1 225 476
103 315 485 1 316 488
104 233 427 1 234 429
105 118 162 1 119 165
106 147 395 1 148 397
107 311 573 1 312 574
108 221 438 1 223 441
109 184 429 1 185 432
110 183 401 1 184 404
111 121 443 1 123 446
112 169 548 1 170 551
113 212 430 1 213 433
114 136 216 1 138 219
115 195 583 1 196 586
116 194 563 1 195 566
117 188 303 1 190 306
118 69 533 1 70 536
119 159 165 1 160 167
120 194 129 1 195 132
121 243 462 1 243 465
122 189 418 1 191 420
123 158 99 1 160 101
124 148 136 1 149 138
125 298 230 1 299 232
126 294 393 1 295 396
127 212 441 1 213 444
128 178 131 1 179 134
129 160 438 1 161 442
130 215 599 1 216 601
131 226 607 1 227 609
132 313 562 1 314 565
133 231 449 1 232 452
134 263 491 1 264 494
135 233 437 1 235 440
136 123 114 1 123 116
137 286 171 1 287 174
138 270 431 1 271 434
139 316 440 1 317 444
140 164 462 1 165 464
141 162 472 1 163 475
142 223 374 1 224 377
143 195 440 1 196 443
144 132 100 1 133 102
145 69 76 1 71 79
146 144 104 1 146 106
147 120 181 1 121 184
148 195 554 1 196 556
149 175 361 1 176 364
150 223 490 1 224 492
151 177 466 1 179 468
152 131 138 1 133 139
153 57 87 1 59 89
154 233 530 1 234 533
155 131 62 1 133 65
156 334 325 1 335 327
157 175 537 1 176 540
158 149 123 1 151 127
159 144 90 1 146 93
160 200 483 1 201 486
161 308 237 1 309 240
162 302 268 1 303 271
163 168 93 1 169 95
164 160 115 1 162 117
165 154 566 1 156 569
166 214 589 1 215 592
167 151 151 1 152 153
168 295 254 1 296 257
169 213 529 1 214 532
170 185 541 1 188 543
171 328 284 1 329 286
172 300 426 1 301 429
173 145 193 1 146 195
174 179 613 1 180 616
175 132 123 1 134 125
176 288 353 1 289 356
177 178 70 1 179 72
178 118 66 1 120 69
179 171 569 1 172 571
180 182 223 1 183 226
181 265 232 1 266 235
182 171 108 1 173 110
183 268 308 1 268 311
184 189 314 1 190 317
185 203 535 1 204 538
186 211 611 1 212 614
187 165 358 1 166 361
188 183 240 1 184 242
189 179 596 1 181 598
190 221 461 1 222 464
191 185 59 1 186 62
192 327 301 1 328 303
193 133 450 1 134 453
194 166 58 1 167 60
195 151 356 1 152 358
196 274 283 1 275 285
197 153 505 1 154 507
198 168 242 1 168 244
199 270 259 1 271 262
200 216 73 1 218 76
201 233 477 1 234 480
202 195 428 1 196 430
203 237 78 1 238 82
204 153 606 1 154 608
205 170 398 1 172 401
206 188 456 1 190 458
207 169 423 1 171 425
208 218 63 1 219 66
209 159 138 1 161 141
210 195 120 1 196 122
211 209 480 1 211 483
212 176 527 1 177 530
213 244 480 1 245 483
214 180 490 1 180 493
215 291 135 1 293 137
216 219 556 1 219 559
217 231 596 1 232 599
218 153 556 1 154 559
219 155 193 1 157 196
220 232 461 1 232 464
221 152 67 1 154 70
222 102 81 1 104 84
223 144 178 1 145 180
224 217 566 1 219 569
225 205 469 1 205 471
226 194 405 1 195 407
227 301 447 1 302 450
228 219 578 1 219 581
229 230 489 1 231 492
230 297 179 1 297 183
231 166 558 1 167 560
232 190 474 1 190 477
233 319 337 1 320 340
234 244 494 1 245 496
235 90 74 1 91 77
236 180 203 1 181 204
237 288 213 1 289 216
238 170 120 1 172 122
239 283 329 1 284 332
240 222 427 1 223 430
241 193 574 1 194 576
242 241 372 1 242 375
243 304 602 1 305 605
244 189 326 1 191 328
245 276 294 1 277 297
246 295 191 1 296 193
247 233 501 1 234 504
248 183 388 1 184 390
249 165 69 1 166 72
250 106 157 1 107 159
251 181 573 1 182 576
252 215 538 1 216 541
253 157 381 1 159 383
254 283 321 1 283 323
255 170 384 1 171 387
256 205 115 1 206 117
257 152 484 1 153 487
258 310 293 1 311 296
259 295 280 1 296 283
260 253 61 1 255 63
261 190 528 1 191 531
262 216 514 1 216 517
