0 115 263 1 99 323
1 134 398 1 122 458
2 112 283 1 97 344
3 128 552 1 119 615
4 133 441 1 121 502
5 89 547 1 80 611
6 116 248 1 99 309
7 126 539 1 117 601
8 133 426 1 120 487
9 90 511 1 79 574
10 90 220 1 73 281
11 125 564 1 116 627
12 97 441 1 85 502
13 94 492 1 83 554
14 102 396 1 88 457
15 69 331 1 53 393
16 80 62 1 59 127
17 96 475 1 85 537
18 66 58 1 46 123
19 121 524 1 111 586
20 133 408 1 120 468
21 118 346 1 103 406
22 171 315 1 156 374
23 33 419 1 20 482
24 139 278 1 123 337
25 139 249 1 123 309
26 102 370 1 88 430
27 92 528 1 81 591
28 131 524 1 122 585
29 107 344 1 92 405
30 102 409 1 89 469
31 113 400 1 100 461
32 108 455 1 96 516
33 100 167 1 82 229
34 100 552 1 90 616
35 130 469 1 119 530
36 47 562 1 37 629
37 39 535 1 29 601
38 89 563 1 80 627
39 126 370 1 112 431
40 123 597 1 115 661
41 111 273 1 95 333
42 100 563 1 91 628
43 126 582 1 117 646
44 78 331 1 63 393
45 63 373 1 50 434
46 101 541 1 91 604
47 99 587 1 91 653
48 171 284 1 155 343
49 122 185 1 103 246
50 170 545 1 161 606
51 40 525 1 29 590
52 133 510 1 122 571
53 205 318 1 189 373
54 167 534 1 158 595
55 87 582 1 78 647
56 224 96 1 209 173
57 321 603 1 307 642
58 105 497 1 94 559
59 104 528 1 93 591
60 132 338 1 118 398
61 84 113 1 64 177
62 245 323 1 228 377
63 114 385 1 100 446
64 137 373 1 124 433
65 271 381 1 255 433
66 223 216 1 207 281
67 269 391 1 254 443
68 233 395 1 219 448
69 190 218 1 177 286
70 129 111 1 109 173
71 151 561 1 142 623
72 202 454 1 191 512
73 243 310 1 226 363
74 308 591 1 293 633
75 223 593 1 216 653
76 175 588 1 167 651
77 208 434 1 196 491
78 130 479 1 119 541
79 308 603 1 293 642
80 212 346 1 197 402
81 191 545 1 183 606
82 223 339 1 208 396
83 113 507 1 104 568
84 252 388 1 238 442
85 203 203 1 184 261
86 176 578 1 168 639
87 178 466 1 168 525
88 143 408 1 129 468
89 335 573 1 323 617
90 169 64 1 145 129
91 145 209 1 127 269
92 164 392 1 151 450
93 112 126 1 93 188
94 167 566 1 158 628
95 310 612 1 297 653
96 195 593 1 188 655
97 201 487 1 191 546
98 140 485 1 129 546
99 107 472 1 95 534
100 43 581 1 34 648
101 137 124 1 117 185
102 239 55 1 214 114
103 212 422 1 200 478
104 162 491 1 152 551
105 174 429 1 161 487
106 171 327 1 156 386
107 214 402 1 200 456
108 152 444 1 140 503
109 149 468 1 138 526
110 96 464 1 85 525
111 117 113 1 96 175
112 226 384 1 211 435
113 145 525 1 135 586
114 214 457 1 202 515
115 309 485 1 296 532
116 224 410 1 211 467
117 114 136 1 94 199
118 164 594 1 157 656
119 90 572 1 81 636
120 126 133 1 107 195
121 174 412 1 162 470
122 174 381 1 160 440
123 111 422 1 98 483
124 156 531 1 146 592
125 203 412 1 190 470
126 132 192 1 114 253
127 181 566 1 173 627
128 181 546 1 172 607
129 182 282 1 167 341
130 55 514 1 44 577
131 156 141 1 135 200
132 233 447 1 221 503
133 180 400 1 167 457
134 158 73 1 135 135
135 146 111 1 125 172
136 299 216 1 276 266
137 79 41 1 57 109
138 290 385 1 273 436
139 150 419 1 137 479
140 201 584 1 193 645
141 212 592 1 204 652
142 262 362 1 246 415
143 221 433 1 209 490
144 253 478 1 242 534
145 224 420 1 212 477
146 262 420 1 248 473
147 311 439 1 296 486
148 150 454 1 139 514
149 216 357 1 200 413
150 49 540 1 39 606
151 185 423 1 172 481
152 67 47 1 46 112
153 301 500 1 288 548
154 116 156 1 97 218
155 181 536 1 172 597
156 167 341 1 152 399
157 212 474 1 201 531
158 284 360 1 267 410
159 166 448 1 155 507
160 289 397 1 273 447
161 54 58 1 34 122
162 221 516 1 212 574
163 131 35 1 108 99
164 162 520 1 152 580
165 148 98 1 127 160
166 179 43 1 155 106
167 324 230 1 300 279
168 189 466 1 178 525
169 311 225 1 287 274
170 303 257 1 281 306
171 159 90 1 138 151
172 141 548 1 131 610
173 200 573 1 192 634
174 148 126 1 128 187
175 295 242 1 274 291
176 140 454 1 128 513
177 201 512 1 191 572
178 182 448 1 170 508
179 172 523 1 162 584
180 233 426 1 220 482
181 274 294 1 256 346
182 141 169 1 122 229
183 130 97 1 109 159
184 284 348 1 267 398
185 170 401 1 158 461
186 117 38 1 95 103
187 157 551 1 148 613
188 264 216 1 242 269
189 170 83 1 149 144
190 263 295 1 245 346
191 182 354 1 168 412
192 183 293 1 167 352
193 303 154 1 277 205
194 190 518 1 181 578
195 157 337 1 142 396
196 179 218 1 161 276
197 165 580 1 157 642
198 279 416 1 264 468
199 211 445 1 199 502
200 186 33 1 162 96
201 123 430 1 110 490
202 167 30 1 144 95
203 143 335 1 128 394
204 163 220 1 145 279
205 268 245 1 248 296
206 223 462 1 211 518
207 186 410 1 173 468
208 262 198 1 241 253
209 161 378 1 148 437
210 176 237 1 159 297
211 178 437 1 167 496
212 159 405 1 146 463
213 220 38 1 195 101
214 158 114 1 137 175
215 199 463 1 188 522
216 163 509 1 154 570
217 234 466 1 222 522
218 144 178 1 125 239
219 168 472 1 157 532
220 291 155 1 267 207
221 205 539 1 196 600
222 217 582 1 210 642
223 139 538 1 129 600
224 152 170 1 133 230
225 221 445 1 209 502
226 288 372 1 272 424
227 219 48 1 194 110
228 101 54 1 80 118
229 140 154 1 121 214
230 204 549 1 196 610
231 194 452 1 182 510
232 185 387 1 171 444
233 286 212 1 264 264
234 295 442 1 280 491
235 334 279 1 311 325
236 204 563 1 197 623
237 300 165 1 274 215
238 153 540 1 143 601
239 233 479 1 222 536
240 289 197 1 266 249
241 169 95 1 148 156
242 179 557 1 170 618
243 233 356 1 219 411
244 182 305 1 167 363
245 273 281 1 254 332
246 322 214 1 298 261
247 201 471 1 189 529
248 298 175 1 273 226
249 324 255 1 301 302
250 293 255 1 271 305
251 321 112 1 290 161
252 308 286 1 286 333
253 326 518 1 313 565
254 175 368 1 160 427
255 222 475 1 211 532
256 279 319 1 261 369
257 103 131 1 83 193
258 167 556 1 159 617
259 202 522 1 193 581
260 149 360 1 135 419
261 279 309 1 261 359
262 161 364 1 148 423
263 249 47 1 223 107
264 295 269 1 274 318
265 257 36 1 230 94
266 178 510 1 168 571
267 205 497 1 193 556
