0 111 263 1 99 323
1 130 399 1 122 458
2 107 284 1 97 344
3 124 553 1 119 615
4 129 442 1 121 502
5 85 549 1 80 611
6 111 249 1 99 309
7 122 540 1 117 602
8 128 427 1 120 487
9 85 513 1 79 574
10 85 220 1 73 281
11 120 565 1 116 627
12 92 442 1 85 503
13 90 493 1 83 554
14 98 397 1 88 457
15 64 331 1 53 393
16 76 62 1 59 127
17 92 476 1 85 537
18 62 59 1 46 123
19 117 525 1 111 586
20 128 409 1 120 468
21 113 346 1 103 406
22 167 316 1 157 374
23 28 420 1 20 482
24 135 278 1 123 337
25 135 250 1 123 309
26 97 371 1 88 430
27 87 529 1 81 591
28 127 525 1 122 586
29 102 345 1 92 405
30 97 410 1 89 469
31 109 401 1 101 461
32 103 456 1 96 516
33 96 168 1 82 229
34 95 553 1 90 616
35 125 470 1 119 530
36 43 564 1 37 629
37 35 536 1 29 601
38 85 564 1 80 627
39 121 371 1 112 431
40 119 599 1 115 662
41 107 274 1 95 334
42 96 565 1 91 628
43 121 584 1 117 647
44 73 332 1 63 393
45 59 374 1 50 435
46 97 542 1 91 604
47 95 588 1 91 653
48 166 285 1 155 344
49 117 186 1 103 246
50 217 217 1 207 280
51 166 546 1 161 606
52 36 526 1 29 591
53 128 511 1 122 572
54 201 319 1 189 373
55 163 535 1 158 595
56 83 584 1 78 647
57 318 607 1 308 645
58 100 498 1 95 559
59 99 529 1 93 591
60 127 339 1 118 398
61 79 114 1 64 177
62 241 324 1 228 377
63 109 386 1 100 446
64 132 374 1 124 434
65 266 382 1 256 433
66 265 392 1 254 444
67 229 396 1 219 448
68 163 68 1 145 128
69 185 218 1 177 286
70 125 112 1 109 173
71 147 562 1 142 623
72 198 455 1 191 512
73 239 311 1 227 364
74 304 592 1 294 635
75 219 594 1 216 654
76 170 590 1 167 651
77 204 435 1 196 491
78 126 481 1 119 541
79 304 606 1 294 645
80 207 347 1 197 403
81 187 546 1 183 606
82 219 340 1 208 396
83 108 508 1 104 568
84 248 389 1 238 443
85 198 203 1 184 261
86 172 580 1 168 640
87 174 467 1 168 525
88 138 409 1 130 468
89 331 576 1 324 619
90 141 210 1 127 269
91 160 393 1 152 450
92 107 127 1 93 188
93 162 567 1 158 628
94 191 595 1 188 655
95 197 488 1 191 546
96 135 487 1 129 547
97 102 473 1 95 534
98 39 583 1 34 648
99 132 125 1 117 185
100 234 55 1 214 113
101 208 423 1 200 479
102 158 492 1 152 551
103 169 431 1 161 488
104 166 328 1 156 386
105 210 403 1 200 456
106 147 445 1 140 503
107 145 469 1 138 527
108 91 465 1 85 526
109 112 114 1 96 175
110 222 385 1 211 436
111 140 526 1 135 586
112 210 458 1 202 515
113 305 487 1 296 533
114 220 411 1 211 467
115 110 137 1 94 199
116 160 595 1 157 657
117 85 574 1 81 637
118 121 133 1 107 195
119 170 413 1 162 470
120 169 382 1 161 440
121 106 424 1 98 484
122 152 532 1 146 592
123 198 413 1 190 470
124 128 193 1 114 253
125 176 567 1 173 628
126 177 547 1 172 607
127 178 283 1 167 341
128 50 515 1 44 578
129 152 142 1 135 200
130 229 448 1 221 504
131 175 401 1 168 457
132 153 74 1 135 135
133 142 111 1 125 172
134 295 218 1 276 266
135 74 41 1 57 108
136 286 387 1 273 436
137 145 420 1 137 479
138 196 586 1 194 645
139 208 593 1 205 653
140 258 364 1 247 416
141 217 434 1 209 490
142 249 480 1 242 534
143 219 422 1 212 478
144 258 421 1 248 474
145 307 441 1 296 487
146 146 456 1 139 514
147 211 358 1 200 413
148 45 542 1 39 606
149 180 424 1 172 481
150 62 48 1 46 112
151 297 501 1 289 549
152 112 157 1 97 218
153 177 538 1 172 597
154 162 341 1 152 400
155 207 475 1 201 532
156 335 270 1 315 314
157 280 362 1 267 410
158 162 449 1 155 507
159 285 399 1 274 448
160 49 58 1 34 122
161 217 517 1 212 574
162 126 35 1 108 98
163 157 521 1 152 581
164 143 98 1 127 160
165 320 232 1 301 279
166 184 467 1 178 525
167 307 226 1 288 274
168 299 258 1 281 306
169 155 91 1 138 151
170 136 549 1 131 611
171 196 574 1 192 634
172 144 127 1 128 187
173 291 243 1 274 291
174 135 455 1 128 513
175 196 514 1 192 572
176 177 450 1 171 508
177 167 525 1 162 584
178 228 427 1 221 482
179 270 295 1 256 346
180 137 169 1 122 229
181 125 97 1 109 159
182 280 349 1 268 399
183 165 402 1 158 462
184 112 39 1 95 103
185 152 553 1 148 613
186 259 217 1 243 270
187 166 83 1 149 144
188 259 296 1 246 347
189 177 355 1 168 412
190 178 294 1 167 352
191 299 155 1 277 205
192 186 519 1 181 578
193 153 338 1 142 397
194 174 219 1 161 276
195 160 581 1 157 642
196 275 418 1 265 468
197 207 446 1 199 503
198 181 33 1 162 96
199 335 321 1 317 364
200 118 431 1 110 491
201 162 31 1 144 95
202 138 336 1 128 394
203 158 220 1 145 279
204 264 246 1 248 297
205 218 463 1 211 519
206 182 411 1 173 468
207 257 199 1 241 253
208 156 379 1 148 437
209 171 238 1 159 297
210 173 438 1 167 496
211 154 406 1 147 463
212 216 39 1 195 100
213 153 114 1 137 175
214 194 464 1 188 522
215 159 510 1 154 570
216 229 467 1 223 522
217 140 179 1 125 239
218 163 474 1 157 532
219 287 156 1 267 207
220 201 541 1 196 600
221 213 583 1 210 642
222 135 539 1 129 600
223 147 171 1 133 230
224 217 446 1 209 502
225 284 373 1 272 424
226 214 49 1 194 109
227 96 54 1 80 118
228 136 154 1 121 214
229 200 551 1 196 610
230 189 453 1 182 510
231 180 388 1 171 444
232 282 214 1 264 264
233 291 443 1 281 492
234 330 280 1 311 325
235 200 564 1 197 623
236 296 166 1 275 215
237 148 541 1 143 602
238 229 480 1 222 536
239 285 198 1 266 249
240 165 95 1 148 156
241 174 558 1 170 618
242 229 357 1 219 411
243 178 306 1 167 363
244 269 282 1 254 332
245 319 215 1 298 261
246 196 472 1 189 530
247 321 256 1 301 302
248 289 257 1 271 306
249 317 113 1 291 161
250 304 287 1 287 334
251 322 520 1 313 567
252 170 369 1 161 427
253 217 476 1 211 532
254 274 320 1 262 369
255 98 132 1 83 193
256 163 558 1 159 618
257 198 523 1 193 581
258 144 361 1 135 419
259 275 310 1 261 359
260 157 365 1 148 423
261 245 48 1 224 107
262 291 270 1 274 319
263 253 36 1 230 94
264 173 512 1 168 571
265 201 498 1 193 557
