0 110 274 1 110 272
1 128 411 1 128 409
2 107 295 1 107 293
3 120 567 1 120 565
4 126 455 1 126 453
5 81 562 1 81 560
6 111 259 1 111 258
7 40 435 1 40 433
8 118 554 1 118 551
9 126 440 1 126 438
10 82 525 1 82 523
11 85 231 1 85 229
12 117 579 1 117 577
13 90 454 1 90 452
14 86 505 1 87 504
15 96 409 1 95 407
16 77 72 1 76 71
17 89 488 1 89 487
18 63 68 1 63 66
19 114 538 1 113 536
20 126 421 1 126 419
21 166 328 1 166 326
22 135 276 1 135 274
23 93 439 1 93 437
24 134 260 1 135 258
25 96 382 1 96 380
26 56 457 1 56 455
27 83 542 1 84 540
28 199 103 1 201 100
29 123 538 1 124 536
30 101 356 1 101 355
31 95 422 1 95 419
32 107 413 1 107 411
33 101 468 1 101 466
34 96 178 1 96 176
35 91 566 1 92 565
36 122 483 1 123 481
37 38 577 1 39 575
38 31 549 1 31 547
39 81 578 1 81 576
40 119 383 1 120 381
41 115 613 1 115 611
42 106 284 1 106 283
43 92 579 1 92 577
44 106 520 1 107 518
45 117 598 1 117 596
46 99 498 1 99 497
47 57 384 1 57 382
48 93 555 1 93 553
49 91 603 1 91 600
50 166 296 1 166 295
51 117 196 1 117 194
52 162 560 1 163 558
53 32 539 1 32 537
54 125 525 1 125 523
55 200 332 1 201 331
56 160 549 1 160 547
57 78 598 1 78 596
58 216 52 1 216 48
59 97 510 1 98 509
60 95 542 1 96 541
61 126 350 1 127 349
62 80 123 1 80 121
63 240 338 1 240 335
64 107 398 1 107 396
65 131 386 1 131 385
66 266 398 1 266 396
67 210 338 1 210 336
68 227 452 1 227 449
69 35 587 1 35 586
70 228 411 1 228 410
71 34 565 1 34 563
72 33 611 1 34 609
73 226 463 1 227 460
74 164 78 1 164 75
75 220 342 1 220 339
76 49 514 1 48 512
77 126 122 1 126 120
78 143 576 1 143 574
79 196 469 1 196 467
80 239 324 1 239 322
81 48 504 1 48 503
82 215 610 1 216 608
83 167 605 1 167 603
84 202 448 1 202 446
85 47 453 1 47 451
86 123 494 1 123 491
87 183 43 1 183 42
88 207 360 1 207 358
89 184 560 1 184 558
90 198 215 1 199 212
91 168 595 1 169 593
92 171 480 1 172 478
93 33 405 1 33 404
94 136 422 1 136 419
95 334 607 1 334 604
96 141 221 1 140 218
97 158 405 1 159 403
98 159 581 1 159 579
99 188 611 1 188 608
100 132 500 1 133 498
101 99 486 1 99 484
102 34 597 1 34 595
103 133 135 1 133 133
104 236 66 1 237 64
105 206 436 1 206 434
106 155 506 1 155 504
107 167 444 1 168 442
108 123 177 1 123 175
109 165 340 1 166 338
110 208 418 1 208 416
111 145 459 1 146 457
112 142 483 1 143 480
113 88 477 1 89 476
114 322 328 1 322 326
115 113 124 1 112 122
116 222 402 1 222 400
117 137 540 1 137 538
118 207 472 1 207 470
119 306 508 1 306 505
120 218 424 1 219 423
121 198 412 1 198 410
122 110 147 1 110 146
123 156 611 1 157 609
124 81 588 1 81 585
125 168 426 1 168 424
126 168 395 1 168 393
127 104 435 1 104 434
128 148 546 1 149 543
129 197 426 1 197 424
130 128 203 1 128 201
131 173 581 1 174 579
132 173 561 1 173 559
133 177 294 1 178 292
134 46 529 1 46 527
135 152 153 1 152 152
136 296 190 1 296 188
137 173 414 1 175 411
138 154 84 1 154 82
139 143 122 1 142 120
140 298 232 1 298 230
141 286 404 1 286 403
142 196 438 1 196 436
143 263 248 1 264 246
144 142 433 1 143 431
145 317 392 1 316 390
146 193 602 1 194 599
147 204 610 1 204 607
148 257 379 1 258 377
149 215 448 1 215 446
150 218 435 1 219 433
151 277 507 1 277 507
152 116 98 1 116 96
153 257 438 1 257 436
154 308 461 1 308 459
155 143 469 1 144 467
156 210 371 1 210 369
157 40 556 1 41 554
158 178 437 1 179 435
159 64 57 1 63 55
160 112 167 1 112 166
161 174 552 1 174 550
162 161 353 1 161 352
163 205 489 1 205 487
164 160 463 1 160 461
165 285 417 1 286 414
166 51 68 1 51 66
167 214 532 1 215 530
168 128 46 1 128 43
169 154 535 1 155 533
170 144 109 1 144 108
171 324 247 1 324 246
172 182 480 1 183 478
173 310 242 1 310 240
174 301 274 1 301 272
175 156 101 1 156 99
176 133 563 1 133 561
177 192 590 1 193 587
178 144 137 1 144 135
179 293 258 1 293 256
180 193 528 1 194 525
181 175 463 1 176 461
182 164 538 1 164 536
183 227 441 1 227 438
184 270 309 1 271 308
185 137 180 1 137 178
186 126 108 1 127 105
187 281 365 1 281 363
188 163 416 1 165 414
189 114 49 1 114 47
190 149 566 1 150 565
191 174 212 1 174 210
192 260 231 1 260 229
193 167 94 1 167 91
194 259 311 1 260 308
195 296 207 1 296 205
196 178 306 1 177 303
197 302 168 1 302 166
198 183 533 1 183 531
199 152 350 1 151 348
200 174 230 1 174 227
201 157 597 1 157 594
202 274 435 1 274 432
203 205 460 1 205 458
204 116 443 1 116 441
205 165 42 1 163 40
206 137 347 1 137 346
207 158 231 1 158 228
208 264 258 1 265 256
209 216 477 1 217 475
210 180 424 1 179 422
211 259 212 1 259 210
212 155 391 1 156 389
213 172 451 1 172 449
214 152 418 1 153 416
215 296 303 1 296 301
216 153 125 1 154 123
217 192 477 1 193 475
218 156 524 1 157 522
219 228 481 1 228 479
220 160 486 1 161 484
221 290 169 1 290 167
222 198 556 1 198 553
223 210 599 1 210 597
224 131 553 1 131 551
225 148 181 1 148 179
226 215 460 1 215 458
227 98 64 1 97 62
228 136 165 1 136 163
229 197 565 1 198 563
230 187 467 1 187 464
231 179 401 1 179 398
232 290 462 1 291 460
233 333 298 1 333 296
234 271 281 1 270 279
235 299 179 1 299 177
236 145 555 1 145 553
237 227 495 1 227 492
238 173 191 1 173 188
239 165 106 1 166 104
240 207 423 1 207 422
241 171 572 1 171 570
242 228 370 1 229 368
243 315 512 1 316 510
244 177 317 1 178 315
245 270 296 1 270 294
246 275 463 1 275 462
247 324 274 1 324 272
248 216 501 1 215 499
249 290 272 1 290 270
250 322 127 1 322 124
251 306 304 1 306 302
252 297 132 1 297 130
253 322 544 1 323 542
254 169 381 1 168 379
255 215 490 1 215 488
256 275 335 1 276 333
257 98 142 1 98 140
258 160 571 1 160 569
259 195 537 1 195 535
260 143 373 1 143 371
261 276 326 1 276 323
262 155 377 1 156 375
263 133 480 1 133 478
264 293 286 1 292 284
265 255 48 1 256 45
266 170 526 1 171 524
267 197 512 1 196 510
