0 118 269 1 114 269
1 135 406 1 134 406
2 114 290 1 112 291
3 128 561 1 126 562
4 134 449 1 132 450
5 88 556 1 87 558
6 118 254 1 115 255
7 48 430 1 46 431
8 126 548 1 124 549
9 133 434 1 131 435
10 89 520 1 88 521
11 93 225 1 89 226
12 124 574 1 123 575
13 97 449 1 95 450
14 94 500 1 92 501
15 103 403 1 100 404
16 84 66 1 79 68
17 96 483 1 94 484
18 70 63 1 66 63
19 121 533 1 119 533
20 134 415 1 131 416
21 173 322 1 171 323
22 143 270 1 139 271
23 100 434 1 98 435
24 142 255 1 139 255
25 103 377 1 101 377
26 63 452 1 61 453
27 91 537 1 90 538
28 131 533 1 130 534
29 108 351 1 106 352
30 102 416 1 100 416
31 114 407 1 112 408
32 108 463 1 106 463
33 103 172 1 100 173
34 99 561 1 98 562
35 130 477 1 128 478
36 46 571 1 45 572
37 38 543 1 37 545
38 88 573 1 87 574
39 127 378 1 125 378
40 122 608 1 121 609
41 113 279 1 110 280
42 99 573 1 98 575
43 113 514 1 113 516
44 125 593 1 123 594
45 106 493 1 105 494
46 65 378 1 62 379
47 100 550 1 99 551
48 98 597 1 97 598
49 173 290 1 170 292
50 125 190 1 121 191
51 170 555 1 169 555
52 40 533 1 38 535
53 206 96 1 204 96
54 132 519 1 131 520
55 208 327 1 205 328
56 167 544 1 166 545
57 86 592 1 85 593
58 223 45 1 219 44
59 105 505 1 103 506
60 103 537 1 101 538
61 133 345 1 132 346
62 88 118 1 84 118
63 248 333 1 245 332
64 115 393 1 112 393
65 138 381 1 136 382
66 274 394 1 271 393
67 218 333 1 215 333
68 235 447 1 233 446
69 43 582 1 41 584
70 236 407 1 234 407
71 41 560 1 40 561
72 41 605 1 40 607
73 234 458 1 232 457
74 171 72 1 168 72
75 227 336 1 224 336
76 56 509 1 54 510
77 133 116 1 129 117
78 150 570 1 149 572
79 203 464 1 202 464
80 246 319 1 244 319
81 55 499 1 53 500
82 223 605 1 222 605
83 174 600 1 174 600
84 209 443 1 207 443
85 54 447 1 52 448
86 130 488 1 128 489
87 190 37 1 186 38
88 214 355 1 211 355
89 192 555 1 190 556
90 206 209 1 203 209
91 176 590 1 175 590
92 179 475 1 178 475
93 40 400 1 38 402
94 144 416 1 141 416
95 148 215 1 144 215
96 166 400 1 164 400
97 166 576 1 165 577
98 195 606 1 194 606
99 140 495 1 139 496
100 106 480 1 105 481
101 42 591 1 41 593
102 140 129 1 137 130
103 244 60 1 240 60
104 214 431 1 212 431
105 162 501 1 161 501
106 175 439 1 173 439
107 130 171 1 127 172
108 173 334 1 170 335
109 216 413 1 213 414
110 152 454 1 151 454
111 150 478 1 148 478
112 96 472 1 95 473
113 331 324 1 328 323
114 120 118 1 115 119
115 229 398 1 227 398
116 145 535 1 143 535
117 215 467 1 213 467
118 314 505 1 312 504
119 226 419 1 224 420
120 206 408 1 203 408
121 118 142 1 113 143
122 163 606 1 163 606
123 88 582 1 88 583
124 176 421 1 174 421
125 176 390 1 173 390
126 111 430 1 109 431
127 156 540 1 154 541
128 204 421 1 202 421
129 135 197 1 132 198
130 181 576 1 180 577
131 181 556 1 179 557
132 185 289 1 182 289
133 53 524 1 52 525
134 159 148 1 155 149
135 304 185 1 301 185
136 181 408 1 180 408
137 162 78 1 157 78
138 150 116 1 146 116
139 306 227 1 303 227
140 203 433 1 201 433
141 271 244 1 268 243
142 150 428 1 148 428
143 325 388 1 322 388
144 200 597 1 200 597
145 212 604 1 211 604
146 265 374 1 263 374
147 222 444 1 221 443
148 226 430 1 224 430
149 284 505 1 283 505
150 123 92 1 119 93
151 265 434 1 263 433
152 316 458 1 314 457
153 151 464 1 149 465
154 218 366 1 215 366
155 48 551 1 46 552
156 186 432 1 184 432
157 70 51 1 66 52
158 119 161 1 115 163
159 181 547 1 180 547
160 169 348 1 166 349
161 213 484 1 211 484
162 167 458 1 166 458
163 292 412 1 291 412
164 58 62 1 54 63
165 222 527 1 221 527
166 135 40 1 131 40
167 162 530 1 161 530
168 152 103 1 147 104
169 332 243 1 329 243
170 189 475 1 188 475
171 319 237 1 315 237
172 309 269 1 306 269
173 163 95 1 159 95
174 140 558 1 139 559
175 199 584 1 199 585
176 152 131 1 148 132
177 301 253 1 298 253
178 201 523 1 200 523
179 182 458 1 181 458
180 171 533 1 170 534
181 235 436 1 233 436
182 278 305 1 275 305
183 144 174 1 140 175
184 133 102 1 130 102
185 289 361 1 286 360
186 171 410 1 170 412
187 121 43 1 117 44
188 157 561 1 156 562
189 181 206 1 178 207
190 268 225 1 265 225
191 174 88 1 170 88
192 267 305 1 265 305
193 304 201 1 300 202
194 185 300 1 182 300
195 310 163 1 306 163
196 191 527 1 189 528
197 159 344 1 156 345
198 182 224 1 178 224
199 165 592 1 163 592
200 282 431 1 280 429
201 212 455 1 210 455
202 335 291 1 332 290
203 124 438 1 121 438
204 172 35 1 167 36
205 145 341 1 141 343
206 165 225 1 162 225
207 272 253 1 269 253
208 224 472 1 222 472
209 187 419 1 184 419
210 266 207 1 263 206
211 162 386 1 161 386
212 179 446 1 178 446
213 263 55 1 258 55
214 160 413 1 158 413
215 293 400 1 291 400
216 304 298 1 301 298
217 161 119 1 158 119
218 200 472 1 198 473
219 163 519 1 162 519
220 235 476 1 233 476
221 168 481 1 167 482
222 298 163 1 295 163
223 206 550 1 204 551
224 218 594 1 216 594
225 139 548 1 137 548
226 155 176 1 151 176
227 223 455 1 220 455
228 105 58 1 100 59
229 143 159 1 140 160
230 204 559 1 204 560
231 195 462 1 193 461
232 186 395 1 184 395
233 298 458 1 297 458
234 279 276 1 275 276
235 328 612 1 327 611
236 307 174 1 303 173
237 152 550 1 151 550
238 234 489 1 233 490
239 180 186 1 177 184
240 173 100 1 169 100
241 214 418 1 212 419
242 178 567 1 177 567
243 236 365 1 234 365
244 323 509 1 322 509
245 185 312 1 182 312
246 277 292 1 275 291
247 282 459 1 280 459
248 321 109 1 316 109
249 331 525 1 329 525
250 332 269 1 329 269
251 223 496 1 221 496
252 298 267 1 295 267
253 314 300 1 311 300
254 305 127 1 302 126
255 331 542 1 329 541
256 176 376 1 173 376
257 222 485 1 221 485
258 283 330 1 281 330
259 106 137 1 102 137
260 167 566 1 166 567
261 203 532 1 201 532
262 150 367 1 148 368
263 284 320 1 281 320
264 163 372 1 161 372
265 140 475 1 139 475
266 301 281 1 297 281
267 263 41 1 259 41
268 178 520 1 176 521
269 204 507 1 202 507
