0 112 258 1 111 260
1 133 395 1 133 397
2 109 279 1 109 281
3 130 551 1 129 553
4 133 438 1 132 441
5 90 547 1 89 549
6 112 243 1 112 245
7 46 421 1 46 423
8 127 538 1 126 540
9 132 423 1 131 426
10 90 510 1 89 512
11 86 214 1 85 217
12 126 563 1 125 565
13 96 439 1 96 441
14 94 490 1 93 493
15 101 393 1 100 395
16 73 55 1 72 58
17 96 473 1 95 475
18 59 51 1 59 53
19 120 522 1 121 524
20 132 405 1 131 407
21 170 310 1 169 313
22 138 259 1 136 261
23 99 424 1 98 426
24 136 243 1 136 246
25 100 367 1 100 369
26 62 443 1 61 445
27 92 527 1 91 529
28 132 522 1 132 525
29 105 340 1 104 343
30 100 406 1 100 407
31 112 397 1 112 399
32 107 453 1 107 455
33 95 161 1 95 163
34 101 551 1 100 554
35 130 467 1 129 469
36 48 562 1 47 564
37 40 535 1 39 537
38 91 563 1 90 565
39 124 367 1 124 369
40 125 597 1 124 599
41 108 268 1 107 270
42 102 563 1 101 566
43 114 504 1 114 507
44 127 582 1 126 584
45 106 483 1 106 486
46 62 369 1 61 371
47 102 540 1 101 542
48 101 587 1 100 589
49 169 278 1 168 281
50 117 179 1 117 181
51 172 543 1 171 545
52 41 525 1 40 527
53 133 509 1 133 511
54 204 315 1 204 318
55 169 532 1 168 535
56 88 582 1 87 585
57 213 30 1 213 32
58 105 495 1 105 498
59 104 527 1 103 529
60 130 334 1 130 337
61 78 106 1 78 109
62 245 319 1 244 322
63 112 382 1 111 384
64 135 370 1 135 372
65 272 381 1 271 382
66 214 320 1 214 323
67 234 434 1 233 436
68 45 573 1 44 575
69 235 395 1 234 397
70 43 551 1 42 553
71 44 596 1 43 599
72 233 445 1 233 447
73 161 59 1 161 60
74 224 323 1 223 326
75 57 500 1 55 502
76 124 104 1 123 106
77 153 559 1 152 562
78 203 451 1 203 454
79 243 306 1 242 308
80 56 490 1 54 492
81 226 592 1 225 595
82 177 588 1 177 591
83 208 431 1 208 433
84 53 438 1 52 440
85 130 478 1 129 480
86 211 342 1 210 345
87 193 543 1 193 545
88 199 196 1 199 198
89 178 578 1 178 581
90 179 463 1 179 465
91 38 392 1 37 394
92 142 405 1 141 407
93 141 203 1 141 205
94 164 388 1 163 390
95 169 564 1 168 567
96 198 593 1 198 596
97 140 484 1 140 486
98 106 470 1 106 472
99 45 583 1 43 585
100 132 117 1 131 119
101 234 44 1 235 47
102 212 418 1 212 421
103 163 489 1 162 492
104 173 427 1 173 430
105 122 159 1 122 162
106 169 322 1 169 325
107 214 400 1 213 404
108 152 443 1 152 445
109 149 467 1 149 469
110 96 462 1 95 464
111 329 310 1 328 312
112 111 106 1 110 108
113 227 387 1 227 389
114 146 524 1 145 526
115 215 455 1 213 457
116 315 492 1 315 494
117 224 408 1 224 409
118 204 396 1 203 398
119 109 130 1 108 133
120 167 594 1 166 597
121 91 572 1 90 574
122 174 409 1 173 411
123 173 378 1 172 380
124 110 420 1 109 422
125 157 529 1 156 531
126 203 408 1 202 411
127 128 186 1 128 188
128 183 564 1 182 566
129 183 544 1 182 547
130 180 276 1 180 279
131 55 515 1 54 517
132 151 135 1 150 138
133 298 170 1 298 172
134 179 396 1 179 398
135 152 65 1 151 67
136 141 104 1 140 105
137 301 212 1 301 215
138 202 420 1 201 423
139 266 229 1 266 232
140 148 416 1 148 418
141 324 375 1 323 377
142 203 584 1 203 587
143 215 591 1 214 594
144 263 361 1 262 363
145 221 430 1 221 433
146 224 417 1 224 420
147 285 493 1 285 495
148 113 79 1 113 82
149 264 421 1 263 423
150 317 445 1 316 447
151 150 453 1 150 456
152 215 354 1 214 356
153 49 542 1 48 544
154 184 420 1 184 422
155 59 40 1 59 42
156 111 150 1 110 153
157 183 534 1 182 537
158 165 336 1 165 339
159 213 472 1 212 474
160 167 446 1 166 449
161 292 399 1 292 402
162 46 50 1 46 53
163 223 514 1 222 517
164 124 27 1 123 29
165 163 518 1 162 520
166 142 91 1 142 93
167 329 228 1 327 230
168 189 463 1 189 465
169 314 223 1 313 225
170 306 255 1 305 257
171 154 82 1 153 84
172 142 547 1 141 550
173 202 572 1 201 575
174 143 119 1 142 121
175 202 510 1 202 512
176 182 445 1 182 448
177 173 521 1 172 524
178 180 24 1 179 26
179 233 423 1 233 425
180 275 291 1 274 293
181 137 162 1 136 165
182 124 90 1 124 92
183 286 347 1 286 350
184 170 398 1 170 402
185 110 30 1 110 33
186 159 549 1 158 552
187 175 193 1 174 196
188 263 211 1 262 214
189 164 74 1 164 77
190 263 292 1 263 294
191 299 186 1 298 189
192 181 288 1 180 290
193 304 147 1 303 150
194 192 515 1 191 518
195 156 333 1 155 336
196 175 212 1 175 213
197 167 580 1 166 582
198 281 418 1 280 419
199 212 442 1 211 445
200 332 277 1 331 279
201 122 427 1 121 429
202 141 330 1 140 333
203 159 213 1 159 215
204 267 239 1 267 242
205 223 459 1 223 461
206 185 406 1 184 409
207 260 192 1 260 195
208 160 374 1 160 376
209 178 434 1 178 436
210 253 39 1 253 42
211 158 402 1 158 404
212 292 387 1 292 390
213 301 284 1 300 287
214 152 107 1 152 108
215 199 460 1 199 462
216 164 507 1 164 510
217 235 463 1 234 466
218 168 469 1 167 472
219 292 148 1 291 150
220 208 538 1 206 540
221 220 581 1 219 584
222 140 537 1 139 539
223 147 163 1 147 165
224 221 442 1 221 444
225 94 46 1 94 49
226 135 147 1 135 149
227 206 547 1 206 550
228 194 450 1 193 451
229 184 383 1 183 385
230 299 446 1 298 448
231 275 263 1 273 265
232 332 603 1 333 606
233 301 158 1 300 160
234 154 538 1 153 541
235 235 477 1 234 479
236 173 172 1 172 174
237 163 87 1 164 89
238 213 405 1 212 408
239 181 555 1 180 557
240 233 352 1 233 355
241 325 497 1 324 499
242 181 299 1 180 302
243 273 277 1 273 280
244 282 446 1 281 449
245 314 92 1 313 95
246 332 513 1 332 515
247 270 253 1 270 255
248 329 254 1 329 257
249 224 483 1 222 486
250 295 253 1 294 256
251 311 287 1 311 289
252 333 335 1 332 338
253 298 110 1 298 113
254 333 529 1 333 531
255 173 364 1 172 366
256 222 472 1 222 475
257 280 317 1 280 319
258 331 446 1 330 448
259 332 298 1 332 301
260 330 199 1 329 202
261 276 390 1 275 392
262 323 104 1 323 107
263 97 125 1 96 127
264 169 554 1 168 557
265 266 514 1 266 515
266 204 519 1 203 522
267 147 356 1 147 359
268 281 307 1 280 309
269 160 360 1 160 362
270 140 464 1 139 466
271 297 267 1 296 270
272 253 25 1 253 27
273 178 508 1 178 511
