0 93 310 1 100 324
1 111 453 1 124 464
2 62 574 1 80 586
3 90 332 1 98 346
4 61 613 1 80 625
5 109 499 1 123 510
6 101 603 1 119 614
7 94 295 1 101 309
8 109 483 1 122 494
9 68 265 1 73 281
10 255 434 1 261 431
11 71 498 1 86 511
12 67 553 1 84 565
13 78 450 1 89 463
14 45 377 1 55 394
15 60 104 1 58 123
16 70 534 1 86 547
17 46 100 1 44 118
18 93 587 1 113 598
19 111 390 1 120 402
20 109 463 1 122 475
21 94 397 1 105 410
22 151 366 1 160 377
23 203 290 1 192 263
24 118 326 1 125 339
25 118 296 1 125 310
26 78 423 1 90 436
27 248 471 1 256 464
28 64 592 1 82 604
29 106 588 1 124 598
30 83 395 1 94 409
31 76 464 1 90 476
32 187 380 1 194 383
33 104 539 1 120 550
34 82 513 1 97 525
35 80 211 1 83 228
36 105 528 1 121 540
37 102 423 1 114 436
38 89 321 1 96 335
39 54 378 1 64 395
40 39 421 1 51 438
41 73 606 1 92 617
42 151 333 1 158 345
43 101 230 1 105 245
44 147 611 1 165 619
45 177 499 1 190 506
46 144 600 1 161 609
47 78 558 1 96 570
48 76 592 1 95 603
49 65 155 1 66 174
50 229 384 1 236 387
51 89 439 1 101 451
52 114 427 1 126 439
53 151 481 1 163 489
54 88 568 1 106 579
55 181 276 1 176 259
56 213 511 1 227 516
57 149 110 1 147 124
58 329 305 1 322 291
59 110 155 1 110 170
60 227 369 1 234 373
61 210 467 1 219 463
62 329 279 1 322 267
63 191 497 1 201 502
64 320 153 1 305 146
65 85 608 1 105 619
66 132 441 1 144 452
67 143 447 1 155 457
68 169 611 1 187 619
69 204 392 1 213 400
70 164 426 1 174 435
71 184 250 1 188 261
72 156 527 1 172 535
73 127 578 1 145 586
74 119 463 1 132 474
75 328 446 1 329 428
76 177 287 1 173 272
77 125 255 1 129 268
78 91 170 1 93 185
79 294 183 1 286 180
80 115 548 1 132 558
81 81 531 1 96 543
82 118 169 1 118 183
83 193 276 1 180 239
84 138 555 1 155 563
85 150 379 1 159 390
86 128 507 1 143 515
87 212 424 1 222 430
88 125 532 1 141 540
89 69 523 1 85 535
90 97 157 1 96 172
91 120 590 1 138 600
92 194 520 1 207 527
93 307 590 1 316 575
94 94 181 1 95 197
95 263 361 1 267 360
96 107 472 1 120 484
97 106 178 1 108 193
98 272 39 1 260 44
99 153 471 1 165 479
100 153 437 1 164 447
101 86 479 1 99 491
102 132 596 1 150 605
103 112 237 1 116 252
104 158 612 1 176 620
105 162 331 1 170 342
106 136 190 1 135 199
107 239 163 1 236 169
108 295 235 1 289 231
109 158 458 1 171 466
110 281 146 1 273 146
111 140 117 1 137 130
112 127 155 1 127 169
113 314 362 1 312 350
114 297 282 1 294 276
115 217 404 1 226 410
116 129 485 1 142 494
117 255 294 1 256 294
118 280 261 1 277 257
119 309 538 1 316 524
120 126 518 1 141 526
121 196 416 1 206 422
122 47 89 1 45 107
123 269 388 1 274 384
124 95 201 1 97 217
125 297 308 1 294 300
126 159 602 1 176 610
127 284 284 1 281 279
128 145 393 1 155 404
129 191 538 1 206 544
130 300 66 1 286 67
131 275 436 1 281 430
132 144 511 1 158 519
133 281 481 1 288 473
134 34 98 1 32 118
135 201 584 1 218 589
136 301 295 1 297 288
137 138 585 1 156 593
138 129 142 1 128 157
139 274 423 1 279 417
140 167 526 1 182 534
141 312 295 1 308 286
142 301 329 1 299 320
143 141 134 1 139 147
144 129 171 1 129 184
145 116 512 1 131 523
146 179 577 1 196 584
147 159 508 1 174 516
148 148 588 1 166 596
149 318 459 1 320 444
150 274 413 1 279 407
151 121 214 1 123 228
152 111 140 1 110 155
153 149 460 1 161 469
154 99 80 1 96 97
155 252 274 1 252 275
156 153 126 1 151 140
157 251 358 1 255 358
158 294 254 1 290 248
159 163 343 1 170 354
160 279 302 1 279 299
161 302 211 1 295 206
162 168 582 1 185 590
163 136 389 1 145 401
164 160 265 1 164 276
165 191 507 1 204 514
166 99 487 1 112 498
167 121 387 1 130 399
168 282 604 1 294 595
169 142 265 1 147 278
170 158 564 1 175 572
171 203 526 1 217 531
172 165 468 1 176 476
173 280 457 1 286 449
174 248 252 1 249 256
175 127 474 1 140 486
176 139 432 1 151 443
177 156 285 1 162 297
178 157 495 1 170 504
179 330 458 1 331 441
180 246 93 1 239 99
181 136 463 1 149 472
182 281 468 1 288 461
183 294 359 1 295 351
184 139 158 1 139 172
185 178 524 1 192 532
186 139 573 1 157 582
187 215 531 1 229 536
188 124 223 1 127 238
189 288 211 1 282 208
190 184 606 1 201 613
191 286 312 1 285 307
192 113 603 1 132 613
193 132 216 1 135 229
194 82 95 1 79 113
195 121 199 1 122 213
196 172 514 1 186 521
197 163 443 1 175 451
198 287 532 1 296 523
199 286 508 1 294 498
200 298 223 1 292 218
201 153 447 1 165 455
202 128 606 1 147 615
203 59 542 1 75 554
204 214 545 1 229 550
205 152 139 1 150 153
206 215 415 1 225 420
207 277 447 1 283 440
208 163 355 1 171 366
209 259 319 1 261 318
210 288 325 1 287 318
211 153 423 1 164 432
212 202 540 1 216 545
213 82 175 1 83 191
214 302 604 1 312 590
215 247 591 1 263 591
216 181 587 1 198 594
217 126 413 1 138 425
218 292 269 1 288 263
219 140 418 1 151 428
220 290 340 1 290 333
221 155 575 1 172 583
