0 134 326 1 128 324
1 153 469 1 148 467
2 106 591 1 101 590
3 131 347 1 125 346
4 152 515 1 146 514
5 134 310 1 129 309
6 152 499 1 146 498
7 108 281 1 102 280
8 299 450 1 293 449
9 114 515 1 108 513
10 110 570 1 105 569
11 120 467 1 113 465
12 123 564 1 118 562
13 97 120 1 91 120
14 113 551 1 107 550
15 83 117 1 77 115
16 137 605 1 133 604
17 152 406 1 146 404
18 152 479 1 146 478
19 192 381 1 187 379
20 160 327 1 154 325
21 117 499 1 111 498
22 159 311 1 153 310
23 119 439 1 114 437
24 78 517 1 73 516
25 107 610 1 102 608
26 150 605 1 145 604
27 125 411 1 119 410
28 119 480 1 113 478
29 148 556 1 142 554
30 79 438 1 75 437
31 125 530 1 120 528
32 119 227 1 113 226
33 148 545 1 143 544
34 131 454 1 126 453
35 145 439 1 139 438
36 129 337 1 124 335
37 192 348 1 186 347
38 141 245 1 135 243
39 69 569 1 64 568
40 220 515 1 214 513
41 122 575 1 117 574
42 120 610 1 115 608
43 70 578 1 65 577
44 103 172 1 97 170
45 272 399 1 266 398
46 156 443 1 151 441
47 194 498 1 188 496
48 131 585 1 127 584
49 246 405 1 239 403
50 186 125 1 181 123
51 148 170 1 142 169
52 187 615 1 183 616
53 200 511 1 194 510
54 146 227 1 140 225
55 270 384 1 264 383
56 254 486 1 248 484
57 69 513 1 64 511
58 226 490 1 220 489
59 175 457 1 169 456
60 185 463 1 180 460
61 206 441 1 200 439
62 224 264 1 218 262
63 199 543 1 195 541
64 171 595 1 166 594
65 162 479 1 156 477
66 165 270 1 159 268
67 159 565 1 154 564
68 124 548 1 118 547
69 155 184 1 150 182
70 233 297 1 229 295
71 182 572 1 177 571
72 191 394 1 186 392
73 171 524 1 166 522
74 254 439 1 249 438
75 169 550 1 163 549
76 112 540 1 108 539
77 134 172 1 128 171
78 164 608 1 159 607
79 238 537 1 232 536
80 231 308 1 225 306
81 132 196 1 126 196
82 150 489 1 144 487
83 310 47 1 304 46
84 196 488 1 190 486
85 195 453 1 189 451
86 128 495 1 123 494
87 176 614 1 171 612
88 266 495 1 260 493
89 151 252 1 146 251
90 82 577 1 76 577
91 203 346 1 198 344
92 174 205 1 168 203
93 335 356 1 328 353
94 277 175 1 272 174
95 335 193 1 330 192
96 201 474 1 196 472
97 321 157 1 316 156
98 172 416 1 166 415
99 176 131 1 171 130
100 165 170 1 159 168
101 261 420 1 254 418
102 271 52 1 266 51
103 172 502 1 166 500
104 181 601 1 177 600
105 323 274 1 317 272
106 137 145 1 132 145
107 326 233 1 321 231
108 329 336 1 323 334
109 169 535 1 164 534
110 238 432 1 233 430
111 83 106 1 78 104
112 313 403 1 307 402
113 134 217 1 128 216
114 327 298 1 321 296
115 187 409 1 181 408
116 235 554 1 230 553
117 187 528 1 182 527
118 327 499 1 321 498
119 70 116 1 64 115
120 246 602 1 241 601
121 167 157 1 161 156
122 319 439 1 313 437
123 211 542 1 206 541
124 178 148 1 172 147
125 167 186 1 161 184
126 224 594 1 219 593
127 203 524 1 198 522
128 192 605 1 187 604
129 318 429 1 313 427
130 160 230 1 154 228
131 148 156 1 143 154
132 191 476 1 186 474
133 135 97 1 129 95
134 199 261 1 193 259
135 292 287 1 287 286
136 189 141 1 184 139
137 294 373 1 288 372
138 204 358 1 198 356
139 323 316 1 317 315
140 213 599 1 207 597
141 177 405 1 171 404
142 199 279 1 193 277
143 321 285 1 315 283
144 243 567 1 240 566
145 299 32 1 294 31
146 141 503 1 135 501
147 162 403 1 156 401
148 334 553 1 329 550
149 181 279 1 177 278
150 202 581 1 198 580
151 247 543 1 242 541
152 207 483 1 201 482
153 326 476 1 320 473
154 289 265 1 284 264
155 170 491 1 164 490
156 181 448 1 176 446
157 335 251 1 332 246
158 283 104 1 278 103
159 179 480 1 174 478
160 327 485 1 321 484
161 177 173 1 171 171
162 222 540 1 216 539
163 184 590 1 179 589
164 259 548 1 253 546
165 329 222 1 323 220
166 330 326 1 324 325
167 171 231 1 165 229
168 118 112 1 112 111
169 159 214 1 154 213
170 216 531 1 210 528
171 206 459 1 200 456
172 307 345 1 301 344
173 334 528 1 328 526
174 301 170 1 296 168
175 196 462 1 191 461
176 258 287 1 251 286
177 102 558 1 97 557
178 184 553 1 179 551
179 311 570 1 306 569
180 259 562 1 253 561
181 197 238 1 191 237
182 289 93 1 284 92
183 189 153 1 183 152
184 259 430 1 253 429
185 322 463 1 316 461
186 204 370 1 198 368
187 315 142 1 310 141
188 285 395 1 279 393
189 302 334 1 296 332
190 332 340 1 326 338
191 292 416 1 286 414
192 196 438 1 189 436
193 246 557 1 241 555
194 315 300 1 309 299
195 301 307 1 292 306
196 294 611 1 288 609
197 225 605 1 220 603
198 168 429 1 163 428
199 181 433 1 176 432
200 159 543 1 153 543
201 199 592 1 194 591
