0 118 343 1 121 340
1 139 487 1 143 484
2 91 612 1 96 609
3 115 365 1 119 362
4 138 534 1 142 531
5 118 328 1 122 325
6 137 518 1 141 515
7 91 298 1 95 296
8 286 468 1 289 466
9 99 534 1 103 531
10 96 590 1 101 588
11 105 485 1 108 483
12 109 584 1 114 580
13 79 138 1 82 136
14 98 571 1 103 569
15 65 134 1 68 132
16 137 424 1 140 421
17 137 497 1 141 495
18 107 596 1 113 593
19 177 398 1 181 395
20 144 344 1 147 341
21 102 518 1 106 515
22 142 328 1 146 326
23 104 457 1 109 454
24 63 537 1 68 535
25 109 429 1 113 427
26 104 499 1 108 496
27 134 575 1 138 573
28 64 457 1 69 454
29 111 549 1 115 546
30 102 244 1 105 242
31 134 565 1 139 562
32 116 472 1 120 470
33 130 457 1 133 455
34 113 354 1 117 351
35 248 546 1 252 544
36 176 365 1 180 363
37 124 262 1 128 259
38 54 589 1 59 587
39 206 533 1 210 530
40 208 316 1 211 313
41 55 599 1 61 597
42 86 189 1 89 187
43 257 416 1 261 414
44 141 461 1 145 458
45 180 516 1 183 514
46 118 605 1 122 603
47 231 423 1 234 420
48 169 141 1 172 139
49 131 187 1 134 185
50 187 529 1 190 527
51 129 244 1 132 241
52 255 401 1 259 399
53 240 506 1 244 503
54 54 532 1 58 530
55 213 511 1 216 508
56 160 475 1 164 473
57 171 480 1 174 477
58 191 459 1 195 456
59 186 562 1 191 559
60 147 497 1 151 494
61 225 242 1 228 239
62 148 287 1 151 284
63 212 328 1 219 326
64 314 237 1 317 235
65 145 585 1 150 583
66 109 568 1 114 566
67 138 200 1 142 198
68 320 373 1 324 370
69 169 592 1 173 589
70 265 530 1 268 526
71 176 411 1 180 408
72 157 543 1 162 540
73 240 457 1 244 455
74 155 570 1 159 567
75 98 559 1 103 557
76 117 189 1 120 187
77 222 557 1 228 553
78 115 214 1 118 212
79 135 507 1 139 505
80 293 63 1 296 59
81 182 506 1 185 503
82 180 470 1 184 468
83 113 514 1 118 511
84 325 218 1 328 214
85 253 513 1 256 511
86 135 269 1 139 267
87 66 598 1 71 596
88 188 363 1 192 360
89 157 222 1 160 219
90 261 191 1 264 188
91 187 491 1 191 488
92 306 173 1 309 170
93 157 433 1 161 431
94 159 148 1 162 145
95 148 186 1 151 184
96 246 437 1 249 434
97 253 68 1 256 65
98 157 521 1 162 518
99 174 588 1 180 586
100 119 162 1 123 160
101 311 249 1 315 246
102 314 353 1 318 350
103 156 554 1 160 552
104 224 449 1 228 447
105 66 123 1 69 121
106 300 421 1 303 418
107 117 234 1 120 232
108 320 296 1 323 293
109 312 314 1 316 311
110 172 426 1 176 424
111 222 573 1 226 571
112 325 197 1 329 193
113 173 547 1 177 544
114 315 517 1 319 516
115 321 282 1 324 278
116 53 133 1 55 131
117 149 174 1 152 172
118 306 457 1 309 454
119 198 561 1 202 558
120 323 572 1 326 568
121 161 165 1 164 162
122 150 202 1 153 200
123 211 614 1 215 611
124 189 543 1 194 539
125 305 447 1 309 444
126 143 247 1 146 244
127 131 172 1 134 170
128 177 494 1 181 491
129 117 113 1 120 111
130 319 57 1 321 54
131 182 277 1 186 275
132 277 304 1 281 301
133 172 157 1 176 155
134 280 389 1 283 388
135 321 266 1 324 262
136 188 375 1 192 371
137 309 333 1 311 330
138 320 174 1 323 171
139 162 423 1 166 420
140 183 296 1 186 293
141 306 302 1 309 299
142 230 586 1 237 584
143 282 48 1 285 45
144 126 522 1 130 519
145 147 420 1 150 418
146 165 296 1 170 294
147 189 600 1 194 598
148 316 197 1 319 194
149 234 561 1 238 559
150 193 501 1 197 499
151 313 495 1 317 491
152 273 281 1 277 278
153 156 509 1 159 507
154 167 466 1 171 463
155 266 120 1 270 117
156 164 498 1 169 495
157 315 505 1 318 502
158 324 253 1 326 249
159 160 189 1 163 187
160 209 558 1 212 556
161 170 610 1 175 607
162 247 566 1 250 564
163 311 291 1 314 287
164 316 344 1 320 341
165 244 405 1 248 403
166 155 248 1 158 245
167 101 129 1 103 127
168 142 231 1 146 229
169 202 549 1 206 546
170 192 477 1 195 473
171 292 363 1 296 360
172 286 185 1 288 182
173 182 480 1 186 477
174 308 270 1 311 266
175 88 579 1 92 576
176 170 572 1 175 569
177 299 590 1 303 588
178 246 580 1 250 578
179 181 255 1 184 252
180 272 109 1 275 105
181 172 170 1 175 167
182 244 447 1 248 445
183 309 482 1 313 479
184 188 387 1 192 384
185 250 476 1 253 474
186 299 158 1 302 155
187 270 413 1 274 409
188 288 351 1 291 348
189 278 433 1 282 431
190 181 455 1 184 453
191 233 575 1 237 572
192 301 317 1 304 315
193 286 323 1 286 321
194 154 447 1 158 444
195 167 451 1 171 448
196 145 563 1 149 561
197 186 611 1 190 609
