0 107 338 1 105 336
1 130 482 1 128 480
2 104 359 1 103 358
3 129 529 1 127 528
4 107 322 1 106 321
5 128 513 1 126 512
6 80 293 1 79 291
7 278 465 1 276 466
8 90 530 1 88 529
9 88 586 1 86 585
10 95 481 1 93 479
11 101 580 1 99 578
12 66 131 1 64 130
13 90 567 1 88 566
14 51 127 1 50 126
15 127 418 1 125 417
16 128 493 1 126 492
17 98 592 1 98 590
18 167 392 1 165 390
19 244 551 1 240 546
20 133 338 1 131 337
21 93 514 1 91 513
22 132 322 1 130 321
23 94 452 1 93 451
24 54 533 1 53 532
25 99 424 1 98 423
26 95 495 1 93 493
27 125 571 1 123 570
28 54 452 1 54 450
29 102 545 1 100 543
30 90 238 1 89 237
31 126 560 1 124 560
32 46 595 1 46 595
33 106 467 1 105 467
34 120 452 1 118 451
35 103 348 1 101 347
36 166 358 1 164 358
37 112 256 1 111 254
38 198 528 1 196 527
39 158 602 1 156 601
40 199 319 1 197 318
41 74 182 1 73 181
42 248 411 1 246 411
43 132 456 1 130 455
44 171 512 1 169 511
45 110 602 1 108 601
46 237 529 1 234 528
47 278 564 1 276 564
48 221 418 1 219 418
49 156 134 1 156 133
50 199 554 1 198 553
51 118 180 1 117 179
52 178 524 1 175 523
53 117 238 1 116 236
54 246 396 1 244 396
55 245 512 1 243 511
56 233 505 1 231 504
57 200 478 1 198 477
58 45 529 1 43 527
59 170 450 1 169 449
60 227 325 1 225 324
61 151 470 1 149 469
62 162 475 1 160 474
63 182 497 1 182 496
64 182 453 1 180 452
65 235 518 1 233 517
66 320 356 1 318 356
67 178 557 1 176 556
68 138 492 1 136 491
69 214 236 1 212 235
70 137 280 1 135 279
71 202 329 1 200 329
72 305 231 1 304 231
73 182 535 1 179 536
74 137 581 1 135 580
75 101 564 1 99 563
76 126 194 1 125 192
77 312 370 1 312 369
78 161 588 1 159 587
79 166 405 1 165 404
80 148 539 1 147 538
81 193 544 1 192 543
82 231 451 1 230 451
83 147 566 1 145 565
84 89 555 1 88 555
85 104 183 1 103 182
86 323 309 1 321 309
87 103 207 1 101 207
88 126 503 1 124 501
89 173 501 1 170 501
90 171 465 1 169 464
91 104 509 1 102 508
92 317 211 1 316 210
93 123 263 1 122 262
94 58 596 1 56 594
95 178 357 1 176 356
96 145 215 1 143 214
97 250 184 1 249 183
98 178 486 1 177 485
99 296 165 1 295 164
100 147 428 1 146 428
101 147 141 1 145 139
102 135 180 1 134 178
103 157 611 1 155 610
104 237 431 1 235 430
105 241 59 1 240 58
106 149 517 1 147 516
107 166 585 1 165 584
108 147 612 1 145 611
109 282 52 1 281 51
110 202 609 1 200 608
111 106 156 1 106 155
112 303 243 1 302 242
113 307 349 1 305 349
114 273 540 1 271 539
115 147 550 1 145 550
116 214 444 1 213 444
117 320 340 1 318 340
118 52 116 1 51 115
119 292 418 1 290 417
120 105 228 1 103 227
121 312 291 1 311 290
122 304 310 1 303 309
123 162 421 1 161 420
124 317 190 1 316 188
125 165 543 1 163 542
126 313 277 1 312 276
127 39 127 1 37 125
128 239 565 1 236 561
129 324 223 1 323 222
130 137 167 1 136 166
131 298 454 1 297 454
132 190 556 1 187 555
133 316 571 1 315 571
134 148 158 1 147 156
135 138 196 1 137 195
136 308 200 1 307 200
137 298 444 1 296 444
138 132 240 1 130 239
139 118 165 1 118 164
140 168 489 1 166 488
141 104 106 1 103 105
142 309 46 1 309 45
143 171 271 1 170 270
144 160 150 1 159 149
145 216 324 1 215 323
146 313 260 1 312 260
147 178 368 1 176 367
148 311 167 1 310 166
149 152 417 1 150 416
150 172 289 1 170 288
151 298 296 1 296 296
152 223 582 1 223 581
153 271 38 1 270 37
154 118 517 1 115 516
155 137 415 1 135 414
156 153 289 1 154 289
157 182 596 1 180 595
158 307 190 1 306 189
159 314 78 1 313 77
160 306 493 1 305 493
161 147 504 1 144 504
162 158 461 1 156 459
163 333 381 1 331 381
164 255 111 1 254 110
165 155 493 1 154 492
166 308 503 1 306 504
167 315 247 1 314 246
168 326 341 1 325 341
169 148 182 1 147 181
170 324 330 1 322 330
171 302 285 1 301 285
172 170 603 1 168 602
173 309 340 1 307 339
174 235 400 1 234 400
175 144 241 1 141 240
176 87 122 1 86 121
177 130 225 1 129 224
178 179 605 1 177 604
179 183 471 1 181 469
180 284 359 1 282 358
181 275 178 1 274 176
182 168 553 1 166 552
183 173 475 1 171 474
184 299 264 1 297 263
185 79 575 1 77 574
186 162 568 1 160 567
187 292 591 1 291 589
188 238 575 1 236 576
189 321 390 1 319 390
190 327 319 1 326 319
191 170 248 1 168 247
192 261 99 1 260 99
193 159 163 1 158 162
194 236 442 1 234 442
195 302 479 1 300 479
196 178 381 1 177 380
197 241 475 1 239 474
198 301 329 1 298 328
199 289 150 1 288 149
200 262 408 1 260 407
201 279 347 1 277 345
202 309 520 1 306 517
203 254 487 1 251 486
204 269 430 1 268 429
205 226 571 1 223 570
206 292 312 1 290 312
207 252 423 1 250 422
208 324 438 1 323 437
209 262 418 1 260 418
210 332 256 1 330 255
211 273 301 1 272 301
212 308 300 1 307 300
213 144 442 1 143 441
214 297 376 1 296 375
215 157 446 1 156 445
216 292 243 1 291 242
217 257 455 1 255 455
218 329 269 1 328 269
219 137 559 1 134 558
