0 106 334 1 104 333
1 128 479 1 126 477
2 241 545 1 239 545
3 102 356 1 102 356
4 127 526 1 125 526
5 106 318 1 105 318
6 126 509 1 124 509
7 79 289 1 77 289
8 276 463 1 274 464
9 88 526 1 87 526
10 85 583 1 84 582
11 93 477 1 91 477
12 99 577 1 97 575
13 65 127 1 64 127
14 88 564 1 86 563
15 51 123 1 49 123
16 125 415 1 123 414
17 126 489 1 124 489
18 96 588 1 96 588
19 165 389 1 164 388
20 132 335 1 130 334
21 91 510 1 89 510
22 130 319 1 129 319
23 93 449 1 92 448
24 52 530 1 51 529
25 97 421 1 96 421
26 93 491 1 91 490
27 192 466 1 190 467
28 123 568 1 121 567
29 53 448 1 52 447
30 100 541 1 98 541
31 89 234 1 88 234
32 124 557 1 122 557
33 43 591 1 44 592
34 104 464 1 104 464
35 118 449 1 117 449
36 101 345 1 100 344
37 164 355 1 163 356
38 111 252 1 110 251
39 196 524 1 194 524
40 156 599 1 155 598
41 128 615 1 126 614
42 198 317 1 196 317
43 73 178 1 72 178
44 247 409 1 245 409
45 130 452 1 129 452
46 169 509 1 167 509
47 107 598 1 106 598
48 231 536 1 229 535
49 234 526 1 233 525
50 276 562 1 274 562
51 220 417 1 218 416
52 155 130 1 155 130
53 197 551 1 196 551
54 117 177 1 116 176
55 176 521 1 174 521
56 116 234 1 115 234
57 244 393 1 243 394
58 242 509 1 241 509
59 231 502 1 229 502
60 198 476 1 197 475
61 43 525 1 41 524
62 168 446 1 168 446
63 226 323 1 224 322
64 149 467 1 148 467
65 160 472 1 158 471
66 180 494 1 180 493
67 180 450 1 178 450
68 233 515 1 231 515
69 319 354 1 317 354
70 176 554 1 174 553
71 136 489 1 134 488
72 213 232 1 212 232
73 136 277 1 134 276
74 304 228 1 303 229
75 180 532 1 178 533
76 135 578 1 133 577
77 99 561 1 97 560
78 125 190 1 124 190
79 311 368 1 311 367
80 159 585 1 157 584
81 165 402 1 163 401
82 146 536 1 145 536
83 191 541 1 190 540
84 229 448 1 228 449
85 145 563 1 143 563
86 87 552 1 86 552
87 104 179 1 102 179
88 322 307 1 320 307
89 102 203 1 100 204
90 124 499 1 123 499
91 171 498 1 169 498
92 169 462 1 168 462
93 102 506 1 101 506
94 316 208 1 315 208
95 122 259 1 121 259
96 56 592 1 54 592
97 176 353 1 175 353
98 144 212 1 142 212
99 249 181 1 248 180
100 176 483 1 175 483
101 296 162 1 295 162
102 146 425 1 144 425
103 146 137 1 144 137
104 134 176 1 133 176
105 155 608 1 154 608
106 235 428 1 233 428
107 241 55 1 240 55
108 147 514 1 145 513
109 164 582 1 164 581
110 144 609 1 143 608
111 282 49 1 281 49
112 199 606 1 198 606
113 106 152 1 105 152
114 302 240 1 301 240
115 305 347 1 304 347
116 145 547 1 143 547
117 213 441 1 212 441
118 319 338 1 318 338
119 51 112 1 50 112
120 290 416 1 289 415
121 104 224 1 102 224
122 311 288 1 310 288
123 303 308 1 302 307
124 161 418 1 159 418
125 317 187 1 316 186
126 163 540 1 161 539
127 312 274 1 311 274
128 38 123 1 36 122
129 324 220 1 323 220
130 136 163 1 135 163
131 297 452 1 295 452
132 188 552 1 186 553
133 315 569 1 313 569
134 148 154 1 146 154
135 137 192 1 136 192
136 308 198 1 307 197
137 296 442 1 295 442
138 131 237 1 129 236
139 118 162 1 117 161
140 166 486 1 165 485
141 104 102 1 102 102
142 310 42 1 309 42
143 170 267 1 169 267
144 159 147 1 158 146
145 215 322 1 214 321
146 312 258 1 311 257
147 176 365 1 175 364
148 311 164 1 310 164
149 151 414 1 149 414
150 171 286 1 169 285
151 297 294 1 295 294
152 221 579 1 221 578
153 271 34 1 270 34
154 115 514 1 113 513
155 136 412 1 133 412
156 152 286 1 153 286
157 180 593 1 178 593
158 306 187 1 305 187
159 315 75 1 313 75
160 305 491 1 303 491
161 145 501 1 142 501
162 156 457 1 154 457
163 332 379 1 330 379
164 254 107 1 254 108
165 153 490 1 152 490
166 306 501 1 305 502
167 314 245 1 314 244
168 325 339 1 324 339
169 147 179 1 146 178
170 323 328 1 321 328
171 301 283 1 300 283
172 167 600 1 166 599
173 308 338 1 306 337
174 234 398 1 232 397
175 142 238 1 140 237
176 87 118 1 85 118
177 129 221 1 128 221
178 177 602 1 175 601
179 181 468 1 179 467
180 282 356 1 281 356
181 275 175 1 273 174
182 165 549 1 164 549
183 171 472 1 169 471
184 298 261 1 297 261
185 77 572 1 75 571
186 160 565 1 159 565
187 319 388 1 318 388
188 326 317 1 325 317
189 169 244 1 167 244
190 260 96 1 260 96
191 159 159 1 158 159
192 234 440 1 232 440
193 300 477 1 299 477
194 177 378 1 176 377
195 239 473 1 238 472
196 300 327 1 297 326
197 289 147 1 288 147
198 260 405 1 258 405
199 278 343 1 276 343
200 307 518 1 305 515
201 166 615 1 164 614
202 252 485 1 250 484
203 268 427 1 267 427
204 223 568 1 221 567
205 291 310 1 289 310
206 250 420 1 248 419
207 323 436 1 322 435
208 260 416 1 259 416
209 331 254 1 330 253
210 272 299 1 271 299
211 307 297 1 306 298
212 142 439 1 141 438
213 295 374 1 295 373
214 156 442 1 154 442
215 318 62 1 317 62
216 291 240 1 290 240
217 255 452 1 254 453
218 328 267 1 327 267
219 134 556 1 133 556
220 321 373 1 319 373
221 264 594 1 262 594
