0 102 330 1 103 331
1 124 475 1 125 475
2 236 544 1 238 545
3 99 351 1 101 353
4 123 522 1 124 523
5 103 314 1 104 315
6 122 505 1 123 507
7 76 284 1 76 286
8 272 460 1 273 462
9 84 522 1 85 524
10 81 578 1 83 580
11 89 473 1 90 474
12 94 572 1 96 573
13 63 122 1 63 124
14 83 559 1 84 561
15 48 118 1 48 120
16 122 411 1 122 412
17 122 485 1 123 487
18 91 584 1 95 585
19 161 384 1 163 385
20 129 331 1 129 332
21 87 506 1 88 507
22 127 314 1 128 316
23 89 445 1 90 446
24 48 525 1 49 527
25 93 416 1 95 418
26 88 487 1 90 488
27 187 463 1 189 465
28 119 564 1 120 565
29 49 443 1 51 445
30 96 537 1 97 538
31 86 229 1 87 231
32 119 553 1 121 554
33 39 587 1 42 589
34 100 459 1 102 462
35 114 445 1 115 446
36 98 340 1 99 342
37 38 520 1 40 522
38 161 351 1 162 353
39 108 248 1 109 249
40 213 330 1 212 332
41 208 310 1 208 311
42 191 520 1 193 522
43 151 595 1 153 596
44 123 610 1 125 612
45 195 315 1 195 317
46 70 173 1 71 175
47 243 405 1 244 407
48 126 448 1 128 450
49 165 505 1 166 506
50 103 594 1 105 595
51 141 615 1 142 616
52 226 532 1 227 533
53 230 522 1 231 523
54 271 559 1 273 560
55 216 413 1 217 414
56 153 126 1 154 127
57 220 612 1 221 613
58 193 547 1 195 548
59 115 172 1 115 174
60 176 183 1 176 184
61 172 517 1 172 519
62 113 230 1 114 231
63 241 390 1 242 392
64 237 506 1 240 507
65 227 499 1 228 500
66 194 473 1 196 474
67 164 442 1 166 444
68 223 320 1 223 321
69 145 462 1 146 464
70 156 468 1 157 469
71 176 490 1 179 491
72 176 446 1 177 447
73 229 512 1 230 513
74 316 352 1 317 353
75 171 550 1 173 551
76 132 485 1 133 486
77 210 229 1 211 230
78 133 272 1 133 273
79 302 225 1 303 227
80 175 528 1 176 531
81 130 574 1 132 575
82 94 556 1 96 558
83 123 186 1 123 187
84 308 365 1 310 365
85 154 581 1 156 582
86 161 398 1 162 399
87 142 532 1 144 533
88 186 537 1 189 538
89 226 445 1 227 447
90 140 559 1 141 560
91 83 547 1 85 550
92 101 175 1 101 176
93 319 305 1 320 305
94 99 199 1 99 201
95 120 495 1 121 496
96 166 494 1 167 496
97 165 458 1 166 460
98 98 502 1 99 503
99 314 205 1 315 206
100 119 255 1 120 257
101 51 588 1 53 589
102 172 349 1 174 351
103 141 208 1 141 209
104 247 177 1 247 178
105 172 480 1 174 480
106 293 158 1 294 160
107 142 421 1 143 423
108 144 132 1 143 134
109 132 172 1 132 173
110 150 604 1 152 605
111 231 425 1 232 426
112 239 51 1 240 53
113 142 509 1 144 511
114 160 578 1 162 579
115 140 605 1 141 606
116 281 45 1 281 46
117 195 602 1 197 603
118 103 147 1 104 149
119 299 238 1 301 238
120 302 345 1 304 345
121 140 543 1 142 545
122 209 438 1 211 439
123 316 336 1 317 336
124 49 107 1 49 109
125 286 413 1 288 413
126 101 220 1 102 222
127 308 285 1 310 286
128 300 305 1 301 305
129 157 414 1 158 415
130 315 184 1 315 184
131 158 536 1 160 537
132 310 271 1 311 272
133 36 117 1 36 119
134 322 217 1 322 218
135 134 159 1 134 161
136 293 449 1 294 450
137 183 548 1 184 550
138 310 567 1 312 568
139 145 150 1 146 151
140 134 188 1 135 189
141 306 194 1 306 195
142 292 439 1 294 441
143 128 232 1 128 234
144 115 157 1 116 159
145 162 482 1 163 483
146 101 97 1 101 99
147 308 38 1 309 39
148 167 263 1 168 264
149 157 142 1 157 143
150 212 320 1 213 321
151 310 255 1 311 256
152 173 361 1 174 362
153 309 161 1 310 161
154 147 410 1 148 411
155 168 282 1 168 283
156 294 291 1 295 292
157 216 575 1 220 576
158 270 30 1 269 31
159 111 509 1 112 511
160 132 408 1 132 409
161 149 281 1 152 284
162 175 589 1 176 590
163 304 184 1 305 185
164 313 71 1 313 72
165 301 488 1 302 490
166 141 497 1 141 498
167 152 453 1 153 454
168 328 377 1 329 378
169 253 103 1 253 105
170 149 486 1 151 487
171 302 498 1 304 500
172 312 242 1 313 242
173 322 336 1 323 337
174 144 174 1 145 176
175 320 326 1 321 327
176 299 280 1 300 281
177 163 595 1 165 597
178 304 335 1 305 336
179 230 394 1 231 395
180 140 234 1 140 234
181 85 113 1 84 115
182 127 217 1 127 218
183 172 598 1 173 599
184 177 464 1 178 465
185 279 353 1 280 354
186 272 171 1 273 172
187 161 545 1 163 547
188 167 468 1 168 469
189 295 258 1 296 259
190 72 567 1 74 569
191 155 561 1 157 562
192 316 386 1 317 386
193 323 315 1 324 316
194 166 240 1 166 242
195 259 92 1 259 93
196 156 155 1 157 156
197 230 436 1 231 438
198 296 475 1 298 476
199 173 373 1 175 375
200 296 324 1 297 325
201 287 143 1 288 145
202 256 402 1 257 403
203 274 341 1 275 341
204 303 515 1 304 514
205 161 610 1 162 612
206 248 481 1 249 483
207 264 424 1 266 425
208 219 564 1 220 565
209 288 307 1 288 308
210 246 417 1 247 418
211 320 434 1 321 434
212 257 412 1 258 414
213 329 251 1 330 252
214 269 296 1 270 297
215 304 295 1 306 296
216 139 434 1 140 436
217 292 371 1 294 371
218 152 438 1 153 440
219 316 57 1 317 59
220 288 237 1 289 238
221 251 449 1 253 451
222 326 264 1 327 265
223 130 551 1 131 553
224 326 133 1 326 134
225 317 370 1 319 371
226 259 590 1 260 592
