0 100 325 1 101 325
1 122 470 1 125 467
2 97 347 1 99 347
3 122 518 1 125 515
4 100 309 1 102 310
5 121 501 1 124 499
6 73 280 1 74 281
7 271 457 1 268 443
8 82 518 1 86 516
9 80 574 1 85 571
10 88 469 1 90 467
11 54 393 1 56 395
12 60 117 1 58 120
13 82 556 1 86 553
14 45 113 1 43 116
15 120 406 1 121 405
16 121 481 1 123 479
17 90 580 1 97 576
18 160 380 1 161 378
19 125 340 1 126 340
20 125 310 1 126 310
21 87 440 1 90 439
22 103 413 1 106 413
23 92 412 1 94 412
24 87 483 1 90 480
25 207 561 1 201 516
26 118 560 1 121 556
27 47 439 1 51 440
28 94 533 1 98 530
29 84 225 1 83 227
30 118 549 1 122 546
31 99 455 1 102 455
32 113 440 1 115 439
33 96 336 1 97 336
34 62 394 1 65 395
35 262 468 1 259 455
36 159 346 1 160 346
37 106 243 1 106 244
38 190 516 1 192 512
39 150 591 1 155 586
40 122 606 1 127 602
41 68 168 1 67 172
42 242 401 1 240 393
43 124 444 1 127 442
44 164 501 1 165 496
45 102 590 1 107 586
46 246 493 1 244 480
47 140 611 1 144 605
48 225 528 1 227 521
49 229 518 1 230 511
50 271 557 1 270 541
51 214 410 1 216 403
52 151 120 1 148 121
53 219 608 1 222 600
54 192 543 1 195 538
55 112 167 1 111 168
56 223 481 1 221 464
57 173 180 1 158 147
58 170 513 1 172 509
59 240 386 1 238 378
60 237 503 1 236 488
61 227 496 1 224 479
62 193 472 1 190 450
63 202 466 1 198 438
64 162 438 1 166 436
65 143 458 1 146 456
66 154 464 1 156 460
67 174 485 1 179 481
68 130 404 1 131 402
69 175 441 1 176 439
70 217 431 1 218 425
71 228 508 1 228 498
72 316 349 1 306 330
73 170 545 1 174 541
74 131 481 1 133 478
75 209 224 1 203 216
76 131 267 1 130 268
77 93 183 1 93 184
78 236 493 1 235 479
79 302 221 1 292 209
80 174 524 1 177 522
81 93 552 1 97 549
82 120 181 1 119 181
83 308 362 1 300 344
84 153 577 1 157 571
85 159 393 1 161 391
86 141 529 1 144 523
87 185 532 1 189 527
88 224 441 1 225 436
89 139 555 1 142 549
90 81 544 1 86 541
91 98 169 1 97 171
92 319 301 1 308 283
93 204 519 1 206 514
94 96 194 1 95 196
95 279 380 1 274 367
96 119 491 1 122 488
97 109 190 1 108 192
98 165 490 1 167 486
99 164 454 1 166 451
100 97 498 1 100 495
101 314 201 1 302 187
102 117 250 1 117 251
103 171 345 1 172 344
104 139 203 1 135 199
105 245 172 1 240 168
106 170 475 1 173 471
107 293 153 1 282 143
108 141 127 1 138 128
109 129 166 1 127 167
110 150 600 1 154 595
111 230 421 1 230 415
112 141 506 1 144 500
113 159 574 1 163 568
114 186 178 1 164 136
115 139 601 1 143 595
116 280 38 1 267 33
117 194 597 1 198 592
118 302 341 1 294 325
119 139 539 1 143 534
120 207 434 1 209 428
121 316 333 1 306 313
122 46 102 1 44 104
123 286 410 1 281 395
124 99 215 1 98 216
125 308 282 1 299 267
126 161 522 1 164 517
127 300 301 1 291 286
128 155 409 1 157 407
129 315 178 1 301 165
130 294 461 1 289 444
131 157 532 1 160 526
132 310 268 1 299 252
133 32 112 1 31 115
134 322 213 1 308 197
135 131 153 1 129 155
136 293 447 1 288 430
137 182 544 1 185 540
138 310 565 1 306 542
139 143 144 1 140 145
140 132 182 1 130 183
141 129 534 1 132 530
142 306 190 1 294 177
143 325 350 1 314 330
144 292 436 1 288 420
145 125 227 1 124 228
146 113 152 1 111 153
147 161 478 1 163 474
148 98 92 1 96 94
149 308 31 1 292 24
150 154 137 1 152 138
151 303 350 1 295 334
152 310 251 1 298 235
153 171 356 1 172 355
154 309 155 1 296 143
155 145 405 1 147 404
156 166 277 1 165 276
157 293 287 1 285 274
158 307 312 1 298 296
159 110 505 1 113 503
160 147 277 1 149 278
161 174 585 1 178 580
162 304 179 1 292 167
163 313 64 1 297 55
164 301 486 1 295 466
165 150 449 1 153 446
166 164 299 1 164 298
167 329 375 1 318 354
168 269 25 1 257 20
169 251 98 1 244 94
170 148 482 1 151 478
171 302 496 1 297 478
172 312 237 1 300 222
173 322 333 1 312 315
174 142 169 1 140 170
175 320 323 1 310 305
176 128 236 1 128 237
177 298 276 1 289 261
178 162 592 1 166 585
179 304 331 1 296 315
180 228 390 1 228 383
181 137 229 1 136 228
182 82 108 1 79 110
183 124 212 1 123 212
184 171 594 1 175 588
185 175 460 1 177 455
186 271 166 1 263 158
187 160 542 1 163 536
188 165 464 1 167 460
189 295 253 1 286 242
190 71 563 1 75 560
191 249 358 1 246 349
192 154 557 1 158 551
193 316 383 1 308 364
194 324 312 1 312 293
195 154 150 1 152 151
196 234 529 1 235 522
197 229 432 1 229 426
198 296 472 1 292 454
199 172 369 1 173 368
200 296 321 1 288 306
201 287 138 1 276 129
202 255 398 1 252 388
203 274 337 1 268 325
204 303 513 1 298 491
205 160 606 1 164 601
206 246 479 1 244 463
207 263 420 1 261 409
208 251 570 1 251 556
209 273 546 1 270 531
210 287 303 1 280 291
211 246 413 1 243 404
212 320 432 1 312 409
213 216 598 1 220 591
214 256 409 1 254 400
215 329 247 1 316 231
216 268 292 1 263 282
217 304 291 1 296 278
218 137 430 1 139 428
219 292 368 1 286 352
220 286 205 1 277 194
221 150 434 1 152 432
222 317 51 1 300 43
223 250 445 1 249 436
224 326 260 1 314 244
225 326 127 1 309 115
226 267 155 1 256 145
227 317 367 1 309 350
228 258 587 1 259 576
