0 79 302 1 101 325
1 98 449 1 126 469
2 210 548 1 229 521
3 96 497 1 125 517
4 80 286 1 102 310
5 95 480 1 124 501
6 53 255 1 74 281
7 56 496 1 86 518
8 53 553 1 85 574
9 63 447 1 90 469
10 31 369 1 56 395
11 44 89 1 57 119
12 55 534 1 86 555
13 29 85 1 43 114
14 97 385 1 122 406
15 96 460 1 123 481
16 77 318 1 97 337
17 63 558 1 97 579
18 138 359 1 162 379
19 104 318 1 126 341
20 105 287 1 126 310
21 63 418 1 90 440
22 139 327 1 160 347
23 91 595 1 124 615
24 79 391 1 106 414
25 68 390 1 95 413
26 62 461 1 90 482
27 198 566 1 218 534
28 68 511 1 98 532
29 199 271 1 195 230
30 91 539 1 122 559
31 194 576 1 216 547
32 65 200 1 83 226
33 214 558 1 235 535
34 92 528 1 122 548
35 131 598 1 164 616
36 74 433 1 102 456
37 89 419 1 115 440
38 171 166 1 164 133
39 186 522 1 215 536
40 200 166 1 183 121
41 87 219 1 106 244
42 41 370 1 66 396
43 165 497 1 194 514
44 123 571 1 155 589
45 200 469 1 223 471
46 94 586 1 127 605
47 61 470 1 89 492
48 51 142 1 67 172
49 220 385 1 242 396
50 101 422 1 128 444
51 139 482 1 166 499
52 75 569 1 107 589
53 229 567 1 249 544
54 171 442 1 197 460
55 113 531 1 143 549
56 221 479 1 246 485
57 112 590 1 144 609
58 200 511 1 228 524
59 204 501 1 232 514
60 175 285 1 173 239
61 136 96 1 149 120
62 191 590 1 224 604
63 113 521 1 143 538
64 166 524 1 196 541
65 96 142 1 111 168
66 114 600 1 147 618
67 145 493 1 173 512
68 218 369 1 240 381
69 232 540 1 254 528
70 202 424 1 226 438
71 169 462 1 192 459
72 179 512 1 208 526
73 139 417 1 166 437
74 182 168 1 165 115
75 119 438 1 147 458
76 130 443 1 157 462
77 150 466 1 180 484
78 107 382 1 131 403
79 151 422 1 177 440
80 194 414 1 219 427
81 203 493 1 230 503
82 300 338 1 312 335
83 144 526 1 175 544
84 106 459 1 134 480
85 295 289 1 304 286
86 192 206 1 205 217
87 112 244 1 131 268
88 76 158 1 93 183
89 212 480 1 237 485
90 289 205 1 296 210
91 148 504 1 177 524
92 314 573 1 335 562
93 66 531 1 97 552
94 103 156 1 119 181
95 56 524 1 86 544
96 291 352 1 305 349
97 126 557 1 157 575
98 137 372 1 162 392
99 115 509 1 145 526
100 161 513 1 190 530
101 333 479 1 346 461
102 176 432 1 200 447
103 82 144 1 97 170
104 305 290 1 314 287
105 179 501 1 207 516
106 192 287 1 199 272
107 79 170 1 95 195
108 259 365 1 277 371
109 94 469 1 122 490
110 91 167 1 108 191
111 140 433 1 166 453
112 71 476 1 100 497
113 304 185 1 307 187
114 99 227 1 118 251
115 150 324 1 173 344
116 121 181 1 135 199
117 147 456 1 174 473
118 282 135 1 286 142
119 126 103 1 138 127
120 113 142 1 128 166
121 122 580 1 154 598
122 208 403 1 231 417
123 122 452 1 150 469
124 116 486 1 144 503
125 132 555 1 164 571
126 112 580 1 144 599
127 161 440 1 188 457
128 167 578 1 199 596
129 322 308 1 326 296
130 286 329 1 299 329
131 312 199 1 314 198
132 184 416 1 210 430
133 230 148 1 242 167
134 301 322 1 311 318
135 29 74 1 43 103
136 266 398 1 285 399
137 278 274 1 289 276
138 80 191 1 98 216
139 294 269 1 303 269
140 136 503 1 165 519
141 285 288 1 296 289
142 133 389 1 157 409
143 305 161 1 307 164
144 206 531 1 234 544
145 132 513 1 161 530
146 245 560 1 268 550
147 297 254 1 304 254
148 115 129 1 129 154
149 318 533 1 339 525
150 157 525 1 186 543
151 287 558 1 310 552
152 127 120 1 141 144
153 146 601 1 179 619
154 115 159 1 130 182
155 102 515 1 132 532
156 294 173 1 299 177
157 310 341 1 320 335
158 272 424 1 291 426
159 107 204 1 124 227
160 97 127 1 111 153
161 232 173 1 244 187
162 136 458 1 164 476
163 84 66 1 96 93
164 139 113 1 152 137
165 285 339 1 300 338
166 297 237 1 304 237
167 150 335 1 173 356
168 300 138 1 301 142
169 122 385 1 147 405
170 147 255 1 166 276
171 327 249 1 331 244
172 292 299 1 302 299
173 85 484 1 113 505
174 127 253 1 150 278
175 220 289 1 214 246
176 147 566 1 179 583
177 293 162 1 296 166
178 308 42 1 302 50
179 279 477 1 300 474
180 127 428 1 153 448
181 144 277 1 165 298
182 313 366 1 324 360
183 240 76 1 246 92
184 123 462 1 151 480
185 280 487 1 302 485
186 301 223 1 306 223
187 307 322 1 318 319
188 126 146 1 141 169
189 305 311 1 315 309
190 110 212 1 128 237
191 284 262 1 294 264
192 135 572 1 167 589
193 288 320 1 300 319
194 208 373 1 229 385
195 119 206 1 136 228
196 264 609 1 294 613
197 322 388 1 334 378
198 66 81 1 79 109
199 107 188 1 123 212
200 144 573 1 176 591
201 152 440 1 178 457
202 259 146 1 266 157
203 134 523 1 164 539
204 141 444 1 168 462
205 128 538 1 159 555
206 324 363 1 334 354
207 299 373 1 313 369
208 301 466 1 318 457
209 310 301 1 318 297
210 138 126 1 152 150
211 209 512 1 237 525
212 328 538 1 347 525
213 206 415 1 230 428
214 275 462 1 296 461
215 150 348 1 174 368
216 279 307 1 292 309
217 275 119 1 279 128
218 234 384 1 255 391
219 255 322 1 271 328
220 280 502 1 302 499
221 132 586 1 165 604
222 243 406 1 263 413
223 319 110 1 316 112
224 269 289 1 283 293
225 224 397 1 245 407
226 192 531 1 221 545
227 189 580 1 221 595
228 235 393 1 256 403
229 317 234 1 322 232
230 251 277 1 266 284
231 289 277 1 300 280
232 114 409 1 140 429
233 272 355 1 290 356
234 299 278 1 311 281
235 323 490 1 339 478
236 273 188 1 281 194
237 127 413 1 153 433
238 228 431 1 252 440
239 314 248 1 319 246
240 255 137 1 260 144
241 301 356 1 314 355
242 307 412 1 322 407
243 231 572 1 262 581
244 265 456 1 286 458
245 329 433 1 342 421
246 318 548 1 338 534
247 308 236 1 314 236
248 289 373 1 301 366
249 196 520 1 225 534
250 149 476 1 177 493
251 222 546 1 241 523
252 241 129 1 249 141
253 312 28 1 306 37
254 290 363 1 303 359
255 245 580 1 274 584
256 254 397 1 274 401
257 145 583 1 177 600
258 275 344 1 289 344
259 308 550 1 329 539
260 246 520 1 272 524
