0 80 302 1 83 302
1 99 449 1 101 449
2 97 497 1 99 497
3 81 286 1 84 286
4 96 480 1 98 481
5 55 255 1 57 256
6 57 496 1 60 497
7 53 553 1 56 553
8 64 447 1 66 447
9 107 304 1 109 303
10 46 89 1 47 91
11 56 534 1 58 534
12 31 85 1 32 86
13 99 385 1 100 385
14 97 460 1 99 460
15 64 559 1 68 559
16 139 359 1 142 359
17 196 548 1 197 549
18 61 480 1 63 480
19 106 287 1 109 288
20 64 418 1 67 418
21 140 327 1 142 326
22 91 596 1 93 596
23 70 390 1 72 391
24 63 461 1 65 461
25 200 570 1 202 570
26 68 511 1 71 512
27 201 273 1 203 273
28 66 546 1 69 546
29 92 539 1 94 539
30 196 579 1 198 579
31 67 200 1 69 200
32 215 562 1 218 562
33 132 598 1 134 599
34 76 435 1 79 435
35 90 419 1 92 419
36 187 522 1 189 522
37 93 529 1 95 529
38 89 219 1 92 219
39 166 497 1 168 498
40 203 283 1 206 283
41 124 571 1 126 571
42 201 470 1 203 470
43 95 586 1 97 586
44 62 470 1 64 471
45 53 142 1 55 143
46 222 385 1 224 386
47 212 304 1 214 304
48 102 423 1 104 423
49 140 482 1 141 483
50 76 569 1 77 569
51 230 570 1 233 570
52 113 531 1 115 532
53 112 591 1 114 591
54 201 512 1 203 512
55 205 502 1 207 502
56 176 287 1 179 287
57 138 96 1 140 96
58 192 591 1 195 591
59 114 522 1 116 521
60 167 525 1 169 524
61 98 142 1 100 143
62 114 600 1 116 601
63 146 494 1 148 494
64 94 202 1 96 201
65 220 370 1 222 371
66 233 543 1 236 543
67 203 425 1 205 425
68 140 418 1 144 419
69 121 438 1 123 438
70 131 443 1 133 443
71 151 467 1 155 467
72 108 382 1 110 383
73 152 422 1 154 423
74 204 494 1 207 494
75 302 339 1 304 340
76 145 526 1 148 527
77 188 304 1 191 304
78 107 459 1 109 460
79 297 290 1 299 291
80 193 206 1 196 206
81 113 244 1 115 245
82 213 481 1 216 481
83 291 206 1 293 206
84 149 505 1 151 506
85 315 575 1 317 575
86 67 531 1 69 532
87 105 157 1 107 157
88 56 524 1 59 523
89 293 353 1 296 352
90 127 558 1 129 558
91 138 372 1 141 372
92 116 510 1 119 510
93 162 514 1 164 515
94 177 433 1 178 433
95 83 144 1 85 145
96 307 291 1 310 291
97 81 170 1 82 171
98 95 470 1 97 470
99 141 434 1 143 434
100 72 476 1 75 477
101 307 186 1 308 186
102 100 227 1 103 227
103 152 324 1 154 324
104 123 181 1 124 181
105 147 457 1 150 456
106 284 135 1 286 136
107 118 396 1 121 397
108 128 103 1 129 103
109 115 142 1 117 143
110 123 580 1 125 581
111 210 404 1 211 404
112 123 453 1 126 452
113 117 487 1 119 487
114 133 555 1 136 556
115 112 581 1 114 581
116 168 579 1 170 580
117 86 117 1 89 118
118 260 148 1 262 147
119 324 310 1 326 310
120 287 331 1 290 331
121 314 199 1 316 199
122 185 417 1 189 417
123 303 323 1 305 324
124 335 483 1 337 482
125 32 74 1 33 74
126 268 399 1 270 398
127 279 275 1 282 274
128 82 191 1 84 192
129 296 270 1 298 270
130 137 503 1 139 503
131 287 289 1 289 289
132 134 390 1 136 389
133 308 162 1 309 163
134 207 532 1 208 532
135 133 514 1 134 514
136 246 562 1 248 562
137 299 255 1 301 255
138 117 130 1 119 130
139 320 535 1 322 536
140 158 526 1 159 526
141 288 560 1 290 561
142 129 120 1 131 121
143 147 602 1 149 602
144 117 159 1 119 159
145 297 174 1 299 174
146 312 342 1 314 342
147 273 425 1 276 427
148 109 204 1 111 205
149 99 127 1 100 128
150 234 173 1 237 173
151 137 458 1 140 458
152 86 66 1 87 66
153 148 236 1 150 237
154 141 113 1 143 113
155 299 238 1 301 238
156 151 336 1 154 335
157 302 138 1 304 138
158 124 385 1 126 385
159 148 255 1 150 255
160 329 250 1 332 250
161 86 484 1 87 484
162 148 566 1 150 566
163 295 163 1 297 163
164 311 42 1 312 43
165 280 480 1 283 479
166 128 428 1 130 429
167 315 368 1 317 367
168 242 77 1 244 77
169 124 463 1 127 463
170 282 489 1 284 490
171 303 224 1 305 224
172 309 323 1 311 324
173 128 146 1 130 146
174 307 312 1 309 312
175 326 127 1 328 127
176 286 263 1 288 263
177 135 573 1 138 573
178 290 321 1 292 321
179 209 374 1 212 374
180 121 206 1 122 205
181 324 390 1 327 390
182 68 81 1 69 82
183 108 189 1 110 189
184 145 574 1 147 574
185 153 441 1 155 440
186 262 338 1 264 337
187 231 24 1 231 21
188 135 523 1 138 524
189 142 445 1 145 444
190 129 539 1 131 539
191 326 365 1 329 365
192 301 375 1 303 375
193 303 468 1 305 468
194 312 303 1 314 302
195 147 213 1 149 213
196 249 64 1 251 64
197 140 126 1 142 126
198 330 541 1 332 541
199 208 415 1 210 416
200 277 464 1 279 464
201 152 348 1 154 348
202 281 308 1 283 308
203 278 120 1 280 119
204 236 385 1 238 385
205 257 323 1 259 323
206 282 504 1 284 504
207 133 587 1 135 587
208 244 407 1 246 407
209 321 111 1 323 110
210 271 290 1 274 290
211 225 397 1 227 398
212 193 532 1 195 532
213 236 394 1 238 394
214 320 235 1 322 235
215 253 277 1 255 277
216 291 278 1 293 278
217 115 409 1 117 409
218 274 357 1 278 355
219 301 279 1 303 279
220 325 492 1 327 492
221 275 189 1 277 188
222 128 413 1 130 414
223 276 217 1 278 218
224 229 432 1 232 432
225 316 249 1 318 249
226 103 527 1 105 528
227 302 358 1 304 358
228 309 414 1 310 414
229 232 573 1 235 574
230 266 457 1 268 456
231 320 550 1 322 550
232 310 237 1 311 236
233 290 374 1 292 374
234 197 521 1 200 521
235 150 476 1 152 477
236 223 550 1 225 550
237 288 252 1 290 253
238 243 129 1 244 129
239 315 28 1 317 29
240 292 364 1 294 364
241 246 581 1 248 581
242 255 398 1 258 398
243 66 95 1 67 96
244 145 583 1 148 583
245 276 345 1 279 343
246 309 552 1 311 552
247 247 520 1 249 521
