0 88 302 1 91 304
1 111 451 1 114 452
2 110 500 1 113 501
3 61 256 1 64 258
4 65 600 1 68 601
5 108 484 1 112 485
6 115 303 1 118 304
7 69 539 1 72 540
8 111 429 1 114 431
9 85 436 1 90 438
10 31 84 1 33 86
11 150 357 1 152 359
12 67 558 1 70 560
13 109 462 1 111 464
14 74 449 1 78 451
15 66 576 1 69 578
16 79 408 1 82 410
17 149 326 1 151 327
18 107 600 1 110 602
19 73 484 1 76 485
20 70 500 1 73 502
21 80 392 1 83 394
22 101 421 1 104 423
23 75 420 1 78 422
24 105 543 1 108 545
25 96 594 1 98 596
26 71 199 1 74 201
27 148 602 1 151 604
28 81 551 1 84 552
29 74 464 1 78 465
30 202 525 1 204 527
31 81 503 1 84 505
32 106 532 1 109 533
33 81 563 1 83 565
34 205 588 1 208 589
35 85 451 1 88 452
36 108 386 1 111 387
37 139 575 1 142 577
38 110 591 1 113 592
39 81 515 1 85 517
40 73 473 1 76 475
41 265 581 1 268 583
42 245 609 1 248 611
43 56 142 1 59 144
44 234 387 1 237 389
45 95 217 1 98 219
46 128 537 1 130 538
47 128 595 1 131 597
48 215 514 1 219 516
49 91 573 1 93 575
50 216 437 1 219 439
51 140 92 1 143 94
52 101 140 1 103 142
53 190 490 1 192 492
54 130 605 1 133 607
55 99 201 1 101 202
56 232 371 1 235 373
57 27 547 1 30 548
58 216 425 1 218 427
59 219 496 1 222 497
60 313 356 1 314 357
61 162 468 1 165 470
62 132 440 1 135 441
63 143 444 1 146 446
64 152 485 1 155 487
65 118 384 1 121 385
66 163 423 1 167 425
67 160 529 1 163 530
68 250 592 1 253 594
69 95 563 1 97 565
70 119 460 1 122 463
71 128 526 1 131 527
72 171 452 1 173 453
73 238 485 1 241 488
74 236 605 1 238 607
75 119 243 1 122 245
76 182 526 1 185 528
77 210 415 1 212 417
78 229 487 1 232 490
79 164 507 1 166 509
80 315 168 1 318 170
81 81 536 1 84 537
82 109 154 1 111 156
83 70 528 1 73 529
84 321 322 1 324 324
85 293 138 1 296 140
86 77 596 1 80 598
87 306 206 1 308 207
88 189 435 1 191 436
89 85 143 1 89 145
90 133 511 1 136 513
91 187 572 1 189 574
92 118 400 1 121 401
93 84 170 1 86 171
94 107 472 1 110 474
95 125 450 1 128 451
96 316 290 1 319 291
97 153 435 1 156 437
98 91 118 1 91 117
99 310 301 1 313 302
100 106 226 1 109 228
101 161 322 1 164 324
102 131 561 1 134 562
103 126 179 1 128 181
104 321 381 1 324 382
105 138 464 1 140 467
106 161 458 1 164 459
107 129 398 1 132 399
108 129 99 1 132 101
109 118 140 1 120 142
110 139 584 1 141 586
111 153 496 1 156 498
112 135 454 1 139 456
113 149 560 1 152 561
114 129 585 1 130 587
115 184 583 1 187 584
116 62 586 1 65 588
117 301 500 1 304 501
118 268 139 1 271 141
119 315 235 1 317 237
120 221 403 1 224 405
121 31 73 1 34 75
122 250 202 1 252 204
123 293 273 1 296 274
124 86 191 1 89 192
125 151 506 1 153 508
126 176 517 1 179 519
127 144 390 1 147 391
128 222 534 1 225 536
129 146 517 1 149 519
130 251 574 1 254 575
131 237 141 1 240 143
132 129 490 1 133 492
133 120 128 1 122 129
134 232 75 1 235 77
135 318 272 1 321 274
136 301 289 1 304 290
137 132 117 1 134 119
138 163 605 1 166 607
139 120 157 1 123 159
140 117 601 1 120 604
141 128 375 1 131 377
142 313 256 1 315 257
143 171 528 1 174 530
144 113 203 1 116 205
145 292 211 1 295 213
146 101 125 1 104 127
147 242 168 1 244 170
148 150 460 1 153 461
149 306 283 1 309 285
150 87 64 1 88 65
151 155 234 1 157 236
152 144 109 1 147 111
153 256 247 1 259 248
154 160 334 1 164 336
155 251 214 1 255 216
156 305 311 1 308 313
157 134 386 1 137 387
158 155 252 1 158 255
159 265 339 1 268 340
160 138 376 1 141 378
161 304 332 1 307 334
162 205 555 1 207 556
163 294 309 1 298 310
164 164 570 1 166 571
165 308 600 1 311 602
166 271 471 1 274 472
167 140 430 1 142 431
168 316 130 1 319 131
169 300 262 1 303 263
170 319 152 1 322 154
171 291 357 1 294 359
172 278 376 1 281 377
173 132 143 1 134 145
174 234 128 1 237 131
175 322 364 1 325 365
176 318 608 1 321 610
177 229 496 1 231 498
178 152 578 1 154 580
179 221 375 1 224 376
180 126 203 1 128 205
181 283 400 1 286 403
182 68 80 1 71 81
183 113 187 1 115 189
184 301 489 1 303 490
185 160 576 1 163 579
186 165 441 1 168 443
187 276 340 1 279 341
188 206 545 1 209 547
189 150 528 1 152 530
190 155 445 1 158 447
191 243 110 1 246 112
192 270 449 1 273 451
193 144 543 1 146 545
194 268 377 1 271 379
195 203 608 1 206 609
196 120 513 1 122 515
197 153 210 1 156 212
198 304 344 1 307 345
199 144 123 1 146 124
200 118 534 1 121 537
201 292 434 1 294 435
202 220 416 1 223 418
203 162 348 1 164 349
204 318 192 1 320 194
205 293 221 1 296 222
206 278 427 1 281 429
207 288 110 1 291 112
208 311 574 1 314 576
209 187 560 1 190 562
210 302 512 1 305 515
211 149 591 1 152 592
212 181 503 1 183 501
213 264 276 1 267 277
214 293 455 1 296 457
215 276 294 1 280 295
216 244 436 1 247 436
217 238 398 1 240 401
218 209 534 1 211 536
219 229 551 1 232 553
220 239 178 1 241 180
221 249 496 1 251 498
222 297 116 1 300 118
223 326 452 1 329 454
224 215 555 1 218 557
225 126 410 1 129 412
226 281 361 1 283 363
227 238 97 1 241 99
228 287 183 1 289 185
229 139 414 1 142 416
230 310 322 1 313 324
231 278 143 1 281 145
232 195 549 1 198 551
233 307 419 1 310 420
234 283 462 1 285 463
235 295 236 1 298 238
236 296 479 1 299 480
237 258 328 1 261 329
238 213 523 1 216 525
239 282 487 1 285 488
240 211 565 1 213 566
241 163 479 1 166 480
242 287 417 1 289 418
243 295 377 1 298 378
244 249 121 1 252 123
245 270 199 1 273 200
246 303 588 1 306 589
247 324 434 1 327 436
248 278 264 1 280 265
249 260 362 1 262 364
250 307 272 1 310 274
251 271 401 1 273 403
252 285 251 1 287 252
253 280 312 1 282 313
254 216 545 1 218 547
255 248 407 1 251 408
256 305 545 1 308 547
257 282 282 1 285 284
258 288 497 1 291 498
259 201 564 1 204 565
260 265 348 1 268 350
261 67 93 1 69 95
262 258 78 1 260 79
263 233 217 1 235 218
264 320 409 1 323 410
265 283 564 1 285 565
266 317 585 1 320 587
267 162 587 1 165 588
268 308 379 1 311 381
269 291 345 1 294 347
270 264 526 1 267 529
271 324 476 1 327 478
272 298 300 1 301 301
273 273 513 1 275 516
274 284 388 1 287 391
275 259 450 1 262 452
276 272 250 1 275 251
277 305 400 1 308 402
278 306 368 1 309 370
279 258 190 1 260 190
280 267 212 1 270 213
