0 89 302 1 91 304
1 112 451 1 114 452
2 111 500 1 112 501
3 62 256 1 64 257
4 66 600 1 68 601
5 109 484 1 112 485
6 116 303 1 118 304
7 71 539 1 72 540
8 112 429 1 114 431
9 86 436 1 90 438
10 31 84 1 33 86
11 151 357 1 152 359
12 69 558 1 70 560
13 110 462 1 111 464
14 75 450 1 77 451
15 68 577 1 69 578
16 80 409 1 82 410
17 149 326 1 151 327
18 108 601 1 110 602
19 74 484 1 76 485
20 71 500 1 73 502
21 81 392 1 83 394
22 102 421 1 104 423
23 77 420 1 78 422
24 106 543 1 108 545
25 97 594 1 98 596
26 72 199 1 74 201
27 149 603 1 151 604
28 83 551 1 84 552
29 75 464 1 77 465
30 203 525 1 204 527
31 83 503 1 84 505
32 108 532 1 109 534
33 82 564 1 83 565
34 207 590 1 208 592
35 86 451 1 88 452
36 109 386 1 111 387
37 140 575 1 142 577
38 191 493 1 192 494
39 112 591 1 113 592
40 82 515 1 85 517
41 75 474 1 76 475
42 266 582 1 268 584
43 247 611 1 248 613
44 57 142 1 59 144
45 235 387 1 237 389
46 96 217 1 98 219
47 201 491 1 202 492
48 129 537 1 130 539
49 129 596 1 131 597
50 217 514 1 219 516
51 92 574 1 93 575
52 217 437 1 219 439
53 141 92 1 143 94
54 101 140 1 103 142
55 132 605 1 133 607
56 99 201 1 101 202
57 233 371 1 235 373
58 28 548 1 29 549
59 217 425 1 219 427
60 220 496 1 222 498
61 314 356 1 314 358
62 163 468 1 165 470
63 134 440 1 135 441
64 144 444 1 146 446
65 153 485 1 155 487
66 119 384 1 121 385
67 164 423 1 167 425
68 251 580 1 251 582
69 161 529 1 163 531
70 252 595 1 253 597
71 97 563 1 97 565
72 120 460 1 122 463
73 130 526 1 131 527
74 172 452 1 173 453
75 239 485 1 241 488
76 237 608 1 238 610
77 120 243 1 122 245
78 184 526 1 185 528
79 211 416 1 212 418
80 231 488 1 232 491
81 165 507 1 166 509
82 316 168 1 319 170
83 82 536 1 84 537
84 109 154 1 111 156
85 71 528 1 72 529
86 323 322 1 325 324
87 295 138 1 297 140
88 78 597 1 79 598
89 307 205 1 309 207
90 190 435 1 191 436
91 86 143 1 89 145
92 134 511 1 136 513
93 189 572 1 189 574
94 119 400 1 120 401
95 84 169 1 86 171
96 108 472 1 110 474
97 126 450 1 128 451
98 318 290 1 320 292
99 154 435 1 156 437
100 312 301 1 313 303
101 107 226 1 109 227
102 162 322 1 164 324
103 132 561 1 134 563
104 127 179 1 128 181
105 323 381 1 324 383
106 139 464 1 140 467
107 162 458 1 163 460
108 130 398 1 132 399
109 130 99 1 132 101
110 118 139 1 120 141
111 140 584 1 141 586
112 154 496 1 156 498
113 136 455 1 139 456
114 150 560 1 152 562
115 130 585 1 130 587
116 186 583 1 187 584
117 63 587 1 64 588
118 303 500 1 305 502
119 193 504 1 195 505
120 269 139 1 272 141
121 316 235 1 318 237
122 222 403 1 224 405
123 32 73 1 34 74
124 251 202 1 252 204
125 294 273 1 297 275
126 86 191 1 89 192
127 152 507 1 153 508
128 177 517 1 179 519
129 145 390 1 147 391
130 223 534 1 225 537
131 148 517 1 149 519
132 238 141 1 240 143
133 131 490 1 132 492
134 120 127 1 122 129
135 233 74 1 235 76
136 320 272 1 321 274
137 303 289 1 305 291
138 132 117 1 134 119
139 165 605 1 166 607
140 121 157 1 123 158
141 119 602 1 120 604
142 129 375 1 131 377
143 314 256 1 316 258
144 172 528 1 174 530
145 114 203 1 116 205
146 293 211 1 295 213
147 102 125 1 104 127
148 243 168 1 244 169
149 151 460 1 153 461
150 308 283 1 310 285
151 87 63 1 88 64
152 155 234 1 158 235
153 145 109 1 147 111
154 257 246 1 259 248
155 162 334 1 164 336
156 252 214 1 255 216
157 306 311 1 308 313
158 135 386 1 137 387
159 156 252 1 158 254
160 266 339 1 268 341
161 139 376 1 141 378
162 306 332 1 307 335
163 206 555 1 207 557
164 296 310 1 298 311
165 165 570 1 166 571
166 310 601 1 311 603
167 273 471 1 274 473
168 141 430 1 142 431
169 317 129 1 319 131
170 301 262 1 303 263
171 320 152 1 322 154
172 292 357 1 294 360
173 279 376 1 281 377
174 132 143 1 134 144
175 234 128 1 237 130
176 324 364 1 326 366
177 320 609 1 321 612
178 230 497 1 232 499
179 153 578 1 154 580
180 222 375 1 224 377
181 127 203 1 128 205
182 284 400 1 286 403
183 69 80 1 71 81
184 113 187 1 115 188
185 302 490 1 304 491
186 161 576 1 163 579
187 166 441 1 168 443
188 277 340 1 279 341
189 208 545 1 209 547
190 151 528 1 152 530
191 156 445 1 158 447
192 244 110 1 246 111
193 272 449 1 273 451
194 146 543 1 146 545
195 269 377 1 271 379
196 205 610 1 206 612
197 121 514 1 122 515
198 154 210 1 156 212
199 306 344 1 308 346
200 144 122 1 146 124
201 119 535 1 121 537
202 293 434 1 294 436
203 222 416 1 223 418
204 163 347 1 164 349
205 319 192 1 321 194
206 294 221 1 296 222
207 280 427 1 281 429
208 289 109 1 291 111
209 313 575 1 314 577
210 188 560 1 190 562
211 303 513 1 305 516
212 150 591 1 152 593
213 182 503 1 183 501
214 265 276 1 267 277
215 295 455 1 296 458
216 278 294 1 280 295
217 246 435 1 247 437
218 239 399 1 241 401
219 210 535 1 211 537
220 231 552 1 232 554
221 239 178 1 241 179
222 250 497 1 252 499
223 298 116 1 301 118
224 328 453 1 329 455
225 216 555 1 218 557
226 127 410 1 129 412
227 282 361 1 284 363
228 239 97 1 241 99
229 287 183 1 290 184
230 140 414 1 142 416
231 312 323 1 314 324
232 279 142 1 281 144
233 197 549 1 198 551
234 309 419 1 311 421
235 284 462 1 286 464
236 297 236 1 299 238
237 298 480 1 299 481
238 259 328 1 261 330
239 214 523 1 216 525
240 284 487 1 286 489
241 213 565 1 213 566
242 165 479 1 166 480
243 288 417 1 290 419
244 297 377 1 299 379
245 249 120 1 252 123
246 271 198 1 273 200
247 305 588 1 306 591
248 326 435 1 328 437
249 279 264 1 281 265
250 261 362 1 262 364
251 309 272 1 310 274
252 272 402 1 274 403
253 285 250 1 288 252
254 281 312 1 283 314
255 217 545 1 218 547
256 249 407 1 251 409
257 307 546 1 309 548
258 283 282 1 286 284
259 289 497 1 291 499
260 202 564 1 204 565
261 266 349 1 269 351
262 67 93 1 69 95
263 259 77 1 261 79
264 234 217 1 236 218
265 322 409 1 323 411
266 284 564 1 286 566
267 319 587 1 320 589
268 163 587 1 164 589
269 310 380 1 312 382
270 293 345 1 295 348
271 266 527 1 267 529
272 326 477 1 328 479
273 300 300 1 302 301
274 274 514 1 276 516
275 285 388 1 287 391
276 261 450 1 262 452
277 273 249 1 275 251
278 307 401 1 308 403
279 308 369 1 310 371
280 258 189 1 261 190
281 267 211 1 270 213
