0 92 275 1 96 274
1 110 426 1 115 424
2 101 584 1 106 584
3 109 475 1 113 473
4 107 436 1 113 436
5 65 227 1 70 227
6 61 573 1 66 573
7 106 459 1 113 457
8 118 276 1 123 275
9 67 513 1 72 512
10 111 403 1 116 403
11 38 52 1 42 52
12 152 332 1 156 332
13 65 532 1 69 531
14 74 423 1 79 423
15 61 590 1 66 589
16 63 550 1 68 549
17 80 382 1 85 381
18 79 489 1 85 488
19 152 300 1 156 299
20 103 575 1 108 574
21 78 538 1 82 537
22 80 525 1 83 524
23 72 458 1 77 457
24 69 474 1 73 473
25 81 365 1 86 365
26 101 395 1 106 394
27 76 393 1 80 393
28 92 568 1 97 568
29 86 410 1 92 410
30 77 170 1 81 170
31 64 111 1 67 111
32 144 579 1 149 578
33 238 354 1 240 351
34 74 437 1 79 437
35 104 519 1 108 517
36 200 503 1 205 503
37 80 477 1 85 477
38 104 507 1 109 506
39 209 610 1 214 610
40 85 425 1 90 423
41 110 360 1 114 359
42 136 551 1 141 550
43 107 566 1 112 565
44 73 447 1 77 447
45 237 367 1 242 367
46 100 188 1 105 188
47 126 514 1 130 512
48 124 571 1 129 571
49 87 548 1 92 547
50 230 600 1 235 600
51 217 416 1 222 415
52 149 63 1 153 62
53 108 111 1 112 110
54 323 287 1 327 285
55 127 581 1 131 580
56 104 173 1 108 171
57 24 521 1 28 521
58 161 445 1 167 444
59 133 415 1 137 414
60 143 419 1 148 419
61 151 462 1 156 462
62 120 358 1 124 357
63 164 399 1 169 398
64 320 189 1 324 187
65 92 538 1 96 537
66 326 348 1 330 347
67 118 435 1 124 435
68 126 503 1 131 502
69 170 428 1 175 427
70 243 603 1 248 603
71 124 215 1 129 215
72 181 503 1 185 502
73 211 394 1 215 394
74 228 477 1 234 473
75 162 483 1 167 483
76 79 510 1 83 509
77 115 126 1 120 125
78 68 502 1 72 501
79 159 505 1 163 504
80 308 115 1 312 114
81 123 561 1 129 561
82 73 570 1 78 570
83 324 328 1 328 327
84 313 294 1 317 293
85 190 412 1 194 411
86 92 114 1 97 113
87 131 488 1 136 487
88 217 405 1 222 403
89 184 549 1 189 548
90 119 375 1 123 374
91 90 140 1 94 140
92 107 447 1 111 446
93 188 428 1 192 426
94 125 425 1 130 424
95 321 276 1 325 275
96 153 411 1 158 411
97 111 198 1 116 197
98 164 297 1 169 296
99 128 537 1 133 537
100 132 152 1 136 152
101 137 440 1 142 441
102 161 434 1 165 434
103 130 373 1 135 372
104 138 69 1 142 69
105 125 111 1 129 110
106 135 560 1 140 560
107 152 473 1 157 472
108 135 431 1 140 430
109 314 318 1 318 317
110 146 537 1 151 536
111 181 559 1 186 558
112 59 560 1 63 559
113 304 490 1 309 488
114 281 116 1 285 114
115 170 505 1 174 504
116 223 382 1 228 381
117 38 40 1 43 40
118 259 179 1 263 178
119 303 256 1 308 255
120 91 162 1 96 161
121 211 571 1 215 570
122 150 483 1 154 482
123 146 365 1 151 364
124 199 425 1 203 423
125 221 514 1 225 513
126 145 494 1 149 494
127 328 237 1 332 236
128 248 116 1 252 115
129 128 466 1 133 466
130 127 98 1 131 97
131 244 47 1 249 46
132 311 272 1 316 272
133 140 88 1 144 87
134 159 582 1 164 581
135 127 128 1 132 128
136 113 577 1 118 576
137 130 350 1 135 350
138 328 221 1 332 219
139 119 176 1 123 175
140 304 191 1 308 190
141 109 96 1 113 95
142 251 144 1 255 142
143 150 436 1 154 435
144 95 32 1 98 31
145 160 207 1 165 206
146 321 306 1 325 305
147 152 80 1 156 79
148 264 225 1 269 225
149 200 460 1 205 459
150 201 564 1 205 563
151 164 309 1 168 308
152 260 192 1 265 191
153 135 361 1 140 360
154 160 227 1 165 226
155 315 344 1 319 343
156 271 321 1 276 320
157 140 351 1 144 350
158 203 533 1 207 532
159 304 292 1 308 292
160 313 261 1 318 260
161 161 546 1 165 545
162 308 592 1 313 592
163 257 166 1 262 165
164 249 278 1 253 277
165 140 405 1 145 404
166 311 244 1 316 244
167 173 549 1 177 548
168 251 382 1 255 381
169 298 342 1 302 342
170 283 360 1 288 359
171 295 415 1 299 415
172 139 115 1 143 113
173 244 103 1 249 102
174 318 615 1 322 613
175 311 304 1 316 303
176 309 328 1 314 327
177 311 400 1 316 399
178 149 555 1 153 554
179 224 355 1 229 353
180 131 176 1 136 175
181 288 385 1 293 386
182 329 211 1 333 209
183 76 48 1 80 47
184 119 159 1 123 158
185 157 553 1 162 552
186 165 417 1 170 416
187 204 524 1 209 523
188 147 506 1 152 505
189 155 422 1 160 421
190 255 84 1 259 83
191 141 520 1 146 519
192 118 489 1 122 488
193 159 184 1 163 183
194 152 94 1 156 93
195 269 571 1 273 569
196 115 510 1 120 510
197 223 427 1 229 426
198 222 395 1 226 394
199 310 385 1 315 385
200 164 322 1 169 322
201 305 200 1 309 200
202 234 556 1 239 555
203 282 413 1 286 411
204 303 84 1 307 84
205 185 537 1 189 536
206 305 504 1 309 503
207 146 567 1 150 566
208 318 220 1 321 218
209 272 256 1 276 255
210 297 445 1 302 443
211 312 428 1 316 427
212 311 568 1 317 567
213 116 500 1 121 499
214 285 274 1 289 274
215 246 417 1 250 416
216 240 378 1 245 379
217 207 514 1 212 513
218 254 49 1 258 48
219 227 532 1 232 531
220 248 154 1 252 153
221 249 481 1 254 479
222 313 92 1 317 91
223 213 534 1 217 533
224 127 385 1 131 384
225 287 345 1 291 344
226 250 71 1 254 70
227 232 521 1 237 520
228 299 161 1 303 160
229 140 389 1 145 389
230 285 161 1 290 159
231 291 119 1 295 118
232 276 606 1 281 605
233 193 527 1 198 526
234 275 124 1 279 122
235 307 218 1 311 216
236 302 601 1 307 601
237 299 467 1 304 467
238 264 310 1 268 308
239 285 473 1 289 473
240 208 543 1 213 543
241 162 456 1 167 455
242 291 404 1 296 402
243 329 126 1 333 125
244 302 364 1 306 362
245 261 94 1 265 94
246 281 176 1 285 176
247 303 579 1 308 578
248 286 244 1 291 243
249 265 344 1 268 344
250 254 222 1 258 221
251 318 199 1 322 197
252 316 234 1 320 233
253 275 386 1 279 385
254 295 232 1 299 231
255 287 323 1 291 323
256 287 295 1 292 294
257 213 524 1 218 524
258 307 537 1 312 536
259 291 264 1 296 263
260 282 429 1 287 428
261 245 229 1 250 228
262 290 485 1 295 484
263 199 542 1 203 541
264 246 427 1 250 426
265 271 330 1 275 330
266 73 62 1 78 62
267 271 50 1 275 49
268 240 193 1 245 192
269 293 572 1 297 571
270 158 563 1 163 562
271 271 398 1 276 396
272 299 331 1 304 330
273 264 512 1 269 511
274 272 143 1 276 141
275 308 284 1 313 283
276 248 556 1 252 555
277 321 136 1 325 134
278 330 470 1 334 469
279 289 374 1 294 373
280 185 569 1 190 568
281 268 166 1 272 165
282 278 190 1 281 189
