0 81 265 1 102 327
1 101 416 1 128 475
2 92 578 1 124 638
3 99 467 1 127 525
4 97 428 1 125 488
5 54 218 1 74 281
6 52 567 1 83 628
7 97 451 1 126 509
8 33 333 1 57 396
9 57 506 1 87 566
10 101 395 1 127 454
11 142 323 1 165 382
12 55 525 1 85 585
13 89 548 1 120 607
14 64 415 1 91 475
15 51 584 1 84 645
16 53 544 1 85 604
17 70 374 1 95 434
18 141 291 1 163 349
19 62 450 1 90 510
20 59 467 1 87 527
21 191 595 1 221 633
22 71 357 1 95 417
23 70 481 1 100 542
24 91 387 1 117 446
25 66 385 1 91 446
26 68 531 1 98 590
27 83 562 1 114 622
28 66 160 1 84 225
29 53 100 1 68 169
30 135 572 1 167 630
31 93 564 1 125 623
32 82 358 1 107 418
33 64 430 1 91 489
34 78 540 1 108 601
35 161 586 1 194 643
36 70 470 1 99 530
37 95 500 1 124 558
38 77 406 1 104 463
39 75 417 1 102 475
40 99 351 1 123 410
41 212 580 1 238 604
42 222 605 1 250 633
43 135 581 1 167 639
44 127 544 1 158 602
45 202 613 1 229 643
46 191 385 1 214 437
47 63 440 1 90 500
48 228 360 1 250 408
49 166 435 1 190 476
50 90 179 1 108 242
51 175 410 1 201 466
52 116 507 1 145 563
53 115 565 1 147 623
54 212 608 1 239 634
55 184 340 1 207 396
56 208 408 1 233 460
57 139 51 1 151 116
58 162 523 1 192 581
59 97 100 1 112 165
60 317 281 1 325 313
61 117 574 1 149 633
62 209 303 1 218 320
63 174 282 1 186 310
64 188 500 1 213 539
65 219 322 1 224 324
66 152 437 1 179 492
67 123 407 1 149 464
68 134 411 1 160 469
69 141 456 1 169 510
70 110 350 1 133 408
71 314 180 1 318 218
72 84 518 1 114 577
73 328 329 1 338 358
74 223 485 1 247 526
75 83 531 1 113 590
76 320 344 1 331 373
77 109 427 1 136 487
78 117 496 1 145 551
79 161 420 1 187 476
80 114 206 1 133 268
81 164 496 1 190 553
82 202 387 1 225 438
83 102 581 1 134 640
84 153 476 1 181 533
85 69 503 1 98 562
86 105 115 1 120 178
87 58 495 1 87 554
88 150 498 1 178 554
89 302 104 1 303 149
90 114 555 1 146 613
91 63 564 1 95 624
92 318 324 1 328 354
93 324 308 1 333 339
94 307 289 1 317 323
95 180 405 1 205 458
96 81 103 1 97 168
97 77 117 1 93 181
98 121 481 1 150 537
99 208 397 1 232 448
100 175 542 1 206 598
101 109 366 1 133 424
102 113 176 1 130 237
103 79 130 1 95 194
104 97 439 1 124 498
105 179 420 1 204 474
106 318 334 1 328 361
107 115 417 1 142 475
108 315 270 1 323 304
109 144 403 1 170 460
110 326 139 1 327 180
111 101 188 1 119 250
112 154 288 1 176 346
113 119 531 1 149 587
114 121 142 1 135 199
115 127 433 1 154 490
116 152 426 1 177 482
117 127 58 1 139 123
118 114 100 1 129 163
119 126 554 1 157 611
120 143 466 1 171 521
121 304 90 1 304 136
122 126 423 1 152 479
123 308 313 1 319 346
124 137 531 1 167 586
125 224 582 1 250 606
126 166 408 1 192 464
127 173 553 1 204 609
128 49 554 1 80 614
129 298 489 1 320 520
130 273 104 1 278 154
131 103 559 1 134 618
132 214 374 1 237 426
133 329 290 1 336 319
134 297 249 1 306 287
135 80 152 1 98 215
136 202 565 1 233 618
137 140 476 1 168 531
138 326 368 1 338 396
139 190 417 1 215 469
140 212 507 1 241 559
141 136 488 1 163 543
142 322 230 1 327 264
143 239 105 1 248 159
144 119 460 1 147 515
145 117 87 1 130 151
146 235 34 1 241 92
147 324 253 1 331 288
148 306 267 1 315 302
149 175 500 1 200 551
150 129 77 1 142 141
151 151 575 1 183 632
152 116 118 1 132 180
153 104 571 1 136 630
154 120 341 1 144 400
155 322 212 1 327 248
156 108 165 1 126 227
157 98 85 1 112 149
158 242 134 1 252 185
159 140 429 1 167 484
160 315 301 1 325 335
161 142 69 1 154 133
162 191 456 1 216 501
163 191 558 1 223 611
164 153 300 1 176 358
165 125 352 1 150 410
166 150 217 1 169 276
167 309 340 1 321 371
168 78 507 1 108 567
169 191 567 1 223 621
170 124 594 1 156 650
171 263 314 1 279 356
172 130 342 1 153 400
173 194 527 1 224 580
174 297 286 1 309 324
175 307 255 1 316 291
176 152 539 1 182 596
177 302 593 1 329 624
178 249 156 1 259 206
179 240 270 1 256 317
180 130 397 1 156 454
181 148 240 1 167 299
182 305 238 1 313 274
183 164 542 1 195 598
184 291 337 1 306 375
185 276 356 1 293 393
186 288 412 1 306 447
187 128 103 1 142 167
188 235 91 1 244 146
189 305 299 1 316 332
190 303 323 1 315 357
191 305 398 1 321 428
192 269 344 1 286 385
193 139 549 1 170 604
194 120 165 1 138 227
195 281 382 1 299 420
196 324 203 1 328 239
197 64 36 1 78 104
198 108 149 1 124 211
199 120 583 1 152 641
200 148 546 1 179 604
201 156 409 1 181 465
202 317 290 1 326 323
203 195 517 1 225 570
204 138 499 1 167 553
205 145 414 1 171 470
206 246 72 1 253 127
207 132 514 1 162 569
208 108 482 1 137 539
209 220 462 1 240 486
210 327 95 1 325 138
211 141 83 1 154 146
212 260 567 1 290 609
213 214 420 1 240 471
214 213 388 1 236 439
215 304 383 1 319 414
216 154 313 1 177 371
217 298 192 1 305 233
218 226 551 1 257 600
219 168 473 1 196 528
220 296 72 1 296 120
221 270 488 1 296 529
222 176 530 1 206 586
223 298 503 1 320 535
224 258 27 1 262 83
225 137 560 1 168 618
226 311 212 1 317 249
227 264 248 1 277 292
228 243 115 1 253 168
229 291 442 1 310 475
230 305 426 1 323 455
231 306 570 1 331 597
232 107 493 1 136 551
233 277 268 1 289 308
234 237 411 1 260 456
235 232 372 1 253 420
236 198 507 1 227 560
237 245 36 1 250 93
238 219 525 1 248 577
239 239 144 1 249 195
240 328 445 1 344 471
241 241 475 1 266 519
242 306 80 1 307 127
243 204 527 1 234 580
244 117 377 1 142 435
245 279 340 1 296 379
246 273 407 1 293 446
247 241 59 1 247 115
248 224 515 1 253 565
249 293 152 1 297 195
250 130 381 1 155 439
251 266 354 1 284 395
252 278 151 1 285 196
253 284 108 1 288 155
254 269 603 1 300 644
255 185 520 1 214 574
256 267 112 1 273 162
257 314 615 1 338 643
258 265 420 1 286 461
259 300 210 1 307 249
260 295 601 1 323 635
261 330 349 1 340 376
262 293 466 1 314 499
263 255 302 1 272 346
264 278 471 1 300 508
265 199 537 1 230 590
266 153 448 1 181 503
267 284 399 1 303 435
268 324 115 1 323 157
269 295 359 1 311 394
270 252 84 1 258 137
271 260 167 1 270 213
272 273 167 1 281 213
273 297 579 1 323 611
274 332 415 1 348 444
275 248 103 1 256 156
276 278 236 1 290 279
277 256 339 1 274 381
278 325 182 1 328 219
279 312 190 1 316 228
280 310 226 1 316 263
281 267 380 1 286 420
282 288 225 1 297 265
283 280 318 1 295 357
284 205 518 1 234 570
285 301 537 1 325 567
286 284 257 1 296 297
287 275 425 1 296 462
288 236 220 1 251 271
289 283 483 1 306 518
290 190 536 1 220 589
291 238 422 1 261 467
292 263 325 1 280 367
293 263 37 1 266 92
294 231 184 1 244 235
295 330 502 1 349 526
296 285 570 1 313 606
297 149 556 1 181 613
298 263 392 1 284 433
299 292 326 1 306 362
300 256 508 1 283 550
301 264 132 1 271 180
302 302 278 1 312 314
303 256 61 1 261 115
304 223 444 1 245 479
305 240 551 1 269 597
306 315 125 1 316 166
307 325 470 1 342 495
308 282 369 1 300 408
309 315 54 1 313 102
310 307 408 1 323 437
311 235 575 1 266 624
312 295 476 1 316 508
313 176 562 1 208 618
314 259 156 1 268 204
315 251 427 1 273 468
316 251 479 1 277 523
317 238 530 1 267 577
318 294 266 1 304 304
319 269 180 1 278 226
320 325 171 1 326 208
321 310 366 1 323 395
322 313 583 1 338 609
323 248 25 1 252 82
324 304 455 1 323 485
325 278 276 1 291 315
326 295 238 1 304 277
327 309 44 1 304 92
328 241 245 1 257 293
329 274 555 1 302 594
330 273 81 1 277 131
331 277 303 1 291 342
332 267 141 1 274 189
333 274 394 1 293 432
334 279 594 1 308 630
335 220 399 1 244 447
336 315 146 1 317 187
337 294 296 1 305 331
338 249 580 1 280 626
339 302 553 1 327 582
340 311 532 1 333 559
341 318 599 1 343 624
342 275 224 1 285 267
343 290 455 1 311 489
344 275 581 1 304 617
345 249 265 1 265 311
346 284 180 1 292 224
347 297 162 1 303 205
348 254 255 1 268 301
349 309 158 1 312 198
