0 84 266 1 102 327
1 104 417 1 128 476
2 95 579 1 124 638
3 102 468 1 127 526
4 101 429 1 125 488
5 58 219 1 74 281
6 35 333 1 57 396
7 54 568 1 83 628
8 100 452 1 126 509
9 60 507 1 87 566
10 105 396 1 128 454
11 145 324 1 165 382
12 58 526 1 85 586
13 92 549 1 120 607
14 67 416 1 91 476
15 54 585 1 84 645
16 56 545 1 85 604
17 73 375 1 95 434
18 144 292 1 163 349
19 65 451 1 90 510
20 62 468 1 87 527
21 194 598 1 221 634
22 74 358 1 95 417
23 73 482 1 100 542
24 94 388 1 117 446
25 69 386 1 91 446
26 71 532 1 98 591
27 86 563 1 114 622
28 70 161 1 84 225
29 57 101 1 68 169
30 138 573 1 167 630
31 96 565 1 125 624
32 86 359 1 107 418
33 67 431 1 91 490
34 81 541 1 108 601
35 164 587 1 194 644
36 73 471 1 99 530
37 98 501 1 124 559
38 78 418 1 102 476
39 102 353 1 123 411
40 215 584 1 238 606
41 138 583 1 167 640
42 205 615 1 230 645
43 80 408 1 104 463
44 130 546 1 158 602
45 194 387 1 215 437
46 65 441 1 90 500
47 231 362 1 250 409
48 169 436 1 190 477
49 93 180 1 108 242
50 178 411 1 201 466
51 119 509 1 145 563
52 118 566 1 147 623
53 112 352 1 133 408
54 187 342 1 207 396
55 211 409 1 233 461
56 142 52 1 151 116
57 165 525 1 192 581
58 100 101 1 112 165
59 321 283 1 326 314
60 120 576 1 149 633
61 212 305 1 218 321
62 177 284 1 187 311
63 190 502 1 213 540
64 223 325 1 225 326
65 155 439 1 180 493
66 126 408 1 149 464
67 137 412 1 160 469
68 144 457 1 169 510
69 318 181 1 318 219
70 88 519 1 114 578
71 332 331 1 339 358
72 225 486 1 248 526
73 86 532 1 113 590
74 324 346 1 332 374
75 112 428 1 136 487
76 120 498 1 145 552
77 164 422 1 187 476
78 117 207 1 133 268
79 167 497 1 190 554
80 205 388 1 225 438
81 105 582 1 135 640
82 156 477 1 181 533
83 72 504 1 98 563
84 108 116 1 120 178
85 61 496 1 87 555
86 153 499 1 178 555
87 306 105 1 304 149
88 117 556 1 146 613
89 66 565 1 95 625
90 322 326 1 329 354
91 328 310 1 334 339
92 311 290 1 318 324
93 183 406 1 205 458
94 85 104 1 97 167
95 81 118 1 93 181
96 124 483 1 151 537
97 211 399 1 232 448
98 178 543 1 206 598
99 112 367 1 133 424
100 116 177 1 130 237
101 82 131 1 95 194
102 100 440 1 124 498
103 182 421 1 205 474
104 322 336 1 329 362
105 119 418 1 142 475
106 319 272 1 324 304
107 147 404 1 170 460
108 331 140 1 328 180
109 104 189 1 119 250
110 158 289 1 176 346
111 122 533 1 149 587
112 124 143 1 135 199
113 130 435 1 154 490
114 155 428 1 178 482
115 131 59 1 139 122
116 117 101 1 129 163
117 129 555 1 157 612
118 146 468 1 171 521
119 308 91 1 305 136
120 129 425 1 152 479
121 312 315 1 320 347
122 140 532 1 167 586
123 227 586 1 250 608
124 169 409 1 192 464
125 175 554 1 204 609
126 51 555 1 80 615
127 301 491 1 320 521
128 277 105 1 279 153
129 106 560 1 134 619
130 217 376 1 237 426
131 333 292 1 336 320
132 300 250 1 307 287
133 84 153 1 98 215
134 205 566 1 234 618
135 143 477 1 168 531
136 330 370 1 339 397
137 193 418 1 215 470
138 215 509 1 241 560
139 139 489 1 164 543
140 326 231 1 328 265
141 242 106 1 248 159
142 121 461 1 147 516
143 120 88 1 130 151
144 239 35 1 241 92
145 328 255 1 332 288
146 309 268 1 315 303
147 133 78 1 142 141
148 154 576 1 183 633
149 120 119 1 132 180
150 107 572 1 136 630
151 123 343 1 144 400
152 326 214 1 328 249
153 112 166 1 126 227
154 101 86 1 112 149
155 246 135 1 252 185
156 143 430 1 167 485
157 319 303 1 326 335
158 146 70 1 154 133
159 194 458 1 216 501
160 194 560 1 223 612
161 157 301 1 176 358
162 128 354 1 150 410
163 153 218 1 169 276
164 313 342 1 322 371
165 81 509 1 108 567
166 194 568 1 223 621
167 127 595 1 156 651
168 266 316 1 280 357
169 133 343 1 153 400
170 196 528 1 224 580
171 301 288 1 310 324
172 311 256 1 316 291
173 155 541 1 182 596
174 305 596 1 330 625
175 252 158 1 259 206
176 243 271 1 257 317
177 131 517 1 162 569
178 133 398 1 156 454
179 152 241 1 168 299
180 309 239 1 313 275
181 167 543 1 195 598
182 295 339 1 306 375
183 279 357 1 294 394
184 291 414 1 307 448
185 132 105 1 142 167
186 239 92 1 244 146
187 309 301 1 316 333
188 307 325 1 316 358
189 309 400 1 322 429
190 272 346 1 287 385
191 142 550 1 170 605
192 124 166 1 138 227
193 284 383 1 299 421
194 328 204 1 328 239
195 68 37 1 78 104
196 112 150 1 124 210
197 122 584 1 152 642
198 151 547 1 179 604
199 159 410 1 182 465
200 321 292 1 326 323
201 198 519 1 225 571
202 141 500 1 167 554
203 149 416 1 171 470
204 249 73 1 253 127
205 111 484 1 137 540
206 223 464 1 240 487
207 331 96 1 326 138
208 145 84 1 154 146
209 263 570 1 290 610
210 218 422 1 240 471
211 216 389 1 236 439
212 308 385 1 320 415
213 157 314 1 177 371
214 302 193 1 305 233
215 229 553 1 257 601
216 171 474 1 196 528
217 300 73 1 297 120
218 274 490 1 296 530
219 179 531 1 206 586
220 301 505 1 321 536
221 262 28 1 263 83
222 139 561 1 168 618
223 315 213 1 317 249
224 267 250 1 277 293
225 247 116 1 253 168
226 294 444 1 311 476
227 309 428 1 323 456
228 309 573 1 331 598
229 110 494 1 136 551
230 281 269 1 290 308
231 240 413 1 261 457
232 235 373 1 254 420
233 201 509 1 227 560
234 249 37 1 250 92
235 222 527 1 248 577
236 242 145 1 250 195
237 332 448 1 345 472
238 244 478 1 267 520
239 310 81 1 307 127
240 207 529 1 234 580
241 120 378 1 142 435
242 282 341 1 296 379
243 276 409 1 293 447
244 245 60 1 248 114
245 227 517 1 253 566
246 296 153 1 298 195
247 134 382 1 155 439
248 269 356 1 284 395
249 282 152 1 285 196
250 288 109 1 288 155
251 272 606 1 300 645
252 187 522 1 214 575
253 271 113 1 274 162
254 268 422 1 287 461
255 304 211 1 308 249
256 298 604 1 324 636
257 335 352 1 341 377
258 296 468 1 314 500
259 259 304 1 272 346
260 281 473 1 301 509
261 202 539 1 230 590
262 156 450 1 181 504
263 288 401 1 303 436
264 328 116 1 324 157
265 299 361 1 311 394
266 256 85 1 258 136
267 264 168 1 270 213
268 277 168 1 281 213
269 300 582 1 324 613
270 252 104 1 256 156
271 282 237 1 291 279
272 259 340 1 274 381
273 329 183 1 328 219
274 316 191 1 317 228
275 314 228 1 317 264
276 270 382 1 287 421
277 291 226 1 297 265
278 284 319 1 295 358
279 208 519 1 234 570
280 304 540 1 326 568
281 288 258 1 296 298
282 278 427 1 296 463
283 239 221 1 251 271
284 286 485 1 307 519
285 193 537 1 220 589
286 241 423 1 261 467
287 266 327 1 280 367
288 266 38 1 266 92
289 234 185 1 245 235
290 333 504 1 350 528
291 289 573 1 313 607
292 152 558 1 181 614
293 266 394 1 284 433
294 296 328 1 307 363
295 259 510 1 283 551
296 268 133 1 272 180
297 305 279 1 313 314
298 259 62 1 261 115
299 226 447 1 245 480
300 243 553 1 269 598
301 319 126 1 316 166
302 328 472 1 343 496
303 285 371 1 300 408
304 319 54 1 314 102
305 311 410 1 324 438
306 238 577 1 266 624
307 299 478 1 317 509
308 179 564 1 208 619
309 263 158 1 269 204
310 254 429 1 273 468
311 254 481 1 277 524
312 241 532 1 267 577
313 297 268 1 305 305
314 273 182 1 279 226
315 330 173 1 327 208
316 314 368 1 324 396
317 316 586 1 338 611
318 251 26 1 252 82
319 308 457 1 324 486
320 282 277 1 291 316
321 299 240 1 304 277
322 312 44 1 305 91
323 245 246 1 257 293
324 277 557 1 303 595
325 277 81 1 277 131
326 281 304 1 292 342
327 271 142 1 275 189
328 277 396 1 294 433
329 282 598 1 308 631
330 223 401 1 244 448
331 319 147 1 318 187
332 297 297 1 306 332
333 252 582 1 280 627
334 306 555 1 327 584
335 314 535 1 334 561
336 321 602 1 343 626
337 278 225 1 286 267
338 293 457 1 311 490
339 279 584 1 304 619
340 253 266 1 265 312
341 288 181 1 293 225
342 301 163 1 303 205
343 257 257 1 269 301
344 313 159 1 312 199
