0 89 273 1 85 276
1 110 424 1 106 427
2 102 588 1 98 590
3 108 476 1 104 478
4 107 436 1 103 440
5 62 225 1 58 228
6 208 451 1 203 453
7 61 577 1 57 580
8 106 459 1 103 461
9 116 274 1 112 276
10 66 515 1 62 517
11 110 403 1 107 406
12 151 330 1 147 333
13 64 535 1 60 537
14 277 455 1 273 457
15 72 424 1 69 427
16 61 594 1 57 597
17 63 553 1 59 556
18 78 382 1 74 384
19 150 298 1 146 300
20 71 459 1 67 461
21 78 527 1 74 530
22 68 475 1 64 478
23 79 365 1 75 368
24 79 490 1 76 494
25 100 395 1 96 398
26 74 393 1 70 396
27 77 540 1 73 543
28 93 572 1 88 574
29 202 610 1 198 613
30 238 369 1 234 372
31 74 168 1 70 170
32 60 108 1 55 111
33 145 581 1 141 584
34 103 573 1 99 576
35 72 438 1 69 441
36 88 549 1 83 553
37 79 479 1 75 482
38 104 509 1 100 511
39 84 425 1 80 428
40 108 359 1 104 362
41 137 554 1 133 556
42 71 448 1 68 451
43 208 600 1 204 603
44 176 446 1 172 449
45 97 186 1 93 189
46 126 517 1 121 519
47 125 574 1 121 577
48 117 358 1 114 360
49 218 416 1 214 419
50 145 58 1 141 60
51 104 107 1 100 110
52 331 290 1 326 292
53 127 584 1 123 587
54 101 170 1 97 172
55 217 315 1 215 318
56 182 293 1 178 296
57 197 513 1 193 516
58 162 446 1 158 448
59 196 441 1 192 443
60 132 415 1 128 417
61 143 419 1 139 422
62 151 465 1 147 467
63 327 186 1 322 188
64 91 540 1 87 543
65 334 355 1 330 357
66 118 435 1 114 439
67 127 506 1 122 508
68 170 429 1 167 431
69 122 213 1 118 216
70 150 484 1 145 487
71 211 395 1 207 398
72 163 484 1 158 487
73 78 512 1 74 515
74 112 122 1 107 124
75 67 504 1 63 506
76 160 507 1 155 509
77 313 108 1 308 111
78 124 565 1 121 567
79 73 574 1 69 577
80 332 334 1 328 336
81 320 298 1 316 300
82 189 413 1 186 416
83 88 110 1 84 112
84 131 491 1 128 494
85 218 405 1 214 407
86 185 551 1 181 553
87 117 374 1 114 377
88 86 137 1 82 140
89 106 447 1 102 450
90 188 428 1 184 430
91 332 344 1 328 347
92 125 425 1 121 428
93 328 278 1 324 281
94 153 411 1 149 414
95 172 507 1 166 508
96 109 195 1 104 198
97 163 295 1 159 298
98 129 541 1 125 544
99 128 149 1 123 152
100 137 442 1 133 446
101 161 435 1 157 438
102 129 372 1 125 375
103 134 64 1 129 67
104 121 107 1 117 110
105 136 563 1 132 566
106 152 475 1 148 478
107 135 432 1 131 434
108 321 323 1 317 325
109 147 540 1 143 543
110 236 600 1 233 603
111 183 562 1 179 564
112 59 563 1 54 566
113 311 502 1 308 504
114 283 109 1 278 111
115 113 569 1 109 572
116 224 382 1 220 385
117 260 176 1 255 178
118 309 256 1 304 259
119 88 159 1 84 161
120 212 575 1 209 577
121 276 445 1 272 448
122 211 426 1 208 428
123 199 425 1 195 426
124 222 517 1 219 520
125 146 497 1 141 500
126 247 110 1 243 113
127 128 469 1 124 472
128 124 94 1 119 96
129 243 38 1 239 41
130 318 275 1 314 278
131 136 83 1 132 86
132 161 584 1 157 587
133 124 124 1 120 127
134 114 580 1 110 583
135 129 349 1 125 352
136 116 172 1 112 175
137 309 188 1 305 191
138 105 91 1 100 94
139 251 139 1 246 141
140 149 437 1 146 439
141 158 204 1 154 207
142 328 310 1 324 313
143 149 75 1 144 78
144 266 224 1 262 226
145 202 568 1 198 570
146 162 307 1 159 309
147 261 189 1 258 191
148 134 360 1 130 363
149 158 224 1 154 226
150 322 350 1 318 353
151 87 516 1 83 519
152 202 577 1 198 580
153 274 323 1 270 326
154 139 350 1 135 352
155 204 536 1 200 539
156 309 295 1 305 298
157 320 263 1 316 265
158 162 549 1 158 551
159 316 609 1 313 612
160 242 381 1 238 384
161 258 162 1 254 165
162 250 277 1 246 280
163 137 525 1 134 528
164 139 405 1 135 407
165 318 245 1 313 248
166 174 551 1 170 554
167 252 384 1 248 387
168 303 347 1 298 349
169 288 364 1 284 367
170 300 423 1 296 426
171 135 110 1 131 113
172 244 96 1 240 99
173 318 308 1 314 310
174 316 333 1 312 336
175 319 409 1 315 412
176 149 558 1 145 561
177 128 172 1 124 175
178 293 391 1 288 394
179 71 43 1 67 46
180 116 155 1 111 158
181 158 555 1 154 558
182 165 417 1 161 420
183 330 299 1 326 302
184 205 527 1 202 529
185 147 508 1 144 511
186 155 422 1 151 425
187 254 76 1 250 79
188 117 491 1 114 494
189 231 475 1 227 478
190 157 179 1 152 183
191 148 89 1 144 92
192 273 580 1 269 582
193 115 513 1 112 516
194 225 429 1 221 431
195 223 396 1 219 399
196 317 394 1 313 396
197 163 321 1 159 323
198 335 543 1 331 545
199 310 198 1 306 201
200 237 561 1 233 563
201 307 76 1 302 78
202 186 539 1 182 541
203 311 517 1 308 519
204 146 570 1 143 572
205 324 219 1 320 221
206 274 255 1 270 258
207 252 121 1 248 123
208 303 454 1 299 456
209 319 438 1 315 440
210 320 586 1 317 587
211 116 502 1 112 505
212 288 276 1 284 279
213 248 420 1 244 422
214 208 516 1 205 519
215 253 40 1 249 43
216 229 535 1 226 538
217 247 149 1 243 152
218 252 486 1 248 488
219 317 84 1 313 86
220 215 537 1 211 540
221 126 385 1 122 388
222 290 349 1 287 351
223 285 417 1 280 420
224 249 64 1 245 66
225 234 525 1 231 527
226 304 157 1 299 160
227 234 435 1 230 437
228 139 389 1 136 392
229 277 363 1 273 366
230 288 156 1 284 158
231 294 112 1 290 115
232 300 505 1 296 507
233 292 73 1 288 76
234 195 529 1 191 532
235 277 117 1 272 120
236 324 139 1 320 141
237 276 431 1 272 433
238 312 216 1 308 219
239 306 478 1 302 481
240 266 310 1 262 313
241 335 469 1 330 471
242 290 482 1 286 485
243 210 547 1 206 549
244 163 457 1 159 459
245 297 410 1 293 412
246 261 139 1 256 141
247 308 369 1 304 372
248 261 89 1 256 91
249 284 173 1 279 176
250 311 595 1 307 597
251 289 244 1 285 246
252 267 347 1 262 350
253 254 219 1 250 222
254 325 196 1 320 199
255 322 234 1 318 236
256 279 390 1 274 393
257 299 232 1 295 234
258 291 327 1 287 330
259 215 527 1 211 530
260 315 552 1 311 554
261 296 265 1 291 267
262 287 436 1 283 438
263 245 227 1 241 229
264 296 495 1 292 497
265 200 545 1 196 548
266 248 431 1 244 433
267 274 334 1 270 336
268 69 58 1 65 61
269 272 41 1 267 43
270 240 191 1 236 193
271 299 585 1 295 588
272 284 262 1 279 264
273 159 565 1 156 568
274 274 402 1 271 405
275 305 336 1 300 338
276 268 519 1 264 521
277 273 137 1 269 140
278 314 287 1 310 289
279 265 65 1 260 68
280 234 457 1 231 460
281 251 562 1 247 564
282 328 129 1 323 132
283 294 379 1 290 381
284 327 57 1 322 60
285 242 216 1 238 219
286 321 420 1 317 422
287 246 586 1 242 589
288 308 489 1 305 491
289 187 572 1 183 575
290 269 162 1 265 164
291 249 574 1 245 576
292 262 437 1 258 440
293 263 490 1 259 492
294 249 540 1 245 543
295 306 274 1 301 277
296 279 187 1 275 189
297 311 232 1 307 234
298 324 377 1 320 379
299 327 599 1 324 602
300 318 467 1 314 470
301 307 246 1 302 248
302 320 46 1 315 49
303 251 252 1 246 254
304 287 567 1 283 569
305 283 85 1 278 88
306 289 311 1 284 314
307 325 365 1 321 367
308 277 147 1 273 149
309 286 404 1 282 407
310 293 609 1 289 612
311 230 407 1 226 409
312 327 151 1 323 154
313 306 305 1 302 307
314 261 592 1 257 594
315 316 568 1 313 570
316 325 547 1 322 549
317 285 231 1 281 233
318 303 466 1 299 469
319 288 596 1 285 598
320 259 272 1 255 275
321 308 167 1 304 170
322 264 263 1 259 265
323 321 163 1 316 166
