0 78 288 1 81 284
1 101 439 1 104 436
2 94 605 1 97 600
3 99 491 1 102 487
4 97 452 1 101 449
5 50 240 1 53 237
6 199 466 1 202 463
7 53 594 1 56 590
8 97 475 1 101 470
9 105 289 1 108 285
10 58 531 1 61 527
11 101 418 1 104 415
12 140 345 1 144 341
13 56 551 1 59 547
14 269 469 1 272 465
15 63 439 1 66 436
16 52 612 1 56 607
17 54 570 1 57 566
18 68 397 1 71 393
19 138 312 1 142 308
20 61 475 1 65 471
21 69 543 1 72 539
22 59 492 1 62 487
23 69 380 1 72 376
24 70 506 1 74 503
25 90 410 1 93 406
26 64 409 1 67 405
27 69 557 1 71 552
28 85 588 1 87 584
29 228 382 1 232 380
30 61 182 1 65 179
31 47 123 1 50 120
32 138 598 1 141 593
33 95 590 1 97 586
34 63 454 1 66 450
35 80 566 1 82 563
36 70 495 1 73 491
37 95 525 1 99 520
38 74 441 1 77 437
39 97 374 1 101 370
40 129 570 1 132 566
41 62 464 1 65 460
42 168 463 1 170 458
43 85 200 1 88 197
44 118 533 1 120 528
45 118 591 1 120 587
46 107 373 1 111 369
47 164 162 1 167 158
48 209 430 1 212 426
49 178 414 1 181 410
50 132 72 1 135 68
51 91 122 1 94 118
52 321 303 1 324 300
53 120 601 1 122 596
54 88 185 1 92 180
55 109 452 1 112 448
56 171 308 1 175 305
57 188 528 1 192 525
58 325 230 1 329 227
59 153 461 1 156 457
60 187 455 1 190 451
61 325 358 1 327 354
62 122 430 1 126 426
63 133 434 1 137 430
64 142 480 1 146 476
65 316 198 1 319 195
66 82 557 1 86 553
67 118 522 1 120 517
68 164 453 1 167 449
69 161 443 1 164 439
70 110 227 1 113 224
71 141 500 1 144 496
72 202 409 1 205 406
73 154 499 1 157 496
74 69 528 1 72 524
75 99 136 1 102 133
76 58 520 1 61 516
77 152 522 1 153 518
78 300 121 1 304 117
79 116 581 1 120 577
80 65 591 1 68 587
81 323 347 1 326 344
82 310 311 1 314 307
83 179 428 1 183 424
84 75 124 1 79 121
85 122 507 1 126 503
86 208 419 1 211 415
87 178 566 1 180 562
88 107 389 1 111 385
89 73 152 1 76 148
90 96 463 1 99 459
91 179 442 1 182 438
92 326 135 1 329 131
93 115 440 1 119 436
94 320 310 1 323 307
95 143 426 1 147 422
96 237 151 1 242 148
97 96 210 1 100 206
98 263 268 1 266 265
99 152 309 1 155 305
100 121 557 1 123 553
101 115 163 1 118 160
102 127 457 1 130 454
103 152 449 1 154 446
104 119 387 1 122 383
105 120 79 1 124 75
106 108 121 1 111 118
107 128 579 1 131 575
108 144 491 1 147 487
109 126 447 1 129 443
110 312 336 1 315 333
111 139 556 1 142 552
112 175 577 1 178 573
113 50 580 1 53 576
114 304 516 1 308 512
115 270 122 1 274 118
116 105 585 1 108 581
117 214 396 1 217 393
118 247 189 1 250 185
119 298 269 1 301 266
120 75 174 1 79 170
121 206 590 1 208 586
122 268 459 1 271 456
123 202 440 1 206 436
124 190 439 1 193 434
125 215 531 1 217 528
126 137 513 1 139 509
127 234 124 1 238 120
128 119 484 1 122 481
129 110 108 1 113 104
130 229 52 1 233 48
131 308 288 1 312 285
132 123 98 1 126 94
133 154 600 1 156 596
134 111 139 1 114 135
135 106 597 1 109 593
136 118 364 1 122 360
137 277 586 1 280 583
138 103 187 1 107 183
139 298 201 1 301 198
140 91 106 1 94 102
141 329 110 1 333 106
142 140 452 1 143 447
143 146 218 1 149 214
144 319 323 1 322 320
145 135 90 1 139 86
146 255 237 1 258 233
147 195 583 1 197 579
148 151 321 1 155 317
149 249 202 1 254 198
150 124 375 1 127 371
151 146 238 1 150 234
152 314 364 1 317 360
153 79 533 1 82 528
154 195 592 1 197 588
155 264 337 1 267 333
156 128 364 1 131 361
157 196 551 1 199 547
158 300 308 1 303 305
159 310 276 1 313 272
160 154 564 1 157 560
161 246 175 1 249 172
162 239 290 1 242 287
163 129 541 1 133 537
164 129 419 1 133 416
165 307 258 1 311 255
166 166 566 1 169 562
167 243 398 1 246 394
168 294 360 1 297 357
169 279 379 1 282 375
170 292 437 1 295 434
171 122 124 1 125 121
172 231 110 1 234 106
173 309 321 1 312 318
174 307 347 1 310 343
175 311 423 1 314 420
176 141 574 1 144 570
177 115 186 1 119 183
178 284 405 1 287 402
179 57 58 1 60 55
180 103 170 1 106 166
181 150 571 1 153 567
182 156 432 1 159 428
183 321 312 1 324 309
184 197 541 1 201 538
185 139 524 1 142 520
186 145 437 1 148 433
187 241 90 1 245 86
188 109 506 1 112 503
189 223 491 1 227 488
190 144 193 1 148 190
191 254 430 1 257 426
192 135 104 1 138 100
193 267 595 1 269 591
194 107 529 1 110 525
195 216 443 1 219 439
196 214 410 1 216 406
197 309 408 1 312 404
198 152 335 1 156 331
199 329 558 1 332 554
200 299 211 1 302 208
201 230 576 1 233 572
202 294 88 1 298 85
203 179 553 1 181 550
204 305 532 1 308 528
205 139 586 1 142 581
206 313 231 1 317 228
207 239 134 1 243 130
208 296 468 1 299 464
209 312 452 1 315 449
210 315 602 1 318 596
211 108 518 1 111 514
212 278 289 1 281 286
213 239 433 1 242 430
214 201 532 1 203 528
215 239 54 1 243 50
216 222 550 1 225 546
217 235 162 1 239 159
218 244 500 1 247 497
219 305 96 1 309 92
220 287 583 1 289 580
221 232 395 1 235 392
222 207 552 1 210 548
223 116 400 1 119 396
224 281 362 1 285 359
225 276 432 1 279 428
226 236 77 1 239 73
227 227 539 1 230 536
228 292 169 1 295 166
229 225 448 1 228 445
230 129 404 1 133 400
231 267 377 1 271 373
232 323 49 1 326 45
233 277 168 1 280 165
234 297 564 1 300 561
235 282 126 1 286 121
236 293 519 1 295 516
237 313 131 1 316 128
238 279 86 1 283 82
239 187 544 1 190 541
240 264 130 1 268 127
241 313 151 1 316 148
242 268 445 1 271 441
243 301 229 1 305 225
244 272 555 1 276 551
245 298 493 1 301 489
246 256 324 1 259 321
247 327 483 1 330 480
248 282 496 1 285 494
249 202 561 1 205 558
250 154 472 1 157 468
251 288 424 1 291 420
252 248 152 1 252 148
253 276 514 1 279 510
254 299 382 1 302 379
255 248 101 1 251 98
256 272 186 1 275 182
257 306 610 1 308 607
258 279 257 1 282 253
259 257 361 1 260 357
260 242 234 1 246 229
261 314 209 1 317 205
262 312 247 1 315 243
263 270 404 1 273 400
264 288 245 1 291 241
265 282 341 1 285 337
266 207 542 1 210 539
267 309 567 1 312 563
268 285 278 1 288 274
269 279 450 1 282 447
270 234 240 1 237 236
271 289 510 1 291 506
272 193 560 1 195 557
273 239 445 1 242 441
274 264 347 1 267 343
275 55 73 1 59 69
276 258 54 1 262 50
277 228 204 1 232 200
278 293 601 1 296 597
279 273 274 1 276 272
280 152 581 1 155 577
281 265 416 1 269 412
282 296 349 1 299 345
283 261 533 1 263 530
284 261 149 1 265 146
285 305 300 1 308 296
286 251 79 1 255 75
287 226 472 1 229 469
288 244 577 1 247 573
289 316 141 1 320 138
290 285 393 1 288 389
291 230 230 1 234 226
292 313 434 1 316 431
293 239 601 1 242 598
294 301 504 1 304 500
295 179 587 1 182 583
296 257 176 1 261 171
297 242 589 1 245 585
298 254 451 1 256 448
299 255 504 1 258 500
300 242 555 1 245 551
301 295 287 1 299 284
302 269 200 1 271 196
303 300 245 1 304 241
304 315 390 1 319 387
305 311 482 1 314 479
306 296 259 1 300 255
307 306 59 1 311 54
308 240 265 1 243 261
309 270 98 1 273 94
310 279 325 1 282 321
311 317 379 1 320 375
312 265 160 1 268 156
313 277 418 1 280 415
314 220 421 1 224 416
315 316 164 1 319 160
316 296 318 1 300 315
317 255 607 1 257 603
318 311 583 1 313 580
319 319 562 1 322 559
320 275 244 1 278 240
321 295 481 1 298 477
322 283 611 1 285 608
323 249 286 1 252 283
324 296 179 1 300 176
325 253 276 1 256 272
326 309 176 1 313 172
