0 78 289 1 77 289
1 102 440 1 101 442
2 96 606 1 95 607
3 101 493 1 100 493
4 98 453 1 98 454
5 50 241 1 50 242
6 201 469 1 201 470
7 55 596 1 54 596
8 98 476 1 99 476
9 105 290 1 105 290
10 59 533 1 58 533
11 102 420 1 101 420
12 141 346 1 140 346
13 57 553 1 56 554
14 271 471 1 270 471
15 64 441 1 64 442
16 55 614 1 54 614
17 56 572 1 55 572
18 69 398 1 68 399
19 139 313 1 139 313
20 63 476 1 62 477
21 71 545 1 70 546
22 60 493 1 59 494
23 70 382 1 69 382
24 72 508 1 71 509
25 91 411 1 91 412
26 65 410 1 64 411
27 71 558 1 69 559
28 87 590 1 86 590
29 229 383 1 230 385
30 61 183 1 60 184
31 47 124 1 45 125
32 140 599 1 139 599
33 97 592 1 96 592
34 64 456 1 64 456
35 82 567 1 80 569
36 72 496 1 71 497
37 97 526 1 96 526
38 75 442 1 75 442
39 98 375 1 98 376
40 240 333 1 239 333
41 131 571 1 130 572
42 63 466 1 63 466
43 85 201 1 84 202
44 120 535 1 118 534
45 120 593 1 119 593
46 108 374 1 108 374
47 163 162 1 163 163
48 210 431 1 209 432
49 180 415 1 179 415
50 131 72 1 130 73
51 90 122 1 90 124
52 323 304 1 323 305
53 122 602 1 121 603
54 88 186 1 87 185
55 110 453 1 109 454
56 172 310 1 172 311
57 327 230 1 327 231
58 154 462 1 154 462
59 188 456 1 188 456
60 327 359 1 326 360
61 124 431 1 123 431
62 134 435 1 134 436
63 144 481 1 143 481
64 317 198 1 317 199
65 200 533 1 202 533
66 84 559 1 84 559
67 120 523 1 118 524
68 165 453 1 165 454
69 163 444 1 162 445
70 110 228 1 109 229
71 143 501 1 142 502
72 203 410 1 202 411
73 156 500 1 155 501
74 71 530 1 70 530
75 98 137 1 98 138
76 59 522 1 59 522
77 154 523 1 151 524
78 301 120 1 301 121
79 118 583 1 118 583
80 67 593 1 66 593
81 325 349 1 325 349
82 312 311 1 312 312
83 181 429 1 181 429
84 75 125 1 74 126
85 124 508 1 124 509
86 210 420 1 209 420
87 180 567 1 179 568
88 108 390 1 108 391
89 72 153 1 72 153
90 98 464 1 97 465
91 180 443 1 179 443
92 327 134 1 327 135
93 117 441 1 116 442
94 322 311 1 321 312
95 145 427 1 144 428
96 238 151 1 238 153
97 96 211 1 96 211
98 264 268 1 263 270
99 153 310 1 152 310
100 122 559 1 122 560
101 115 164 1 114 165
102 129 458 1 128 460
103 153 450 1 152 452
104 120 388 1 119 388
105 120 80 1 119 81
106 107 122 1 107 123
107 131 581 1 129 581
108 146 492 1 144 493
109 127 448 1 126 449
110 314 337 1 313 338
111 141 558 1 140 558
112 178 579 1 177 579
113 52 582 1 51 582
114 307 518 1 307 519
115 271 121 1 270 122
116 107 587 1 106 587
117 215 397 1 215 398
118 248 189 1 247 190
119 300 270 1 299 270
120 75 175 1 74 175
121 208 591 1 207 592
122 270 460 1 270 461
123 204 441 1 204 441
124 192 439 1 190 440
125 217 533 1 216 534
126 139 514 1 137 515
127 234 124 1 234 124
128 121 486 1 120 487
129 110 109 1 109 110
130 229 52 1 228 53
131 310 289 1 310 290
132 122 98 1 121 99
133 156 601 1 155 602
134 110 140 1 110 140
135 109 599 1 108 599
136 119 365 1 119 366
137 280 588 1 279 589
138 103 188 1 103 188
139 299 201 1 298 202
140 91 107 1 90 108
141 330 109 1 329 110
142 142 453 1 141 453
143 146 219 1 145 219
144 321 324 1 320 325
145 135 90 1 134 91
146 256 237 1 255 238
147 197 584 1 196 585
148 152 321 1 152 322
149 250 202 1 250 203
150 125 376 1 124 376
151 146 238 1 146 239
152 316 365 1 315 366
153 81 534 1 80 535
154 197 594 1 196 594
155 146 436 1 146 438
156 265 338 1 265 338
157 129 365 1 128 366
158 198 552 1 198 553
159 301 308 1 301 310
160 312 276 1 311 277
161 156 565 1 155 566
162 193 214 1 191 215
163 246 175 1 246 176
164 184 331 1 184 331
165 240 291 1 239 292
166 131 542 1 131 543
167 131 420 1 130 421
168 309 258 1 308 259
169 169 568 1 167 568
170 245 399 1 244 400
171 296 361 1 295 362
172 280 380 1 280 380
173 294 439 1 293 439
174 122 125 1 121 126
175 230 109 1 230 111
176 311 322 1 310 323
177 309 347 1 308 348
178 313 425 1 313 426
179 143 576 1 143 577
180 115 187 1 115 189
181 286 407 1 285 407
182 56 59 1 55 60
183 103 171 1 102 172
184 153 572 1 152 573
185 157 433 1 156 434
186 323 313 1 322 314
187 200 542 1 199 543
188 141 525 1 141 526
189 241 89 1 240 90
190 110 508 1 110 509
191 226 494 1 225 496
192 144 194 1 144 195
193 255 430 1 255 431
194 134 104 1 133 105
195 269 597 1 268 598
196 109 531 1 108 531
197 217 444 1 217 444
198 215 411 1 214 412
199 311 409 1 311 410
200 153 335 1 153 336
201 332 560 1 332 561
202 300 211 1 300 212
203 233 577 1 232 578
204 294 88 1 294 88
205 181 555 1 179 555
206 308 534 1 307 534
207 141 587 1 140 588
208 315 232 1 315 232
209 239 134 1 239 134
210 298 470 1 298 470
211 314 454 1 314 455
212 319 605 1 318 603
213 109 520 1 109 520
214 279 290 1 278 291
215 240 434 1 240 436
216 239 53 1 238 54
217 224 551 1 223 552
218 235 163 1 235 163
219 246 502 1 245 503
220 305 96 1 305 96
221 290 585 1 289 586
222 234 396 1 233 397
223 209 553 1 208 554
224 117 401 1 116 401
225 283 363 1 282 364
226 278 434 1 277 434
227 235 77 1 235 77
228 229 541 1 228 541
229 292 169 1 292 170
230 227 449 1 226 450
231 131 405 1 130 406
232 269 378 1 268 379
233 323 47 1 323 48
234 277 168 1 277 169
235 300 566 1 299 567
236 282 125 1 282 126
237 295 521 1 294 522
238 314 131 1 313 131
239 280 85 1 279 86
240 189 545 1 188 546
241 264 130 1 264 131
242 314 151 1 313 152
243 270 446 1 269 446
244 302 229 1 302 230
245 275 556 1 275 557
246 301 494 1 300 495
247 257 325 1 257 326
248 331 485 1 329 486
249 285 498 1 284 500
250 205 562 1 204 564
251 156 473 1 155 473
252 290 425 1 290 426
253 248 152 1 248 152
254 278 516 1 277 516
255 301 384 1 300 385
256 247 102 1 247 102
257 272 186 1 271 187
258 309 613 1 308 614
259 280 257 1 279 258
260 258 362 1 257 363
261 243 234 1 242 234
262 315 209 1 315 210
263 313 247 1 313 248
264 271 405 1 271 406
265 289 245 1 289 246
266 283 341 1 282 342
267 210 543 1 209 544
268 313 569 1 311 570
269 286 278 1 286 279
270 281 452 1 280 452
271 234 240 1 234 241
272 291 511 1 290 512
273 195 561 1 194 562
274 241 446 1 240 447
275 265 348 1 265 348
276 54 74 1 54 75
277 257 53 1 257 54
278 228 204 1 228 205
279 297 603 1 295 604
280 274 275 1 273 276
281 154 583 1 153 583
282 267 417 1 267 418
283 297 350 1 297 351
284 263 535 1 262 536
285 261 149 1 261 151
286 306 301 1 306 301
287 251 79 1 250 79
288 286 480 1 285 480
289 229 475 1 228 475
290 247 578 1 246 579
291 317 141 1 317 142
292 287 394 1 286 394
293 231 230 1 230 231
294 316 436 1 315 437
295 242 603 1 241 604
296 304 505 1 303 506
297 182 588 1 181 589
298 257 175 1 257 175
299 245 590 1 244 591
300 255 452 1 255 454
301 257 505 1 256 506
302 244 557 1 244 557
303 297 288 1 296 289
304 270 200 1 268 201
305 302 245 1 301 246
306 318 392 1 318 393
307 314 484 1 313 485
308 234 562 1 233 563
309 297 259 1 297 260
310 307 58 1 307 58
311 240 265 1 240 266
312 270 97 1 269 98
313 280 326 1 280 326
314 319 380 1 318 381
315 265 160 1 265 160
316 279 419 1 278 420
317 222 421 1 221 422
318 317 163 1 316 164
319 298 319 1 298 320
320 258 609 1 256 609
321 314 586 1 313 587
322 323 565 1 322 565
323 276 245 1 275 245
324 298 482 1 297 483
325 286 614 1 285 615
326 249 287 1 249 287
327 297 180 1 297 180
328 254 276 1 253 277
329 310 176 1 310 176
