0 77 290 1 78 291
1 102 441 1 101 443
2 96 607 1 96 608
3 101 494 1 100 494
4 98 454 1 99 456
5 49 242 1 50 243
6 201 471 1 201 472
7 54 597 1 55 598
8 98 477 1 99 477
9 105 291 1 105 291
10 59 534 1 59 535
11 101 420 1 102 422
12 141 346 1 141 348
13 57 554 1 57 555
14 271 472 1 271 473
15 63 442 1 64 443
16 56 573 1 56 574
17 68 399 1 69 400
18 138 314 1 139 314
19 62 477 1 63 478
20 70 546 1 71 547
21 60 494 1 60 495
22 69 382 1 70 383
23 72 509 1 72 510
24 90 412 1 91 413
25 55 615 1 55 616
26 65 411 1 65 412
27 70 559 1 70 560
28 87 591 1 86 592
29 60 184 1 60 185
30 45 125 1 45 127
31 140 600 1 140 601
32 97 593 1 97 594
33 64 456 1 64 458
34 82 568 1 80 571
35 71 497 1 71 498
36 97 527 1 97 528
37 75 443 1 75 444
38 98 376 1 98 377
39 229 387 1 230 386
40 240 335 1 240 335
41 131 572 1 131 573
42 63 467 1 63 468
43 84 202 1 84 204
44 119 536 1 118 536
45 107 375 1 108 375
46 184 205 1 183 206
47 162 163 1 163 164
48 210 431 1 210 433
49 179 415 1 179 417
50 130 73 1 130 74
51 323 305 1 324 306
52 122 603 1 122 604
53 87 186 1 87 186
54 109 453 1 110 455
55 172 312 1 173 313
56 327 231 1 327 232
57 154 463 1 154 464
58 188 456 1 188 457
59 327 360 1 327 361
60 123 432 1 124 433
61 134 436 1 135 437
62 143 482 1 144 483
63 317 199 1 317 200
64 199 535 1 202 535
65 84 560 1 85 561
66 120 524 1 119 525
67 165 454 1 166 456
68 162 445 1 163 446
69 109 228 1 109 230
70 142 502 1 142 503
71 203 411 1 203 412
72 156 501 1 155 502
73 71 531 1 71 532
74 97 138 1 97 139
75 59 523 1 59 524
76 154 524 1 152 525
77 301 121 1 301 121
78 118 584 1 119 585
79 67 594 1 67 595
80 325 350 1 326 351
81 312 312 1 312 314
82 180 430 1 182 431
83 73 126 1 74 127
84 124 509 1 124 510
85 209 421 1 210 421
86 180 568 1 180 569
87 108 391 1 108 392
88 71 154 1 72 155
89 97 465 1 97 466
90 180 443 1 180 444
91 327 134 1 327 136
92 116 442 1 117 443
93 322 312 1 322 313
94 144 428 1 145 429
95 237 152 1 238 154
96 96 211 1 96 212
97 263 269 1 264 271
98 152 310 1 152 312
99 122 560 1 122 561
100 114 165 1 114 166
101 128 459 1 128 461
102 153 451 1 153 453
103 119 389 1 120 390
104 118 80 1 118 82
105 106 123 1 107 124
106 130 582 1 130 583
107 145 493 1 145 494
108 127 449 1 127 450
109 314 338 1 314 339
110 141 559 1 141 560
111 178 580 1 177 580
112 52 583 1 51 584
113 307 520 1 308 521
114 270 121 1 270 123
115 107 588 1 107 589
116 215 398 1 215 399
117 247 190 1 247 191
118 299 270 1 300 272
119 74 175 1 74 176
120 208 592 1 208 593
121 270 461 1 270 463
122 203 442 1 204 443
123 191 440 1 191 441
124 217 535 1 217 535
125 138 515 1 138 516
126 233 124 1 234 125
127 120 487 1 121 488
128 108 110 1 109 111
129 228 52 1 228 53
130 310 289 1 310 291
131 121 99 1 121 100
132 156 602 1 156 603
133 109 140 1 110 141
134 108 600 1 109 601
135 118 366 1 119 367
136 280 589 1 281 591
137 102 188 1 103 189
138 298 202 1 299 203
139 90 108 1 89 109
140 330 109 1 330 110
141 141 454 1 142 454
142 145 219 1 145 221
143 321 325 1 321 326
144 134 91 1 134 92
145 255 238 1 256 239
146 197 585 1 197 586
147 151 322 1 152 324
148 249 203 1 250 204
149 124 377 1 125 377
150 146 239 1 146 240
151 316 366 1 316 367
152 80 535 1 80 536
153 197 595 1 197 596
154 146 437 1 146 440
155 265 339 1 265 340
156 129 366 1 129 367
157 198 553 1 198 555
158 301 309 1 301 311
159 312 277 1 312 278
160 156 566 1 156 568
161 192 215 1 191 216
162 245 176 1 246 177
163 183 332 1 184 334
164 239 292 1 240 293
165 131 543 1 131 545
166 130 421 1 131 422
167 309 259 1 309 260
168 168 569 1 168 570
169 244 400 1 244 401
170 296 362 1 295 363
171 280 380 1 281 381
172 294 440 1 294 441
173 121 126 1 121 127
174 229 110 1 230 112
175 310 323 1 311 324
176 309 349 1 309 350
177 313 426 1 314 427
178 143 577 1 143 578
179 114 188 1 115 190
180 286 408 1 286 409
181 55 60 1 55 61
182 309 615 1 309 616
183 102 172 1 102 173
184 152 573 1 153 574
185 156 433 1 157 435
186 323 314 1 323 315
187 199 543 1 200 545
188 141 526 1 141 528
189 240 89 1 240 91
190 110 509 1 110 510
191 225 496 1 226 498
192 143 194 1 144 196
193 255 431 1 255 432
194 133 105 1 133 106
195 270 598 1 270 600
196 108 532 1 109 532
197 217 445 1 218 446
198 214 412 1 214 413
199 311 410 1 312 412
200 152 336 1 153 337
201 333 562 1 333 563
202 300 212 1 300 213
203 233 578 1 233 579
204 294 88 1 294 89
205 180 555 1 180 557
206 308 535 1 308 536
207 141 588 1 141 589
208 315 232 1 315 233
209 238 134 1 239 135
210 298 471 1 299 472
211 315 455 1 315 456
212 319 606 1 319 606
213 109 520 1 109 521
214 279 290 1 279 292
215 240 435 1 241 437
216 238 54 1 238 55
217 224 552 1 224 553
218 234 163 1 235 164
219 246 503 1 246 504
220 305 96 1 305 96
221 290 587 1 290 588
222 233 397 1 234 398
223 209 554 1 209 555
224 117 402 1 117 403
225 282 364 1 283 366
226 278 435 1 278 435
227 234 77 1 235 78
228 229 542 1 229 543
229 292 170 1 293 171
230 226 450 1 227 451
231 130 405 1 130 407
232 269 379 1 269 380
233 323 47 1 323 48
234 277 168 1 277 170
235 301 568 1 301 569
236 282 125 1 282 126
237 295 522 1 296 524
238 313 131 1 314 132
239 279 85 1 279 86
240 188 546 1 189 548
241 264 131 1 264 132
242 314 151 1 314 152
243 270 447 1 270 448
244 302 230 1 303 231
245 275 558 1 276 559
246 301 496 1 302 497
247 257 326 1 257 327
248 331 487 1 330 488
249 284 499 1 285 501
250 205 563 1 205 565
251 155 473 1 155 475
252 290 427 1 291 428
253 247 152 1 248 153
254 278 517 1 279 518
255 301 385 1 301 386
256 247 102 1 247 103
257 271 187 1 272 188
258 279 258 1 280 259
259 258 362 1 258 364
260 242 234 1 243 235
261 315 209 1 315 210
262 313 248 1 314 249
263 271 406 1 271 407
264 289 246 1 289 247
265 283 342 1 283 343
266 210 544 1 210 546
267 313 571 1 313 572
268 286 279 1 286 280
269 281 453 1 281 454
270 234 241 1 234 242
271 291 512 1 292 514
272 195 562 1 195 564
273 241 447 1 241 448
274 265 349 1 265 350
275 53 74 1 53 76
276 257 54 1 257 55
277 228 204 1 228 206
278 297 605 1 297 606
279 274 275 1 274 277
280 154 584 1 154 585
281 267 418 1 268 419
282 297 351 1 297 352
283 263 536 1 263 537
284 260 150 1 261 151
285 306 302 1 307 303
286 250 79 1 250 80
287 285 481 1 286 482
288 229 476 1 229 477
289 254 399 1 254 400
290 247 579 1 247 581
291 317 141 1 317 142
292 287 396 1 287 395
293 230 231 1 231 232
294 316 437 1 317 438
295 242 603 1 242 605
296 304 507 1 305 508
297 182 589 1 182 591
298 257 176 1 257 176
299 245 591 1 245 593
300 255 454 1 255 456
301 257 506 1 257 508
302 244 558 1 245 559
303 296 289 1 297 290
304 269 201 1 268 202
305 302 245 1 302 247
306 318 393 1 319 394
307 314 485 1 314 487
308 234 564 1 234 565
309 297 260 1 298 261
310 307 57 1 307 58
311 240 266 1 240 267
312 269 97 1 269 99
313 280 326 1 280 327
314 319 381 1 319 382
315 264 160 1 265 161
316 279 420 1 279 422
317 221 422 1 222 423
318 316 163 1 317 165
319 298 320 1 298 321
320 258 610 1 257 611
321 315 587 1 315 589
322 323 566 1 324 568
323 275 245 1 275 246
324 298 484 1 298 485
325 249 288 1 249 288
326 297 180 1 297 181
327 253 277 1 253 278
328 310 176 1 311 177
