0 80 295 1 82 294
1 105 447 1 106 446
2 100 614 1 101 612
3 104 499 1 105 498
4 101 460 1 103 459
5 51 247 1 53 246
6 205 480 1 207 479
7 58 604 1 59 602
8 101 483 1 104 481
9 169 183 1 170 182
10 107 296 1 109 294
11 210 470 1 211 469
12 62 540 1 64 539
13 104 426 1 106 425
14 143 351 1 145 350
15 60 561 1 62 559
16 276 479 1 277 478
17 66 448 1 69 446
18 90 598 1 91 596
19 75 515 1 77 514
20 59 580 1 61 578
21 71 405 1 73 404
22 141 319 1 144 317
23 93 418 1 95 417
24 65 483 1 67 482
25 74 552 1 76 551
26 63 500 1 64 499
27 72 388 1 74 387
28 68 417 1 69 416
29 74 566 1 74 564
30 62 189 1 64 188
31 47 130 1 48 129
32 144 607 1 145 605
33 101 599 1 101 598
34 67 462 1 69 461
35 74 503 1 76 502
36 100 533 1 102 531
37 86 576 1 85 575
38 78 449 1 80 447
39 101 382 1 102 380
40 232 392 1 235 390
41 244 341 1 245 340
42 121 541 1 123 540
43 66 473 1 67 471
44 195 231 1 197 230
45 86 207 1 88 206
46 110 380 1 112 379
47 186 212 1 188 211
48 164 167 1 167 167
49 213 437 1 215 436
50 182 421 1 184 420
51 131 77 1 133 77
52 328 311 1 330 310
53 126 610 1 127 609
54 89 191 1 91 189
55 113 459 1 114 458
56 135 578 1 136 577
57 175 320 1 177 319
58 332 236 1 334 235
59 158 468 1 159 467
60 191 462 1 193 461
61 333 367 1 334 367
62 126 438 1 128 436
63 137 441 1 139 440
64 147 488 1 149 486
65 321 203 1 323 203
66 123 600 1 124 599
67 86 566 1 89 565
68 123 531 1 123 529
69 168 460 1 170 459
70 166 450 1 167 449
71 111 233 1 113 233
72 181 469 1 182 468
73 146 508 1 147 507
74 206 417 1 208 416
75 159 507 1 160 506
76 74 537 1 75 536
77 99 143 1 101 142
78 62 529 1 64 527
79 158 530 1 157 529
80 304 124 1 306 123
81 122 590 1 124 589
82 70 601 1 71 599
83 331 356 1 333 355
84 275 488 1 276 487
85 317 318 1 319 318
86 183 435 1 186 434
87 75 131 1 77 130
88 127 516 1 129 514
89 213 426 1 214 425
90 184 574 1 185 573
91 111 396 1 112 395
92 73 159 1 75 157
93 101 471 1 102 470
94 183 448 1 185 447
95 331 138 1 333 138
96 119 448 1 121 447
97 327 318 1 329 318
98 147 433 1 149 432
99 240 156 1 242 156
100 98 216 1 100 215
101 266 274 1 269 274
102 155 315 1 156 314
103 126 567 1 127 565
104 116 170 1 117 169
105 132 465 1 133 465
106 156 457 1 157 457
107 122 394 1 124 393
108 120 85 1 122 84
109 108 127 1 110 127
110 134 588 1 135 587
111 149 499 1 150 498
112 326 612 1 326 613
113 130 455 1 131 454
114 319 344 1 321 344
115 145 565 1 145 564
116 182 586 1 182 584
117 55 590 1 56 588
118 313 528 1 315 527
119 273 125 1 275 125
120 111 594 1 112 593
121 218 403 1 220 402
122 168 469 1 170 468
123 250 194 1 251 193
124 304 276 1 305 275
125 75 181 1 78 179
126 212 599 1 213 598
127 274 468 1 276 468
128 207 447 1 209 446
129 195 445 1 196 444
130 142 521 1 142 520
131 236 128 1 238 127
132 123 493 1 125 492
133 110 115 1 112 113
134 230 56 1 232 55
135 315 295 1 316 295
136 123 104 1 125 103
137 160 609 1 161 607
138 111 145 1 113 144
139 112 606 1 113 605
140 121 371 1 123 370
141 285 598 1 287 597
142 104 193 1 106 192
143 302 206 1 304 206
144 91 112 1 93 111
145 334 113 1 336 112
146 145 459 1 146 458
147 147 224 1 149 223
148 326 332 1 327 331
149 135 95 1 137 95
150 258 243 1 260 242
151 201 592 1 202 591
152 154 327 1 156 326
153 252 207 1 255 207
154 127 382 1 129 381
155 148 244 1 150 243
156 321 373 1 323 372
157 84 541 1 85 540
158 201 601 1 202 600
159 149 443 1 151 443
160 268 344 1 271 343
161 132 372 1 133 370
162 202 559 1 203 559
163 306 315 1 307 315
164 316 283 1 318 282
165 160 573 1 161 572
166 194 221 1 196 220
167 248 180 1 250 180
168 186 341 1 189 340
169 243 297 1 244 296
170 135 550 1 136 549
171 134 427 1 135 426
172 313 264 1 315 264
173 220 540 1 222 539
174 172 575 1 173 574
175 248 406 1 249 405
176 300 368 1 301 368
177 284 387 1 286 386
178 299 447 1 300 446
179 123 130 1 124 130
180 232 114 1 234 114
181 315 329 1 317 329
182 314 355 1 315 354
183 319 433 1 320 433
184 147 583 1 148 582
185 116 192 1 119 192
186 290 414 1 291 413
187 56 65 1 58 64
188 104 176 1 105 175
189 156 579 1 157 578
190 160 439 1 161 438
191 328 320 1 329 319
192 203 549 1 205 549
193 145 533 1 146 532
194 242 94 1 244 93
195 234 446 1 235 445
196 114 515 1 115 514
197 231 506 1 232 506
198 146 199 1 147 199
199 259 438 1 261 437
200 135 110 1 137 109
201 275 606 1 276 605
202 112 538 1 113 536
203 220 450 1 223 449
204 317 418 1 318 417
205 155 341 1 157 340
206 304 217 1 306 216
207 237 584 1 238 584
208 335 496 1 337 494
209 297 92 1 299 90
210 184 561 1 185 561
211 314 544 1 315 543
212 145 594 1 146 593
213 319 237 1 321 237
214 241 139 1 243 137
215 303 478 1 305 478
216 320 463 1 321 462
217 113 526 1 114 525
218 283 296 1 284 295
219 244 441 1 246 441
220 203 457 1 204 457
221 240 57 1 242 56
222 228 558 1 229 558
223 237 167 1 239 167
224 308 99 1 311 98
225 295 595 1 296 594
226 237 403 1 239 402
227 213 560 1 214 559
228 120 407 1 121 406
229 287 370 1 289 370
230 282 441 1 284 440
231 236 81 1 239 80
232 296 174 1 298 174
233 230 456 1 232 455
234 133 411 1 135 410
235 273 384 1 274 384
236 327 49 1 329 48
237 280 173 1 282 173
238 306 576 1 307 575
239 285 129 1 287 128
240 301 530 1 302 530
241 317 134 1 320 134
242 282 89 1 284 88
243 192 552 1 194 552
244 266 135 1 269 134
245 318 155 1 320 154
246 274 453 1 275 452
247 306 235 1 308 234
248 281 566 1 282 565
249 315 554 1 316 553
250 307 504 1 308 503
251 260 331 1 262 331
252 319 507 1 320 507
253 289 507 1 291 507
254 209 569 1 210 569
255 159 479 1 160 478
256 295 433 1 297 433
257 250 156 1 252 155
258 283 524 1 285 524
259 306 392 1 307 391
260 249 105 1 251 105
261 275 191 1 277 190
262 283 263 1 285 262
263 262 368 1 263 368
264 245 239 1 247 238
265 319 214 1 321 213
266 318 253 1 320 252
267 275 412 1 277 412
268 292 250 1 295 250
269 287 348 1 289 347
270 255 129 1 258 129
271 214 550 1 215 550
272 319 580 1 320 579
273 290 285 1 292 284
274 285 459 1 287 459
275 236 245 1 238 245
276 297 520 1 298 519
277 199 569 1 200 568
278 244 453 1 246 452
279 269 354 1 271 354
280 55 79 1 57 79
281 259 57 1 261 56
282 230 209 1 232 208
283 300 419 1 302 419
284 302 613 1 303 612
285 285 475 1 286 475
286 277 281 1 279 281
287 158 590 1 159 589
288 271 424 1 274 424
289 302 357 1 303 356
290 268 543 1 269 543
291 263 154 1 266 154
292 311 308 1 313 307
293 252 83 1 255 81
294 290 488 1 292 487
295 258 404 1 259 404
296 251 586 1 252 586
297 194 491 1 195 490
298 321 145 1 323 144
299 291 401 1 292 400
300 233 235 1 235 234
301 322 445 1 323 444
302 247 611 1 248 610
303 255 470 1 256 469
304 310 515 1 311 514
305 186 596 1 187 595
306 260 180 1 262 179
307 249 598 1 250 597
308 260 461 1 261 461
309 249 564 1 250 564
310 301 294 1 303 294
311 271 205 1 273 204
312 306 250 1 308 250
313 323 400 1 325 400
314 319 493 1 320 493
315 238 570 1 239 569
316 301 265 1 303 264
317 310 60 1 313 59
318 243 271 1 245 270
319 272 101 1 274 100
320 284 332 1 286 331
321 324 388 1 326 388
322 267 165 1 270 164
323 283 427 1 285 426
324 225 427 1 227 426
325 320 167 1 323 167
326 303 326 1 304 325
327 321 597 1 321 596
328 330 575 1 330 575
329 279 250 1 281 249
330 303 491 1 304 490
331 252 292 1 254 292
332 300 184 1 303 184
333 256 282 1 258 281
334 314 180 1 316 180
