0 94 267 1 98 269
1 117 420 1 121 422
2 109 586 1 114 587
3 113 477 1 118 478
4 113 433 1 118 435
5 66 219 1 70 221
6 113 467 1 118 468
7 68 575 1 72 576
8 112 456 1 118 456
9 121 267 1 126 269
10 73 513 1 77 513
11 117 399 1 121 401
12 157 325 1 161 326
13 185 161 1 188 162
14 71 533 1 75 534
15 288 458 1 292 460
16 78 420 1 83 422
17 100 570 1 104 571
18 86 487 1 90 489
19 70 551 1 74 552
20 84 378 1 88 379
21 155 293 1 160 293
22 106 392 1 110 392
23 77 456 1 81 457
24 74 473 1 78 474
25 85 361 1 89 362
26 80 390 1 84 391
27 223 456 1 226 453
28 86 525 1 89 526
29 78 161 1 82 162
30 85 538 1 88 539
31 64 101 1 67 103
32 153 580 1 157 581
33 110 572 1 114 573
34 78 435 1 83 436
35 85 476 1 90 477
36 97 548 1 98 550
37 90 422 1 94 423
38 114 355 1 118 356
39 245 369 1 251 369
40 235 509 1 239 510
41 131 515 1 136 516
42 77 446 1 82 446
43 211 212 1 216 213
44 102 179 1 105 181
45 123 354 1 128 355
46 181 141 1 185 142
47 225 413 1 230 414
48 195 397 1 199 398
49 149 49 1 153 50
50 105 162 1 108 164
51 135 583 1 139 584
52 124 433 1 129 434
53 145 551 1 149 553
54 95 538 1 103 540
55 137 499 1 141 501
56 169 443 1 173 444
57 203 437 1 208 438
58 138 411 1 143 412
59 149 415 1 154 416
60 158 463 1 163 463
61 174 163 1 177 164
62 195 175 1 198 176
63 132 573 1 137 574
64 180 435 1 185 436
65 144 541 1 149 542
66 177 425 1 182 426
67 127 206 1 130 208
68 192 444 1 197 445
69 157 482 1 161 484
70 218 393 1 223 394
71 170 481 1 174 482
72 65 561 1 69 562
73 115 115 1 119 116
74 168 504 1 170 505
75 325 100 1 329 99
76 132 564 1 136 564
77 80 572 1 84 573
78 190 559 1 195 561
79 287 468 1 291 469
80 334 299 1 338 299
81 196 411 1 201 412
82 91 103 1 96 104
83 138 490 1 143 491
84 225 402 1 229 402
85 193 548 1 198 549
86 123 370 1 128 371
87 89 131 1 93 131
88 147 464 1 152 465
89 195 423 1 199 424
90 131 422 1 136 422
91 159 407 1 164 409
92 258 130 1 262 132
93 113 188 1 117 190
94 283 251 1 287 253
95 169 289 1 173 290
96 135 541 1 140 542
97 131 142 1 135 144
98 136 479 1 141 480
99 143 439 1 147 441
100 168 432 1 172 433
101 135 368 1 139 369
102 137 56 1 141 57
103 125 99 1 129 100
104 143 562 1 148 563
105 159 474 1 164 475
106 141 429 1 146 430
107 154 539 1 158 540
108 202 446 1 206 447
109 325 511 1 330 511
110 120 567 1 124 568
111 292 99 1 296 100
112 231 379 1 235 380
113 179 444 1 184 445
114 268 170 1 271 170
115 321 254 1 325 255
116 91 153 1 95 153
117 221 574 1 226 575
118 287 448 1 291 449
119 218 423 1 224 424
120 206 421 1 210 422
121 152 496 1 156 497
122 43 443 1 47 444
123 254 102 1 258 102
124 135 467 1 139 468
125 127 87 1 131 87
126 250 27 1 253 28
127 333 275 1 337 276
128 140 75 1 143 76
129 169 582 1 173 583
130 335 326 1 340 326
131 127 117 1 131 118
132 121 579 1 126 580
133 134 345 1 139 346
134 295 578 1 300 579
135 75 34 1 77 36
136 120 166 1 124 167
137 321 183 1 325 184
138 108 84 1 111 85
139 156 434 1 161 434
140 163 197 1 167 198
141 76 502 1 77 502
142 153 67 1 156 68
143 275 219 1 279 220
144 210 567 1 215 568
145 168 301 1 173 302
146 270 183 1 274 184
147 29 557 1 34 558
148 140 356 1 145 357
149 163 217 1 167 218
150 133 444 1 137 444
151 95 514 1 98 515
152 210 577 1 215 577
153 161 417 1 166 419
154 283 323 1 288 324
155 144 346 1 149 346
156 212 535 1 217 536
157 322 296 1 326 296
158 334 262 1 338 263
159 169 547 1 174 548
160 266 156 1 270 156
161 258 274 1 262 275
162 144 524 1 149 525
163 146 401 1 150 402
164 332 243 1 336 244
165 230 519 1 235 517
166 182 549 1 186 550
167 261 383 1 265 384
168 316 349 1 319 349
169 299 367 1 303 367
170 313 428 1 317 429
171 139 103 1 143 104
172 250 87 1 254 88
173 332 310 1 337 311
174 330 336 1 334 337
175 156 558 1 161 559
176 285 273 1 289 275
177 132 165 1 136 167
178 278 585 1 282 586
179 305 395 1 308 395
180 335 596 1 341 599
181 119 149 1 123 150
182 166 553 1 170 554
183 172 413 1 176 415
184 213 527 1 218 526
185 155 507 1 159 508
186 261 66 1 265 67
187 334 232 1 341 232
188 246 424 1 250 424
189 124 489 1 128 490
190 161 172 1 165 174
191 272 416 1 276 417
192 152 82 1 156 82
193 122 511 1 127 512
194 232 427 1 237 428
195 332 399 1 336 400
196 333 414 1 338 417
197 323 194 1 327 195
198 246 561 1 251 562
199 319 65 1 323 65
200 192 536 1 198 537
201 326 526 1 330 527
202 285 416 1 290 416
203 154 568 1 158 569
204 259 113 1 263 113
205 316 458 1 321 461
206 123 500 1 127 501
207 299 275 1 303 275
208 255 419 1 261 421
209 214 433 1 219 434
210 260 29 1 264 30
211 237 535 1 243 536
212 255 141 1 258 143
213 331 72 1 334 73
214 305 576 1 310 577
215 250 380 1 254 381
216 223 536 1 227 537
217 132 381 1 136 382
218 302 350 1 306 351
219 296 420 1 300 421
220 256 53 1 259 54
221 316 150 1 320 151
222 242 433 1 247 434
223 146 385 1 150 386
224 287 364 1 291 364
225 224 437 1 228 437
226 299 149 1 303 150
227 316 558 1 321 559
228 306 104 1 309 104
229 312 512 1 317 513
230 303 62 1 307 62
231 286 526 1 290 527
232 202 528 1 207 529
233 286 109 1 290 109
234 287 433 1 291 433
235 325 213 1 329 213
236 291 546 1 296 547
237 326 536 1 331 537
238 319 485 1 324 487
239 276 308 1 280 310
240 332 491 1 336 491
241 301 489 1 306 489
242 218 545 1 223 547
243 170 454 1 174 455
244 309 414 1 313 415
245 268 130 1 273 131
246 321 373 1 325 373
247 268 78 1 272 79
248 293 167 1 297 168
249 301 240 1 304 241
250 277 346 1 280 348
251 289 392 1 293 393
252 311 228 1 315 229
253 303 328 1 307 328
254 287 343 1 291 344
255 275 104 1 279 104
256 223 526 1 228 528
257 329 563 1 334 564
258 307 263 1 311 264
259 298 440 1 303 441
260 253 221 1 256 222
261 308 501 1 313 502
262 208 544 1 213 545
263 256 431 1 261 432
264 284 332 1 288 334
265 71 50 1 75 51
266 280 29 1 284 29
267 247 183 1 251 185
268 314 400 1 319 401
269 297 455 1 302 456
270 294 260 1 298 260
271 167 564 1 172 565
272 285 404 1 290 405
273 318 338 1 322 338
274 283 129 1 286 130
275 273 55 1 276 56
276 303 469 1 307 470
277 270 383 1 275 384
278 260 564 1 265 565
279 206 473 1 210 473
280 211 447 1 216 448
281 305 380 1 309 381
282 250 211 1 253 212
283 267 450 1 271 450
284 322 497 1 327 498
285 194 570 1 199 572
286 278 155 1 282 156
287 258 575 1 263 577
288 272 441 1 276 442
289 319 273 1 322 274
290 289 181 1 293 182
291 324 229 1 328 229
292 332 476 1 337 477
293 248 548 1 252 548
294 319 244 1 323 244
295 260 247 1 263 248
296 293 75 1 296 75
297 286 140 1 290 140
298 297 407 1 301 408
299 237 404 1 242 405
300 320 306 1 323 307
301 331 580 1 336 581
302 296 227 1 300 228
303 316 473 1 320 473
304 268 269 1 272 270
305 320 160 1 324 161
