0 103 253 1 103 328
1 127 407 1 129 481
2 120 573 1 126 649
3 124 464 1 128 537
4 123 420 1 127 493
5 74 205 1 75 281
6 54 320 1 58 397
7 124 454 1 127 527
8 79 562 1 83 639
9 123 443 1 127 515
10 126 386 1 129 459
11 121 500 1 125 574
12 166 311 1 167 384
13 206 152 1 180 181
14 81 520 1 86 595
15 117 543 1 121 617
16 88 407 1 91 481
17 111 557 1 116 632
18 97 475 1 100 549
19 80 538 1 85 614
20 93 364 1 96 438
21 164 278 1 165 351
22 115 378 1 118 451
23 87 443 1 90 517
24 84 460 1 88 534
25 83 500 1 87 574
26 94 347 1 96 421
27 89 376 1 92 450
28 85 146 1 85 224
29 164 567 1 170 641
30 121 559 1 126 634
31 88 422 1 92 496
32 93 525 1 98 600
33 165 576 1 170 650
34 96 463 1 99 537
35 108 348 1 108 421
36 99 408 1 102 482
37 123 341 1 124 414
38 174 580 1 180 655
39 35 487 1 39 562
40 143 503 1 147 574
41 87 433 1 91 506
42 191 516 1 195 590
43 109 164 1 109 242
44 202 399 1 205 471
45 132 340 1 135 412
46 209 328 1 210 400
47 236 399 1 238 468
48 70 86 1 69 167
49 156 32 1 152 112
50 258 357 1 256 419
51 191 581 1 198 655
52 146 570 1 151 645
53 134 419 1 138 493
54 156 538 1 161 612
55 148 487 1 151 558
56 110 419 1 112 493
57 179 430 1 182 500
58 149 582 1 155 657
59 104 578 1 109 654
60 213 423 1 216 494
61 216 150 1 170 142
62 148 398 1 151 470
63 159 401 1 162 474
64 168 450 1 172 520
65 183 154 1 165 190
66 204 165 1 184 202
67 143 560 1 149 634
68 111 512 1 116 586
69 199 195 1 178 222
70 207 202 1 187 230
71 232 442 1 235 511
72 218 194 1 189 209
73 190 421 1 193 492
74 155 528 1 160 601
75 188 412 1 190 483
76 135 191 1 134 267
77 202 430 1 206 501
78 167 470 1 170 541
79 228 380 1 230 447
80 181 521 1 186 593
81 183 163 1 163 193
82 181 468 1 184 540
83 76 548 1 80 624
84 123 99 1 120 177
85 180 491 1 181 563
86 143 551 1 148 624
87 91 559 1 96 635
88 202 546 1 208 619
89 126 542 1 131 616
90 98 87 1 97 166
91 94 101 1 93 180
92 149 478 1 152 548
93 236 389 1 237 456
94 204 535 1 210 608
95 133 356 1 135 429
96 132 161 1 131 236
97 96 115 1 95 192
98 158 451 1 161 521
99 205 409 1 208 481
100 248 375 1 247 442
101 142 408 1 144 481
102 209 192 1 188 221
103 169 394 1 172 466
104 268 114 1 259 185
105 121 174 1 120 250
106 295 238 1 287 300
107 195 281 1 204 384
108 178 274 1 178 348
109 146 528 1 151 600
110 232 452 1 235 520
111 139 127 1 135 199
112 147 467 1 150 538
113 153 426 1 156 498
114 179 419 1 180 490
115 144 39 1 140 119
116 132 83 1 129 161
117 154 549 1 160 622
118 170 461 1 173 531
119 152 416 1 154 487
120 168 353 1 170 425
121 165 527 1 170 598
122 213 433 1 215 504
123 192 398 1 194 470
124 191 441 1 193 512
125 301 459 1 297 514
126 202 440 1 205 511
127 131 555 1 136 629
128 304 82 1 290 151
129 242 366 1 242 434
130 148 121 1 144 193
131 190 431 1 193 502
132 194 205 1 177 236
133 98 138 1 98 214
134 232 562 1 238 632
135 105 537 1 109 611
136 229 410 1 232 478
137 217 407 1 219 477
138 232 203 1 209 233
139 163 484 1 166 554
140 52 430 1 55 504
141 264 85 1 254 157
142 145 455 1 148 525
143 134 70 1 131 148
144 214 445 1 217 515
145 147 59 1 143 138
146 180 569 1 186 643
147 282 168 1 273 234
148 135 101 1 132 179
149 132 566 1 138 641
150 144 332 1 145 404
151 35 569 1 39 645
152 309 571 1 311 627
153 128 151 1 126 226
154 115 68 1 112 147
155 166 420 1 169 491
156 160 50 1 156 130
157 222 554 1 227 625
158 177 286 1 178 360
159 120 487 1 125 561
160 40 545 1 44 619
161 204 450 1 207 521
162 150 342 1 151 414
163 172 201 1 171 276
164 143 430 1 146 502
165 105 501 1 109 575
166 221 564 1 227 635
167 171 404 1 174 476
168 297 311 1 290 370
169 154 332 1 155 404
170 223 524 1 228 593
171 233 433 1 235 502
172 199 460 1 204 530
173 180 534 1 185 607
174 277 140 1 267 207
175 146 386 1 148 459
176 269 261 1 264 324
177 155 512 1 160 583
178 156 387 1 158 459
179 260 315 1 253 370
180 171 226 1 170 300
181 193 536 1 198 609
182 289 451 1 282 493
183 313 356 1 306 411
184 301 439 1 298 495
185 147 86 1 144 165
186 260 69 1 250 143
187 277 153 1 268 220
188 263 398 1 263 462
189 238 379 1 238 446
190 329 135 1 314 199
191 168 546 1 173 617
192 297 261 1 289 322
193 290 576 1 294 637
194 255 40 1 245 116
195 127 134 1 125 210
196 325 420 1 320 472
197 176 540 1 182 614
198 182 399 1 184 472
199 255 539 1 260 607
200 166 495 1 170 565
201 330 468 1 326 519
202 321 377 1 315 431
203 272 48 1 260 122
204 257 412 1 258 476
205 278 493 1 276 548
206 135 476 1 138 548
207 285 406 1 282 465
208 160 65 1 156 144
209 243 414 1 245 481
210 258 549 1 263 617
211 324 215 1 312 275
212 334 479 1 329 528
213 203 523 1 210 595
214 315 233 1 304 292
215 303 342 1 297 400
216 298 405 1 295 462
217 165 555 1 171 629
218 254 29 1 244 106
219 269 95 1 259 166
220 275 285 1 271 349
221 333 364 1 325 416
222 134 487 1 138 560
223 269 24 1 256 99
224 225 420 1 227 490
225 284 344 1 280 403
226 276 204 1 270 270
227 330 430 1 324 482
228 316 481 1 313 534
229 328 450 1 323 500
230 334 489 1 330 538
231 260 368 1 260 432
232 234 525 1 239 593
233 142 367 1 143 440
234 315 339 1 308 395
235 309 411 1 305 466
236 266 34 1 254 109
237 314 608 1 317 667
238 269 592 1 275 659
239 254 421 1 255 486
240 156 371 1 157 444
241 300 352 1 295 411
242 326 254 1 315 312
243 235 423 1 237 492
244 265 124 1 256 195
245 298 517 1 299 575
246 332 440 1 326 490
247 312 387 1 306 441
248 300 423 1 297 480
249 306 539 1 305 594
250 313 272 1 304 330
251 288 297 1 281 357
252 265 285 1 260 346
253 140 579 1 145 654
254 329 264 1 318 320
255 230 533 1 235 603
256 180 441 1 183 512
257 279 114 1 268 182
258 321 388 1 315 441
259 279 60 1 267 133
260 291 150 1 280 215
261 307 493 1 306 549
262 306 152 1 293 215
263 290 57 1 276 128
264 293 250 1 285 312
265 311 193 1 299 255
266 333 145 1 316 207
267 289 335 1 283 395
268 203 419 1 206 491
269 316 262 1 307 322
270 266 424 1 266 487
271 334 530 1 332 580
272 302 381 1 297 438
273 274 398 1 273 459
274 315 317 1 308 372
275 300 332 1 294 389
276 286 86 1 273 156
277 332 159 1 317 221
278 272 410 1 272 472
279 312 431 1 308 485
280 325 509 1 323 562
281 219 532 1 225 602
282 311 516 1 310 571
283 254 221 1 250 289
284 296 321 1 290 380
285 257 169 1 250 237
286 307 133 1 293 198
287 281 472 1 277 522
288 311 447 1 308 502
289 326 190 1 313 251
290 178 551 1 184 624
291 298 394 1 295 451
292 305 166 1 293 230
293 319 570 1 320 624
294 294 113 1 281 180
295 315 300 1 307 356
296 242 575 1 248 645
297 283 36 1 269 109
298 317 460 1 313 514
299 283 371 1 280 432
300 272 553 1 277 618
301 222 434 1 225 503
302 260 196 1 254 264
303 317 248 1 307 307
304 295 553 1 297 613
305 279 439 1 278 498
306 260 208 1 254 274
307 273 514 1 275 576
308 206 558 1 212 630
309 290 140 1 278 205
310 270 565 1 275 630
311 284 433 1 282 488
312 271 575 1 275 640
313 325 317 1 316 373
314 247 552 1 253 621
315 271 233 1 264 298
316 304 56 1 288 127
317 298 124 1 285 189
318 248 391 1 249 457
319 309 214 1 298 274
320 280 257 1 273 319
