0 98 257 1 98 258
1 122 411 1 122 412
2 116 578 1 116 579
3 120 469 1 120 469
4 119 424 1 120 425
5 70 209 1 70 210
6 120 458 1 120 459
7 75 568 1 75 568
8 119 448 1 120 447
9 126 257 1 126 258
10 122 390 1 122 391
11 162 315 1 162 316
12 77 525 1 77 525
13 84 412 1 85 412
14 107 562 1 107 562
15 92 479 1 92 480
16 76 543 1 76 544
17 89 369 1 89 369
18 160 282 1 161 282
19 111 383 1 112 382
20 82 447 1 83 448
21 80 464 1 80 465
22 79 505 1 79 505
23 90 352 1 90 352
24 85 381 1 85 381
25 81 150 1 81 150
26 160 572 1 161 572
27 117 564 1 117 564
28 84 426 1 85 427
29 295 454 1 297 455
30 89 530 1 90 530
31 92 468 1 92 468
32 95 413 1 96 413
33 119 346 1 119 346
34 90 516 1 91 517
35 139 508 1 139 508
36 83 437 1 83 437
37 105 169 1 105 169
38 128 345 1 129 345
39 185 130 1 185 130
40 232 404 1 232 404
41 66 90 1 66 90
42 201 389 1 201 388
43 151 36 1 152 37
44 243 499 1 243 500
45 254 362 1 254 360
46 108 152 1 108 152
47 142 575 1 142 575
48 130 423 1 131 424
49 214 215 1 214 216
50 152 543 1 152 544
51 144 492 1 144 493
52 175 434 1 175 435
53 209 428 1 210 428
54 211 155 1 211 154
55 144 402 1 145 402
56 155 406 1 156 407
57 164 455 1 165 455
58 178 159 1 179 160
59 199 170 1 200 171
60 140 565 1 140 566
61 195 201 1 194 201
62 203 208 1 204 208
63 228 447 1 228 447
64 214 199 1 214 200
65 186 426 1 187 426
66 152 533 1 152 533
67 184 416 1 184 417
68 130 195 1 131 196
69 198 435 1 199 435
70 163 474 1 163 475
71 224 384 1 225 385
72 177 525 1 177 526
73 178 168 1 179 169
74 177 472 1 176 473
75 72 553 1 72 554
76 118 103 1 118 103
77 174 482 1 173 482
78 139 556 1 139 556
79 87 564 1 87 565
80 198 551 1 198 552
81 122 547 1 123 547
82 94 91 1 94 91
83 145 483 1 145 483
84 232 393 1 232 393
85 200 539 1 201 540
86 129 360 1 129 361
87 92 119 1 92 119
88 154 456 1 155 456
89 201 414 1 202 414
90 137 413 1 137 413
91 204 198 1 206 197
92 165 398 1 166 399
93 264 118 1 264 119
94 117 178 1 117 178
95 291 243 1 291 243
96 190 285 1 190 285
97 174 279 1 174 279
98 143 533 1 143 534
99 228 456 1 228 456
100 135 132 1 134 132
101 143 472 1 143 472
102 149 431 1 149 433
103 175 423 1 174 424
104 140 359 1 141 359
105 139 43 1 140 44
106 127 87 1 128 88
107 150 553 1 151 554
108 166 466 1 166 466
109 147 421 1 148 421
110 162 532 1 161 532
111 209 437 1 209 438
112 297 465 1 297 466
113 127 560 1 127 559
114 300 86 1 300 87
115 238 370 1 238 371
116 144 125 1 144 126
117 186 435 1 186 436
118 190 211 1 190 211
119 94 142 1 95 142
120 229 566 1 229 567
121 101 541 1 101 541
122 225 415 1 226 415
123 213 411 1 213 412
124 227 209 1 228 209
125 159 489 1 158 489
126 48 435 1 48 435
127 260 89 1 260 89
128 141 459 1 141 460
129 130 74 1 130 74
130 204 318 1 204 318
131 210 449 1 210 450
132 142 63 1 142 63
133 176 574 1 177 574
134 278 172 1 277 173
135 130 106 1 131 106
136 129 571 1 129 571
137 140 336 1 140 336
138 306 576 1 306 576
139 123 155 1 124 155
140 110 72 1 110 72
141 162 425 1 163 425
142 167 186 1 167 186
143 82 493 1 80 494
144 155 55 1 155 55
145 283 210 1 283 210
146 218 559 1 218 560
147 173 291 1 174 291
148 116 492 1 117 492
149 36 550 1 36 552
150 200 454 1 200 455
151 145 347 1 146 346
152 168 206 1 168 207
153 139 435 1 139 435
154 101 506 1 101 506
155 218 569 1 218 569
156 168 408 1 167 410
157 293 316 1 293 316
158 150 336 1 150 336
159 220 530 1 220 528
160 229 437 1 229 438
161 176 538 1 177 539
162 222 499 1 222 499
163 272 144 1 272 144
164 265 265 1 265 265
165 151 517 1 152 517
166 152 392 1 152 392
167 256 319 1 255 320
168 189 541 1 189 541
169 269 376 1 269 376
170 309 361 1 309 361
171 297 444 1 296 443
172 142 91 1 142 91
173 256 74 1 256 75
174 273 157 1 273 158
175 335 509 1 335 509
176 233 383 1 233 383
177 164 551 1 164 551
178 293 265 1 293 266
179 287 581 1 288 581
180 250 44 1 250 45
181 123 138 1 123 138
182 322 425 1 322 425
183 173 544 1 173 545
184 178 404 1 178 405
185 251 543 1 251 544
186 162 500 1 162 500
187 326 473 1 327 473
188 318 381 1 318 382
189 267 52 1 267 53
190 253 417 1 253 416
191 131 481 1 131 481
192 165 161 1 165 162
193 281 410 1 281 410
194 155 69 1 155 69
195 129 503 1 129 503
196 239 419 1 240 419
197 335 519 1 335 519
198 254 554 1 255 555
199 330 484 1 331 484
200 199 527 1 201 528
201 311 237 1 311 238
202 294 410 1 295 411
203 161 560 1 162 560
204 249 34 1 249 34
205 265 99 1 265 99
206 215 478 1 216 479
207 271 290 1 271 290
208 329 369 1 329 369
209 130 492 1 130 492
210 264 28 1 264 29
211 221 425 1 221 425
212 280 348 1 280 349
213 272 208 1 272 209
214 327 435 1 327 436
215 312 486 1 312 486
216 325 455 1 324 455
217 331 494 1 331 494
218 256 373 1 258 373
219 229 530 1 231 529
220 138 372 1 138 372
221 311 344 1 312 344
222 305 416 1 305 416
223 261 39 1 261 39
224 250 425 1 250 426
225 151 376 1 151 376
226 296 357 1 296 358
227 322 258 1 322 259
228 231 428 1 231 427
229 260 128 1 260 129
230 295 522 1 295 522
231 328 444 1 328 444
232 308 392 1 308 392
233 296 427 1 296 428
234 302 544 1 302 545
235 309 277 1 310 277
236 284 302 1 284 302
237 261 289 1 261 289
238 325 269 1 326 269
239 226 538 1 226 539
240 176 445 1 176 446
241 275 119 1 275 119
242 318 392 1 318 393
243 275 65 1 275 65
244 304 498 1 304 498
245 302 156 1 301 156
246 289 255 1 289 255
247 306 198 1 306 198
248 285 340 1 284 341
249 312 266 1 312 267
250 262 429 1 262 429
251 331 535 1 331 535
252 298 386 1 298 387
253 312 321 1 312 322
254 296 336 1 296 337
255 282 90 1 282 91
256 268 414 1 269 414
257 263 542 1 263 542
258 308 436 1 309 437
259 321 514 1 321 514
260 216 536 1 216 537
261 307 521 1 307 521
262 250 225 1 250 225
263 292 326 1 292 326
264 73 38 1 73 38
265 253 173 1 253 173
266 277 478 1 277 479
267 308 452 1 307 452
268 303 251 1 302 251
269 174 556 1 175 556
270 294 399 1 295 399
271 315 575 1 316 575
272 290 117 1 290 117
273 312 304 1 312 304
274 279 40 1 279 41
275 313 465 1 313 466
276 279 376 1 279 376
277 269 558 1 270 559
278 218 438 1 218 439
279 255 200 1 255 200
280 313 254 1 313 253
281 292 558 1 292 559
282 275 444 1 275 444
283 256 212 1 256 213
284 269 518 1 269 519
285 202 562 1 203 563
286 286 144 1 286 144
287 267 570 1 267 570
288 280 438 1 281 436
289 330 559 1 329 559
290 321 322 1 321 322
291 244 556 1 244 557
292 266 237 1 266 238
293 244 128 1 244 128
294 300 60 1 300 61
295 294 128 1 294 128
296 244 396 1 245 396
297 305 218 1 305 218
298 276 261 1 275 261
