0 119 277 1 119 278
1 146 432 1 145 433
2 142 602 1 142 603
3 144 490 1 144 491
4 142 445 1 143 446
5 89 229 1 90 229
6 144 480 1 144 481
7 100 592 1 99 593
8 142 469 1 143 468
9 146 276 1 146 277
10 145 411 1 145 412
11 182 300 1 182 301
12 184 334 1 184 335
13 102 548 1 101 549
14 107 433 1 107 434
15 132 586 1 132 586
16 101 567 1 101 568
17 111 389 1 111 390
18 134 403 1 134 403
19 106 469 1 106 470
20 104 487 1 103 487
21 104 527 1 103 528
22 112 372 1 112 373
23 108 402 1 107 402
24 116 502 1 116 503
25 99 170 1 100 170
26 268 559 1 267 560
27 187 596 1 186 596
28 116 540 1 115 541
29 107 448 1 107 449
30 115 553 1 114 554
31 115 490 1 115 490
32 118 434 1 118 435
33 141 366 1 140 366
34 117 469 1 116 469
35 142 588 1 142 588
36 163 531 1 163 532
37 107 459 1 106 459
38 231 555 1 231 555
39 271 507 1 270 508
40 124 187 1 124 188
41 150 365 1 151 365
42 203 147 1 204 147
43 257 424 1 256 425
44 83 110 1 84 111
45 225 410 1 224 409
46 167 54 1 168 55
47 187 507 1 187 508
48 150 150 1 151 150
49 126 170 1 126 171
50 329 488 1 327 492
51 168 599 1 168 600
52 154 445 1 154 445
53 243 480 1 242 481
54 178 567 1 177 568
55 168 516 1 168 516
56 200 455 1 199 456
57 234 448 1 234 449
58 168 422 1 167 423
59 179 426 1 179 427
60 189 477 1 189 477
61 166 590 1 165 590
62 227 523 1 227 523
63 253 468 1 253 469
64 211 447 1 211 447
65 177 556 1 177 557
66 208 437 1 207 438
67 150 214 1 150 215
68 223 455 1 223 456
69 188 496 1 187 498
70 248 405 1 249 405
71 247 536 1 247 536
72 203 548 1 203 549
73 200 494 1 201 494
74 96 577 1 96 578
75 135 122 1 136 122
76 201 425 1 201 426
77 198 503 1 198 504
78 112 589 1 112 589
79 225 574 1 225 575
80 148 571 1 147 571
81 111 110 1 112 110
82 169 506 1 169 506
83 256 413 1 256 414
84 227 562 1 227 563
85 151 381 1 151 381
86 109 139 1 110 139
87 178 478 1 178 479
88 226 494 1 226 495
89 226 434 1 225 435
90 161 433 1 160 434
91 189 419 1 189 420
92 136 196 1 136 197
93 315 261 1 315 262
94 196 297 1 195 298
95 168 557 1 168 558
96 253 477 1 253 478
97 167 495 1 167 495
98 173 452 1 172 454
99 186 516 1 187 517
100 163 379 1 163 379
101 155 61 1 156 62
102 144 106 1 145 106
103 176 577 1 176 578
104 171 442 1 171 443
105 233 458 1 233 459
106 196 409 1 196 410
107 258 27 1 258 28
108 262 390 1 262 391
109 161 144 1 161 144
110 211 456 1 210 457
111 112 161 1 113 161
112 257 591 1 256 592
113 126 565 1 125 565
114 152 581 1 152 583
115 250 435 1 251 436
116 237 431 1 237 433
117 233 485 1 232 486
118 71 457 1 70 457
119 279 103 1 279 104
120 165 482 1 165 483
121 146 93 1 147 93
122 235 470 1 234 471
123 159 81 1 160 82
124 203 597 1 203 598
125 300 188 1 299 189
126 148 124 1 148 124
127 154 595 1 154 596
128 162 356 1 162 356
129 142 173 1 142 174
130 127 90 1 127 91
131 186 445 1 186 446
132 271 526 1 269 527
133 186 204 1 187 205
134 282 395 1 282 395
135 172 72 1 172 73
136 306 226 1 306 228
137 245 583 1 245 584
138 195 309 1 195 310
139 141 514 1 141 515
140 225 475 1 224 476
141 168 366 1 168 366
142 188 224 1 187 225
143 163 457 1 162 457
144 126 528 1 125 529
145 245 593 1 245 594
146 191 429 1 191 431
147 319 337 1 318 338
148 197 439 1 197 440
149 172 355 1 172 356
150 254 458 1 254 459
151 293 159 1 294 160
152 288 285 1 288 285
153 177 541 1 177 542
154 175 412 1 174 412
155 215 563 1 215 564
156 294 398 1 294 398
157 316 510 1 317 510
158 159 109 1 160 109
159 274 89 1 275 89
160 294 173 1 295 175
161 283 26 1 284 28
162 258 403 1 257 404
163 190 574 1 190 575
164 318 286 1 318 286
165 318 610 1 317 611
166 268 58 1 269 59
167 59 579 1 59 578
168 140 156 1 141 157
169 199 568 1 199 568
170 279 568 1 279 568
171 285 66 1 286 67
172 322 410 1 325 411
173 279 437 1 279 439
174 155 503 1 155 503
175 184 179 1 184 180
176 306 42 1 307 43
177 172 87 1 172 87
178 154 526 1 153 527
179 265 439 1 265 440
180 283 580 1 283 580
181 327 314 1 326 315
182 324 423 1 322 423
183 288 76 1 289 77
184 323 435 1 322 435
185 187 583 1 187 584
186 266 48 1 267 49
187 298 76 1 299 76
188 284 114 1 285 114
189 295 309 1 295 310
190 319 480 1 318 482
191 154 514 1 154 515
192 282 41 1 283 42
193 246 445 1 245 446
194 306 370 1 306 371
195 294 225 1 294 226
196 290 412 1 290 412
197 241 556 1 241 557
198 161 392 1 160 392
199 279 52 1 280 53
200 276 447 1 275 448
201 174 395 1 174 396
202 256 447 1 256 448
203 325 468 1 324 469
204 280 144 1 280 145
205 324 380 1 323 381
206 324 175 1 324 175
207 306 480 1 305 481
208 313 131 1 313 132
209 255 47 1 256 48
210 308 322 1 308 323
211 277 200 1 278 200
212 285 309 1 285 310
213 318 61 1 319 63
214 201 467 1 200 467
215 296 133 1 296 134
216 325 104 1 325 104
217 287 239 1 287 240
218 314 274 1 314 275
219 310 362 1 310 363
220 289 452 1 288 452
221 216 496 1 216 497
222 196 537 1 196 538
223 267 400 1 267 401
224 314 237 1 315 237
225 323 359 1 322 359
226 302 104 1 302 105
227 301 53 1 302 54
228 294 436 1 295 437
229 291 568 1 291 569
230 263 481 1 262 481
231 272 242 1 272 243
232 318 347 1 318 348
233 89 57 1 90 58
234 325 152 1 324 152
235 287 425 1 286 427
236 201 579 1 201 580
237 291 104 1 291 104
238 254 562 1 253 563
239 296 387 1 297 389
240 298 585 1 298 586
241 243 459 1 243 460
242 277 216 1 277 218
243 276 189 1 276 189
244 322 588 1 322 588
245 278 230 1 278 230
246 298 544 1 297 545
247 230 586 1 229 587
248 307 159 1 308 159
249 309 460 1 308 462
250 272 581 1 271 582
251 288 256 1 288 257
252 263 143 1 264 144
253 263 468 1 263 468
254 316 142 1 317 143
255 269 416 1 269 417
256 314 545 1 315 545
257 294 523 1 293 524
258 299 279 1 299 280
