0 107 286 1 107 286
1 135 442 1 135 442
2 132 614 1 133 614
3 133 500 1 134 500
4 131 455 1 132 455
5 77 238 1 78 238
6 133 490 1 134 490
7 89 604 1 90 604
8 132 479 1 133 477
9 134 285 1 135 285
10 134 420 1 134 420
11 170 309 1 171 309
12 172 343 1 173 343
13 91 559 1 92 559
14 95 443 1 96 443
15 122 598 1 122 597
16 90 579 1 91 579
17 100 399 1 100 399
18 122 413 1 123 412
19 95 479 1 95 479
20 93 497 1 93 497
21 93 538 1 93 538
22 100 381 1 101 381
23 96 411 1 96 411
24 105 512 1 106 512
25 87 178 1 87 178
26 259 571 1 260 572
27 177 607 1 178 606
28 106 551 1 105 551
29 96 458 1 97 458
30 105 564 1 105 564
31 105 500 1 105 500
32 107 444 1 108 444
33 130 375 1 130 374
34 105 479 1 106 479
35 132 600 1 133 599
36 211 205 1 212 205
37 153 542 1 154 542
38 95 469 1 96 469
39 262 520 1 262 520
40 112 196 1 112 196
41 215 564 1 215 563
42 139 374 1 140 373
43 192 155 1 192 155
44 246 433 1 247 433
45 71 119 1 71 118
46 214 419 1 214 418
47 155 62 1 155 62
48 177 518 1 178 518
49 137 158 1 139 158
50 114 179 1 114 179
51 158 610 1 159 610
52 143 454 1 144 454
53 233 490 1 233 490
54 246 423 1 246 422
55 168 578 1 168 578
56 258 506 1 258 505
57 158 527 1 158 527
58 189 465 1 189 465
59 224 457 1 224 457
60 157 432 1 157 431
61 168 436 1 168 436
62 179 487 1 179 486
63 156 601 1 156 601
64 243 478 1 244 477
65 200 456 1 201 456
66 167 568 1 167 567
67 197 446 1 198 446
68 138 222 1 138 223
69 213 464 1 213 464
70 178 507 1 178 507
71 238 547 1 239 547
72 193 559 1 193 559
73 190 503 1 191 503
74 85 588 1 87 588
75 123 130 1 123 130
76 190 434 1 191 435
77 188 514 1 188 514
78 258 560 1 258 560
79 152 590 1 152 590
80 102 600 1 102 600
81 215 584 1 216 584
82 137 582 1 138 582
83 99 118 1 99 118
84 159 517 1 159 516
85 248 500 1 248 499
86 217 572 1 218 572
87 140 390 1 140 390
88 96 147 1 97 146
89 168 489 1 168 488
90 216 504 1 216 504
91 215 443 1 215 443
92 273 545 1 273 544
93 150 443 1 150 442
94 178 429 1 179 428
95 124 205 1 124 205
96 305 270 1 306 270
97 184 306 1 184 306
98 158 569 1 158 569
99 243 487 1 244 487
100 157 505 1 157 505
101 163 462 1 162 464
102 176 527 1 177 527
103 152 389 1 152 388
104 143 69 1 143 69
105 132 114 1 132 114
106 226 504 1 227 504
107 166 588 1 167 588
108 160 452 1 161 452
109 223 467 1 223 467
110 185 420 1 185 419
111 246 35 1 246 34
112 148 152 1 149 152
113 200 465 1 200 465
114 99 170 1 100 169
115 247 602 1 248 602
116 115 576 1 116 575
117 142 593 1 143 593
118 240 445 1 241 445
119 226 441 1 227 441
120 223 495 1 223 495
121 60 467 1 60 467
122 267 111 1 268 111
123 154 493 1 155 492
124 134 101 1 134 100
125 279 556 1 279 555
126 225 480 1 225 480
127 251 400 1 252 400
128 147 89 1 147 89
129 193 608 1 194 608
130 289 197 1 289 197
131 136 132 1 136 132
132 144 607 1 145 606
133 151 365 1 151 364
134 130 182 1 130 182
135 115 99 1 115 99
136 176 455 1 176 455
137 184 475 1 184 474
138 174 212 1 175 212
139 272 405 1 273 404
140 160 80 1 160 80
141 295 236 1 296 236
142 236 594 1 237 594
143 183 317 1 184 318
144 130 524 1 131 524
145 214 485 1 215 485
146 238 500 1 238 500
147 157 375 1 157 375
148 176 232 1 176 232
149 152 467 1 152 467
150 115 539 1 115 539
151 236 604 1 237 604
152 180 439 1 181 440
153 309 347 1 309 347
154 186 448 1 187 449
155 161 365 1 161 364
156 244 468 1 244 468
157 282 168 1 283 167
158 278 294 1 278 293
159 167 552 1 167 552
160 164 421 1 164 421
161 205 574 1 206 574
162 284 408 1 285 408
163 147 117 1 147 117
164 263 96 1 263 96
165 283 181 1 284 182
166 94 569 1 96 569
167 271 34 1 272 34
168 247 413 1 247 413
169 180 585 1 181 585
170 308 295 1 308 294
171 322 354 1 322 354
172 256 66 1 256 66
173 47 591 1 49 590
174 275 509 1 276 508
175 128 165 1 128 164
176 190 578 1 190 578
177 281 351 1 281 351
178 270 579 1 271 578
179 282 30 1 282 29
180 274 73 1 275 73
181 312 420 1 313 420
182 144 513 1 145 513
183 172 187 1 172 187
184 295 50 1 296 49
185 159 95 1 160 95
186 324 452 1 324 451
187 143 537 1 144 536
188 254 449 1 256 449
189 324 366 1 324 366
190 274 591 1 274 591
191 317 324 1 318 324
192 314 433 1 314 433
193 276 83 1 277 84
194 314 337 1 315 337
195 314 446 1 314 446
196 177 594 1 178 594
197 254 55 1 255 55
198 287 84 1 288 83
199 273 121 1 273 121
200 285 319 1 285 318
201 310 492 1 310 492
202 144 524 1 144 524
203 271 48 1 271 48
204 236 454 1 236 454
205 283 234 1 284 234
206 280 422 1 281 421
207 232 569 1 233 569
208 149 401 1 149 401
209 267 59 1 268 59
210 265 457 1 266 457
211 163 405 1 163 405
212 311 219 1 311 219
213 246 457 1 246 457
214 316 479 1 316 479
215 269 152 1 269 152
216 314 390 1 315 391
217 313 183 1 314 183
218 297 491 1 297 491
219 302 139 1 302 139
220 243 55 1 244 55
221 299 332 1 299 332
222 266 208 1 267 208
223 274 319 1 275 319
224 308 69 1 308 69
225 285 141 1 285 140
226 315 111 1 315 110
227 276 248 1 277 247
228 304 283 1 304 283
229 308 79 1 307 78
230 301 372 1 301 372
231 279 461 1 279 461
232 206 506 1 207 506
233 186 548 1 187 548
234 257 409 1 257 409
235 304 246 1 305 245
236 314 370 1 314 369
237 291 112 1 292 111
238 280 497 1 281 498
239 290 60 1 290 60
240 285 447 1 286 447
241 282 580 1 283 580
242 253 490 1 253 490
243 321 225 1 321 225
244 327 583 1 328 582
245 260 251 1 261 251
246 309 358 1 309 357
247 77 66 1 77 66
248 278 195 1 279 195
249 315 160 1 315 159
250 277 436 1 277 436
251 191 590 1 192 590
252 293 277 1 293 277
253 327 592 1 328 592
254 280 112 1 280 111
255 243 574 1 244 572
256 287 398 1 288 399
257 289 597 1 291 597
258 233 469 1 233 469
259 321 252 1 322 252
260 303 430 1 305 430
261 281 220 1 281 220
262 265 225 1 266 225
263 264 196 1 265 196
264 314 600 1 315 600
265 321 421 1 322 420
266 267 238 1 267 238
267 289 555 1 289 556
268 221 597 1 221 597
269 297 167 1 297 166
270 319 560 1 320 560
271 300 471 1 300 473
272 325 537 1 325 537
273 318 238 1 319 237
274 317 409 1 317 409
275 263 592 1 263 592
276 319 571 1 319 571
277 277 265 1 278 265
278 252 151 1 252 151
279 253 478 1 254 477
280 306 150 1 306 150
281 259 426 1 260 426
282 306 556 1 307 556
283 285 537 1 286 536
284 289 289 1 289 288
