0 84 290 1 86 290
1 110 449 1 112 449
2 108 509 1 110 508
3 106 463 1 109 462
4 222 537 1 223 536
5 55 241 1 57 240
6 108 498 1 110 498
7 62 614 1 63 614
8 107 487 1 109 485
9 112 289 1 114 289
10 110 427 1 112 427
11 149 349 1 152 348
12 64 569 1 66 568
13 305 543 1 307 543
14 70 450 1 73 449
15 63 589 1 65 588
16 75 405 1 77 404
17 94 606 1 96 606
18 98 419 1 100 418
19 69 487 1 71 486
20 67 505 1 68 504
21 66 547 1 68 546
22 76 387 1 78 387
23 72 417 1 73 417
24 149 314 1 150 314
25 79 521 1 81 520
26 236 542 1 238 541
27 66 180 1 68 180
28 236 594 1 238 593
29 209 296 1 211 296
30 79 560 1 80 560
31 71 465 1 73 465
32 78 574 1 79 573
33 79 508 1 80 508
34 82 451 1 84 451
35 106 381 1 107 380
36 80 486 1 82 486
37 105 610 1 107 609
38 89 585 1 90 585
39 70 476 1 72 476
40 120 614 1 120 617
41 91 199 1 93 199
42 196 578 1 197 578
43 115 380 1 118 380
44 172 160 1 174 160
45 224 443 1 225 443
46 210 268 1 212 268
47 51 120 1 53 120
48 137 65 1 138 64
49 152 529 1 154 528
50 116 163 1 119 163
51 93 182 1 94 182
52 118 462 1 120 461
53 209 501 1 211 501
54 223 433 1 225 433
55 127 552 1 129 553
56 142 589 1 143 588
57 246 543 1 248 542
58 234 518 1 236 518
59 132 539 1 134 538
60 165 474 1 167 474
61 210 488 1 212 488
62 201 467 1 202 466
63 133 439 1 134 439
64 144 444 1 146 443
65 154 497 1 156 497
66 130 613 1 131 612
67 220 488 1 222 488
68 153 518 1 154 517
69 177 466 1 178 465
70 141 579 1 143 578
71 117 226 1 119 226
72 189 474 1 191 473
73 327 484 1 328 484
74 168 569 1 169 569
75 165 513 1 168 512
76 58 598 1 60 598
77 103 133 1 105 132
78 167 442 1 169 443
79 163 523 1 165 523
80 235 578 1 236 577
81 126 602 1 127 602
82 75 611 1 76 610
83 191 596 1 192 595
84 111 593 1 113 592
85 79 120 1 80 120
86 134 528 1 135 527
87 224 511 1 226 510
88 116 397 1 118 396
89 76 149 1 78 149
90 143 499 1 145 499
91 192 515 1 194 514
92 192 452 1 193 452
93 222 615 1 224 615
94 251 568 1 252 568
95 126 450 1 127 450
96 154 437 1 156 436
97 331 496 1 332 495
98 103 208 1 104 208
99 289 283 1 291 283
100 162 311 1 163 311
101 132 581 1 133 581
102 220 498 1 222 497
103 132 516 1 133 516
104 195 589 1 196 588
105 152 538 1 153 538
106 128 395 1 130 395
107 124 71 1 126 72
108 112 116 1 114 116
109 203 515 1 204 515
110 141 599 1 142 599
111 68 535 1 70 534
112 136 461 1 138 461
113 200 477 1 201 477
114 138 474 1 139 473
115 162 430 1 163 430
116 191 427 1 193 428
117 231 38 1 232 37
118 128 157 1 129 157
119 176 474 1 178 474
120 79 172 1 81 172
121 200 30 1 201 30
122 182 233 1 184 233
123 116 604 1 118 604
124 217 455 1 220 455
125 203 450 1 205 451
126 199 505 1 201 505
127 34 473 1 35 473
128 251 117 1 253 116
129 330 389 1 332 389
130 130 503 1 131 502
131 115 103 1 116 103
132 256 572 1 258 572
133 314 414 1 315 414
134 201 491 1 203 490
135 128 92 1 129 92
136 273 206 1 274 206
137 116 135 1 117 135
138 127 371 1 129 370
139 294 363 1 296 362
140 274 492 1 275 492
141 109 185 1 111 185
142 95 101 1 96 101
143 152 463 1 153 463
144 159 485 1 161 485
145 288 590 1 289 589
146 154 216 1 156 216
147 227 548 1 229 548
148 251 418 1 253 417
149 141 83 1 142 83
150 279 247 1 281 247
151 212 608 1 213 607
152 161 323 1 163 323
153 105 533 1 106 533
154 190 495 1 192 495
155 214 512 1 216 511
156 133 382 1 135 381
157 155 237 1 156 237
158 128 476 1 129 476
159 88 548 1 90 548
160 306 491 1 308 491
161 157 448 1 158 448
162 163 458 1 164 457
163 138 371 1 139 370
164 221 478 1 223 478
165 315 312 1 317 312
166 247 37 1 249 36
167 266 176 1 268 175
168 259 305 1 261 305
169 141 565 1 143 564
170 140 428 1 142 428
171 291 532 1 293 532
172 264 422 1 266 422
173 333 401 1 335 401
174 128 120 1 129 119
175 247 102 1 248 101
176 267 191 1 269 190
177 68 579 1 70 579
178 257 38 1 259 37
179 225 424 1 227 423
180 154 597 1 156 597
181 234 461 1 234 461
182 291 310 1 293 308
183 305 372 1 307 371
184 240 71 1 242 70
185 108 168 1 109 168
186 260 363 1 262 362
187 332 505 1 333 505
188 314 152 1 315 152
189 309 326 1 311 326
190 269 33 1 270 32
191 259 78 1 261 78
192 294 439 1 296 439
193 257 542 1 259 542
194 188 526 1 189 526
195 119 523 1 121 522
196 311 579 1 312 578
197 333 544 1 334 543
198 152 191 1 154 191
199 283 53 1 284 53
200 141 98 1 142 98
201 305 472 1 307 472
202 118 547 1 119 546
203 314 281 1 316 281
204 249 461 1 250 460
205 307 385 1 309 384
206 266 67 1 267 66
207 250 607 1 252 606
208 301 340 1 302 339
209 295 453 1 296 452
210 261 89 1 263 89
211 324 440 1 325 440
212 298 354 1 300 354
213 295 465 1 297 465
214 152 605 1 153 605
215 239 59 1 240 59
216 273 88 1 275 88
217 257 127 1 259 127
218 316 525 1 318 525
219 290 513 1 292 512
220 118 534 1 120 534
221 257 52 1 258 52
222 212 464 1 214 464
223 329 471 1 330 471
224 266 243 1 267 243
225 315 373 1 317 372
226 310 568 1 310 567
227 259 436 1 261 436
228 300 509 1 301 509
229 316 601 1 318 601
230 126 408 1 127 408
231 241 478 1 243 478
232 299 295 1 301 294
233 253 64 1 254 63
234 140 412 1 141 412
235 267 587 1 268 587
236 283 435 1 285 434
237 296 231 1 298 231
238 223 467 1 224 467
239 296 499 1 298 500
240 290 341 1 292 340
241 252 160 1 253 159
242 297 409 1 299 408
243 300 194 1 302 193
244 275 509 1 277 508
245 288 147 1 290 147
246 227 59 1 228 59
247 147 548 1 148 548
248 281 347 1 283 347
249 249 217 1 251 216
250 291 522 1 293 522
251 319 340 1 321 339
252 296 74 1 297 74
253 248 598 1 250 597
254 270 149 1 272 148
255 296 329 1 297 329
256 302 118 1 304 118
257 258 258 1 260 257
258 288 297 1 289 297
259 295 85 1 296 84
260 282 389 1 284 388
261 257 477 1 259 476
262 182 516 1 184 515
263 162 559 1 163 558
264 235 421 1 237 420
265 310 355 1 312 354
266 289 257 1 290 257
267 296 388 1 298 387
268 277 117 1 279 118
269 258 513 1 260 513
270 277 64 1 278 64
271 264 462 1 266 462
272 260 597 1 261 597
273 230 501 1 231 501
274 306 238 1 308 238
275 286 230 1 287 230
276 273 564 1 275 563
277 333 522 1 334 521
278 242 259 1 243 259
279 291 373 1 293 373
280 57 66 1 58 67
281 268 472 1 269 472
282 261 204 1 263 203
283 306 92 1 307 91
284 302 170 1 304 170
285 256 451 1 257 450
286 166 601 1 167 600
287 275 289 1 277 288
288 307 615 1 309 617
289 265 117 1 266 117
290 283 203 1 285 202
291 325 374 1 327 374
292 268 414 1 269 413
293 210 479 1 211 479
294 307 266 1 309 266
295 285 448 1 287 447
296 277 518 1 278 517
297 264 230 1 265 229
298 247 235 1 249 234
299 247 204 1 248 204
300 304 440 1 305 440
301 248 248 1 250 247
302 266 573 1 268 574
303 196 610 1 197 609
304 282 176 1 284 176
305 299 583 1 301 583
306 166 580 1 167 580
307 303 249 1 305 249
308 298 428 1 300 428
309 312 221 1 313 220
310 317 428 1 319 428
311 239 607 1 240 606
312 298 596 1 299 595
313 259 276 1 262 276
314 234 158 1 236 157
315 317 588 1 318 589
316 296 488 1 298 488
317 230 489 1 232 488
318 293 158 1 294 159
319 227 360 1 229 359
320 237 437 1 239 437
321 331 349 1 333 349
322 286 577 1 287 577
323 333 457 1 335 457
324 266 559 1 266 559
325 319 555 1 320 555
326 323 404 1 325 404
327 258 138 1 260 137
328 270 301 1 272 301
