0 107 296 1 107 297
1 132 456 1 132 457
2 129 517 1 130 518
3 128 470 1 129 471
4 78 246 1 79 247
5 129 506 1 130 507
6 129 492 1 130 494
7 135 295 1 136 296
8 132 435 1 132 435
9 84 577 1 85 578
10 331 564 1 332 564
11 92 457 1 93 458
12 83 597 1 84 598
13 97 412 1 98 412
14 244 559 1 245 559
15 120 426 1 121 426
16 90 494 1 91 495
17 87 513 1 88 513
18 86 555 1 87 556
19 98 394 1 99 394
20 102 530 1 101 530
21 93 424 1 94 425
22 171 321 1 172 321
23 99 583 1 98 583
24 90 186 1 90 186
25 257 609 1 259 613
26 232 295 1 232 295
27 92 472 1 93 474
28 99 516 1 100 517
29 108 595 1 109 595
30 103 458 1 104 460
31 128 388 1 128 388
32 101 494 1 102 495
33 114 615 1 116 617
34 91 483 1 91 484
35 248 327 1 248 327
36 114 204 1 115 205
37 103 177 1 103 178
38 268 406 1 268 406
39 216 591 1 217 592
40 138 387 1 139 388
41 196 166 1 196 167
42 246 453 1 247 454
43 75 125 1 76 126
44 161 70 1 161 70
45 173 539 1 174 540
46 139 169 1 140 170
47 116 188 1 116 189
48 140 469 1 141 470
49 231 512 1 232 512
50 246 443 1 247 444
51 147 563 1 149 564
52 161 600 1 163 600
53 301 579 1 302 579
54 257 530 1 257 530
55 153 549 1 154 550
56 187 483 1 187 484
57 184 523 1 188 522
58 232 499 1 233 499
59 223 476 1 223 477
60 154 447 1 155 448
61 166 452 1 166 452
62 175 507 1 176 507
63 242 499 1 243 499
64 174 528 1 174 528
65 199 475 1 199 475
66 161 590 1 162 590
67 140 231 1 141 233
68 211 483 1 212 483
69 189 611 1 187 612
70 188 580 1 189 581
71 77 607 1 79 608
72 127 138 1 127 139
73 189 450 1 190 452
74 184 533 1 185 533
75 256 592 1 257 593
76 145 613 1 146 614
77 222 535 1 223 536
78 208 560 1 209 561
79 131 603 1 132 604
80 102 125 1 103 126
81 154 538 1 155 539
82 246 522 1 247 522
83 138 404 1 139 404
84 99 154 1 100 155
85 164 509 1 165 510
86 213 525 1 214 525
87 214 461 1 215 462
88 316 551 1 317 551
89 147 458 1 148 459
90 176 445 1 177 445
91 126 214 1 126 214
92 316 294 1 316 295
93 185 318 1 185 318
94 152 592 1 153 593
95 242 508 1 243 509
96 152 526 1 153 527
97 295 560 1 295 561
98 172 549 1 173 550
99 150 402 1 151 403
100 149 76 1 149 77
101 136 122 1 136 123
102 224 526 1 225 526
103 160 609 1 162 610
104 88 543 1 89 544
105 158 470 1 158 471
106 246 531 1 247 532
107 222 486 1 222 487
108 159 483 1 160 483
109 184 440 1 184 440
110 273 30 1 273 29
111 213 437 1 214 438
112 256 41 1 256 42
113 150 163 1 150 164
114 198 483 1 199 484
115 225 34 1 224 34
116 240 465 1 241 466
117 225 460 1 226 461
118 220 516 1 221 516
119 54 481 1 55 481
120 278 122 1 278 122
121 150 512 1 151 513
122 139 108 1 139 109
123 255 539 1 257 540
124 223 500 1 224 501
125 152 97 1 152 98
126 300 214 1 300 215
127 140 140 1 140 141
128 150 378 1 150 378
129 321 376 1 321 377
130 299 507 1 299 508
131 132 191 1 133 192
132 119 106 1 119 107
133 173 472 1 174 473
134 181 495 1 181 496
135 311 608 1 312 609
136 178 222 1 178 223
137 228 24 1 227 24
138 275 429 1 276 430
139 165 88 1 165 89
140 306 256 1 306 257
141 184 330 1 185 331
142 125 542 1 126 543
143 212 505 1 213 505
144 233 536 1 234 537
145 236 523 1 237 523
146 156 389 1 156 390
147 178 243 1 179 244
148 149 485 1 149 486
149 107 557 1 109 558
150 332 508 1 333 509
151 178 456 1 179 457
152 184 466 1 185 467
153 160 378 1 160 378
154 243 489 1 244 489
155 201 546 1 203 547
156 273 40 1 273 40
157 293 182 1 293 183
158 162 576 1 163 576
159 162 436 1 162 437
160 244 541 1 245 542
161 289 435 1 289 435
162 152 125 1 152 126
163 273 106 1 273 107
164 294 198 1 294 198
165 88 588 1 89 589
166 284 41 1 284 41
167 248 434 1 249 434
168 175 609 1 176 610
169 257 472 1 256 473
170 319 322 1 319 320
171 333 386 1 333 387
172 266 74 1 266 75
173 300 498 1 301 498
174 252 357 1 253 357
175 132 174 1 131 174
176 334 399 1 335 399
177 302 486 1 302 486
178 263 30 1 262 31
179 296 35 1 296 35
180 286 82 1 286 83
181 319 454 1 320 455
182 209 537 1 210 537
183 140 532 1 140 532
184 176 197 1 176 198
185 311 56 1 311 57
186 165 103 1 165 104
187 331 491 1 332 491
188 138 556 1 139 557
189 272 473 1 273 473
190 293 70 1 292 70
191 306 127 1 307 127
192 298 24 1 297 24
193 321 469 1 321 469
194 285 368 1 286 368
195 288 92 1 289 94
196 325 367 1 326 368
197 265 63 1 265 64
198 300 92 1 300 93
199 315 530 1 316 530
200 139 543 1 140 544
201 284 55 1 283 55
202 235 473 1 235 474
203 291 251 1 292 252
204 283 449 1 284 449
205 325 527 1 326 528
206 147 415 1 148 416
207 264 489 1 265 490
208 327 305 1 327 306
209 279 67 1 279 68
210 161 420 1 162 420
211 289 604 1 290 604
212 308 449 1 309 449
213 324 240 1 324 241
214 245 477 1 246 478
215 321 517 1 323 518
216 218 544 1 219 545
217 294 415 1 296 415
218 335 247 1 335 248
219 277 166 1 278 166
220 323 424 1 324 424
221 329 201 1 329 202
222 299 524 1 300 525
223 252 63 1 252 64
224 167 558 1 168 559
225 307 360 1 307 360
226 274 224 1 274 224
227 316 540 1 317 541
228 310 498 1 311 498
229 298 154 1 297 155
230 323 342 1 323 342
231 299 46 1 299 46
232 332 123 1 331 123
233 284 266 1 284 267
234 315 308 1 315 308
235 323 88 1 324 88
236 307 402 1 308 403
237 203 525 1 204 526
238 183 569 1 183 570
239 258 431 1 259 432
240 332 414 1 336 411
241 316 266 1 316 267
242 322 403 1 324 403
243 318 78 1 318 78
244 281 527 1 282 527
245 305 68 1 305 68
246 288 476 1 289 476
247 282 613 1 283 615
248 252 512 1 253 513
249 312 239 1 313 239
250 311 99 1 311 99
251 267 267 1 266 267
252 318 388 1 318 387
253 80 71 1 81 72
254 291 486 1 292 486
255 287 210 1 287 211
256 279 132 1 279 132
257 279 464 1 280 463
258 302 301 1 303 302
259 291 122 1 291 122
260 310 210 1 311 211
261 321 483 1 322 483
262 292 426 1 292 426
263 303 112 1 303 113
264 232 489 1 232 490
265 299 476 1 299 476
266 311 463 1 311 463
267 300 533 1 301 534
268 290 238 1 290 238
269 272 244 1 272 242
270 272 211 1 272 212
271 275 438 1 275 439
272 330 456 1 331 457
273 274 256 1 274 257
274 288 591 1 290 591
275 310 183 1 310 183
276 323 603 1 324 604
277 186 591 1 187 592
278 162 548 1 163 549
279 332 259 1 331 259
280 324 443 1 325 444
281 303 279 1 304 280
282 286 226 1 286 227
283 284 285 1 286 286
284 259 164 1 260 164
285 321 505 1 322 506
286 253 499 1 253 500
287 321 164 1 321 166
288 250 368 1 251 369
289 260 448 1 261 449
290 314 90 1 313 90
291 285 143 1 285 144
292 261 216 1 261 216
293 314 331 1 314 332
