0 94 313 1 95 312
1 121 475 1 122 474
2 119 536 1 120 536
3 117 489 1 119 488
4 64 263 1 65 263
5 119 525 1 120 525
6 119 511 1 120 511
7 122 312 1 124 312
8 120 453 1 122 452
9 74 598 1 76 597
10 80 476 1 82 475
11 85 430 1 87 429
12 108 444 1 110 443
13 79 514 1 81 513
14 77 532 1 78 532
15 76 576 1 78 575
16 86 412 1 87 411
17 81 443 1 83 442
18 159 337 1 160 336
19 100 615 1 101 614
20 89 604 1 90 603
21 75 202 1 76 202
22 90 549 1 91 548
23 81 492 1 82 491
24 89 536 1 91 535
25 143 611 1 145 612
26 92 477 1 94 478
27 116 405 1 117 404
28 90 513 1 92 513
29 80 503 1 81 502
30 246 595 1 246 596
31 213 582 1 215 581
32 100 221 1 101 220
33 88 194 1 88 193
34 258 422 1 259 421
35 126 405 1 128 404
36 182 182 1 183 181
37 237 470 1 238 469
38 59 142 1 61 142
39 145 85 1 146 85
40 164 559 1 166 558
41 166 525 1 167 525
42 124 185 1 126 185
43 102 204 1 102 204
44 325 407 1 326 406
45 129 488 1 131 487
46 222 530 1 224 529
47 236 459 1 238 459
48 138 583 1 140 583
49 248 548 1 250 547
50 143 570 1 145 569
51 177 502 1 178 501
52 223 516 1 224 516
53 213 493 1 215 493
54 144 464 1 145 464
55 155 469 1 157 468
56 234 516 1 235 515
57 164 547 1 166 546
58 189 493 1 190 492
59 153 610 1 155 608
60 127 248 1 127 248
61 202 500 1 203 499
62 220 564 1 222 564
63 180 600 1 182 599
64 112 154 1 112 154
65 178 468 1 180 469
66 327 419 1 328 418
67 175 551 1 177 550
68 214 554 1 215 553
69 87 142 1 88 142
70 145 558 1 146 558
71 238 540 1 240 539
72 126 421 1 128 421
73 84 171 1 85 170
74 155 528 1 156 527
75 205 543 1 206 542
76 204 478 1 205 478
77 310 571 1 312 570
78 273 171 1 274 170
79 136 476 1 138 475
80 166 463 1 167 462
81 112 230 1 113 229
82 306 310 1 307 309
83 173 334 1 173 333
84 234 526 1 235 525
85 143 546 1 145 546
86 164 568 1 165 568
87 139 420 1 140 419
88 133 93 1 133 92
89 121 138 1 122 137
90 216 544 1 217 543
91 78 563 1 80 562
92 147 488 1 148 488
93 316 323 1 317 322
94 238 549 1 239 549
95 212 504 1 214 503
96 148 502 1 150 500
97 173 458 1 174 457
98 257 42 1 258 41
99 203 455 1 205 454
100 241 55 1 241 54
101 135 178 1 136 178
102 188 502 1 190 501
103 209 48 1 209 47
104 231 483 1 232 482
105 216 477 1 217 477
106 212 533 1 213 533
107 43 500 1 44 500
108 264 136 1 264 135
109 140 532 1 142 531
110 123 124 1 124 123
111 248 557 1 249 557
112 213 518 1 215 517
113 136 113 1 137 112
114 288 229 1 289 228
115 124 156 1 125 156
116 138 395 1 139 394
117 320 380 1 321 379
118 246 567 1 248 566
119 292 527 1 292 526
120 118 207 1 119 207
121 103 122 1 104 122
122 163 490 1 164 489
123 171 514 1 173 513
124 247 490 1 248 489
125 164 238 1 165 237
126 211 38 1 211 37
127 266 447 1 268 446
128 150 104 1 150 104
129 295 272 1 296 271
130 172 347 1 173 346
131 116 562 1 117 561
132 203 523 1 204 522
133 224 555 1 226 554
134 227 541 1 229 540
135 144 406 1 145 405
136 164 258 1 166 258
137 322 390 1 323 389
138 98 577 1 101 576
139 275 303 1 276 301
140 168 474 1 169 474
141 174 485 1 176 484
142 148 395 1 149 394
143 234 506 1 236 505
144 193 565 1 196 565
145 322 475 1 323 475
146 258 53 1 259 52
147 281 197 1 281 196
148 153 596 1 155 595
149 151 454 1 152 453
150 237 560 1 238 559
151 280 453 1 281 452
152 137 141 1 137 140
153 259 120 1 259 119
154 282 212 1 283 211
155 312 394 1 314 393
156 78 610 1 80 609
157 270 53 1 270 52
158 238 451 1 239 450
159 251 89 1 252 87
160 293 516 1 294 515
161 241 372 1 242 372
162 117 190 1 117 189
163 316 442 1 317 441
164 136 498 1 138 497
165 294 505 1 295 504
166 247 45 1 246 43
167 282 48 1 282 46
168 272 95 1 272 95
169 312 474 1 314 473
170 200 555 1 202 554
171 130 551 1 132 550
172 161 213 1 162 212
173 297 68 1 298 68
174 149 119 1 150 118
175 327 513 1 328 512
176 129 576 1 130 575
177 263 491 1 265 490
178 306 405 1 307 404
179 278 83 1 278 82
180 294 141 1 295 139
181 283 35 1 283 35
182 309 335 1 310 335
183 275 385 1 277 383
184 275 107 1 276 106
185 277 362 1 278 361
186 250 77 1 250 76
187 287 105 1 287 105
188 235 570 1 237 569
189 311 539 1 312 538
190 308 551 1 310 549
191 129 563 1 131 562
192 269 68 1 270 67
193 225 491 1 227 490
194 268 260 1 268 259
195 275 467 1 276 466
196 136 433 1 137 432
197 255 508 1 257 507
198 264 80 1 265 80
199 314 350 1 315 348
200 150 437 1 152 436
201 317 598 1 319 597
202 236 495 1 237 494
203 308 551 1 309 550
204 209 563 1 211 562
205 286 433 1 288 431
206 264 180 1 265 179
207 293 544 1 294 543
208 237 77 1 237 77
209 158 579 1 160 578
210 298 376 1 299 375
211 310 180 1 311 178
212 262 239 1 263 238
213 310 561 1 312 560
214 303 518 1 305 516
215 285 168 1 285 167
216 285 58 1 286 57
217 272 281 1 273 281
218 305 325 1 306 323
219 299 420 1 301 419
220 195 543 1 196 543
221 174 589 1 175 588
222 248 448 1 250 447
223 306 281 1 306 281
224 305 90 1 306 89
225 274 546 1 276 545
226 291 80 1 292 79
227 280 494 1 282 493
228 282 269 1 283 268
229 243 531 1 245 530
230 301 254 1 303 253
231 299 111 1 299 110
232 260 90 1 261 89
233 316 464 1 317 463
234 64 88 1 65 88
235 284 505 1 285 504
236 311 99 1 312 99
237 265 145 1 266 145
238 317 419 1 318 419
239 280 409 1 281 408
240 313 451 1 314 451
241 292 317 1 293 316
242 326 531 1 328 530
243 278 135 1 279 135
244 275 146 1 276 145
245 299 224 1 300 224
246 270 480 1 272 480
247 284 444 1 284 442
248 290 125 1 291 124
249 222 507 1 224 506
250 291 494 1 292 493
251 303 482 1 304 480
252 294 554 1 296 553
253 278 253 1 279 252
254 328 594 1 329 593
255 259 226 1 260 225
256 320 369 1 321 368
257 266 457 1 267 456
258 262 272 1 263 271
259 298 196 1 300 196
260 177 611 1 179 610
261 153 568 1 154 567
262 292 477 1 293 476
263 292 295 1 294 294
264 273 241 1 275 240
265 138 507 1 139 507
266 313 463 1 314 462
267 245 178 1 246 177
268 309 550 1 311 549
269 244 517 1 245 516
270 240 385 1 241 384
271 314 489 1 315 488
272 251 465 1 253 465
273 322 543 1 323 542
274 300 101 1 301 101
275 289 563 1 291 562
276 271 157 1 272 156
277 248 231 1 249 230
278 304 348 1 305 347
