0 117 308 1 112 309
1 143 473 1 137 473
2 140 535 1 135 535
3 139 487 1 135 487
4 182 333 1 177 333
5 88 258 1 83 258
6 140 524 1 135 525
7 141 509 1 135 511
8 130 440 1 126 441
9 146 308 1 141 308
10 143 450 1 137 451
11 94 597 1 90 598
12 102 473 1 97 474
13 108 603 1 103 603
14 108 427 1 102 427
15 328 603 1 324 603
16 100 512 1 96 512
17 98 531 1 93 531
18 97 574 1 92 575
19 108 408 1 103 409
20 104 440 1 98 440
21 100 197 1 94 197
22 111 547 1 106 548
23 102 489 1 97 490
24 234 615 1 229 615
25 110 534 1 105 535
26 114 475 1 109 477
27 253 417 1 247 417
28 112 511 1 107 512
29 184 456 1 179 456
30 159 585 1 154 586
31 101 501 1 96 501
32 235 584 1 230 584
33 124 215 1 119 216
34 112 189 1 106 189
35 283 425 1 278 425
36 148 402 1 144 402
37 206 177 1 201 178
38 260 471 1 255 471
39 84 136 1 80 136
40 170 78 1 165 79
41 185 560 1 180 561
42 187 527 1 182 527
43 146 181 1 142 181
44 125 199 1 120 199
45 151 486 1 146 486
46 245 532 1 240 532
47 225 523 1 220 523
48 282 414 1 278 414
49 271 552 1 266 552
50 164 572 1 160 572
51 199 502 1 194 502
52 246 518 1 241 518
53 236 494 1 231 494
54 166 463 1 161 463
55 178 467 1 173 468
56 257 518 1 252 518
57 186 548 1 181 548
58 211 493 1 206 493
59 151 243 1 145 244
60 224 500 1 219 500
61 242 567 1 237 567
62 201 601 1 197 601
63 200 468 1 196 469
64 136 148 1 131 148
65 197 552 1 192 552
66 236 556 1 231 556
67 111 136 1 106 136
68 166 560 1 161 561
69 261 542 1 256 543
70 149 419 1 144 419
71 299 601 1 295 601
72 108 166 1 103 165
73 176 530 1 171 530
74 227 544 1 222 545
75 227 477 1 222 478
76 301 167 1 296 167
77 159 474 1 153 475
78 136 225 1 131 225
79 291 446 1 286 446
80 196 330 1 191 331
81 257 528 1 252 529
82 164 547 1 159 549
83 252 587 1 247 587
84 185 571 1 180 571
85 161 417 1 156 418
86 157 86 1 153 86
87 145 131 1 140 132
88 238 546 1 233 546
89 99 561 1 94 562
90 169 488 1 164 490
91 267 580 1 263 580
92 260 553 1 255 553
93 235 504 1 230 505
94 171 502 1 165 502
95 195 460 1 190 460
96 287 31 1 281 32
97 226 457 1 221 456
98 268 46 1 263 46
99 158 174 1 153 175
100 211 502 1 206 502
101 235 38 1 230 39
102 332 315 1 330 314
103 255 485 1 249 485
104 239 478 1 234 478
105 234 535 1 229 535
106 64 498 1 59 498
107 292 130 1 287 130
108 308 613 1 303 613
109 162 533 1 157 534
110 147 118 1 143 118
111 316 460 1 311 460
112 270 561 1 266 561
113 236 519 1 231 519
114 161 106 1 156 107
115 317 228 1 312 228
116 149 151 1 144 151
117 161 392 1 155 392
118 286 582 1 281 582
119 288 391 1 282 391
120 175 559 1 170 559
121 269 571 1 264 571
122 317 537 1 311 537
123 142 202 1 137 202
124 127 116 1 122 116
125 186 489 1 180 490
126 193 516 1 188 516
127 270 493 1 265 493
128 188 233 1 183 233
129 237 28 1 232 29
130 302 386 1 296 387
131 175 97 1 169 98
132 325 274 1 319 274
133 196 343 1 191 343
134 137 561 1 132 561
135 247 557 1 242 558
136 250 543 1 245 544
137 167 404 1 162 404
138 189 254 1 184 255
139 306 348 1 301 348
140 293 332 1 288 332
141 190 474 1 185 474
142 326 544 1 321 544
143 196 485 1 191 485
144 171 392 1 166 392
145 257 508 1 252 508
146 215 567 1 211 568
147 327 429 1 322 429
148 286 44 1 282 45
149 309 194 1 304 194
150 174 599 1 169 599
151 174 452 1 168 452
152 306 401 1 301 401
153 259 563 1 254 564
154 306 459 1 300 459
155 161 135 1 156 135
156 287 114 1 282 114
157 303 73 1 298 74
158 311 210 1 305 211
159 299 44 1 294 44
160 303 375 1 298 376
161 279 81 1 274 81
162 319 526 1 314 527
163 266 372 1 261 372
164 141 185 1 135 185
165 302 224 1 297 224
166 158 498 1 153 498
167 320 515 1 315 515
168 274 35 1 269 35
169 311 24 1 305 24
170 330 195 1 324 195
171 312 36 1 307 37
172 301 88 1 296 88
173 222 557 1 218 557
174 151 551 1 146 552
175 186 208 1 181 208
176 329 58 1 324 60
177 174 112 1 169 113
178 149 576 1 144 577
179 278 603 1 273 603
180 324 135 1 319 135
181 309 449 1 304 449
182 304 101 1 299 100
183 304 365 1 298 366
184 288 271 1 282 271
185 277 69 1 272 69
186 317 98 1 312 99
187 258 574 1 253 574
188 150 563 1 145 563
189 248 492 1 243 492
190 295 259 1 289 260
191 304 54 1 299 55
192 293 407 1 288 407
193 300 473 1 295 473
194 159 431 1 153 431
195 279 511 1 274 512
196 318 329 1 313 330
197 293 72 1 288 73
198 332 327 1 329 329
199 173 435 1 168 435
200 327 352 1 322 353
201 313 81 1 308 82
202 259 496 1 254 496
203 310 474 1 305 474
204 232 566 1 226 566
205 313 438 1 307 438
206 307 111 1 302 111
207 289 591 1 283 592
208 322 27 1 318 28
209 318 554 1 313 555
210 264 70 1 259 70
211 179 580 1 174 581
212 270 339 1 265 341
213 314 164 1 309 165
214 329 534 1 323 534
215 320 218 1 315 219
216 333 94 1 327 95
217 290 510 1 285 510
218 216 544 1 211 544
219 196 590 1 190 591
220 272 451 1 268 451
221 332 593 1 326 593
222 298 553 1 293 553
223 312 389 1 306 389
224 322 71 1 317 72
225 306 501 1 300 501
226 310 269 1 305 269
227 267 533 1 262 533
228 281 401 1 275 401
229 315 153 1 310 153
230 330 104 1 325 105
231 316 408 1 311 407
232 289 82 1 284 83
233 88 81 1 83 81
234 309 513 1 304 513
235 293 140 1 288 141
236 299 193 1 294 194
237 288 496 1 283 496
238 306 414 1 300 414
239 320 320 1 315 319
240 307 129 1 302 130
241 304 140 1 299 141
242 295 486 1 290 486
243 320 208 1 315 208
244 320 119 1 315 120
245 245 508 1 240 508
246 316 504 1 312 504
247 330 491 1 325 491
248 320 566 1 315 566
249 306 252 1 300 253
250 286 223 1 281 224
251 290 462 1 285 461
252 320 266 1 315 266
253 299 519 1 293 520
254 174 569 1 169 570
255 321 298 1 316 297
256 301 240 1 296 240
257 159 507 1 154 508
258 272 174 1 267 174
259 267 520 1 262 520
260 264 385 1 259 386
261 275 469 1 270 469
262 326 583 1 321 582
263 304 491 1 299 491
264 299 152 1 295 153
265 275 228 1 269 229
