0 96 309 1 95 312
1 121 475 1 120 477
2 118 537 1 117 540
3 117 489 1 117 491
4 161 334 1 161 337
5 67 258 1 66 261
6 118 526 1 117 529
7 119 512 1 117 515
8 108 442 1 108 445
9 124 309 1 124 311
10 121 452 1 120 454
11 71 600 1 71 602
12 80 475 1 79 478
13 86 606 1 85 608
14 85 428 1 85 430
15 308 611 1 307 613
16 78 514 1 77 516
17 75 533 1 74 535
18 74 577 1 73 579
19 86 410 1 86 412
20 81 442 1 80 444
21 129 245 1 129 246
22 79 197 1 78 199
23 88 550 1 87 552
24 80 492 1 79 494
25 233 285 1 232 287
26 88 537 1 87 539
27 92 476 1 91 480
28 231 419 1 231 422
29 89 514 1 88 516
30 298 231 1 297 234
31 162 459 1 161 461
32 137 589 1 136 591
33 79 503 1 78 505
34 179 535 1 179 538
35 213 587 1 212 590
36 103 216 1 103 218
37 91 189 1 90 191
38 262 428 1 261 431
39 127 404 1 127 406
40 186 179 1 186 181
41 239 474 1 238 476
42 64 136 1 65 138
43 151 79 1 150 81
44 163 564 1 162 566
45 165 530 1 165 532
46 125 182 1 126 184
47 105 200 1 104 202
48 129 489 1 129 490
49 223 535 1 222 537
50 203 525 1 203 528
51 261 418 1 261 420
52 250 555 1 249 557
53 142 575 1 141 578
54 177 505 1 176 507
55 224 521 1 223 523
56 214 496 1 214 499
57 144 465 1 143 467
58 156 470 1 155 472
59 235 521 1 234 523
60 164 551 1 163 553
61 189 495 1 189 497
62 203 502 1 202 505
63 220 570 1 219 573
64 179 604 1 178 607
65 178 470 1 179 473
66 116 149 1 115 151
67 175 554 1 174 556
68 322 407 1 320 410
69 317 319 1 316 320
70 214 559 1 213 561
71 292 442 1 291 444
72 91 136 1 90 138
73 144 564 1 143 566
74 239 546 1 238 548
75 127 421 1 127 423
76 279 609 1 278 611
77 88 166 1 87 168
78 321 563 1 321 565
79 154 533 1 153 535
80 205 547 1 204 550
81 205 480 1 204 483
82 282 169 1 282 172
83 136 476 1 136 479
84 203 456 1 203 458
85 116 225 1 115 228
86 269 449 1 269 452
87 175 332 1 174 334
88 235 531 1 234 534
89 141 550 1 141 554
90 311 199 1 310 201
91 230 590 1 229 592
92 163 574 1 162 577
93 140 419 1 139 422
94 138 86 1 137 88
95 332 535 1 332 537
96 125 132 1 125 135
97 216 549 1 216 552
98 76 564 1 75 567
99 147 491 1 146 494
100 246 583 1 245 586
101 238 556 1 238 558
102 213 507 1 212 509
103 326 460 1 325 462
104 149 504 1 148 506
105 173 463 1 173 465
106 269 32 1 267 35
107 250 47 1 249 49
108 137 175 1 137 178
109 189 505 1 188 506
110 284 362 1 284 364
111 216 40 1 216 41
112 311 61 1 311 63
113 233 488 1 232 490
114 217 481 1 217 483
115 212 538 1 211 540
116 41 499 1 40 502
117 273 131 1 273 134
118 203 446 1 202 447
119 140 536 1 139 538
120 128 118 1 127 120
121 295 465 1 294 467
122 249 565 1 248 567
123 214 522 1 214 524
124 141 107 1 141 109
125 129 151 1 128 153
126 139 394 1 138 396
127 264 586 1 264 589
128 267 394 1 266 396
129 153 562 1 152 565
130 247 574 1 246 576
131 296 542 1 295 545
132 121 203 1 121 205
133 107 116 1 107 118
134 163 492 1 162 494
135 170 519 1 170 521
136 249 496 1 248 498
137 168 234 1 167 236
138 219 29 1 218 31
139 281 390 1 280 393
140 320 490 1 318 493
141 155 98 1 154 100
142 174 345 1 174 347
143 114 564 1 113 566
144 225 561 1 224 563
145 228 547 1 227 549
146 145 405 1 145 408
147 168 256 1 168 258
148 286 352 1 285 354
149 272 335 1 272 337
150 168 476 1 168 478
151 305 550 1 305 552
152 174 487 1 174 490
153 150 394 1 149 396
154 236 510 1 235 513
155 193 570 1 193 573
156 307 435 1 307 436
157 268 45 1 268 48
158 290 197 1 290 199
159 151 603 1 150 605
160 151 454 1 151 456
161 285 406 1 285 406
162 237 567 1 237 569
163 141 135 1 141 138
164 268 116 1 267 118
165 285 75 1 285 78
166 291 214 1 291 216
167 281 45 1 280 47
168 331 495 1 330 498
169 282 380 1 282 382
170 260 82 1 260 85
171 298 532 1 297 534
172 245 375 1 244 377
173 120 185 1 119 187
174 283 227 1 282 229
175 137 500 1 136 503
176 299 520 1 299 522
177 256 36 1 255 38
178 293 25 1 292 28
179 294 38 1 294 41
180 283 90 1 282 92
181 201 560 1 200 562
182 317 588 1 316 590
183 129 554 1 128 556
184 299 241 1 299 243
185 166 209 1 165 211
186 154 113 1 154 116
187 127 579 1 126 582
188 256 609 1 255 611
189 306 137 1 306 140
190 288 452 1 288 456
191 286 102 1 285 104
192 282 338 1 282 340
193 267 274 1 267 276
194 309 496 1 309 499
195 259 70 1 258 73
196 299 101 1 298 103
197 236 577 1 236 579
198 127 565 1 127 568
199 226 495 1 226 497
200 275 263 1 274 265
201 285 57 1 285 59
202 272 411 1 271 413
203 308 366 1 308 368
204 279 477 1 279 479
205 137 433 1 136 435
206 297 335 1 297 336
207 275 74 1 274 76
208 151 437 1 151 439
209 308 357 1 307 359
210 296 84 1 295 86
211 237 498 1 237 501
212 290 478 1 289 481
213 209 569 1 209 571
214 315 469 1 314 472
215 289 113 1 289 115
216 267 596 1 265 598
217 305 28 1 305 31
218 279 463 1 278 465
219 297 559 1 296 562
220 245 71 1 245 73
221 326 446 1 325 448
222 249 344 1 249 345
223 296 167 1 295 169
224 308 539 1 307 541
225 302 221 1 301 224
226 268 515 1 268 516
227 322 509 1 321 511
228 195 547 1 194 549
229 173 593 1 172 596
230 313 575 1 313 577
231 310 599 1 310 601
232 277 558 1 276 560
233 291 392 1 291 395
234 304 73 1 304 75
235 284 506 1 284 508
236 290 272 1 290 274
237 245 536 1 244 538
238 259 404 1 259 406
239 297 155 1 296 157
240 313 106 1 312 109
241 296 410 1 295 413
242 270 84 1 270 86
243 68 81 1 68 83
244 288 518 1 288 520
245 275 142 1 274 145
246 279 196 1 279 198
247 266 500 1 266 502
248 285 417 1 284 420
249 261 373 1 260 375
250 301 195 1 300 197
251 300 322 1 300 325
252 302 510 1 301 512
253 288 131 1 288 134
254 285 142 1 285 145
255 312 424 1 311 426
256 274 491 1 274 493
257 301 211 1 300 213
258 302 122 1 301 124
259 223 511 1 223 513
260 306 384 1 306 386
261 325 521 1 324 523
262 299 571 1 298 573
263 286 256 1 286 258
264 266 226 1 266 228
265 300 60 1 299 62
266 269 465 1 269 467
267 301 269 1 300 272
268 277 524 1 277 526
269 151 573 1 151 575
270 311 508 1 311 511
271 302 301 1 301 303
272 281 243 1 281 245
273 137 510 1 136 512
274 253 175 1 252 178
275 279 574 1 279 576
276 246 523 1 245 525
277 243 388 1 243 390
278 312 456 1 310 459
279 277 534 1 277 536
280 254 472 1 253 474
281 305 588 1 304 590
282 307 160 1 306 162
283 262 574 1 261 576
284 299 478 1 298 480
285 283 496 1 282 498
286 315 444 1 314 446
287 281 155 1 280 157
288 255 231 1 254 233
289 311 480 1 310 482
290 299 489 1 298 491
