0 113 329 1 105 333
1 138 495 1 133 498
2 132 572 1 129 574
3 135 559 1 131 561
4 134 510 1 130 512
5 178 353 1 171 357
6 84 277 1 75 283
7 135 548 1 131 550
8 136 533 1 131 536
9 125 462 1 121 466
10 138 473 1 132 475
11 48 516 1 44 520
12 97 496 1 92 499
13 102 448 1 97 452
14 95 535 1 91 538
15 92 555 1 88 557
16 90 600 1 88 601
17 103 430 1 97 433
18 68 396 1 60 400
19 98 462 1 93 465
20 145 263 1 138 267
21 108 548 1 105 550
22 96 216 1 86 221
23 105 572 1 102 574
24 108 511 1 103 514
25 97 513 1 92 516
26 137 461 1 132 463
27 105 558 1 101 560
28 102 600 1 100 602
29 109 497 1 104 502
30 250 442 1 242 439
31 106 535 1 102 537
32 237 294 1 232 306
33 317 250 1 303 247
34 180 481 1 174 480
35 154 613 1 151 612
36 96 524 1 91 527
37 197 559 1 193 557
38 232 611 1 228 609
39 120 234 1 111 240
40 107 208 1 97 212
41 281 450 1 273 447
42 54 502 1 49 506
43 218 249 1 223 284
44 215 612 1 211 611
45 144 424 1 138 426
46 226 410 1 219 411
47 258 496 1 251 494
48 80 155 1 71 161
49 167 97 1 155 102
50 181 587 1 177 586
51 183 553 1 179 552
52 140 200 1 132 203
53 146 509 1 142 511
54 242 558 1 237 556
55 222 548 1 217 547
56 280 440 1 272 436
57 249 451 1 242 446
58 269 579 1 264 576
59 160 599 1 156 598
60 118 509 1 115 511
61 176 500 1 170 501
62 195 526 1 190 526
63 243 544 1 237 542
64 233 518 1 227 518
65 162 485 1 156 487
66 174 490 1 168 492
67 219 558 1 214 558
68 141 451 1 136 453
69 258 486 1 252 484
70 254 544 1 248 542
71 182 574 1 177 573
72 207 517 1 202 517
73 119 490 1 114 492
74 221 524 1 216 524
75 206 234 1 201 248
76 216 259 1 220 294
77 239 594 1 235 592
78 195 491 1 192 493
79 245 484 1 239 482
80 132 167 1 122 172
81 213 594 1 208 592
82 233 582 1 228 580
83 312 466 1 303 459
84 107 155 1 97 160
85 102 170 1 93 175
86 161 588 1 157 586
87 258 569 1 253 567
88 145 441 1 139 443
89 142 231 1 133 236
90 104 185 1 94 189
91 116 611 1 113 613
92 172 556 1 167 555
93 223 570 1 219 569
94 223 502 1 218 502
95 301 186 1 287 187
96 154 497 1 149 499
97 208 479 1 202 477
98 133 244 1 123 249
99 289 473 1 281 468
100 193 351 1 185 354
101 254 554 1 249 552
102 159 574 1 155 573
103 331 216 1 315 214
104 180 599 1 177 597
105 154 104 1 142 109
106 141 150 1 131 156
107 235 573 1 230 571
108 93 587 1 90 589
109 165 512 1 159 514
110 182 437 1 176 438
111 265 608 1 260 604
112 258 579 1 253 577
113 231 529 1 226 528
114 206 536 1 202 536
115 167 526 1 161 526
116 190 485 1 185 483
117 220 537 1 215 536
118 286 45 1 269 52
119 250 615 1 245 611
120 266 61 1 252 66
121 152 194 1 142 196
122 207 526 1 202 526
123 292 391 1 283 387
124 304 384 1 293 379
125 246 491 1 240 491
126 232 54 1 218 60
127 330 75 1 312 78
128 252 510 1 245 508
129 236 503 1 230 502
130 231 561 1 226 559
131 58 520 1 54 524
132 291 148 1 277 150
133 221 468 1 214 464
134 157 559 1 153 559
135 144 137 1 133 141
136 316 490 1 306 482
137 268 589 1 263 585
138 233 544 1 228 543
139 157 125 1 146 130
140 145 169 1 135 174
141 156 414 1 150 416
142 285 613 1 279 607
143 286 416 1 277 412
144 170 586 1 167 585
145 267 598 1 262 595
146 138 221 1 128 226
147 123 134 1 113 140
148 205 579 1 200 579
149 181 513 1 176 514
150 189 542 1 184 540
151 268 519 1 261 516
152 301 412 1 291 409
153 171 116 1 160 121
154 192 364 1 185 366
155 131 586 1 128 587
156 244 585 1 239 582
157 247 570 1 242 568
158 163 425 1 156 428
159 185 274 1 176 278
160 306 373 1 295 369
161 292 355 1 281 353
162 186 498 1 181 498
163 327 578 1 319 567
164 192 509 1 187 509
165 167 414 1 160 416
166 133 523 1 129 525
167 255 533 1 249 531
168 328 459 1 317 450
169 285 60 1 270 65
170 310 214 1 295 214
171 158 474 1 153 476
172 169 475 1 164 476
173 184 300 1 175 303
174 256 591 1 252 588
175 316 570 1 309 560
176 158 153 1 147 159
177 286 132 1 271 134
178 333 230 1 317 227
179 303 90 1 287 93
180 311 232 1 296 230
181 307 337 1 295 334
182 298 59 1 282 64
183 302 402 1 292 397
184 257 364 1 248 363
185 278 98 1 263 101
186 319 559 1 311 549
187 302 245 1 289 244
188 154 522 1 149 523
189 320 547 1 312 537
190 272 50 1 257 56
191 310 38 1 293 43
192 269 481 1 261 478
193 312 51 1 295 56
194 300 105 1 285 108
195 334 331 1 319 325
196 219 583 1 215 582
197 146 577 1 142 577
198 319 260 1 305 257
199 171 131 1 160 136
200 325 153 1 309 154
201 308 477 1 299 471
202 304 117 1 288 119
203 302 358 1 291 355
204 286 293 1 274 291
205 331 523 1 321 513
206 276 86 1 261 90
207 317 115 1 301 118
208 255 602 1 251 598
209 145 588 1 142 589
210 242 604 1 237 601
211 245 517 1 239 515
212 329 65 1 311 69
213 294 281 1 282 280
214 303 70 1 287 75
215 291 433 1 282 428
216 329 389 1 317 381
217 299 502 1 291 495
218 209 545 1 205 545
219 154 453 1 148 455
220 306 426 1 296 422
221 318 356 1 306 350
222 292 89 1 277 92
223 169 457 1 163 459
224 329 380 1 316 373
225 313 98 1 297 101
226 256 521 1 251 519
227 310 503 1 302 496
228 228 593 1 224 591
229 307 128 1 292 130
230 263 395 1 255 394
231 323 41 1 305 47
232 299 487 1 290 481
233 318 588 1 310 578
234 232 462 1 225 459
235 268 364 1 259 362
236 315 183 1 299 183
237 332 110 1 313 113
238 329 567 1 320 556
239 321 239 1 306 238
240 331 417 1 319 409
241 288 539 1 281 533
242 221 509 1 215 510
243 213 569 1 208 569
244 297 584 1 291 577
245 312 415 1 301 409
246 323 87 1 305 90
247 305 531 1 297 524
248 310 291 1 297 289
249 264 559 1 259 557
250 279 426 1 270 423
251 315 171 1 300 171
252 332 120 1 314 122
253 288 99 1 273 103
254 309 544 1 301 536
255 296 422 1 286 417
256 292 159 1 278 160
257 286 524 1 279 519
258 305 440 1 295 435
259 280 393 1 271 391
260 320 212 1 305 210
261 321 343 1 308 339
262 323 537 1 314 527
263 298 570 1 292 563
264 304 159 1 289 160
265 291 460 1 282 455
266 333 448 1 322 439
267 294 515 1 287 509
268 321 229 1 306 227
269 321 137 1 304 138
270 242 533 1 237 532
271 327 407 1 316 399
272 320 600 1 312 589
273 305 275 1 293 272
274 318 73 1 300 77
275 289 489 1 281 484
276 321 289 1 307 285
277 297 549 1 290 542
278 169 597 1 165 596
279 333 535 1 324 526
280 322 321 1 309 317
281 300 262 1 288 260
282 155 532 1 150 533
283 291 345 1 281 343
284 300 600 1 294 593
285 265 547 1 259 543
286 262 409 1 254 408
287 333 482 1 322 473
288 298 559 1 291 552
289 273 494 1 266 492
290 281 599 1 276 594
291 320 504 1 311 495
292 303 521 1 295 514
293 299 171 1 285 172
294 273 249 1 261 249
295 332 506 1 322 496
296 301 348 1 291 345
297 320 515 1 311 506
