0 114 324 1 111 324
1 140 491 1 137 491
2 137 555 1 135 554
3 136 505 1 134 505
4 180 348 1 177 348
5 85 273 1 82 273
6 137 543 1 135 543
7 138 529 1 135 529
8 127 458 1 126 458
9 143 323 1 141 323
10 140 468 1 137 468
11 98 491 1 97 492
12 104 444 1 102 444
13 97 531 1 95 531
14 94 550 1 92 550
15 93 595 1 91 595
16 105 425 1 102 425
17 100 457 1 97 457
18 146 258 1 145 258
19 96 211 1 94 211
20 107 568 1 105 567
21 99 508 1 96 508
22 252 293 1 248 293
23 107 554 1 104 554
24 252 437 1 249 437
25 108 530 1 106 530
26 319 244 1 316 244
27 181 477 1 179 477
28 110 497 1 108 495
29 98 519 1 95 520
30 199 554 1 197 554
31 234 606 1 232 606
32 121 230 1 119 229
33 108 203 1 105 203
34 283 446 1 280 445
35 145 419 1 143 419
36 204 191 1 201 191
37 259 490 1 257 490
38 81 150 1 80 150
39 167 92 1 164 91
40 183 583 1 181 583
41 185 548 1 183 548
42 141 195 1 139 195
43 122 213 1 119 213
44 148 505 1 146 504
45 244 553 1 242 553
46 224 543 1 222 543
47 282 435 1 280 434
48 251 447 1 249 447
49 271 574 1 269 574
50 162 595 1 160 595
51 197 521 1 195 521
52 245 539 1 242 538
53 235 513 1 232 513
54 164 481 1 161 481
55 175 486 1 173 485
56 256 539 1 254 538
57 184 569 1 181 569
58 209 512 1 207 512
59 223 519 1 220 519
60 241 589 1 239 589
61 197 486 1 197 487
62 132 162 1 130 162
63 216 589 1 212 589
64 235 577 1 233 576
65 314 461 1 312 461
66 107 150 1 105 149
67 157 608 1 155 608
68 163 583 1 161 583
69 261 564 1 258 564
70 146 436 1 144 436
71 105 180 1 102 179
72 174 551 1 171 551
73 225 565 1 223 565
74 225 497 1 223 496
75 302 181 1 299 180
76 156 492 1 153 492
77 223 473 1 221 473
78 134 239 1 130 239
79 291 468 1 289 467
80 194 346 1 191 346
81 256 549 1 254 549
82 161 569 1 159 571
83 333 210 1 330 210
84 183 594 1 180 593
85 159 435 1 156 435
86 154 99 1 151 98
87 142 145 1 139 145
88 237 568 1 235 567
89 95 582 1 93 582
90 167 507 1 164 509
91 267 603 1 265 602
92 260 574 1 258 574
93 233 524 1 231 523
94 168 522 1 166 521
95 192 480 1 191 480
96 287 39 1 283 40
97 252 609 1 250 609
98 168 409 1 166 409
99 267 55 1 264 55
100 153 188 1 150 188
101 209 521 1 207 521
102 294 386 1 292 385
103 306 379 1 303 378
104 233 48 1 230 48
105 332 68 1 329 67
106 254 505 1 251 505
107 238 499 1 235 497
108 233 556 1 231 555
109 60 516 1 57 516
110 292 142 1 289 142
111 223 464 1 220 464
112 159 555 1 157 554
113 144 132 1 142 131
114 318 485 1 316 485
115 270 584 1 268 583
116 235 540 1 233 539
117 158 120 1 155 119
118 145 164 1 143 164
119 158 409 1 155 409
120 287 608 1 285 607
121 288 411 1 285 410
122 173 581 1 170 581
123 269 593 1 267 593
124 139 217 1 136 216
125 124 129 1 121 129
126 183 508 1 180 508
127 191 537 1 188 537
128 270 514 1 268 514
129 186 247 1 183 247
130 235 38 1 232 38
131 302 407 1 300 407
132 172 111 1 169 111
133 193 359 1 191 358
134 134 581 1 131 581
135 246 580 1 244 579
136 249 565 1 247 565
137 164 420 1 162 420
138 186 269 1 184 269
139 307 368 1 305 368
140 294 350 1 290 350
141 188 493 1 186 492
142 330 574 1 327 573
143 194 504 1 192 504
144 257 528 1 254 528
145 330 455 1 328 454
146 286 54 1 283 54
147 311 209 1 308 208
148 171 470 1 169 469
149 273 45 1 270 44
150 259 586 1 257 585
151 318 565 1 317 565
152 158 148 1 155 148
153 287 127 1 284 125
154 304 84 1 301 83
155 312 226 1 309 225
156 308 332 1 305 332
157 299 53 1 296 52
158 304 397 1 302 396
159 278 92 1 276 92
160 321 554 1 319 554
161 334 353 1 331 352
162 303 240 1 300 239
163 156 518 1 153 518
164 323 542 1 320 542
165 335 336 1 337 334
166 311 32 1 309 31
167 313 45 1 311 45
168 301 99 1 299 98
169 335 528 1 333 529
170 221 578 1 219 577
171 301 322 1 298 322
172 148 572 1 146 572
173 321 255 1 318 254
174 184 222 1 181 221
175 171 126 1 169 126
176 146 598 1 144 598
177 335 477 1 332 476
178 327 147 1 324 147
179 310 472 1 308 472
180 305 111 1 302 111
181 304 353 1 301 353
182 288 288 1 285 288
183 333 518 1 331 518
184 276 80 1 274 80
185 318 109 1 316 109
186 257 596 1 256 596
187 147 584 1 145 584
188 247 512 1 245 511
189 330 58 1 327 59
190 295 276 1 292 276
191 304 64 1 301 64
192 293 428 1 291 427
193 331 384 1 329 383
194 302 496 1 299 496
195 156 448 1 153 448
196 308 421 1 305 421
197 319 351 1 317 350
198 293 83 1 290 82
199 171 452 1 168 452
200 331 375 1 328 374
201 315 92 1 312 91
202 258 516 1 256 516
203 312 499 1 310 498
204 230 588 1 228 588
205 309 122 1 306 122
206 265 390 1 262 389
207 324 34 1 321 35
208 301 482 1 298 482
209 321 583 1 318 582
210 262 81 1 260 81
211 270 359 1 267 358
212 316 178 1 313 177
213 333 104 1 330 104
214 332 563 1 329 562
215 323 234 1 320 234
216 333 412 1 330 411
217 290 534 1 288 533
218 215 564 1 213 564
219 310 549 1 307 548
220 299 578 1 297 578
221 314 410 1 311 410
222 324 80 1 321 80
223 307 526 1 305 526
224 311 286 1 309 286
225 266 554 1 264 554
226 280 421 1 278 420
227 317 165 1 314 165
228 334 114 1 331 114
229 318 429 1 315 429
230 289 94 1 286 93
231 84 95 1 82 94
232 311 539 1 309 538
233 297 417 1 295 416
234 293 153 1 291 153
235 299 208 1 297 208
236 288 519 1 286 518
237 307 435 1 304 435
238 281 389 1 279 388
239 322 207 1 319 206
240 322 338 1 319 338
241 325 532 1 323 532
242 305 153 1 302 152
243 293 455 1 290 455
244 296 510 1 294 509
245 322 223 1 319 223
246 322 131 1 319 131
247 244 528 1 242 528
248 329 402 1 327 402
249 323 595 1 320 594
250 307 270 1 304 269
251 286 239 1 283 238
252 319 67 1 316 66
253 291 484 1 289 483
254 323 284 1 320 283
255 299 544 1 297 544
256 171 592 1 169 592
257 324 317 1 321 316
258 302 256 1 299 255
259 157 527 1 154 527
260 271 187 1 269 187
261 302 596 1 300 595
262 267 542 1 264 540
263 263 403 1 261 404
264 300 554 1 298 554
265 275 489 1 273 490
266 328 170 1 324 170
267 284 595 1 282 593
268 322 499 1 320 498
269 305 516 1 303 516
270 300 166 1 298 165
271 274 244 1 271 243
272 334 501 1 332 501
273 303 343 1 301 342
274 322 510 1 320 509
