0 103 326 1 105 333
1 133 493 1 133 499
2 128 570 1 129 575
3 131 557 1 132 562
4 129 508 1 130 513
5 170 349 1 171 357
6 73 275 1 75 283
7 131 546 1 131 551
8 131 531 1 131 537
9 119 460 1 121 467
10 132 470 1 133 476
11 42 515 1 44 521
12 91 494 1 92 500
13 96 446 1 97 452
14 90 534 1 91 539
15 87 554 1 88 558
16 87 599 1 88 603
17 96 428 1 98 434
18 59 394 1 60 401
19 92 460 1 93 466
20 135 259 1 138 267
21 104 546 1 105 551
22 83 213 1 86 221
23 101 571 1 102 575
24 103 509 1 104 515
25 91 511 1 92 517
26 131 458 1 132 464
27 100 557 1 101 562
28 99 599 1 100 604
29 244 438 1 243 441
30 102 533 1 102 539
31 227 286 1 231 303
32 308 243 1 305 248
33 174 478 1 174 482
34 90 522 1 91 528
35 194 555 1 193 559
36 229 607 1 229 611
37 109 231 1 112 239
38 95 205 1 97 212
39 48 501 1 49 507
40 208 241 1 221 274
41 101 499 1 104 503
42 213 607 1 212 612
43 137 421 1 138 427
44 219 405 1 220 412
45 252 491 1 252 496
46 67 152 1 72 161
47 153 92 1 155 102
48 178 585 1 177 588
49 179 550 1 179 554
50 128 196 1 132 203
51 141 507 1 142 512
52 238 554 1 237 558
53 218 544 1 218 549
54 275 435 1 274 438
55 245 448 1 243 449
56 266 574 1 265 578
57 157 597 1 156 600
58 113 507 1 115 512
59 170 496 1 171 502
60 190 523 1 190 528
61 239 539 1 238 544
62 228 513 1 228 519
63 156 482 1 156 488
64 168 487 1 168 493
65 215 554 1 215 559
66 135 448 1 136 454
67 253 481 1 253 486
68 250 539 1 249 544
69 203 513 1 203 518
70 113 488 1 115 493
71 216 519 1 216 525
72 195 226 1 201 245
73 205 251 1 218 284
74 236 590 1 235 594
75 190 487 1 192 494
76 239 480 1 239 484
77 233 231 1 241 248
78 119 163 1 122 172
79 210 590 1 208 594
80 229 578 1 229 582
81 308 461 1 304 462
82 93 151 1 97 160
83 89 167 1 92 175
84 151 610 1 152 614
85 158 585 1 157 588
86 255 565 1 254 569
87 138 438 1 139 444
88 131 227 1 134 236
89 91 181 1 94 189
90 113 610 1 114 614
91 168 553 1 168 557
92 220 566 1 219 571
93 218 497 1 218 503
94 230 503 1 231 503
95 290 179 1 288 187
96 149 494 1 149 500
97 203 475 1 202 479
98 121 241 1 123 249
99 284 468 1 282 470
100 184 346 1 185 354
101 250 550 1 249 554
102 155 571 1 155 575
103 323 208 1 317 214
104 177 596 1 177 599
105 139 99 1 142 109
106 128 146 1 131 155
107 232 568 1 231 573
108 89 586 1 90 590
109 160 509 1 159 516
110 175 433 1 177 439
111 263 603 1 261 607
112 254 575 1 254 579
113 227 524 1 227 530
114 202 532 1 202 538
115 162 524 1 161 528
116 216 532 1 216 538
117 272 36 1 270 51
118 247 610 1 246 614
119 158 410 1 161 417
120 252 53 1 253 65
121 140 189 1 142 196
122 202 522 1 202 527
123 286 385 1 284 389
124 298 378 1 295 381
125 241 486 1 241 492
126 217 47 1 219 59
127 319 65 1 314 76
128 247 505 1 246 510
129 326 321 1 321 327
130 227 557 1 227 561
131 53 520 1 54 525
132 279 141 1 278 150
133 215 465 1 214 467
134 153 557 1 153 561
135 130 132 1 133 141
136 312 485 1 308 486
137 265 584 1 264 588
138 229 540 1 228 545
139 143 120 1 146 130
140 132 165 1 135 174
141 149 410 1 150 417
142 283 349 1 282 355
143 280 410 1 278 414
144 167 584 1 167 587
145 264 594 1 262 597
146 126 217 1 128 226
147 110 130 1 113 140
148 201 575 1 201 580
149 176 510 1 176 515
150 185 538 1 184 542
151 264 514 1 262 518
152 294 407 1 292 411
153 157 111 1 160 121
154 183 359 1 185 367
155 128 584 1 128 589
156 240 580 1 240 584
157 244 566 1 243 570
158 155 422 1 156 428
159 174 270 1 177 278
160 299 367 1 296 371
161 181 494 1 181 499
162 325 574 1 321 572
163 187 505 1 188 510
164 176 572 1 178 575
165 128 521 1 129 526
166 250 528 1 250 533
167 324 454 1 320 453
168 272 51 1 271 64
169 300 207 1 297 214
170 152 471 1 153 477
171 163 471 1 164 477
172 258 42 1 258 54
173 175 295 1 176 303
174 253 586 1 252 590
175 313 566 1 310 564
176 144 148 1 147 158
177 274 124 1 272 134
178 290 81 1 289 92
179 301 224 1 298 230
180 299 331 1 296 336
181 285 50 1 284 62
182 296 396 1 294 399
183 249 358 1 249 364
184 264 90 1 264 101
185 317 555 1 313 553
186 325 352 1 320 353
187 292 239 1 290 245
188 149 520 1 149 524
189 318 543 1 314 541
190 328 477 1 324 476
191 297 28 1 295 42
192 324 385 1 318 384
193 263 476 1 262 480
194 299 42 1 297 55
195 288 96 1 286 107
196 216 579 1 215 583
197 142 574 1 143 579
198 310 253 1 307 258
199 157 127 1 160 136
200 315 144 1 311 153
201 304 472 1 301 474
202 333 439 1 328 438
203 292 109 1 290 119
204 295 353 1 293 357
205 277 287 1 276 293
206 328 519 1 323 517
207 262 78 1 262 89
208 305 107 1 303 117
209 252 597 1 252 600
210 141 586 1 142 591
211 239 600 1 238 603
212 240 512 1 240 517
213 317 55 1 313 68
214 285 275 1 283 281
215 291 62 1 289 73
216 285 428 1 284 431
217 295 497 1 293 498
218 205 541 1 206 546
219 148 450 1 148 456
220 300 421 1 298 424
221 311 350 1 308 352
222 279 80 1 278 91
223 163 454 1 163 460
224 323 374 1 318 376
225 293 468 1 291 470
226 302 89 1 299 100
227 252 516 1 251 521
228 306 499 1 303 499
229 225 589 1 224 593
230 296 119 1 293 129
231 256 390 1 256 395
232 310 32 1 307 45
233 294 482 1 292 484
234 316 583 1 312 582
235 227 459 1 226 461
236 260 359 1 260 363
237 305 175 1 301 183
238 320 101 1 316 112
239 327 563 1 323 561
240 312 233 1 308 238
241 325 411 1 321 412
242 284 533 1 282 536
243 215 505 1 216 511
244 209 565 1 209 570
245 304 549 1 301 548
246 329 528 1 326 529
247 295 579 1 292 580
248 306 410 1 303 412
249 311 77 1 308 89
250 301 526 1 298 527
251 302 285 1 299 290
252 260 555 1 259 559
253 272 421 1 271 425
254 305 163 1 302 171
255 321 111 1 317 122
256 275 91 1 274 102
257 306 540 1 303 539
258 289 416 1 288 419
259 281 151 1 280 160
260 282 519 1 280 521
261 300 435 1 297 437
262 273 388 1 272 393
263 311 204 1 307 211
264 314 337 1 310 341
265 320 532 1 316 531
266 295 566 1 293 566
267 282 609 1 280 610
268 293 151 1 291 160
269 285 455 1 283 458
270 290 510 1 288 512
271 332 464 1 327 461
272 311 221 1 308 228
273 310 128 1 306 138
274 238 529 1 237 534
275 322 402 1 318 402
276 319 596 1 314 594
277 297 268 1 294 274
278 305 63 1 302 75
279 284 484 1 282 486
280 294 545 1 292 546
281 166 594 1 166 598
282 314 315 1 311 319
283 291 254 1 289 261
284 150 530 1 150 534
285 283 339 1 282 344
286 298 597 1 295 596
287 261 541 1 260 545
288 328 598 1 323 596
289 255 403 1 254 409
290 295 555 1 292 555
291 269 491 1 267 494
292 279 594 1 277 597
293 316 499 1 312 499
294 299 516 1 297 517
295 288 163 1 286 172
296 262 243 1 262 250
297 328 501 1 324 500
298 294 342 1 292 347
299 316 510 1 313 510
