0 100 336 1 105 333
1 130 504 1 133 500
2 127 582 1 129 577
3 129 569 1 132 564
4 127 519 1 130 514
5 166 359 1 172 357
6 68 285 1 75 283
7 129 558 1 131 552
8 129 542 1 131 538
9 116 471 1 121 468
10 129 481 1 133 477
11 39 527 1 44 522
12 88 506 1 92 501
13 93 457 1 97 453
14 49 532 1 54 526
15 88 546 1 91 540
16 85 566 1 88 560
17 85 612 1 88 605
18 93 439 1 98 435
19 56 404 1 60 401
20 89 471 1 93 467
21 130 269 1 138 267
22 102 558 1 105 552
23 79 223 1 86 221
24 99 583 1 102 577
25 100 521 1 104 516
26 100 511 1 104 504
27 89 523 1 92 518
28 128 469 1 132 465
29 98 569 1 101 563
30 97 612 1 100 605
31 242 450 1 244 443
32 99 545 1 102 540
33 223 293 1 231 301
34 306 252 1 307 249
35 172 490 1 174 484
36 88 534 1 91 529
37 193 568 1 194 561
38 65 162 1 72 160
39 104 241 1 112 239
40 90 215 1 97 212
41 45 513 1 49 508
42 203 247 1 219 265
43 134 431 1 139 428
44 216 415 1 220 413
45 251 501 1 253 497
46 147 101 1 156 101
47 176 597 1 178 590
48 178 561 1 179 556
49 123 206 1 132 203
50 139 518 1 142 513
51 237 565 1 238 560
52 216 555 1 218 550
53 274 445 1 275 440
54 243 460 1 244 452
55 265 586 1 266 580
56 111 518 1 115 513
57 169 508 1 171 503
58 189 534 1 191 529
59 238 550 1 239 546
60 227 524 1 228 520
61 154 493 1 157 489
62 215 566 1 215 561
63 132 459 1 136 455
64 252 492 1 253 487
65 249 550 1 250 545
66 157 525 1 160 517
67 201 524 1 203 520
68 215 530 1 217 527
69 191 232 1 201 242
70 200 258 1 216 275
71 236 602 1 236 596
72 191 500 1 193 495
73 238 491 1 240 486
74 228 238 1 240 245
75 114 173 1 122 172
76 209 602 1 209 596
77 229 589 1 229 584
78 307 472 1 306 465
79 88 161 1 97 160
80 84 177 1 92 175
81 156 598 1 158 591
82 254 576 1 255 571
83 135 449 1 139 445
84 126 237 1 134 236
85 86 192 1 94 189
86 166 565 1 168 559
87 219 577 1 220 573
88 216 508 1 219 504
89 287 187 1 290 187
90 146 505 1 149 501
91 201 487 1 203 481
92 117 251 1 123 249
93 283 479 1 284 473
94 181 356 1 185 354
95 250 561 1 250 556
96 153 584 1 156 577
97 320 216 1 320 215
98 176 608 1 177 601
99 134 109 1 143 108
100 123 156 1 131 155
101 231 580 1 232 575
102 87 598 1 90 592
103 173 443 1 177 440
104 254 586 1 254 581
105 225 535 1 227 531
106 200 543 1 203 539
107 160 535 1 162 529
108 215 543 1 216 539
109 267 44 1 272 49
110 156 420 1 161 417
111 247 61 1 254 64
112 135 199 1 142 196
113 200 533 1 203 529
114 284 396 1 285 391
115 296 389 1 297 383
116 239 496 1 241 493
117 212 56 1 220 57
118 314 72 1 317 75
119 246 516 1 247 512
120 226 568 1 227 563
121 275 149 1 279 149
122 213 478 1 215 470
123 151 569 1 153 563
124 125 142 1 133 141
125 311 497 1 310 489
126 265 596 1 265 590
127 228 551 1 229 547
128 138 130 1 146 129
129 127 175 1 135 174
130 146 421 1 150 417
131 281 359 1 284 356
132 278 421 1 279 416
133 166 596 1 167 589
134 263 606 1 263 600
135 121 227 1 129 226
136 104 140 1 113 139
137 200 586 1 201 582
138 174 521 1 176 517
139 262 525 1 263 520
140 293 418 1 294 413
141 152 120 1 160 120
142 180 369 1 185 367
143 126 596 1 128 590
144 240 592 1 241 586
145 243 577 1 243 572
146 153 432 1 157 429
147 171 279 1 177 278
148 297 378 1 298 373
149 179 505 1 181 500
150 326 587 1 323 576
151 185 516 1 188 512
152 175 584 1 178 577
153 126 532 1 129 527
154 249 539 1 250 535
155 324 466 1 322 457
156 267 60 1 272 62
157 296 215 1 299 215
158 150 482 1 153 478
159 161 482 1 164 478
160 252 50 1 259 53
161 171 305 1 176 303
162 253 598 1 253 592
163 314 579 1 312 569
164 139 158 1 147 158
165 269 133 1 274 133
166 286 89 1 290 91
167 298 233 1 300 231
168 297 341 1 298 338
169 280 58 1 285 61
170 294 407 1 295 402
171 246 368 1 250 365
172 260 98 1 265 100
173 317 567 1 315 558
174 324 362 1 322 356
175 289 248 1 292 246
176 147 532 1 149 526
177 318 555 1 316 546
178 328 488 1 326 480
179 292 35 1 297 40
180 323 395 1 321 387
181 262 486 1 263 482
182 294 49 1 299 53
183 284 104 1 288 106
184 215 590 1 216 585
185 141 586 1 143 580
186 308 262 1 309 259
187 152 136 1 160 136
188 311 152 1 313 153
189 303 484 1 303 477
190 332 450 1 330 442
191 288 116 1 292 118
192 293 362 1 294 359
193 274 297 1 277 294
194 328 531 1 325 522
195 257 86 1 263 88
196 301 114 1 305 116
197 252 609 1 253 603
198 140 598 1 142 592
199 239 611 1 239 606
200 239 523 1 241 519
201 312 62 1 315 66
202 282 284 1 284 282
203 286 70 1 290 72
204 284 438 1 285 433
205 295 508 1 294 501
206 204 552 1 206 548
207 145 460 1 148 457
208 299 431 1 299 426
209 309 360 1 310 355
210 274 88 1 279 90
211 160 464 1 164 461
212 321 385 1 320 378
213 292 479 1 292 472
214 297 96 1 301 99
215 251 527 1 252 523
216 306 510 1 305 503
217 224 601 1 225 595
218 292 127 1 295 129
219 254 399 1 257 396
220 306 39 1 310 43
221 293 493 1 293 487
222 317 596 1 314 586
223 258 368 1 261 365
224 301 184 1 303 184
225 317 109 1 318 111
226 328 576 1 325 566
227 309 241 1 310 239
228 325 422 1 323 415
229 284 545 1 284 539
230 213 515 1 216 512
231 208 576 1 209 572
232 304 561 1 303 552
233 330 540 1 328 533
234 295 592 1 293 584
235 304 420 1 304 415
236 307 84 1 310 88
237 301 538 1 300 531
238 299 294 1 301 291
239 260 566 1 260 561
240 270 431 1 272 427
241 302 171 1 304 171
242 318 119 1 319 121
243 270 99 1 275 101
244 306 551 1 304 543
245 288 427 1 289 422
246 277 160 1 281 160
247 281 530 1 281 524
248 298 446 1 298 440
249 271 398 1 273 394
250 308 213 1 309 212
251 312 347 1 312 343
252 321 545 1 318 536
253 296 578 1 294 570
254 289 159 1 292 159
255 284 466 1 285 460
256 289 522 1 289 515
257 332 475 1 329 466
258 308 230 1 310 229
259 306 136 1 309 137
260 237 540 1 238 535
261 321 412 1 320 406
262 320 609 1 316 598
263 294 278 1 296 275
264 301 70 1 304 74
265 283 495 1 284 489
266 294 557 1 293 549
267 165 607 1 166 600
268 312 325 1 313 321
269 288 263 1 291 261
270 148 541 1 150 536
271 327 565 1 324 554
272 281 349 1 283 345
273 299 609 1 297 600
274 260 552 1 261 547
275 329 612 1 326 601
276 253 414 1 255 410
277 295 566 1 294 559
278 267 501 1 268 496
279 279 606 1 278 599
280 316 511 1 314 503
281 299 528 1 298 521
282 284 172 1 288 172
283 259 252 1 263 250
284 329 514 1 326 504
285 292 352 1 293 348
286 316 522 1 314 513
