0 106 334 1 105 334
1 134 504 1 133 502
2 130 582 1 129 580
3 132 569 1 132 566
4 131 519 1 131 517
5 172 358 1 172 358
6 75 283 1 75 283
7 132 557 1 132 555
8 133 542 1 132 541
9 120 470 1 121 469
10 134 481 1 133 479
11 43 526 1 43 524
12 87 609 1 88 608
13 102 612 1 100 608
14 92 505 1 93 503
15 97 456 1 97 455
16 52 530 1 53 528
17 91 545 1 91 543
18 88 565 1 88 563
19 98 437 1 98 436
20 61 402 1 61 401
21 93 470 1 93 469
22 138 268 1 139 267
23 105 558 1 105 555
24 87 221 1 86 221
25 102 583 1 102 580
26 104 520 1 104 518
27 104 510 1 104 506
28 175 492 1 175 488
29 92 522 1 93 520
30 133 469 1 132 467
31 101 568 1 101 566
32 103 545 1 103 542
33 231 293 1 231 296
34 315 254 1 311 252
35 91 534 1 92 532
36 196 570 1 195 566
37 73 159 1 72 160
38 112 239 1 112 239
39 98 213 1 97 212
40 48 512 1 49 510
41 139 431 1 139 430
42 276 43 1 275 46
43 222 415 1 221 414
44 256 503 1 254 500
45 212 605 1 210 601
46 156 99 1 156 100
47 179 599 1 179 595
48 181 563 1 180 560
49 247 464 1 246 458
50 143 518 1 143 515
51 241 567 1 240 564
52 220 557 1 219 554
53 279 448 1 277 444
54 269 590 1 267 585
55 173 508 1 172 506
56 193 535 1 192 532
57 116 517 1 115 515
58 241 553 1 240 549
59 231 526 1 230 523
60 158 493 1 157 492
61 218 567 1 216 564
62 137 458 1 136 457
63 253 552 1 251 549
64 160 525 1 160 521
65 205 525 1 204 522
66 219 532 1 218 529
67 239 605 1 237 601
68 195 501 1 194 498
69 243 493 1 242 490
70 238 236 1 239 240
71 122 170 1 122 171
72 232 591 1 231 588
73 313 477 1 309 471
74 96 159 1 97 159
75 92 174 1 92 175
76 159 600 1 158 595
77 258 579 1 256 575
78 140 448 1 139 447
79 133 235 1 134 236
80 94 189 1 94 189
81 169 566 1 169 563
82 222 580 1 221 576
83 220 510 1 220 507
84 296 187 1 293 187
85 150 505 1 150 503
86 205 489 1 204 485
87 124 249 1 124 249
88 289 483 1 286 478
89 187 356 1 186 355
90 253 563 1 252 560
91 330 217 1 325 217
92 178 610 1 178 606
93 143 106 1 143 107
94 131 153 1 131 154
95 234 582 1 233 579
96 90 598 1 90 595
97 258 589 1 256 585
98 229 537 1 229 534
99 204 544 1 204 542
100 163 536 1 162 533
101 218 545 1 217 542
102 179 442 1 178 441
103 161 420 1 161 419
104 257 59 1 256 61
105 141 198 1 142 197
106 204 534 1 204 531
107 291 399 1 288 395
108 303 393 1 300 388
109 244 498 1 243 495
110 222 52 1 221 55
111 327 69 1 322 72
112 251 519 1 248 515
113 229 570 1 228 567
114 285 148 1 282 149
115 154 570 1 154 567
116 133 139 1 133 140
117 317 503 1 314 496
118 269 599 1 267 595
119 231 553 1 230 550
120 147 127 1 147 128
121 135 173 1 135 173
122 151 420 1 151 419
123 289 362 1 286 359
124 284 424 1 282 420
125 168 598 1 168 594
126 267 609 1 265 605
127 257 611 1 254 607
128 129 226 1 129 226
129 113 138 1 113 139
130 203 588 1 202 585
131 178 522 1 177 519
132 267 529 1 265 525
133 299 422 1 296 417
134 161 118 1 160 119
135 186 369 1 186 368
136 129 596 1 129 593
137 243 595 1 242 591
138 246 580 1 245 576
139 158 432 1 157 431
140 178 278 1 178 278
141 304 381 1 301 377
142 183 506 1 182 503
143 331 595 1 327 586
144 189 518 1 189 515
145 177 585 1 179 581
146 130 532 1 129 530
147 253 541 1 252 538
148 330 473 1 327 465
149 277 57 1 275 60
150 306 216 1 302 216
151 154 482 1 154 480
152 165 482 1 165 480
153 262 48 1 261 50
154 178 304 1 177 304
155 256 601 1 255 597
156 318 586 1 316 578
157 148 156 1 148 157
158 279 132 1 276 132
159 297 87 1 294 89
160 307 234 1 304 233
161 304 345 1 301 341
162 291 55 1 288 58
163 301 411 1 298 406
164 253 369 1 251 368
165 270 97 1 268 98
166 322 574 1 318 566
167 333 367 1 328 362
168 298 249 1 295 247
169 150 532 1 150 529
170 323 563 1 320 554
171 334 495 1 330 488
172 304 32 1 301 36
173 331 401 1 326 394
174 267 489 1 265 486
175 306 46 1 303 49
176 294 103 1 291 104
177 218 592 1 217 589
178 143 587 1 143 584
179 317 265 1 313 262
180 161 134 1 161 135
181 322 152 1 318 153
182 309 489 1 306 483
183 299 115 1 295 116
184 300 366 1 297 362
185 334 538 1 330 530
186 268 84 1 266 86
187 313 113 1 309 114
188 143 599 1 143 596
189 243 525 1 242 522
190 325 60 1 320 63
191 290 286 1 287 284
192 297 67 1 294 69
193 290 442 1 288 438
194 300 513 1 297 508
195 207 553 1 207 550
196 150 460 1 149 459
197 305 435 1 302 431
198 318 363 1 314 359
199 285 86 1 282 88
200 330 390 1 325 384
201 298 483 1 295 478
202 309 95 1 305 97
203 255 530 1 254 526
204 311 516 1 308 510
205 227 603 1 226 599
206 302 126 1 299 128
207 260 401 1 258 399
208 318 36 1 314 39
209 299 498 1 296 493
210 321 604 1 318 596
211 264 369 1 263 367
212 312 184 1 308 184
213 329 107 1 324 109
214 333 585 1 329 575
215 319 244 1 315 241
216 332 428 1 328 422
217 288 549 1 286 544
218 218 516 1 217 514
219 211 578 1 210 575
220 309 567 1 306 560
221 299 597 1 296 591
222 311 425 1 308 420
223 319 82 1 314 85
224 306 544 1 303 538
225 308 297 1 304 294
226 264 569 1 262 565
227 276 434 1 274 431
228 312 171 1 308 171
229 330 118 1 325 119
230 281 97 1 278 99
231 311 557 1 308 551
232 295 431 1 292 426
233 287 159 1 284 159
234 286 535 1 284 530
235 277 401 1 275 398
236 318 214 1 314 213
237 326 552 1 322 544
238 300 584 1 297 577
239 299 158 1 296 159
240 290 470 1 287 465
241 294 526 1 292 521
242 318 232 1 314 230
243 317 135 1 313 136
244 241 542 1 239 539
245 329 418 1 324 412
246 302 280 1 299 277
247 313 68 1 309 71
248 289 499 1 286 494
249 298 562 1 296 556
250 167 609 1 167 605
251 321 328 1 317 325
252 297 265 1 294 263
253 151 542 1 151 539
254 332 573 1 328 564
255 288 351 1 286 348
256 264 555 1 262 551
257 258 416 1 257 413
258 299 572 1 297 566
259 273 505 1 270 500
260 283 610 1 281 605
261 322 517 1 318 510
262 304 534 1 301 528
263 294 172 1 291 172
264 267 253 1 265 252
265 299 354 1 296 351
266 322 529 1 318 522
