0 106 334 1 105 334
1 134 504 1 134 504
2 132 569 1 132 569
3 131 519 1 131 518
4 172 358 1 173 359
5 75 283 1 75 283
6 132 557 1 132 558
7 133 542 1 132 543
8 120 470 1 122 471
9 135 333 1 135 333
10 134 481 1 133 481
11 87 609 1 88 611
12 92 505 1 93 505
13 97 456 1 97 456
14 52 530 1 53 531
15 91 545 1 91 545
16 88 565 1 88 565
17 98 437 1 98 437
18 93 470 1 93 470
19 138 268 1 139 267
20 87 221 1 86 220
21 102 583 1 102 582
22 104 510 1 104 509
23 175 492 1 175 492
24 92 522 1 93 522
25 101 568 1 101 568
26 103 545 1 103 545
27 315 254 1 315 254
28 91 534 1 92 534
29 196 570 1 196 570
30 73 159 1 72 159
31 112 239 1 112 239
32 98 213 1 97 212
33 139 431 1 139 431
34 276 43 1 277 43
35 194 200 1 194 200
36 256 503 1 255 503
37 212 605 1 211 604
38 156 99 1 156 99
39 179 599 1 179 599
40 181 563 1 181 563
41 247 464 1 248 464
42 112 223 1 112 223
43 143 518 1 143 517
44 241 567 1 241 567
45 220 557 1 220 557
46 279 448 1 279 448
47 269 590 1 269 590
48 193 535 1 192 535
49 241 553 1 241 553
50 231 526 1 231 526
51 158 493 1 158 493
52 253 552 1 253 552
53 160 525 1 161 523
54 205 525 1 205 525
55 219 532 1 219 532
56 239 605 1 239 605
57 195 501 1 194 500
58 122 170 1 122 171
59 232 591 1 232 591
60 313 477 1 313 477
61 96 159 1 96 158
62 159 600 1 159 600
63 258 579 1 258 579
64 140 448 1 140 448
65 94 189 1 94 188
66 169 566 1 169 566
67 222 580 1 222 579
68 220 510 1 221 509
69 296 187 1 296 187
70 150 505 1 150 505
71 219 487 1 219 487
72 124 249 1 124 248
73 289 483 1 288 483
74 187 356 1 186 356
75 253 563 1 253 564
76 157 590 1 156 588
77 330 217 1 330 218
78 178 610 1 179 610
79 152 447 1 152 447
80 143 106 1 143 106
81 131 153 1 131 154
82 234 582 1 234 582
83 90 598 1 90 598
84 258 589 1 257 589
85 229 537 1 230 537
86 163 536 1 163 536
87 161 420 1 162 420
88 257 59 1 258 59
89 141 198 1 141 198
90 204 534 1 204 534
91 291 399 1 291 399
92 303 393 1 303 393
93 222 52 1 222 52
94 327 69 1 326 69
95 251 519 1 250 519
96 229 570 1 230 570
97 285 148 1 285 148
98 154 570 1 154 570
99 133 139 1 133 139
100 317 503 1 317 503
101 269 599 1 268 599
102 231 553 1 231 553
103 147 127 1 147 128
104 135 173 1 135 173
105 151 420 1 151 420
106 289 362 1 288 362
107 284 424 1 284 424
108 168 598 1 168 598
109 267 609 1 267 609
110 257 611 1 256 612
111 129 226 1 129 226
112 113 138 1 113 138
113 178 522 1 178 522
114 267 529 1 267 529
115 177 256 1 177 256
116 224 42 1 224 42
117 299 422 1 299 421
118 161 118 1 161 119
119 186 369 1 187 369
120 129 596 1 129 596
121 243 595 1 243 595
122 246 580 1 246 580
123 158 432 1 158 432
124 178 278 1 178 278
125 304 381 1 304 381
126 183 506 1 183 505
127 331 595 1 331 595
128 189 518 1 189 518
129 177 585 1 179 585
130 253 541 1 253 541
131 330 473 1 331 473
132 277 57 1 277 57
133 306 216 1 306 217
134 165 482 1 165 482
135 262 48 1 263 48
136 256 601 1 256 601
137 318 586 1 319 586
138 148 156 1 148 157
139 279 132 1 279 131
140 297 87 1 297 87
141 307 234 1 307 234
142 304 345 1 304 345
143 291 55 1 291 55
144 301 411 1 301 411
145 270 97 1 270 97
146 322 574 1 322 574
147 333 367 1 333 367
148 298 249 1 298 249
149 150 532 1 150 532
150 323 563 1 323 563
151 334 495 1 335 495
152 304 32 1 304 32
153 331 401 1 331 401
154 306 46 1 307 46
155 294 103 1 294 103
156 218 592 1 218 592
157 297 334 1 297 334
158 143 587 1 144 587
159 317 265 1 317 264
160 174 230 1 175 230
161 161 134 1 161 134
162 322 152 1 322 152
163 309 489 1 309 489
164 299 115 1 298 115
165 300 366 1 300 366
166 334 538 1 334 539
167 268 84 1 268 84
168 313 113 1 313 113
169 143 599 1 143 599
170 243 525 1 243 525
171 325 60 1 325 60
172 290 286 1 290 286
173 297 67 1 297 67
174 290 442 1 290 442
175 300 513 1 300 513
176 150 460 1 149 460
177 305 435 1 305 436
178 318 363 1 317 363
179 285 86 1 285 86
180 330 390 1 330 390
181 298 483 1 298 483
182 309 95 1 309 95
183 255 530 1 255 529
184 311 516 1 311 516
185 227 603 1 227 603
186 302 126 1 302 126
187 260 401 1 260 401
188 318 36 1 318 36
189 299 498 1 299 498
190 321 604 1 321 604
191 253 87 1 253 87
192 264 369 1 264 370
193 312 184 1 312 184
194 329 107 1 329 107
195 333 585 1 333 585
196 319 244 1 319 243
197 332 428 1 332 428
198 288 549 1 288 549
199 211 578 1 211 578
200 309 567 1 309 567
201 299 597 1 299 597
202 311 425 1 311 425
203 319 82 1 319 82
204 306 544 1 306 544
205 308 297 1 307 297
206 264 569 1 263 569
207 276 434 1 276 434
208 312 171 1 312 171
209 330 118 1 330 118
210 316 445 1 316 445
211 281 97 1 281 97
212 72 103 1 72 103
213 311 557 1 311 558
214 295 431 1 294 431
215 287 159 1 287 159
216 294 216 1 294 216
217 286 535 1 286 535
218 277 401 1 277 401
219 318 214 1 318 214
220 326 552 1 326 552
221 299 158 1 299 159
222 290 470 1 290 470
223 294 526 1 294 526
224 318 232 1 318 232
225 317 135 1 317 135
226 241 542 1 241 542
227 329 418 1 329 418
228 302 280 1 302 280
229 280 247 1 280 248
230 313 68 1 313 68
231 289 499 1 289 499
232 298 562 1 298 562
233 167 609 1 167 609
234 321 328 1 321 328
235 297 265 1 297 265
236 151 542 1 151 542
237 332 573 1 332 573
238 264 194 1 264 195
239 264 555 1 264 555
240 258 416 1 258 416
241 299 572 1 299 572
242 273 505 1 272 504
243 323 177 1 323 176
244 283 610 1 283 610
245 322 517 1 322 517
246 304 534 1 304 534
247 294 172 1 294 172
248 267 253 1 267 253
249 299 354 1 299 354
250 322 529 1 322 529
