0 198 740 1 199 738
1 191 752 1 191 750
2 186 648 1 186 646
3 201 681 1 201 679
4 196 819 1 196 818
5 189 959 1 189 959
6 228 890 1 228 889
7 203 636 1 204 634
8 190 596 1 190 594
9 186 979 1 186 979
10 199 764 1 199 762
11 226 971 1 226 971
12 228 876 1 229 875
13 202 587 1 202 584
14 190 582 1 190 580
15 187 991 1 187 991
16 195 806 1 196 805
17 183 688 1 183 686
18 233 695 1 233 694
19 235 592 1 235 590
20 47 881 1 47 880
21 205 625 1 205 623
22 232 750 1 233 749
23 188 1010 1 193 1013
24 230 762 1 231 761
25 204 646 1 204 645
26 527 1166 1 541 1173
27 185 669 1 184 666
28 231 738 1 232 736
29 40 928 1 39 927
30 610 1166 1 631 1175
31 184 891 1 184 890
32 654 1238 1 678 1251
33 227 906 1 228 905
34 130 1218 1 132 1231
35 539 1067 1 553 1070
36 218 1087 1 218 1087
37 666 1162 1 689 1171
38 188 615 1 189 613
39 639 1248 1 662 1260
40 236 624 1 235 622
41 26 1153 1 22 1163
42 202 614 1 201 612
43 527 1184 1 540 1191
44 550 905 1 562 904
45 190 948 1 190 947
46 674 1229 1 700 1241
47 554 1211 1 570 1220
48 170 891 1 170 889
49 161 924 1 162 923
50 621 1011 1 639 1013
51 191 790 1 191 789
52 360 1046 1 360 1046
53 621 1143 1 642 1151
54 646 1196 1 669 1206
55 25 1009 1 22 1010
56 576 1017 1 592 1019
57 582 1157 1 600 1165
58 101 1057 1 101 1061
59 643 1090 1 664 1095
60 111 278 1 110 274
61 501 1234 1 512 1242
62 180 747 1 180 745
63 490 1249 1 501 1257
64 661 1092 1 683 1098
65 184 969 1 184 969
66 232 724 1 232 722
67 181 727 1 180 724
68 604 955 1 620 955
69 305 1049 1 305 1049
70 195 535 1 195 533
71 614 986 1 632 987
72 184 938 1 185 938
73 99 275 1 97 271
74 609 1005 1 627 1007
75 113 264 1 112 260
76 139 568 1 139 566
77 97 784 1 96 783
78 600 1200 1 620 1210
79 513 1182 1 525 1189
80 625 1186 1 647 1196
81 176 790 1 176 788
82 101 265 1 100 261
83 238 1111 1 244 1117
84 91 1110 1 90 1117
85 517 1084 1 530 1088
86 684 1089 1 701 1093
87 538 1018 1 552 1020
88 616 1089 1 635 1095
89 171 861 1 171 860
90 566 1184 1 584 1193
91 629 1224 1 651 1236
92 35 1105 1 32 1113
93 558 1015 1 574 1018
94 673 1066 1 695 1070
95 452 744 1 456 741
96 673 1087 1 696 1092
97 592 997 1 609 999
98 227 937 1 227 937
99 528 1058 1 542 1061
100 565 1234 1 582 1244
101 192 901 1 192 900
102 632 1095 1 652 1101
103 623 1032 1 643 1035
104 581 1028 1 598 1031
105 533 1136 1 548 1142
106 43 1248 1 41 1257
107 223 1055 1 223 1055
108 615 1186 1 636 1195
109 635 1012 1 654 1014
110 635 1199 1 657 1209
111 579 906 1 593 905
112 189 764 1 189 762
113 615 1131 1 635 1138
114 214 837 1 214 836
115 276 1245 1 281 1253
116 548 951 1 562 951
117 179 1197 1 181 1202
118 657 1192 1 680 1202
119 535 1003 1 549 1005
120 516 1094 1 530 1098
121 390 887 1 390 886
122 604 970 1 621 971
123 620 1158 1 641 1166
124 663 1225 1 687 1237
125 129 1156 1 131 1165
126 482 1188 1 492 1194
127 152 1040 1 155 1044
128 627 990 1 645 991
129 132 1137 1 134 1146
130 586 1249 1 598 1257
131 336 1047 1 337 1047
132 108 1042 1 108 1046
133 599 1133 1 618 1140
134 588 959 1 604 959
135 24 1174 1 20 1186
136 114 1224 1 115 1237
137 236 685 1 236 683
138 236 1206 1 241 1216
139 543 1107 1 558 1112
140 151 475 1 151 473
141 126 1025 1 127 1029
142 528 1211 1 542 1219
143 82 912 1 81 911
144 74 923 1 73 922
145 662 1080 1 684 1085
146 235 570 1 236 568
147 223 1074 1 224 1075
148 163 1079 1 167 1086
149 229 831 1 230 830
150 173 835 1 173 834
151 219 1185 1 222 1190
152 151 1221 1 154 1235
153 594 1114 1 613 1120
154 658 1103 1 680 1109
155 617 1022 1 636 1024
156 634 1124 1 655 1131
157 484 1203 1 493 1209
158 563 970 1 578 971
159 30 1246 1 27 1261
160 97 889 1 97 887
161 578 938 1 593 937
162 262 1065 1 267 1068
163 193 548 1 193 545
164 58 1062 1 55 1067
165 596 980 1 613 981
166 503 1253 1 514 1261
167 93 1099 1 93 1106
168 297 1242 1 302 1249
169 653 1121 1 675 1128
170 658 1053 1 679 1057
171 635 1189 1 657 1199
172 146 950 1 147 950
173 664 1125 1 687 1132
174 642 1104 1 664 1110
175 89 861 1 89 860
176 494 1015 1 505 1017
177 593 1210 1 613 1220
178 360 910 1 360 910
179 148 1050 1 150 1054
180 538 1154 1 552 1161
181 48 1044 1 46 1048
182 590 1054 1 608 1058
183 606 1086 1 625 1091
184 293 681 1 294 679
185 596 930 1 611 929
186 674 1207 1 699 1218
187 597 1099 1 615 1104
188 685 1129 1 703 1135
189 478 1247 1 488 1255
190 667 1190 1 691 1200
191 532 1125 1 547 1131
192 634 1055 1 654 1059
193 671 1042 1 692 1045
194 536 1232 1 551 1242
195 89 1195 1 90 1207
196 579 991 1 595 992
197 606 1210 1 626 1221
198 197 504 1 197 502
199 61 973 1 59 974
200 538 1209 1 553 1218
201 605 1035 1 623 1038
202 136 1242 1 138 1257
203 403 834 1 405 833
204 202 1188 1 206 1197
205 623 1001 1 641 1003
206 275 1152 1 278 1156
207 464 1215 1 472 1221
208 566 959 1 581 960
209 500 1036 1 514 1038
210 515 1016 1 528 1018
211 347 808 1 348 807
212 506 1213 1 517 1221
213 568 1076 1 584 1080
214 285 1157 1 289 1161
215 568 987 1 584 988
216 112 884 1 113 882
217 586 1227 1 606 1238
218 354 876 1 356 875
219 221 811 1 221 810
220 648 1074 1 669 1079
221 541 1057 1 556 1060
222 84 840 1 84 839
223 521 1252 1 534 1261
224 559 1039 1 574 1042
225 668 1172 1 691 1182
226 669 1055 1 691 1059
227 161 1090 1 164 1096
228 225 1043 1 225 1043
229 654 1151 1 677 1159
230 620 1119 1 640 1126
231 164 983 1 168 984
232 227 866 1 227 865
233 524 1201 1 537 1209
234 156 1010 1 158 1012
235 178 765 1 178 763
236 89 273 1 87 269
237 663 1070 1 685 1074
238 266 1055 1 271 1058
239 370 618 1 368 620
240 535 951 1 549 951
241 379 410 1 389 390
242 616 1244 1 638 1256
243 186 819 1 186 818
244 544 1176 1 559 1184
245 586 1194 1 605 1203
246 226 841 1 226 840
247 183 1103 1 187 1110
248 73 1064 1 72 1069
249 47 1109 1 45 1116
250 274 1203 1 280 1212
251 32 1140 1 29 1150
252 562 1137 1 578 1143
253 394 599 1 398 593
254 496 1156 1 506 1161
255 358 451 1 368 433
256 672 1001 1 692 1003
257 148 1080 1 150 1086
258 578 972 1 594 973
259 399 585 1 401 582
260 532 1246 1 546 1256
261 593 949 1 608 949
262 83 945 1 81 945
263 522 931 1 535 931
264 195 521 1 195 518
265 640 921 1 658 920
266 616 1213 1 637 1224
267 642 1147 1 664 1155
268 407 447 1 410 442
269 40 1069 1 37 1075
270 114 288 1 113 284
271 542 1186 1 557 1194
272 677 1141 1 701 1149
273 481 1115 1 493 1120
274 48 1059 1 46 1064
275 599 1143 1 618 1151
276 509 1124 1 522 1129
277 206 800 1 206 799
278 494 1205 1 505 1212
279 85 1021 1 84 1024
280 568 1174 1 585 1182
281 336 1198 1 341 1203
282 484 1009 1 495 1010
283 137 1042 1 139 1046
284 582 1101 1 600 1106
285 451 1117 1 462 1122
286 561 1116 1 576 1122
287 107 788 1 106 787
288 591 1024 1 608 1027
289 544 1117 1 559 1122
290 93 1083 1 93 1089
291 36 1032 1 34 1035
292 501 1195 1 513 1202
293 578 896 1 591 895
294 593 1177 1 612 1186
295 228 1084 1 229 1084
296 252 1115 1 258 1121
297 550 915 1 563 914
298 618 963 1 635 963
299 273 1097 1 277 1100
300 612 1200 1 633 1210
301 24 1205 1 20 1218
302 151 915 1 153 914
303 57 1149 1 55 1158
304 43 1212 1 40 1225
305 529 1073 1 543 1077
306 91 1125 1 91 1133
307 228 1145 1 232 1151
308 235 705 1 235 703
309 532 1028 1 546 1031
310 582 1085 1 599 1090
311 664 1147 1 687 1155
312 208 566 1 208 564
313 645 1031 1 664 1034
314 582 949 1 598 949
315 507 1104 1 520 1109
316 403 819 1 405 818
317 212 1255 1 215 1263
318 135 1111 1 137 1119
319 136 955 1 137 955
320 642 1177 1 665 1187
321 622 1100 1 642 1106
322 199 987 1 203 989
323 671 1097 1 694 1103
324 551 1145 1 567 1151
325 502 958 1 514 958
326 497 986 1 508 987
327 507 1079 1 520 1083
328 509 988 1 522 989
329 648 1049 1 669 1053
330 347 738 1 347 737
331 575 1242 1 594 1254
332 540 928 1 554 927
333 508 978 1 520 979
334 112 936 1 112 935
335 580 1005 1 597 1007
336 462 1041 1 470 1043
337 505 1015 1 518 1016
338 171 880 1 171 879
339 630 1022 1 649 1025
340 49 1024 1 47 1027
341 43 1180 1 41 1190
342 616 1066 1 636 1070
343 232 853 1 232 852
344 402 461 1 415 440
345 50 1072 1 48 1078
346 498 926 1 508 925
347 662 1023 1 682 1026
348 140 1185 1 141 1191
349 70 1005 1 69 1007
350 572 1152 1 589 1159
351 500 968 1 512 968
352 431 888 1 433 887
353 126 1168 1 127 1178
354 480 944 1 489 944
355 617 1077 1 637 1082
356 119 905 1 120 904
357 63 1043 1 61 1047
358 159 1181 1 160 1187
359 327 1069 1 332 1071
360 161 469 1 161 467
361 263 1092 1 266 1095
362 691 1076 1 713 1081
363 249 1196 1 254 1204
364 119 1060 1 120 1065
365 384 444 1 389 435
366 598 1225 1 618 1236
367 528 898 1 539 897
368 632 945 1 649 945
369 116 894 1 117 892
370 253 1047 1 259 1050
371 543 1253 1 558 1263
372 678 1077 1 700 1082
373 464 1031 1 472 1033
374 50 985 1 48 987
375 537 1199 1 551 1207
376 596 910 1 611 909
377 284 1188 1 289 1196
378 116 1189 1 117 1198
379 99 858 1 98 857
380 465 1240 1 474 1246
381 286 1235 1 291 1243
382 511 1047 1 522 1051
383 661 1042 1 682 1045
384 564 1101 1 580 1106
385 208 1088 1 208 1088
386 292 1252 1 297 1261
387 303 678 1 303 676
388 491 1231 1 501 1238
389 548 1019 1 562 1022
390 629 1044 1 649 1047
391 207 813 1 207 812
392 295 961 1 296 961
393 517 1026 1 531 1028
394 140 1126 1 142 1134
395 523 999 1 537 1000
396 468 1251 1 475 1257
397 656 1250 1 680 1263
398 656 1170 1 679 1179
399 610 1156 1 630 1164
400 470 942 1 479 941
401 249 1062 1 254 1065
402 616 1042 1 635 1045
403 95 1020 1 95 1023
404 661 969 1 681 970
405 336 457 1 345 438
406 142 1136 1 144 1145
407 306 1077 1 311 1080
408 57 1114 1 55 1121
409 639 1161 1 661 1170
410 76 1124 1 75 1131
411 290 1102 1 294 1105
412 229 821 1 229 820
413 401 792 1 403 791
414 363 736 1 368 731
415 65 908 1 64 907
416 208 1201 1 210 1207
417 28 1019 1 25 1022
418 481 1042 1 490 1044
419 564 1091 1 580 1096
420 128 999 1 129 1001
421 208 530 1 208 527
422 644 1137 1 666 1144
423 430 779 1 433 777
424 138 940 1 139 940
425 394 446 1 398 438
426 427 63 1 428 58
427 603 1048 1 622 1051
428 26 1071 1 23 1077
429 327 1095 1 333 1098
430 118 252 1 117 247
431 570 1066 1 586 1070
432 468 1225 1 476 1231
433 461 1067 1 469 1069
434 474 1007 1 483 1008
435 297 805 1 298 804
436 337 736 1 338 734
437 232 793 1 232 791
438 290 1133 1 294 1137
439 478 978 1 487 978
440 464 1199 1 472 1204
441 148 888 1 150 885
442 424 758 1 428 755
443 232 1194 1 236 1202
444 127 866 1 128 863
445 439 1123 1 449 1128
446 417 729 1 431 719
447 179 394 1 179 390
448 107 1004 1 107 1006
449 682 1181 1 706 1191
450 605 945 1 621 944
451 68 1252 1 67 1264
452 574 1038 1 591 1041
453 569 1052 1 586 1055
454 496 1180 1 506 1186
455 299 1175 1 303 1180
456 151 1030 1 154 1034
457 254 1148 1 259 1155
458 528 1038 1 542 1041
459 495 1101 1 506 1106
460 148 937 1 149 936
461 337 1119 1 342 1122
462 147 1247 1 149 1260
463 655 1206 1 678 1217
464 139 867 1 140 864
465 645 992 1 664 993
466 452 772 1 456 769
467 413 747 1 417 745
468 620 1168 1 641 1177
469 517 1162 1 531 1169
470 641 1114 1 663 1120
471 85 961 1 84 961
472 521 1123 1 535 1128
473 312 756 1 313 755
474 187 374 1 187 371
475 118 788 1 118 787
476 409 612 1 413 607
477 234 1242 1 239 1254
478 647 1064 1 668 1068
479 247 1183 1 251 1191
480 311 1103 1 316 1106
481 274 1164 1 278 1169
482 130 966 1 131 967
483 222 801 1 222 800
484 557 991 1 572 992
485 379 782 1 381 780
486 183 570 1 182 572
487 561 1150 1 577 1157
488 233 534 1 233 532
489 474 1024 1 480 1026
490 272 982 1 272 982
491 335 676 1 336 674
492 327 738 1 328 736
493 642 1209 1 665 1220
494 220 427 1 220 424
495 415 887 1 417 886
496 290 715 1 291 713
497 607 1021 1 625 1023
498 348 456 1 358 438
499 490 954 1 500 954
500 241 359 1 241 355
501 349 530 1 350 527
502 236 842 1 236 841
503 238 545 1 238 543
504 677 1153 1 701 1161
505 230 386 1 230 382
506 61 960 1 59 960
507 300 1102 1 305 1105
508 68 1089 1 67 1095
509 602 993 1 619 994
510 49 972 1 47 973
511 550 1242 1 566 1253
512 126 947 1 127 947
513 380 673 1 381 671
514 240 560 1 241 558
515 188 338 1 188 334
516 489 998 1 500 999
517 289 698 1 290 696
518 241 1168 1 245 1174
519 608 1223 1 629 1235
520 285 314 1 285 310
521 36 1079 1 33 1085
522 268 1028 1 269 1028
523 555 1181 1 571 1189
524 201 356 1 201 351
525 70 1029 1 69 1032
526 506 1158 1 518 1164
527 525 1235 1 538 1244
528 633 967 1 651 968
529 59 1011 1 57 1014
530 262 1105 1 266 1109
531 312 412 1 315 403
532 444 1240 1 452 1246
533 345 398 1 351 384
534 329 623 1 330 621
535 440 1152 1 441 1155
536 134 904 1 135 902
537 319 623 1 319 621
538 571 829 1 584 826
539 622 1203 1 644 1214
540 549 1067 1 563 1071
541 597 1156 1 616 1164
542 26 965 1 24 966
543 505 1168 1 517 1174
544 371 644 1 372 642
545 95 1247 1 95 1263
546 452 1255 1 460 1262
547 201 321 1 201 316
548 42 891 1 41 890
549 572 1128 1 589 1134
550 266 1043 1 272 1046
551 380 393 1 381 388
552 431 745 1 435 742
553 180 1246 1 183 1257
554 201 877 1 201 876
555 405 475 1 419 453
556 329 574 1 330 572
557 595 1037 1 613 1040
558 381 579 1 389 568
559 283 681 1 284 680
560 647 162 1 665 136
561 197 494 1 197 492
562 673 1011 1 694 1013
563 548 1166 1 563 1173
564 294 933 1 295 933
565 208 399 1 208 395
566 74 1039 1 73 1043
567 48 1034 1 46 1037
568 132 1197 1 133 1204
569 354 798 1 355 797
570 133 839 1 134 835
571 322 1123 1 327 1126
572 326 869 1 327 869
573 382 897 1 382 896
574 148 1020 1 150 1022
575 334 653 1 335 651
576 261 407 1 262 402
577 199 311 1 199 305
578 528 1018 1 542 1020
