0 209 738 1 199 738
1 201 750 1 191 750
2 197 646 1 187 646
3 212 679 1 202 678
4 206 817 1 196 818
5 198 958 1 189 958
6 238 889 1 229 888
7 214 634 1 204 633
8 201 594 1 190 594
9 195 978 1 186 978
10 209 762 1 199 762
11 236 970 1 227 970
12 238 875 1 229 875
13 197 990 1 187 990
14 201 580 1 190 579
15 205 804 1 196 804
16 194 686 1 183 686
17 243 694 1 233 693
18 246 590 1 236 590
19 57 879 1 47 880
20 216 623 1 205 623
21 242 749 1 233 749
22 241 760 1 231 760
23 215 644 1 205 644
24 537 1173 1 541 1172
25 196 667 1 185 666
26 242 737 1 232 736
27 50 926 1 40 927
28 621 1175 1 630 1174
29 194 889 1 184 890
30 32 1012 1 22 1010
31 666 1248 1 678 1250
32 237 905 1 228 905
33 137 1227 1 132 1230
34 550 1073 1 553 1070
35 227 1086 1 219 1087
36 198 1018 1 193 1012
37 678 1171 1 688 1170
38 199 613 1 189 613
39 501 1255 1 501 1256
40 247 622 1 235 622
41 32 1161 1 22 1162
42 213 612 1 202 612
43 537 1191 1 540 1191
44 561 909 1 562 903
45 284 1250 1 281 1252
46 200 946 1 191 947
47 686 1240 1 699 1240
48 564 1219 1 570 1219
49 180 890 1 170 889
50 170 927 1 163 923
51 633 1017 1 639 1013
52 201 789 1 191 789
53 369 1045 1 361 1046
54 632 1152 1 641 1150
55 658 1206 1 668 1206
56 587 1023 1 592 1019
57 593 1165 1 600 1164
58 109 1064 1 102 1061
59 655 1098 1 664 1095
60 123 276 1 110 274
61 510 1240 1 512 1241
62 247 1118 1 244 1116
63 190 746 1 180 745
64 673 1100 1 682 1097
65 196 936 1 185 937
66 194 967 1 185 968
67 243 723 1 232 722
68 192 725 1 181 724
69 188 1200 1 182 1202
70 616 960 1 620 955
71 314 1048 1 306 1049
72 206 533 1 195 533
73 626 992 1 631 987
74 227 1188 1 222 1189
75 230 1007 1 227 1003
76 111 273 1 97 271
77 621 1011 1 626 1007
78 125 262 1 112 260
79 150 566 1 139 566
80 107 782 1 97 783
81 611 1209 1 619 1209
82 523 1188 1 525 1188
83 636 1195 1 646 1195
84 186 788 1 176 788
85 113 263 1 100 261
86 98 1118 1 91 1116
87 527 1090 1 530 1087
88 549 1024 1 551 1020
89 628 1097 1 635 1094
90 181 859 1 172 859
91 577 1192 1 583 1192
92 640 1234 1 650 1235
93 41 1112 1 33 1112
94 569 1021 1 573 1017
95 685 1074 1 694 1070
96 463 744 1 456 741
97 685 1095 1 695 1092
98 604 1003 1 609 998
99 244 1214 1 241 1215
100 236 936 1 228 936
101 539 1064 1 541 1061
102 575 1242 1 581 1244
103 202 899 1 193 900
104 644 1103 1 652 1100
105 635 1039 1 642 1034
106 592 1034 1 597 1030
107 543 1143 1 548 1142
108 232 1054 1 224 1055
109 52 1252 1 42 1256
110 626 1195 1 635 1195
111 647 1018 1 653 1014
112 695 1096 1 701 1093
113 646 1208 1 657 1209
114 590 910 1 593 905
115 199 762 1 190 762
116 626 1139 1 634 1138
117 224 836 1 214 835
118 559 956 1 561 951
119 669 1202 1 679 1201
120 546 1008 1 548 1004
121 526 1100 1 529 1097
122 403 884 1 391 886
123 616 976 1 620 970
124 631 1167 1 641 1165
125 675 1235 1 686 1236
126 136 1164 1 131 1164
127 491 1193 1 492 1193
128 160 1047 1 155 1044
129 639 996 1 644 991
130 139 1145 1 134 1145
131 345 1046 1 338 1047
132 115 1049 1 109 1046
133 610 1141 1 617 1139
134 600 964 1 603 959
135 30 1183 1 21 1185
136 121 1233 1 116 1236
137 247 684 1 236 683
138 554 1113 1 557 1111
139 162 473 1 151 473
140 538 1218 1 541 1218
141 90 916 1 82 910
142 674 1088 1 683 1084
143 246 568 1 237 567
144 232 1073 1 224 1074
145 239 830 1 230 830
146 183 833 1 173 834
147 158 1230 1 154 1234
148 605 1122 1 612 1120
149 670 1111 1 679 1108
150 629 1029 1 635 1024
151 645 1132 1 655 1130
152 493 1208 1 493 1208
153 574 975 1 578 970
154 106 893 1 98 887
155 589 943 1 593 937
156 204 546 1 194 545
157 65 1068 1 56 1066
158 607 986 1 612 980
159 100 1106 1 93 1105
160 305 1246 1 303 1249
161 665 1129 1 675 1127
162 382 616 1 368 620
163 670 1060 1 678 1056
164 646 1198 1 656 1198
165 154 954 1 147 950
166 676 1134 1 686 1131
167 211 1196 1 206 1196
168 171 1087 1 167 1085
169 654 1112 1 663 1109
170 99 859 1 89 860
171 504 1020 1 505 1016
172 604 1219 1 613 1219
173 371 908 1 360 909
174 548 1161 1 552 1160
175 55 1050 1 46 1047
176 601 1061 1 608 1057
177 617 1093 1 625 1091
178 304 680 1 294 679
179 608 935 1 611 929
180 686 1217 1 698 1217
181 608 1106 1 615 1104
182 173 989 1 168 984
183 29 988 1 19 985
184 487 1252 1 488 1254
185 679 1200 1 690 1199
186 542 1132 1 547 1130
187 646 1062 1 654 1058
188 683 1049 1 692 1045
189 546 1240 1 550 1241
190 96 1204 1 90 1206
191 271 1070 1 267 1068
192 590 997 1 595 992
193 617 1219 1 626 1220
194 208 502 1 197 502
195 283 1156 1 278 1156
196 596 1255 1 597 1256
197 68 978 1 59 974
198 548 1216 1 552 1217
199 616 1042 1 623 1038
200 133 1035 1 128 1029
201 142 1252 1 138 1256
202 413 834 1 405 833
203 635 1007 1 641 1002
204 473 1219 1 472 1220
205 577 964 1 581 959
206 510 1041 1 513 1037
207 526 1021 1 527 1018
208 357 807 1 348 807
209 515 1219 1 517 1220
210 579 1083 1 584 1080
211 293 1160 1 289 1161
212 579 993 1 584 988
213 121 887 1 113 881
214 597 1236 1 605 1237
215 364 876 1 356 875
216 231 809 1 221 809
217 660 1082 1 669 1078
218 552 1063 1 555 1060
219 94 838 1 84 839
220 180 1228 1 177 1230
221 570 1045 1 574 1041
222 680 1181 1 690 1181
223 51 1188 1 42 1189
224 681 1063 1 690 1058
225 695 1137 1 702 1134
226 234 1042 1 226 1043
227 666 1160 1 676 1158
228 631 1127 1 640 1125
229 237 864 1 227 865
230 534 1208 1 537 1208
231 188 763 1 179 763
232 101 271 1 88 269
233 675 1078 1 685 1074
234 36 1255 1 27 1260
235 546 956 1 549 951
236 391 411 1 389 391
237 627 1254 1 637 1255
238 196 817 1 186 818
239 554 1183 1 559 1183
240 597 1203 1 604 1203
241 236 840 1 227 840
242 191 1111 1 187 1110
243 80 1070 1 72 1068
244 54 1116 1 45 1116
245 281 1210 1 280 1211
246 38 1148 1 30 1149
247 573 1144 1 578 1143
248 404 599 1 398 593
249 506 1161 1 506 1161
250 370 452 1 368 433
251 684 1008 1 692 1002
252 155 1087 1 150 1085
253 589 978 1 594 972
254 292 1195 1 289 1195
255 542 1253 1 546 1255
256 604 954 1 608 949
257 91 949 1 82 945
258 533 935 1 535 931
259 206 519 1 195 518
260 652 926 1 658 919
261 627 1223 1 637 1223
262 654 1156 1 664 1154
263 419 446 1 410 441
264 47 1076 1 38 1074
265 126 286 1 113 284
266 552 1193 1 557 1193
267 689 1150 1 700 1148
268 491 1120 1 493 1119
269 56 1039 1 47 1037
270 58 991 1 49 986
271 144 960 1 137 955
272 610 1151 1 618 1150
273 519 1130 1 521 1129
274 216 798 1 206 798
275 504 1211 1 505 1211
276 92 1027 1 85 1024
277 579 1182 1 585 1181
278 345 1201 1 341 1202
279 494 1013 1 495 1010
280 145 1049 1 139 1046
281 593 1108 1 599 1106
282 461 1122 1 462 1121
283 572 1123 1 576 1121
284 117 786 1 107 786
285 602 1030 1 608 1026
286 555 1124 1 559 1122
287 100 1090 1 93 1088
288 43 1037 1 34 1035
289 511 1201 1 512 1201
290 589 900 1 591 894
291 604 1185 1 612 1185
292 237 1083 1 229 1084
293 261 1121 1 258 1120
294 561 920 1 563 914
295 630 969 1 635 963
296 282 1100 1 277 1100
297 623 1209 1 632 1210
298 29 1213 1 21 1217
299 64 1157 1 56 1158
300 540 1079 1 543 1076
301 55 1066 1 46 1063
302 98 1132 1 91 1132
303 246 703 1 236 703
304 543 1034 1 546 1030
305 593 1092 1 599 1089
306 676 1156 1 686 1154
307 657 1038 1 664 1033
308 593 954 1 597 948
309 517 1109 1 519 1108
310 128 1217 1 123 1219
311 413 819 1 405 818
312 142 1119 1 137 1118
313 654 1186 1 664 1186
314 633 1108 1 642 1105
315 683 1105 1 693 1102
316 562 1152 1 566 1151
317 513 962 1 514 958
318 507 990 1 508 986
319 635 1117 1 644 1115
320 304 1155 1 300 1155
321 73 911 1 64 906
322 517 1084 1 519 1082
323 520 993 1 522 988
324 660 1056 1 668 1052
325 585 1251 1 593 1253
326 551 933 1 553 927
327 519 983 1 520 978
328 591 1011 1 597 1006
329 472 1045 1 470 1043
330 516 1020 1 518 1016
331 181 878 1 171 879
332 642 1029 1 649 1024
333 56 1029 1 47 1026
334 628 1073 1 635 1070
335 242 851 1 232 851
336 57 1079 1 49 1077
337 509 930 1 508 925
338 674 1030 1 682 1025
339 77 1010 1 69 1007
340 583 1160 1 588 1159
341 511 972 1 511 968
342 441 888 1 434 887
343 133 1176 1 128 1177
344 180 1106 1 176 1105
345 490 947 1 489 943
346 629 1085 1 636 1081
347 128 908 1 120 903
348 70 1050 1 62 1047
349 41 1027 1 31 1024
350 167 1184 1 161 1186
351 336 1072 1 332 1071
352 172 467 1 162 466
353 358 736 1 347 736
354 126 1067 1 121 1065
355 396 444 1 389 435
356 609 1235 1 617 1235
357 539 902 1 539 896
358 644 951 1 649 944
359 125 897 1 117 892
360 262 1052 1 259 1050
361 690 1085 1 699 1081
362 474 1035 1 472 1032
363 547 1206 1 551 1206
364 608 914 1 610 908
365 414 465 1 415 440
366 109 856 1 99 857
367 274 1059 1 271 1057
368 474 1245 1 474 1246
369 294 1240 1 291 1242
370 148 1189 1 141 1191
371 522 1052 1 522 1050
372 673 1049 1 681 1045
373 115 1009 1 107 1006
374 575 1108 1 579 1105
375 217 1087 1 209 1088
376 43 1214 1 34 1217
377 190 1036 1 186 1032
378 314 676 1 303 675
379 500 1237 1 501 1238
380 559 1025 1 562 1021
381 162 985 1 156 982
382 641 1051 1 648 1047
383 217 811 1 207 812
384 304 960 1 297 960
385 528 1031 1 530 1028
386 534 1004 1 537 999
387 668 1179 1 678 1179
388 621 1165 1 630 1164
389 319 1198 1 314 1199
390 480 945 1 479 941
391 628 1049 1 635 1045
392 103 1026 1 95 1023
393 673 975 1 680 969
394 348 458 1 345 439
395 149 1144 1 145 1144
396 315 1080 1 311 1079
397 64 1121 1 56 1121
398 651 1170 1 660 1169
399 83 1131 1 76 1131
400 299 1105 1 294 1105
401 239 820 1 230 820
402 411 792 1 403 790
403 374 738 1 368 731
404 491 1046 1 490 1044
405 575 1098 1 579 1095
406 219 528 1 209 527
407 656 1146 1 665 1144
408 441 779 1 434 777
409 146 944 1 140 939
410 406 445 1 398 438
411 440 61 1 428 58
412 614 1055 1 622 1051
413 336 1098 1 333 1097
414 130 250 1 118 247
415 581 1073 1 586 1069
416 477 1229 1 476 1230
417 471 1070 1 469 1069
418 255 1190 1 252 1190
419 484 1011 1 483 1008
420 307 804 1 298 803
421 348 735 1 338 734
422 242 792 1 233 791
423 299 1136 1 294 1136
424 488 981 1 487 978
425 473 1203 1 472 1204
426 156 892 1 151 885
427 435 759 1 428 755
428 240 1200 1 236 1202
429 136 869 1 128 863
430 449 1128 1 449 1127
431 136 1109 1 130 1108
432 154 1255 1 149 1259
433 191 392 1 179 390
434 521 1198 1 523 1198
435 694 1191 1 705 1190
436 617 950 1 621 944
437 585 1044 1 590 1040
438 580 1058 1 585 1055
439 506 1185 1 506 1185
440 308 1178 1 303 1179
441 159 1037 1 154 1033
442 262 1153 1 259 1154
443 539 1044 1 542 1040
444 505 1106 1 506 1105
445 156 940 1 149 936
446 346 1122 1 342 1122
447 515 1074 1 516 1071
448 125 875 1 117 869
449 667 1216 1 678 1216
450 148 869 1 140 864
451 657 998 1 663 993
452 463 772 1 456 769
453 424 748 1 417 744
454 631 1177 1 640 1176
455 527 1168 1 530 1168
456 653 1122 1 662 1120
457 93 966 1 85 961
458 531 1129 1 535 1127
459 322 755 1 313 754
460 199 372 1 187 370
461 128 786 1 118 787
462 420 612 1 413 606
463 242 1250 1 240 1253
464 659 1071 1 667 1068
465 320 1106 1 316 1106
466 282 1167 1 278 1168
467 138 971 1 132 966
468 232 800 1 223 799
469 568 996 1 572 992
470 389 782 1 381 780
471 572 1157 1 577 1156
472 244 532 1 234 532
473 484 1028 1 481 1025
474 281 981 1 272 982
475 615 1116 1 622 1113
476 346 675 1 337 674
477 338 737 1 328 736
478 654 1219 1 664 1219
479 232 425 1 220 424
480 425 887 1 417 886
481 301 714 1 291 713
482 618 1027 1 625 1023
483 142 1019 1 135 1017
484 361 457 1 358 438
485 501 957 1 500 953
486 253 357 1 242 355
487 360 529 1 351 527
488 246 841 1 237 841
489 249 543 1 238 542
490 689 1162 1 700 1161
491 242 384 1 230 382
492 504 1030 1 505 1026
493 635 1141 1 644 1139
494 309 1105 1 305 1105
495 75 1095 1 67 1094
496 613 999 1 619 994
497 560 1250 1 566 1252
498 134 952 1 128 947
499 391 672 1 381 671
500 251 558 1 241 558
501 200 336 1 188 334
502 499 1002 1 499 999
503 300 697 1 290 696
504 249 1173 1 245 1174
505 166 888 1 160 882
506 619 1233 1 629 1234
507 297 312 1 286 310
508 43 1086 1 34 1085
509 402 465 1 396 453
510 277 1028 1 269 1028
511 565 1188 1 570 1188
512 213 354 1 201 351
513 77 1035 1 69 1032
514 516 1164 1 518 1163
515 535 1242 1 538 1243
516 645 973 1 650 967
517 66 1016 1 58 1013
518 608 1165 1 615 1163
519 71 1133 1 63 1133
520 323 411 1 315 403
521 453 1244 1 452 1245
522 356 398 1 351 384
523 340 622 1 330 621
524 449 1153 1 442 1154
525 28 1231 1 19 1234
526 143 907 1 135 902
527 330 622 1 320 621
528 582 833 1 584 825
529 633 1212 1 643 1213
530 560 1073 1 563 1071
531 46 1102 1 37 1101
532 35 968 1 25 965
533 515 1174 1 517 1174
534 382 643 1 372 641
535 477 1255 1 475 1256
536 213 319 1 201 316
537 52 889 1 42 890
538 583 1135 1 588 1134
539 392 392 1 382 387
540 442 746 1 436 741
541 186 1253 1 183 1256
542 211 876 1 201 876
543 417 478 1 419 453
544 340 573 1 330 572
545 606 1044 1 612 1039
546 294 679 1 285 680
547 663 161 1 664 137
548 208 492 1 197 491
549 685 1018 1 693 1013
550 558 1173 1 563 1173
551 304 932 1 295 932
552 219 397 1 208 394
553 81 1045 1 73 1043
554 364 797 1 355 796
555 142 842 1 135 835
556 331 1126 1 327 1126
557 336 868 1 327 868
558 476 1150 1 474 1149
559 157 1024 1 150 1022
560 345 652 1 335 651
561 272 406 1 262 401
562 211 309 1 199 305
563 539 1023 1 542 1019
