0 199 657 1 200 739
1 206 597 1 203 679
2 194 736 1 197 818
3 210 552 1 205 634
4 193 562 1 188 646
5 221 809 1 229 889
6 176 908 1 188 990
7 176 895 1 188 978
8 211 542 1 206 624
9 198 512 1 191 595
10 216 889 1 228 970
11 244 510 1 237 591
12 222 795 1 230 875
13 215 501 1 207 583
14 187 603 1 184 687
15 233 668 1 234 749
16 210 562 1 206 645
17 41 790 1 49 880
18 199 680 1 200 763
19 199 498 1 191 581
20 675 1154 1 686 1179
21 233 656 1 233 737
22 214 900 1 227 981
23 230 680 1 232 761
24 194 722 1 197 805
25 66 1076 1 89 1125
26 532 1035 1 543 1076
27 274 1191 1 299 1250
28 32 837 1 41 927
29 236 612 1 234 694
30 178 807 1 185 890
31 220 824 1 229 905
32 242 541 1 236 622
33 660 1149 1 672 1175
34 641 1073 1 648 1102
35 550 865 1 553 912
36 201 1004 1 220 1087
37 189 584 1 186 667
38 196 531 1 190 614
39 497 1147 1 516 1192
40 509 1156 1 528 1198
41 602 1149 1 615 1179
42 209 530 1 203 613
43 540 1186 1 558 1223
44 163 807 1 171 889
45 621 985 1 626 1021
46 214 909 1 227 991
47 189 706 1 192 789
48 233 642 1 233 723
49 345 971 1 361 1046
50 614 1126 1 626 1156
51 637 1184 1 651 1210
52 573 988 1 580 1027
53 101 1192 1 129 1235
54 79 1020 1 100 1071
55 514 1134 1 531 1176
56 482 1194 1 504 1243
57 134 185 1 111 277
58 206 450 1 196 534
59 181 663 1 181 746
60 658 1075 1 666 1104
61 174 885 1 186 968
62 231 1036 1 249 1093
63 605 923 1 608 963
64 290 972 1 306 1049
65 614 958 1 619 995
66 220 1070 1 240 1122
67 456 680 1 454 745
68 122 182 1 98 274
69 608 978 1 614 1015
70 137 171 1 113 263
71 182 642 1 182 725
72 166 776 1 173 860
73 96 694 1 98 782
74 589 1183 1 605 1213
75 175 705 1 177 788
76 469 1214 1 493 1262
77 508 1050 1 521 1093
78 534 985 1 541 1027
79 612 1069 1 620 1101
80 148 481 1 140 567
81 85 1197 1 113 1241
82 618 1212 1 634 1239
83 683 1072 1 691 1104
84 555 984 1 562 1024
85 521 1107 1 537 1147
86 670 1071 1 678 1099
87 591 968 1 596 1006
88 218 856 1 229 937
89 521 1025 1 531 1067
90 550 1211 1 569 1246
91 628 1077 1 637 1107
92 71 1131 1 96 1176
93 622 1008 1 628 1042
94 578 1000 1 585 1038
95 87 1005 1 107 1056
96 605 1171 1 620 1199
97 635 987 1 640 1022
98 572 1136 1 587 1169
99 626 1187 1 640 1213
100 581 868 1 583 913
101 164 1169 1 189 1220
102 617 1173 1 630 1200
103 124 171 1 101 264
104 608 1113 1 620 1143
105 322 971 1 338 1047
106 189 680 1 191 763
107 210 754 1 215 836
108 548 915 1 551 959
109 649 1181 1 662 1206
110 531 969 1 538 1012
111 616 998 1 621 1032
112 245 487 1 237 569
113 605 940 1 608 979
114 612 1142 1 625 1171
115 653 1216 1 669 1240
116 512 1179 1 532 1221
117 148 917 1 160 979
118 628 962 1 632 999
119 107 1107 1 131 1153
120 592 1113 1 603 1145
121 468 1223 1 492 1272
122 165 387 1 152 474
123 208 991 1 225 1074
124 551 1152 1 568 1190
125 506 1059 1 520 1103
126 660 1063 1 667 1092
127 589 927 1 592 967
128 233 1075 1 253 1127
129 199 481 1 190 565
130 534 1077 1 547 1117
131 225 749 1 231 830
132 198 1124 1 220 1191
133 583 1193 1 598 1223
134 252 1196 1 277 1254
135 587 1093 1 599 1126
136 655 1087 1 663 1115
137 673 1052 1 681 1083
138 629 1107 1 639 1137
139 622 1241 1 640 1267
140 682 1117 1 691 1145
141 562 937 1 567 978
142 579 903 1 582 946
143 204 462 1 195 546
144 257 1041 1 274 1104
145 671 1023 1 676 1054
146 596 950 1 600 989
147 68 1063 1 92 1114
148 649 1106 1 658 1134
149 657 1033 1 663 1064
150 627 1176 1 640 1203
151 494 998 1 505 1044
152 660 1110 1 669 1138
153 639 1087 1 647 1116
154 85 770 1 91 860
155 465 1145 1 485 1196
156 458 1205 1 482 1256
157 586 1029 1 595 1064
158 602 1064 1 611 1097
159 598 896 1 600 938
160 235 1144 1 258 1193
161 488 1177 1 509 1223
162 660 1179 1 673 1204
163 480 1115 1 499 1164
164 210 419 1 198 503
165 632 1033 1 639 1066
166 298 602 1 295 680
167 262 1191 1 287 1248
168 465 1157 1 487 1210
169 105 1091 1 128 1139
170 578 960 1 583 1000
171 574 1210 1 591 1241
172 595 1194 1 611 1224
173 594 917 1 597 957
174 603 1009 1 610 1045
175 108 975 1 124 1034
176 207 1222 1 233 1268
177 400 763 1 405 834
178 32 1021 1 55 1076
179 623 974 1 628 1010
180 443 1166 1 466 1222
181 566 925 1 570 968
182 510 980 1 518 1025
183 345 732 1 349 807
184 562 1049 1 572 1086
185 126 1201 1 150 1239
186 567 955 1 573 996
187 606 1234 1 624 1261
188 534 915 1 539 959
189 447 1176 1 471 1232
190 219 729 1 222 810
191 646 1055 1 653 1085
192 535 1025 1 545 1066
193 80 749 1 86 838
194 531 1148 1 548 1187
195 509 1168 1 528 1211
196 662 1160 1 674 1186
197 212 1170 1 237 1220
198 481 1217 1 505 1264
199 648 1137 1 660 1164
200 130 1144 1 155 1207
201 102 1125 1 128 1172
202 24 1004 1 46 1058
203 178 680 1 179 764
204 112 179 1 89 272
205 662 1052 1 669 1081
206 145 1196 1 173 1236
207 575 1175 1 591 1207
208 222 759 1 227 840
209 542 1035 1 553 1077
210 552 1110 1 566 1148
211 61 1166 1 88 1212
212 527 1157 1 546 1197
213 43 954 1 62 1015
214 276 1149 1 299 1203
215 661 1022 1 666 1053
216 269 1202 1 294 1260
217 578 940 1 582 981
218 666 1041 1 673 1072
219 500 1220 1 522 1260
220 521 892 1 526 939
221 645 891 1 645 929
222 605 1200 1 621 1227
223 636 1133 1 647 1160
224 550 875 1 554 922
225 484 1063 1 498 1110
226 522 1095 1 536 1135
227 137 196 1 114 287
228 521 1041 1 532 1083
229 110 948 1 126 1009
230 207 436 1 196 519
231 497 1089 1 512 1133
232 476 1166 1 497 1214
233 527 1117 1 543 1157
234 476 1037 1 490 1087
235 576 1077 1 587 1112
236 439 1078 1 454 1126
237 552 1089 1 565 1127
238 589 997 1 595 1034
239 106 1216 1 135 1260
240 581 857 1 582 903
241 496 927 1 503 975
242 583 1158 1 598 1190
243 212 1002 1 230 1084
244 619 933 1 623 971
245 674 979 1 677 1012
246 558 1221 1 579 1257
247 527 857 1 530 904
248 73 881 1 87 944
249 238 623 1 236 704
250 527 995 1 536 1037
251 554 1008 1 563 1048
252 576 1060 1 586 1096
253 659 1134 1 670 1160
254 522 1181 1 542 1220
255 645 1008 1 650 1041
256 496 1069 1 510 1113
257 266 1098 1 287 1163
258 540 1117 1 555 1156
259 606 1224 1 623 1251
260 281 1035 1 298 1099
261 602 1023 1 608 1058
262 485 1208 1 508 1254
263 635 1165 1 647 1191
264 618 1081 1 627 1112
265 480 966 1 490 1016
266 204 717 1 207 799
267 675 1163 1 686 1187
268 619 1091 1 629 1121
269 504 938 1 511 986
270 585 1209 1 603 1239
271 497 1043 1 510 1088
272 647 1029 1 653 1060
273 592 1123 1 604 1155
274 541 890 1 544 935
275 494 885 1 500 938
276 227 771 1 233 852
277 579 976 1 585 1014
278 401 747 1 405 819
279 499 977 1 509 1023
280 629 998 1 635 1032
281 164 795 1 172 879
282 613 1045 1 621 1077
283 675 1206 1 689 1229
284 472 936 1 481 991
285 596 905 1 599 946
286 662 1001 1 667 1033
287 615 1100 1 625 1131
288 184 721 1 187 805
289 633 1235 1 650 1260
290 614 1056 1 622 1088
291 572 915 1 576 957
292 256 1064 1 275 1126
293 322 1066 1 339 1125
294 176 381 1 163 467
295 98 1027 1 118 1075
296 635 915 1 636 953
297 466 892 1 473 947
298 645 1241 1 661 1265
299 561 1127 1 576 1164
300 116 993 1 134 1047
301 680 1063 1 687 1095
302 599 874 1 600 917
303 130 806 1 139 873
304 662 1192 1 676 1217
305 503 1011 1 513 1057
306 505 950 1 513 996
307 100 1136 1 125 1183
308 556 1073 1 568 1111
309 587 1103 1 598 1136
310 584 915 1 586 957
311 471 1191 1 494 1240
312 544 987 1 551 1029
313 628 1022 1 634 1055
314 205 730 1 208 812
315 285 885 1 297 961
316 512 990 1 521 1035
317 453 1224 1 480 1279
318 519 963 1 527 1007
319 454 989 1 468 1043
320 445 1192 1 468 1247
321 649 1158 1 661 1184
322 602 1140 1 615 1169
323 592 1077 1 601 1110
324 421 1085 1 441 1154
325 308 600 1 303 676
326 614 1019 1 621 1053
327 664 944 1 666 978
328 75 1089 1 100 1136
329 268 1066 1 287 1128
330 106 700 1 108 786
331 292 1022 1 308 1083
332 632 1147 1 644 1174
333 226 739 1 230 820
334 401 722 1 403 792
335 109 1049 1 129 1098
336 90 1144 1 116 1193
337 496 1157 1 515 1201
338 556 1063 1 568 1101
339 639 1122 1 649 1150
340 431 715 1 432 780
341 123 846 1 134 911
342 629 1086 1 638 1116
343 313 1040 1 329 1101
344 115 903 1 128 954
345 142 159 1 118 250
346 91 1103 1 116 1151
347 518 1204 1 540 1244
348 665 1202 1 678 1225
349 295 727 1 299 804
350 230 712 1 233 792
351 499 917 1 505 965
352 29 1052 1 53 1106
353 31 935 1 48 996
354 454 1144 1 476 1197
355 419 353 1 400 426
356 197 307 1 180 393
357 52 967 1 70 1024
358 606 912 1 609 953
359 492 1167 1 511 1212
360 672 997 1 676 1030
361 571 1010 1 578 1048
362 492 965 1 501 1012
363 137 916 1 151 977
364 522 1005 1 532 1047
365 541 1104 1 555 1142
366 106 811 1 116 879
367 647 1195 1 661 1220
368 569 1226 1 588 1257
369 646 966 1 650 1001
370 455 708 1 454 773
371 416 683 1 415 749
372 612 1153 1 625 1181
373 503 1129 1 521 1172
374 637 1097 1 646 1126
375 256 1104 1 276 1171
376 670 1141 1 681 1166
377 510 1089 1 525 1132
378 313 678 1 314 755
379 206 287 1 188 373
380 645 1045 1 652 1075
381 487 943 1 496 991
382 183 735 1 187 818
383 669 1131 1 679 1157
384 137 836 1 148 897
385 541 1157 1 558 1195
386 555 959 1 561 1000
387 661 1226 1 676 1249
388 62 1223 1 93 1264
389 103 1081 1 126 1128
390 550 1123 1 565 1161
391 245 450 1 234 532
392 261 905 1 273 982
393 597 1087 1 608 1120
394 340 599 1 337 675
395 633 1198 1 648 1223
396 225 1140 1 248 1194
397 675 1196 1 688 1219
398 606 995 1 612 1031
399 479 1139 1 499 1188
400 546 1077 1 558 1117
401 541 1045 1 551 1086
402 362 453 1 351 529
403 232 762 1 237 841
404 39 999 1 60 1054
405 249 462 1 239 543
406 249 302 1 231 385
407 618 1117 1 629 1146
408 602 965 1 606 1002
409 385 599 1 381 672
410 250 477 1 242 559
411 209 251 1 189 337
412 293 619 1 291 697
413 135 1165 1 160 1228
414 597 1210 1 613 1238
415 309 231 1 286 312
416 221 270 1 202 354
417 220 446 1 209 528
418 491 1122 1 509 1167
419 507 1204 1 528 1246
420 635 938 1 638 976
421 588 1137 1 601 1169
422 422 1189 1 447 1246
423 676 1106 1 685 1133
424 248 998 1 264 1049
425 565 1026 1 573 1062
426 405 853 1 414 923
427 117 1225 1 146 1263
428 576 786 1 575 834
429 612 1190 1 627 1217
430 386 629 1 383 701
431 47 1056 1 70 1108
432 502 1231 1 525 1273
433 258 1214 1 284 1270
434 378 569 1 372 643
435 285 1045 1 302 1108
436 534 1217 1 554 1254
437 36 800 1 43 890
438 401 318 1 381 392
439 477 898 1 483 950
440 351 799 1 358 873
441 339 496 1 331 573
442 592 1011 1 599 1047
443 485 888 1 491 939
444 287 601 1 285 680
445 210 409 1 198 492
446 535 1138 1 552 1177
447 285 856 1 296 933
448 226 314 1 209 397
449 664 1087 1 673 1116
450 30 1110 1 56 1164
451 664 1122 1 674 1149
452 352 723 1 355 797
453 575 1126 1 589 1160
454 126 777 1 133 846
455 440 1153 1 462 1208
456 574 891 1 577 935
457 321 793 1 327 869
458 269 966 1 284 1044
459 633 972 1 637 1008
460 340 576 1 335 652
461 280 326 1 262 406
462 523 984 1 532 1027
