0 217 567 1 205 635
1 213 612 1 203 680
2 201 751 1 198 819
3 206 672 1 201 740
4 200 577 1 188 647
5 229 824 1 230 890
6 183 923 1 189 992
7 218 557 1 207 625
8 205 527 1 192 595
9 223 905 1 228 972
10 251 525 1 237 592
11 230 810 1 230 877
12 222 515 1 207 584
13 194 618 1 185 688
14 240 683 1 234 750
15 217 577 1 206 646
16 48 806 1 49 882
17 206 695 1 201 764
18 206 512 1 192 581
19 689 1185 1 692 1196
20 240 671 1 234 738
21 221 915 1 228 982
22 238 695 1 232 762
23 201 737 1 198 806
24 542 1060 1 546 1089
25 39 852 1 42 929
26 243 627 1 235 694
27 185 822 1 186 891
28 632 1012 1 630 1033
29 227 840 1 230 907
30 651 1216 1 657 1227
31 249 556 1 237 623
32 673 1181 1 678 1192
33 654 1101 1 654 1117
34 208 1021 1 220 1089
35 196 599 1 186 668
36 203 545 1 191 615
37 507 1174 1 519 1204
38 519 1184 1 531 1211
39 216 544 1 203 613
40 551 1216 1 562 1238
41 614 1181 1 620 1196
42 171 822 1 172 890
43 227 1098 1 241 1137
44 221 925 1 228 993
45 203 722 1 199 790
46 241 657 1 234 724
47 353 988 1 362 1048
48 627 1157 1 631 1172
49 585 1014 1 585 1039
50 82 1052 1 99 1089
51 67 1109 1 88 1144
52 524 1161 1 535 1189
53 491 1221 1 507 1255
54 560 887 1 556 921
55 671 1105 1 672 1119
56 141 201 1 111 277
57 214 464 1 196 535
58 188 678 1 182 747
59 238 1063 1 249 1105
60 617 947 1 612 974
61 297 988 1 307 1051
62 626 983 1 623 1007
63 464 696 1 455 748
64 129 197 1 99 274
65 620 1004 1 618 1027
66 144 186 1 113 263
67 189 657 1 182 726
68 173 792 1 173 861
69 103 708 1 99 783
70 601 1215 1 610 1230
71 616 965 1 613 990
72 182 720 1 178 789
73 663 1213 1 669 1223
74 478 1240 1 496 1274
75 518 1076 1 524 1105
76 607 1224 1 616 1240
77 544 1010 1 545 1039
78 624 1098 1 626 1116
79 155 495 1 141 568
80 636 1036 1 633 1056
81 88 1234 1 112 1263
82 631 1245 1 640 1256
83 566 1010 1 566 1036
84 684 1100 1 684 1114
85 164 869 1 168 939
86 603 994 1 601 1018
87 225 871 1 229 938
88 531 1051 1 535 1079
89 603 1143 1 608 1160
90 561 1242 1 574 1262
91 618 1203 1 625 1216
92 73 1164 1 95 1196
93 173 401 1 153 474
94 282 1219 1 300 1262
95 647 1013 1 645 1034
96 639 1220 1 646 1231
97 592 891 1 587 922
98 630 1205 1 636 1217
99 132 186 1 101 264
100 329 988 1 339 1049
101 196 695 1 191 764
102 217 770 1 215 837
103 558 939 1 555 969
104 542 994 1 542 1023
105 628 1025 1 626 1045
106 260 1224 1 278 1266
107 253 502 1 238 569
108 625 1173 1 631 1188
109 667 1250 1 675 1258
110 584 1165 1 591 1184
111 522 1207 1 535 1235
112 32 1082 1 51 1123
113 639 987 1 636 1011
114 111 1141 1 130 1173
115 576 875 1 571 909
116 620 1139 1 625 1158
117 477 1250 1 495 1284
118 590 927 1 586 956
119 613 1091 1 616 1111
120 638 1209 1 646 1220
121 516 1085 1 523 1115
122 673 1092 1 673 1107
123 583 1226 1 594 1243
124 600 951 1 596 978
125 79 1121 1 99 1155
126 695 1101 1 697 1118
127 206 495 1 190 566
128 544 1104 1 551 1130
129 233 764 1 232 831
130 595 1224 1 603 1240
131 630 1068 1 632 1089
132 105 1161 1 127 1192
133 599 1121 1 603 1140
134 287 1057 1 299 1107
135 642 1137 1 645 1152
136 589 1026 1 590 1050
137 668 1117 1 669 1131
138 91 1037 1 106 1074
139 573 961 1 571 989
140 170 1201 1 189 1237
141 621 1078 1 621 1096
142 687 1079 1 686 1097
143 608 976 1 605 1001
144 213 1255 1 234 1286
145 211 476 1 195 546
146 520 1005 1 522 1036
147 264 1063 1 275 1113
148 684 1050 1 682 1068
149 219 1203 1 237 1236
150 505 1225 1 521 1256
151 72 1096 1 90 1132
152 695 1147 1 697 1160
153 562 1180 1 572 1204
154 662 1136 1 664 1149
155 670 1061 1 669 1078
156 504 1023 1 508 1055
157 674 1141 1 676 1154
158 640 1105 1 642 1122
159 652 1116 1 653 1131
160 92 785 1 91 860
161 474 1169 1 488 1206
162 467 1231 1 485 1267
163 676 1081 1 675 1096
164 533 1210 1 546 1234
165 609 919 1 604 948
166 673 1202 1 678 1212
167 239 1104 1 254 1141
168 496 1011 1 500 1046
169 497 1203 1 512 1235
170 674 1212 1 679 1222
171 490 1140 1 502 1175
172 217 433 1 198 503
173 644 1061 1 644 1080
174 599 1054 1 599 1077
175 305 617 1 295 680
176 590 965 1 587 992
177 474 1182 1 489 1220
178 108 1124 1 127 1158
179 586 1242 1 596 1258
180 116 974 1 126 1021
181 605 941 1 601 968
182 615 1036 1 615 1058
183 408 779 1 406 835
184 35 1052 1 54 1093
185 635 1000 1 632 1023
186 452 1190 1 469 1231
187 577 950 1 574 978
188 352 748 1 349 808
189 573 1076 1 576 1100
190 130 1238 1 153 1262
191 578 981 1 577 1007
192 544 938 1 543 969
193 456 1200 1 473 1241
194 226 744 1 223 811
195 659 1084 1 659 1100
196 545 1051 1 549 1079
197 87 764 1 86 839
198 206 1148 1 221 1200
199 542 1176 1 552 1201
200 519 1196 1 531 1224
201 676 1192 1 680 1203
202 491 1245 1 508 1276
203 662 1168 1 666 1181
204 26 1034 1 44 1075
205 144 942 1 151 989
206 185 695 1 180 765
207 598 983 1 596 1009
208 119 194 1 89 272
209 486 1191 1 500 1225
210 587 1206 1 596 1223
211 229 774 1 228 841
212 600 1023 1 600 1047
213 215 1008 1 226 1075
214 553 1062 1 556 1089
215 563 1138 1 571 1161
216 63 1201 1 87 1233
217 56 1039 1 72 1078
218 538 1186 1 550 1211
219 47 982 1 60 1029
220 673 1049 1 672 1066
221 122 984 1 131 1026
222 680 1070 1 678 1086
223 270 1218 1 289 1260
224 583 1076 1 585 1098
225 509 1248 1 525 1274
226 531 915 1 530 949
227 657 915 1 650 940
228 649 1164 1 653 1177
229 560 898 1 557 931
230 493 1088 1 501 1121
231 144 211 1 114 287
232 123 1140 1 140 1169
233 96 1060 1 113 1095
234 214 450 1 196 519
235 507 1115 1 516 1145
236 538 1144 1 547 1171
237 485 1061 1 493 1097
238 113 713 1 109 787
239 588 1105 1 591 1126
240 448 1104 1 457 1138
241 563 1116 1 569 1140
242 109 1253 1 134 1281
243 591 879 1 585 912
244 506 951 1 506 985
245 595 1189 1 603 1206
246 488 1171 1 502 1207
247 631 957 1 627 983
248 687 1005 1 683 1025
249 531 1069 1 536 1096
250 569 1253 1 583 1272
251 617 1232 1 627 1245
252 245 638 1 237 704
253 614 1171 1 620 1186
254 537 1020 1 540 1049
255 565 1034 1 567 1061
256 587 1087 1 591 1109
257 672 1165 1 676 1177
258 451 693 1 444 747
259 657 1035 1 655 1054
260 273 1121 1 288 1171
261 551 1144 1 559 1169
262 33 962 1 46 1011
263 285 1176 1 301 1216
264 613 1050 1 613 1072
265 648 1197 1 653 1208
266 630 1110 1 632 1127
267 490 989 1 492 1025
268 295 1095 1 309 1148
269 211 732 1 208 800
270 689 1195 1 692 1204
271 219 1018 1 230 1086
272 57 911 1 66 958
273 632 1121 1 634 1137
274 514 962 1 515 996
275 598 1241 1 608 1256
276 584 938 1 580 967
277 660 1057 1 659 1074
278 604 1153 1 609 1171
279 551 914 1 547 945
280 503 906 1 503 946
281 234 786 1 234 853
282 232 1168 1 248 1208
283 590 1002 1 589 1026
284 409 763 1 406 820
285 508 1069 1 514 1099
286 509 1002 1 512 1034
287 642 1024 1 640 1045
288 494 1234 1 511 1266
289 171 811 1 172 880
290 32 1142 1 54 1182
291 690 1240 1 695 1247
292 481 958 1 483 999
293 608 928 1 603 957
294 675 1027 1 672 1046
295 77 1109 1 97 1143
296 628 1130 1 630 1146
297 121 1022 1 134 1063
298 191 737 1 188 806
299 693 1091 1 693 1109
300 262 1086 1 276 1136
301 428 1102 1 442 1157
302 114 1004 1 124 1048
303 480 1218 1 497 1251
304 683 1060 1 681 1076
305 183 396 1 163 468
306 646 939 1 641 964
307 475 914 1 475 955
308 610 897 1 604 926
309 136 828 1 139 883
310 676 1225 1 682 1234
311 513 1036 1 516 1068
312 515 974 1 516 1006
313 501 990 1 504 1022
314 567 1101 1 572 1125
315 599 1132 1 603 1151
316 595 939 1 590 968
317 669 1071 1 668 1088
318 555 1013 1 555 1041
319 640 1049 1 639 1068
320 212 746 1 209 813
321 292 901 1 298 963
322 522 1016 1 524 1046
323 529 988 1 531 1018
324 463 1011 1 470 1051
325 663 1190 1 667 1201
326 603 1105 1 606 1125
327 536 878 1 534 913
328 315 615 1 304 677
329 626 1046 1 626 1066
330 677 969 1 671 990
331 275 1088 1 288 1137
332 646 1179 1 650 1191
333 233 754 1 231 821
334 408 738 1 404 794
335 93 1176 1 115 1211
336 453 1217 1 471 1257
337 112 833 1 115 889
338 506 1184 1 518 1214
339 567 1091 1 572 1115
340 300 1045 1 309 1092
341 652 1152 1 655 1166
342 438 731 1 433 784
343 641 1116 1 643 1132
344 320 1063 1 331 1110
345 150 174 1 119 250
346 95 1136 1 115 1170
347 529 1233 1 544 1258
348 679 1236 1 685 1243
349 462 1249 1 482 1289
350 303 742 1 299 805
351 237 727 1 234 793
352 463 1168 1 478 1207
353 426 368 1 401 427
354 205 322 1 180 393
355 56 996 1 69 1040
356 618 937 1 614 964
357 501 1193 1 515 1225
358 685 1024 1 682 1043
359 582 1036 1 583 1061
360 577 1139 1 584 1161
361 532 1030 1 535 1059
362 551 1131 1 559 1156
363 625 973 1 622 998
364 552 1170 1 561 1194
365 660 1228 1 667 1238
366 658 992 1 655 1014
367 463 724 1 456 776
368 424 700 1 416 752
369 625 1184 1 630 1198
370 513 1156 1 524 1185
371 650 1127 1 652 1142
372 684 1172 1 687 1183
373 520 1116 1 529 1144
374 320 694 1 314 756
375 214 302 1 188 373
376 658 1073 1 658 1090
377 497 966 1 499 1001
378 265 1241 1 286 1283
379 190 750 1 188 819
380 683 1162 1 686 1173
381 143 861 1 148 909
382 552 1185 1 562 1209
383 566 984 1 565 1012
384 623 1088 1 624 1107
385 150 1234 1 172 1258
386 561 1152 1 569 1175
387 252 465 1 235 533
388 135 1170 1 155 1219
389 268 921 1 273 984
390 610 1116 1 613 1134
391 348 614 1 338 676
392 646 1231 1 654 1241
393 446 1206 1 464 1247
394 49 1090 1 68 1126
395 689 1229 1 695 1237
396 617 1022 1 617 1044
397 113 1080 1 128 1116
398 557 1105 1 562 1130
399 552 1071 1 555 1098
400 369 468 1 351 529
401 239 777 1 238 843
402 257 476 1 239 544
403 256 316 1 231 385
404 630 1147 1 634 1162
405 63 1183 1 86 1213
406 613 990 1 611 1015
407 393 614 1 382 673
408 258 492 1 243 559
409 216 266 1 189 337
410 300 634 1 291 697
411 316 246 1 287 313
412 270 290 1 242 359
413 513 896 1 511 934
414 283 1236 1 303 1285
415 229 284 1 202 355
416 227 460 1 210 529
417 501 1148 1 513 1179
418 517 1232 1 532 1259
419 647 963 1 642 987
420 480 1104 1 488 1136
421 430 1214 1 449 1256
422 690 1137 1 692 1149
423 255 1024 1 265 1063
424 576 1053 1 578 1076
425 412 869 1 415 925
426 587 807 1 578 842
427 625 1222 1 633 1234
428 393 644 1 384 702
429 385 584 1 373 644
430 292 1067 1 303 1117
431 545 1248 1 558 1269
432 42 816 1 44 892
433 408 334 1 381 394
434 325 614 1 314 676
435 486 920 1 485 958
436 358 815 1 359 874
437 347 511 1 331 573
438 604 1038 1 604 1060
439 495 930 1 496 968
440 295 616 1 286 681
441 218 423 1 199 493
442 293 872 1 296 935
443 233 329 1 209 398
444 678 1117 1 679 1131
445 678 1152 1 680 1165
446 360 738 1 356 798
447 587 1155 1 593 1175
448 132 800 1 133 855
449 448 1176 1 464 1217
450 585 914 1 581 945
451 328 809 1 328 871
452 275 982 1 284 1046
453 646 998 1 642 1020
454 348 591 1 336 652
455 287 341 1 262 408
456 534 1009 1 535 1038
