0 215 567 1 206 636
1 211 612 1 204 681
2 199 751 1 198 820
3 204 672 1 201 741
4 198 577 1 188 648
5 227 824 1 231 892
6 180 924 1 190 994
7 216 557 1 207 625
8 203 526 1 192 596
9 221 905 1 229 974
10 249 525 1 238 592
11 227 810 1 231 878
12 220 515 1 208 585
13 192 618 1 185 688
14 238 683 1 235 751
15 215 577 1 207 646
16 46 806 1 49 883
17 204 695 1 201 765
18 204 512 1 192 582
19 689 1191 1 705 1216
20 238 671 1 234 739
21 219 916 1 228 984
22 236 695 1 233 763
23 199 737 1 198 807
24 541 1064 1 554 1103
25 36 852 1 42 930
26 242 627 1 235 695
27 182 823 1 186 893
28 631 1016 1 640 1048
29 225 840 1 230 908
30 650 1222 1 670 1249
31 248 556 1 237 624
32 673 1186 1 690 1212
33 653 1106 1 665 1135
34 194 599 1 187 669
35 201 545 1 191 615
36 506 1177 1 526 1219
37 518 1187 1 538 1227
38 214 544 1 204 614
39 549 1220 1 571 1256
40 613 1185 1 631 1216
41 168 822 1 172 892
42 219 926 1 228 995
43 200 721 1 199 791
44 239 657 1 234 725
45 350 988 1 363 1050
46 626 1161 1 642 1191
47 584 1017 1 593 1053
48 490 1225 1 513 1269
49 79 1057 1 99 1110
50 65 1115 1 88 1167
51 523 1164 1 542 1204
52 558 890 1 563 931
53 670 1109 1 684 1137
54 139 200 1 111 277
55 212 464 1 197 535
56 186 678 1 182 748
57 616 950 1 621 987
58 295 988 1 308 1053
59 625 986 1 633 1020
60 462 697 1 458 751
61 127 196 1 99 274
62 619 1008 1 628 1041
63 142 186 1 113 263
64 187 657 1 183 727
65 171 792 1 174 863
66 101 708 1 99 784
67 600 1219 1 620 1250
68 615 968 1 622 1003
69 180 720 1 178 791
70 662 1218 1 681 1245
71 477 1244 1 502 1289
72 279 1222 1 303 1277
73 607 1229 1 627 1261
74 542 1014 1 553 1052
75 153 495 1 141 568
76 635 1040 1 644 1072
77 84 1241 1 113 1289
78 631 1251 1 652 1278
79 564 1013 1 575 1050
80 683 1104 1 696 1132
81 162 869 1 168 941
82 602 997 1 610 1032
83 639 1226 1 658 1252
84 223 871 1 230 940
85 225 1102 1 244 1154
86 530 1054 1 542 1094
87 668 1255 1 688 1280
88 602 1147 1 619 1179
89 517 1078 1 531 1119
90 560 1246 1 583 1281
91 618 1208 1 637 1237
92 170 401 1 153 474
93 69 1102 1 91 1155
94 646 1017 1 655 1049
95 591 893 1 594 932
96 629 1210 1 648 1238
97 130 185 1 102 264
98 327 988 1 340 1051
99 194 695 1 191 765
100 214 770 1 216 839
101 88 1042 1 106 1095
102 557 942 1 562 981
103 540 997 1 549 1036
104 627 1028 1 637 1061
105 251 502 1 238 570
106 624 1178 1 642 1208
107 623 1103 1 636 1133
108 583 1170 1 601 1203
109 521 1211 1 543 1251
110 28 1087 1 50 1144
111 638 990 1 646 1025
112 108 1147 1 131 1197
113 574 877 1 578 919
114 119 1027 1 135 1081
115 645 1068 1 655 1097
116 620 1144 1 636 1177
117 475 1254 1 501 1299
118 103 1168 1 128 1217
119 589 930 1 594 968
120 612 1095 1 626 1128
121 638 1214 1 658 1241
122 515 1088 1 530 1129
123 673 1096 1 685 1124
124 582 1230 1 604 1263
125 599 954 1 605 991
126 76 1126 1 99 1179
127 694 1105 1 708 1134
128 204 495 1 191 566
129 206 1020 1 221 1091
130 543 1108 1 559 1146
131 230 765 1 232 833
132 494 1056 1 507 1099
133 576 954 1 582 991
134 594 1229 1 614 1261
135 70 1171 1 95 1221
136 630 1072 1 642 1105
137 598 1126 1 613 1158
138 285 1059 1 302 1117
139 641 1142 1 656 1171
140 588 1030 1 599 1065
141 667 1121 1 681 1149
142 572 964 1 579 1002
143 167 1207 1 191 1258
144 620 1082 1 632 1114
145 686 1083 1 698 1113
146 607 979 1 614 1014
147 209 476 1 195 547
148 551 1065 1 564 1103
149 518 1008 1 529 1049
150 683 1054 1 693 1084
151 504 1229 1 528 1271
152 694 1151 1 710 1179
153 561 1184 1 580 1221
154 661 1140 1 676 1168
155 670 1065 1 680 1094
156 502 1026 1 515 1068
157 673 1145 1 688 1173
158 640 1109 1 653 1140
159 267 1222 1 292 1276
160 651 1121 1 665 1150
161 89 785 1 92 861
162 531 1247 1 554 1284
163 676 1085 1 686 1114
164 531 1214 1 554 1252
165 608 922 1 613 959
166 673 1207 1 691 1233
167 495 1014 1 506 1058
168 71 1157 1 96 1207
169 496 1207 1 518 1250
170 24 1040 1 43 1096
171 673 1217 1 692 1243
172 215 433 1 199 504
173 109 1134 1 132 1181
174 598 1058 1 609 1093
175 303 617 1 296 681
176 588 967 1 595 1005
177 262 1067 1 278 1124
178 51 969 1 66 1026
179 43 986 1 60 1045
180 596 1193 1 613 1225
181 585 1247 1 606 1279
182 113 977 1 126 1036
183 604 944 1 609 980
184 614 1039 1 624 1073
185 216 1208 1 241 1257
186 472 1173 1 493 1219
187 406 779 1 407 837
188 31 1057 1 53 1113
189 634 1004 1 642 1037
190 450 1193 1 473 1242
191 350 748 1 350 810
192 572 1080 1 585 1115
193 126 1245 1 155 1290
194 577 984 1 585 1020
195 543 941 1 550 981
196 454 1203 1 477 1252
197 224 744 1 223 813
198 658 1088 1 670 1117
199 544 1055 1 557 1093
200 85 764 1 86 840
201 489 1144 1 508 1188
202 203 1150 1 223 1212
203 541 1180 1 560 1217
204 517 1200 1 538 1241
205 675 1197 1 692 1223
206 488 992 1 498 1037
207 489 1248 1 514 1292
208 661 1173 1 678 1201
209 483 975 1 492 1019
210 141 945 1 152 1003
211 183 696 1 180 766
212 596 986 1 604 1022
213 117 193 1 89 272
214 485 1194 1 506 1239
215 586 1211 1 606 1243
216 227 774 1 229 843
217 599 1027 1 609 1062
218 562 1142 1 579 1178
219 60 1207 1 87 1259
220 53 1044 1 71 1099
221 473 1187 1 495 1233
222 536 1190 1 558 1227
223 673 1053 1 683 1082
224 511 1041 1 523 1081
225 118 988 1 132 1043
226 679 1074 1 690 1103
227 582 1080 1 595 1114
228 508 1252 1 533 1292
229 530 918 1 536 959
230 574 1016 1 584 1052
231 656 918 1 659 952
232 649 1168 1 665 1196
233 559 900 1 564 942
234 492 1091 1 507 1134
235 148 1242 1 175 1286
236 142 210 1 114 287
237 119 1146 1 142 1194
238 93 1066 1 114 1117
239 212 450 1 197 520
240 505 1118 1 523 1160
241 484 1064 1 499 1109
242 465 1233 1 490 1280
243 111 713 1 109 788
244 587 1109 1 601 1143
245 446 1107 1 463 1152
246 562 1120 1 577 1156
247 573 1196 1 592 1227
248 590 881 1 592 921
249 505 953 1 513 996
250 487 1174 1 507 1220
251 630 960 1 636 995
252 686 1009 1 694 1039
253 529 1073 1 544 1111
254 617 1237 1 638 1266
255 263 1120 1 280 1178
256 243 638 1 237 705
257 613 1175 1 631 1206
258 536 1024 1 547 1062
259 564 1038 1 575 1075
260 587 1091 1 600 1126
261 672 1170 1 688 1196
262 449 693 1 446 749
263 550 1148 1 567 1186
264 29 966 1 45 1027
265 282 1179 1 304 1232
266 613 1054 1 623 1087
267 647 1202 1 666 1229
268 629 1115 1 643 1145
269 537 1150 1 555 1187
270 293 1098 1 311 1157
271 209 732 1 208 802
272 688 1200 1 705 1225
273 216 1018 1 231 1088
274 54 914 1 66 974
275 631 1125 1 645 1156
276 513 965 1 521 1008
277 597 1246 1 619 1277
278 108 1157 1 132 1205
279 583 941 1 588 979
280 659 1061 1 670 1090
281 603 1157 1 619 1189
282 549 916 1 555 957
283 502 908 1 508 955
284 232 786 1 234 855
285 237 1111 1 257 1159
286 589 1005 1 598 1040
287 407 763 1 407 822
288 506 1072 1 520 1113
289 508 1005 1 519 1046
290 641 1028 1 650 1060
291 493 1238 1 517 1281
292 169 811 1 173 882
293 28 1147 1 53 1204
294 689 1245 1 709 1269
295 479 960 1 488 1008
296 606 931 1 612 969
297 675 1031 1 683 1061
298 75 1116 1 97 1166
299 627 1134 1 641 1165
300 189 737 1 188 807
301 693 1095 1 704 1125
302 260 1089 1 278 1147
303 426 1103 1 444 1162
304 110 1007 1 125 1064
305 479 1221 1 502 1266
306 682 1064 1 692 1093
307 181 395 1 163 468
308 617 940 1 622 976
309 270 1080 1 287 1138
310 646 942 1 650 976
311 473 916 1 480 964
312 619 1218 1 638 1246
313 518 928 1 524 970
314 609 899 1 612 937
315 133 831 1 139 893
316 676 1230 1 695 1256
317 550 1075 1 563 1113
318 656 1038 1 666 1069
319 514 977 1 523 1019
320 500 992 1 511 1035
321 566 1105 1 581 1141
322 598 1136 1 613 1169
323 594 942 1 599 980
324 668 1075 1 679 1104
325 554 1016 1 563 1054
326 639 1053 1 650 1084
327 209 746 1 209 814
328 290 901 1 299 966
329 521 1019 1 531 1059
330 528 991 1 538 1031
331 461 1013 1 475 1061
332 662 1195 1 680 1221
333 602 1109 1 616 1142
334 535 880 1 540 923
335 313 615 1 305 678
336 626 1050 1 636 1082
337 676 973 1 682 1004
338 273 1091 1 290 1148
339 645 1183 1 662 1211
340 231 754 1 231 823
341 406 738 1 405 796
342 90 1182 1 116 1234
343 451 1220 1 475 1269
344 109 835 1 116 899
345 504 1187 1 525 1229
346 566 1094 1 581 1131
347 298 1046 1 312 1103
348 651 1157 1 667 1185
349 437 732 1 435 787
350 640 1120 1 654 1150
351 318 1065 1 334 1120
352 148 173 1 119 250
353 91 1142 1 116 1193
354 104 1124 1 126 1172
355 679 1241 1 698 1266
356 460 1252 1 487 1301
357 301 742 1 300 807
358 235 727 1 235 795
359 462 1170 1 483 1219
360 424 368 1 402 428
361 203 321 1 181 393
362 52 1000 1 69 1058
363 500 1197 1 521 1239
364 684 1027 1 693 1058
365 581 1040 1 592 1076
366 576 1143 1 593 1178
367 531 1034 1 543 1073
368 550 1135 1 567 1172
369 624 976 1 631 1011
370 550 1174 1 570 1211
371 660 1233 1 679 1260
372 658 995 1 665 1028
373 461 725 1 458 779
374 422 700 1 418 756
375 624 1189 1 642 1218
376 512 1160 1 531 1200
377 649 1132 1 663 1161
378 684 1177 1 700 1203
379 518 1119 1 536 1159
380 318 694 1 315 757
381 212 301 1 188 374
382 658 1077 1 669 1107
383 495 969 1 505 1013
384 262 1244 1 289 1299
385 188 750 1 188 821
386 683 1167 1 698 1193
387 140 864 1 149 923
388 550 1190 1 570 1226
389 565 987 1 573 1025
390 622 1092 1 635 1124
391 560 1156 1 578 1192
392 250 465 1 235 533
393 266 921 1 274 987
394 609 1120 1 623 1152
395 346 614 1 338 677
396 646 1236 1 666 1263
397 444 1209 1 468 1259
398 46 1095 1 68 1148
399 689 1235 1 708 1259
400 617 1025 1 626 1059
401 109 1085 1 129 1137
402 261 909 1 269 974
403 434 1237 1 459 1287
404 367 468 1 352 530
405 237 777 1 239 844
406 550 1163 1 568 1200
407 255 476 1 240 544
408 254 316 1 232 386
409 456 1180 1 477 1228
410 630 1152 1 646 1181
411 59 1189 1 86 1239
412 612 994 1 620 1029
413 434 1113 1 450 1158
414 391 614 1 383 674
415 256 492 1 243 560
416 214 265 1 189 337
417 298 634 1 292 699
418 314 246 1 287 313
419 504 1061 1 517 1102
420 267 289 1 243 359
421 511 897 1 516 943
422 280 1238 1 306 1297
423 227 284 1 202 355
424 225 460 1 210 529
425 500 1151 1 519 1194
426 516 1236 1 539 1276
427 646 966 1 652 1000
428 478 1107 1 494 1150
429 429 1216 1 453 1267
430 690 1141 1 704 1168
431 253 1028 1 269 1079
432 575 1057 1 587 1092
433 410 870 1 417 928
434 586 809 1 585 850
435 625 1228 1 644 1256
436 391 644 1 385 704
437 383 584 1 374 645
438 290 1070 1 306 1127
439 544 1253 1 567 1289
440 104 1107 1 126 1159
441 40 816 1 44 893
442 406 334 1 383 394
443 322 613 1 315 677
444 484 922 1 490 967
445 356 815 1 360 876
446 615 1154 1 631 1184
447 345 510 1 332 574
448 494 932 1 501 978
449 293 616 1 286 682
450 216 423 1 199 493
451 290 873 1 297 937
452 232 329 1 210 399
453 677 1121 1 690 1149
454 677 1157 1 693 1184
455 358 738 1 357 800
456 586 1160 1 603 1193
457 129 802 1 134 865
458 446 1179 1 469 1229
459 584 917 1 588 956
460 326 809 1 329 873
461 273 983 1 285 1049
462 645 1002 1 652 1035
463 346 591 1 337 653
464 285 341 1 263 408
465 532 1012 1 543 1052
