0 211 563 1 206 636
1 207 609 1 204 681
2 195 747 1 198 821
3 200 668 1 201 741
4 194 573 1 189 648
5 222 821 1 231 892
6 177 920 1 190 995
7 212 553 1 207 626
8 199 523 1 192 596
9 216 902 1 229 974
10 245 521 1 238 592
11 223 807 1 231 879
12 216 512 1 208 585
13 188 615 1 185 689
14 234 680 1 235 751
15 211 573 1 207 647
16 41 802 1 49 884
17 200 692 1 202 765
18 200 509 1 192 582
19 686 1192 1 707 1221
20 234 668 1 234 739
21 215 912 1 228 985
22 231 692 1 233 763
23 195 734 1 198 808
24 537 1064 1 555 1107
25 32 849 1 42 931
26 238 624 1 235 695
27 178 819 1 186 894
28 629 1016 1 642 1052
29 221 837 1 230 909
30 648 1223 1 671 1254
31 244 552 1 237 624
32 670 1187 1 692 1217
33 650 1107 1 667 1139
34 190 595 1 187 669
35 197 542 1 191 616
36 502 1178 1 527 1223
37 515 1187 1 540 1231
38 210 541 1 204 614
39 546 1221 1 572 1261
40 611 1187 1 633 1220
41 164 819 1 173 892
42 215 922 1 228 995
43 196 718 1 199 791
44 235 654 1 234 725
45 347 985 1 363 1051
46 623 1162 1 644 1196
47 581 1017 1 595 1057
48 486 1224 1 514 1272
49 73 1059 1 99 1116
50 59 1117 1 88 1173
51 519 1164 1 543 1208
52 555 888 1 564 934
53 667 1110 1 685 1141
54 135 196 1 111 277
55 589 1076 1 606 1115
56 208 460 1 197 535
57 182 674 1 182 748
58 291 985 1 308 1054
59 622 986 1 634 1024
60 458 694 1 458 752
61 123 192 1 99 274
62 616 1008 1 629 1045
63 138 181 1 113 263
64 183 653 1 183 727
65 167 788 1 174 863
66 97 705 1 99 784
67 597 1221 1 622 1255
68 612 968 1 623 1007
69 176 717 1 178 791
70 659 1220 1 683 1250
71 473 1243 1 503 1292
72 604 1230 1 629 1265
73 538 1013 1 554 1055
74 149 491 1 141 568
75 632 1041 1 645 1076
76 79 1244 1 113 1296
77 628 1253 1 654 1283
78 613 951 1 623 990
79 580 1232 1 605 1268
80 561 1013 1 576 1053
81 566 1234 1 592 1270
82 599 998 1 611 1036
83 681 1105 1 697 1136
84 158 866 1 169 941
85 82 1044 1 106 1100
86 636 1227 1 660 1257
87 219 868 1 230 940
88 220 1102 1 244 1158
89 527 1054 1 544 1097
90 599 1148 1 620 1183
91 513 1077 1 532 1123
92 557 1247 1 584 1285
93 615 1209 1 638 1242
94 166 397 1 153 474
95 63 1104 1 91 1160
96 644 1017 1 656 1053
97 587 892 1 595 935
98 626 1211 1 649 1243
99 126 181 1 102 264
100 323 985 1 340 1052
101 190 692 1 192 765
102 210 766 1 216 839
103 198 1150 1 223 1214
104 554 941 1 564 984
105 537 997 1 551 1039
106 624 1029 1 638 1065
107 247 498 1 239 570
108 621 1180 1 644 1212
109 620 1103 1 638 1137
110 580 1170 1 603 1207
111 517 1212 1 544 1255
112 665 1255 1 690 1285
113 636 990 1 647 1028
114 102 1150 1 131 1203
115 571 876 1 579 921
116 114 1029 1 135 1086
117 642 1068 1 657 1101
118 617 1145 1 637 1181
119 472 1253 1 502 1302
120 97 1170 1 128 1223
121 586 929 1 595 971
122 610 1096 1 627 1132
123 635 1216 1 660 1246
124 512 1088 1 532 1133
125 670 1097 1 687 1129
126 595 953 1 606 994
127 692 1106 1 709 1138
128 200 492 1 191 566
129 540 1108 1 560 1150
130 226 761 1 232 833
131 490 1055 1 508 1102
132 572 953 1 583 994
133 591 1231 1 616 1266
134 64 1173 1 95 1227
135 627 1073 1 644 1109
136 595 1127 1 615 1162
137 95 1233 1 128 1281
138 24 1089 1 50 1149
139 638 1143 1 658 1176
140 585 1030 1 600 1068
141 664 1122 1 683 1153
142 569 964 1 580 1005
143 618 1083 1 633 1118
144 684 1084 1 699 1117
145 604 979 1 615 1018
146 206 473 1 196 547
147 547 1065 1 565 1107
148 515 1007 1 530 1052
149 681 1054 1 695 1087
150 500 1229 1 529 1275
151 692 1153 1 711 1183
152 558 1185 1 582 1225
153 659 1142 1 678 1173
154 667 1065 1 682 1098
155 499 1026 1 516 1071
156 670 1147 1 689 1177
157 637 1110 1 655 1144
158 648 1122 1 666 1154
159 85 781 1 92 861
160 527 1247 1 555 1288
161 673 1086 1 688 1118
162 528 1215 1 555 1256
163 605 921 1 614 962
164 670 1208 1 692 1238
165 491 1013 1 507 1061
166 65 1159 1 96 1213
167 492 1207 1 519 1253
168 275 1224 1 304 1280
169 280 1179 1 305 1235
170 671 1219 1 694 1248
171 211 429 1 199 504
172 103 1136 1 132 1187
173 595 1059 1 610 1097
174 299 613 1 296 681
175 585 967 1 596 1008
176 257 1066 1 278 1126
177 45 969 1 65 1030
178 37 986 1 60 1050
179 576 930 1 585 972
180 593 1194 1 615 1230
181 582 1249 1 608 1284
182 281 1059 1 302 1119
183 103 1007 1 125 1068
184 601 943 1 611 983
185 611 1040 1 626 1077
186 211 1209 1 241 1262
187 468 1172 1 494 1222
188 71 1128 1 99 1184
189 402 776 1 408 838
190 348 418 1 333 480
191 25 1058 1 53 1118
192 631 1004 1 644 1041
193 447 1192 1 474 1245
194 346 744 1 351 810
195 121 1248 1 155 1297
196 574 984 1 586 1024
197 535 1190 1 559 1231
198 540 941 1 551 984
199 450 1202 1 478 1255
200 220 741 1 223 813
201 656 1089 1 672 1122
202 541 1055 1 558 1096
203 81 760 1 87 840
204 485 1143 1 509 1191
205 537 1180 1 561 1221
206 514 1200 1 540 1244
207 672 1199 1 694 1228
208 484 991 1 499 1039
209 486 1248 1 515 1295
210 659 1175 1 679 1205
211 569 1080 1 586 1119
212 479 974 1 493 1022
213 136 945 1 153 1006
214 179 692 1 181 767
215 593 986 1 606 1026
216 113 189 1 89 272
217 145 1149 1 173 1197
218 24 967 1 45 1031
219 481 1194 1 507 1243
220 583 1212 1 607 1248
221 223 771 1 229 843
222 596 1027 1 610 1065
223 559 1142 1 581 1182
224 54 1211 1 87 1265
225 47 1045 1 71 1104
226 469 1186 1 496 1236
227 537 1140 1 558 1180
228 670 1053 1 685 1086
229 507 1040 1 524 1084
230 113 988 1 132 1047
231 676 1074 1 692 1107
232 579 1080 1 596 1118
233 505 1252 1 534 1296
234 527 917 1 537 962
235 570 1015 1 585 1056
236 653 918 1 661 955
237 646 1170 1 667 1201
238 556 899 1 565 944
239 488 1091 1 508 1137
240 138 206 1 114 287
241 113 1149 1 142 1200
242 88 1069 1 114 1123
243 209 446 1 197 520
244 502 1118 1 524 1163
245 480 1063 1 499 1112
246 461 1232 1 491 1283
247 107 709 1 109 788
248 583 1109 1 602 1147
249 442 1107 1 464 1155
250 559 1121 1 579 1160
251 108 978 1 126 1040
252 570 1196 1 594 1232
253 502 952 1 514 999
254 587 880 1 593 924
255 48 915 1 66 978
256 483 1174 1 508 1223
257 627 960 1 637 998
258 142 1246 1 175 1292
259 684 1009 1 695 1043
260 526 1073 1 545 1114
261 614 1239 1 640 1271
262 258 1118 1 281 1181
263 239 634 1 238 706
264 611 1177 1 633 1210
265 533 1024 1 548 1066
266 561 1038 1 577 1079
267 584 1092 1 602 1130
268 669 1171 1 690 1201
269 445 690 1 447 750
270 547 1148 1 569 1190
271 610 1055 1 624 1091
272 645 1204 1 667 1234
273 627 1115 1 645 1149
274 533 1150 1 556 1191
275 289 1097 1 312 1159
276 205 729 1 208 802
277 686 1201 1 707 1230
278 628 1126 1 647 1160
279 509 965 1 522 1011
280 594 1248 1 620 1282
281 102 1159 1 132 1211
282 580 940 1 590 982
283 111 934 1 128 990
284 656 1061 1 671 1094
285 600 1159 1 621 1194
286 546 916 1 556 960
287 498 907 1 509 957
288 228 783 1 235 855
289 594 1138 1 614 1173
290 586 1005 1 599 1044
291 403 760 1 407 822
292 503 1072 1 521 1117
293 505 1005 1 520 1049
294 638 1028 1 652 1064
295 489 1238 1 518 1285
296 165 808 1 173 882
297 687 1247 1 711 1274
298 476 959 1 489 1011
299 604 931 1 613 972
300 672 1031 1 685 1065
301 69 1118 1 97 1172
302 185 733 1 188 807
303 690 1096 1 706 1129
304 398 578 1 389 627
305 256 1088 1 279 1149
306 423 1101 1 444 1162
307 475 1221 1 503 1269
308 679 1064 1 694 1097
309 177 391 1 164 468
310 613 939 1 624 979
311 265 1078 1 287 1140
312 643 941 1 652 980
313 470 915 1 481 966
314 616 1219 1 640 1251
315 514 927 1 525 973
316 606 898 1 613 940
317 115 910 1 131 971
318 673 1231 1 697 1260
319 546 1075 1 564 1117
320 653 1038 1 667 1073
321 510 976 1 524 1022
322 497 992 1 512 1038
323 481 921 1 491 970
324 563 1105 1 582 1145
325 591 942 1 600 983
326 665 1076 1 681 1109
327 550 1016 1 564 1058
328 636 1053 1 651 1088
329 205 742 1 209 815
330 286 898 1 299 966
331 517 1018 1 532 1063
332 525 990 1 539 1034
333 457 1012 1 475 1063
334 659 1196 1 682 1226
335 599 1110 1 618 1147
336 532 879 1 541 925
337 309 611 1 305 678
338 623 1050 1 638 1086
339 673 973 1 683 1008
340 128 831 1 140 895
341 269 1090 1 291 1150
342 642 1185 1 664 1216
343 227 751 1 232 823
344 402 735 1 406 796
345 85 1184 1 116 1240
346 448 1219 1 476 1272
347 104 834 1 116 902
348 500 1187 1 526 1233
349 563 1095 1 582 1135
350 168 1195 1 198 1245
351 649 1158 1 669 1190
352 433 729 1 436 788
353 161 1208 1 192 1263
354 638 1121 1 656 1154
355 314 1064 1 334 1123
356 93 1140 1 122 1191
357 144 169 1 119 250
358 98 1126 1 126 1178
359 676 1243 1 700 1271
360 456 1251 1 487 1304
361 296 739 1 300 807
362 231 724 1 235 795
363 495 1003 1 511 1050
364 458 1170 1 484 1221
365 420 365 1 403 428
366 232 1161 1 259 1214
367 199 318 1 181 394
368 46 1001 1 69 1062
369 496 1196 1 522 1243
370 681 1028 1 694 1061
371 578 1040 1 593 1079
372 573 1144 1 595 1182
373 528 1034 1 544 1077
374 547 1136 1 568 1176
375 621 976 1 633 1014
376 547 1175 1 571 1215
377 657 1235 1 681 1265
378 655 995 1 666 1031
379 457 722 1 459 780
380 418 697 1 419 757
381 622 1191 1 643 1223
382 508 1160 1 533 1204
383 646 1133 1 665 1165
384 681 1178 1 702 1208
385 515 1119 1 537 1162
386 314 690 1 315 757
387 208 298 1 189 374
388 655 1078 1 671 1111
389 492 968 1 506 1015
390 258 1244 1 289 1302
391 184 747 1 188 821
392 680 1168 1 700 1198
393 136 864 1 149 926
394 547 1190 1 571 1230
395 562 987 1 574 1028
396 619 1092 1 636 1128
397 557 1157 1 579 1196
398 247 461 1 236 533
399 262 918 1 275 988
400 606 1121 1 625 1156
401 342 610 1 339 677
402 643 1238 1 668 1268
403 440 1208 1 469 1261
404 40 1097 1 68 1154
405 686 1236 1 710 1264
406 614 1026 1 628 1063
407 103 1087 1 129 1142
408 257 905 1 269 975
409 430 1236 1 460 1290
410 24 1149 1 53 1209
411 364 464 1 353 530
412 233 773 1 239 845
413 546 1163 1 569 1204
414 251 473 1 240 544
415 251 312 1 232 386
416 452 1179 1 478 1231
417 627 1153 1 647 1186
418 53 1193 1 86 1245
419 609 994 1 622 1032
420 430 1112 1 451 1162
421 387 611 1 383 674
422 252 488 1 243 560
423 211 261 1 190 337
424 639 1153 1 658 1185
425 294 630 1 292 699
426 599 1171 1 620 1205
427 311 242 1 287 313
428 500 1060 1 518 1106
429 264 286 1 243 359
430 508 896 1 517 945
431 276 1237 1 306 1299
432 223 280 1 203 355
433 221 457 1 210 530
434 496 1151 1 520 1197
435 512 1237 1 541 1280
436 643 966 1 653 1003
437 474 1106 1 495 1153
438 425 1215 1 454 1270
439 687 1142 1 706 1172
440 249 1028 1 269 1083
441 572 1057 1 588 1096
442 406 866 1 417 928
443 583 808 1 586 853
444 630 938 1 639 977
445 622 1229 1 646 1261
446 387 640 1 385 704
447 316 1037 1 334 1096
448 379 580 1 374 645
449 45 1031 1 69 1090
450 286 1069 1 306 1129
451 540 1254 1 568 1293
452 98 1109 1 126 1164
453 36 812 1 44 894
454 39 1123 1 67 1180
455 403 330 1 383 395
456 319 610 1 315 677
457 352 811 1 360 877
458 612 1155 1 632 1189
459 341 507 1 332 574
460 490 931 1 502 980
461 289 613 1 287 682
462 212 419 1 199 493
463 474 1043 1 492 1091
464 286 869 1 297 938
465 227 325 1 210 399
466 674 1122 1 692 1153
467 114 869 1 127 932
468 675 1158 1 695 1189
469 354 735 1 357 800
470 124 802 1 134 868
471 443 1178 1 469 1231
472 581 916 1 589 958
473 323 806 1 329 873
474 269 980 1 285 1049
475 642 1002 1 654 1038
476 534 1170 1 558 1211
477 281 338 1 263 409
478 529 1012 1 544 1055
