0 204 559 1 206 636
1 200 605 1 204 682
2 189 744 1 199 821
3 194 665 1 202 742
4 187 570 1 189 648
5 218 817 1 231 893
6 172 918 1 190 996
7 205 549 1 208 626
8 192 519 1 193 596
9 212 899 1 230 976
10 238 517 1 238 593
11 219 804 1 232 880
12 209 508 1 208 585
13 181 611 1 186 689
14 228 676 1 236 752
15 204 569 1 207 647
16 36 801 1 49 885
17 194 689 1 202 766
18 193 505 1 193 583
19 690 1200 1 715 1237
20 228 664 1 235 740
21 211 910 1 229 986
22 226 688 1 234 764
23 189 731 1 199 808
24 536 1068 1 560 1118
25 27 848 1 42 932
26 231 620 1 236 696
27 174 817 1 187 895
28 629 1019 1 648 1063
29 216 834 1 231 910
30 651 1232 1 679 1271
31 237 548 1 238 624
32 674 1195 1 699 1233
33 652 1112 1 674 1153
34 183 592 1 187 669
35 190 538 1 192 616
36 502 1182 1 531 1235
37 515 1192 1 544 1243
38 520 1168 1 547 1220
39 203 537 1 204 615
40 547 1228 1 577 1275
41 159 816 1 173 893
42 211 919 1 229 996
43 191 715 1 200 792
44 228 650 1 235 726
45 343 981 1 364 1052
46 581 1021 1 600 1068
47 486 1229 1 517 1283
48 66 1072 1 97 1133
49 622 988 1 639 1034
50 613 1194 1 639 1236
51 553 889 1 568 942
52 670 1116 1 692 1156
53 125 192 1 111 277
54 589 1080 1 611 1127
55 200 456 1 197 535
56 176 671 1 183 749
57 626 1170 1 651 1211
58 599 1228 1 628 1271
59 552 943 1 568 993
60 288 982 1 309 1055
61 51 1132 1 85 1191
62 74 1056 1 104 1117
63 453 690 1 460 754
64 113 188 1 99 274
65 617 1011 1 635 1056
66 128 177 1 113 263
67 177 650 1 183 728
68 162 786 1 174 864
69 91 702 1 99 784
70 612 970 1 628 1017
71 170 714 1 179 792
72 663 1228 1 690 1267
73 473 1247 1 506 1303
74 606 1239 1 635 1282
75 537 1017 1 558 1066
76 142 488 1 142 569
77 633 1045 1 651 1088
78 612 952 1 628 1000
79 581 1239 1 611 1283
80 217 1112 1 244 1172
81 561 1017 1 580 1064
82 586 893 1 599 943
83 567 1241 1 597 1286
84 598 1000 1 616 1047
85 683 1110 1 704 1150
86 154 864 1 169 942
87 639 1236 1 667 1275
88 215 865 1 230 941
89 526 1058 1 548 1108
90 495 1042 1 515 1096
91 600 1154 1 626 1198
92 513 1081 1 536 1134
93 518 1217 1 548 1268
94 617 1217 1 645 1258
95 623 1197 1 650 1238
96 158 393 1 153 474
97 56 1119 1 88 1178
98 214 888 1 230 964
99 644 1020 1 662 1064
100 584 1220 1 613 1263
101 109 1214 1 141 1285
102 116 177 1 102 264
103 320 981 1 341 1054
104 184 689 1 192 766
105 205 763 1 217 840
106 221 1181 1 253 1242
107 557 1252 1 589 1300
108 492 1211 1 523 1265
109 536 1000 1 555 1050
110 625 1033 1 644 1077
111 239 494 1 239 570
112 621 1109 1 644 1151
113 106 996 1 130 1060
114 486 1253 1 519 1307
115 570 876 1 583 928
116 498 1029 1 519 1081
117 643 1073 1 663 1115
118 625 1187 1 650 1228
119 619 1152 1 643 1195
120 91 1187 1 127 1243
121 585 931 1 600 980
122 611 1101 1 633 1145
123 638 1224 1 667 1263
124 511 1092 1 535 1144
125 672 1102 1 694 1143
126 209 1221 1 241 1278
127 595 956 1 611 1004
128 635 992 1 653 1039
129 669 1070 1 688 1111
130 694 1111 1 716 1151
131 193 488 1 191 567
132 221 758 1 233 834
133 489 1058 1 512 1112
134 571 955 1 588 1004
135 594 1239 1 622 1282
136 632 1007 1 649 1052
137 57 1191 1 93 1248
138 628 1078 1 649 1121
139 597 1133 1 621 1176
140 88 1250 1 126 1304
141 640 1150 1 665 1191
142 585 1034 1 605 1080
143 667 1128 1 690 1168
144 568 967 1 585 1015
145 548 1196 1 576 1244
146 686 1089 1 706 1130
147 603 982 1 620 1028
148 63 1144 1 97 1203
149 198 469 1 196 547
150 547 1069 1 570 1118
151 514 1011 1 533 1062
152 682 1058 1 701 1100
153 28 1066 1 59 1131
154 501 1234 1 533 1287
155 583 1178 1 608 1222
156 661 1148 1 685 1188
157 558 1191 1 586 1238
158 695 1158 1 719 1198
159 673 1153 1 697 1192
160 530 1221 1 559 1270
161 639 1116 1 662 1158
162 650 1128 1 673 1169
163 80 779 1 92 861
164 528 1254 1 560 1303
165 96 1165 1 130 1223
166 675 1091 1 695 1132
167 604 923 1 619 971
168 673 1216 1 700 1254
169 58 1175 1 93 1233
170 674 1227 1 701 1265
171 619 1088 1 640 1131
172 203 425 1 199 504
173 596 1063 1 616 1109
174 293 608 1 297 682
175 585 970 1 601 1018
176 254 1069 1 279 1134
177 574 931 1 590 981
178 594 1201 1 620 1245
179 600 945 1 616 993
180 276 1187 1 306 1247
181 612 1044 1 631 1089
182 467 1175 1 497 1232
183 397 772 1 409 839
184 339 415 1 334 483
185 217 1091 1 244 1154
186 674 1205 1 701 1244
187 444 1193 1 476 1253
188 341 740 1 351 811
189 39 1012 1 66 1076
190 46 1230 1 84 1286
191 555 902 1 569 952
192 573 987 1 591 1034
193 535 1195 1 564 1244
194 538 943 1 555 994
195 450 1204 1 481 1263
196 214 738 1 224 814
197 658 1094 1 679 1135
198 540 1059 1 562 1108
199 76 757 1 87 840
200 484 1146 1 512 1201
201 538 1186 1 566 1234
202 514 1205 1 544 1257
203 92 1081 1 122 1136
204 482 993 1 502 1048
205 97 1153 1 131 1207
206 661 1182 1 687 1221
207 569 1084 1 591 1132
208 477 976 1 496 1031
209 659 1064 1 678 1107
210 173 689 1 181 767
211 593 989 1 611 1036
212 103 185 1 89 272
213 510 1165 1 536 1216
214 286 1098 1 313 1166
215 138 1165 1 172 1218
216 481 1198 1 510 1253
217 218 768 1 229 844
218 596 1031 1 616 1077
219 559 1148 1 585 1195
220 39 1058 1 69 1120
221 468 1189 1 498 1245
222 537 1145 1 563 1193
223 572 1204 1 599 1248
224 672 1057 1 691 1099
225 506 1043 1 528 1095
226 489 1015 1 510 1070
227 483 1179 1 511 1233
228 579 1085 1 602 1131
229 525 919 1 541 971
230 570 1019 1 590 1067
231 653 919 1 666 965
232 649 1177 1 674 1217
233 487 1094 1 511 1148
234 128 202 1 115 287
235 107 1165 1 140 1220
236 81 1083 1 112 1141
237 201 442 1 197 520
238 501 1122 1 527 1174
239 40 924 1 63 990
240 479 1065 1 502 1121
241 101 706 1 109 788
242 584 1114 1 608 1160
243 442 1111 1 467 1166
244 559 1126 1 583 1173
245 499 953 1 517 1008
246 110 1153 1 142 1207
247 627 962 1 643 1008
248 685 1012 1 702 1055
249 617 1248 1 646 1288
250 585 880 1 598 931
251 256 1122 1 282 1189
252 233 631 1 238 706
253 613 1184 1 639 1226
254 532 1027 1 552 1076
255 561 1041 1 581 1090
256 584 1096 1 607 1142
257 672 1178 1 697 1217
258 441 686 1 448 751
259 610 1059 1 630 1104
260 648 1212 1 674 1251
261 629 1121 1 651 1163
262 533 1155 1 560 1204
263 199 726 1 209 803
264 689 1209 1 715 1247
265 630 1133 1 654 1175
266 508 967 1 526 1020
267 95 1175 1 130 1231
268 579 942 1 594 992
269 36 979 1 63 1044
270 602 1165 1 627 1208
271 61 1132 1 95 1191
272 496 907 1 512 964
273 223 780 1 235 856
274 595 1143 1 620 1187
275 586 1009 1 604 1055
276 398 756 1 408 824
277 502 1075 1 525 1127
278 503 1008 1 524 1059
279 543 1118 1 567 1166
280 490 1243 1 522 1297
281 160 805 1 173 883
282 579 916 1 594 967
283 474 960 1 491 1018
284 603 932 1 618 981
285 673 1035 1 691 1077
286 409 692 1 420 759
287 179 730 1 189 808
288 693 1101 1 712 1141
289 392 581 1 392 637
290 253 1091 1 280 1158
291 421 1097 1 445 1165
292 475 1224 1 507 1280
293 681 1069 1 701 1110
294 169 388 1 164 468
295 246 1037 1 270 1095
296 613 941 1 629 989
297 483 959 1 500 1017
298 263 1081 1 288 1148
299 695 1255 1 719 1292
300 642 943 1 657 989
301 467 916 1 483 973
302 619 1227 1 646 1268
303 512 928 1 528 982
304 605 899 1 618 948
305 107 917 1 130 983
306 547 1154 1 573 1203
307 677 1240 1 704 1278
308 546 1079 1 569 1128
309 654 1042 1 673 1085
310 478 921 1 494 977
311 563 1110 1 587 1158
312 668 1080 1 688 1122
313 550 1020 1 568 1069
314 456 1013 1 478 1071
315 638 1058 1 657 1101
316 200 739 1 210 815
317 282 895 1 300 968
318 516 1022 1 536 1073
319 524 993 1 543 1044
320 662 1204 1 689 1243
321 624 1237 1 653 1278
322 601 1116 1 624 1160
323 530 879 1 544 933
324 303 607 1 306 679
325 624 1055 1 644 1099
326 674 975 1 690 1019
327 266 1093 1 292 1158
328 278 1153 1 306 1222
329 645 1192 1 671 1232
330 222 748 1 232 824
331 397 731 1 407 798
332 97 841 1 115 910
333 510 978 1 527 1031
334 448 1222 1 479 1281
335 501 1192 1 529 1245
336 564 1100 1 587 1147
337 163 1209 1 197 1264
338 651 1165 1 676 1205
339 428 726 1 437 790
340 428 1117 1 454 1173
341 640 1127 1 663 1168
342 312 1066 1 335 1131
343 86 1156 1 120 1211
344 590 946 1 605 993
345 133 164 1 119 250
346 130 951 1 152 1017
347 91 1141 1 124 1197
348 680 1252 1 708 1289
349 291 735 1 301 808
350 226 720 1 235 796
351 103 945 1 127 1005
352 493 1005 1 514 1059
353 457 1172 1 486 1230
354 615 1031 1 633 1075
355 412 359 1 404 428
356 229 1171 1 259 1229
357 190 314 1 181 394
358 683 1031 1 701 1073
359 574 1149 1 600 1196
360 527 1037 1 548 1088
361 547 1141 1 573 1189
362 621 978 1 638 1025
363 548 1180 1 575 1228
364 661 1244 1 689 1282
365 526 1078 1 549 1126
366 655 998 1 672 1042
367 452 718 1 460 782
368 648 1139 1 672 1180
369 684 1185 1 709 1224
370 515 1123 1 541 1174
371 308 686 1 316 758
372 199 293 1 189 374
373 657 1083 1 677 1124
374 490 970 1 509 1024
375 679 1079 1 698 1120
376 179 744 1 189 822
377 683 1175 1 708 1214
378 129 872 1 148 937
379 561 990 1 579 1039
380 620 1098 1 642 1141
381 558 1162 1 584 1209
382 239 457 1 236 533
383 584 1168 1 609 1213
384 258 916 1 275 990
385 607 1127 1 631 1170
386 336 606 1 339 677
387 646 1247 1 675 1285
388 439 1210 1 471 1270
389 690 1245 1 718 1282
390 252 903 1 270 977
391 277 1141 1 304 1207
392 429 1238 1 462 1299
393 356 459 1 353 530
394 228 770 1 239 846
395 547 1168 1 574 1217
396 243 468 1 241 545
397 242 308 1 232 386
398 451 1181 1 481 1240
399 46 1210 1 83 1266
400 610 997 1 627 1043
401 380 606 1 384 675
402 245 484 1 244 560
403 201 257 1 190 337
404 641 1160 1 665 1200
405 288 626 1 293 699
406 600 1178 1 626 1220
407 301 237 1 288 313
408 499 1064 1 522 1116
409 255 281 1 243 359
410 472 1110 1 498 1164
411 505 897 1 520 952
412 274 1240 1 307 1308
413 214 276 1 203 355
414 214 452 1 211 530
415 326 1045 1 349 1109
416 643 967 1 659 1013
417 424 1217 1 456 1278
418 690 1148 1 713 1187
419 585 839 1 597 890
420 572 1061 1 593 1108
421 402 863 1 418 930
422 580 807 1 590 859
423 629 939 1 644 986
424 382 635 1 386 704
425 313 1039 1 335 1103
426 37 1043 1 66 1106
427 283 1073 1 307 1137
428 92 1123 1 124 1182
429 31 811 1 44 895
430 31 1136 1 65 1198
431 395 325 1 384 395
432 313 605 1 316 678
433 533 1115 1 556 1164
434 614 1161 1 639 1204
435 334 502 1 333 574
436 488 931 1 505 987
437 282 608 1 287 683
438 204 415 1 199 493
439 472 1045 1 495 1100
440 282 866 1 298 939
441 219 320 1 210 399
442 677 1128 1 699 1168
443 392 673 1 397 736
444 107 874 1 126 942
445 678 1165 1 702 1204
446 348 730 1 358 801
447 117 806 1 133 875
448 442 1179 1 472 1240
449 318 802 1 330 874
450 266 977 1 286 1051
451 642 1005 1 660 1049
452 288 1161 1 317 1229
453 535 1175 1 562 1224
454 272 333 1 264 409
455 528 1016 1 548 1066
