0 212 554 1 207 636
1 208 600 1 204 682
2 198 740 1 199 822
3 202 660 1 202 742
4 194 565 1 189 648
5 227 813 1 232 894
6 182 914 1 190 997
7 213 544 1 208 626
8 199 514 1 193 596
9 222 895 1 230 976
10 245 512 1 239 593
11 228 799 1 232 880
12 215 503 1 208 585
13 189 607 1 186 689
14 237 672 1 236 752
15 211 565 1 207 647
16 45 797 1 49 885
17 202 684 1 202 766
18 200 500 1 193 583
19 243 544 1 238 624
20 237 659 1 235 740
21 221 905 1 229 987
22 234 683 1 234 764
23 198 726 1 199 809
24 549 1068 1 562 1126
25 37 844 1 42 932
26 239 615 1 236 696
27 182 812 1 187 895
28 643 1018 1 651 1071
29 226 829 1 231 910
30 666 1234 1 683 1282
31 561 1231 1 580 1285
32 689 1196 1 704 1244
33 668 1114 1 678 1163
34 191 587 1 187 669
35 197 533 1 192 616
36 58 1139 1 83 1204
37 516 1182 1 533 1243
38 528 1192 1 546 1252
39 533 1168 1 549 1228
40 210 532 1 204 615
41 565 888 1 570 947
42 168 812 1 173 894
43 221 915 1 229 997
44 199 710 1 200 792
45 236 645 1 235 726
46 354 976 1 364 1053
47 594 1021 1 603 1075
48 499 1229 1 519 1291
49 74 1078 1 95 1144
50 636 987 1 643 1041
51 462 684 1 461 755
52 628 1197 1 644 1247
53 228 1115 1 244 1181
54 685 1116 1 697 1165
55 129 187 1 111 277
56 603 1080 1 615 1134
57 207 452 1 198 535
58 184 667 1 183 749
59 640 1171 1 655 1221
60 614 1231 1 632 1282
61 565 941 1 570 999
62 298 977 1 309 1056
63 82 1062 1 102 1128
64 631 1010 1 638 1063
65 117 183 1 99 274
66 595 1241 1 615 1294
67 132 172 1 113 263
68 185 646 1 183 728
69 171 781 1 174 864
70 99 698 1 100 784
71 100 1195 1 125 1257
72 625 969 1 631 1024
73 178 710 1 179 792
74 679 1231 1 695 1278
75 621 1242 1 639 1292
76 550 1016 1 561 1073
77 149 484 1 142 569
78 647 1045 1 655 1097
79 625 950 1 631 1006
80 574 1016 1 583 1071
81 598 890 1 602 948
82 582 1243 1 601 1297
83 611 999 1 620 1054
84 163 859 1 169 943
85 654 1239 1 672 1286
86 224 860 1 231 942
87 539 1058 1 550 1116
88 507 1041 1 518 1102
89 615 1156 1 630 1208
90 525 1081 1 539 1141
91 531 1217 1 550 1276
92 632 1220 1 649 1269
93 637 1198 1 654 1249
94 164 389 1 153 474
95 64 1125 1 86 1190
96 608 954 1 614 1010
97 223 883 1 230 965
98 658 1019 1 666 1072
99 599 1222 1 617 1274
100 628 1042 1 635 1096
101 120 172 1 102 264
102 330 976 1 341 1055
103 192 684 1 192 766
104 214 759 1 217 840
105 572 1254 1 592 1310
106 505 1210 1 525 1272
107 487 1247 1 508 1311
108 549 999 1 557 1056
109 246 489 1 239 570
110 233 1184 1 253 1252
111 638 1034 1 648 1085
112 635 1110 1 648 1161
113 65 1199 1 90 1261
114 499 1253 1 521 1315
115 220 1226 1 241 1289
116 581 872 1 585 933
117 510 1028 1 521 1088
118 60 1026 1 79 1093
119 515 1235 1 535 1295
120 657 1073 1 668 1123
121 640 1189 1 655 1239
122 633 1153 1 647 1205
123 551 1185 1 569 1243
124 597 929 1 603 986
125 695 1060 1 706 1108
126 625 1101 1 637 1154
127 653 1227 1 671 1275
128 687 1103 1 698 1152
129 121 1218 1 140 1293
130 649 991 1 657 1046
131 683 1069 1 693 1120
132 527 1091 1 538 1151
133 199 483 1 192 567
134 230 753 1 233 834
135 584 954 1 591 1010
136 608 1242 1 626 1293
137 645 1006 1 653 1059
138 642 1078 1 653 1130
139 611 1134 1 624 1185
140 228 1094 1 244 1162
141 655 1151 1 669 1201
142 598 1033 1 608 1087
143 682 1129 1 694 1178
144 581 965 1 588 1021
145 561 1196 1 579 1253
146 616 980 1 624 1035
147 71 1152 1 94 1215
148 204 464 1 196 547
149 560 1068 1 573 1125
150 526 1010 1 536 1069
151 229 1142 1 247 1207
152 36 1072 1 57 1141
153 597 1179 1 612 1232
154 677 1149 1 690 1198
155 572 1192 1 589 1247
156 688 1154 1 701 1203
157 543 1222 1 562 1279
158 653 1117 1 666 1167
159 665 1129 1 678 1179
160 89 775 1 92 861
161 501 1058 1 514 1118
162 105 1172 1 128 1236
163 690 1091 1 700 1141
164 687 1182 1 702 1227
165 617 920 1 622 977
166 689 1219 1 705 1265
167 483 1175 1 499 1239
168 695 1252 1 713 1301
169 690 1229 1 706 1276
170 633 1088 1 643 1140
171 209 420 1 200 504
172 609 1063 1 619 1117
173 301 603 1 297 682
174 598 969 1 604 1025
175 265 1068 1 279 1140
176 586 929 1 592 987
177 609 1203 1 624 1255
178 612 943 1 619 999
179 406 766 1 409 840
180 346 411 1 334 485
181 689 1207 1 706 1255
182 457 1192 1 478 1259
183 350 735 1 352 811
184 559 931 1 565 989
185 594 1110 1 607 1164
186 46 1016 1 64 1086
187 55 1239 1 82 1300
188 566 899 1 572 957
189 115 999 1 129 1068
190 586 985 1 594 1041
191 549 1195 1 566 1253
192 550 941 1 558 1000
193 462 1202 1 482 1269
194 223 733 1 224 814
195 672 1094 1 683 1144
196 553 1058 1 565 1115
197 85 753 1 87 840
198 497 1145 1 514 1208
199 528 1206 1 546 1266
200 100 1087 1 120 1149
201 494 992 1 504 1054
202 106 1160 1 129 1221
203 677 1184 1 691 1232
204 582 1084 1 595 1140
205 673 1064 1 682 1116
206 286 1240 1 308 1314
207 181 684 1 181 768
208 606 988 1 614 1043
209 107 181 1 89 271
210 523 1165 1 539 1224
211 296 1097 1 313 1170
212 148 1173 1 170 1232
213 494 1197 1 512 1261
214 227 763 1 230 844
215 610 1031 1 619 1085
216 613 1073 1 624 1127
217 47 1064 1 66 1131
218 586 1206 1 603 1258
219 518 1043 1 530 1102
220 501 1013 1 512 1076
221 495 1178 1 513 1240
222 489 976 1 498 1036
223 536 917 1 543 976
224 583 1018 1 593 1074
225 666 917 1 670 971
226 308 1109 1 326 1180
227 616 933 1 621 987
228 664 1179 1 678 1227
229 500 1094 1 514 1155
230 132 197 1 115 287
231 547 1155 1 563 1212
232 116 1172 1 138 1233
233 89 1090 1 110 1153
234 207 437 1 197 520
235 514 1122 1 530 1182
236 685 1057 1 696 1108
237 543 1255 1 563 1313
238 48 927 1 61 998
239 109 702 1 110 788
240 454 1111 1 468 1173
241 573 1126 1 586 1182
242 511 952 1 519 1013
243 118 1160 1 140 1221
244 505 1003 1 516 1065
245 640 960 1 646 1015
246 265 1121 1 282 1194
247 632 1251 1 651 1300
248 597 877 1 600 936
249 524 1020 1 535 1079
250 574 1149 1 588 1204
251 241 626 1 238 706
252 628 1186 1 643 1237
253 545 1026 1 555 1083
254 573 1041 1 584 1097
255 598 1097 1 610 1151
256 449 680 1 449 752
257 593 1087 1 605 1140
258 624 1059 1 634 1112
259 663 1214 1 679 1262
260 643 1123 1 655 1173
261 550 1145 1 566 1202
262 208 721 1 209 803
263 645 1134 1 658 1185
264 104 1183 1 128 1245
265 591 940 1 597 998
266 616 1167 1 631 1218
267 69 1139 1 92 1203
268 507 905 1 513 968
269 232 775 1 235 856
270 609 1145 1 624 1197
271 599 1008 1 608 1062
272 407 750 1 409 824
273 514 1075 1 527 1134
274 556 1118 1 570 1174
275 503 1243 1 524 1305
276 169 801 1 174 884
277 590 913 1 596 972
278 485 957 1 493 1022
279 687 1034 1 696 1085
280 502 968 1 511 1030
281 188 725 1 189 808
282 519 965 1 528 1026
283 399 579 1 394 642
284 488 1224 1 509 1287
285 174 383 1 164 468
286 626 938 1 632 995
287 494 957 1 502 1022
288 273 1080 1 288 1153
289 655 941 1 661 996
290 478 913 1 485 978
291 634 1230 1 651 1279
292 617 896 1 620 953
293 115 919 1 129 990
294 560 1155 1 576 1212
295 693 1242 1 709 1289
296 559 1079 1 571 1136
297 668 1041 1 677 1093
298 484 1193 1 501 1257
299 489 919 1 496 982
300 577 1110 1 590 1166
301 682 1081 1 692 1131
302 562 1019 1 571 1076
303 467 1011 1 479 1076
304 652 1058 1 661 1110
305 209 734 1 210 816
306 516 1005 1 526 1066
307 292 890 1 300 969
308 536 992 1 545 1050
309 678 1206 1 694 1254
310 639 1239 1 657 1289
311 615 1116 1 627 1170
312 311 601 1 306 679
313 638 1055 1 647 1107
314 688 974 1 694 1026
315 289 1151 1 307 1227
316 660 1195 1 675 1243
317 230 743 1 232 824
318 406 725 1 407 798
319 432 1093 1 446 1167
320 105 842 1 113 916
321 522 977 1 530 1037
322 460 1220 1 480 1287
323 507 994 1 516 1054
324 514 1192 1 532 1253
325 577 1100 1 590 1155
326 174 1215 1 196 1277
327 666 1167 1 680 1215
328 436 721 1 438 792
329 440 1117 1 456 1180
330 654 1128 1 667 1178
331 94 1163 1 118 1225
332 602 944 1 608 999
333 138 160 1 119 250
334 100 1149 1 122 1211
335 300 730 1 301 808
336 234 716 1 236 797
337 276 1092 1 292 1164
338 470 1170 1 488 1236
339 628 1030 1 637 1083
340 418 353 1 404 428
341 240 1174 1 259 1239
342 195 308 1 181 394
343 523 926 1 531 987
344 540 1037 1 551 1095
345 589 1150 1 603 1205
346 634 977 1 641 1031
347 562 1181 1 578 1237
348 677 1247 1 693 1294
349 538 1077 1 552 1134
350 669 996 1 676 1049
351 460 714 1 461 784
352 663 1140 1 676 1190
353 528 1123 1 543 1181
354 317 681 1 316 758
355 204 288 1 189 374
356 671 1083 1 682 1133
357 693 1079 1 703 1128
358 187 740 1 189 822
359 136 873 1 147 944
360 505 1175 1 523 1236
361 573 989 1 582 1046
362 634 1098 1 646 1150
363 571 1163 1 587 1218
364 245 452 1 236 533
365 598 1169 1 613 1222
366 268 911 1 276 991
367 621 1128 1 635 1180
368 343 600 1 340 677
369 662 1250 1 680 1297
370 452 1208 1 473 1276
371 49 1157 1 69 1232
372 262 898 1 270 978
373 288 1139 1 305 1213
374 442 1237 1 464 1305
375 363 453 1 354 530
376 236 765 1 240 846
377 561 1169 1 577 1225
378 250 463 1 241 545
379 247 302 1 233 386
380 463 1179 1 482 1246
381 55 1218 1 81 1281
382 623 996 1 631 1051
383 389 599 1 385 675
384 251 478 1 244 560
385 206 251 1 190 337
386 656 1161 1 670 1210
387 296 621 1 293 699
388 615 1180 1 630 1231
389 306 231 1 288 312
390 511 1063 1 524 1123
391 260 275 1 243 359
392 484 1109 1 500 1171
393 516 894 1 522 957
394 219 270 1 203 355
395 220 447 1 211 530
396 337 1044 1 350 1114
397 656 966 1 662 1020
398 40 1172 1 60 1246
399 437 1215 1 457 1284
400 596 835 1 599 894
401 412 857 1 419 931
402 591 803 1 592 863
403 642 937 1 647 992
404 389 629 1 387 705
405 323 1037 1 336 1108
406 282 820 1 286 898
407 44 1048 1 63 1116
408 100 1131 1 123 1194
409 40 807 1 44 895
410 40 1143 1 62 1210
411 400 318 1 385 395
412 320 600 1 316 678
413 546 1115 1 559 1172
414 628 1163 1 643 1214
415 341 496 1 333 574
416 499 928 1 507 992
417 290 603 1 288 683
418 210 410 1 200 493
419 484 1043 1 496 1106
420 292 862 1 298 940
421 224 315 1 211 399
422 692 1129 1 704 1177
423 400 669 1 398 739
424 693 1166 1 707 1214
425 357 724 1 359 801
426 125 807 1 132 880
427 454 1178 1 473 1245
428 293 1081 1 307 1153
429 327 797 1 331 875
430 276 972 1 286 1052
431 656 1003 1 663 1057
432 300 1159 1 317 1234
433 548 1175 1 565 1233
434 278 328 1 264 409
435 541 1015 1 551 1073
