0 229 593 1 189 649
1 238 687 1 202 742
2 248 592 1 208 647
3 264 840 1 232 894
4 233 766 1 199 822
5 221 941 1 191 998
6 248 571 1 208 626
7 233 541 1 193 597
8 260 922 1 230 977
9 279 538 1 239 593
10 243 627 1 205 682
11 264 826 1 232 881
12 272 698 1 236 753
13 82 826 1 49 886
14 239 711 1 202 767
15 595 1105 1 566 1136
16 272 686 1 235 741
17 258 933 1 230 988
18 270 710 1 234 765
19 639 1056 1 607 1086
20 108 1122 1 91 1161
21 225 638 1 186 690
22 74 873 1 42 933
23 234 754 1 199 809
24 219 840 1 187 896
25 686 1242 1 659 1264
26 682 1021 1 647 1051
27 263 856 1 232 911
28 560 1221 1 536 1254
29 278 569 1 238 624
30 232 560 1 192 616
31 573 1232 1 549 1263
32 690 1053 1 656 1082
33 244 559 1 205 615
34 694 1082 1 660 1109
35 259 942 1 230 998
36 94 1186 1 79 1222
37 236 737 1 200 793
38 272 672 1 235 727
39 227 615 1 188 670
40 240 480 1 198 535
41 640 961 1 606 995
42 578 1208 1 552 1239
43 608 919 1 573 954
44 649 1116 1 619 1145
45 160 216 1 111 276
46 135 1245 1 121 1276
47 570 1119 1 542 1151
48 30 1061 1 9 1108
49 208 809 1 175 865
50 206 838 1 173 895
51 608 974 1 573 1008
52 337 1004 1 310 1058
53 219 694 1 183 750
54 148 212 1 99 273
55 163 202 1 113 263
56 221 673 1 184 728
57 118 1106 1 98 1144
58 136 726 1 100 784
59 215 737 1 179 793
60 266 1155 1 243 1194
61 137 1201 1 121 1235
62 657 1034 1 624 1064
63 183 511 1 142 569
64 593 1051 1 564 1083
65 499 710 1 462 757
66 641 920 1 605 955
67 669 984 1 635 1015
68 689 1212 1 660 1235
69 583 1094 1 553 1126
70 201 887 1 169 944
71 261 888 1 231 943
72 618 1051 1 587 1081
73 266 1133 1 243 1173
74 98 1171 1 82 1207
75 188 947 1 161 993
76 673 1078 1 639 1108
77 631 1019 1 598 1051
78 33 1217 1 20 1253
79 197 416 1 154 474
80 686 1070 1 652 1096
81 569 1044 1 538 1078
82 304 1103 1 279 1148
83 261 910 1 231 966
84 99 1247 1 86 1281
85 676 1044 1 642 1074
86 592 1033 1 560 1066
87 553 1064 1 524 1097
88 543 1130 1 516 1164
89 151 202 1 102 263
90 661 952 1 625 985
91 252 786 1 217 841
92 228 711 1 193 767
93 267 780 1 233 835
94 280 515 1 240 571
95 133 1134 1 116 1167
96 548 1078 1 520 1112
97 669 1003 1 635 1033
98 94 1067 1 75 1107
99 663 1197 1 635 1221
100 233 511 1 192 567
101 153 1207 1 137 1240
102 627 987 1 594 1019
103 393 1003 1 365 1054
104 652 987 1 618 1019
105 272 1225 1 252 1264
106 151 1220 1 135 1252
107 673 1095 1 638 1124
108 651 1022 1 618 1053
109 127 803 1 93 862
110 157 1255 1 139 1303
111 539 1213 1 515 1250
112 629 1123 1 598 1152
113 690 1114 1 658 1141
114 646 1220 1 616 1246
115 695 1028 1 661 1056
116 658 1172 1 629 1199
117 238 491 1 196 547
118 605 1105 1 576 1136
119 72 1117 1 53 1157
120 185 958 1 159 1001
121 58 1124 1 42 1163
122 692 1041 1 658 1070
123 676 1240 1 649 1262
124 690 1232 1 660 1254
125 645 1067 1 612 1098
126 635 1249 1 607 1273
127 673 974 1 636 1004
128 140 1220 1 124 1255
129 107 1198 1 90 1233
130 527 1231 1 503 1267
131 683 1149 1 653 1174
132 368 1196 1 346 1243
133 633 1002 1 599 1033
134 656 976 1 622 1008
135 123 1136 1 106 1171
136 243 447 1 200 504
137 608 1237 1 583 1266
138 673 1140 1 641 1167
139 305 1156 1 282 1202
140 317 1126 1 292 1171
141 526 1212 1 501 1248
142 184 1222 1 167 1252
143 443 792 1 410 840
144 538 1236 1 515 1271
145 690 1161 1 660 1186
146 598 1226 1 572 1256
147 387 760 1 352 812
148 601 963 1 568 997
149 549 1249 1 527 1283
150 609 930 1 574 965
151 336 630 1 298 682
152 667 1034 1 635 1061
153 593 973 1 561 1008
154 267 1183 1 246 1220
155 259 760 1 224 815
156 525 990 1 495 1029
157 122 781 1 87 841
158 214 755 1 179 811
159 536 1094 1 508 1131
160 149 1038 1 126 1081
161 641 1149 1 611 1176
162 625 943 1 590 977
163 679 1128 1 648 1153
164 217 711 1 181 769
165 603 1115 1 575 1146
166 138 210 1 89 271
167 146 733 1 110 788
168 585 1107 1 557 1139
169 654 1247 1 629 1270
170 694 1177 1 663 1199
171 623 997 1 591 1030
172 639 909 1 603 943
173 572 1129 1 541 1162
174 628 1054 1 596 1084
175 655 1100 1 623 1129
176 659 1110 1 628 1138
177 662 965 1 625 996
178 163 226 1 115 286
179 445 750 1 408 800
180 536 1025 1 506 1062
181 677 1230 1 648 1252
182 568 1203 1 542 1235
183 665 1207 1 635 1232
184 241 464 1 198 520
185 350 1143 1 326 1188
186 645 1042 1 611 1073
187 217 857 1 185 914
188 618 1165 1 590 1193
189 618 1231 1 593 1260
190 596 1236 1 570 1266
191 305 1125 1 282 1170
192 530 1198 1 505 1236
193 685 993 1 650 1024
194 562 1078 1 533 1111
195 567 1054 1 538 1088
196 597 1185 1 569 1214
197 558 1231 1 534 1264
198 620 1187 1 592 1216
199 147 1197 1 130 1230
200 559 1159 1 532 1192
201 486 705 1 449 753
202 598 922 1 564 958
203 104 1186 1 88 1221
204 622 1150 1 594 1178
205 617 1202 1 591 1231
206 512 1042 1 481 1083
207 244 748 1 209 804
208 535 989 1 504 1029
209 579 948 1 546 984
210 558 1110 1 531 1144
211 598 1095 1 568 1126
212 639 1125 1 609 1152
213 264 791 1 230 845
214 572 1249 1 549 1278
215 140 1232 1 125 1264
216 656 1184 1 628 1210
217 269 802 1 236 857
218 444 776 1 409 825
219 222 780 1 188 836
220 655 1067 1 623 1096
221 206 828 1 174 885
222 659 927 1 624 961
223 160 940 1 135 983
224 171 910 1 145 954
225 589 1061 1 558 1093
226 208 410 1 164 468
227 685 1092 1 652 1119
228 313 1114 1 288 1161
229 558 1039 1 528 1075
230 603 1055 1 575 1086
231 346 627 1 306 679
232 603 1155 1 574 1186
233 251 582 1 207 637
234 150 957 1 126 1001
235 606 1195 1 580 1224
236 529 949 1 498 988
237 102 1031 1 81 1072
238 245 762 1 210 816
239 330 918 1 300 970
240 579 1026 1 548 1060
241 79 1107 1 62 1146
242 676 1065 1 641 1094
243 548 934 1 515 974
244 122 1213 1 107 1247
245 622 1221 1 595 1248
246 538 937 1 506 976
247 437 610 1 395 651
248 329 1185 1 307 1233
249 340 1082 1 314 1128
250 548 1038 1 518 1073
251 472 1121 1 447 1170
252 520 1197 1 496 1235
253 622 1137 1 594 1167
254 516 1207 1 492 1245
255 483 1154 1 457 1190
256 660 1159 1 632 1183
257 168 189 1 119 249
258 295 1142 1 271 1187
259 607 1168 1 580 1198
260 336 756 1 302 809
261 270 742 1 236 797
262 370 1123 1 345 1167
263 362 1071 1 336 1115
264 687 969 1 651 1001
265 451 377 1 405 428
266 138 1175 1 119 1211
267 227 336 1 181 393
268 549 1028 1 519 1063
269 573 1158 1 546 1192
270 608 1220 1 582 1250
271 451 883 1 419 932
272 239 816 1 206 871
273 353 706 1 317 759
274 236 315 1 189 374
275 680 1011 1 645 1041
276 244 437 1 200 493
277 550 1213 1 525 1247
278 84 1198 1 66 1244
279 502 1070 1 474 1110
280 496 1148 1 470 1184
281 306 939 1 276 992
282 379 626 1 340 678
283 631 1111 1 600 1140
284 464 710 1 428 757
285 300 926 1 271 979
286 327 1174 1 305 1220
287 397 478 1 354 530
288 606 1208 1 580 1238
289 283 490 1 241 545
290 279 329 1 233 386
291 506 1215 1 484 1254
292 424 625 1 385 675
293 644 1210 1 617 1236
294 237 279 1 190 337
295 267 371 1 222 428
296 331 646 1 294 700
297 252 253 1 203 311
298 292 302 1 244 359
299 287 505 1 244 560
300 250 298 1 203 355
301 376 1077 1 350 1121
302 75 1213 1 57 1258
303 548 1101 1 520 1138
304 451 893 1 420 942
305 507 1170 1 482 1210
306 567 1007 1 536 1043
307 638 864 1 602 900
308 498 1244 1 474 1284
309 632 832 1 595 869
310 425 654 1 387 705
311 104 1209 1 88 1246
312 342 1098 1 317 1142
313 319 847 1 287 899
314 77 836 1 44 896
315 432 343 1 385 395
316 274 792 1 240 847
317 356 625 1 317 678
318 590 1152 1 562 1183
319 164 1035 1 141 1079
320 375 521 1 334 574
321 326 629 1 288 683
322 338 256 1 289 312
323 330 888 1 299 941
324 256 342 1 211 399
325 436 698 1 399 743
326 394 750 1 359 802
327 332 1115 1 308 1160
328 364 823 1 331 876
329 315 1000 1 287 1054
330 340 1193 1 318 1240
