0 279 595 1 208 647
1 262 596 1 190 648
2 278 628 1 205 682
3 273 690 1 203 742
4 302 843 1 233 894
5 270 770 1 200 822
6 278 534 1 205 587
7 266 544 1 194 596
8 300 925 1 231 977
9 313 540 1 239 592
10 303 829 1 233 881
11 309 644 1 237 696
12 281 584 1 208 636
13 309 701 1 237 752
14 282 574 1 209 626
15 121 831 1 50 886
16 274 714 1 203 766
17 308 688 1 236 740
18 299 936 1 230 988
19 306 713 1 235 764
20 269 784 1 199 836
21 113 879 1 43 933
22 149 1150 1 89 1169
23 270 757 1 200 809
24 258 844 1 188 896
25 689 1067 1 609 1091
26 624 1247 1 551 1269
27 259 640 1 187 689
28 302 859 1 232 911
29 261 617 1 188 669
30 186 219 1 112 275
31 644 1117 1 568 1142
32 135 1216 1 77 1231
33 611 1235 1 538 1259
34 310 626 1 237 677
35 311 571 1 239 624
36 158 1133 1 96 1152
37 265 563 1 193 616
38 192 1250 1 133 1262
39 278 562 1 205 614
40 629 1222 1 555 1245
41 299 946 1 230 998
42 272 740 1 201 793
43 245 812 1 175 865
44 667 1060 1 589 1086
45 172 730 1 100 784
46 272 481 1 198 535
47 310 1176 1 243 1200
48 255 696 1 184 749
49 619 1131 1 544 1156
50 68 1082 1 7 1114
51 281 617 1 209 670
52 653 983 1 576 1012
53 244 841 1 174 895
54 378 1007 1 310 1058
55 643 1061 1 566 1087
56 177 207 1 102 263
57 189 206 1 114 262
58 256 676 1 184 728
59 630 1096 1 554 1121
60 226 961 1 160 997
61 312 1127 1 246 1161
62 252 740 1 180 792
63 178 1231 1 119 1244
64 689 968 1 609 999
65 680 1028 1 600 1055
66 215 515 1 142 568
67 677 963 1 597 993
68 537 710 1 463 757
69 688 926 1 607 958
70 627 1035 1 550 1064
71 640 1043 1 562 1070
72 42 1050 1 -21 1092
73 240 891 1 170 944
74 301 891 1 232 943
75 640 983 1 563 1012
76 174 218 1 99 273
77 591 1141 1 518 1169
78 257 945 1 191 998
79 616 1054 1 540 1082
80 631 1106 1 555 1131
81 72 1249 1 17 1263
82 228 419 1 154 474
83 347 1114 1 280 1151
84 301 914 1 231 966
85 139 1200 1 80 1216
86 195 1238 1 135 1249
87 289 789 1 218 841
88 264 714 1 193 766
89 184 1078 1 120 1106
90 597 1087 1 522 1116
91 305 783 1 234 835
92 313 517 1 240 570
93 266 513 1 192 566
94 134 1091 1 73 1114
95 318 1244 1 252 1271
96 312 1204 1 246 1227
97 601 1073 1 526 1102
98 675 996 1 596 1023
99 574 1223 1 502 1252
100 434 1004 1 366 1054
101 164 807 1 93 861
102 671 1247 1 596 1266
103 680 1136 1 601 1157
104 278 677 1 206 730
105 270 493 1 197 547
106 111 1143 1 50 1164
107 59 1141 1 1 1166
108 180 913 1 114 949
109 97 1151 1 39 1171
110 655 1116 1 578 1141
111 180 1254 1 123 1264
112 341 1084 1 273 1118
113 660 1141 1 582 1163
114 49 1121 1 -7 1146
115 695 1079 1 615 1103
116 253 717 1 182 768
117 579 1051 1 506 1084
118 608 1245 1 536 1269
119 147 1227 1 88 1242
120 677 1065 1 599 1089
121 413 1205 1 346 1246
122 682 1011 1 602 1038
123 570 996 1 496 1032
124 588 1225 1 517 1254
125 656 935 1 577 968
126 274 450 1 200 504
127 163 1164 1 104 1180
128 691 1013 1 611 1039
129 482 792 1 411 840
130 227 1254 1 166 1262
131 565 1056 1 493 1090
132 650 1242 1 574 1262
133 367 1112 1 299 1148
134 619 1217 1 544 1241
135 693 1163 1 614 1182
136 424 761 1 353 812
137 649 971 1 570 1001
138 371 631 1 298 682
139 576 1070 1 503 1103
140 223 973 1 158 1006
141 297 763 1 225 815
142 159 785 1 88 840
143 250 758 1 179 810
144 583 1104 1 510 1135
145 220 1093 1 155 1130
146 672 950 1 593 981
147 43 1038 1 -21 1081
148 695 1053 1 614 1077
149 348 1167 1 282 1205
150 70 1098 1 9 1128
151 577 1016 1 503 1049
152 563 1019 1 491 1054
153 653 1128 1 577 1151
154 164 215 1 89 270
155 635 1120 1 559 1144
156 672 1007 1 593 1035
157 685 914 1 605 946
158 50 1111 1 -7 1136
159 621 1141 1 545 1166
160 166 1033 1 102 1062
161 576 1244 1 505 1272
162 287 533 1 215 586
163 360 1137 1 293 1175
164 618 1007 1 542 1036
165 301 793 1 230 845
166 190 231 1 115 286
167 659 1212 1 582 1230
168 272 467 1 198 520
169 394 1153 1 327 1191
170 580 997 1 505 1032
171 610 1090 1 535 1116
172 255 860 1 186 914
173 670 1179 1 593 1199
174 348 1136 1 282 1173
175 356 1126 1 289 1164
176 515 1123 1 448 1170
177 614 1065 1 540 1092
178 597 1017 1 521 1046
179 188 1227 1 129 1239
180 637 1072 1 560 1098
181 608 1172 1 534 1197
182 525 705 1 450 753
183 644 929 1 566 961
184 574 1087 1 500 1118
185 673 1164 1 596 1184
186 670 1218 1 594 1237
187 573 956 1 499 991
188 281 751 1 210 803
189 647 1106 1 570 1131
190 625 956 1 548 987
191 607 1122 1 533 1149
192 138 1178 1 80 1194
193 691 1139 1 612 1158
194 307 676 1 236 726
195 306 805 1 236 857
196 78 1085 1 17 1115
197 577 1208 1 507 1240
198 606 1050 1 530 1079
199 482 776 1 410 825
200 260 784 1 188 836
201 669 1035 1 590 1060
202 145 1216 1 86 1231
203 383 1092 1 315 1131
204 244 832 1 174 885
205 182 735 1 110 788
206 198 957 1 134 988
207 179 1203 1 118 1219
208 186 1059 1 125 1087
209 633 1086 1 557 1111
210 238 414 1 165 468
211 593 958 1 517 991
212 372 1142 1 305 1180
213 654 1067 1 577 1091
214 381 628 1 307 679
215 654 1169 1 576 1191
216 587 1020 1 513 1053
217 189 975 1 125 1006
218 682 1126 1 603 1145
219 555 1050 1 482 1086
220 665 1079 1 587 1103
221 140 1053 1 80 1079
222 603 960 1 528 994
223 282 764 1 211 816
224 370 920 1 301 971
225 592 1157 1 519 1184
226 614 1016 1 538 1047
227 116 1234 1 56 1265
228 163 1243 1 105 1256
229 675 1238 1 598 1255
230 582 942 1 508 979
231 373 1195 1 308 1236
232 568 1208 1 497 1239
233 599 1226 1 527 1252
234 629 1008 1 552 1037
235 674 1151 1 596 1173
236 564 1218 1 494 1249
237 530 1168 1 459 1195
238 544 1160 1 472 1188
239 572 1197 1 501 1227
240 595 938 1 520 973
241 194 193 1 119 248
242 579 1113 1 506 1143
243 338 1154 1 272 1191
244 659 1183 1 582 1204
245 374 758 1 302 809
246 308 745 1 236 797
247 365 1152 1 298 1189
248 414 1133 1 346 1171
249 405 1080 1 337 1118
250 595 1047 1 520 1077
251 209 926 1 144 959
252 482 375 1 405 428
253 256 339 1 182 393
254 644 907 1 566 940
255 623 1171 1 548 1197
256 660 1237 1 585 1256
257 561 1006 1 488 1042
258 491 883 1 420 932
259 277 820 1 207 871
260 389 707 1 317 759
261 265 318 1 190 373
262 311 795 1 241 847
263 350 766 1 279 817
264 547 1077 1 476 1113
265 282 412 1 208 466
266 390 1189 1 323 1227
267 115 842 1 44 896
268 346 942 1 277 993
269 641 1166 1 565 1189
270 414 626 1 341 677
271 674 1193 1 597 1211
272 502 710 1 428 758
273 340 929 1 271 980
274 586 1092 1 513 1123
275 429 478 1 355 530
276 658 1224 1 583 1244
277 316 491 1 242 544
278 308 331 1 233 385
279 383 1147 1 316 1185
280 259 359 1 185 413
281 692 886 1 613 919
282 270 439 1 196 493
283 174 1013 1 111 1038
284 459 624 1 386 675
285 266 282 1 191 336
286 297 374 1 223 428
287 367 648 1 294 699
288 279 255 1 204 310
289 320 303 1 244 358
290 586 1010 1 513 1041
291 320 507 1 245 559
292 279 300 1 204 354
293 420 1087 1 351 1124
294 596 1114 1 522 1142
295 491 893 1 421 942
296 554 1179 1 484 1213
297 633 1061 1 557 1088
298 684 868 1 604 903
299 311 814 1 241 866
300 611 1076 1 535 1104
301 677 835 1 597 872
302 461 654 1 388 705
303 145 1237 1 86 1254
304 386 1108 1 317 1145
305 358 850 1 287 900
306 619 986 1 543 1016
307 462 342 1 386 395
308 390 626 1 318 678
309 205 1054 1 140 1084
310 277 264 1 202 319
311 408 522 1 334 574
312 361 631 1 289 683
313 563 945 1 489 981
314 369 891 1 300 941
315 286 344 1 211 398
316 365 256 1 289 311
317 431 751 1 360 801
318 375 1126 1 308 1164
319 403 825 1 332 876
320 356 1003 1 288 1054
321 384 1202 1 318 1243
322 367 731 1 296 781
323 626 1045 1 549 1073
