0 257 714 1 204 743
1 264 607 1 209 636
2 261 653 1 207 682
3 264 618 1 210 647
4 250 726 1 197 755
5 286 869 1 235 897
6 254 796 1 202 824
7 246 619 1 192 648
8 262 556 1 207 586
9 250 567 1 195 596
10 283 953 1 233 981
11 297 563 1 241 592
12 646 1196 1 589 1187
13 287 855 1 235 884
14 293 668 1 239 697
15 243 974 1 193 1002
16 243 661 1 188 690
17 102 857 1 50 889
18 258 739 1 205 768
19 244 954 1 194 982
20 265 597 1 210 626
21 282 964 1 232 992
22 252 810 1 200 838
23 293 725 1 239 753
24 253 783 1 201 811
25 296 594 1 241 623
26 241 870 1 189 899
27 693 1144 1 634 1135
28 290 737 1 237 766
29 285 886 1 234 914
30 244 641 1 190 670
31 262 585 1 207 614
32 278 1129 1 230 1157
33 293 649 1 239 677
34 256 504 1 200 534
35 249 586 1 194 615
36 670 1134 1 611 1128
37 229 839 1 177 867
38 282 974 1 232 1002
39 256 766 1 203 794
40 227 1150 1 178 1179
41 677 1027 1 619 1027
42 156 753 1 102 784
43 171 241 1 112 273
44 589 1255 1 536 1249
45 238 721 1 185 751
46 265 641 1 211 670
47 653 1048 1 596 1046
48 616 1208 1 562 1201
49 227 868 1 176 897
50 586 1159 1 533 1157
51 643 1134 1 587 1129
52 160 228 1 102 260
53 172 226 1 114 259
54 239 700 1 186 729
55 611 1061 1 556 1061
56 630 1171 1 574 1165
57 235 765 1 181 794
58 690 1036 1 631 1034
59 664 1239 1 608 1228
60 683 1100 1 623 1095
61 662 1223 1 605 1212
62 199 537 1 144 568
63 650 1222 1 594 1211
64 295 1251 1 253 1240
65 625 1105 1 569 1103
66 639 1114 1 583 1110
67 597 1144 1 543 1141
68 223 919 1 172 947
69 655 1194 1 598 1184
70 219 976 1 168 1004
71 285 918 1 234 946
72 292 1203 1 248 1202
73 157 238 1 99 270
74 587 1213 1 534 1210
75 25 1169 1 -7 1165
76 614 1125 1 559 1121
77 631 1182 1 576 1175
78 212 441 1 155 472
79 603 980 1 547 987
80 284 941 1 233 969
81 687 984 1 628 987
82 406 1144 1 357 1153
83 678 1063 1 619 1060
84 640 1049 1 582 1047
85 272 814 1 220 843
86 248 739 1 195 768
87 537 1236 1 486 1232
88 128 976 1 87 981
89 683 1221 1 626 1207
90 74 1182 1 42 1169
91 288 809 1 236 837
92 297 540 1 242 570
93 114 1245 1 84 1223
94 249 536 1 194 566
95 65 1144 1 33 1138
96 636 974 1 578 978
97 694 1164 1 635 1154
98 618 1217 1 564 1211
99 132 1216 1 98 1199
100 254 517 1 199 546
101 305 1207 1 262 1199
102 419 1034 1 369 1059
103 135 988 1 94 995
104 665 995 1 607 996
105 362 1036 1 313 1063
106 568 1131 1 516 1135
107 27 1064 1 -12 1076
108 694 1083 1 635 1078
109 261 702 1 207 730
110 65 1251 1 35 1233
111 683 1083 1 625 1077
112 111 1204 1 80 1186
113 655 995 1 595 998
114 37 1061 1 -2 1074
115 683 1001 1 624 1002
116 92 1207 1 59 1195
117 562 1051 1 509 1058
118 657 1015 1 598 1016
119 236 742 1 183 770
120 616 1071 1 560 1072
121 613 1135 1 558 1131
122 580 1101 1 525 1103
123 683 969 1 625 973
124 85 1143 1 52 1131
125 470 818 1 414 844
126 62 1057 1 23 1063
127 326 1145 1 281 1145
128 687 1210 1 628 1197
129 166 757 1 112 788
130 258 472 1 202 502
131 608 1161 1 553 1156
132 619 1170 1 564 1164
133 653 1253 1 598 1241
134 622 1018 1 565 1018
135 257 488 1 200 519
136 677 1238 1 621 1224
137 555 1074 1 503 1081
138 331 1229 1 286 1237
139 340 1167 1 293 1177
140 572 1053 1 519 1059
141 576 1018 1 522 1025
142 355 655 1 301 682
143 565 1006 1 511 1012
144 650 1038 1 592 1036
145 280 788 1 227 816
146 142 809 1 89 841
147 233 784 1 181 813
148 378 1212 1 332 1221
149 597 1166 1 543 1162
150 557 1113 1 505 1119
151 94 1088 1 59 1081
152 46 1201 1 14 1191
153 593 1080 1 538 1081
154 148 236 1 89 267
155 322 1240 1 277 1248
156 492 716 1 437 740
157 683 1012 1 623 1012
158 95 1139 1 60 1131
159 681 1140 1 622 1133
160 588 1231 1 535 1226
161 675 1189 1 618 1180
162 671 1012 1 613 1012
163 577 1148 1 524 1148
164 670 1144 1 613 1136
165 672 1108 1 613 1102
166 35 1172 1 2 1168
167 102 1189 1 68 1180
168 166 1035 1 127 1032
169 271 556 1 216 585
170 87 1230 1 54 1214
171 224 1135 1 176 1164
172 656 1027 1 598 1026
173 284 818 1 232 847
174 605 1197 1 551 1192
175 174 251 1 115 283
176 592 1181 1 538 1180
177 673 1075 1 615 1072
178 688 1026 1 628 1024
179 238 888 1 188 917
180 649 1120 1 592 1114
181 575 1007 1 520 1014
182 322 1155 1 276 1157
183 472 485 1 415 512
184 638 1124 1 581 1119
185 244 769 1 192 798
186 70 1212 1 38 1200
187 369 1167 1 322 1176
188 342 1198 1 297 1207
189 502 1159 1 453 1181
190 647 960 1 590 965
191 93 1166 1 59 1157
192 637 1145 1 580 1140
193 606 1249 1 552 1242
194 567 1148 1 514 1151
195 222 436 1 166 466
196 332 1195 1 285 1205
197 634 1194 1 579 1188
198 677 1249 1 621 1235
199 598 1016 1 543 1021
200 633 1161 1 577 1154
201 264 776 1 212 805
202 589 1111 1 536 1112
203 648 1183 1 592 1175
204 667 1157 1 610 1148
205 399 1191 1 352 1201
206 605 1075 1 550 1074
207 390 1138 1 342 1146
208 590 991 1 534 999
209 290 831 1 238 859
210 603 1120 1 548 1118
211 382 1174 1 335 1180
212 338 1184 1 293 1194
213 227 859 1 176 887
214 611 1085 1 555 1083
215 138 1251 1 106 1229
216 411 756 1 358 783
217 358 901 1 306 926
218 186 1102 1 145 1104
219 397 1204 1 350 1213
220 59 1240 1 28 1224
221 587 1012 1 532 1019
222 172 951 1 130 959
223 656 1141 1 599 1134
224 695 965 1 636 969
225 365 652 1 310 679
226 233 973 1 184 1002
227 658 1211 1 602 1201
228 479 637 1 424 663
229 352 1198 1 306 1206
230 135 1103 1 101 1093
231 546 1107 1 494 1113
232 600 1038 1 544 1041
233 100 1149 1 67 1138
234 398 653 1 344 678
235 148 1012 1 106 1021
236 265 790 1 213 817
237 354 950 1 304 976
238 351 672 1 297 700
239 556 1204 1 505 1209
240 640 1247 1 586 1237
241 693 940 1 633 945
242 294 502 1 238 532
243 460 638 1 404 662
244 583 1073 1 528 1074
245 141 836 1 89 868
246 320 1216 1 275 1224
247 368 1206 1 321 1215
248 432 898 1 380 923
249 320 1179 1 274 1174
250 343 1224 1 297 1233
251 223 903 1 173 932
252 627 1075 1 571 1073
253 663 1166 1 606 1158
254 523 1244 1 472 1240
255 365 1197 1 318 1205
256 178 213 1 119 245
257 156 1056 1 117 1052
258 627 1205 1 573 1198
259 373 708 1 319 735
260 358 783 1 305 810
261 291 771 1 238 800
262 175 938 1 133 948
263 348 1213 1 302 1221
264 608 1148 1 553 1144
265 179 1001 1 138 1000
266 459 604 1 404 641
267 468 397 1 409 427
268 240 360 1 183 391
269 668 1211 1 611 1199
270 318 854 1 266 882
271 325 961 1 274 986
272 242 809 1 190 838
273 538 1132 1 486 1140
274 621 1250 1 567 1243
275 552 1061 1 500 1068
276 476 913 1 425 937
277 556 998 1 502 1006
278 372 996 1 322 1022
279 261 846 1 208 874
280 363 1228 1 317 1237
281 354 888 1 302 914
282 249 340 1 191 371
283 295 821 1 243 849
284 140 1062 1 102 1060
285 670 952 1 612 959
286 334 792 1 282 820
287 318 811 1 265 839
288 407 824 1 355 851
289 662 1037 1 604 1036
290 309 514 1 253 544
291 385 1164 1 337 1172
292 350 277 1 291 309
293 266 435 1 210 465
294 551 1138 1 499 1145
295 107 1229 1 73 1214
296 96 868 1 45 899
297 290 248 1 231 279
298 386 1202 1 338 1210
299 659 1081 1 600 1078
300 330 972 1 279 998
301 647 1151 1 590 1142
302 578 1031 1 523 1037
303 350 629 1 295 657
304 414 501 1 358 529
305 266 335 1 209 366
306 443 760 1 390 785
307 300 514 1 244 543
308 292 353 1 235 383
309 601 1003 1 545 1008
310 593 1070 1 537 1071
311 242 381 1 186 411
312 583 1062 1 528 1064
313 254 461 1 198 491
314 396 626 1 341 654
315 566 1017 1 512 1024
316 250 303 1 192 334
317 281 396 1 224 426
318 462 828 1 409 853
319 263 276 1 205 307
320 679 1052 1 620 1049
321 324 378 1 268 407
322 70 1230 1 39 1214
323 304 325 1 246 356
324 347 644 1 293 672
325 304 529 1 247 559
326 626 1027 1 570 1026
327 263 321 1 205 352
328 320 985 1 269 1011
329 283 341 1 225 371
330 303 1171 1 259 1170
331 618 1145 1 563 1140
332 477 923 1 425 947
333 302 336 1 245 367
334 661 1096 1 603 1091
335 288 993 1 238 1020
336 633 1135 1 577 1129
337 683 921 1 623 927
338 295 840 1 243 868
339 379 897 1 329 923
340 676 886 1 615 894
341 446 679 1 391 706
342 313 1042 1 264 1068
343 341 878 1 290 904
344 331 1219 1 285 1227
345 557 1041 1 504 1048
346 617 1050 1 561 1050
347 352 758 1 298 784
348 448 365 1 390 393
349 375 650 1 320 678
350 261 285 1 203 317
351 393 545 1 337 573
352 321 462 1 264 491
353 345 655 1 291 683
354 304 362 1 246 393
355 279 385 1 222 416
356 503 818 1 447 824
357 644 1069 1 586 1064
358 269 366 1 212 397
359 377 908 1 326 934
360 301 868 1 250 896
361 639 1227 1 584 1219
362 382 877 1 330 903
363 539 1118 1 487 1124
364 349 933 1 298 959
365 387 852 1 335 879
366 340 1033 1 290 1060
367 384 1188 1 336 1199
368 663 1048 1 604 1045
369 578 1043 1 524 1048
370 668 1176 1 610 1166
371 324 1019 1 275 1044
372 625 1116 1 568 1112
