0 291 669 1 205 744
1 296 608 1 207 682
2 282 573 1 192 648
3 283 681 1 197 755
4 316 824 1 235 898
5 287 520 1 196 596
6 125 1233 1 70 1262
7 285 764 1 200 839
8 301 552 1 211 626
9 333 518 1 242 592
10 312 907 1 233 982
11 286 750 1 202 825
12 671 1171 1 594 1201
13 274 895 1 194 970
14 327 623 1 239 697
15 271 927 1 193 1003
16 301 1117 1 229 1194
17 288 737 1 202 812
18 299 573 1 210 647
19 291 693 1 205 768
20 273 908 1 194 983
21 302 1103 1 230 1180
22 310 918 1 233 993
23 317 810 1 235 884
24 325 680 1 239 754
25 271 824 1 190 900
26 296 541 1 207 614
27 280 595 1 190 670
28 133 810 1 50 889
29 323 692 1 237 766
30 315 841 1 235 915
31 329 602 1 240 677
32 613 1227 1 539 1262
33 332 549 1 241 623
34 277 618 1 188 690
35 303 1082 1 230 1159
36 335 497 1 242 570
37 235 490 1 144 568
38 259 1090 1 185 1168
39 285 541 1 194 616
40 255 1113 1 182 1191
41 310 928 1 233 1003
42 288 720 1 203 795
43 252 1102 1 178 1181
44 272 676 1 185 751
45 613 1131 1 537 1168
46 293 459 1 200 534
47 47 1130 1 -13 1180
48 641 1181 1 566 1214
49 257 821 1 176 898
50 88 1109 1 27 1154
51 326 654 1 238 727
52 35 1182 1 -21 1224
53 260 793 1 177 868
54 670 1108 1 591 1141
55 314 873 1 234 947
56 211 191 1 112 272
57 213 177 1 114 258
58 273 654 1 186 729
59 639 1033 1 559 1072
60 656 1146 1 578 1178
61 189 706 1 102 784
62 599 1167 1 525 1208
63 267 719 1 182 795
64 294 655 1 208 731
65 687 1198 1 610 1226
66 316 1221 1 251 1257
67 675 1196 1 599 1225
68 653 1078 1 573 1114
69 667 1088 1 587 1122
70 624 1116 1 546 1153
71 283 1152 1 219 1183
72 252 872 1 172 948
73 681 1169 1 603 1198
74 247 928 1 169 1006
75 683 1022 1 600 1057
76 198 189 1 99 269
77 611 1184 1 537 1222
78 95 1148 1 36 1188
79 657 1156 1 580 1188
80 334 576 1 244 650
81 250 394 1 155 472
82 68 1231 1 14 1264
83 89 1099 1 28 1143
84 161 949 1 90 1005
85 304 769 1 220 844
86 280 693 1 195 768
87 331 613 1 243 686
88 153 937 1 83 992
89 657 1239 1 583 1273
90 48 1232 1 -3 1265
91 132 1214 1 78 1244
92 287 490 1 194 566
93 56 1245 1 2 1283
94 688 1217 1 613 1243
95 308 1234 1 244 1274
96 665 946 1 581 987
97 670 1022 1 587 1058
98 323 1245 1 259 1282
99 326 1175 1 261 1215
100 643 1190 1 568 1224
101 446 991 1 370 1061
102 153 1184 1 93 1219
103 201 179 1 102 259
104 588 1018 1 511 1066
105 595 1101 1 519 1144
106 596 1252 1 525 1294
107 678 1228 1 603 1256
108 389 992 1 314 1064
109 687 988 1 603 1025
110 274 632 1 186 707
111 355 1225 1 288 1281
112 402 1170 1 332 1230
113 53 1020 1 -16 1085
114 690 1000 1 603 1036
115 320 763 1 236 837
116 304 1092 1 231 1168
117 390 611 1 301 683
118 63 1018 1 -5 1083
119 291 471 1 199 546
120 605 1070 1 528 1112
121 112 1172 1 54 1214
122 269 695 1 183 771
123 174 930 1 105 982
124 296 427 1 202 502
125 105 1108 1 46 1149
126 159 1071 1 96 1110
127 354 1237 1 287 1295
128 634 1133 1 557 1168
129 645 1144 1 568 1177
130 430 1108 1 358 1162
131 350 1111 1 280 1157
132 647 1245 1 575 1282
133 600 1229 1 529 1267
134 95 1248 1 37 1290
135 564 1238 1 495 1286
136 278 737 1 193 812
137 353 1190 1 286 1247
138 619 1237 1 546 1273
139 605 987 1 525 1033
140 83 1218 1 28 1254
141 105 1197 1 48 1234
142 314 1163 1 247 1214
143 599 1021 1 521 1067
144 623 1136 1 547 1174
145 593 974 1 513 1020
146 423 551 1 333 623
147 294 443 1 200 518
148 582 1080 1 507 1127
149 417 337 1 320 408
150 355 1157 1 285 1214
151 620 1051 1 541 1091
152 229 1235 1 168 1271
153 188 187 1 89 267
154 344 1201 1 277 1258
155 603 976 1 523 1022
156 134 1170 1 74 1206
157 612 1202 1 539 1239
158 682 1012 1 596 1047
159 602 1119 1 527 1159
160 581 1042 1 505 1089
161 86 1130 1 29 1171
162 695 1107 1 616 1140
163 57 1135 1 -3 1183
164 652 988 1 569 1028
165 249 1087 1 176 1165
166 655 1048 1 575 1084
167 214 202 1 115 282
168 176 761 1 90 841
169 617 1152 1 541 1192
170 310 743 1 227 817
171 268 841 1 188 917
172 626 1169 1 555 1204
173 592 1118 1 517 1161
174 580 1220 1 508 1259
175 644 1045 1 564 1082
176 116 1104 1 55 1147
177 665 1098 1 585 1131
178 276 723 1 192 798
179 190 999 1 123 1046
180 393 1130 1 323 1185
181 365 1160 1 297 1216
182 675 1098 1 597 1127
183 526 1119 1 455 1184
184 93 1214 1 39 1244
185 583 1253 1 513 1299
186 664 1119 1 585 1152
187 629 1221 1 556 1256
188 260 389 1 166 466
189 230 982 1 159 1034
190 638 1068 1 559 1105
191 660 1168 1 583 1201
192 85 1018 1 19 1074
193 627 986 1 546 1030
194 660 1135 1 581 1167
195 174 973 1 103 1030
196 65 1167 1 7 1209
197 674 1157 1 596 1189
198 695 1021 1 608 1056
199 694 1132 1 615 1161
200 423 1155 1 353 1209
201 633 1047 1 553 1085
202 400 608 1 310 679
203 259 811 1 177 886
204 630 1092 1 551 1129
205 275 763 1 190 838
206 561 1208 1 489 1245
207 434 609 1 344 678
208 157 1222 1 100 1252
209 444 713 1 359 784
210 421 1167 1 351 1221
211 683 1116 1 603 1146
212 261 926 1 184 1003
213 684 1186 1 607 1215
214 316 780 1 233 854
215 681 966 1 599 1007
216 185 945 1 115 1002
217 323 729 1 239 800
218 497 737 1 412 804
219 276 751 1 191 827
220 343 1177 1 274 1234
221 599 1193 1 527 1236
222 580 1171 1 507 1218
223 514 596 1 424 663
224 383 907 1 304 978
225 115 1026 1 51 1071
226 385 628 1 297 700
227 628 950 1 545 996
228 664 1222 1 590 1252
229 574 1070 1 498 1117
230 332 456 1 239 532
231 298 742 1 213 818
232 639 1057 1 559 1094
233 77 1207 1 21 1244
234 610 1043 1 531 1084
235 216 1072 1 146 1128
236 172 788 1 89 868
237 461 856 1 381 924
238 340 1148 1 273 1189
239 376 1161 1 306 1215
240 365 1185 1 297 1242
241 525 683 1 438 749
242 253 856 1 173 933
243 615 984 1 535 1027
244 88 1089 1 27 1133
245 690 1142 1 611 1171
246 545 1215 1 475 1253
247 290 801 1 209 875
248 339 485 1 247 559
249 220 163 1 119 245
250 179 1021 1 114 1066
251 114 1057 1 53 1097
252 652 1178 1 577 1211
253 304 563 1 209 636
254 188 921 1 118 977
255 639 1091 1 561 1128
256 480 637 1 392 706
257 382 601 1 294 673
258 410 607 1 321 678
259 203 966 1 134 1013
260 605 999 1 526 1045
261 279 313 1 183 391
262 694 1186 1 616 1214
263 349 809 1 267 882
264 563 1098 1 488 1148
265 575 1105 1 502 1153
266 645 1223 1 571 1256
267 695 1119 1 617 1149
268 620 960 1 537 1006
269 580 1028 1 502 1076
270 521 522 1 429 587
271 506 872 1 425 939
272 400 952 1 322 1023
273 365 750 1 282 821
274 288 293 1 191 371
275 326 776 1 243 850
276 349 767 1 266 840
277 692 1010 1 608 1046
278 346 469 1 253 544
279 408 1126 1 338 1180
280 383 252 1 284 329
281 304 388 1 210 465
282 125 1197 1 68 1234
283 332 200 1 232 279
284 687 1055 1 605 1089
285 127 1155 1 67 1198
286 358 928 1 280 1000
287 674 1125 1 595 1155
288 453 458 1 358 529
289 385 585 1 296 657
290 660 1062 1 580 1098
291 306 288 1 209 365
292 476 719 1 390 786
293 34 1210 1 -22 1254
294 337 469 1 244 543
295 620 1041 1 540 1081
296 281 333 1 186 411
297 384 843 1 303 915
298 610 1032 1 531 1073
299 291 415 1 198 491
300 385 715 1 299 785
301 594 986 1 514 1032
302 320 349 1 224 426
303 304 229 1 205 307
304 364 333 1 268 407
305 89 1196 1 33 1234
306 656 999 1 573 1036
307 303 274 1 205 352
308 633 1231 1 560 1267
309 323 295 1 225 371
310 326 1137 1 258 1183
311 645 1118 1 567 1153
312 388 858 1 307 928
313 506 882 1 426 949
314 342 290 1 245 367
315 380 611 1 291 683
316 316 947 1 238 1021
317 660 1109 1 581 1142
318 326 795 1 243 869
319 409 855 1 329 924
320 626 1157 1 550 1193
321 314 438 1 220 513
322 340 997 1 264 1070
323 353 1180 1 285 1236
324 494 597 1 405 663
325 646 1022 1 564 1060
326 690 1073 1 607 1103
327 406 665 1 319 736
328 635 999 1 553 1039
329 344 280 1 246 355
330 430 501 1 337 573
331 104 1058 1 42 1104
332 359 417 1 264 491
333 534 1129 1 462 1194
334 343 316 1 246 392
335 318 339 1 222 416
336 673 1042 1 591 1076
337 309 320 1 212 396
338 406 864 1 326 935
339 331 823 1 250 897
340 664 1202 1 588 1232
341 412 834 1 331 904
342 394 688 1 308 760
343 378 890 1 299 961
344 418 810 1 335 880
345 367 989 1 291 1061
346 606 1012 1 527 1057
347 351 975 1 275 1046
348 652 1089 1 572 1124
