0 316 654 1 205 744
1 327 546 1 209 637
2 321 603 1 207 693
3 334 893 1 233 983
4 359 547 1 242 635
5 309 665 1 197 756
6 340 810 1 235 899
7 309 749 1 201 839
8 314 504 1 196 596
9 137 1239 1 62 1287
10 322 592 1 207 683
11 308 557 1 192 649
12 361 503 1 242 592
13 328 556 1 210 647
14 328 536 1 211 626
15 694 1177 1 597 1215
16 296 880 1 195 972
17 354 608 1 239 697
18 293 912 1 193 1005
19 320 1102 1 229 1196
20 313 722 1 202 812
21 317 678 1 205 769
22 295 893 1 194 985
23 321 1088 1 230 1182
24 333 904 1 233 994
25 341 795 1 235 885
26 351 653 1 238 742
27 157 792 1 50 890
28 351 665 1 239 754
29 311 734 1 202 825
30 303 598 1 188 690
31 295 809 1 190 901
32 176 851 1 72 950
33 355 587 1 240 677
34 349 678 1 237 767
35 338 827 1 235 916
36 633 1231 1 542 1276
37 677 1082 1 576 1127
38 323 1068 1 230 1161
39 363 481 1 242 570
40 263 475 1 144 568
41 306 579 1 190 670
42 324 525 1 207 615
43 319 1115 1 229 1208
44 278 1074 1 185 1170
45 243 175 1 111 271
46 312 525 1 194 616
47 274 1097 1 182 1193
48 333 914 1 233 1005
49 313 705 1 203 795
50 271 1087 1 178 1183
51 297 660 1 185 752
52 321 443 1 200 534
53 61 1126 1 -21 1197
54 281 806 1 176 899
55 332 1223 1 249 1276
56 352 639 1 239 728
57 47 1181 1 -30 1244
58 284 777 1 177 869
59 337 858 1 234 948
60 245 160 1 113 258
61 299 639 1 186 730
62 664 1035 1 562 1083
63 679 1151 1 581 1192
64 214 688 1 102 784
65 620 1168 1 527 1220
66 292 704 1 182 795
67 320 640 1 208 731
68 635 1133 1 539 1181
69 233 160 1 102 258
70 691 1092 1 590 1135
71 174 841 1 69 939
72 275 857 1 172 949
73 269 913 1 169 1007
74 230 172 1 99 269
75 664 1184 1 569 1228
76 680 1161 1 583 1203
77 361 561 1 244 650
78 694 1112 1 594 1154
79 279 378 1 156 472
80 324 1237 1 241 1292
81 80 1234 1 5 1288
82 103 1098 1 20 1161
83 632 1187 1 539 1235
84 647 1118 1 549 1166
85 695 1025 1 590 1069
86 328 754 1 220 845
87 358 598 1 243 687
88 61 1235 1 -13 1289
89 174 930 1 78 1003
90 635 1173 1 541 1221
91 678 1246 1 586 1288
92 146 1220 1 70 1268
93 315 474 1 194 566
94 68 1247 1 -6 1306
95 109 1250 1 30 1311
96 344 1176 1 258 1232
97 108 1149 1 28 1208
98 665 1195 1 571 1238
99 102 1108 1 19 1172
100 460 592 1 345 679
101 338 1248 1 256 1301
102 609 1104 1 513 1162
103 466 979 1 370 1062
104 691 946 1 584 996
105 320 454 1 199 546
106 611 1015 1 512 1074
107 615 1253 1 527 1306
108 410 979 1 314 1066
109 300 617 1 186 707
110 372 1219 1 287 1291
111 71 1011 1 -21 1095
112 621 1232 1 531 1281
113 239 977 1 145 1045
114 89 1161 1 10 1220
115 345 749 1 237 838
116 174 1072 1 89 1129
117 323 1077 1 231 1170
118 417 597 1 301 683
119 166 1187 1 86 1240
120 628 1070 1 530 1123
121 295 680 1 183 771
122 421 1169 1 332 1240
123 325 411 1 202 502
124 371 1230 1 287 1305
125 95 1220 1 19 1277
126 668 1149 1 571 1191
127 449 1104 1 358 1171
128 668 1251 1 577 1296
129 583 1237 1 496 1296
130 303 721 1 193 813
131 639 1241 1 549 1287
132 195 924 1 100 994
133 322 427 1 200 518
134 629 985 1 527 1041
135 372 1184 1 285 1256
136 107 1000 1 18 1074
137 244 1240 1 163 1292
138 623 1020 1 523 1076
139 673 962 1 569 1015
140 645 1139 1 549 1187
141 82 1008 1 -10 1092
142 451 538 1 333 623
143 672 933 1 567 989
144 447 322 1 320 408
145 643 1053 1 543 1103
146 220 169 1 89 266
147 362 1196 1 276 1268
148 627 974 1 525 1030
149 633 1205 1 541 1252
150 624 1120 1 529 1170
151 439 1162 1 351 1231
152 300 1156 1 214 1203
153 306 678 1 195 769
154 101 1129 1 21 1190
155 183 939 1 90 1008
156 604 1040 1 507 1098
157 71 1132 1 -10 1201
158 677 989 1 572 1038
159 269 1072 1 176 1167
160 680 1051 1 578 1096
161 245 185 1 115 282
162 200 743 1 90 841
163 118 1108 1 38 1168
164 335 729 1 227 818
165 388 1166 1 300 1237
166 292 826 1 188 919
167 117 1200 1 40 1256
168 613 1118 1 519 1172
169 669 1047 1 567 1094
170 130 1104 1 47 1166
171 689 1102 1 588 1145
172 209 998 1 118 1061
173 194 966 1 99 1040
174 412 1125 1 322 1194
175 384 1154 1 296 1226
176 545 1110 1 455 1187
177 126 1175 1 46 1234
178 105 1218 1 30 1268
179 602 1253 1 514 1310
180 580 1210 1 490 1259
181 650 1226 1 558 1270
182 290 373 1 166 466
183 250 975 1 155 1045
184 662 1070 1 562 1117
185 683 1173 1 586 1215
186 102 1012 1 13 1087
187 372 1151 1 285 1224
188 683 1140 1 585 1181
189 634 1042 1 533 1095
190 219 865 1 122 935
191 662 951 1 557 1007
192 442 1150 1 353 1219
193 368 1110 1 279 1171
194 426 594 1 310 680
195 282 796 1 177 887
196 693 1218 1 598 1258
197 656 1137 1 559 1182
198 466 1252 1 383 1338
199 394 1155 1 306 1225
200 590 1077 1 495 1136
201 410 1164 1 322 1233
202 208 915 1 113 988
203 89 1103 1 8 1166
204 469 701 1 359 784
205 630 964 1 526 1022
206 600 1223 1 509 1272
207 302 708 1 192 799
208 78 1168 1 0 1229
209 284 911 1 184 1004
210 607 1078 1 509 1136
211 663 962 1 559 1017
212 131 1053 1 46 1115
213 140 1202 1 60 1255
214 340 765 1 233 854
215 582 1197 1 493 1255
216 348 714 1 239 801
217 206 940 1 111 1012
218 522 725 1 413 805
219 300 736 1 191 827
220 299 748 1 190 839
221 361 1172 1 273 1244
222 620 1193 1 529 1247
223 405 895 1 305 980
224 131 1024 1 44 1087
225 412 614 1 297 701
226 653 948 1 547 1004
227 687 1229 1 594 1268
228 595 1068 1 499 1126
229 360 441 1 239 532
230 323 727 1 213 819
231 663 1059 1 561 1106
232 90 1211 1 13 1267
233 368 469 1 247 559
234 235 1066 1 143 1139
235 197 771 1 89 868
236 484 844 1 381 925
237 359 1148 1 271 1205
238 412 845 1 307 929
239 384 1179 1 297 1251
240 552 672 1 439 750
241 277 841 1 173 934
242 639 982 1 537 1036
243 102 1088 1 19 1151
244 566 1217 1 476 1267
245 332 1161 1 245 1228
246 251 146 1 119 244
247 197 1019 1 108 1081
248 675 1183 1 580 1225
249 663 1094 1 564 1140
250 506 625 1 392 707
251 409 587 1 294 673
252 436 593 1 321 679
253 101 1200 1 24 1256
254 222 963 1 129 1027
255 71 1155 1 -7 1215
256 629 998 1 528 1054
257 309 297 1 183 390
258 435 1095 1 344 1164
259 373 796 1 267 883
260 335 437 1 213 528
261 584 1095 1 490 1156
262 157 1239 1 81 1286
263 667 1228 1 574 1271
264 644 958 1 539 1014
265 550 510 1 429 589
266 529 861 1 426 940
267 407 830 1 304 914
268 422 939 1 323 1025
269 474 715 1 365 798
270 532 431 1 407 514
271 390 736 1 282 822
272 319 277 1 191 370
273 351 762 1 243 851
274 603 1025 1 504 1085
275 169 1230 1 93 1276
276 638 1155 1 544 1204
277 374 753 1 266 840
278 375 454 1 253 544
279 428 1121 1 337 1190
280 415 237 1 284 328
281 334 373 1 210 464
282 652 1094 1 554 1141
283 363 184 1 232 278
284 695 1165 1 597 1205
285 142 1154 1 60 1216
286 380 915 1 280 1002
287 482 444 1 358 529
288 412 571 1 296 658
289 372 1174 1 284 1246
290 684 1065 1 583 1111
291 336 272 1 209 365
292 501 707 1 391 788
293 47 1208 1 -30 1274
294 366 453 1 244 543
295 644 1042 1 542 1092
296 311 318 1 186 411
297 634 1032 1 533 1084
298 321 399 1 198 491
299 410 701 1 299 785
300 685 1130 1 586 1172
301 363 290 1 235 382
302 350 334 1 224 426
303 335 213 1 205 306
304 394 319 1 267 407
305 681 1001 1 576 1048
306 334 258 1 205 351
307 654 1235 1 562 1281
308 353 279 1 225 371
309 344 1135 1 256 1197
310 529 872 1 426 950
311 373 275 1 245 367
312 407 597 1 292 684
313 338 933 1 238 1023
314 684 1113 1 584 1155
315 349 781 1 243 870
316 433 842 1 329 926
317 649 1162 1 552 1207
318 434 1133 1 344 1205
319 342 422 1 220 513
320 361 984 1 264 1072
321 502 695 1 390 777
322 599 1055 1 502 1114
323 521 307 1 391 393
324 671 1024 1 567 1071
325 276 878 1 174 971
326 432 651 1 319 736
327 660 1000 1 556 1050
328 375 264 1 246 355
329 458 487 1 338 573
330 120 1057 1 35 1121
331 388 402 1 264 491
332 553 1119 1 463 1197
333 374 301 1 246 392
334 349 324 1 222 416
335 594 1237 1 506 1292
336 339 304 1 212 396
337 429 852 1 327 936
338 355 809 1 250 898
339 687 1208 1 592 1248
340 436 821 1 331 905
341 433 811 1 328 895
342 420 675 1 308 761
343 401 877 1 299 962
344 442 797 1 336 881
345 388 976 1 291 1063
346 273 770 1 167 864
347 324 239 1 194 333
348 373 961 1 275 1048
349 677 1094 1 575 1137
