0 299 633 1 205 746
1 309 523 1 210 638
2 303 581 1 207 695
3 317 872 1 234 987
4 341 524 1 242 637
5 291 644 1 197 758
6 323 789 1 235 902
7 292 727 1 201 842
8 296 482 1 196 597
9 114 1254 1 50 1345
10 304 570 1 208 684
11 291 535 1 192 650
12 343 480 1 242 593
13 310 535 1 211 648
14 311 514 1 211 628
15 684 1172 1 607 1250
16 280 859 1 195 975
17 336 586 1 240 699
18 277 892 1 193 1008
19 304 1081 1 230 1200
20 295 700 1 202 815
21 299 657 1 205 771
22 278 872 1 194 988
23 305 1068 1 230 1187
24 316 883 1 233 998
25 323 774 1 236 888
26 333 631 1 239 743
27 139 772 1 49 893
28 334 643 1 240 756
29 293 713 1 202 827
30 285 576 1 189 692
31 159 831 1 72 953
32 338 565 1 240 678
33 331 656 1 238 769
34 322 805 1 235 919
35 621 1225 1 549 1309
36 666 1074 1 585 1156
37 307 1047 1 230 1165
38 345 459 1 243 571
39 245 452 1 144 569
40 288 557 1 190 672
41 306 503 1 207 616
42 304 1094 1 230 1213
43 262 1054 1 186 1175
44 223 150 1 111 271
45 294 503 1 195 617
46 258 1077 1 182 1198
47 316 893 1 233 1008
48 296 683 1 203 798
49 255 1066 1 178 1188
50 259 1094 1 184 1216
51 280 639 1 186 753
52 303 420 1 200 535
53 607 1160 1 534 1247
54 55 1247 1 -8 1344
55 264 785 1 176 901
56 334 617 1 239 730
57 266 756 1 177 872
58 320 837 1 235 951
59 226 135 1 113 257
60 281 617 1 186 732
61 693 1170 1 617 1248
62 196 667 1 102 785
63 309 1238 1 240 1333
64 275 682 1 182 798
65 125 1234 1 59 1325
66 38 1129 1 -32 1236
67 303 618 1 208 732
68 213 135 1 101 258
69 680 1086 1 600 1166
70 316 1227 1 247 1319
71 157 820 1 69 942
72 258 836 1 172 953
73 253 893 1 169 1011
74 210 147 1 98 268
75 652 1028 1 570 1110
76 653 1179 1 578 1261
77 669 1156 1 593 1236
78 343 539 1 245 651
79 261 355 1 156 472
80 328 1176 1 257 1271
81 145 1195 1 77 1291
82 620 1180 1 547 1265
83 635 1111 1 557 1195
84 596 1092 1 519 1184
85 683 1016 1 599 1097
86 311 733 1 220 847
87 340 576 1 243 688
88 356 1209 1 287 1315
89 622 1126 1 546 1210
90 73 1040 1 0 1146
91 622 1166 1 548 1251
92 63 1042 1 -11 1149
93 667 1240 1 595 1322
94 602 1243 1 533 1334
95 297 452 1 194 566
96 79 1102 1 9 1203
97 683 1107 1 604 1186
98 85 1157 1 16 1256
99 78 1030 1 4 1136
100 64 1169 1 -2 1269
101 687 947 1 600 1030
102 78 1137 1 9 1237
103 450 958 1 371 1066
104 223 1249 1 158 1340
105 679 934 1 593 1019
106 302 431 1 199 547
107 609 1227 1 538 1313
108 668 1144 1 591 1224
109 34 1249 1 -29 1346
110 218 971 1 140 1073
111 394 958 1 315 1070
112 282 594 1 186 709
113 107 1221 1 42 1315
114 77 1112 1 8 1214
115 323 1250 1 255 1344
116 328 727 1 237 841
117 405 1158 1 333 1261
118 151 1077 1 80 1174
119 307 1057 1 231 1175
120 399 575 1 302 684
121 599 1004 1 518 1094
122 277 659 1 184 774
123 653 1190 1 580 1271
124 306 388 1 202 503
125 592 1028 1 512 1118
126 47 1136 1 -22 1241
127 690 1232 1 617 1312
128 657 1143 1 580 1224
129 356 1219 1 287 1327
130 613 968 1 530 1058
131 656 1245 1 586 1328
132 585 1177 1 514 1270
133 285 700 1 193 815
134 627 1235 1 556 1320
135 304 404 1 200 519
136 356 1173 1 285 1279
137 85 997 1 9 1104
138 610 1009 1 529 1097
139 665 979 1 580 1063
140 688 1097 1 607 1176
141 633 1132 1 557 1217
142 60 1000 1 -17 1115
143 686 986 1 601 1068
144 433 515 1 334 624
145 429 299 1 321 410
146 589 1242 1 520 1335
147 62 1052 1 -11 1160
148 48 1002 1 -28 1118
149 631 1044 1 551 1130
150 200 144 1 88 266
151 199 1024 1 125 1123
152 621 1199 1 549 1284
153 289 656 1 195 771
154 163 933 1 83 1037
155 570 1225 1 501 1320
156 64 1144 1 -3 1244
157 70 1233 1 6 1330
158 253 1052 1 176 1172
159 164 1035 1 90 1134
160 148 1122 1 78 1217
161 659 921 1 573 1009
162 669 1043 1 587 1124
163 226 160 1 114 282
164 183 722 1 90 842
165 611 1111 1 536 1198
166 187 997 1 111 1097
167 632 1073 1 554 1158
168 280 1164 1 211 1252
169 318 707 1 228 820
170 373 1156 1 301 1260
171 79 1015 1 4 1122
172 275 806 1 188 921
173 651 949 1 566 1036
174 600 1108 1 525 1197
175 657 1039 1 575 1121
176 678 1096 1 598 1176
177 397 1115 1 323 1217
178 369 1144 1 297 1249
179 304 1116 1 231 1236
180 530 1090 1 457 1194
181 186 933 1 105 1037
182 569 1203 1 497 1291
183 639 1220 1 567 1303
184 357 1183 1 287 1288
185 271 350 1 166 466
186 570 1186 1 498 1279
187 650 1063 1 570 1146
188 672 1168 1 596 1248
189 179 1216 1 114 1304
190 424 1150 1 353 1253
191 621 1033 1 540 1120
192 200 857 1 117 961
193 649 938 1 563 1026
194 607 1183 1 535 1273
195 263 1186 1 195 1270
196 409 572 1 311 681
197 265 774 1 177 890
198 682 1214 1 608 1293
199 644 1130 1 568 1212
200 451 1231 1 385 1345
201 80 1232 1 16 1326
202 379 1145 1 307 1248
203 577 1065 1 499 1156
204 429 958 1 349 1068
205 395 1152 1 323 1256
206 691 1057 1 609 1136
207 347 1185 1 276 1292
208 201 963 1 123 1060
209 453 679 1 360 786
210 501 642 1 407 747
211 616 951 1 532 1041
212 64 1180 1 -1 1276
213 285 687 1 193 802
214 617 1060 1 537 1148
215 568 1083 1 494 1176
216 267 891 1 184 1008
217 107 1057 1 35 1157
218 664 1085 1 584 1167
219 323 744 1 233 857
220 587 1063 1 509 1156
221 107 1110 1 37 1209
222 592 955 1 510 1045
223 506 704 1 414 808
224 283 715 1 192 829
225 281 726 1 191 841
226 630 1033 1 550 1118
227 694 1242 1 621 1320
228 661 947 1 576 1035
229 677 1134 1 599 1214
230 395 592 1 298 702
231 412 1214 1 343 1316
232 640 936 1 553 1024
233 676 1225 1 604 1304
234 342 419 1 239 533
235 305 705 1 214 821
236 651 1051 1 570 1134
237 350 447 1 248 560
238 691 1002 1 606 1083
239 95 1115 1 26 1214
240 179 749 1 89 870
241 468 822 1 382 929
242 395 824 1 308 933
243 368 1169 1 297 1274
244 691 1087 1 610 1166
245 535 649 1 440 753
246 260 820 1 173 937
247 626 970 1 543 1058
248 342 1160 1 273 1268
249 553 1211 1 482 1299
250 232 121 1 119 244
251 176 1019 1 101 1118
252 664 1178 1 589 1258
253 652 1087 1 572 1169
254 489 603 1 393 709
255 389 874 1 305 984
256 392 564 1 294 675
257 419 571 1 322 680
258 77 1210 1 12 1308
259 616 986 1 534 1075
260 291 274 1 183 391
261 420 1083 1 345 1184
262 356 774 1 268 886
263 317 415 1 214 529
264 692 1218 1 617 1295
265 134 1253 1 70 1344
266 656 1222 1 583 1304
267 399 705 1 307 814
268 631 945 1 545 1034
269 534 489 1 431 593
270 513 840 1 427 944
271 390 809 1 304 918
272 406 918 1 323 1029
273 457 694 1 366 800
274 515 409 1 409 516
275 300 253 1 191 371
276 333 741 1 244 854
277 589 1013 1 509 1105
278 626 1147 1 551 1232
279 357 731 1 266 843
280 357 432 1 254 545
281 214 1059 1 139 1165
282 397 213 1 285 328
283 316 350 1 210 465
284 120 1159 1 51 1259
285 641 1087 1 562 1170
286 345 159 1 232 278
287 684 1159 1 608 1238
288 275 790 1 190 904
289 363 895 1 280 1007
290 464 421 1 359 530
291 394 549 1 296 659
292 412 1193 1 342 1299
293 356 1163 1 285 1269
294 673 1058 1 592 1139
295 318 249 1 209 365
296 484 686 1 392 791
297 348 431 1 244 544
298 98 1059 1 25 1160
299 293 294 1 186 411
300 66 1094 1 -3 1194
301 379 1226 1 311 1334
302 302 376 1 198 492
303 393 679 1 300 787
304 674 1124 1 596 1204
305 345 267 1 235 383
306 332 311 1 224 426
307 323 939 1 242 1054
308 317 188 1 205 306
309 376 295 1 268 408
310 497 631 1 402 737
311 369 1227 1 302 1335
312 315 235 1 204 352
313 642 1229 1 571 1313
314 335 256 1 225 371
315 513 851 1 428 955
316 355 251 1 246 367
317 389 575 1 292 685
318 321 912 1 239 1027
319 673 1107 1 594 1187
320 332 761 1 244 873
321 417 821 1 330 930
322 637 1156 1 561 1239
323 419 1121 1 345 1224
324 324 399 1 220 514
325 345 964 1 265 1077
326 485 674 1 391 779
327 586 1043 1 507 1135
328 503 284 1 392 394
329 259 857 1 174 974
330 414 629 1 320 738
331 648 990 1 563 1075
332 357 240 1 246 355
333 441 464 1 339 574
334 370 380 1 265 492
335 538 1100 1 465 1205
336 355 278 1 246 393
337 330 301 1 223 416
338 581 1225 1 511 1318
339 321 281 1 212 397
340 413 831 1 327 940
341 338 788 1 250 901
342 676 1203 1 602 1282
343 419 800 1 332 909
344 416 790 1 329 899
345 402 653 1 309 763
346 384 856 1 300 967
347 425 776 1 337 885
348 372 955 1 292 1068
349 256 749 1 168 866
350 305 215 1 194 333
351 357 941 1 276 1053
