0 284 633 1 205 745
1 294 524 1 210 637
2 288 581 1 207 694
3 303 872 1 234 986
4 282 482 1 196 596
5 326 524 1 242 636
6 276 644 1 197 757
7 308 789 1 236 901
8 277 727 1 201 841
9 276 536 1 192 649
10 289 570 1 208 684
11 327 480 1 242 593
12 294 534 1 211 648
13 671 1175 1 605 1242
14 265 859 1 195 974
15 321 586 1 240 698
16 263 892 1 194 1007
17 290 1082 1 230 1199
18 280 700 1 202 814
19 284 657 1 205 770
20 264 872 1 194 987
21 292 1068 1 230 1185
22 302 883 1 233 996
23 309 774 1 236 887
24 318 631 1 239 743
25 124 773 1 50 892
26 295 514 1 211 627
27 319 643 1 240 755
28 278 713 1 202 827
29 144 832 1 72 952
30 322 564 1 240 678
31 316 656 1 238 768
32 307 806 1 235 918
33 293 502 1 208 615
34 653 1077 1 583 1149
35 293 1048 1 231 1164
36 330 459 1 243 570
37 229 452 1 144 568
38 271 582 1 189 691
39 273 557 1 190 671
40 290 1095 1 230 1212
41 248 1055 1 186 1173
42 609 1228 1 547 1302
43 207 150 1 111 271
44 279 503 1 195 616
45 244 1078 1 182 1197
46 302 894 1 233 1007
47 281 683 1 203 797
48 241 1067 1 178 1186
49 245 1094 1 184 1214
50 265 639 1 186 753
51 287 420 1 201 534
52 594 1163 1 532 1241
53 686 947 1 610 1023
54 249 785 1 176 900
55 319 617 1 239 729
56 681 1174 1 614 1240
57 252 756 1 177 871
58 305 837 1 235 950
59 210 135 1 113 257
60 266 617 1 186 731
61 294 1245 1 239 1324
62 181 667 1 103 785
63 260 683 1 182 797
64 288 618 1 208 732
65 61 1145 1 10 1226
66 62 1118 1 10 1204
67 667 1089 1 597 1159
68 184 1030 1 125 1115
69 142 821 1 70 941
70 243 836 1 172 951
71 238 893 1 169 1009
72 194 147 1 99 268
73 639 1030 1 568 1104
74 641 1182 1 576 1253
75 656 1160 1 590 1228
76 328 539 1 245 651
77 245 355 1 156 472
78 607 1183 1 545 1258
79 62 1108 1 10 1193
80 670 1019 1 597 1090
81 296 733 1 220 846
82 325 576 1 244 687
83 342 1212 1 287 1309
84 610 1129 1 544 1203
85 609 1169 1 546 1244
86 685 1019 1 611 1090
87 46 1048 1 -9 1141
88 654 1244 1 593 1314
89 589 1246 1 531 1328
90 685 922 1 608 1001
91 197 136 1 101 258
92 667 937 1 590 1013
93 623 1115 1 555 1188
94 314 1182 1 257 1262
95 282 452 1 195 566
96 583 1094 1 517 1179
97 278 619 1 198 732
98 68 1166 1 18 1245
99 62 1036 1 5 1128
100 673 949 1 598 1025
101 204 975 1 141 1066
102 436 958 1 371 1065
103 91 1231 1 44 1302
104 108 1244 1 60 1312
105 286 431 1 199 546
106 128 1205 1 78 1279
107 692 984 1 616 1056
108 655 1148 1 588 1217
109 380 958 1 315 1069
110 267 595 1 186 708
111 134 1084 1 81 1163
112 670 1110 1 602 1179
113 597 1231 1 536 1305
114 313 728 1 237 840
115 391 1161 1 333 1256
116 293 1057 1 231 1174
117 384 574 1 302 684
118 163 1229 1 115 1291
119 585 1005 1 516 1089
120 37 1255 1 -6 1331
121 47 1179 1 0 1258
122 262 659 1 184 773
123 640 1193 1 577 1263
124 291 388 1 202 502
125 207 1255 1 158 1329
126 578 1029 1 510 1113
127 677 1236 1 615 1304
128 644 1147 1 578 1216
129 342 1223 1 287 1322
130 599 969 1 528 1054
131 644 1249 1 584 1320
132 571 1179 1 512 1264
133 270 700 1 194 814
134 614 1238 1 554 1312
135 56 1046 1 0 1138
136 288 404 1 200 519
137 68 1002 1 10 1097
138 329 1166 1 273 1262
139 691 1179 1 623 1244
140 596 1010 1 527 1092
141 652 982 1 578 1057
142 688 1095 1 617 1163
143 675 1100 1 604 1169
144 620 1135 1 555 1210
145 44 1004 1 -16 1110
146 29 1146 1 -20 1232
147 673 988 1 599 1061
148 80 1124 1 28 1204
149 418 515 1 334 624
150 558 1227 1 500 1315
151 355 1148 1 296 1243
152 413 299 1 321 409
153 575 1244 1 519 1329
154 32 1007 1 -27 1113
155 618 1046 1 549 1123
156 184 144 1 89 266
157 24 1136 1 -30 1227
158 608 1202 1 547 1277
159 45 1058 1 -10 1153
160 684 1049 1 611 1118
161 274 656 1 195 770
162 147 937 1 84 1030
163 47 1152 1 -1 1232
164 52 1243 1 8 1318
165 686 1123 1 617 1191
166 239 1053 1 176 1171
167 147 1042 1 91 1126
168 131 1130 1 80 1206
169 646 922 1 572 1004
170 656 1046 1 585 1118
171 210 160 1 115 281
172 168 722 1 90 842
173 598 1114 1 534 1191
174 45 1189 1 0 1263
175 619 1076 1 552 1152
176 265 1172 1 211 1241
177 303 707 1 228 819
178 563 1065 1 498 1151
179 63 1021 1 6 1114
180 260 806 1 188 920
181 62 1241 1 18 1313
182 587 1110 1 523 1191
183 644 1041 1 573 1115
184 383 1117 1 323 1211
185 290 1116 1 231 1234
186 516 1089 1 457 1192
187 556 1207 1 495 1284
188 626 1223 1 565 1295
189 359 1159 1 301 1254
190 343 1186 1 286 1282
191 256 350 1 166 466
192 556 1187 1 497 1273
193 637 1066 1 568 1139
194 659 1171 1 593 1240
195 410 1153 1 352 1247
196 681 1246 1 619 1312
197 171 1003 1 112 1088
198 608 1035 1 538 1114
199 635 940 1 561 1022
200 685 963 1 609 1037
201 594 1186 1 534 1267
202 248 1195 1 195 1258
203 394 571 1 311 681
204 250 775 1 177 889
205 670 1217 1 606 1285
206 631 1133 1 565 1205
207 687 1009 1 614 1080
208 438 1231 1 385 1343
209 365 1147 1 306 1243
210 679 1060 1 607 1129
211 414 958 1 349 1067
212 637 950 1 564 1032
213 634 994 1 561 1069
214 333 1189 1 276 1286
215 438 679 1 360 785
216 486 642 1 407 746
217 695 1110 1 624 1177
218 270 687 1 193 801
219 603 1062 1 535 1142
220 665 1100 1 595 1169
221 554 1084 1 493 1171
222 253 891 1 184 1007
223 90 1064 1 37 1147
224 651 1089 1 582 1160
225 308 744 1 233 856
226 573 1064 1 508 1151
227 579 957 1 508 1040
228 491 704 1 414 807
229 268 715 1 192 828
230 602 953 1 530 1036
231 266 726 1 191 840
232 617 1036 1 548 1112
233 647 949 1 574 1030
234 664 1138 1 597 1206
235 380 592 1 298 702
236 398 1217 1 343 1310
237 626 937 1 552 1019
238 49 1101 1 -1 1184
239 664 1229 1 601 1295
240 327 418 1 239 532
241 290 705 1 214 820
242 638 1054 1 568 1128
243 335 447 1 248 559
244 677 1004 1 604 1077
245 164 750 1 89 869
246 454 822 1 382 928
247 380 824 1 308 932
248 678 1090 1 608 1159
249 245 821 1 173 936
250 612 972 1 541 1053
251 540 1215 1 480 1292
252 216 121 1 119 243
253 160 1025 1 102 1110
254 651 1181 1 587 1251
255 450 495 1 363 595
256 515 651 1 435 753
257 184 863 1 118 955
258 639 1089 1 570 1162
259 474 603 1 393 708
260 375 874 1 305 983
261 377 564 1 294 674
262 404 570 1 322 679
263 602 987 1 532 1070
264 275 274 1 183 390
265 407 1086 1 345 1179
266 341 774 1 268 885
267 302 414 1 214 528
268 302 697 1 225 809
269 679 1221 1 615 1287
270 643 1226 1 580 1296
271 384 705 1 307 813
272 617 947 1 544 1029
273 519 489 1 431 592
274 499 840 1 427 943
275 376 809 1 304 917
276 391 918 1 324 1027
277 442 693 1 366 799
278 499 409 1 409 515
279 285 253 1 191 370
280 319 741 1 244 853
281 575 1015 1 508 1100
282 613 1150 1 549 1226
283 342 732 1 267 842
284 341 432 1 254 544
285 199 1064 1 140 1159
286 381 213 1 285 328
287 300 350 1 210 465
288 628 1090 1 560 1164
289 329 159 1 232 278
290 671 1163 1 605 1230
291 349 895 1 280 1005
292 449 421 1 359 529
293 379 549 1 296 659
294 399 1195 1 342 1295
295 342 1167 1 284 1263
296 660 1061 1 589 1133
297 302 249 1 210 365
298 470 686 1 392 790
299 332 431 1 245 543
300 277 294 1 186 411
301 365 1228 1 311 1329
302 287 375 1 198 491
303 378 679 1 300 787
304 661 1128 1 593 1197
305 329 267 1 235 382
306 316 311 1 225 426
307 309 939 1 242 1053
308 301 188 1 205 306
309 360 295 1 268 408
310 482 630 1 402 736
311 356 1230 1 301 1330
312 300 234 1 205 351
313 629 1232 1 569 1305
314 319 255 1 225 371
315 499 851 1 428 953
316 339 250 1 246 367
317 374 575 1 292 684
318 307 913 1 239 1026
319 660 1111 1 591 1180
320 318 761 1 244 872
321 402 821 1 330 929
322 624 1159 1 558 1231
323 309 399 1 220 514
324 331 964 1 265 1076
325 470 673 1 391 778
326 572 1045 1 506 1130
327 488 284 1 392 393
328 245 858 1 174 973
329 399 629 1 320 737
330 341 240 1 246 355
331 426 464 1 339 573
332 355 379 1 265 491
333 524 1099 1 464 1203
334 340 277 1 247 392
335 315 300 1 223 416
336 568 1228 1 510 1312
337 305 281 1 212 396
338 398 831 1 327 939
339 323 788 1 251 900
340 663 1207 1 599 1274
341 405 800 1 332 908
342 401 790 1 329 898
343 387 653 1 309 762
344 370 856 1 300 965
345 411 776 1 337 883
346 358 956 1 292 1067
347 241 750 1 168 865
348 289 215 1 194 333
349 342 941 1 276 1052
