0 270 619 1 206 747
1 261 521 1 193 650
2 292 861 1 235 991
3 311 509 1 243 637
4 270 644 1 206 773
5 264 715 1 202 844
6 266 467 1 197 597
7 274 556 1 208 685
8 280 500 1 212 628
9 312 465 1 243 593
10 279 520 1 212 649
11 279 510 1 211 638
12 254 848 1 195 979
13 282 1072 1 231 1207
14 297 775 1 236 905
15 678 1203 1 626 1304
16 656 1099 1 601 1202
17 253 861 1 195 992
18 283 1059 1 231 1193
19 291 872 1 234 1002
20 297 762 1 237 891
21 307 572 1 241 700
22 305 617 1 240 745
23 111 762 1 49 896
24 306 629 1 241 757
25 266 700 1 203 829
26 252 882 1 194 1012
27 132 821 1 72 956
28 308 550 1 241 679
29 303 643 1 239 770
30 295 794 1 236 922
31 258 543 1 191 672
32 284 1038 1 232 1171
33 314 443 1 244 571
34 213 438 1 144 569
35 256 563 1 189 693
36 275 488 1 208 616
37 282 1085 1 231 1220
38 239 1046 1 186 1181
39 186 132 1 111 269
40 610 1254 1 563 1361
41 235 1069 1 183 1205
42 594 1180 1 545 1290
43 291 883 1 234 1012
44 232 1058 1 178 1194
45 236 1086 1 184 1222
46 251 625 1 186 755
47 263 488 1 195 617
48 271 405 1 201 534
49 268 671 1 204 799
50 258 795 1 198 924
51 687 956 1 628 1061
52 299 1221 1 254 1333
53 211 985 1 159 1102
54 306 603 1 240 731
55 666 938 1 606 1044
56 239 744 1 178 874
57 237 773 1 177 904
58 294 825 1 236 955
59 645 1124 1 592 1227
60 189 117 1 113 255
61 177 119 1 100 256
62 168 654 1 103 786
63 624 1137 1 571 1241
64 253 604 1 187 733
65 246 670 1 182 799
66 274 605 1 209 733
67 261 631 1 198 760
68 622 1197 1 573 1302
69 607 1232 1 559 1339
70 611 1190 1 561 1297
71 671 1112 1 617 1213
72 694 1236 1 644 1336
73 130 810 1 69 945
74 232 825 1 172 956
75 227 883 1 169 1015
76 586 1057 1 532 1167
77 102 1175 1 60 1283
78 70 1237 1 27 1354
79 173 129 1 98 266
80 580 1221 1 533 1333
81 644 1208 1 594 1313
82 102 1137 1 59 1247
83 313 524 1 246 652
84 688 1202 1 636 1302
85 228 339 1 156 471
86 675 959 1 615 1064
87 73 1060 1 27 1175
88 641 1047 1 585 1151
89 684 927 1 624 1034
90 661 1187 1 610 1288
91 284 720 1 221 850
92 311 561 1 244 689
93 266 436 1 195 566
94 695 998 1 636 1100
95 229 1126 1 178 1264
96 160 1063 1 112 1178
97 688 1035 1 631 1138
98 114 1159 1 72 1271
99 678 1220 1 628 1322
100 285 1221 1 239 1340
101 264 605 1 199 734
102 674 1036 1 616 1139
103 652 1075 1 598 1178
104 607 1204 1 560 1312
105 301 1198 1 254 1310
106 427 945 1 374 1071
107 694 1013 1 636 1115
108 691 937 1 631 1043
109 270 416 1 200 547
110 556 1234 1 507 1342
111 659 1173 1 608 1276
112 581 1012 1 527 1123
113 371 947 1 317 1075
114 253 581 1 187 710
115 147 1253 1 106 1363
116 623 1232 1 575 1337
117 571 1189 1 523 1304
118 98 1186 1 57 1295
119 182 999 1 131 1117
120 358 1133 1 309 1253
121 249 645 1 185 774
122 301 715 1 238 843
123 599 1255 1 551 1363
124 285 1047 1 232 1181
125 370 559 1 304 685
126 645 1219 1 595 1323
127 677 1007 1 618 1108
128 623 1162 1 572 1268
129 383 1172 1 335 1294
130 679 1125 1 625 1225
131 579 1102 1 528 1215
132 245 689 1 182 818
133 695 1058 1 639 1158
134 344 1192 1 297 1315
135 274 372 1 203 502
136 161 1114 1 113 1235
137 154 710 1 91 843
138 248 794 1 189 925
139 332 1190 1 285 1314
140 648 1172 1 597 1275
141 116 1092 1 71 1206
142 596 976 1 540 1087
143 574 1036 1 521 1148
144 586 1124 1 535 1234
145 645 1058 1 590 1163
146 257 688 1 194 817
147 637 1079 1 582 1183
148 346 1162 1 297 1283
149 272 388 1 201 518
150 98 1102 1 52 1217
151 560 1074 1 508 1187
152 42 1182 1 1 1295
153 620 1092 1 567 1199
154 653 994 1 594 1099
155 693 1117 1 638 1218
156 364 1183 1 317 1306
157 644 928 1 585 1036
158 143 1039 1 96 1153
159 397 282 1 322 410
160 334 1225 1 287 1351
161 163 126 1 88 264
162 184 1214 1 136 1342
163 50 1024 1 1 1146
164 569 1212 1 523 1327
165 580 1085 1 530 1196
166 161 922 1 108 1041
167 579 1255 1 533 1368
168 641 1114 1 587 1217
169 597 1229 1 549 1337
170 62 964 1 13 1087
171 593 1018 1 539 1128
172 688 1068 1 631 1170
173 634 945 1 575 1054
174 692 1149 1 638 1248
175 165 1255 1 119 1385
176 120 959 1 70 1079
177 350 1172 1 302 1294
178 230 1044 1 176 1179
179 325 964 1 270 1094
180 240 1226 1 198 1326
181 190 143 1 114 280
182 59 977 1 10 1099
183 43 1194 1 3 1306
184 311 1195 1 264 1306
185 260 644 1 196 772
186 659 1064 1 603 1167
187 290 694 1 229 822
188 336 1166 1 287 1288
189 614 953 1 556 1062
190 322 1204 1 276 1328
191 210 1218 1 167 1325
192 631 1111 1 576 1215
193 305 1148 1 257 1271
194 667 1219 1 616 1319
195 374 1130 1 325 1251
196 282 1107 1 232 1243
197 509 1080 1 461 1204
198 67 1135 1 24 1248
199 629 1249 1 582 1355
200 77 1214 1 35 1328
201 238 335 1 167 465
202 617 1066 1 563 1173
203 635 955 1 577 1064
204 663 1198 1 613 1300
205 403 1164 1 355 1285
206 254 1202 1 206 1329
207 567 1107 1 518 1221
208 563 1169 1 516 1285
209 622 943 1 565 1052
210 669 1133 1 615 1235
211 380 556 1 312 682
212 238 763 1 177 893
213 608 997 1 553 1106
214 633 1155 1 582 1260
215 432 1221 1 387 1354
216 683 1081 1 627 1182
217 406 946 1 351 1073
218 116 1080 1 71 1194
219 333 1200 1 286 1325
220 181 1093 1 132 1213
221 560 1203 1 513 1318
222 128 1103 1 82 1216
223 50 1216 1 11 1326
224 257 674 1 193 804
225 602 1078 1 549 1186
226 647 950 1 588 1057
227 181 1190 1 135 1309
228 244 1191 1 197 1319
229 669 1122 1 615 1224
230 242 880 1 185 1012
231 49 1142 1 6 1255
232 654 1110 1 600 1213
233 296 732 1 234 860
234 611 1149 1 560 1255
235 570 1072 1 518 1185
236 575 963 1 519 1074
237 480 690 1 417 812
238 598 957 1 542 1068
239 617 1050 1 563 1157
240 394 1182 1 347 1306
241 155 1024 1 107 1138
242 685 981 1 626 1086
243 333 1235 1 288 1361
244 519 504 1 449 625
245 669 1163 1 617 1265
246 56 1112 1 12 1225
247 366 577 1 299 703
248 311 403 1 240 532
249 277 693 1 214 822
250 686 916 1 627 1024
251 610 1177 1 560 1284
252 319 431 1 249 559
253 372 1165 1 325 1287
254 152 737 1 90 871
255 128 1201 1 83 1322
256 443 809 1 385 933
257 607 981 1 550 1092
258 369 812 1 309 938
259 683 1112 1 628 1214
260 596 990 1 540 1101
261 233 810 1 174 940
262 553 1090 1 502 1205
263 695 1023 1 634 1126
264 538 1241 1 492 1350
265 317 1247 1 272 1374
266 391 1233 1 346 1354
267 684 993 1 625 1097
268 195 103 1 118 241
269 132 1061 1 85 1176
270 656 1208 1 606 1311
271 689 1127 1 635 1228
272 503 636 1 438 757
273 616 1010 1 560 1119
274 461 587 1 396 710
275 364 863 1 307 990
276 363 549 1 296 675
277 390 555 1 323 681
278 257 257 1 183 390
279 397 1096 1 348 1216
280 329 762 1 269 889
281 286 399 1 215 528
282 288 683 1 225 811
283 680 1154 1 627 1255
284 686 1252 1 637 1353
285 87 1210 1 45 1326
286 620 1216 1 571 1322
287 647 1252 1 599 1357
288 425 665 1 361 788
289 372 691 1 308 816
290 604 1038 1 549 1147
291 489 828 1 430 949
292 364 797 1 306 923
293 382 906 1 325 1033
294 431 680 1 368 803
295 489 692 1 426 813
296 266 236 1 191 369
297 461 555 1 393 677
298 306 728 1 245 856
299 572 1022 1 518 1134
300 330 719 1 268 845
301 326 416 1 255 544
302 363 194 1 286 327
303 283 334 1 210 465
304 311 141 1 232 276
305 677 1190 1 626 1291
306 338 885 1 282 1013
307 434 404 1 361 530
308 70 1031 1 24 1145
309 570 1233 1 522 1341
310 305 918 1 249 1048
311 663 1080 1 608 1183
312 284 231 1 210 364
313 60 1148 1 18 1259
314 317 415 1 245 544
315 255 701 1 192 831
316 349 1208 1 303 1333
317 581 1192 1 532 1305
318 259 278 1 186 410
319 577 1134 1 527 1245
320 358 1237 1 313 1364
321 270 360 1 199 491
322 366 664 1 301 789
323 665 1152 1 613 1254
324 311 249 1 236 381
325 298 294 1 225 426
326 299 929 1 243 1060
327 282 170 1 205 304
328 362 1173 1 314 1295
329 342 278 1 268 408
330 348 1240 1 303 1366
331 281 217 1 205 350
332 268 793 1 208 922
333 301 238 1 225 370
334 489 838 1 431 960
335 322 233 1 246 366
336 360 560 1 294 686
337 296 902 1 240 1032
338 306 748 1 245 876
339 391 810 1 332 935
340 392 1163 1 344 1286
341 293 383 1 221 513
342 321 955 1 266 1084
343 458 658 1 393 781
344 661 1042 1 604 1146
345 295 809 1 236 938
346 472 265 1 394 393
347 460 577 1 392 700
348 570 1199 1 523 1315
349 233 847 1 174 978
350 386 614 1 322 740
351 635 1196 1 585 1301
352 323 222 1 247 354
353 411 448 1 340 574
354 260 618 1 196 747
355 339 363 1 266 492
356 604 1067 1 550 1175
357 518 1090 1 469 1215
358 322 260 1 247 391
359 297 284 1 223 415
360 680 1240 1 630 1344
361 287 264 1 213 396
362 625 1185 1 575 1289
363 312 776 1 252 904
364 649 983 1 591 1089
365 394 788 1 334 913
366 390 778 1 330 903
367 375 638 1 311 764
368 359 845 1 301 972
369 399 763 1 338 888
370 348 945 1 293 1074
371 229 738 1 168 869
372 271 197 1 195 332
373 332 931 1 277 1060
