0 259 604 1 203 696
1 265 593 1 210 685
2 291 900 1 237 993
3 294 814 1 238 906
4 267 544 1 212 638
5 263 681 1 208 773
6 262 655 1 207 748
7 253 503 1 198 596
8 270 492 1 215 585
9 259 753 1 203 845
10 269 555 1 213 648
11 252 888 1 197 981
12 299 549 1 244 641
13 250 558 1 195 650
14 287 1116 1 233 1211
15 300 500 1 245 592
16 247 599 1 191 692
17 252 536 1 197 628
18 252 901 1 197 994
19 288 1102 1 233 1197
20 291 912 1 236 1004
21 298 607 1 242 699
22 297 653 1 241 745
23 106 805 1 50 897
24 269 535 1 213 627
25 129 864 1 73 958
26 293 832 1 238 924
27 294 800 1 239 892
28 248 579 1 192 672
29 267 614 1 212 706
30 289 1081 1 234 1175
31 302 477 1 245 570
32 288 1129 1 233 1225
33 243 1090 1 188 1185
34 298 586 1 243 678
35 164 169 1 111 266
36 240 1114 1 184 1209
37 266 522 1 210 615
38 291 922 1 236 1015
39 234 811 1 178 905
40 237 1103 1 180 1198
41 243 663 1 188 755
42 241 1131 1 186 1227
43 252 523 1 197 616
44 212 1219 1 156 1316
45 242 1077 1 186 1172
46 261 708 1 206 800
47 255 834 1 199 926
48 200 474 1 145 568
49 689 1183 1 621 1240
50 251 921 1 196 1015
51 653 1162 1 589 1224
52 659 1209 1 595 1267
53 298 639 1 242 731
54 278 758 1 223 850
55 294 790 1 239 883
56 293 864 1 238 957
57 257 439 1 203 533
58 688 1000 1 623 1068
59 166 154 1 113 252
60 154 156 1 101 253
61 677 1209 1 611 1266
62 161 693 1 104 785
63 244 641 1 188 733
64 240 708 1 184 800
65 234 783 1 179 875
66 303 559 1 248 651
67 615 1156 1 553 1222
68 598 1170 1 539 1241
69 302 596 1 246 688
70 132 1155 1 86 1202
71 82 1225 1 39 1271
72 126 853 1 70 946
73 653 1223 1 589 1280
74 229 866 1 174 958
75 226 925 1 171 1017
76 50 1188 1 11 1230
77 151 167 1 98 263
78 261 728 1 206 820
79 649 1174 1 584 1231
80 212 375 1 157 470
81 626 1185 1 564 1251
82 613 1037 1 552 1109
83 656 1072 1 592 1137
84 265 646 1 210 737
85 235 1172 1 179 1269
86 658 1199 1 593 1256
87 287 1172 1 232 1268
88 605 1123 1 545 1193
89 626 1158 1 563 1220
90 98 1178 1 56 1227
91 252 472 1 196 565
92 255 642 1 200 734
93 645 1048 1 582 1117
94 256 452 1 201 545
95 669 1004 1 605 1072
96 210 1208 1 154 1306
97 119 1037 1 73 1100
98 630 1014 1 569 1085
99 361 593 1 306 685
100 253 680 1 197 773
101 243 618 1 188 710
102 665 987 1 600 1058
103 655 1122 1 591 1184
104 586 1170 1 528 1245
105 124 1200 1 79 1245
106 654 1248 1 590 1306
107 683 1155 1 617 1214
108 606 1241 1 546 1307
109 241 683 1 186 775
110 296 752 1 240 844
111 416 1238 1 360 1312
112 289 1090 1 234 1185
113 360 1220 1 307 1293
114 631 1211 1 569 1274
115 678 1065 1 612 1129
116 51 1107 1 5 1168
117 395 1246 1 340 1321
118 598 1073 1 539 1146
119 58 1125 1 18 1172
120 239 727 1 184 819
121 672 1030 1 605 1095
122 337 1214 1 283 1288
123 603 1153 1 542 1222
124 260 407 1 204 501
125 649 1082 1 585 1150
126 366 1207 1 313 1281
127 664 1243 1 601 1300
128 149 749 1 92 843
129 245 834 1 190 926
130 665 1158 1 600 1218
131 35 1211 1 -3 1252
132 281 730 1 226 821
133 651 1005 1 589 1076
134 629 1024 1 566 1095
135 355 1239 1 300 1312
136 258 423 1 202 517
137 251 726 1 196 818
138 148 1011 1 102 1074
139 666 1076 1 601 1140
140 415 1193 1 360 1266
141 609 1199 1 549 1265
142 593 1100 1 532 1172
143 215 1132 1 160 1227
144 671 1198 1 606 1256
145 397 653 1 341 745
146 677 1017 1 612 1084
147 103 1217 1 59 1261
148 647 1137 1 584 1200
149 676 1220 1 611 1277
150 630 1144 1 566 1207
151 403 1218 1 349 1295
152 670 1126 1 603 1185
153 636 1183 1 573 1244
154 652 1236 1 588 1293
155 421 525 1 367 627
156 141 163 1 88 261
157 616 1231 1 556 1297
158 44 1061 1 0 1123
159 612 1084 1 552 1153
160 359 1250 1 305 1323
161 83 1235 1 40 1280
162 212 1178 1 157 1275
163 86 1202 1 42 1257
164 52 1075 1 8 1137
165 589 1085 1 529 1157
166 234 1088 1 178 1183
167 328 1006 1 273 1098
168 432 982 1 377 1075
169 640 1164 1 577 1230
170 167 179 1 114 276
171 569 1154 1 512 1228
172 371 590 1 315 682
173 44 1240 1 5 1279
174 636 1076 1 574 1145
175 489 872 1 434 963
176 299 780 1 243 872
177 102 1204 1 59 1248
178 587 1135 1 529 1208
179 367 850 1 312 941
180 680 1140 1 613 1200
181 384 1205 1 329 1278
182 288 1217 1 233 1312
183 502 629 1 444 719
184 289 1152 1 234 1248
185 519 1121 1 466 1212
186 641 1004 1 579 1074
187 578 1140 1 519 1212
188 40 1076 1 -2 1136
189 694 1165 1 628 1220
190 222 370 1 168 464
191 658 1138 1 594 1200
192 615 1132 1 551 1196
193 656 1016 1 593 1086
194 410 799 1 355 890
195 464 542 1 411 641
196 630 1172 1 566 1233
197 695 1255 1 628 1309
198 591 1144 1 533 1218
199 624 1044 1 563 1114
200 629 1061 1 567 1130
201 120 1222 1 75 1267
202 424 395 1 366 487
203 364 837 1 308 926
204 43 1229 1 4 1268
205 229 38 1 175 140
206 357 611 1 302 703
207 124 1190 1 79 1238
208 642 1100 1 579 1163
209 690 1145 1 623 1203
210 384 1239 1 329 1314
211 644 1126 1 581 1190
212 612 1104 1 551 1173
213 414 983 1 354 1076
214 241 921 1 186 1014
215 340 837 1 284 928
216 690 1119 1 623 1180
217 401 552 1 345 644
218 686 1195 1 620 1252
219 292 769 1 236 861
220 297 437 1 242 531
221 258 1087 1 202 1182
222 489 862 1 434 952
223 592 1026 1 531 1097
224 381 588 1 325 680
225 457 305 1 399 400
226 323 1230 1 268 1303
227 476 412 1 419 506
228 626 1088 1 565 1156
229 250 714 1 195 805
230 341 937 1 285 1028
231 653 1101 1 588 1164
232 272 730 1 216 823
233 690 1132 1 623 1190
234 306 465 1 251 558
235 673 1187 1 607 1244
236 636 1194 1 575 1258
237 147 777 1 91 871
238 679 1111 1 614 1173
239 613 1050 1 553 1123
240 443 844 1 388 935
241 394 1235 1 339 1311
242 271 450 1 216 543
243 298 627 1 243 719
244 465 527 1 411 631
245 474 622 1 417 712
246 231 850 1 175 942
247 362 869 1 307 960
248 277 1189 1 222 1286
249 278 419 1 223 512
250 414 1227 1 359 1301
251 374 1240 1 319 1314
252 231 1130 1 175 1226
253 588 1245 1 530 1319
254 587 1122 1 527 1193
255 172 139 1 118 238
256 674 1177 1 608 1236
257 372 889 1 316 981
258 585 1160 1 525 1234
259 500 619 1 442 709
260 150 760 1 93 853
261 457 680 1 401 770
262 381 1215 1 326 1288
263 312 1226 1 259 1299
264 364 902 1 309 993
265 353 583 1 298 675
266 682 1101 1 616 1163
267 609 1074 1 548 1144
268 302 267 1 248 363
269 259 214 1 204 310
270 680 1231 1 614 1286
271 239 292 1 184 387
272 323 184 1 267 281
273 283 720 1 227 812
274 148 1113 1 103 1162
275 308 283 1 253 379
276 118 1057 1 70 1120
277 352 566 1 296 659
278 580 1150 1 520 1223
279 259 251 1 206 348
280 420 698 1 364 789
281 367 725 1 311 817
282 300 202 1 244 298
283 468 1023 1 413 1114
284 351 728 1 295 820
285 384 943 1 328 1036
286 485 725 1 429 815
287 443 588 1 387 680
288 247 271 1 192 367
289 508 819 1 451 908
290 298 1202 1 243 1298
291 453 586 1 396 677
292 302 765 1 246 857
293 490 619 1 433 707
294 596 1134 1 537 1205
295 423 707 1 368 797
296 325 755 1 270 846
297 312 450 1 256 543
298 254 513 1 199 606
299 343 226 1 288 324
300 267 369 1 212 463
301 572 100 1 508 203
302 289 174 1 234 272
303 466 417 1 409 511
304 339 926 1 284 1016
305 667 1018 1 603 1086
306 421 434 1 364 528
307 378 911 1 323 1003
308 331 961 1 276 1053
309 588 433 1 526 524
310 379 862 1 323 954
311 306 959 1 251 1051
312 381 672 1 325 763
313 368 673 1 313 765
314 265 266 1 211 361
315 273 719 1 217 811
316 598 1207 1 539 1275
317 274 1211 1 220 1308
318 678 1240 1 612 1295
319 241 313 1 187 408
320 280 875 1 225 968
321 491 634 1 434 722
322 344 952 1 289 1044
323 255 396 1 200 489
324 360 699 1 304 790
325 347 814 1 292 906
326 293 283 1 237 379
327 281 329 1 226 423
328 409 811 1 353 901
329 300 970 1 245 1063
330 262 204 1 207 301
331 325 311 1 270 406
332 453 707 1 396 796
333 302 449 1 247 542
334 355 858 1 300 949
335 623 1077 1 562 1147
336 420 672 1 364 763
337 265 832 1 210 924
338 282 272 1 227 367
339 247 352 1 193 446
340 157 178 1 104 276
341 224 777 1 169 870
342 352 594 1 296 685
343 297 943 1 242 1035
344 265 230 1 211 326
345 330 884 1 274 975
346 404 1236 1 349 1310
347 397 243 1 340 340
348 323 997 1 268 1088
349 453 690 1 396 781
350 434 833 1 379 924
351 293 848 1 238 940
352 255 335 1 200 429
353 365 712 1 309 802
354 444 824 1 388 915
355 603 1037 1 542 1107
356 452 608 1 395 699
357 383 887 1 328 980
358 232 888 1 176 980
359 301 510 1 245 602
360 637 1036 1 575 1106
361 304 255 1 248 351
362 399 479 1 342 572
363 253 655 1 197 747
364 324 396 1 267 490
365 341 883 1 286 974
366 279 208 1 225 306
367 528 1132 1 473 1222
368 304 293 1 249 389
369 279 318 1 225 413
370 444 947 1 389 1039
371 341 805 1 286 896
372 268 298 1 214 394
373 341 177 1 285 275
374 309 813 1 254 905
375 242 696 1 187 788
376 475 725 1 419 815
377 392 824 1 337 915
378 377 825 1 322 915
379 388 815 1 333 906
380 403 563 1 346 655
381 359 884 1 304 975
382 397 798 1 341 890
383 351 985 1 296 1077
384 367 633 1 312 725
385 251 233 1 196 329
386 407 589 1 350 681
387 334 972 1 279 1064
388 589 502 1 528 591
389 330 791 1 276 883
