0 256 585 1 203 697
1 262 574 1 210 686
2 269 482 1 217 595
3 290 884 1 237 997
4 292 796 1 239 909
5 265 526 1 213 639
6 260 663 1 208 775
7 260 637 1 208 749
8 250 485 1 198 596
9 267 473 1 215 585
10 294 648 1 242 759
11 234 1088 1 180 1204
12 266 537 1 214 649
13 250 872 1 197 985
14 297 530 1 244 642
15 247 539 1 195 651
16 287 1100 1 233 1218
17 297 481 1 245 593
18 244 581 1 191 693
19 249 517 1 197 629
20 250 885 1 197 998
21 287 1086 1 234 1203
22 289 895 1 237 1008
23 296 589 1 243 701
24 295 636 1 242 747
25 103 789 1 49 900
26 266 517 1 214 628
27 256 737 1 203 848
28 269 462 1 217 575
29 126 848 1 72 961
30 241 1116 1 186 1234
31 408 764 1 356 874
32 291 815 1 239 927
33 292 784 1 239 895
34 245 561 1 193 673
35 264 596 1 212 708
36 288 1065 1 234 1181
37 298 510 1 246 622
38 287 1114 1 233 1231
39 242 1074 1 188 1191
40 159 148 1 110 264
41 239 1098 1 185 1215
42 263 503 1 210 616
43 289 906 1 237 1019
44 232 794 1 178 908
45 106 991 1 50 1107
46 240 646 1 188 757
47 670 1228 1 611 1317
48 250 505 1 197 617
49 211 1203 1 156 1324
50 241 1062 1 187 1178
51 665 1080 1 606 1173
52 259 690 1 206 802
53 296 567 1 244 679
54 253 817 1 200 929
55 196 455 1 145 568
56 249 906 1 196 1019
57 298 458 1 246 570
58 625 1127 1 570 1224
59 603 1174 1 549 1274
60 295 620 1 242 732
61 276 741 1 223 853
62 292 773 1 240 886
63 294 663 1 241 774
64 291 847 1 238 960
65 254 420 1 203 533
66 300 519 1 248 632
67 161 132 1 112 250
68 149 135 1 100 251
69 687 1227 1 629 1316
70 158 674 1 105 786
71 241 623 1 188 734
72 237 690 1 184 802
73 232 766 1 179 878
74 234 1158 1 180 1277
75 300 540 1 248 652
76 662 1176 1 604 1268
77 645 1063 1 588 1160
78 34 1229 1 -13 1304
79 591 1171 1 537 1274
80 299 578 1 247 690
81 695 1006 1 638 1100
82 124 837 1 69 950
83 227 849 1 174 962
84 225 908 1 171 1022
85 660 1192 1 600 1280
86 679 1009 1 619 1104
87 146 145 1 97 261
88 259 711 1 206 822
89 209 356 1 157 469
90 633 1195 1 577 1290
91 120 1189 1 70 1268
92 664 1239 1 605 1330
93 263 628 1 211 739
94 34 1081 1 -16 1170
95 633 1017 1 576 1115
96 668 1216 1 609 1306
97 368 1216 1 314 1317
98 286 1156 1 233 1275
99 610 1128 1 555 1226
100 635 1171 1 577 1263
101 248 453 1 197 565
102 253 624 1 201 736
103 253 433 1 201 545
104 209 1193 1 154 1313
105 652 1053 1 595 1149
106 29 1095 1 -21 1185
107 125 1024 1 74 1115
108 622 1167 1 565 1261
109 110 1236 1 62 1315
110 639 1225 1 582 1318
111 672 1201 1 613 1290
112 671 990 1 613 1086
113 675 1128 1 616 1219
114 359 574 1 307 686
115 251 662 1 198 775
116 241 600 1 189 712
117 619 1041 1 562 1138
118 664 1133 1 606 1225
119 597 1103 1 542 1203
120 362 1226 1 308 1328
121 694 1173 1 635 1262
122 43 1162 1 -4 1239
123 239 665 1 186 777
124 294 735 1 240 846
125 676 1174 1 617 1264
126 417 1242 1 363 1346
127 324 1210 1 272 1310
128 288 1075 1 235 1191
129 686 1025 1 627 1118
130 688 1076 1 628 1168
131 649 1221 1 592 1314
132 40 1127 1 -11 1216
133 655 1150 1 598 1242
134 682 981 1 624 1077
135 297 674 1 245 785
136 236 709 1 184 821
137 156 981 1 105 1073
138 44 1077 1 -5 1167
139 256 388 1 205 501
140 636 1154 1 579 1248
141 670 1036 1 610 1130
142 105 1003 1 49 1119
143 146 731 1 92 844
144 243 817 1 190 930
145 662 1255 1 604 1345
146 60 1236 1 7 1327
147 279 712 1 226 824
148 658 1009 1 601 1106
149 417 1199 1 363 1301
150 611 1251 1 557 1348
151 520 1108 1 469 1222
152 626 1057 1 570 1155
153 255 404 1 203 517
154 397 515 1 344 628
155 249 708 1 196 820
156 675 1087 1 616 1179
157 666 1144 1 608 1234
158 657 1090 1 599 1185
159 616 1209 1 560 1305
160 88 1211 1 38 1292
161 336 1221 1 283 1323
162 680 1038 1 620 1131
163 214 1116 1 160 1234
164 682 1217 1 623 1306
165 395 634 1 342 746
166 635 1029 1 578 1125
167 606 1116 1 550 1214
168 630 1047 1 574 1144
169 77 1230 1 25 1316
170 152 971 1 100 1062
171 686 1237 1 628 1327
172 226 1203 1 172 1324
173 476 253 1 421 369
174 405 1220 1 351 1325
175 680 1140 1 620 1229
176 269 414 1 218 527
177 355 1246 1 301 1348
178 135 142 1 87 259
179 219 351 1 168 463
180 588 1162 1 534 1264
181 604 1076 1 548 1176
182 689 1155 1 630 1245
183 210 1152 1 155 1273
184 635 1209 1 578 1303
185 211 1163 1 156 1282
186 620 1143 1 564 1236
187 453 602 1 400 712
188 41 1094 1 -8 1184
189 594 1088 1 538 1188
190 684 1194 1 626 1283
191 633 1093 1 576 1189
192 326 991 1 274 1104
193 431 966 1 379 1080
194 162 158 1 114 275
195 574 1155 1 519 1258
196 368 571 1 316 683
197 111 1056 1 60 1144
198 643 1082 1 586 1178
199 489 856 1 437 968
200 296 763 1 244 875
201 90 1240 1 40 1319
202 597 1146 1 542 1247
203 651 975 1 595 1079
204 617 1096 1 561 1194
205 123 1230 1 72 1309
206 366 834 1 313 946
207 645 1206 1 588 1300
208 250 638 1 198 749
209 385 1210 1 331 1313
210 288 1202 1 234 1321
211 501 613 1 447 723
212 288 1136 1 235 1254
213 647 1008 1 591 1104
214 583 1144 1 527 1244
215 668 1154 1 610 1244
216 659 1100 1 601 1194
217 405 1236 1 351 1341
218 378 630 1 326 741
219 409 782 1 356 893
220 482 502 1 429 614
221 621 1020 1 564 1118
222 646 1195 1 589 1289
223 648 1174 1 590 1269
224 636 1065 1 578 1162
225 422 377 1 368 489
226 362 820 1 309 931
227 215 1230 1 160 1336
228 665 1021 1 606 1117
229 355 593 1 303 704
230 257 768 1 205 880
231 113 1225 1 63 1306
232 650 1110 1 593 1203
233 384 1244 1 331 1348
234 463 620 1 409 729
235 103 1075 1 52 1165
236 653 1137 1 595 1230
237 618 1110 1 562 1207
238 239 905 1 186 1019
239 338 821 1 285 932
240 694 1047 1 634 1140
241 398 533 1 346 645
242 290 752 1 237 864
243 294 418 1 242 531
244 257 1071 1 202 1188
245 489 846 1 436 958
246 598 1031 1 541 1127
247 378 569 1 327 681
248 455 284 1 401 400
249 547 803 1 493 913
250 326 1220 1 272 1322
251 298 153 1 247 271
252 322 1236 1 268 1339
253 475 393 1 421 506
254 375 1200 1 320 1305
255 586 1195 1 533 1296
256 247 696 1 195 807
257 339 921 1 286 1034
258 269 713 1 217 825
259 262 244 1 211 360
260 303 446 1 251 558
261 242 251 1 192 366
262 441 537 1 387 648
263 683 1205 1 624 1294
264 145 759 1 91 872
265 689 1124 1 630 1215
266 442 828 1 390 939
267 395 1239 1 341 1344
268 268 430 1 217 543
269 296 609 1 243 720
270 382 926 1 329 1040
271 472 606 1 420 716
272 674 1251 1 616 1340
273 228 833 1 175 946
274 361 853 1 308 964
275 275 399 1 223 512
276 415 1232 1 361 1335
277 374 1245 1 321 1349
278 229 1115 1 175 1232
279 591 1126 1 536 1225
280 412 1186 1 358 1288
281 370 872 1 317 985
282 499 603 1 445 713
283 147 742 1 93 854
284 455 661 1 402 773
285 381 1220 1 328 1322
286 363 887 1 311 999
287 637 1184 1 580 1277
288 351 564 1 299 676
289 692 1114 1 632 1205
290 615 1077 1 559 1175
291 299 247 1 248 362
292 255 193 1 204 309
293 235 272 1 184 387
294 242 611 1 189 723
295 319 162 1 268 280
296 225 27 1 176 148
297 280 703 1 228 814
298 305 263 1 254 378
299 350 547 1 297 660
300 583 1151 1 529 1253
301 255 231 1 206 347
302 418 680 1 365 791
303 364 708 1 312 819
304 296 181 1 245 297
305 467 1008 1 415 1121
306 349 711 1 296 822
307 431 584 1 378 696
308 441 569 1 388 681
309 507 806 1 454 915
310 298 1188 1 244 1307
311 451 567 1 398 678
312 300 749 1 247 860
313 490 603 1 435 712
314 357 679 1 305 792
315 601 1137 1 546 1237
316 422 690 1 369 800
317 323 738 1 271 849
318 309 430 1 257 543
319 251 495 1 199 606
320 340 206 1 288 323
321 263 349 1 212 463
322 573 76 1 514 198
323 484 708 1 432 819
324 285 153 1 234 271
325 465 397 1 411 511
326 337 911 1 285 1022
327 418 415 1 365 529
328 676 1023 1 617 1118
329 377 895 1 324 1007
330 330 946 1 277 1059
331 589 416 1 532 527
332 377 847 1 325 959
333 304 943 1 252 1056
334 379 654 1 327 765
335 366 655 1 314 767
336 270 702 1 218 813
337 274 1196 1 220 1316
338 310 699 1 257 810
339 238 293 1 187 408
340 279 859 1 225 971
341 492 618 1 437 727
342 344 937 1 290 1050
343 252 376 1 201 489
344 345 798 1 293 909
345 289 263 1 238 378
346 277 309 1 227 423
347 407 793 1 354 905
348 299 955 1 245 1068
349 258 183 1 207 300
350 322 292 1 270 405
351 451 690 1 398 800
352 299 429 1 248 542
353 353 842 1 301 954
354 629 1083 1 573 1180
355 662 1046 1 604 1141
356 419 654 1 366 765
357 263 815 1 210 927
358 278 252 1 227 367
359 244 333 1 193 446
360 152 157 1 103 274
361 222 761 1 170 873
362 349 575 1 297 686
363 262 209 1 211 325
364 328 868 1 275 980
365 46 1220 1 -1 1296
366 394 222 1 341 339
367 322 982 1 269 1095
368 452 672 1 398 784
369 434 816 1 381 928
370 291 831 1 239 943
371 251 315 1 200 429
372 363 696 1 310 806
373 442 807 1 390 919
374 609 1041 1 552 1138
375 450 589 1 396 701
376 382 871 1 329 984
377 230 871 1 176 984
378 298 491 1 246 603
379 644 1041 1 587 1136
380 300 235 1 249 350
381 320 377 1 268 490
382 340 868 1 287 979
383 276 187 1 225 304
384 528 1118 1 477 1232
385 300 273 1 249 388
386 275 298 1 225 413
387 443 932 1 390 1044
388 340 788 1 287 900
389 265 278 1 214 393
390 338 156 1 286 273
391 240 678 1 187 790
392 474 708 1 421 818
393 390 808 1 338 919
394 376 809 1 323 920
395 388 799 1 334 910
396 401 544 1 347 656
397 357 868 1 305 980
398 395 782 1 342 893
399 349 970 1 297 1083
400 365 614 1 313 726
401 247 212 1 196 328
402 404 571 1 351 682
403 591 487 1 535 596
404 329 774 1 276 886
