0 253 587 1 204 696
1 258 576 1 211 685
2 267 484 1 218 594
3 285 886 1 238 996
4 288 799 1 239 908
5 262 528 1 213 638
6 257 665 1 208 774
7 256 639 1 208 749
8 248 486 1 199 596
9 265 475 1 215 585
10 290 650 1 242 758
11 227 1090 1 181 1203
12 263 539 1 214 648
13 245 874 1 198 984
14 293 532 1 245 641
15 244 541 1 195 650
16 280 1103 1 234 1216
17 295 482 1 246 592
18 240 582 1 191 693
19 246 519 1 197 628
20 245 887 1 197 997
21 281 1089 1 234 1201
22 284 897 1 237 1007
23 292 591 1 243 700
24 291 638 1 242 746
25 98 790 1 49 899
26 263 518 1 214 628
27 251 738 1 204 847
28 267 464 1 217 575
29 121 849 1 73 960
30 234 1118 1 187 1232
31 404 767 1 356 872
32 286 817 1 239 926
33 288 786 1 240 894
34 242 563 1 193 672
35 261 598 1 212 707
36 282 1068 1 235 1179
37 295 512 1 246 622
38 281 1117 1 234 1230
39 236 1077 1 189 1189
40 158 149 1 111 264
41 233 1101 1 185 1214
42 260 505 1 210 615
43 284 908 1 237 1018
44 227 796 1 179 907
45 100 993 1 51 1106
46 236 647 1 188 756
47 666 1239 1 610 1307
48 247 506 1 197 616
49 204 1206 1 156 1322
50 234 1064 1 187 1177
51 661 1088 1 605 1166
52 255 692 1 206 801
53 292 569 1 244 679
54 248 819 1 200 928
55 194 457 1 146 567
56 244 908 1 196 1018
57 296 460 1 246 570
58 620 1135 1 569 1217
59 598 1181 1 548 1267
60 292 622 1 243 732
61 272 743 1 224 852
62 287 776 1 240 885
63 290 665 1 242 773
64 286 850 1 239 959
65 252 421 1 203 532
66 298 521 1 248 631
67 160 133 1 113 250
68 148 135 1 100 251
69 684 1239 1 627 1306
70 154 675 1 105 786
71 238 625 1 189 734
72 233 692 1 184 801
73 228 768 1 180 877
74 227 1161 1 180 1275
75 297 542 1 249 651
76 658 1186 1 603 1259
77 642 1071 1 587 1153
78 586 1179 1 536 1268
79 296 580 1 247 689
80 691 1014 1 637 1094
81 119 838 1 70 949
82 222 851 1 174 960
83 219 910 1 171 1020
84 656 1202 1 599 1270
85 675 1017 1 618 1097
86 145 146 1 98 261
87 255 713 1 206 821
88 207 357 1 158 469
89 25 1243 1 -7 1289
90 628 1204 1 576 1282
91 112 1199 1 75 1255
92 660 1250 1 603 1320
93 259 630 1 211 738
94 27 1089 1 -12 1160
95 629 1025 1 575 1109
96 664 1227 1 608 1296
97 356 1232 1 308 1321
98 280 1159 1 233 1273
99 606 1136 1 555 1219
100 630 1180 1 576 1254
101 246 455 1 197 565
102 249 626 1 201 735
103 251 434 1 202 545
104 202 1195 1 155 1312
105 648 1061 1 594 1142
106 118 1031 1 77 1106
107 617 1176 1 564 1253
108 101 1247 1 67 1301
109 634 1234 1 581 1309
110 668 1212 1 612 1280
111 668 998 1 612 1080
112 676 1167 1 619 1237
113 672 1138 1 615 1211
114 356 576 1 307 685
115 247 664 1 198 774
116 237 602 1 189 711
117 615 1049 1 562 1132
118 661 1143 1 605 1217
119 593 1111 1 541 1197
120 362 1222 1 315 1310
121 691 1183 1 633 1252
122 34 1173 1 0 1226
123 235 667 1 187 776
124 289 737 1 241 845
125 672 1184 1 615 1255
126 411 1250 1 364 1339
127 317 1217 1 273 1303
128 282 1077 1 235 1190
129 683 1034 1 626 1111
130 685 1085 1 627 1160
131 645 1231 1 591 1305
132 32 1134 1 -6 1207
133 651 1160 1 597 1233
134 679 989 1 623 1071
135 293 676 1 245 784
136 24 1103 1 -16 1175
137 232 711 1 184 820
138 150 988 1 108 1066
139 37 1085 1 -1 1157
140 254 389 1 205 500
141 632 1164 1 578 1239
142 666 1044 1 609 1123
143 99 1004 1 49 1118
144 142 732 1 93 843
145 238 819 1 191 929
146 51 1244 1 11 1317
147 275 714 1 227 823
148 655 1018 1 600 1099
149 412 1207 1 364 1294
150 514 1113 1 469 1219
151 621 1065 1 569 1149
152 252 405 1 203 516
153 394 517 1 344 628
154 245 710 1 196 819
155 103 1063 1 64 1135
156 672 1097 1 615 1171
157 663 1154 1 607 1225
158 653 1099 1 598 1178
159 611 1218 1 559 1297
160 80 1222 1 43 1279
161 330 1228 1 284 1316
162 99 1134 1 56 1213
163 676 1047 1 619 1123
164 678 1228 1 622 1296
165 391 637 1 342 745
166 602 1125 1 550 1208
167 626 1055 1 573 1138
168 399 1227 1 351 1319
169 145 977 1 103 1054
170 682 1248 1 626 1317
171 219 1206 1 172 1322
172 475 255 1 421 368
173 676 1150 1 618 1220
174 267 416 1 218 527
175 349 1253 1 302 1340
176 135 143 1 88 259
177 632 1037 1 577 1119
178 217 352 1 168 463
179 583 1169 1 533 1258
180 599 1084 1 548 1170
181 686 1166 1 629 1236
182 204 1155 1 155 1272
183 286 925 1 238 1035
184 631 1218 1 577 1295
185 205 1165 1 157 1280
186 104 1017 1 54 1130
187 616 1153 1 563 1228
188 450 605 1 400 712
189 34 1102 1 -4 1174
190 590 1096 1 538 1181
191 681 1205 1 624 1274
192 629 1101 1 576 1182
193 321 994 1 274 1103
194 425 969 1 379 1078
195 162 159 1 114 275
196 568 1163 1 519 1252
197 365 574 1 316 682
198 640 1090 1 585 1171
199 484 860 1 437 966
200 292 765 1 244 874
201 82 1251 1 45 1305
202 593 1155 1 541 1241
203 647 981 1 595 1075
204 612 1104 1 560 1188
205 115 1241 1 76 1296
206 361 837 1 313 945
207 641 1216 1 587 1291
208 246 639 1 198 748
209 379 1218 1 332 1306
210 281 1205 1 234 1319
211 498 617 1 447 722
212 282 1139 1 235 1253
213 644 1016 1 590 1098
214 578 1152 1 527 1237
215 665 1164 1 608 1235
216 656 1109 1 600 1186
217 399 1244 1 352 1335
218 375 632 1 326 741
219 405 784 1 357 892
220 480 504 1 430 614
221 632 1074 1 578 1156
222 617 1028 1 563 1112
223 641 1205 1 588 1281
224 68 1242 1 30 1304
225 420 380 1 369 488
226 357 823 1 310 929
227 207 1235 1 162 1330
228 662 1030 1 605 1111
229 352 595 1 303 703
230 253 770 1 205 879
231 105 1236 1 67 1292
232 646 1119 1 592 1195
233 378 1251 1 332 1341
234 459 623 1 409 727
235 96 1083 1 56 1156
236 649 1147 1 594 1222
237 614 1118 1 561 1200
238 234 907 1 187 1017
239 333 823 1 286 931
240 690 1057 1 632 1132
241 396 535 1 346 644
242 285 754 1 237 863
243 292 420 1 243 530
244 251 1074 1 203 1186
245 484 850 1 437 956
246 594 1038 1 541 1121
247 375 572 1 327 681
248 453 287 1 401 399
249 543 807 1 493 912
250 319 1227 1 273 1315
251 298 155 1 248 271
252 316 1243 1 269 1332
253 473 396 1 421 506
254 369 1206 1 320 1299
255 581 1202 1 532 1290
256 243 698 1 195 806
257 334 924 1 287 1032
258 265 715 1 217 824
259 261 246 1 212 360
260 301 448 1 251 558
261 241 252 1 192 366
262 438 539 1 387 648
263 679 1216 1 623 1284
264 140 760 1 92 871
265 685 1134 1 629 1207
266 437 830 1 390 938
267 388 1247 1 341 1337
268 266 432 1 217 543
269 292 611 1 244 719
270 377 929 1 330 1039
271 469 610 1 420 715
272 414 418 1 365 528
273 223 835 1 176 945
274 356 855 1 308 963
275 273 401 1 223 511
276 409 1239 1 362 1329
277 368 1253 1 321 1342
278 223 1117 1 176 1231
279 587 1134 1 536 1219
280 406 1193 1 359 1282
281 365 875 1 318 983
282 496 607 1 445 712
283 143 743 1 94 854
284 452 664 1 403 772
285 375 1227 1 328 1315
286 358 890 1 311 997
287 633 1194 1 579 1268
288 348 566 1 299 675
289 475 877 1 427 983
290 689 1124 1 631 1196
291 611 1085 1 558 1169
292 298 248 1 248 362
293 254 194 1 205 309
294 233 274 1 184 386
295 238 613 1 190 722
296 319 164 1 268 280
297 225 28 1 176 148
298 276 705 1 228 813
299 304 265 1 254 378
300 347 550 1 297 659
301 254 232 1 206 346
302 414 682 1 365 790
303 361 710 1 312 818
304 295 182 1 245 297
305 462 1011 1 415 1119
306 345 713 1 296 821
307 428 587 1 379 695
308 438 572 1 389 680
309 503 809 1 454 913
310 291 1191 1 244 1305
311 448 570 1 398 678
312 295 751 1 247 859
313 486 606 1 436 711
314 354 682 1 305 791
315 597 1145 1 546 1230
316 418 692 1 370 799
317 319 740 1 271 848
318 307 432 1 257 542
319 248 496 1 200 606
320 339 207 1 289 322
321 262 351 1 212 462
322 574 79 1 514 198
323 481 712 1 432 817
324 285 154 1 234 271
325 463 400 1 411 510
326 332 914 1 285 1021
327 672 1032 1 616 1112
328 372 898 1 324 1006
329 325 949 1 277 1057
330 588 421 1 532 526
331 373 850 1 325 957
332 299 945 1 252 1055
333 376 656 1 327 764
334 363 658 1 314 766
335 266 704 1 218 812
336 267 1199 1 221 1314
337 306 701 1 257 810
338 236 295 1 187 407
339 274 861 1 226 970
340 488 621 1 437 726
341 338 940 1 291 1048
342 250 378 1 201 489
343 341 800 1 293 908
344 288 265 1 238 378
345 276 310 1 227 423
346 403 796 1 355 904
347 293 957 1 246 1067
348 257 185 1 207 300
349 320 294 1 271 405
350 448 693 1 399 798
351 297 431 1 248 542
352 349 845 1 301 952
353 625 1091 1 572 1173
354 415 657 1 366 764
355 259 817 1 211 926
356 277 253 1 227 366
357 242 334 1 193 446
358 151 158 1 104 274
359 218 762 1 170 872
360 346 578 1 297 686
361 261 211 1 211 325
362 323 871 1 275 978
363 37 1232 1 4 1281
364 393 225 1 341 338
365 317 984 1 269 1093
366 448 675 1 398 783
367 429 819 1 381 927
368 287 833 1 239 942
369 250 317 1 201 429
370 359 698 1 311 805
371 438 810 1 390 918
372 605 1049 1 552 1132
373 447 592 1 396 700
374 377 874 1 330 982
375 225 873 1 177 983
376 410 724 1 361 832
377 295 492 1 246 602
378 640 1049 1 586 1130
379 299 237 1 249 350
380 369 822 1 321 928
381 318 379 1 268 490
382 335 871 1 287 978
383 275 189 1 225 304
384 522 1123 1 477 1230
385 299 275 1 250 388
386 274 300 1 225 412
387 438 935 1 391 1043
388 335 791 1 288 898
389 263 280 1 214 393
390 337 158 1 286 273
391 236 680 1 188 789
392 470 712 1 421 817
393 386 811 1 338 918
394 372 812 1 323 919
395 383 802 1 335 909
396 398 547 1 348 655
397 353 871 1 305 978
398 391 784 1 343 892
399 344 973 1 297 1082
400 362 617 1 313 725
401 246 213 1 196 328
402 401 573 1 352 682
403 589 491 1 534 594
404 324 776 1 277 885
