0 237 510 1 217 631
1 237 531 1 218 652
2 252 893 1 242 1013
3 256 802 1 243 922
4 227 636 1 211 756
5 232 582 1 213 702
6 233 570 1 214 690
7 236 520 1 216 641
8 241 465 1 219 587
9 217 533 1 198 654
10 223 476 1 201 598
11 263 647 1 246 766
12 188 1106 1 183 1231
13 241 456 1 220 576
14 256 789 1 244 908
15 264 634 1 246 753
16 215 722 1 200 842
17 45 1135 1 38 1266
18 244 1090 1 239 1213
19 225 456 1 204 577
20 213 576 1 194 697
21 269 525 1 249 645
22 222 739 1 207 859
23 194 1136 1 189 1262
24 255 822 1 243 941
25 241 476 1 220 597
26 251 904 1 241 1025
27 233 593 1 215 714
28 54 1071 1 45 1200
29 62 1011 1 53 1138
30 188 1203 1 185 1330
31 171 1102 1 165 1227
32 243 1121 1 238 1245
33 256 812 1 244 931
34 196 1079 1 190 1204
35 198 1092 1 191 1217
36 267 568 1 248 688
37 231 555 1 212 675
38 243 1135 1 238 1260
39 262 662 1 246 781
40 85 849 1 72 974
41 228 663 1 211 782
42 256 779 1 244 898
43 215 556 1 196 677
44 251 917 1 241 1037
45 136 125 1 109 257
46 161 1228 1 158 1357
47 209 916 1 199 1037
48 194 799 1 181 920
49 62 788 1 48 913
50 168 446 1 147 569
51 209 882 1 201 1001
52 225 619 1 208 740
53 216 792 1 203 913
54 208 643 1 191 764
55 242 745 1 227 864
56 228 410 1 206 532
57 408 642 1 389 753
58 264 619 1 247 738
59 215 823 1 203 943
60 220 497 1 200 619
61 218 803 1 205 923
62 660 1219 1 649 1295
63 125 111 1 97 243
64 254 855 1 243 975
65 58 1001 1 49 1127
66 138 110 1 110 242
67 202 690 1 187 811
68 124 665 1 108 789
69 190 1181 1 186 1308
70 123 122 1 95 254
71 216 692 1 200 812
72 258 737 1 244 855
73 82 838 1 69 963
74 41 1124 1 34 1254
75 625 1188 1 615 1271
76 195 769 1 182 890
77 230 716 1 216 835
78 198 740 1 184 860
79 188 856 1 176 977
80 183 918 1 173 1040
81 208 619 1 191 740
82 165 1138 1 160 1265
83 615 1187 1 604 1267
84 231 499 1 210 620
85 49 1061 1 41 1191
86 241 498 1 221 619
87 146 98 1 118 230
88 222 443 1 200 566
89 212 594 1 194 715
90 169 1092 1 163 1217
91 633 1253 1 625 1330
92 273 536 1 253 655
93 688 1180 1 675 1254
94 241 1180 1 238 1306
95 631 1226 1 622 1306
96 668 1185 1 655 1259
97 664 1172 1 651 1249
98 647 1199 1 635 1275
99 641 1183 1 629 1260
100 227 423 1 204 545
101 223 569 1 204 690
102 183 342 1 160 467
103 205 664 1 189 784
104 160 1217 1 157 1346
105 201 710 1 186 830
106 85 1129 1 78 1257
107 266 674 1 249 794
108 334 884 1 324 1001
109 649 1083 1 639 1174
110 218 662 1 201 782
111 680 1199 1 667 1271
112 113 120 1 85 251
113 231 377 1 208 499
114 217 636 1 200 756
115 286 1014 1 279 1132
116 262 761 1 248 880
117 459 740 1 440 842
118 78 1061 1 70 1189
119 243 1159 1 240 1284
120 454 726 1 438 836
121 623 1255 1 615 1334
122 227 692 1 209 811
123 333 573 1 313 690
124 658 1206 1 646 1281
125 453 789 1 439 897
126 609 1255 1 602 1336
127 541 748 1 524 853
128 76 1199 1 71 1330
129 49 1194 1 43 1326
130 274 490 1 253 610
131 640 1210 1 628 1288
132 73 1126 1 67 1255
133 162 1176 1 157 1304
134 152 130 1 124 259
135 143 1220 1 140 1349
136 638 1243 1 627 1319
137 239 727 1 224 846
138 332 642 1 315 760
139 669 1161 1 657 1242
140 194 336 1 170 461
141 459 874 1 448 985
142 229 393 1 206 516
143 502 749 1 483 852
144 268 409 1 247 530
145 453 437 1 428 553
146 465 444 1 440 558
147 351 985 1 344 1102
148 187 880 1 176 1001
149 242 446 1 220 567
150 244 404 1 221 526
151 277 443 1 255 564
152 111 722 1 95 847
153 205 823 1 193 944
154 199 915 1 189 1037
155 300 283 1 273 406
156 649 1247 1 639 1323
157 175 436 1 154 559
158 487 1154 1 485 1267
159 392 783 1 378 893
160 53 1084 1 45 1213
161 440 656 1 423 766
162 470 743 1 453 850
163 478 201 1 443 319
164 247 761 1 234 880
165 165 1158 1 161 1285
166 678 1189 1 664 1261
167 253 286 1 227 410
168 280 221 1 252 345
169 482 790 1 467 898
170 428 603 1 409 718
171 636 1195 1 625 1273
172 43 1087 1 35 1217
173 405 627 1 386 739
174 66 1205 1 61 1337
175 607 1245 1 599 1325
176 674 1238 1 662 1310
177 438 799 1 422 903
178 361 510 1 340 627
179 400 717 1 385 830
180 364 796 1 350 909
181 323 192 1 294 316
182 311 991 1 303 1109
183 331 710 1 316 823
184 481 633 1 462 743
185 256 239 1 229 363
186 343 569 1 322 687
187 328 908 1 317 1024
188 80 1167 1 75 1296
189 678 1179 1 664 1253
190 353 860 1 341 975
191 74 1136 1 67 1266
192 211 738 1 197 857
193 250 388 1 227 510
194 252 934 1 242 1054
195 439 270 1 408 388
196 211 258 1 185 383
197 281 137 1 250 264
198 240 298 1 215 422
199 238 339 1 213 462
200 451 884 1 441 996
201 322 885 1 311 1002
202 325 563 1 305 680
203 412 843 1 399 957
204 673 651 1 643 744
205 397 411 1 372 529
206 255 298 1 229 421
207 280 260 1 253 383
208 139 137 1 112 268
209 163 1186 1 159 1314
210 214 280 1 188 405
211 28 1239 1 37 1305
212 322 572 1 303 690
213 670 1199 1 657 1275
214 227 303 1 202 427
215 446 774 1 430 877
216 102 119 1 75 251
217 245 705 1 232 824
218 481 742 1 464 847
219 290 743 1 276 860
220 183 1135 1 178 1261
221 185 763 1 172 884
222 206 677 1 190 798
223 242 421 1 220 543
224 392 851 1 381 965
225 354 920 1 345 1036
226 389 683 1 373 799
227 83 1143 1 77 1275
228 495 1164 1 493 1278
229 448 897 1 439 1008
230 644 1170 1 632 1248
231 660 1196 1 647 1271
232 296 821 1 284 939
233 642 1222 1 631 1297
234 462 884 1 452 995
235 427 568 1 407 683
236 611 882 1 595 978
237 482 655 1 464 764
238 322 1139 1 319 1261
239 370 509 1 349 627
240 245 259 1 218 384
241 293 790 1 280 907
242 314 795 1 301 912
243 337 873 1 326 988
244 324 1198 1 322 1321
245 219 321 1 195 445
246 277 164 1 248 290
247 297 369 1 272 490
248 318 859 1 307 975
249 366 743 1 352 858
250 230 292 1 204 416
251 356 882 1 346 999
252 24 1025 1 14 1153
253 243 219 1 216 345
254 303 705 1 288 823
255 298 943 1 289 1060
256 198 1245 1 195 1373
257 225 915 1 215 1036
258 374 569 1 354 685
259 309 545 1 289 664
260 419 919 1 410 1032
261 331 852 1 320 967
262 518 777 1 502 883
263 270 749 1 255 866
264 578 463 1 548 569
265 330 898 1 320 1013
266 327 592 1 309 709
267 204 78 1 174 210
268 424 678 1 407 792
269 32 1052 1 23 1181
270 233 218 1 206 343
271 661 1249 1 650 1324
272 313 708 1 298 825
273 60 798 1 47 924
274 651 1183 1 639 1260
275 222 222 1 196 349
276 72 1220 1 68 1354
277 300 932 1 291 1049
278 297 358 1 273 479
279 595 313 1 559 422
280 275 1008 1 268 1128
281 471 791 1 457 900
282 312 146 1 281 272
283 266 606 1 248 726
284 260 1088 1 254 1210
285 525 764 1 508 869
286 303 835 1 291 952
287 365 921 1 355 1036
288 291 838 1 279 956
289 283 513 1 263 632
290 441 716 1 425 828
291 531 755 1 513 859
292 418 522 1 396 637
293 300 526 1 279 645
294 423 856 1 411 969
295 401 829 1 389 944
296 38 1114 1 31 1244
297 365 249 1 336 371
298 243 145 1 213 274
299 299 744 1 285 861
300 24 1035 1 15 1165
301 345 405 1 321 524
302 352 958 1 344 1075
303 446 800 1 433 909
304 225 1228 1 222 1355
305 413 882 1 402 996
306 350 657 1 333 773
307 241 230 1 213 356
308 220 236 1 193 362
309 417 537 1 396 652
310 108 752 1 94 877
311 410 860 1 398 974
312 211 607 1 193 727
313 290 928 1 281 1045
314 328 753 1 313 869
315 347 942 1 337 1059
316 224 486 1 202 608
317 357 750 1 341 865
318 424 593 1 405 707
319 189 839 1 178 961
320 416 908 1 406 1022
321 306 760 1 292 877
322 314 874 1 304 991
323 249 338 1 224 461
324 365 847 1 353 963
325 591 53 1 544 176
326 234 252 1 207 377
327 374 531 1 353 647
328 459 26 1 420 153
329 70 1167 1 64 1296
330 205 551 1 186 672
331 298 1010 1 291 1130
332 212 449 1 190 572
333 373 909 1 364 1024
334 278 702 1 262 821
335 299 474 1 278 593
336 48 1052 1 40 1181
337 284 248 1 256 372
338 234 268 1 207 392
339 267 250 1 241 374
340 112 733 1 96 858
341 429 667 1 412 781
342 269 305 1 243 427
343 67 830 1 54 955
344 279 411 1 256 532
345 61 1221 1 56 1356
346 279 233 1 251 358
347 310 231 1 281 353
348 596 441 1 564 546
349 381 509 1 360 626
350 375 542 1 355 659
351 303 146 1 272 272
352 301 812 1 289 929
353 279 183 1 250 308
354 673 1228 1 661 1300
355 323 545 1 303 663
356 282 270 1 256 394
357 348 441 1 325 560
358 209 29 1 177 162
359 262 1005 1 255 1126
360 317 716 1 302 833
361 292 878 1 281 995
362 261 940 1 252 1059
363 436 681 1 420 795
364 354 834 1 342 949
365 224 204 1 197 330
366 149 109 1 121 240
367 327 682 1 311 800
368 264 339 1 239 461
369 270 812 1 258 930
370 267 138 1 237 265
371 285 422 1 262 542
372 323 192 1 293 316
373 200 267 1 175 392
374 36 1062 1 28 1192
375 450 869 1 439 981
376 380 911 1 372 1027
377 269 178 1 240 304
378 580 518 1 551 622
379 312 184 1 282 309
380 241 318 1 216 441
381 294 188 1 265 313
382 583 261 1 545 374
383 277 345 1 252 466
384 600 1228 1 593 1314
385 229 278 1 203 403
386 39 1072 1 31 1201
387 374 791 1 360 906
388 458 896 1 448 1008
389 337 657 1 320 774
390 584 549 1 557 652
391 68 1145 1 62 1276
392 414 882 1 403 996
393 257 248 1 230 373
394 324 1056 1 318 1176
395 592 280 1 555 392
396 494 271 1 462 388
397 406 587 1 386 701
398 388 977 1 380 1092
399 345 924 1 336 1040
400 336 472 1 314 590
401 227 365 1 204 488
402 421 704 1 405 816
403 316 823 1 304 939
404 339 809 1 326 925
405 238 182 1 210 307
406 418 666 1 401 780
407 376 806 1 363 921
408 259 971 1 250 1091
409 209 1245 1 207 1373
410 552 667 1 531 771
411 503 77 1 464 201
412 287 721 1 272 839
413 332 862 1 321 978
414 274 421 1 252 542
415 353 811 1 340 926
416 336 615 1 317 732
417 257 181 1 228 308
418 354 768 1 340 884
419 346 586 1 327 703
420 239 341 1 214 463
421 299 262 1 272 386
422 128 136 1 101 267
423 462 933 1 453 1045
424 240 206 1 212 332
425 461 922 1 451 1034
426 283 759 1 269 877
427 241 193 1 213 319
428 263 960 1 256 1079
429 332 838 1 320 954
430 255 838 1 243 958
431 291 969 1 283 1087
432 282 774 1 269 892
433 295 369 1 271 490
434 573 320 1 537 430
435 344 883 1 334 1000
436 251 198 1 223 324
437 230 191 1 202 318
438 439 281 1 409 399
439 276 712 1 261 831
440 411 821 1 398 934
441 289 261 1 262 384
442 291 979 1 282 1098
443 303 886 1 293 1003
444 340 214 1 311 337
445 409 954 1 401 1068
446 305 800 1 293 917
447 195 33 1 163 166
448 303 680 1 287 798
449 322 140 1 290 265
450 318 897 1 308 1013
451 469 112 1 433 236
452 359 822 1 346 937
453 577 487 1 548 591
454 579 540 1 551 643
455 438 690 1 422 803
456 332 742 1 318 859
457 326 798 1 313 915
458 290 677 1 274 794
459 242 321 1 217 444
460 313 202 1 284 325
461 411 623 1 393 738
462 594 519 1 565 623
463 296 780 1 282 898
