0 220 617 1 216 717
1 219 605 1 214 706
2 226 486 1 221 588
3 247 923 1 244 1024
4 249 830 1 245 930
5 220 593 1 215 694
6 216 687 1 212 787
7 223 543 1 217 644
8 224 554 1 219 655
9 204 556 1 198 657
10 215 661 1 212 761
11 227 476 1 221 578
12 228 496 1 222 599
13 256 547 1 250 648
14 253 658 1 248 758
15 249 816 1 245 916
16 255 603 1 249 704
17 40 1175 1 36 1281
18 243 1126 1 240 1229
19 207 498 1 202 600
20 226 526 1 220 629
21 194 1174 1 190 1278
22 205 749 1 201 849
23 248 849 1 245 950
24 252 672 1 247 772
25 205 911 1 202 1011
26 246 934 1 243 1036
27 48 1109 1 44 1214
28 55 1047 1 52 1150
29 168 1140 1 165 1243
30 249 839 1 245 939
31 194 1115 1 190 1219
32 208 851 1 204 952
33 252 686 1 247 787
34 242 1172 1 240 1276
35 188 1244 1 186 1348
36 76 881 1 72 982
37 195 1128 1 192 1232
38 255 590 1 250 691
39 30 1247 1 27 1353
40 211 766 1 208 866
41 202 579 1 196 680
42 187 1144 1 184 1247
43 246 947 1 243 1047
44 200 600 1 195 701
45 197 668 1 192 769
46 218 578 1 213 678
47 202 933 1 198 1034
48 203 947 1 200 1048
49 254 577 1 250 678
50 249 805 1 246 906
51 51 819 1 46 921
52 213 431 1 207 533
53 152 468 1 147 570
54 215 716 1 211 817
55 213 643 1 209 745
56 206 520 1 201 621
57 208 820 1 204 920
58 112 144 1 107 254
59 187 827 1 182 928
60 247 884 1 244 985
61 233 772 1 229 871
62 400 668 1 394 766
63 253 642 1 248 743
64 98 140 1 94 251
65 187 797 1 183 898
66 100 129 1 96 240
67 51 1036 1 48 1139
68 114 128 1 109 239
69 191 716 1 187 817
70 113 689 1 108 791
71 242 1219 1 239 1324
72 206 717 1 201 818
73 73 869 1 69 971
74 260 557 1 254 658
75 36 1165 1 32 1270
76 205 465 1 201 567
77 354 460 1 346 559
78 199 619 1 194 720
79 221 742 1 217 842
80 260 537 1 254 638
81 181 885 1 177 986
82 210 593 1 205 694
83 177 949 1 174 1051
84 186 1219 1 187 1325
85 196 643 1 192 745
86 164 1177 1 161 1281
87 53 1176 1 48 1283
88 476 646 1 468 743
89 44 1099 1 40 1204
90 121 116 1 117 227
91 510 784 1 504 880
92 166 1129 1 163 1233
93 196 911 1 192 1012
94 211 445 1 205 547
95 322 591 1 315 693
96 41 1247 1 38 1354
97 70 1109 1 66 1214
98 254 788 1 250 887
99 331 912 1 327 1012
100 98 869 1 94 970
101 28 1236 1 24 1342
102 81 1169 1 77 1273
103 68 1175 1 64 1279
104 165 362 1 160 467
105 194 689 1 189 790
106 74 1241 1 70 1347
107 130 121 1 125 232
108 191 736 1 187 837
109 213 414 1 207 516
110 256 699 1 251 800
111 259 567 1 254 668
112 669 1147 1 664 1235
113 224 465 1 218 567
114 332 590 1 325 691
115 72 1098 1 69 1202
116 88 138 1 83 249
117 214 396 1 209 500
118 449 750 1 444 848
119 284 1048 1 281 1148
120 446 767 1 439 865
121 205 531 1 201 632
122 69 1165 1 65 1270
123 244 1196 1 241 1301
124 240 787 1 235 887
125 280 303 1 273 408
126 177 792 1 172 892
127 419 683 1 412 780
128 228 425 1 222 527
129 249 762 1 245 862
130 524 799 1 518 892
131 542 780 1 535 874
132 350 529 1 342 630
133 500 786 1 493 878
134 206 687 1 202 787
135 160 1216 1 158 1322
136 128 148 1 123 257
137 60 1247 1 59 1355
138 474 656 1 468 752
139 359 821 1 354 919
140 477 679 1 469 775
141 229 753 1 225 853
142 381 482 1 373 582
143 255 429 1 248 531
144 252 1023 1 250 1124
145 395 652 1 390 750
146 453 123 1 439 233
147 181 871 1 178 970
148 363 589 1 357 689
149 176 355 1 171 461
150 458 902 1 454 1000
151 325 881 1 322 980
152 227 442 1 221 544
153 323 939 1 320 1038
154 180 910 1 176 1011
155 360 529 1 353 629
156 382 705 1 377 805
157 262 463 1 256 565
158 101 748 1 96 850
159 78 139 1 74 249
160 197 852 1 194 952
161 193 946 1 190 1048
162 92 1101 1 87 1205
163 457 454 1 448 556
164 159 458 1 154 561
165 494 1192 1 493 1293
166 47 1122 1 44 1226
167 312 594 1 305 694
168 164 1197 1 161 1302
169 593 329 1 576 431
170 234 305 1 228 410
171 260 238 1 253 344
172 259 440 1 254 543
173 35 1195 1 31 1301
174 260 250 1 252 357
175 419 623 1 413 723
176 208 508 1 203 610
177 38 1126 1 34 1230
178 322 929 1 319 1029
179 353 910 1 349 1009
180 409 870 1 404 969
181 201 765 1 197 865
182 303 208 1 295 315
183 309 1023 1 306 1124
184 323 737 1 319 836
185 364 458 1 355 557
186 236 256 1 230 362
187 579 275 1 561 379
188 33 1110 1 30 1215
189 77 1209 1 73 1314
190 306 991 1 303 1090
191 348 889 1 345 988
192 406 656 1 399 754
193 250 751 1 246 852
194 538 788 1 532 885
195 247 964 1 244 1066
196 478 669 1 471 765
197 597 465 1 581 562
198 191 277 1 185 383
199 66 1209 1 63 1315
200 259 153 1 251 262
201 221 317 1 215 422
202 219 359 1 214 463
203 316 613 1 311 713
204 450 912 1 447 1010
205 317 916 1 314 1015
206 83 965 1 78 1068
207 313 584 1 307 684
208 465 213 1 451 320
209 383 428 1 376 530
210 184 1127 1 181 1230
211 237 317 1 230 421
212 261 277 1 254 383
213 115 156 1 111 265
214 162 1228 1 159 1332
215 194 299 1 188 405
216 569 453 1 555 552
217 398 854 1 394 951
218 328 892 1 324 992
219 208 322 1 203 427
220 405 978 1 402 1078
221 319 777 1 316 877
222 79 1179 1 75 1286
223 282 768 1 278 867
224 182 1173 1 178 1277
225 397 607 1 390 706
226 463 106 1 450 216
227 195 703 1 191 804
228 398 854 1 394 952
229 352 950 1 348 1050
230 324 1174 1 322 1278
231 246 698 1 241 799
232 502 1204 1 501 1304
233 447 925 1 444 1023
234 429 683 1 422 779
235 218 198 1 210 305
236 205 212 1 198 318
237 289 850 1 286 949
238 461 912 1 458 1010
239 417 587 1 411 687
240 622 929 1 614 1018
241 363 550 1 356 650
242 343 1014 1 340 1114
243 216 179 1 209 287
244 340 652 1 334 752
245 225 278 1 219 384
246 328 724 1 324 823
247 389 877 1 385 975
248 397 854 1 393 953
249 308 820 1 304 921
250 327 1238 1 325 1341
251 201 341 1 195 446
252 257 180 1 249 288
253 280 388 1 274 491
254 334 737 1 329 836
255 603 315 1 585 418
256 360 767 1 355 866
257 210 311 1 204 416
258 223 237 1 216 344
259 313 889 1 309 988
260 294 730 1 290 830
261 294 976 1 291 1076
262 220 946 1 216 1047
263 297 566 1 291 667
264 363 561 1 358 662
265 282 230 1 274 336
266 273 1002 1 269 1101
267 365 796 1 360 891
268 261 774 1 257 874
269 327 795 1 323 894
270 574 502 1 561 599
271 379 1007 1 375 1107
272 180 95 1 174 206
273 185 46 1 178 158
274 417 699 1 411 799
275 212 236 1 206 342
276 244 726 1 239 826
277 506 418 1 495 518
278 305 733 1 301 832
279 49 830 1 46 931
280 352 590 1 345 690
281 202 240 1 196 348
282 297 965 1 293 1064
283 281 377 1 274 480
284 249 144 1 241 252
285 273 1042 1 270 1143
286 290 161 1 282 270
287 401 579 1 395 679
288 254 629 1 249 730
289 259 1122 1 256 1225
290 440 36 1 426 149
291 297 864 1 293 963
292 389 1007 1 385 1106
293 281 832 1 277 931
294 285 866 1 282 965
295 341 678 1 335 778
296 424 633 1 418 732
297 286 798 1 283 899
298 215 95 1 208 207
299 82 870 1 79 972
300 341 910 1 338 1009
301 407 540 1 400 641
302 287 548 1 281 648
303 420 883 1 416 982
304 397 854 1 392 952
305 239 165 1 231 274
306 291 297 1 284 402
307 384 530 1 378 630
308 347 265 1 339 370
309 220 162 1 213 272
310 353 563 1 346 663
311 291 770 1 287 869
312 276 967 1 273 1067
313 331 423 1 324 525
314 350 988 1 348 1088
315 283 212 1 275 319
316 410 910 1 407 1009
317 351 861 1 348 960
318 220 248 1 214 355
319 200 255 1 193 361
320 406 556 1 399 656
321 99 778 1 95 880
322 407 887 1 403 986
323 262 676 1 257 776
324 198 631 1 193 731
325 285 961 1 283 1061
326 344 971 1 340 1071
327 408 847 1 403 945
328 415 613 1 409 712
329 385 765 1 380 864
330 414 937 1 411 1036
331 298 785 1 294 885
332 292 879 1 289 979
333 231 357 1 225 461
334 311 926 1 310 1026
335 360 875 1 357 974
336 214 271 1 207 377
337 582 253 1 564 358
338 192 574 1 187 676
339 296 1042 1 293 1144
340 370 939 1 367 1038
341 214 554 1 208 655
342 269 728 1 264 827
343 304 220 1 297 326
344 42 1090 1 38 1194
345 264 265 1 257 371
346 214 286 1 208 392
347 248 268 1 242 373
348 101 758 1 97 860
349 265 427 1 258 529
350 308 1005 1 306 1105
351 251 323 1 244 428
352 57 861 1 53 963
353 314 878 1 310 977
354 583 435 1 568 534
355 268 738 1 264 837
356 260 377 1 253 480
357 458 777 1 453 877
358 349 772 1 344 873
359 262 163 1 255 272
360 205 193 1 198 300
361 282 161 1 274 270
362 295 841 1 291 940
363 258 199 1 251 306
364 29 1100 1 25 1204
365 577 376 1 561 477
366 337 601 1 331 700
367 311 566 1 305 666
368 264 288 1 257 394
369 497 834 1 489 922
370 213 258 1 206 364
371 570 468 1 557 567
372 334 460 1 327 562
373 236 179 1 229 286
374 259 1040 1 256 1141
375 309 740 1 305 840
376 257 971 1 254 1072
377 429 702 1 424 801
378 345 823 1 342 921
379 203 222 1 197 329
380 261 215 1 254 322
381 318 705 1 314 805
382 238 908 1 234 1008
383 246 358 1 240 462
384 246 154 1 238 263
385 337 939 1 334 1038
386 283 822 1 279 922
387 269 441 1 263 543
388 303 208 1 295 315
389 180 286 1 174 392
390 441 870 1 437 967
391 379 941 1 376 1040
392 248 195 1 241 303
393 579 545 1 567 641
394 291 200 1 283 308
395 215 188 1 209 296
396 273 204 1 266 312
397 316 424 1 309 526
398 375 968 1 372 1068
399 260 364 1 254 467
400 224 399 1 218 503
401 318 725 1 314 825
402 210 297 1 204 402
403 343 850 1 340 949
404 405 926 1 402 1025
405 457 925 1 454 1023
406 419 948 1 415 1047
407 585 578 1 572 672
408 369 381 1 362 484
409 323 814 1 319 913
410 237 266 1 231 372
411 311 1018 1 308 1118
412 323 1088 1 321 1191
413 333 494 1 327 595
414 588 295 1 571 398
415 343 954 1 339 1054
416 323 491 1 317 592
417 211 385 1 204 488
418 415 730 1 410 827
419 311 852 1 306 951
420 333 837 1 329 936
421 302 884 1 299 983
422 370 832 1 366 931
423 255 1004 1 252 1105
424 188 168 1 182 277
425 552 698 1 543 792
426 486 84 1 472 196
427 278 746 1 274 846
428 324 865 1 320 965
429 304 838 1 301 937
430 326 636 1 320 736
431 321 257 1 313 362
432 347 794 1 343 893
433 221 360 1 215 464
434 281 280 1 273 385
435 317 899 1 313 998
436 104 155 1 98 264
437 42 1186 1 38 1291
438 367 863 1 363 963
439 462 963 1 459 1061
440 219 223 1 212 331
441 460 951 1 457 1050
442 275 785 1 271 885
443 220 211 1 213 318
444 260 992 1 258 1093
445 327 868 1 323 967
446 248 866 1 245 967
447 275 799 1 271 899
448 279 388 1 273 492
449 567 336 1 552 438
450 359 876 1 355 975
451 426 776 1 420 870
452 230 216 1 224 323
453 424 297 1 414 401
454 576 487 1 562 584
455 290 247 1 283 352
456 390 894 1 386 993
457 270 279 1 263 384
458 562 424 1 549 524
459 298 918 1 295 1017
460 322 230 1 313 336
461 665 563 1 646 655
462 340 870 1 336 970
463 299 828 1 295 928
464 234 204 1 227 311
465 293 704 1 289 804
466 301 155 1 292 263
467 456 721 1 450 819
468 304 874 1 299 973
469 299 165 1 291 272
470 353 848 1 349 947
471 230 94 1 223 206
472 579 567 1 567 662
473 431 710 1 426 809
474 325 766 1 321 866
475 319 824 1 315 924
476 280 701 1 276 801
477 224 340 1 218 444
478 425 727 1 420 824
479 293 218 1 286 324
480 655 542 1 638 636
481 596 547 1 582 642
482 303 974 1 301 1073
