0 220 626 1 216 717
1 218 614 1 214 706
2 225 495 1 221 588
3 246 933 1 244 1024
4 249 839 1 245 930
5 219 602 1 215 694
6 216 697 1 212 787
7 222 552 1 217 644
8 223 563 1 219 655
9 203 565 1 199 657
10 215 670 1 212 761
11 226 485 1 222 578
12 227 505 1 222 598
13 255 556 1 250 648
14 252 667 1 248 758
15 249 826 1 246 916
16 254 612 1 250 704
17 39 1186 1 36 1282
18 242 1136 1 241 1229
19 207 507 1 203 600
20 193 1185 1 190 1279
21 225 535 1 220 629
22 187 1255 1 186 1349
23 204 758 1 201 849
24 248 859 1 245 950
25 251 681 1 248 772
26 205 920 1 202 1012
27 246 944 1 243 1036
28 47 1119 1 44 1214
29 55 1057 1 52 1151
30 167 1150 1 165 1244
31 249 849 1 246 939
32 193 1126 1 191 1219
33 208 860 1 204 952
34 252 696 1 248 787
35 242 1183 1 240 1277
36 75 890 1 72 982
37 194 1138 1 192 1233
38 254 599 1 250 691
39 210 775 1 208 866
40 201 588 1 197 680
41 186 1154 1 184 1248
42 246 957 1 243 1048
43 199 609 1 195 701
44 196 677 1 192 769
45 217 587 1 213 678
46 201 943 1 199 1035
47 203 957 1 200 1049
48 254 586 1 250 678
49 249 815 1 246 906
50 50 829 1 46 921
51 212 440 1 207 533
52 152 477 1 147 570
53 215 726 1 211 817
54 213 653 1 209 745
55 206 529 1 201 621
56 207 829 1 205 920
57 112 154 1 107 254
58 186 837 1 182 928
59 247 894 1 245 985
60 232 781 1 229 871
61 399 678 1 394 767
62 252 652 1 249 743
63 98 150 1 93 251
64 186 806 1 183 898
65 100 139 1 96 240
66 51 1046 1 48 1140
67 114 138 1 109 239
68 191 726 1 188 817
69 113 699 1 109 791
70 241 1230 1 239 1324
71 206 727 1 201 818
72 72 879 1 69 971
73 259 566 1 255 658
74 34 1176 1 32 1270
75 205 474 1 201 567
76 353 470 1 347 559
77 511 795 1 505 880
78 199 628 1 194 720
79 220 751 1 217 842
80 259 546 1 254 638
81 180 895 1 177 987
82 209 602 1 205 694
83 177 959 1 174 1051
84 185 1230 1 187 1326
85 196 653 1 192 745
86 163 1187 1 161 1282
87 52 1186 1 48 1283
88 476 656 1 469 744
89 43 1110 1 39 1204
90 121 126 1 116 226
91 166 1140 1 164 1234
92 195 921 1 192 1013
93 210 454 1 206 547
94 322 600 1 316 693
95 69 1119 1 66 1214
96 253 797 1 250 887
97 330 921 1 328 1012
98 97 878 1 94 971
99 27 1247 1 24 1343
100 80 1179 1 77 1274
101 67 1185 1 64 1280
102 165 372 1 160 467
103 193 698 1 190 790
104 72 1252 1 70 1348
105 130 131 1 125 231
106 191 746 1 187 837
107 212 423 1 207 516
108 255 709 1 251 800
109 259 576 1 254 668
110 671 1160 1 662 1230
111 223 474 1 218 566
112 331 599 1 325 691
113 72 1108 1 69 1203
114 88 148 1 83 249
115 214 406 1 209 500
116 449 760 1 444 848
117 284 1058 1 282 1149
118 446 776 1 440 866
119 205 540 1 201 632
120 68 1175 1 65 1271
121 244 1207 1 241 1302
122 239 796 1 235 887
123 280 312 1 273 408
124 176 801 1 172 892
125 419 692 1 412 780
126 227 434 1 223 527
127 249 771 1 245 862
128 542 790 1 535 875
129 349 538 1 343 630
130 500 795 1 494 879
131 206 696 1 202 788
132 160 1227 1 158 1322
133 128 157 1 123 256
134 474 666 1 468 753
135 358 830 1 354 919
136 476 688 1 470 775
137 228 762 1 225 853
138 381 492 1 373 582
139 254 438 1 248 531
140 252 1033 1 250 1125
141 395 662 1 390 750
142 453 132 1 440 232
143 181 881 1 178 971
144 362 598 1 357 689
145 176 365 1 171 461
146 458 912 1 454 1000
147 325 891 1 323 981
148 226 451 1 221 544
149 323 949 1 321 1039
150 179 920 1 176 1011
151 360 538 1 353 629
152 381 714 1 377 805
153 262 472 1 256 565
154 100 757 1 96 850
155 78 148 1 74 248
156 197 861 1 194 953
157 193 956 1 190 1048
158 91 1111 1 87 1206
159 457 463 1 448 556
160 159 467 1 154 561
161 494 1204 1 493 1294
162 47 1132 1 44 1227
163 311 603 1 305 694
164 163 1208 1 161 1303
165 593 338 1 577 430
166 234 314 1 228 410
167 260 247 1 253 344
168 258 450 1 254 543
169 34 1206 1 31 1302
170 259 259 1 252 357
171 419 632 1 414 723
172 208 517 1 203 610
173 37 1136 1 34 1231
174 321 939 1 319 1029
175 352 919 1 349 1010
176 408 879 1 404 969
177 235 418 1 229 511
178 200 774 1 197 866
179 303 217 1 296 314
180 308 1033 1 306 1124
181 322 747 1 319 836
182 362 468 1 356 558
183 235 266 1 230 362
184 579 284 1 562 378
185 32 1120 1 30 1215
186 76 1220 1 73 1315
187 305 1001 1 303 1091
188 348 899 1 345 989
189 405 666 1 400 754
190 250 761 1 246 852
191 187 28 1 180 131
192 247 974 1 244 1066
193 478 678 1 472 765
194 597 474 1 582 562
195 191 286 1 185 383
196 65 1220 1 63 1315
197 259 163 1 251 261
198 221 326 1 215 422
199 219 368 1 214 463
200 315 622 1 311 713
201 450 922 1 447 1011
202 317 926 1 314 1016
203 83 974 1 79 1068
204 313 593 1 307 684
205 383 437 1 376 530
206 184 1137 1 182 1231
207 237 326 1 230 421
208 261 287 1 255 383
209 115 166 1 111 265
210 161 1239 1 159 1333
211 194 309 1 188 405
212 570 463 1 556 552
213 398 863 1 394 952
214 327 902 1 324 992
215 208 332 1 203 427
216 405 988 1 403 1079
217 319 787 1 316 877
218 78 1189 1 75 1286
219 281 778 1 278 868
220 181 1184 1 178 1278
221 396 616 1 390 706
222 463 115 1 451 215
223 194 712 1 191 804
224 398 864 1 394 953
225 352 960 1 348 1050
226 323 1185 1 322 1279
227 245 708 1 241 799
228 503 1215 1 502 1305
229 447 934 1 444 1024
230 428 693 1 423 780
231 217 207 1 210 305
232 204 221 1 198 318
233 289 860 1 286 950
234 461 922 1 458 1011
235 417 596 1 411 688
236 623 940 1 615 1020
237 363 559 1 357 650
238 342 1023 1 340 1115
239 215 189 1 209 286
240 339 662 1 335 752
241 225 287 1 219 383
242 328 733 1 324 823
243 388 886 1 385 976
244 397 864 1 393 953
245 307 830 1 304 921
246 294 919 1 291 1008
247 327 1249 1 325 1342
248 200 351 1 195 445
249 256 189 1 249 288
250 280 397 1 274 491
251 334 746 1 329 836
252 603 325 1 586 418
253 359 776 1 355 866
254 210 320 1 205 416
255 223 247 1 216 344
256 312 899 1 309 988
257 294 740 1 290 830
258 294 986 1 292 1076
259 672 1146 1 663 1216
260 219 955 1 216 1047
261 296 575 1 291 667
262 363 570 1 358 662
263 281 239 1 274 336
264 272 1012 1 270 1102
265 364 807 1 361 892
266 261 784 1 257 875
267 327 805 1 323 895
268 574 512 1 562 599
269 378 1017 1 376 1108
270 180 105 1 174 206
271 185 55 1 178 157
272 416 709 1 412 799
273 212 245 1 206 342
274 244 735 1 240 826
275 506 427 1 496 518
276 305 742 1 301 833
277 49 840 1 46 931
278 351 599 1 346 690
279 201 250 1 196 347
280 296 975 1 293 1065
281 281 386 1 274 480
282 248 154 1 242 252
283 273 1052 1 270 1144
284 290 171 1 282 269
285 401 589 1 395 679
286 254 638 1 250 730
287 86 1158 1 83 1252
288 259 1133 1 256 1226
289 439 46 1 427 149
290 297 874 1 294 964
291 388 1017 1 385 1107
292 280 841 1 277 932
293 285 876 1 282 966
294 340 687 1 336 778
295 424 642 1 418 732
296 286 808 1 283 899
297 215 105 1 208 206
298 81 880 1 79 972
299 430 387 1 421 479
300 340 919 1 338 1010
301 407 550 1 400 641
302 287 557 1 281 648
303 419 893 1 416 982
304 396 864 1 393 953
305 239 174 1 232 273
306 291 307 1 284 402
307 384 540 1 378 630
308 347 274 1 339 370
309 220 172 1 213 271
310 352 572 1 347 663
311 291 779 1 287 869
312 275 977 1 273 1068
313 330 432 1 324 525
314 350 998 1 348 1089
315 283 221 1 275 319
316 410 920 1 407 1009
317 352 870 1 348 960
318 220 257 1 214 355
319 199 264 1 193 361
320 406 565 1 400 656
321 98 787 1 95 880
322 407 897 1 403 986
323 262 685 1 257 776
324 165 29 1 158 132
325 197 640 1 193 732
326 285 971 1 283 1062
327 344 981 1 341 1072
328 407 856 1 403 945
329 415 622 1 410 712
330 384 775 1 380 865
331 414 947 1 411 1036
332 298 795 1 294 885
333 292 889 1 289 979
334 231 367 1 225 461
335 311 936 1 310 1027
336 360 884 1 357 974
337 213 280 1 208 376
338 582 262 1 565 357
339 191 583 1 187 676
340 296 1052 1 294 1144
341 370 949 1 368 1039
342 213 563 1 208 655
343 269 737 1 264 827
344 304 229 1 297 326
345 41 1100 1 38 1195
346 264 275 1 257 371
347 214 295 1 208 392
348 247 278 1 242 373
349 101 768 1 97 860
350 264 436 1 258 529
351 308 1015 1 306 1106
352 251 333 1 244 427
353 56 871 1 53 963
354 314 889 1 310 978
355 583 445 1 569 534
356 267 747 1 264 837
357 260 386 1 254 479
358 458 787 1 454 877
359 348 782 1 345 873
360 262 173 1 255 272
361 204 202 1 198 300
362 281 171 1 274 270
363 295 851 1 291 941
364 258 209 1 251 306
365 28 1110 1 25 1204
366 577 386 1 563 477
367 336 610 1 331 700
368 311 575 1 305 666
369 264 298 1 257 393
370 497 844 1 490 923
371 212 267 1 206 364
372 570 478 1 558 567
373 334 469 1 328 561
374 236 188 1 229 286
375 259 1050 1 256 1142
376 309 750 1 305 840
377 257 981 1 254 1073
378 429 711 1 424 801
379 345 832 1 342 922
380 203 231 1 197 329
381 261 225 1 254 322
382 318 714 1 314 806
383 237 917 1 235 1009
384 246 367 1 240 462
385 245 164 1 238 263
386 337 949 1 334 1039
387 283 832 1 279 922
388 269 451 1 263 543
389 650 267 1 629 363
390 302 217 1 295 314
391 180 296 1 175 392
392 441 879 1 437 968
393 633 850 1 621 926
394 379 951 1 376 1041
395 247 204 1 241 302
396 580 556 1 568 642
397 291 210 1 284 307
398 215 198 1 209 296
399 273 214 1 266 311
400 316 433 1 309 526
401 375 978 1 373 1069
402 260 373 1 254 467
403 224 409 1 218 503
404 317 734 1 314 825
405 210 306 1 204 402
406 343 861 1 340 950
407 405 935 1 402 1025
408 458 934 1 454 1023
409 419 958 1 416 1047
410 585 588 1 573 673
411 369 391 1 362 484
412 322 824 1 319 914
413 237 275 1 231 372
414 310 1028 1 308 1118
415 323 1098 1 321 1191
416 333 503 1 327 595
417 589 304 1 573 398
418 342 965 1 340 1055
419 323 500 1 317 592
420 210 394 1 205 488
421 415 740 1 410 828
422 311 862 1 307 951
423 333 846 1 329 936
424 302 894 1 299 983
425 370 842 1 367 931
426 255 1014 1 252 1105
427 188 178 1 182 276
428 553 709 1 544 793
429 486 94 1 472 195
430 278 756 1 274 846
431 324 876 1 320 966
432 304 848 1 301 938
433 325 645 1 320 736
434 321 266 1 313 362
435 347 804 1 343 894
436 221 370 1 215 463
437 280 289 1 274 385
438 317 909 1 313 999
439 104 164 1 99 263
440 41 1196 1 38 1292
441 367 873 1 363 963
442 462 973 1 459 1062
443 219 233 1 212 331
444 461 961 1 458 1050
445 274 795 1 271 885
446 220 220 1 214 317
447 259 1003 1 258 1094
448 326 878 1 323 967
449 248 876 1 245 967
450 274 809 1 271 900
451 279 398 1 273 491
452 568 346 1 553 438
453 358 886 1 355 976
454 426 787 1 421 871
455 230 225 1 224 322
456 424 308 1 414 401
457 576 496 1 563 584
458 290 256 1 283 352
459 389 903 1 386 993
460 270 288 1 263 384
461 563 434 1 550 524
462 298 929 1 295 1018
463 321 239 1 314 335
464 666 573 1 648 656
465 340 880 1 336 970
466 299 838 1 295 928
467 234 213 1 227 311
468 293 713 1 289 804
469 301 165 1 292 263
470 456 731 1 451 819
471 303 884 1 300 973
472 299 174 1 291 272
473 353 857 1 349 948
474 230 104 1 223 205
475 580 577 1 568 663
476 431 719 1 426 810
477 325 776 1 321 866
478 319 833 1 316 924
479 280 710 1 276 801
480 224 349 1 218 444
481 425 736 1 420 825
482 293 227 1 286 324
483 656 553 1 640 637
484 596 557 1 583 642
485 303 984 1 301 1074
