0 231 652 1 217 717
1 229 640 1 215 706
2 238 521 1 221 587
3 254 961 1 245 1026
4 257 867 1 246 931
5 231 628 1 216 694
6 226 723 1 212 788
7 233 577 1 218 644
8 235 589 1 220 655
9 215 590 1 199 656
10 227 696 1 213 761
11 239 510 1 222 577
12 240 531 1 223 598
13 267 582 1 251 647
14 263 694 1 249 758
15 258 854 1 246 917
16 266 638 1 250 704
17 41 1215 1 36 1285
18 248 1167 1 242 1233
19 219 533 1 203 599
20 197 1216 1 191 1283
21 237 561 1 221 628
22 215 889 1 205 954
23 214 785 1 202 850
24 257 887 1 246 952
25 262 707 1 248 772
26 212 949 1 202 1014
27 253 973 1 244 1038
28 51 1148 1 44 1217
29 60 1084 1 52 1153
30 171 1181 1 165 1248
31 257 877 1 246 941
32 198 1156 1 191 1223
33 262 723 1 248 787
34 247 1215 1 241 1280
35 82 916 1 72 984
36 199 1169 1 193 1236
37 266 625 1 251 691
38 219 802 1 209 867
39 213 614 1 197 680
40 190 1185 1 184 1251
41 253 986 1 244 1050
42 210 635 1 196 701
43 207 703 1 192 769
44 229 613 1 213 678
45 209 972 1 199 1036
46 210 985 1 201 1051
47 266 612 1 251 678
48 258 843 1 247 907
49 58 855 1 46 922
50 225 465 1 208 532
51 164 502 1 147 570
52 225 752 1 211 817
53 223 679 1 210 745
54 218 554 1 202 621
55 216 857 1 205 921
56 128 179 1 107 252
57 195 864 1 183 929
58 255 922 1 245 987
59 241 809 1 229 872
60 411 710 1 396 769
61 263 678 1 249 743
62 114 175 1 93 249
63 195 833 1 183 899
64 116 164 1 95 238
65 56 1074 1 48 1142
66 130 163 1 109 237
67 201 752 1 188 818
68 123 723 1 109 791
69 215 754 1 202 819
70 80 905 1 69 972
71 271 592 1 255 658
72 37 1205 1 32 1274
73 218 499 1 202 566
74 210 654 1 195 720
75 271 572 1 255 637
76 188 923 1 178 988
77 221 628 1 205 694
78 184 988 1 174 1053
79 230 777 1 218 842
80 207 679 1 193 745
81 166 1219 1 161 1286
82 54 1216 1 48 1286
83 488 688 1 471 745
84 46 1138 1 40 1207
85 137 150 1 116 224
86 170 1171 1 164 1237
87 217 697 1 204 762
88 203 949 1 193 1014
89 223 479 1 206 546
90 334 627 1 317 693
91 382 706 1 367 765
92 205 888 1 195 954
93 72 1148 1 66 1217
94 262 825 1 251 888
95 339 951 1 329 1014
96 104 905 1 94 972
97 83 1209 1 77 1277
98 70 1215 1 64 1284
99 178 396 1 161 466
100 203 725 1 190 790
101 147 156 1 125 229
102 200 773 1 188 838
103 226 448 1 208 515
104 266 736 1 252 800
105 271 603 1 255 668
106 685 1216 1 672 1246
107 236 499 1 219 566
108 343 626 1 326 690
109 76 1137 1 69 1205
110 429 701 1 414 758
111 104 173 1 83 247
112 227 431 1 210 499
113 460 791 1 446 850
114 290 1090 1 283 1152
115 456 807 1 442 867
116 217 566 1 201 632
117 71 1205 1 65 1274
118 248 1240 1 242 1305
119 249 824 1 236 888
120 294 340 1 274 407
121 185 828 1 173 893
122 430 724 1 414 782
123 240 459 1 223 526
124 259 799 1 246 863
125 361 565 1 344 629
126 216 723 1 203 788
127 144 182 1 123 254
128 486 698 1 471 754
129 368 860 1 355 921
130 488 720 1 473 777
131 238 789 1 226 854
132 394 523 1 375 582
133 267 464 1 249 530
134 258 1064 1 251 1127
135 406 693 1 392 752
136 469 160 1 442 229
137 188 908 1 179 972
138 374 626 1 358 689
139 190 390 1 171 460
140 467 945 1 457 1003
141 334 922 1 324 983
142 239 476 1 222 543
143 331 980 1 322 1042
144 187 948 1 177 1013
145 372 565 1 354 629
146 392 743 1 379 805
147 275 498 1 257 564
148 110 782 1 97 850
149 94 173 1 73 246
150 200 985 1 191 1050
151 95 1140 1 88 1208
152 77 1251 1 73 1319
153 171 492 1 155 560
154 502 1244 1 496 1300
155 50 1160 1 44 1230
156 323 630 1 306 694
157 467 891 1 452 929
158 167 1240 1 162 1307
159 612 371 1 583 429
160 248 340 1 229 409
161 275 273 1 254 342
162 272 475 1 255 542
163 36 1236 1 31 1306
164 274 285 1 253 355
165 431 661 1 415 723
166 220 543 1 204 610
167 40 1164 1 34 1234
168 329 970 1 320 1032
169 361 950 1 351 1011
170 418 910 1 406 971
171 248 443 1 229 510
172 209 801 1 197 866
173 319 243 1 296 312
174 315 1065 1 307 1127
175 332 777 1 320 838
176 367 501 1 348 560
177 377 500 1 357 558
178 250 291 1 230 360
179 597 316 1 568 376
180 510 1255 1 505 1311
181 36 1149 1 30 1218
182 312 1033 1 304 1094
183 356 930 1 347 991
184 417 697 1 402 756
185 427 683 1 411 745
186 260 789 1 247 853
187 204 54 1 180 129
188 254 1004 1 245 1068
189 416 810 1 403 872
190 490 710 1 474 767
191 615 510 1 588 563
192 205 311 1 185 381
193 67 1251 1 63 1319
194 275 188 1 252 259
195 235 352 1 216 421
196 233 394 1 214 462
197 327 649 1 312 713
198 460 955 1 449 1014
199 325 957 1 316 1018
200 89 1000 1 79 1069
201 325 620 1 308 684
202 396 465 1 377 529
203 188 1168 1 182 1234
204 250 352 1 231 420
205 275 313 1 255 381
206 131 190 1 111 263
207 469 494 1 448 553
208 208 334 1 189 403
209 586 497 1 562 552
210 408 894 1 396 954
211 336 932 1 326 994
212 222 357 1 203 426
213 413 1021 1 404 1081
214 329 816 1 317 878
215 499 810 1 485 865
216 81 1219 1 75 1289
217 291 806 1 279 868
218 184 1216 1 179 1282
219 408 644 1 392 706
220 204 739 1 191 804
221 407 895 1 396 955
222 359 992 1 350 1053
223 329 1218 1 323 1282
224 57 864 1 46 932
225 255 735 1 242 799
226 456 968 1 447 1026
227 440 723 1 425 781
228 233 233 1 211 303
229 398 785 1 383 844
230 219 246 1 198 316
231 298 889 1 287 951
232 471 955 1 460 1013
233 429 625 1 412 688
234 637 986 1 622 1029
235 375 586 1 358 650
236 462 514 1 440 568
237 350 689 1 336 753
238 349 1055 1 341 1117
239 231 214 1 209 284
240 509 381 1 482 439
241 239 313 1 219 382
242 338 761 1 325 824
243 398 917 1 387 978
244 406 895 1 395 955
245 316 859 1 305 922
246 301 949 1 292 1010
247 206 712 1 192 778
248 214 376 1 196 444
249 272 215 1 250 286
250 293 424 1 275 490
251 623 357 1 593 416
252 370 806 1 357 867
253 224 346 1 205 415
254 238 272 1 217 342
255 321 929 1 311 991
256 303 768 1 291 831
257 302 1018 1 293 1080
258 687 1201 1 672 1232
259 227 984 1 217 1049
260 308 602 1 292 667
261 374 597 1 359 662
262 297 265 1 275 334
263 278 1044 1 271 1106
264 375 844 1 363 896
265 270 812 1 258 876
266 336 834 1 324 896
267 591 547 1 567 601
268 389 818 1 377 881
269 386 1049 1 377 1110
270 196 130 1 174 204
271 201 81 1 178 155
272 428 738 1 413 799
273 453 897 1 440 936
274 227 270 1 207 340
275 254 762 1 240 827
276 315 770 1 302 834
277 363 626 1 347 690
278 216 275 1 196 346
279 303 1007 1 294 1068
280 294 412 1 275 479
281 264 179 1 242 250
282 278 1084 1 271 1147
283 306 197 1 283 267
284 413 616 1 397 679
285 265 665 1 250 730
286 89 1188 1 83 1256
287 264 1165 1 257 1229
288 456 73 1 429 145
289 611 410 1 583 467
290 305 904 1 295 966
291 396 1049 1 387 1110
292 416 685 1 401 746
293 289 870 1 278 933
294 294 905 1 283 967
295 351 715 1 337 779
296 436 671 1 420 732
297 295 836 1 284 900
298 231 130 1 209 204
299 89 906 1 79 973
300 443 415 1 423 478
301 349 950 1 339 1012
302 419 578 1 402 641
303 299 583 1 282 648
304 429 925 1 418 984
305 406 894 1 394 955
306 254 200 1 232 272
307 305 334 1 285 400
308 396 567 1 379 630
309 362 301 1 340 368
310 236 197 1 214 269
311 364 599 1 348 663
312 301 808 1 288 870
313 282 1007 1 274 1070
314 343 459 1 325 524
315 358 1030 1 349 1091
316 298 247 1 276 317
317 381 564 1 364 627
318 419 951 1 409 1011
319 361 901 1 349 962
320 235 283 1 214 353
321 214 289 1 194 359
322 418 593 1 401 656
323 107 812 1 95 880
324 416 928 1 405 989
325 273 712 1 258 776
326 182 55 1 158 130
327 208 666 1 194 732
328 292 1003 1 284 1065
329 351 1012 1 342 1074
330 427 651 1 411 713
331 342 775 1 331 837
332 395 805 1 382 866
333 423 979 1 413 1039
334 307 823 1 296 886
335 300 919 1 290 981
336 244 393 1 226 460
337 319 967 1 312 1029
338 369 914 1 359 976
339 228 306 1 208 375
340 601 294 1 571 354
341 641 257 1 608 318
342 203 609 1 187 676
343 302 1084 1 295 1147
344 379 981 1 369 1041
345 224 589 1 208 655
346 278 765 1 265 828
347 320 256 1 298 324
348 45 1129 1 38 1198
349 278 301 1 258 370
350 228 321 1 208 390
351 262 303 1 242 372
352 110 792 1 98 860
353 332 566 1 315 632
354 277 462 1 259 528
355 316 1048 1 308 1109
356 265 359 1 245 426
357 64 897 1 53 965
358 323 919 1 312 980
359 600 479 1 575 534
360 277 774 1 265 838
361 273 412 1 254 478
362 469 820 1 456 879
363 358 811 1 346 874
364 278 199 1 255 270
365 219 228 1 198 298
366 297 197 1 275 268
367 303 880 1 292 942
368 273 235 1 251 304
369 31 1138 1 25 1207
370 595 419 1 568 476
371 348 637 1 332 700
372 323 602 1 306 666
373 278 324 1 258 392
374 227 293 1 207 362
375 586 513 1 563 568
376 346 496 1 329 561
377 251 214 1 229 284
378 265 1081 1 257 1144
379 319 778 1 306 841
380 378 779 1 365 839
381 382 488 1 363 548
382 440 741 1 426 802
383 355 862 1 344 923
384 218 256 1 197 327
385 276 250 1 255 320
386 328 742 1 315 806
387 245 946 1 235 1010
388 259 393 1 241 461
389 284 724 1 270 788
390 208 70 1 185 144
391 261 189 1 239 261
392 345 979 1 336 1041
393 291 859 1 280 923
394 282 477 1 264 543
395 671 299 1 637 359
396 318 244 1 296 313
397 194 321 1 175 390
398 451 911 1 439 970
399 648 894 1 629 934
400 387 983 1 378 1043
401 263 230 1 241 301
402 596 592 1 573 644
403 307 236 1 284 305
404 230 223 1 209 294
405 288 240 1 267 310
406 329 459 1 310 525
407 382 1009 1 374 1071
408 274 399 1 254 466
409 237 434 1 219 502
410 328 763 1 315 826
411 224 332 1 204 401
412 351 892 1 341 952
413 413 967 1 404 1027
414 467 967 1 456 1026
415 427 991 1 418 1050
416 601 625 1 579 675
417 382 417 1 363 483
418 332 853 1 320 915
419 252 301 1 231 370
420 317 1059 1 309 1122
421 329 1131 1 323 1194
422 346 530 1 328 594
423 608 336 1 579 396
424 350 997 1 341 1057
425 335 527 1 318 592
426 224 419 1 205 487
427 425 770 1 412 829
428 319 892 1 308 953
429 342 877 1 330 938
430 310 924 1 300 986
431 379 872 1 368 933
432 261 1045 1 253 1108
433 203 203 1 182 275
434 566 745 1 549 796
435 503 121 1 475 191
436 288 784 1 275 847
437 332 907 1 322 968
438 313 877 1 302 939
439 337 673 1 321 737
440 335 294 1 314 360
441 357 834 1 344 895
442 234 396 1 215 462
443 295 315 1 274 383
444 325 940 1 315 1001
445 119 189 1 99 262
446 44 1225 1 38 1295
447 376 903 1 365 965
448 471 1006 1 461 1065
449 234 258 1 213 329
450 470 994 1 460 1053
451 284 823 1 272 886
452 235 246 1 214 316
453 266 1033 1 259 1096
454 335 909 1 325 969
455 256 904 1 246 969
456 283 837 1 272 901
457 292 424 1 274 491
458 585 378 1 559 436
459 367 916 1 357 978
460 245 250 1 224 320
461 592 532 1 568 586
462 304 282 1 284 350
463 398 934 1 388 995
464 285 314 1 264 382
465 579 467 1 555 524
466 306 960 1 296 1021
467 336 266 1 315 333
468 685 614 1 657 660
469 348 911 1 338 972
470 308 867 1 297 930
471 249 238 1 228 309
472 303 741 1 290 805
473 316 191 1 293 260
474 467 762 1 453 821
475 312 914 1 301 976
476 315 200 1 292 270
477 362 888 1 351 950
478 246 130 1 224 203
479 596 614 1 573 665
480 442 748 1 428 810
481 335 804 1 322 867
482 329 863 1 317 925
483 291 738 1 277 802
484 237 375 1 219 443
485 436 767 1 422 826
486 308 254 1 287 322
487 675 592 1 648 640
488 613 594 1 589 645
489 311 1016 1 302 1077
