0 228 646 1 217 718
1 226 634 1 215 706
2 237 514 1 221 587
3 246 956 1 245 1027
4 251 862 1 246 933
5 228 622 1 216 694
6 222 717 1 212 789
7 231 571 1 218 644
8 233 583 1 220 655
9 212 584 1 199 657
10 223 690 1 213 762
11 238 504 1 222 577
12 238 524 1 223 598
13 265 576 1 251 647
14 259 688 1 249 759
15 252 849 1 247 919
16 262 633 1 251 704
17 30 1207 1 35 1287
18 237 1162 1 242 1235
19 218 526 1 203 599
20 185 1211 1 191 1285
21 235 555 1 221 628
22 209 883 1 205 955
23 208 779 1 202 850
24 250 882 1 246 953
25 258 702 1 249 773
26 205 943 1 202 1015
27 246 968 1 244 1039
28 40 1139 1 44 1219
29 50 1076 1 51 1155
30 160 1175 1 165 1250
31 251 872 1 247 942
32 187 1151 1 191 1225
33 258 717 1 249 788
34 75 908 1 72 985
35 188 1163 1 193 1238
36 263 619 1 251 691
37 214 796 1 209 868
38 210 607 1 197 680
39 180 1179 1 184 1254
40 245 981 1 244 1051
41 207 628 1 196 701
42 203 697 1 192 770
43 226 607 1 213 679
44 201 966 1 199 1038
45 202 980 1 201 1052
46 263 607 1 251 678
47 252 838 1 247 908
48 52 846 1 46 923
49 225 459 1 208 532
50 163 494 1 147 570
51 220 746 1 211 818
52 236 1211 1 241 1283
53 220 673 1 210 745
54 216 548 1 202 621
55 210 851 1 205 923
56 131 170 1 107 251
57 188 858 1 183 930
58 248 917 1 246 988
59 236 803 1 230 873
60 407 708 1 397 770
61 260 672 1 250 743
62 117 166 1 93 248
63 189 827 1 183 900
64 120 155 1 95 237
65 46 1066 1 47 1144
66 133 154 1 108 236
67 196 746 1 188 818
68 119 715 1 109 791
69 211 748 1 202 819
70 73 897 1 68 974
71 269 586 1 256 658
72 26 1197 1 32 1276
73 217 493 1 202 566
74 207 648 1 195 720
75 269 566 1 255 638
76 180 917 1 178 990
77 218 621 1 205 694
78 175 981 1 174 1055
79 359 766 1 350 834
80 225 771 1 218 843
81 203 672 1 193 746
82 155 1213 1 161 1288
83 43 1208 1 48 1288
84 485 687 1 473 747
85 36 1130 1 39 1209
86 141 142 1 116 223
87 159 1164 1 164 1239
88 213 690 1 204 763
89 195 943 1 193 1016
90 223 473 1 206 546
91 331 623 1 317 694
92 107 164 1 82 246
93 378 703 1 368 767
94 199 882 1 195 955
95 62 1139 1 66 1219
96 257 819 1 251 889
97 331 947 1 329 1015
98 97 897 1 94 973
99 71 1201 1 77 1280
100 58 1207 1 63 1286
101 179 389 1 161 465
102 199 719 1 190 791
103 150 148 1 125 228
104 195 766 1 188 839
105 225 442 1 208 515
106 261 731 1 252 801
107 268 597 1 255 668
108 676 1224 1 677 1257
109 235 493 1 219 566
110 340 621 1 326 691
111 66 1129 1 69 1208
112 426 699 1 415 760
113 228 424 1 210 498
114 455 789 1 447 852
115 280 1086 1 283 1155
116 451 805 1 443 868
117 215 559 1 201 632
118 60 1197 1 65 1277
119 236 1235 1 243 1308
120 243 818 1 236 889
121 295 335 1 274 406
122 179 821 1 173 894
123 426 722 1 415 784
124 240 453 1 223 526
125 212 704 1 203 777
126 253 793 1 246 864
127 522 872 1 516 929
128 360 560 1 344 629
129 212 717 1 203 789
130 147 174 1 123 253
131 483 696 1 472 756
132 362 857 1 356 922
133 485 719 1 474 779
134 232 783 1 226 855
135 393 520 1 376 583
136 267 457 1 249 530
137 249 1059 1 251 1130
138 403 690 1 393 753
139 474 157 1 443 227
140 182 902 1 179 974
141 372 622 1 359 689
142 190 382 1 171 459
143 373 869 1 369 934
144 460 943 1 458 1005
145 327 918 1 324 985
146 455 406 1 432 472
147 239 470 1 222 543
148 323 976 1 322 1044
149 179 942 1 177 1015
150 370 561 1 355 629
151 388 739 1 379 806
152 274 492 1 257 564
153 105 774 1 97 850
154 97 164 1 73 246
155 192 979 1 191 1052
156 84 1132 1 87 1210
157 171 485 1 155 560
158 490 1243 1 498 1305
159 40 1152 1 43 1232
160 320 625 1 307 694
161 461 895 1 454 937
162 155 1234 1 161 1310
163 615 371 1 586 429
164 250 334 1 229 408
165 277 267 1 254 342
166 271 469 1 255 542
167 24 1227 1 30 1308
168 276 279 1 253 355
169 428 658 1 416 724
170 219 536 1 204 610
171 29 1156 1 33 1236
172 321 966 1 321 1034
173 354 946 1 351 1013
174 66 1244 1 73 1322
175 411 907 1 407 972
176 248 436 1 230 510
177 204 795 1 197 867
178 321 238 1 297 312
179 306 1061 1 308 1130
180 327 773 1 320 840
181 252 285 1 230 360
182 601 315 1 571 375
183 252 1039 1 253 1110
184 26 1141 1 29 1220
185 304 1029 1 305 1096
186 349 927 1 347 993
187 423 679 1 411 745
188 254 783 1 247 854
189 209 45 1 180 128
190 246 998 1 245 1070
191 411 807 1 404 873
192 486 709 1 475 769
193 615 511 1 592 564
194 207 304 1 185 381
195 278 182 1 252 259
196 236 346 1 216 420
197 233 387 1 214 461
198 324 644 1 313 713
199 452 954 1 450 1016
200 318 953 1 316 1020
201 81 992 1 79 1070
202 322 616 1 309 684
203 396 461 1 378 529
204 178 1162 1 182 1237
205 252 345 1 230 419
206 277 307 1 255 381
207 134 181 1 110 262
208 469 491 1 449 554
209 209 327 1 189 403
210 587 498 1 564 553
211 401 891 1 397 956
212 328 929 1 326 996
213 223 351 1 203 425
214 405 1018 1 405 1083
215 324 811 1 317 879
216 494 809 1 486 867
217 69 1210 1 75 1291
218 286 800 1 279 869
219 172 1209 1 179 1284
220 405 641 1 392 707
221 200 733 1 191 805
222 401 892 1 396 957
223 351 989 1 350 1055
224 317 1214 1 324 1285
225 51 855 1 46 933
226 251 729 1 242 800
227 449 966 1 447 1029
228 236 226 1 211 303
229 393 781 1 384 845
230 222 239 1 198 316
231 291 884 1 287 953
232 464 954 1 461 1016
233 426 621 1 413 688
234 630 991 1 625 1035
235 373 582 1 358 650
236 461 514 1 442 570
237 347 685 1 336 753
238 341 1052 1 342 1120
239 234 207 1 209 284
240 510 378 1 484 439
241 241 306 1 219 382
242 334 757 1 326 825
243 391 914 1 387 979
244 400 892 1 395 957
245 310 854 1 305 923
246 294 945 1 292 1013
247 201 706 1 192 778
248 215 369 1 196 444
249 275 209 1 250 285
250 293 418 1 275 490
251 625 357 1 596 416
252 364 802 1 357 868
253 225 340 1 205 414
254 240 265 1 217 342
255 313 926 1 311 993
256 299 763 1 291 832
257 293 1014 1 293 1082
258 677 1209 1 677 1243
259 512 874 1 504 924
260 218 979 1 217 1051
261 306 597 1 293 667
262 373 593 1 359 662
263 299 259 1 275 334
264 269 1040 1 271 1108
265 369 842 1 363 900
266 265 807 1 258 877
267 330 830 1 324 897
268 591 548 1 570 602
269 384 815 1 377 882
270 377 1046 1 378 1112
271 201 123 1 174 203
272 207 73 1 178 154
273 423 735 1 414 800
274 447 900 1 441 943
275 229 263 1 206 339
276 249 757 1 240 828
277 310 766 1 302 835
278 361 622 1 347 690
279 219 268 1 196 345
280 295 1003 1 294 1070
281 295 407 1 275 479
282 268 172 1 242 249
283 269 1079 1 271 1149
284 309 191 1 283 267
285 411 613 1 397 679
286 262 659 1 251 730
287 78 1181 1 82 1258
288 253 1160 1 258 1231
289 462 68 1 429 143
290 613 411 1 586 467
291 298 900 1 295 968
292 387 1046 1 387 1112
293 413 681 1 402 747
294 283 865 1 278 934
295 287 900 1 283 969
296 348 710 1 337 779
297 432 668 1 421 733
298 290 832 1 284 901
299 236 123 1 208 203
300 82 898 1 78 974
301 444 411 1 424 478
302 341 946 1 340 1013
303 417 574 1 402 641
304 297 578 1 282 648
305 422 922 1 419 986
306 400 892 1 395 956
307 258 194 1 232 271
308 306 329 1 285 399
309 395 563 1 380 630
310 364 296 1 340 368
311 239 190 1 214 268
312 362 595 1 348 663
313 296 802 1 288 871
314 274 1003 1 274 1072
315 343 454 1 325 524
316 350 1026 1 350 1094
317 301 241 1 276 316
318 379 560 1 364 628
319 412 949 1 410 1013
320 354 897 1 350 964
321 246 275 1 224 350
322 237 276 1 214 353
323 216 282 1 194 359
324 416 590 1 402 656
325 102 804 1 95 881
326 409 926 1 406 990
327 269 707 1 258 777
328 188 47 1 158 129
329 205 660 1 194 732
330 284 999 1 284 1067
331 343 1008 1 342 1075
332 374 498 1 358 559
333 424 648 1 412 713
334 337 771 1 331 838
335 390 801 1 382 867
336 415 977 1 414 1041
337 301 818 1 296 888
338 293 915 1 290 983
339 245 387 1 226 460
340 311 964 1 312 1031
341 363 911 1 359 977
342 230 299 1 208 375
343 605 293 1 574 353
344 647 256 1 612 317
345 200 602 1 187 676
346 293 1080 1 295 1149
347 371 978 1 370 1043
348 222 582 1 208 655
349 274 760 1 265 829
350 323 250 1 298 324
351 35 1121 1 38 1200
352 281 294 1 258 369
353 229 314 1 208 390
354 264 297 1 242 371
355 105 783 1 98 861
356 330 562 1 315 632
357 277 456 1 259 528
358 307 1044 1 308 1112
359 266 352 1 245 426
360 57 889 1 53 966
361 315 915 1 312 982
362 601 480 1 578 535
363 273 769 1 265 839
364 273 405 1 254 478
365 56 1244 1 62 1322
366 353 807 1 346 875
367 281 193 1 255 269
368 222 220 1 198 298
369 300 191 1 275 267
370 297 876 1 293 944
371 276 229 1 251 304
372 597 419 1 571 476
373 345 632 1 332 701
374 320 597 1 307 666
375 280 318 1 258 392
376 229 286 1 207 362
377 587 513 1 566 569
378 346 491 1 329 561
379 255 207 1 229 284
380 255 1077 1 258 1147
381 314 774 1 306 842
382 373 776 1 365 840
383 381 484 1 364 548
384 436 738 1 427 803
385 349 859 1 344 925
386 220 249 1 197 326
387 279 245 1 255 320
388 324 738 1 315 807
389 238 941 1 236 1012
390 260 387 1 241 461
391 280 719 1 271 789
392 213 62 1 185 143
393 265 183 1 239 260
394 337 976 1 336 1043
395 285 854 1 280 924
396 282 471 1 265 542
397 676 300 1 642 358
398 321 238 1 296 312
399 196 314 1 175 390
400 444 909 1 440 972
401 643 899 1 633 940
402 380 980 1 378 1045
403 266 223 1 241 300
404 595 593 1 576 646
405 309 230 1 285 305
406 233 216 1 209 293
407 291 234 1 267 309
408 330 454 1 310 525
409 375 1006 1 375 1072
410 274 393 1 255 466
411 237 427 1 219 502
412 323 758 1 315 827
413 225 325 1 204 401
414 345 888 1 342 954
415 406 965 1 404 1029
416 459 966 1 457 1028
417 419 988 1 418 1052
418 600 626 1 582 678
419 382 413 1 363 483
420 325 848 1 320 916
421 254 295 1 231 370
422 308 1055 1 310 1124
423 320 1127 1 323 1197
424 344 525 1 328 594
425 611 336 1 582 395
426 342 993 1 341 1059
427 335 522 1 318 592
428 224 412 1 205 487
429 421 768 1 413 831
430 313 888 1 308 955
431 336 872 1 331 940
432 303 920 1 300 988
433 207 196 1 182 274
434 563 746 1 551 799
435 509 118 1 476 189
436 283 779 1 275 848
437 325 903 1 322 970
438 307 873 1 303 941
439 333 668 1 322 737
440 337 288 1 314 359
441 351 830 1 345 896
442 235 389 1 215 462
443 297 309 1 275 383
444 318 936 1 315 1003
445 123 180 1 98 261
446 32 1217 1 38 1298
447 369 900 1 365 966
448 463 1005 1 462 1067
449 237 251 1 213 328
450 462 993 1 461 1055
451 278 818 1 272 887
452 238 239 1 214 315
453 257 1028 1 259 1098
454 328 905 1 325 971
455 249 899 1 246 970
456 278 832 1 272 902
457 292 419 1 274 490
458 587 377 1 561 436
459 361 913 1 357 979
460 248 244 1 224 320
461 592 533 1 571 587
462 307 276 1 284 350
463 391 931 1 388 997
464 287 308 1 264 382
465 580 467 1 558 524
466 298 956 1 296 1023
467 339 260 1 315 333
468 686 618 1 662 663
469 341 908 1 338 974
470 301 863 1 297 931
471 251 232 1 228 308
472 299 736 1 290 806
473 320 185 1 293 260
474 463 760 1 454 822
475 305 909 1 301 977
476 319 195 1 293 270
477 356 884 1 351 951
478 251 123 1 224 202
479 595 615 1 576 668
480 438 746 1 429 811
481 329 800 1 322 868
482 323 858 1 317 927
483 286 733 1 278 803
484 238 369 1 218 443
485 431 765 1 423 828
486 311 247 1 287 321
487 675 596 1 653 643
488 612 596 1 592 647
489 302 1012 1 303 1080
