0 233 661 1 217 719
1 232 649 1 215 707
2 244 529 1 222 588
3 247 973 1 245 1031
4 253 878 1 247 935
5 233 636 1 216 695
6 226 732 1 213 791
7 238 586 1 218 645
8 239 597 1 220 656
9 219 598 1 199 658
10 227 704 1 213 763
11 245 518 1 222 578
12 246 539 1 223 598
13 271 591 1 252 649
14 264 704 1 249 761
15 254 865 1 247 921
16 268 648 1 251 705
17 25 1224 1 34 1293
18 234 1182 1 242 1241
19 225 540 1 203 600
20 181 1230 1 191 1291
21 186 1183 1 193 1243
22 242 570 1 221 628
23 211 899 1 205 958
24 211 794 1 202 853
25 252 899 1 246 956
26 263 717 1 249 774
27 206 959 1 202 1019
28 246 985 1 244 1043
29 37 1155 1 43 1223
30 48 1091 1 51 1159
31 157 1194 1 165 1256
32 253 888 1 247 945
33 231 622 1 213 680
34 185 1169 1 191 1230
35 263 733 1 249 790
36 76 922 1 71 988
37 225 688 1 210 747
38 269 635 1 251 693
39 217 812 1 209 870
40 216 622 1 197 682
41 176 1198 1 184 1259
42 246 998 1 244 1055
43 213 643 1 196 702
44 207 712 1 192 771
45 413 730 1 398 775
46 201 983 1 199 1042
47 202 996 1 201 1056
48 269 622 1 251 679
49 255 854 1 247 911
50 53 860 1 45 926
51 233 473 1 208 533
52 171 508 1 147 570
53 224 762 1 211 820
54 232 1230 1 241 1289
55 223 562 1 202 622
56 212 867 1 205 925
57 143 182 1 106 251
58 190 873 1 183 933
59 249 934 1 246 991
60 239 818 1 230 876
61 192 843 1 183 903
62 265 688 1 250 745
63 129 178 1 92 247
64 132 167 1 94 236
65 44 1081 1 47 1148
66 146 166 1 107 235
67 200 761 1 188 821
68 123 728 1 109 792
69 214 763 1 202 821
70 73 911 1 68 976
71 275 601 1 256 659
72 224 507 1 202 567
73 212 662 1 195 722
74 276 581 1 255 639
75 182 932 1 177 993
76 223 636 1 206 695
77 175 998 1 174 1059
78 363 783 1 351 836
79 229 786 1 218 845
80 208 687 1 193 747
81 151 1232 1 161 1294
82 38 1224 1 47 1293
83 491 708 1 474 751
84 33 1145 1 38 1213
85 156 1183 1 164 1245
86 217 705 1 204 764
87 195 959 1 193 1019
88 230 486 1 206 546
89 337 639 1 318 695
90 119 176 1 81 245
91 383 723 1 369 772
92 200 898 1 195 958
93 59 1155 1 65 1223
94 260 836 1 252 892
95 233 1255 1 243 1314
96 98 911 1 93 976
97 67 1218 1 76 1285
98 153 154 1 115 222
99 188 402 1 161 465
100 203 733 1 190 793
101 163 160 1 125 228
102 199 781 1 188 841
103 234 455 1 208 516
104 266 747 1 252 803
105 275 612 1 256 669
106 346 638 1 327 692
107 243 508 1 219 567
108 62 1145 1 68 1212
109 280 1106 1 283 1160
110 432 720 1 416 765
111 528 897 1 519 936
112 236 438 1 210 499
113 460 810 1 448 856
114 455 825 1 444 872
115 432 743 1 416 788
116 222 573 1 201 633
117 56 1214 1 64 1282
118 200 397 1 171 459
119 246 834 1 236 892
120 306 350 1 274 408
121 181 837 1 173 897
122 53 1224 1 62 1292
123 248 467 1 224 527
124 216 719 1 203 778
125 256 809 1 247 866
126 367 577 1 345 630
127 216 732 1 203 791
128 159 186 1 122 253
129 433 641 1 414 689
130 468 518 1 439 559
131 365 875 1 357 926
132 491 740 1 476 784
133 275 471 1 250 530
134 236 799 1 226 857
135 401 540 1 377 588
136 248 1077 1 251 1134
137 333 794 1 321 844
138 183 917 1 178 977
139 378 638 1 360 691
140 629 538 1 597 571
141 463 965 1 459 1010
142 329 938 1 325 989
143 463 424 1 434 474
144 488 845 1 477 886
145 246 484 1 222 543
146 325 997 1 323 1049
147 180 958 1 177 1018
148 377 577 1 356 630
149 281 507 1 258 565
150 382 707 1 366 760
151 108 786 1 97 851
152 109 176 1 72 245
153 192 995 1 191 1055
154 81 1149 1 87 1215
155 478 513 1 451 557
156 491 718 1 474 761
157 178 498 1 154 561
158 36 1168 1 43 1236
159 527 908 1 518 944
160 326 641 1 307 695
161 150 1253 1 161 1316
162 630 395 1 592 432
163 259 349 1 228 408
164 288 282 1 254 341
165 279 484 1 255 543
166 287 293 1 253 355
167 434 676 1 417 725
168 226 550 1 204 610
169 26 1171 1 32 1241
170 355 964 1 352 1017
171 467 933 1 457 956
172 517 904 1 507 936
173 256 451 1 230 511
174 207 810 1 197 870
175 333 253 1 297 311
176 306 1081 1 308 1135
177 393 758 1 380 808
178 317 934 1 312 987
179 219 49 1 176 116
180 263 299 1 230 360
181 617 337 1 576 377
182 252 1058 1 253 1114
183 323 987 1 321 1039
184 304 1049 1 305 1102
185 351 946 1 348 997
186 429 697 1 412 747
187 258 799 1 248 856
188 223 60 1 180 126
189 246 1016 1 245 1074
190 415 826 1 405 875
191 217 318 1 185 381
192 291 197 1 252 258
193 246 360 1 216 420
194 242 402 1 214 462
195 330 660 1 313 715
196 455 975 1 452 1021
197 80 1005 1 79 1073
198 329 631 1 309 685
199 404 477 1 378 530
200 174 1181 1 182 1242
201 409 930 1 408 976
202 261 360 1 230 420
203 288 321 1 255 381
204 146 194 1 109 262
205 219 341 1 188 403
206 600 522 1 568 559
207 330 948 1 327 1000
208 233 364 1 203 426
209 406 1039 1 406 1088
210 327 829 1 318 882
211 289 818 1 280 872
212 169 1228 1 179 1290
213 204 747 1 191 807
214 352 1009 1 351 1060
215 255 745 1 244 803
216 451 988 1 449 1034
217 459 531 1 430 571
218 247 240 1 211 302
219 397 801 1 385 850
220 234 253 1 198 315
221 294 903 1 288 957
222 466 975 1 463 1021
223 638 1025 1 631 1050
224 380 598 1 359 652
225 352 702 1 337 755
226 340 1071 1 343 1124
227 246 221 1 209 283
228 522 401 1 487 443
229 251 321 1 219 382
230 338 774 1 326 828
231 393 934 1 389 984
232 622 586 1 593 618
233 259 1047 1 260 1103
234 501 916 1 490 944
235 295 965 1 293 1018
236 206 720 1 192 780
237 225 383 1 195 444
238 287 223 1 250 285
239 302 434 1 275 491
240 368 819 1 358 871
241 235 353 1 205 415
242 250 279 1 217 341
243 303 780 1 292 834
244 293 1034 1 293 1088
245 218 996 1 217 1054
246 215 25 1 170 93
247 313 613 1 293 668
248 379 610 1 360 663
249 310 274 1 275 333
250 268 823 1 259 879
251 333 848 1 325 901
252 314 1237 1 324 1291
253 293 954 1 290 1007
254 489 173 1 444 226
255 603 574 1 574 609
256 387 833 1 378 884
257 378 1066 1 379 1117
258 214 136 1 174 202
259 221 86 1 178 153
260 428 753 1 415 802
261 240 278 1 206 339
262 252 772 1 241 830
263 314 783 1 303 837
264 24 1212 1 31 1281
265 367 639 1 348 692
266 229 282 1 196 345
267 296 1023 1 295 1076
268 304 422 1 276 479
269 315 918 1 309 970
270 280 187 1 242 248
271 269 1098 1 272 1154
272 422 718 1 406 764
273 321 206 1 283 266
274 417 630 1 398 681
275 267 675 1 251 732
276 74 1197 1 82 1264
277 251 1179 1 258 1237
278 628 360 1 587 399
279 477 86 1 431 142
280 628 435 1 591 472
281 300 918 1 295 972
282 388 1066 1 388 1117
283 418 699 1 403 750
284 285 882 1 279 937
285 289 917 1 284 972
286 352 728 1 338 781
287 293 848 1 284 904
288 459 245 1 414 291
289 83 912 1 78 977
290 261 48 1 216 114
291 454 428 1 425 479
292 344 965 1 341 1017
293 425 592 1 403 642
294 304 594 1 283 649
295 425 943 1 420 991
296 269 208 1 232 270
297 317 345 1 285 401
298 402 580 1 381 632
299 375 312 1 341 368
300 252 204 1 214 268
301 369 612 1 349 665
302 298 820 1 289 874
303 275 1021 1 275 1077
304 352 469 1 326 525
305 350 1047 1 351 1098
306 312 257 1 276 316
307 603 383 1 565 422
308 387 576 1 365 629
309 431 809 1 420 858
310 415 969 1 411 1018
311 356 917 1 351 968
312 257 288 1 224 350
313 247 291 1 214 353
314 262 104 1 220 169
315 226 296 1 193 359
316 423 607 1 403 658
317 105 816 1 95 882
318 411 945 1 407 994
319 273 723 1 258 779
320 24 1155 1 28 1224
321 202 60 1 158 128
322 210 674 1 194 734
323 284 1019 1 284 1073
324 343 1027 1 343 1079
325 430 666 1 413 715
326 343 789 1 332 841
327 393 819 1 383 870
328 417 997 1 415 1046
329 305 836 1 296 890
330 295 933 1 291 987
331 254 401 1 226 460
332 333 967 1 331 1020
333 365 930 1 360 981
334 240 313 1 208 375
335 621 315 1 579 356
336 665 279 1 618 318
337 206 617 1 187 677
338 411 658 1 393 708
339 607 619 1 581 653
340 372 998 1 371 1048
341 227 596 1 208 656
342 278 776 1 265 831
343 334 265 1 298 323
344 32 1137 1 37 1204
345 292 309 1 258 369
346 239 329 1 208 390
347 275 312 1 242 371
348 108 796 1 98 862
349 337 578 1 316 633
350 307 1064 1 308 1117
351 276 367 1 245 426
352 58 902 1 52 969
353 615 505 1 582 541
354 276 785 1 265 841
355 282 420 1 255 479
356 357 825 1 347 878
357 293 207 1 256 268
358 234 234 1 198 297
359 312 206 1 275 267
360 299 894 1 293 948
361 287 243 1 251 303
362 503 37 1 453 94
363 379 797 1 367 848
364 611 443 1 576 481
365 351 649 1 333 703
366 327 613 1 307 667
367 290 332 1 258 392
368 613 471 1 579 507
369 239 300 1 206 362
370 600 538 1 570 575
371 354 507 1 330 562
372 267 221 1 230 283
373 254 1095 1 258 1152
374 318 790 1 307 844
375 390 507 1 364 553
376 425 788 1 414 834
377 440 757 1 428 805
378 231 264 1 197 326
379 290 259 1 255 319
380 328 755 1 316 809
381 239 958 1 236 1015
382 269 402 1 241 461
383 284 735 1 271 791
384 234 221 1 197 284
385 228 76 1 185 142
386 277 197 1 239 259
387 288 872 1 281 927
388 290 486 1 265 543
389 332 253 1 296 312
390 205 327 1 174 390
391 437 243 1 393 289
392 381 1000 1 379 1050
393 277 238 1 241 299
394 384 470 1 357 523
395 321 245 1 285 304
396 245 230 1 209 293
397 303 249 1 267 309
398 338 469 1 311 526
399 375 1025 1 376 1076
400 283 408 1 255 466
401 245 442 1 219 502
402 327 775 1 316 829
403 235 339 1 204 401
404 348 907 1 342 958
405 408 984 1 406 1034
406 462 988 1 459 1033
407 422 1010 1 420 1057
408 611 653 1 587 686
409 392 429 1 364 483
410 328 867 1 321 920
411 264 309 1 231 370
412 308 1076 1 310 1129
413 318 1148 1 324 1202
414 352 541 1 329 595
415 634 340 1 592 380
416 343 1012 1 342 1064
417 341 538 1 319 593
418 233 426 1 205 487
419 315 907 1 309 959
420 338 891 1 331 944
421 66 1227 1 74 1295
422 218 209 1 182 273
423 571 772 1 554 807
424 524 136 1 478 188
425 287 796 1 276 851
426 328 922 1 323 974
427 447 801 1 436 847
428 339 685 1 322 739
429 354 849 1 345 900
430 244 403 1 215 463
431 307 324 1 275 383
432 319 955 1 316 1008
433 135 192 1 98 260
434 27 1233 1 37 1303
435 371 919 1 366 970
436 464 1027 1 464 1073
437 248 265 1 213 328
438 464 1015 1 462 1061
439 281 835 1 272 890
440 249 253 1 214 315
441 331 924 1 326 976
442 251 916 1 246 973
443 281 849 1 272 905
444 302 434 1 274 491
445 603 400 1 565 439
446 362 932 1 358 983
447 635 340 1 593 379
448 258 258 1 224 320
449 260 74 1 217 140
450 605 557 1 576 593
451 318 291 1 284 350
452 392 951 1 389 1001
453 297 323 1 264 382
454 532 483 1 502 526
455 299 975 1 297 1028
456 350 276 1 315 333
457 344 928 1 339 979
458 304 882 1 297 935
459 263 246 1 228 308
460 304 753 1 291 808
461 333 200 1 293 259
462 306 929 1 301 982
463 331 209 1 293 269
464 245 135 1 205 199
465 264 137 1 224 201
466 606 642 1 581 675
467 443 765 1 430 813
468 333 817 1 323 871
469 325 876 1 318 930
470 290 749 1 278 805
471 248 383 1 218 443
472 436 786 1 424 832
473 322 263 1 287 321
474 349 305 1 314 360
475 625 623 1 598 655
476 303 1032 1 303 1085
