0 210 682 1 218 722
1 208 669 1 216 710
2 220 549 1 222 590
3 226 996 1 246 1035
4 231 901 1 247 939
5 210 657 1 216 698
6 203 754 1 213 793
7 214 607 1 219 647
8 215 618 1 220 658
9 195 619 1 200 660
10 204 726 1 214 766
11 221 539 1 223 580
12 221 559 1 224 600
13 248 612 1 252 651
14 241 725 1 250 763
15 232 887 1 247 925
16 245 669 1 251 707
17 215 1208 1 243 1247
18 201 561 1 204 602
19 165 1209 1 193 1250
20 218 590 1 222 629
21 189 922 1 205 962
22 189 816 1 202 856
23 230 921 1 247 960
24 240 738 1 249 777
25 184 983 1 203 1023
26 225 1008 1 245 1048
27 523 859 1 533 882
28 26 1118 1 50 1164
29 137 1221 1 165 1263
30 231 910 1 247 949
31 209 642 1 214 682
32 391 752 1 400 782
33 165 1195 1 191 1236
34 240 754 1 249 793
35 53 946 1 71 992
36 201 709 1 210 749
37 246 655 1 252 695
38 217 841 1 230 879
39 195 834 1 209 873
40 192 642 1 198 684
41 156 1224 1 185 1266
42 225 1021 1 245 1060
43 189 664 1 196 705
44 184 733 1 193 774
45 180 1006 1 200 1046
46 181 1020 1 201 1061
47 246 642 1 252 681
48 233 876 1 248 915
49 30 883 1 45 930
50 146 528 1 147 572
51 201 783 1 212 823
52 199 583 1 202 623
53 190 889 1 206 929
54 169 865 1 183 906
55 117 203 1 105 251
56 168 896 1 183 936
57 228 957 1 247 995
58 475 915 1 490 942
59 242 709 1 250 747
60 103 198 1 92 248
61 209 492 1 208 534
62 207 808 1 218 849
63 106 187 1 93 236
64 119 187 1 107 235
65 177 783 1 188 824
66 100 749 1 110 793
67 24 1105 1 46 1153
68 192 784 1 202 825
69 51 935 1 68 980
70 252 622 1 257 661
71 200 527 1 202 568
72 220 808 1 232 848
73 189 683 1 195 724
74 252 602 1 256 641
75 160 956 1 178 997
76 200 657 1 206 698
77 154 1022 1 174 1063
78 341 804 1 352 839
79 185 708 1 193 750
80 39 1183 1 65 1229
81 207 505 1 207 548
82 470 729 1 477 758
83 136 1209 1 164 1252
84 194 726 1 204 767
85 174 983 1 193 1024
86 314 659 1 319 697
87 92 196 1 81 245
88 361 746 1 370 778
89 179 921 1 195 962
90 238 857 1 252 895
91 76 935 1 93 980
92 46 1247 1 76 1292
93 126 175 1 115 223
94 163 422 1 161 466
95 180 755 1 190 796
96 137 180 1 125 228
97 176 803 1 188 844
98 209 476 1 208 517
99 243 768 1 253 806
100 251 632 1 256 671
101 323 658 1 328 694
102 507 920 1 522 945
103 41 1172 1 68 1218
104 218 527 1 219 569
105 410 742 1 418 772
106 259 1131 1 284 1167
107 212 458 1 210 500
108 409 764 1 419 795
109 439 831 1 451 861
110 510 859 1 522 882
111 434 846 1 446 877
112 198 594 1 202 636
113 34 1243 1 64 1288
114 380 496 1 380 531
115 175 417 1 172 460
116 224 856 1 237 896
117 280 371 1 274 411
118 159 859 1 173 900
119 522 849 1 533 872
120 31 1253 1 62 1299
121 224 487 1 224 528
122 194 740 1 204 781
123 234 831 1 247 870
124 342 597 1 346 632
125 193 753 1 203 793
126 133 207 1 122 253
127 410 661 1 416 692
128 212 1255 1 242 1296
129 445 540 1 443 569
130 344 897 1 358 930
131 470 762 1 478 790
132 251 492 1 250 531
133 213 821 1 227 861
134 377 563 1 379 594
135 228 1102 1 252 1141
136 608 559 1 605 581
137 310 816 1 322 850
138 161 941 1 179 981
139 508 934 1 523 956
140 443 987 1 461 1017
141 308 960 1 326 995
142 439 444 1 436 476
143 222 505 1 223 545
144 158 981 1 177 1023
145 354 597 1 357 632
146 257 527 1 258 566
147 360 727 1 367 762
148 85 808 1 97 853
149 83 196 1 72 245
150 171 1019 1 191 1060
151 60 1176 1 87 1221
152 455 534 1 454 563
153 355 658 1 361 693
154 469 739 1 477 767
155 305 1022 1 324 1056
156 153 519 1 155 562
157 406 707 1 412 739
158 301 1010 1 322 1045
159 303 661 1 308 697
160 609 415 1 599 440
161 234 369 1 229 410
162 263 302 1 254 342
163 255 504 1 256 544
164 261 313 1 253 356
165 411 696 1 418 728
166 453 913 1 467 939
167 202 571 1 204 612
168 362 373 1 355 409
169 427 360 1 418 394
170 335 986 1 353 1021
171 370 778 1 381 811
172 304 632 1 308 669
173 232 471 1 230 512
174 185 833 1 198 873
175 307 272 1 298 312
176 286 1105 1 309 1141
177 296 957 1 313 992
178 193 69 1 176 116
179 238 320 1 230 361
180 595 357 1 583 383
181 231 1082 1 254 1120
182 284 1073 1 306 1109
183 331 969 1 349 1003
184 295 967 1 313 1002
185 406 717 1 414 750
186 236 821 1 248 859
187 197 80 1 180 126
188 225 1040 1 246 1079
189 393 846 1 406 879
190 192 338 1 185 382
191 265 216 1 253 258
192 221 380 1 216 422
193 218 422 1 214 463
194 307 681 1 314 717
195 435 997 1 454 1028
196 59 1029 1 79 1076
197 305 652 1 310 687
198 155 1207 1 182 1249
199 236 380 1 231 421
200 262 341 1 256 382
201 120 214 1 109 262
202 238 1071 1 260 1109
203 194 361 1 188 404
204 578 544 1 575 567
205 310 970 1 328 1005
206 208 385 1 203 427
207 386 1062 1 408 1094
208 267 839 1 281 876
209 181 769 1 192 810
210 332 1032 1 353 1066
211 473 752 1 480 781
212 233 766 1 244 806
213 432 1010 1 451 1040
214 676 345 1 660 368
215 435 555 1 434 582
216 222 260 1 211 303
217 375 823 1 386 855
218 208 273 1 198 316
219 273 926 1 289 962
220 447 998 1 465 1027
221 622 1054 1 639 1069
222 357 618 1 360 654
223 329 722 1 338 757
224 321 1095 1 344 1130
225 220 240 1 210 283
226 262 262 1 252 304
227 226 341 1 220 382
228 316 796 1 327 831
229 603 609 1 600 630
230 388 678 1 395 711
231 481 946 1 496 964
232 274 988 1 293 1024
233 183 742 1 193 783
234 199 404 1 196 446
235 261 243 1 251 285
236 278 454 1 276 493
237 163 1255 1 191 1298
238 346 840 1 359 875
239 210 373 1 205 416
240 444 802 1 455 831
241 174 70 1 158 117
242 225 300 1 217 342
243 281 801 1 293 838
244 273 1059 1 294 1095
245 196 1019 1 217 1059
246 188 45 1 170 92
247 289 633 1 294 670
248 356 630 1 361 665
249 285 294 1 276 334
250 599 65 1 574 99
251 246 845 1 259 883
252 312 870 1 326 905
253 273 978 1 290 1013
254 582 596 1 581 619
255 366 854 1 380 888
256 358 1089 1 380 1123
257 187 156 1 174 202
258 194 107 1 178 153
259 406 774 1 417 805
260 215 297 1 207 340
261 229 794 1 241 833
262 292 805 1 304 841
263 304 980 1 322 1015
264 344 659 1 349 694
265 204 302 1 196 346
266 338 928 1 355 963
267 275 1047 1 296 1083
268 279 442 1 276 481
269 293 941 1 310 976
270 255 206 1 243 249
271 249 1123 1 272 1161
272 305 850 1 319 885
273 400 740 1 408 771
274 381 811 1 393 843
275 296 226 1 284 266
276 394 650 1 399 683
277 244 696 1 252 734
278 53 1225 1 81 1271
279 231 1204 1 259 1243
280 606 380 1 594 405
281 451 105 1 433 142
282 608 456 1 599 480
283 279 941 1 296 977
284 396 719 1 404 753
285 264 904 1 279 942
286 268 939 1 284 977
287 271 870 1 285 907
288 436 265 1 421 299
289 60 936 1 78 981
290 235 68 1 216 113
291 430 447 1 426 481
292 323 987 1 342 1022
293 401 611 1 405 645
294 280 614 1 283 651
295 244 227 1 233 270
296 292 365 1 285 404
297 379 601 1 382 635
298 350 332 1 342 369
299 225 224 1 214 268
300 345 632 1 350 667
301 276 841 1 290 878
302 254 1045 1 275 1083
303 328 489 1 327 526
304 330 1069 1 352 1104
305 286 276 1 277 316
306 581 402 1 571 429
307 363 596 1 366 631
308 409 829 1 422 861
309 395 991 1 412 1023
310 335 939 1 352 973
311 232 309 1 224 350
312 222 310 1 214 353
313 235 124 1 220 168
314 201 316 1 194 360
315 400 627 1 404 660
316 609 548 1 605 570
317 501 867 1 514 895
318 82 838 1 95 884
319 251 744 1 259 782
320 614 399 1 602 424
321 175 80 1 158 127
322 186 696 1 194 736
323 264 1043 1 285 1080
324 323 1050 1 344 1085
325 407 685 1 414 718
326 321 811 1 333 846
327 371 840 1 384 874
328 397 1020 1 417 1052
329 328 749 1 339 784
330 284 858 1 297 894
331 274 956 1 292 993
332 229 421 1 226 462
333 313 990 1 332 1025
334 344 952 1 361 986
335 214 333 1 208 376
336 523 869 1 535 893
337 599 335 1 586 361
338 645 298 1 628 324
339 182 638 1 188 679
340 321 939 1 339 973
341 587 642 1 588 664
342 352 1021 1 372 1054
343 255 798 1 266 835
344 308 285 1 299 324
345 266 329 1 258 370
346 214 349 1 208 391
347 249 331 1 243 372
348 85 817 1 98 863
349 314 598 1 317 635
350 363 549 1 362 573
351 287 1088 1 310 1124
352 251 388 1 245 428
353 35 926 1 52 972
354 594 527 1 589 550
355 515 543 1 514 571
356 254 807 1 266 845
357 258 440 1 255 480
358 335 846 1 348 881
359 267 227 1 256 269
360 208 254 1 198 298
361 287 225 1 276 266
362 278 917 1 294 953
363 477 56 1 456 94
364 356 818 1 368 852
365 590 464 1 582 488
366 415 714 1 423 746
367 328 669 1 334 705
368 265 352 1 258 393
369 592 492 1 586 516
370 214 320 1 207 363
371 579 560 1 576 584
372 330 527 1 330 563
373 241 241 1 230 283
374 234 1120 1 259 1158
375 295 812 1 308 848
376 404 809 1 416 840
377 419 777 1 429 809
378 206 284 1 197 327
379 264 279 1 255 320
380 448 267 1 436 302
381 306 775 1 317 812
382 218 981 1 236 1020
383 245 422 1 242 463
384 262 757 1 272 794
385 208 241 1 198 284
386 201 96 1 185 142
387 251 217 1 239 260
388 266 894 1 282 931
389 266 506 1 265 544
390 307 272 1 297 312
391 180 348 1 174 392
392 413 264 1 399 298
393 299 996 1 318 1031
394 360 1023 1 381 1056
395 252 257 1 242 300
396 359 489 1 358 525
397 295 265 1 285 305
398 219 250 1 209 293
399 277 268 1 267 309
400 313 489 1 312 527
401 356 1047 1 377 1081
402 258 428 1 255 468
403 683 673 1 681 688
404 221 462 1 219 503
405 305 796 1 317 833
406 210 359 1 205 401
407 327 929 1 344 964
408 388 1007 1 407 1039
409 442 1010 1 461 1040
410 402 1032 1 421 1064
411 592 676 1 593 697
412 369 447 1 365 483
413 307 889 1 322 924
414 239 329 1 232 371
415 288 1100 1 311 1136
416 299 1172 1 325 1208
417 328 561 1 330 597
418 613 360 1 600 386
419 323 1035 1 343 1070
420 318 558 1 320 595
421 208 446 1 206 488
422 400 697 1 408 730
423 293 930 1 310 965
424 317 914 1 333 949
425 403 1063 1 425 1094
426 193 229 1 182 274
427 500 155 1 482 189
428 264 817 1 276 854
429 307 945 1 324 980
430 426 822 1 438 853
431 316 705 1 323 741
432 333 870 1 347 904
433 219 424 1 216 464
434 282 344 1 275 384
435 595 567 1 591 589
436 109 212 1 98 260
437 350 941 1 367 975
438 445 1050 1 466 1080
439 222 285 1 213 329
440 444 1038 1 465 1068
441 259 857 1 273 894
442 223 273 1 214 315
443 675 652 1 673 669
444 310 947 1 327 982
445 230 939 1 247 977
446 259 870 1 273 908
447 487 923 1 499 940
448 277 454 1 275 493
449 581 420 1 572 446
450 342 954 1 359 988
451 613 360 1 600 386
452 233 278 1 224 320
453 234 95 1 217 139
454 584 580 1 582 602
455 293 311 1 285 351
456 373 973 1 391 1006
457 272 343 1 265 383
458 508 503 1 505 531
459 279 999 1 298 1034
460 325 295 1 316 333
461 323 950 1 340 984
462 282 905 1 298 940
463 237 266 1 228 309
464 281 774 1 291 811
465 307 219 1 294 259
466 285 952 1 302 987
467 305 229 1 294 269
468 219 155 1 205 199
469 238 157 1 224 201
470 586 665 1 587 687
471 421 785 1 431 817
472 311 839 1 324 875
473 165 533 1 166 576
474 304 898 1 319 934
475 268 771 1 279 808
476 223 403 1 219 445
477 415 807 1 426 838
478 297 283 1 288 322
479 323 325 1 315 363
480 606 646 1 605 666
481 283 1056 1 304 1092
