0 246 706 1 218 723
1 246 682 1 217 699
2 267 926 1 248 943
3 246 694 1 216 711
4 225 948 1 206 966
5 252 642 1 221 659
6 231 643 1 200 661
7 240 750 1 214 768
8 257 563 1 224 580
9 239 779 1 214 796
10 257 583 1 224 600
11 263 1023 1 247 1040
12 284 635 1 253 652
13 233 620 1 202 637
14 261 1036 1 246 1052
15 277 749 1 251 765
16 267 936 1 248 953
17 201 1239 1 194 1257
18 236 584 1 204 602
19 261 1048 1 246 1064
20 269 913 1 248 929
21 64 909 1 44 933
22 88 972 1 71 995
23 266 947 1 248 964
24 281 693 1 252 709
25 276 763 1 250 779
26 282 680 1 252 696
27 228 914 1 206 932
28 191 1255 1 185 1273
29 225 841 1 203 859
30 275 778 1 250 795
31 219 1010 1 203 1028
32 237 733 1 211 751
33 170 1251 1 165 1270
34 228 667 1 198 685
35 199 1226 1 192 1243
36 235 606 1 203 624
37 282 666 1 253 682
38 563 890 1 539 892
39 216 1047 1 202 1066
40 218 759 1 193 776
41 251 1240 1 243 1254
42 268 901 1 249 918
43 215 1032 1 200 1051
44 181 551 1 148 572
45 244 516 1 209 534
46 135 773 1 110 794
47 225 688 1 197 706
48 232 859 1 210 876
49 150 225 1 105 249
50 201 923 1 183 940
51 264 983 1 247 999
52 253 866 1 231 882
53 514 945 1 493 950
54 277 733 1 251 749
55 137 221 1 91 246
56 242 833 1 219 851
57 139 210 1 93 235
58 221 733 1 194 752
59 153 210 1 106 234
60 205 891 1 184 909
61 236 808 1 213 825
62 235 551 1 203 569
63 226 809 1 203 827
64 254 631 1 219 648
65 195 982 1 178 1001
66 213 808 1 189 826
67 171 1241 1 164 1259
68 85 960 1 67 984
69 255 833 1 232 850
70 509 756 1 481 763
71 224 707 1 196 726
72 193 1010 1 177 1028
73 288 646 1 257 662
74 189 1048 1 175 1068
75 377 829 1 353 842
76 73 1211 1 64 1234
77 157 235 1 108 261
78 242 528 1 207 548
79 399 774 1 372 784
80 230 750 1 205 769
81 211 829 1 188 847
82 126 219 1 80 244
83 214 947 1 196 966
84 274 884 1 253 899
85 349 685 1 320 698
86 110 960 1 93 983
87 236 681 1 206 699
88 191 1238 1 183 1256
89 160 198 1 114 221
90 198 445 1 161 466
91 216 779 1 191 798
92 171 203 1 124 226
93 244 498 1 209 517
94 278 793 1 254 809
95 287 656 1 257 672
96 254 552 1 220 569
97 447 770 1 421 779
98 247 481 1 211 500
99 445 791 1 421 800
100 477 858 1 453 867
101 549 888 1 526 892
102 471 872 1 448 881
103 416 519 1 381 532
104 210 439 1 172 460
105 195 885 1 173 903
106 315 395 1 275 411
107 229 765 1 204 783
108 270 856 1 248 873
109 563 880 1 539 882
110 296 1160 1 285 1175
111 359 682 1 329 696
112 260 510 1 225 528
113 259 882 1 238 899
114 260 573 1 223 590
115 228 777 1 204 795
116 167 229 1 121 252
117 447 684 1 417 693
118 257 609 1 223 629
119 287 515 1 251 531
120 380 923 1 360 935
121 508 789 1 482 796
122 249 846 1 227 863
123 264 1131 1 253 1147
124 652 587 1 614 589
125 346 843 1 323 856
126 196 967 1 179 985
127 389 620 1 358 633
128 319 1103 1 307 1116
129 209 1010 1 194 1028
130 379 620 1 347 633
131 121 831 1 98 854
132 116 219 1 71 244
133 291 527 1 257 544
134 395 752 1 369 764
135 222 858 1 198 876
136 294 545 1 259 562
137 391 681 1 362 694
138 507 766 1 480 773
139 342 1051 1 325 1063
140 189 542 1 155 562
141 206 1046 1 191 1065
142 342 803 1 318 814
143 259 527 1 224 545
144 442 730 1 414 741
145 411 850 1 388 861
146 337 1039 1 324 1052
147 339 685 1 309 699
148 273 341 1 231 360
149 269 391 1 229 409
150 297 323 1 255 341
151 463 390 1 421 404
152 296 335 1 254 355
153 448 719 1 420 730
154 304 863 1 282 879
155 490 945 1 471 950
156 237 593 1 205 613
157 397 395 1 357 409
158 462 381 1 420 394
159 371 1013 1 355 1026
160 407 802 1 383 814
161 669 1100 1 649 1091
162 647 674 1 614 676
163 267 494 1 231 512
164 368 996 1 351 1009
165 342 294 1 299 311
166 323 247 1 277 265
167 342 675 1 311 689
168 322 1134 1 311 1148
169 331 985 1 315 998
170 430 872 1 408 882
171 226 92 1 176 113
172 637 378 1 592 385
173 296 284 1 252 303
174 331 995 1 314 1008
175 443 741 1 416 752
176 271 846 1 249 862
177 337 924 1 320 938
178 230 103 1 180 124
179 261 1067 1 247 1084
180 653 439 1 609 443
181 314 477 1 276 493
182 225 361 1 185 381
183 298 238 1 253 257
184 253 445 1 216 464
185 238 379 1 199 399
186 331 837 1 309 851
187 343 988 1 328 1001
188 93 1054 1 79 1078
189 319 883 1 298 897
190 340 655 1 309 670
191 271 403 1 231 421
192 297 363 1 256 382
193 274 1100 1 261 1115
194 228 384 1 188 404
195 620 570 1 582 574
196 346 998 1 329 1011
197 424 1091 1 410 1101
198 403 880 1 382 891
199 625 443 1 580 450
200 216 794 1 192 812
201 652 493 1 608 497
202 369 1060 1 354 1072
203 269 791 1 245 808
204 264 1108 1 255 1126
205 242 295 1 199 315
206 308 952 1 290 967
207 218 41 1 166 63
208 393 642 1 362 655
209 393 654 1 363 666
210 365 746 1 339 759
211 254 263 1 210 282
212 301 1075 1 286 1087
213 261 363 1 220 382
214 647 637 1 610 639
215 425 702 1 396 713
216 310 1016 1 295 1030
217 294 265 1 251 284
218 227 386 1 188 406
219 253 282 1 211 302
220 618 664 1 584 666
221 383 866 1 361 878
222 482 828 1 458 836
223 208 93 1 158 115
224 388 936 1 369 948
225 260 322 1 218 341
226 309 1088 1 295 1102
227 232 1046 1 218 1064
228 221 68 1 170 90
229 328 333 1 286 350
230 319 316 1 277 333
231 640 76 1 583 92
232 348 895 1 328 909
233 625 624 1 589 627
234 394 1118 1 382 1129
235 220 178 1 174 200
236 228 130 1 179 150
237 443 798 1 419 808
238 249 319 1 207 339
239 265 819 1 242 836
240 510 779 1 484 786
241 306 1006 1 292 1020
242 339 1007 1 323 1020
243 380 682 1 350 695
244 238 325 1 196 345
245 375 955 1 356 967
246 348 703 1 315 718
247 311 1077 1 297 1090
248 329 969 1 312 982
249 288 228 1 243 247
250 341 875 1 320 889
251 438 767 1 411 776
252 419 838 1 395 848
253 431 673 1 401 685
254 500 981 1 480 985
255 280 719 1 252 736
256 634 674 1 596 674
257 342 823 1 318 836
258 649 401 1 604 408
259 315 969 1 297 983
260 286 769 1 260 785
261 433 743 1 406 754
262 300 930 1 281 945
263 385 355 1 343 368
264 477 762 1 451 769
265 307 896 1 286 911
266 95 961 1 78 984
267 267 91 1 217 111
268 437 634 1 407 646
269 284 294 1 241 314
270 316 637 1 284 652
271 278 249 1 233 269
272 326 388 1 286 405
273 415 624 1 384 636
274 259 246 1 214 267
275 363 511 1 328 526
276 366 1098 1 354 1110
277 321 298 1 278 315
278 623 425 1 579 431
279 399 619 1 368 632
280 446 854 1 424 864
281 356 820 1 329 834
282 666 505 1 625 509
283 622 604 1 585 607
284 371 966 1 354 978
285 267 331 1 225 349
286 257 333 1 214 353
287 269 147 1 220 166
288 235 339 1 194 359
289 436 650 1 406 661
290 118 862 1 96 885
291 657 421 1 612 427
292 209 103 1 159 125
293 222 719 1 195 738
294 360 1077 1 346 1090
295 444 709 1 416 720
296 434 1049 1 419 1058
297 364 773 1 340 786
298 310 984 1 293 998
299 349 1018 1 333 1030
300 381 979 1 363 991
301 249 355 1 208 375
302 563 900 1 540 903
303 642 355 1 595 362
304 691 317 1 640 324
305 217 661 1 188 680
306 358 966 1 340 978
307 389 1049 1 374 1061
308 291 822 1 267 838
309 343 306 1 300 323
310 339 240 1 295 258
311 470 1041 1 454 1047
312 301 351 1 259 369
313 248 371 1 208 391
314 284 353 1 243 372
315 121 841 1 99 864
316 349 621 1 318 636
317 285 409 1 246 428
318 637 552 1 598 556
319 293 462 1 256 480
320 274 361 1 233 380
321 371 871 1 350 885
322 302 248 1 257 267
323 314 944 1 295 958
324 512 73 1 459 89
325 632 488 1 591 493
326 452 738 1 425 748
327 299 374 1 259 392
328 294 296 1 250 314
329 635 518 1 594 522
330 248 342 1 207 362
331 621 587 1 584 591
332 618 636 1 583 639
333 275 263 1 231 282
334 270 1150 1 259 1165
335 631 529 1 592 534
336 441 834 1 418 845
337 456 802 1 432 811
338 240 306 1 197 326
339 273 273 1 229 292
340 253 1007 1 237 1024
341 279 445 1 242 463
342 298 782 1 273 797
343 242 263 1 198 283
344 234 118 1 185 139
345 285 239 1 240 258
346 393 843 1 370 856
347 301 528 1 266 544
348 341 294 1 298 311
349 214 370 1 174 391
350 238 154 1 189 174
351 335 1024 1 319 1037
352 266 1234 1 260 1250
353 286 279 1 242 299
354 395 511 1 359 525
355 330 286 1 286 304
356 253 272 1 209 292
357 349 512 1 313 527
358 392 1075 1 379 1087
359 294 451 1 256 468
360 256 484 1 220 503
361 365 957 1 345 969
362 425 1035 1 410 1045
363 268 442 1 226 462
364 272 351 1 232 370
365 324 1129 1 313 1143
366 335 1202 1 326 1215
367 364 584 1 331 598
368 656 381 1 609 388
369 359 1064 1 345 1077
370 353 581 1 321 596
371 243 468 1 206 488
372 437 721 1 410 731
373 329 957 1 311 971
374 290 832 1 267 848
375 441 1091 1 427 1101
376 205 70 1 154 92
377 227 251 1 182 272
378 536 173 1 485 186
379 300 842 1 277 858
380 463 849 1 440 858
381 306 811 1 282 826
382 352 729 1 325 743
383 369 896 1 348 908
384 410 996 1 392 1006
385 317 366 1 276 383
386 638 594 1 600 597
387 388 967 1 369 979
388 484 1080 1 469 1087
389 255 307 1 213 328
390 482 1068 1 467 1075
391 257 294 1 214 314
392 267 75 1 215 95
393 346 975 1 328 987
394 238 369 1 197 388
395 265 965 1 248 981
396 294 895 1 274 911
397 421 850 1 397 860
398 288 794 1 263 810
399 602 108 1 546 122
400 656 381 1 610 388
401 267 300 1 225 319
402 234 173 1 188 195
403 267 117 1 217 137
404 455 1042 1 437 1030
405 312 1135 1 301 1148
406 314 1027 1 299 1041
407 360 316 1 317 333
408 319 931 1 299 945
409 272 288 1 228 307
410 317 799 1 293 814
411 398 1012 1 383 1023
412 321 979 1 304 993
413 339 250 1 295 267
414 252 177 1 205 197
415 271 180 1 224 199
416 629 695 1 596 697
417 458 810 1 434 819
418 347 864 1 325 878
419 200 556 1 166 576
420 304 796 1 280 811
421 351 942 1 334 954
422 453 833 1 428 843
423 331 305 1 289 321
424 635 706 1 602 707
425 318 1086 1 305 1099
