0 257 702 1 222 659
1 251 754 1 217 711
2 247 840 1 214 796
3 256 691 1 220 647
4 279 990 1 249 944
5 247 812 1 215 768
6 260 633 1 224 590
7 236 703 1 201 661
8 257 679 1 221 636
9 261 623 1 224 580
10 253 742 1 218 699
11 236 1013 1 207 968
12 261 643 1 224 601
13 289 701 1 254 658
14 279 976 1 249 930
15 237 686 1 201 643
16 289 752 1 253 709
17 274 1101 1 247 1055
18 292 689 1 256 646
19 241 644 1 205 602
20 285 810 1 252 766
21 279 999 1 249 954
22 275 1088 1 248 1042
23 275 1114 1 247 1067
24 243 624 1 206 581
25 73 976 1 44 935
26 288 740 1 253 696
27 235 903 1 204 860
28 278 1011 1 249 966
29 287 766 1 253 722
30 222 1089 1 196 1044
31 233 728 1 199 685
32 147 287 1 105 245
33 238 978 1 207 934
34 242 921 1 210 878
35 280 965 1 250 920
36 284 840 1 251 796
37 98 1038 1 71 997
38 244 795 1 212 751
39 232 749 1 198 706
40 247 576 1 210 533
41 228 1099 1 201 1053
42 291 664 1 255 621
43 288 726 1 253 682
44 239 666 1 203 624
45 466 955 1 432 895
46 229 1114 1 203 1069
47 263 929 1 232 884
48 215 955 1 184 911
49 135 273 1 92 232
50 185 613 1 148 571
51 246 728 1 211 685
52 579 952 1 544 898
53 143 835 1 111 794
54 232 1075 1 204 1030
55 254 767 1 219 723
56 251 895 1 220 852
57 276 1048 1 248 1002
58 246 870 1 213 826
59 285 794 1 252 750
60 134 284 1 90 244
61 233 1049 1 205 1004
62 201 506 1 162 465
63 227 795 1 194 752
64 242 743 1 207 699
65 221 870 1 189 827
66 150 272 1 106 231
67 240 610 1 203 568
68 207 1048 1 179 1004
69 236 872 1 204 828
70 285 945 1 254 900
71 283 829 1 250 785
72 388 889 1 355 843
73 95 1028 1 67 986
74 405 957 1 373 901
75 230 769 1 196 726
76 265 895 1 233 851
77 408 835 1 374 787
78 245 590 1 208 547
79 220 1114 1 192 1068
80 204 1076 1 178 1030
81 202 1116 1 175 1071
82 232 922 1 201 877
83 295 646 1 258 603
84 154 297 1 111 255
85 222 1075 1 194 1030
86 356 743 1 321 698
87 256 729 1 221 686
88 129 895 1 98 854
89 238 813 1 205 769
90 226 814 1 193 771
91 414 505 1 374 459
92 123 282 1 80 241
93 225 1012 1 196 968
94 280 955 1 249 909
95 248 558 1 210 516
96 121 1027 1 93 985
97 315 453 1 275 410
98 157 260 1 114 218
99 224 842 1 191 799
100 168 265 1 124 223
101 366 741 1 331 696
102 279 1200 1 254 1151
103 238 826 1 205 784
104 269 945 1 239 900
105 249 541 1 211 499
106 490 918 1 456 869
107 521 842 1 485 792
108 221 890 1 190 845
109 260 909 1 227 865
110 485 932 1 451 883
111 664 491 1 618 442
112 205 949 1 174 905
113 420 576 1 383 531
114 263 569 1 225 527
115 211 500 1 172 459
116 357 906 1 325 858
117 290 574 1 252 531
118 579 941 1 544 888
119 252 920 1 222 876
120 280 919 1 249 874
121 313 1229 1 287 1179
122 668 644 1 624 592
123 590 140 1 542 97
124 164 292 1 121 249
125 525 813 1 489 764
126 452 754 1 417 708
127 457 777 1 422 730
128 395 677 1 360 633
129 519 824 1 483 776
130 353 1104 1 325 1055
131 451 788 1 416 742
132 454 740 1 419 694
133 498 442 1 456 396
134 566 950 1 531 897
135 479 508 1 439 463
136 207 1032 1 180 988
137 352 837 1 319 792
138 245 530 1 207 487
139 334 1171 1 309 1121
140 384 678 1 349 633
141 237 840 1 204 796
142 271 400 1 231 358
143 377 740 1 343 695
144 414 809 1 381 763
145 346 744 1 310 699
146 210 68 1 162 23
147 399 740 1 364 695
148 114 283 1 70 241
149 294 586 1 257 543
150 269 553 1 232 511
151 298 604 1 260 561
152 404 810 1 371 764
153 493 653 1 454 604
154 192 604 1 155 561
155 423 882 1 390 835
156 422 911 1 390 863
157 522 852 1 486 803
158 241 655 1 206 612
159 262 587 1 224 544
160 392 984 1 361 937
161 667 433 1 620 385
162 269 451 1 230 408
163 297 382 1 256 339
164 397 621 1 360 576
165 457 675 1 416 623
166 465 447 1 424 402
167 223 165 1 179 122
168 502 1015 1 469 959
169 399 452 1 359 408
170 357 1051 1 328 1003
171 463 437 1 423 392
172 661 697 1 619 643
173 418 861 1 385 814
174 297 297 1 254 254
175 538 1097 1 500 1027
176 223 723 1 189 680
177 668 735 1 626 681
178 315 924 1 283 880
179 341 352 1 299 309
180 644 755 1 604 701
181 382 1061 1 352 1012
182 208 81 1 162 37
183 338 1203 1 312 1152
184 285 413 1 244 370
185 421 670 1 382 616
186 221 154 1 176 110
187 658 732 1 616 679
188 646 430 1 600 382
189 288 1168 1 262 1119
190 385 700 1 348 655
191 295 396 1 254 353
192 321 306 1 278 263
193 345 1060 1 316 1012
194 452 799 1 418 753
195 281 908 1 250 864
196 377 1078 1 349 1029
197 275 1133 1 248 1086
198 443 930 1 410 884
199 294 343 1 253 300
200 225 421 1 185 380
201 444 744 1 409 698
202 357 1116 1 328 1066
203 399 699 1 363 654
204 238 439 1 199 397
205 255 505 1 217 463
206 399 711 1 364 666
207 453 854 1 421 809
208 495 887 1 461 838
209 106 1122 1 80 1080
210 259 134 1 214 90
211 331 945 1 300 899
212 343 898 1 310 852
213 272 463 1 232 419
214 297 423 1 257 380
215 228 446 1 188 404
216 346 713 1 310 670
217 210 47 1 162 -1
218 229 444 1 189 402
219 349 733 1 313 689
220 240 355 1 199 313
221 360 1062 1 331 1014
222 478 640 1 438 591
223 312 1207 1 286 1157
224 300 410 1 260 368
225 302 1189 1 276 1139
226 216 94 1 170 50
227 253 341 1 212 299
228 216 131 1 170 87
229 631 479 1 586 430
230 225 857 1 193 813
231 235 487 1 196 444
232 262 152 1 216 106
233 384 1125 1 356 1076
234 635 497 1 590 447
235 279 853 1 246 809
236 497 148 1 451 103
237 284 340 1 243 296
238 414 939 1 383 892
239 218 931 1 188 888
240 320 1016 1 291 969
241 316 535 1 277 492
242 213 104 1 166 60
243 404 1114 1 376 1064
244 243 468 1 204 426
245 262 179 1 218 134
246 477 908 1 443 860
247 252 323 1 210 280
248 638 645 1 596 594
249 261 423 1 221 380
250 354 1071 1 325 1023
251 531 1086 1 495 1017
252 660 454 1 614 405
253 294 325 1 252 281
254 228 447 1 188 404
255 358 925 1 327 879
256 465 1054 1 433 1002
257 632 694 1 591 643
258 394 926 1 362 880
259 205 166 1 159 122
260 401 998 1 371 950
261 259 381 1 218 339
262 376 833 1 342 787
263 391 845 1 357 798
264 324 1156 1 297 1106
265 375 804 1 341 760
266 346 1048 1 316 1001
267 327 391 1 287 348
268 641 124 1 590 81
269 360 957 1 329 911
270 315 1141 1 288 1092
271 639 682 1 597 629
272 218 240 1 174 197
273 223 191 1 179 148
274 248 380 1 207 337
275 654 762 1 613 709
276 453 450 1 412 405
277 237 385 1 196 343
278 316 524 1 279 480
279 326 1144 1 298 1094
280 300 884 1 268 839
281 294 830 1 261 786
282 286 287 1 244 244
283 316 942 1 286 896
284 430 898 1 397 850
285 480 179 1 436 134
286 438 730 1 403 685
287 287 780 1 253 736
288 290 927 1 260 882
289 316 1094 1 289 1046
290 666 433 1 620 384
291 434 760 1 398 714
292 508 987 1 475 935
293 442 801 1 408 755
294 323 1083 1 296 1034
295 336 298 1 296 255
296 446 778 1 412 732
297 191 73 1 144 30
298 332 1009 1 302 962
299 650 608 1 607 557
300 444 691 1 409 646
301 283 354 1 242 311
302 322 696 1 285 652
303 358 1094 1 330 1044
304 352 936 1 322 890
305 275 310 1 234 267
306 327 447 1 286 403
307 421 681 1 385 636
308 131 906 1 100 864
309 660 670 1 617 617
310 257 306 1 215 264
311 339 1194 1 313 1145
312 324 964 1 294 918
313 282 378 1 241 335
314 367 569 1 329 525
315 383 1164 1 355 1114
316 320 356 1 279 313
317 631 478 1 587 430
318 321 1073 1 293 1025
319 539 223 1 494 177
320 366 880 1 333 834
321 631 628 1 589 577
322 266 390 1 225 348
323 256 392 1 215 351
324 265 208 1 221 164
325 234 399 1 194 357
326 443 707 1 408 661
327 558 582 1 517 533
328 127 926 1 96 885
329 655 514 1 609 464
330 198 131 1 153 87
331 229 781 1 195 739
332 646 666 1 603 613
333 376 1142 1 348 1093
334 448 1055 1 418 1002
335 452 766 1 418 720
336 323 1049 1 294 1001
337 348 1092 1 320 1043
338 645 731 1 605 678
339 636 659 1 594 608
340 395 1042 1 365 994
341 249 416 1 208 373
342 650 406 1 604 359
343 372 1030 1 342 982
344 389 712 1 354 667
345 650 447 1 604 398
346 230 180 1 185 137
347 261 164 1 216 120
348 341 364 1 301 321
349 402 1234 1 376 1183
350 660 538 1 615 488
351 249 432 1 209 389
352 355 679 1 319 635
353 390 1028 1 362 981
354 301 444 1 261 401
355 286 469 1 247 426
356 295 522 1 257 479
357 273 421 1 233 378
358 640 601 1 597 550
359 383 932 1 352 886
360 300 307 1 257 265
361 337 1132 1 309 1084
362 218 81 1 172 36
363 303 1166 1 277 1117
364 362 857 1 328 811
365 385 765 1 350 720
366 304 1140 1 277 1092
367 508 127 1 462 82
368 319 952 1 288 907
369 372 1020 1 341 972
370 462 795 1 427 749
371 352 883 1 320 837
372 300 434 1 260 391
373 292 355 1 251 312
374 647 573 1 603 522
375 248 402 1 207 360
376 374 863 1 341 818
377 233 191 1 188 148
378 459 919 1 426 871
379 273 323 1 231 280
380 286 1219 1 261 1169
381 204 156 1 158 112
382 643 585 1 600 535
383 669 631 1 625 580
384 239 366 1 197 324
385 385 411 1 344 367
386 271 333 1 230 289
387 355 977 1 324 931
388 669 473 1 622 423
389 266 1072 1 238 1027
390 281 504 1 243 462
391 306 843 1 274 798
392 240 323 1 198 280
393 371 751 1 337 707
394 282 298 1 240 256
395 305 587 1 267 544
396 313 1161 1 287 1111
397 340 352 1 299 309
398 214 432 1 174 389
399 234 215 1 190 172
400 270 501 1 231 459
401 551 230 1 505 186
402 329 345 1 287 301
403 252 332 1 210 289
404 247 457 1 207 414
405 233 241 1 190 198
406 352 569 1 314 526
407 409 1139 1 381 1089
408 296 510 1 257 467
409 259 544 1 221 502
410 281 397 1 240 353
411 632 1025 1 596 968
412 632 694 1 590 642
413 329 623 1 292 579
414 479 1018 1 446 963
415 663 687 1 620 634
416 323 411 1 283 368
417 273 411 1 233 368
418 340 1197 1 314 1147
419 376 970 1 345 923
420 362 840 1 328 795
421 613 380 1 568 334
422 391 880 1 359 833
423 387 740 1 352 695
424 359 639 1 322 595
425 550 549 1 509 501
426 300 1177 1 274 1126
427 369 391 1 328 347
428 664 548 1 619 497
429 458 1157 1 430 1105
430 314 1119 1 286 1071
431 200 133 1 154 89
432 224 312 1 182 270
433 266 473 1 226 431
434 285 1045 1 257 999
435 310 904 1 279 859
436 499 917 1 465 867
437 498 1053 1 467 1001
438 660 591 1 616 540
439 315 873 1 283 827
440 360 788 1 326 744
441 315 429 1 275 386
442 466 892 1 433 844
443 381 957 1 350 910
444 424 1058 1 394 1009
445 318 425 1 277 381
446 320 643 1 284 599
447 326 727 1 291 684
448 401 1029 1 371 981
449 502 1144 1 472 1091
450 254 368 1 214 326
451 265 369 1 223 327
452 405 846 1 371 798
453 256 355 1 215 312
454 261 136 1 215 92
455 238 429 1 198 387
456 278 1029 1 249 983
457 359 404 1 318 360
458 432 911 1 399 862
459 296 855 1 264 811
460 601 157 1 552 113
461 267 360 1 225 317
462 406 676 1 369 632
463 268 294 1 226 250
464 328 1203 1 302 1153
465 371 1041 1 341 993
466 329 1094 1 300 1045
467 365 998 1 334 950
468 360 374 1 318 330
469 387 1077 1 357 1028
470 270 348 1 229 305
471 327 860 1 294 815
472 413 1074 1 385 1025
473 211 192 1 166 149
474 334 1044 1 305 996
475 338 309 1 296 265
476 248 237 1 205 195
477 268 240 1 225 197
478 633 410 1 587 362
479 641 765 1 601 711
480 385 1218 1 358 1166
481 417 928 1 385 880
482 203 617 1 167 575
483 336 712 1 300 668
484 313 857 1 281 812
485 531 438 1 489 391
486 452 930 1 419 882
487 331 363 1 290 319
488 306 423 1 267 380
489 500 257 1 456 212
490 334 1153 1 307 1103
