0 258 703 1 222 659
1 252 755 1 217 711
2 248 841 1 215 796
3 256 691 1 220 647
4 280 991 1 249 944
5 248 813 1 215 768
6 261 634 1 224 590
7 237 704 1 201 660
8 258 680 1 221 636
9 261 623 1 224 579
10 253 742 1 218 699
11 237 1014 1 207 967
12 262 644 1 225 600
13 290 702 1 254 658
14 281 977 1 249 930
15 237 686 1 201 643
16 290 753 1 253 709
17 277 1102 1 247 1054
18 292 689 1 256 645
19 242 645 1 205 602
20 286 810 1 252 765
21 280 1000 1 249 954
22 277 1090 1 248 1041
23 277 1115 1 247 1066
24 243 624 1 206 581
25 74 978 1 44 934
26 289 741 1 253 696
27 237 904 1 204 859
28 280 1012 1 249 965
29 288 767 1 253 722
30 224 1090 1 196 1043
31 234 729 1 199 685
32 147 287 1 105 245
33 239 979 1 207 933
34 243 922 1 211 877
35 282 966 1 250 919
36 286 840 1 251 795
37 100 1040 1 71 996
38 245 795 1 212 751
39 233 750 1 198 706
40 247 576 1 210 533
41 231 1100 1 201 1053
42 292 664 1 255 621
43 289 726 1 254 682
44 240 666 1 203 623
45 468 957 1 431 892
46 231 1115 1 203 1068
47 264 929 1 232 883
48 216 956 1 185 910
49 135 274 1 92 232
50 185 614 1 148 571
51 247 729 1 211 685
52 581 953 1 543 897
53 144 836 1 111 794
54 234 1076 1 204 1029
55 255 767 1 219 723
56 252 896 1 220 852
57 278 1049 1 249 1001
58 247 871 1 213 826
59 286 794 1 252 749
60 133 285 1 91 244
61 235 1050 1 205 1003
62 201 507 1 162 464
63 229 795 1 195 752
64 242 743 1 207 699
65 222 871 1 190 827
66 150 273 1 106 231
67 240 611 1 203 568
68 289 820 1 254 774
69 209 1049 1 179 1003
70 237 873 1 204 828
71 286 945 1 254 899
72 284 830 1 250 785
73 389 890 1 355 842
74 97 1029 1 68 985
75 407 958 1 372 899
76 231 770 1 197 726
77 266 896 1 233 851
78 410 836 1 374 786
79 245 591 1 208 547
80 222 1116 1 192 1067
81 206 1077 1 178 1029
82 204 1118 1 175 1070
83 234 923 1 201 876
84 296 647 1 258 603
85 154 298 1 111 255
86 224 1077 1 195 1030
87 357 743 1 321 698
88 257 730 1 221 685
89 130 896 1 98 854
90 239 813 1 205 769
91 227 815 1 193 771
92 416 506 1 373 459
93 123 283 1 80 241
94 227 1013 1 197 967
95 281 955 1 249 909
96 248 558 1 210 516
97 123 1029 1 94 984
98 315 454 1 275 410
99 156 261 1 114 218
100 225 843 1 192 798
101 167 266 1 125 224
102 367 741 1 331 695
103 281 1201 1 254 1150
104 239 827 1 205 783
105 270 945 1 239 900
106 250 542 1 212 499
107 491 918 1 456 868
108 522 842 1 484 791
109 222 891 1 190 845
110 261 910 1 228 864
111 486 932 1 451 883
112 665 490 1 616 442
113 206 950 1 174 904
114 263 569 1 226 527
115 211 500 1 173 459
116 359 906 1 325 858
117 290 574 1 252 530
118 582 942 1 543 887
119 254 921 1 222 875
120 423 578 1 383 531
121 282 919 1 249 873
122 315 1230 1 287 1178
123 670 644 1 622 591
124 590 139 1 541 99
125 164 292 1 121 249
126 526 814 1 488 763
127 453 754 1 416 708
128 458 777 1 422 730
129 521 825 1 483 775
130 355 1105 1 325 1054
131 452 788 1 416 741
132 455 740 1 419 693
133 497 442 1 455 396
134 568 951 1 530 896
135 479 508 1 438 463
136 209 1034 1 180 987
137 354 838 1 319 792
138 245 530 1 207 487
139 336 1172 1 309 1120
140 385 678 1 349 632
141 238 840 1 205 796
142 271 401 1 231 358
143 378 740 1 343 695
144 415 809 1 381 763
145 347 744 1 310 698
146 208 68 1 163 24
147 400 740 1 364 694
148 113 283 1 71 241
149 295 586 1 258 543
150 270 553 1 232 510
151 298 604 1 260 561
152 405 810 1 371 764
153 494 653 1 454 604
154 192 604 1 156 561
155 424 882 1 390 834
156 423 912 1 390 862
157 523 853 1 486 802
158 242 656 1 206 612
159 262 587 1 224 544
160 394 985 1 361 936
161 668 433 1 618 385
162 269 451 1 230 408
163 297 383 1 256 339
164 398 621 1 360 576
165 457 677 1 414 623
166 465 447 1 423 402
167 222 166 1 179 122
168 505 1017 1 468 957
169 399 452 1 358 408
170 359 1052 1 328 1002
171 464 437 1 423 392
172 663 697 1 617 642
173 419 861 1 385 814
174 296 297 1 254 254
175 540 1099 1 498 1023
176 224 724 1 189 680
177 671 736 1 625 680
178 316 925 1 283 879
179 341 352 1 300 309
180 646 755 1 602 700
181 384 1062 1 352 1011
182 207 81 1 162 37
183 341 1204 1 312 1151
184 285 413 1 244 370
185 422 672 1 380 615
186 220 154 1 176 110
187 660 733 1 615 678
188 647 429 1 598 383
189 291 1169 1 263 1118
190 386 700 1 348 655
191 296 396 1 255 353
192 321 306 1 278 263
193 347 1061 1 316 1011
194 454 799 1 418 752
195 283 909 1 250 863
196 379 1079 1 349 1029
197 277 1135 1 248 1086
198 444 931 1 410 883
199 294 343 1 253 300
200 225 422 1 186 380
201 445 744 1 409 697
202 358 1116 1 328 1065
203 400 699 1 363 654
204 238 440 1 199 397
205 256 505 1 217 463
206 400 711 1 364 666
207 454 856 1 421 808
208 496 887 1 460 837
209 108 1123 1 80 1079
210 259 135 1 215 90
211 332 946 1 300 898
212 344 898 1 311 851
213 272 463 1 232 419
214 297 423 1 257 380
215 227 446 1 188 404
216 347 714 1 311 670
217 209 47 1 162 -3
218 229 445 1 189 402
219 350 733 1 313 688
220 240 355 1 199 313
221 362 1063 1 331 1013
222 479 641 1 437 591
223 314 1208 1 286 1155
224 300 410 1 260 368
225 305 1190 1 276 1138
226 215 94 1 170 50
227 253 342 1 212 299
228 215 131 1 170 87
229 632 478 1 585 430
230 226 857 1 193 813
231 235 487 1 196 444
232 261 152 1 216 107
233 386 1127 1 356 1075
234 636 496 1 589 447
235 280 854 1 246 808
236 496 147 1 451 104
237 284 340 1 243 296
238 416 939 1 383 892
239 220 933 1 188 887
240 322 1017 1 291 968
241 316 535 1 277 492
242 212 104 1 166 60
243 406 1115 1 376 1063
244 243 468 1 204 425
245 262 179 1 218 135
246 478 909 1 443 859
247 252 323 1 210 280
248 640 645 1 594 594
249 261 423 1 221 380
250 355 1072 1 325 1022
251 534 1088 1 493 1013
252 661 453 1 612 405
253 294 325 1 252 281
254 228 447 1 188 404
255 360 926 1 327 879
256 467 1055 1 433 1000
257 634 695 1 589 642
258 396 927 1 362 879
259 204 166 1 160 122
260 403 998 1 371 949
261 259 382 1 218 339
262 377 833 1 342 786
263 392 846 1 357 797
264 326 1157 1 297 1105
265 376 805 1 341 759
266 348 1049 1 316 1000
267 327 391 1 287 348
268 641 122 1 588 83
269 361 958 1 329 910
270 317 1142 1 288 1091
271 641 682 1 595 629
272 217 240 1 174 197
273 223 192 1 179 148
274 479 656 1 435 603
275 248 380 1 208 337
276 656 763 1 611 708
277 453 450 1 411 405
278 237 385 1 197 343
279 317 524 1 279 480
280 328 1145 1 298 1093
281 302 885 1 268 838
282 295 831 1 261 785
283 286 287 1 244 245
284 318 943 1 286 896
285 431 899 1 397 850
286 480 178 1 436 135
287 440 731 1 403 684
288 288 781 1 253 736
289 292 928 1 260 882
290 318 1095 1 289 1045
291 667 433 1 618 385
292 435 760 1 398 714
293 510 988 1 475 934
294 443 801 1 408 754
295 325 1084 1 296 1033
296 336 298 1 296 255
297 447 778 1 412 731
298 190 73 1 145 30
299 334 1010 1 302 961
300 529 1108 1 487 1026
301 651 608 1 605 557
302 445 692 1 408 646
303 283 354 1 242 311
304 322 696 1 286 652
305 360 1095 1 330 1043
306 354 937 1 322 889
307 275 310 1 234 267
308 327 447 1 286 403
309 422 682 1 385 636
310 132 906 1 100 864
311 662 670 1 616 617
312 257 307 1 215 264
313 341 1196 1 313 1144
314 326 965 1 294 918
315 282 378 1 241 335
316 367 569 1 329 525
317 385 1165 1 355 1113
318 320 356 1 279 313
319 632 478 1 585 430
320 323 1074 1 293 1024
321 539 222 1 494 178
322 367 880 1 333 833
323 633 628 1 587 577
324 266 391 1 225 348
325 256 393 1 215 351
326 265 208 1 221 164
327 234 399 1 194 357
328 444 707 1 408 661
329 558 581 1 516 533
330 128 927 1 97 885
331 656 513 1 607 464
332 197 131 1 153 87
333 230 782 1 196 738
334 647 666 1 602 613
335 378 1143 1 348 1092
336 451 1057 1 417 1001
337 453 766 1 418 719
338 325 1050 1 294 1000
339 351 1093 1 320 1042
340 648 731 1 603 677
341 638 659 1 593 607
342 397 1043 1 365 993
343 249 416 1 209 373
344 651 406 1 602 359
345 374 1031 1 342 981
346 390 712 1 354 667
347 651 446 1 603 399
348 230 181 1 186 137
349 261 164 1 217 121
350 341 365 1 301 321
351 405 1236 1 376 1181
352 661 537 1 613 488
353 249 432 1 209 389
354 356 680 1 319 635
355 392 1029 1 362 980
356 301 444 1 261 401
357 286 469 1 247 426
358 480 1010 1 446 957
359 295 522 1 257 479
360 273 421 1 234 378
361 641 601 1 595 549
362 384 933 1 352 885
363 300 307 1 257 265
364 339 1134 1 309 1082
365 217 81 1 172 37
366 305 1167 1 277 1116
367 363 857 1 328 810
368 386 765 1 350 720
369 306 1141 1 277 1091
370 507 126 1 461 83
371 321 953 1 288 906
372 373 1021 1 341 971
373 463 796 1 427 748
374 354 884 1 320 836
375 300 434 1 260 391
376 292 355 1 251 312
377 649 573 1 601 522
378 247 403 1 207 360
379 375 863 1 341 817
380 232 192 1 189 148
381 460 920 1 426 871
382 273 323 1 231 280
383 288 1220 1 261 1168
384 203 156 1 158 112
385 645 585 1 598 534
386 671 632 1 623 579
387 239 366 1 198 324
388 384 411 1 344 367
389 271 333 1 230 290
390 357 977 1 324 930
391 670 472 1 620 424
392 267 1074 1 238 1026
393 282 505 1 243 462
394 308 844 1 274 798
395 240 323 1 198 281
396 372 751 1 337 706
397 282 299 1 241 256
398 305 587 1 267 543
399 315 1162 1 287 1109
400 340 352 1 299 309
401 214 432 1 174 389
402 233 215 1 190 172
403 270 502 1 231 459
404 551 230 1 504 187
405 328 345 1 287 302
406 251 332 1 210 290
407 247 457 1 207 414
408 233 241 1 190 198
409 353 570 1 314 526
410 411 1140 1 381 1089
411 296 510 1 257 467
412 259 545 1 221 502
413 280 397 1 240 353
414 634 1026 1 595 966
415 633 694 1 589 641
416 329 623 1 292 579
417 481 1020 1 445 961
418 665 687 1 618 633
419 323 411 1 283 368
420 273 411 1 233 368
421 343 1198 1 314 1146
422 378 971 1 345 923
423 364 840 1 328 794
424 614 380 1 567 334
425 392 880 1 359 833
426 388 740 1 352 695
427 359 640 1 322 595
428 551 549 1 508 501
429 302 1178 1 274 1125
430 369 391 1 328 347
431 665 547 1 617 497
432 461 1158 1 430 1104
433 316 1121 1 286 1070
434 199 133 1 154 89
435 224 312 1 183 270
436 266 474 1 226 431
437 287 1046 1 257 998
438 311 905 1 279 858
439 500 917 1 465 866
440 500 1054 1 466 999
441 661 591 1 614 540
442 317 873 1 283 827
443 361 789 1 326 743
444 315 429 1 275 386
445 467 893 1 433 843
446 383 958 1 350 909
447 426 1059 1 394 1008
448 318 425 1 277 381
449 320 643 1 284 599
450 327 728 1 291 683
451 403 1030 1 371 980
452 505 1145 1 472 1090
453 254 368 1 214 326
454 264 369 1 224 327
455 407 846 1 371 797
456 256 355 1 215 312
457 260 136 1 216 92
458 238 429 1 198 387
459 280 1030 1 249 982
460 359 404 1 318 361
461 434 911 1 399 862
462 298 856 1 264 810
463 601 156 1 551 114
464 266 360 1 225 317
465 267 294 1 226 250
466 330 1204 1 302 1152
467 373 1042 1 341 992
468 331 1095 1 300 1044
469 366 999 1 334 950
470 360 374 1 318 330
471 389 1077 1 357 1027
472 270 348 1 229 305
473 328 861 1 294 815
474 415 1075 1 385 1024
475 210 193 1 166 149
476 336 1045 1 305 995
477 338 309 1 296 265
478 248 238 1 206 195
479 268 240 1 225 197
480 634 409 1 586 363
481 643 765 1 600 710
482 387 1219 1 358 1165
483 419 928 1 385 879
484 204 618 1 167 575
485 337 712 1 300 668
486 315 858 1 281 812
487 531 438 1 488 391
488 453 930 1 419 881
489 330 363 1 290 319
490 306 423 1 267 380
491 500 256 1 455 213
492 336 1154 1 307 1102
