0 199 630 1 223 660
1 191 682 1 218 713
2 185 769 1 215 800
3 197 618 1 221 648
4 213 921 1 250 949
5 188 741 1 216 771
6 199 607 1 222 637
7 205 550 1 225 580
8 177 631 1 202 662
9 193 669 1 219 701
10 170 943 1 207 973
11 204 570 1 226 601
12 232 623 1 255 652
13 187 550 1 207 582
14 214 907 1 251 935
15 179 614 1 202 645
16 184 570 1 206 603
17 223 739 1 253 768
18 228 682 1 255 711
19 207 1020 1 249 1049
20 207 1034 1 248 1062
21 206 1045 1 248 1074
22 214 931 1 251 960
23 171 833 1 205 864
24 212 942 1 250 971
25 227 695 1 254 724
26 229 669 1 255 698
27 154 1020 1 197 1051
28 164 1007 1 205 1037
29 178 852 1 211 882
30 172 908 1 208 938
31 346 329 1 353 345
32 175 655 1 200 686
33 182 593 1 204 624
34 223 769 1 253 799
35 192 501 1 211 533
36 30 966 1 70 1002
37 183 723 1 213 753
38 97 204 1 103 242
39 160 1029 1 202 1060
40 234 592 1 256 622
41 229 654 1 255 684
42 215 896 1 251 925
43 161 1045 1 203 1076
44 172 677 1 198 708
45 199 859 1 233 888
46 85 189 1 91 229
47 128 537 1 148 572
48 187 656 1 212 687
49 140 978 1 179 1010
50 81 760 1 112 795
51 343 913 1 376 926
52 150 884 1 185 915
53 225 750 1 255 778
54 133 1047 1 176 1078
55 209 979 1 250 1008
56 183 799 1 214 830
57 225 723 1 254 752
58 84 200 1 89 241
59 194 695 1 220 725
60 519 906 1 553 915
61 166 979 1 206 1010
62 184 536 1 204 568
63 167 722 1 195 754
64 158 799 1 190 830
65 147 430 1 162 464
66 101 188 1 105 228
67 297 674 1 323 700
68 197 824 1 230 854
69 222 814 1 252 843
70 172 801 1 204 832
71 137 1007 1 178 1037
72 164 1019 1 206 1049
73 182 670 1 208 701
74 326 822 1 357 847
75 28 954 1 67 991
76 197 656 1 222 687
77 160 943 1 197 974
78 221 876 1 255 905
79 189 515 1 209 547
80 115 186 1 120 224
81 170 697 1 197 728
82 151 1045 1 193 1075
83 224 785 1 254 814
84 239 573 1 260 603
85 104 214 1 110 252
86 154 1006 1 195 1037
87 193 484 1 211 515
88 66 819 1 99 855
89 349 774 1 377 795
90 177 741 1 206 772
91 165 742 1 194 774
92 73 197 1 79 238
93 216 886 1 250 914
94 108 176 1 112 215
95 427 859 1 460 877
96 53 955 1 93 990
97 263 382 1 276 410
98 205 876 1 240 905
99 162 770 1 192 802
100 168 851 1 202 881
101 307 672 1 333 697
102 208 496 1 226 527
103 209 1133 1 255 1161
104 176 755 1 206 786
105 432 1017 1 472 1034
106 195 466 1 212 498
107 462 784 1 491 800
108 158 818 1 190 850
109 196 839 1 229 869
110 422 870 1 455 890
111 628 437 1 634 447
112 188 850 1 223 880
113 340 608 1 362 633
114 341 672 1 366 696
115 158 423 1 173 458
116 235 500 1 253 530
117 520 892 1 552 904
118 204 244 1 211 277
119 140 878 1 175 909
120 626 598 1 641 604
121 428 441 1 442 463
122 563 63 1 554 84
123 329 608 1 351 634
124 293 843 1 327 867
125 114 208 1 120 246
126 466 756 1 494 772
127 394 688 1 420 710
128 398 711 1 425 733
129 208 560 1 225 591
130 461 767 1 488 784
131 285 1040 1 328 1065
132 392 722 1 419 745
133 396 673 1 423 696
134 141 962 1 180 994
135 291 769 1 321 795
136 191 454 1 208 486
137 264 1107 1 311 1132
138 360 615 1 382 626
139 174 768 1 205 799
140 221 324 1 232 357
141 319 671 1 345 697
142 354 742 1 384 766
143 505 902 1 539 913
144 178 69 1 176 106
145 63 197 1 69 238
146 239 513 1 259 543
147 215 479 1 233 510
148 369 507 1 386 531
149 247 268 1 254 298
150 242 531 1 262 561
151 344 743 1 373 767
152 135 528 1 156 562
153 165 650 1 189 682
154 688 71 1 673 87
155 361 815 1 393 838
156 242 1164 1 288 1191
157 372 754 1 401 775
158 462 795 1 492 812
159 184 581 1 207 613
160 207 512 1 225 544
161 327 631 1 350 656
162 327 919 1 364 943
163 246 349 1 258 379
164 633 377 1 637 387
165 217 375 1 230 407
166 287 674 1 312 700
167 493 925 1 528 935
168 247 306 1 256 338
169 403 641 1 424 649
170 417 379 1 427 402
171 467 989 1 505 1003
172 179 80 1 179 118
173 311 301 1 320 328
174 349 383 1 361 408
175 290 988 1 330 1012
176 416 370 1 427 392
177 617 653 1 635 658
178 250 219 1 255 251
179 219 1103 1 264 1128
180 279 986 1 318 1010
181 352 627 1 374 637
182 623 693 1 643 698
183 251 856 1 285 884
184 596 711 1 618 717
185 316 998 1 355 1021
186 268 1138 1 314 1163
187 203 812 1 235 841
188 235 337 1 245 368
189 612 689 1 632 695
190 290 664 1 314 690
191 611 372 1 615 384
192 511 1100 1 554 1110
193 439 642 1 461 660
194 245 319 1 255 352
195 275 229 1 279 260
196 278 996 1 318 1021
197 393 733 1 421 755
198 218 839 1 251 868
199 310 1012 1 351 1036
200 362 801 1 392 821
201 207 1065 1 249 1094
202 218 1152 1 262 1179
203 379 866 1 413 888
204 174 344 1 186 378
205 386 677 1 412 700
206 287 1051 1 330 1076
207 375 764 1 404 784
208 186 362 1 199 396
209 202 430 1 217 463
210 191 393 1 204 425
211 434 826 1 465 845
212 217 50 1 215 85
213 266 877 1 302 904
214 304 814 1 336 840
215 219 388 1 232 419
216 176 369 1 188 403
217 288 643 1 312 671
218 177 368 1 189 401
219 243 437 1 258 467
220 191 277 1 200 311
221 293 997 1 333 1021
222 241 1143 1 288 1169
223 250 334 1 261 366
224 232 1125 1 278 1151
225 205 263 1 212 297
226 173 44 1 170 82
227 592 422 1 600 434
228 162 785 1 194 817
229 244 449 1 258 478
230 218 67 1 217 103
231 315 1062 1 359 1085
232 595 441 1 604 452
233 315 737 1 343 762
234 67 829 1 101 865
235 236 262 1 244 294
236 351 873 1 386 897
237 262 462 1 278 492
238 192 244 1 198 278
239 337 1051 1 379 1074
240 219 95 1 219 130
241 414 848 1 447 868
242 593 597 1 609 605
243 210 346 1 221 379
244 350 923 1 385 935
245 182 413 1 196 444
246 286 1006 1 327 1031
247 286 963 1 324 986
248 625 398 1 630 408
249 247 247 1 253 279
250 176 369 1 188 403
251 295 858 1 329 884
252 585 646 1 604 655
253 331 860 1 365 884
254 237 825 1 269 853
255 160 80 1 159 118
256 336 933 1 374 956
257 209 304 1 219 337
258 315 765 1 344 790
259 330 784 1 360 806
260 379 744 1 407 766
261 279 316 1 288 346
262 620 46 1 607 65
263 295 892 1 331 916
264 246 1078 1 289 1103
265 593 634 1 611 642
266 448 980 1 485 992
267 612 758 1 635 763
268 171 158 1 174 194
269 574 81 1 565 101
270 179 107 1 179 144
271 198 302 1 208 335
272 606 720 1 627 725
273 405 382 1 415 405
274 405 877 1 440 899
275 264 626 1 287 653
276 421 999 1 461 1016
277 608 607 1 624 614
278 187 307 1 197 341
279 339 967 1 378 990
280 263 451 1 280 480
281 257 1081 1 300 1105
282 237 815 1 270 843
283 232 760 1 262 789
284 239 209 1 244 241
285 252 874 1 287 901
286 372 1038 1 414 1059
287 350 793 1 380 817
288 443 103 1 440 128
289 381 664 1 406 687
290 227 709 1 255 738
291 262 794 1 296 819
292 248 1030 1 290 1056
293 633 377 1 637 387
294 204 411 1 218 442
295 615 407 1 621 417
296 534 432 1 544 448
297 376 693 1 401 716
298 420 1043 1 462 1062
299 382 734 1 411 757
300 256 1019 1 298 1044
301 291 222 1 297 252
302 387 712 1 415 734
303 302 697 1 328 724
304 266 943 1 304 969
305 608 559 1 622 567
306 234 277 1 242 309
307 291 1031 1 332 1054
308 228 231 1 235 264
309 276 376 1 287 403
310 584 587 1 600 596
311 617 624 1 633 631
312 210 227 1 215 262
313 289 869 1 324 895
314 269 1131 1 316 1155
315 260 897 1 296 923
316 233 302 1 242 333
317 313 498 1 331 524
318 272 280 1 280 311
319 593 422 1 600 433
320 254 1009 1 295 1034
321 504 149 1 501 171
322 303 813 1 335 838
323 586 578 1 602 587
324 583 434 1 591 446
325 216 314 1 226 346
326 206 315 1 215 349
327 220 126 1 222 160
328 184 321 1 194 355
329 387 640 1 411 663
330 509 523 1 525 538
331 63 851 1 97 887
332 617 461 1 625 470
333 346 305 1 354 331
334 155 43 1 153 83
335 169 709 1 196 741
336 371 617 1 392 625
337 601 618 1 618 626
338 307 1076 1 350 1100
339 393 701 1 421 722
340 382 1050 1 425 1070
341 293 942 1 331 968
342 256 983 1 296 1009
343 281 1029 1 322 1053
344 598 686 1 619 693
345 591 611 1 608 619
346 328 978 1 368 1001
347 197 339 1 209 372
348 258 1032 1 299 1057
349 617 347 1 620 359
350 258 281 1 265 312
351 343 449 1 357 476
352 306 967 1 344 990
353 332 643 1 356 669
354 268 979 1 307 1004
355 615 390 1 620 401
356 186 97 1 186 133
357 354 295 1 362 322
358 218 80 1 217 116
359 294 289 1 302 319
360 194 382 1 207 414
361 331 1169 1 379 1193
362 621 486 1 631 495
363 197 355 1 209 388
364 205 469 1 222 500
365 298 609 1 321 636
366 325 965 1 364 988
367 249 370 1 262 400
368 234 395 1 247 425
369 592 460 1 601 471
370 413 948 1 451 967
371 481 922 1 515 933
372 223 345 1 234 377
373 597 551 1 611 559
374 319 866 1 354 891
375 253 230 1 258 262
376 267 1069 1 311 1094
377 421 602 1 439 608
378 233 1102 1 278 1128
379 300 789 1 330 814
380 327 697 1 353 722
381 235 1073 1 279 1100
382 474 49 1 467 73
383 255 884 1 290 911
384 305 956 1 344 980
385 362 758 1 390 779
386 290 816 1 322 841
387 344 294 1 351 321
388 249 359 1 261 389
389 243 278 1 251 310
390 606 522 1 618 531
391 197 325 1 207 358
392 311 796 1 343 821
393 188 108 1 189 144
394 225 244 1 232 277
395 159 70 1 158 108
396 602 534 1 614 543
397 318 1028 1 359 1052
398 418 455 1 431 476
399 627 585 1 642 592
400 181 45 1 179 82
401 189 288 1 198 322
402 566 932 1 598 936
403 223 254 1 230 287
404 290 910 1 326 936
405 633 418 1 639 428
406 199 1004 1 239 1033
407 228 431 1 244 462
408 244 773 1 275 802
409 313 682 1 339 708
410 236 220 1 241 253
411 390 888 1 423 908
412 250 514 1 269 543
413 244 1097 1 288 1122
414 293 277 1 301 306
415 162 354 1 174 388
416 189 133 1 191 168
417 217 427 1 232 458
418 591 495 1 602 505
419 515 158 1 513 179
420 282 269 1 288 299
421 254 948 1 292 973
422 187 159 1 190 194
423 299 498 1 316 525
424 341 1073 1 384 1097
425 350 607 1 373 632
426 495 432 1 507 450
427 230 320 1 240 352
428 572 985 1 608 991
429 585 646 1 603 654
430 273 552 1 293 580
431 350 755 1 380 779
432 414 968 1 453 983
433 618 642 1 636 648
434 251 938 1 288 964
435 274 336 1 284 366
436 223 335 1 234 367
437 270 1133 1 316 1157
438 232 775 1 262 804
439 312 905 1 348 929
440 300 771 1 330 797
441 577 318 1 580 333
442 329 813 1 361 837
443 329 671 1 354 697
444 303 569 1 324 596
445 503 489 1 517 505
446 321 318 1 329 346
447 625 497 1 635 505
448 631 618 1 646 624
449 313 695 1 339 721
450 156 46 1 154 85
451 176 232 1 183 267
452 214 398 1 227 430
453 219 977 1 259 1005
454 583 542 1 597 552
455 437 856 1 470 875
456 432 998 1 472 1015
457 620 542 1 632 550
458 299 720 1 328 746
459 265 355 1 276 385
460 404 830 1 437 850
461 317 892 1 352 916
462 359 994 1 398 1016
463 268 350 1 278 380
464 264 572 1 286 600
465 268 656 1 293 684
466 241 875 1 276 903
467 205 290 1 214 324
468 215 292 1 224 325
469 344 784 1 374 806
470 207 276 1 215 310
471 365 826 1 397 849
472 186 352 1 198 385
473 212 960 1 250 989
474 310 332 1 319 360
475 369 849 1 403 870
476 234 786 1 266 815
477 631 481 1 640 489
478 218 282 1 226 315
479 348 567 1 369 592
480 221 214 1 226 247
481 621 422 1 627 432
482 257 1138 1 304 1164
483 299 934 1 336 958
484 376 713 1 402 736
485 319 1011 1 360 1035
486 222 270 1 229 303
487 342 644 1 367 667
488 347 1009 1 388 1032
489 166 108 1 167 145
490 292 232 1 297 263
491 291 568 1 311 596
492 204 156 1 206 191
493 223 159 1 226 193
494 597 350 1 601 363
495 593 721 1 615 727
496 314 1152 1 361 1176
497 311 831 1 343 854
498 148 542 1 167 575
499 278 641 1 302 669
500 251 789 1 282 817
501 486 373 1 495 391
502 389 865 1 423 887
503 283 287 1 291 316
504 256 348 1 268 379
505 461 185 1 461 207
506 580 296 1 582 310
