0 182 621 1 223 661
1 175 674 1 218 714
2 169 762 1 216 801
3 187 550 1 225 591
4 198 914 1 251 952
5 171 732 1 216 772
6 181 609 1 221 649
7 183 599 1 223 638
8 188 541 1 226 581
9 160 622 1 202 663
10 177 661 1 219 702
11 153 936 1 208 976
12 188 561 1 226 602
13 215 614 1 256 653
14 198 900 1 251 938
15 218 598 1 257 636
16 168 562 1 206 603
17 162 604 1 202 645
18 207 731 1 254 770
19 211 674 1 255 712
20 192 1014 1 250 1052
21 191 1027 1 249 1065
22 191 1039 1 249 1077
23 198 924 1 251 962
24 156 825 1 205 865
25 197 935 1 251 974
26 211 687 1 255 725
27 212 660 1 255 699
28 139 1013 1 197 1054
29 145 1023 1 202 1063
30 148 1000 1 205 1039
31 202 844 1 252 881
32 161 844 1 212 884
33 156 901 1 209 940
34 207 762 1 253 800
35 175 492 1 211 533
36 157 647 1 200 687
37 167 715 1 213 755
38 79 193 1 102 242
39 165 584 1 204 625
40 328 913 1 378 937
41 218 583 1 257 623
42 213 646 1 255 685
43 199 889 1 251 927
44 65 751 1 112 796
45 145 1039 1 204 1079
46 183 851 1 234 890
47 68 178 1 90 228
48 111 529 1 148 572
49 171 648 1 212 688
50 123 971 1 180 1012
51 133 876 1 186 918
52 209 742 1 255 780
53 117 1041 1 176 1081
54 167 527 1 205 569
55 194 973 1 250 1010
56 167 791 1 215 831
57 209 715 1 254 753
58 66 189 1 89 240
59 177 686 1 221 726
60 150 973 1 206 1013
61 150 715 1 195 756
62 141 792 1 191 832
63 130 420 1 163 464
64 83 178 1 105 227
65 281 665 1 324 701
66 181 816 1 230 856
67 206 806 1 253 844
68 157 793 1 205 833
69 148 1012 1 206 1052
70 165 661 1 208 702
71 310 815 1 358 848
72 180 648 1 222 688
73 144 936 1 198 976
74 121 999 1 179 1040
75 205 868 1 256 907
76 173 507 1 209 548
77 97 175 1 120 223
78 153 689 1 198 730
79 136 1039 1 193 1078
80 208 777 1 254 815
81 222 565 1 260 604
82 154 667 1 199 709
83 87 204 1 110 252
84 139 1000 1 195 1040
85 49 811 1 99 856
86 176 475 1 211 516
87 412 851 1 462 880
88 160 733 1 207 773
89 148 734 1 194 775
90 55 187 1 78 238
91 200 878 1 251 916
92 91 165 1 112 214
93 615 594 1 647 611
94 38 948 1 93 992
95 247 373 1 276 411
96 335 627 1 371 650
97 189 868 1 241 907
98 145 763 1 193 804
99 333 768 1 379 799
100 152 843 1 202 883
101 292 664 1 334 698
102 191 487 1 227 527
103 194 1127 1 256 1165
104 160 747 1 206 788
105 417 1011 1 474 1038
106 179 457 1 213 499
107 447 778 1 493 805
108 141 811 1 190 852
109 180 832 1 229 870
110 407 863 1 456 893
111 617 431 1 641 451
112 324 599 1 363 634
113 416 1020 1 474 1049
114 141 414 1 173 458
115 628 1149 1 684 1158
116 218 491 1 254 531
117 506 890 1 556 911
118 187 234 1 211 277
119 325 664 1 367 697
120 192 854 1 243 893
121 172 842 1 223 882
122 412 433 1 444 464
123 551 50 1 558 82
124 313 599 1 352 634
125 278 837 1 328 871
126 97 198 1 120 246
127 452 749 1 496 776
128 378 680 1 421 711
129 120 519 1 156 562
130 383 703 1 427 734
131 270 1034 1 329 1069
132 377 714 1 420 746
133 381 665 1 424 697
134 122 870 1 175 912
135 125 956 1 180 996
136 275 761 1 321 797
137 174 445 1 208 487
138 249 1101 1 312 1136
139 344 614 1 380 637
140 230 257 1 254 298
141 159 761 1 206 801
142 204 314 1 232 357
143 303 663 1 346 698
144 340 734 1 385 767
145 229 340 1 258 379
146 160 57 1 176 105
147 45 187 1 69 238
148 223 504 1 259 543
149 198 470 1 233 511
150 353 498 1 387 532
151 218 327 1 245 368
152 226 522 1 262 561
153 88 188 1 111 236
154 329 735 1 374 768
155 446 763 1 491 788
156 168 572 1 207 614
157 345 808 1 394 840
158 226 1159 1 289 1195
159 453 983 1 508 1009
160 448 789 1 494 816
161 190 504 1 226 544
162 311 622 1 351 657
163 312 912 1 365 946
164 682 58 1 684 85
165 165 401 1 197 444
166 201 366 1 231 407
167 271 665 1 313 701
168 480 921 1 531 943
169 231 297 1 257 338
170 401 371 1 429 403
171 162 69 1 179 117
172 203 1096 1 265 1132
173 294 291 1 321 328
174 334 374 1 362 409
175 275 982 1 331 1016
176 400 361 1 428 393
177 607 650 1 642 666
178 234 209 1 256 251
179 262 824 1 311 860
180 613 691 1 649 706
181 235 849 1 285 886
182 585 708 1 623 725
183 301 993 1 356 1024
184 253 1132 1 315 1167
185 187 804 1 236 843
186 601 686 1 638 703
187 274 655 1 315 691
188 600 364 1 621 387
189 417 1130 1 473 1135
190 425 635 1 464 663
191 229 310 1 256 352
192 259 219 1 280 260
193 262 990 1 319 1025
194 377 726 1 422 757
195 202 831 1 252 870
196 295 1005 1 352 1039
197 346 794 1 393 825
198 191 1059 1 250 1097
199 364 859 1 415 890
200 203 1146 1 263 1183
201 157 334 1 186 378
202 173 383 1 204 425
203 371 669 1 413 701
204 272 1046 1 331 1080
205 360 759 1 405 788
206 169 353 1 199 396
207 185 422 1 217 463
208 653 1083 1 706 1092
209 419 819 1 467 848
210 201 38 1 215 84
211 251 870 1 302 906
212 289 807 1 337 842
213 263 980 1 319 1014
214 203 379 1 233 419
215 220 252 1 244 294
216 159 360 1 188 403
217 272 635 1 313 672
218 160 358 1 189 402
219 226 427 1 258 467
220 230 237 1 253 278
221 174 267 1 200 310
222 278 991 1 334 1025
223 226 1138 1 288 1174
224 233 325 1 261 366
225 584 434 1 609 455
226 188 253 1 212 297
227 580 415 1 605 437
228 145 778 1 194 818
229 227 439 1 258 479
230 202 56 1 217 102
231 300 1055 1 360 1089
232 624 369 1 644 390
233 147 642 1 190 683
234 337 866 1 387 899
235 246 453 1 278 492
236 175 234 1 199 278
237 322 1045 1 380 1078
238 202 84 1 219 130
239 399 842 1 449 871
240 582 592 1 615 612
241 193 337 1 222 379
242 335 924 1 387 947
243 299 729 1 344 763
244 271 1001 1 328 1035
245 270 956 1 325 990
246 615 391 1 636 412
247 159 361 1 189 404
248 280 851 1 330 886
249 573 642 1 609 661
250 315 853 1 366 887
251 220 817 1 270 855
252 143 69 1 159 117
253 608 639 1 641 655
254 193 295 1 219 337
255 299 757 1 345 791
256 314 778 1 361 810
257 386 724 1 431 755
258 363 736 1 408 767
259 262 307 1 288 346
260 610 32 1 614 63
261 280 884 1 332 919
262 231 1072 1 290 1107
263 582 630 1 616 649
264 434 976 1 488 1001
265 601 755 1 641 772
266 154 147 1 174 193
267 562 69 1 570 100
268 162 96 1 179 143
269 349 965 1 403 997
270 181 292 1 208 335
271 595 717 1 633 734
272 389 373 1 417 406
273 390 870 1 441 901
274 248 617 1 288 654
275 407 994 1 463 1022
276 597 603 1 630 621
277 170 298 1 197 341
278 324 960 1 379 993
279 247 442 1 280 481
280 242 1076 1 301 1110
281 465 314 1 489 344
282 221 808 1 270 845
283 216 753 1 263 791
284 223 198 1 244 241
285 237 867 1 288 903
286 369 1019 1 426 1049
287 358 1031 1 416 1063
288 334 785 1 381 818
289 428 92 1 441 127
290 365 655 1 407 688
291 217 1164 1 280 1200
292 211 701 1 255 740
293 234 1025 1 291 1060
294 187 402 1 219 443
295 604 400 1 627 421
296 520 425 1 548 450
297 360 685 1 402 717
298 405 1038 1 463 1067
299 367 727 1 412 758
300 241 1014 1 298 1048
301 275 211 1 298 252
302 372 704 1 416 736
303 286 689 1 329 725
304 293 323 1 320 360
305 333 757 1 380 790
306 218 267 1 243 309
307 275 1025 1 333 1058
308 109 308 1 136 354
309 212 221 1 235 264
310 259 367 1 287 405
311 572 582 1 605 602
312 606 621 1 639 638
313 193 217 1 215 261
314 254 1125 1 316 1159
315 244 890 1 297 926
316 217 292 1 242 333
317 297 489 1 331 525
318 575 557 1 607 577
319 189 361 1 219 403
320 256 271 1 280 311
321 581 415 1 606 437
322 238 1003 1 295 1038
323 490 138 1 504 170
324 288 805 1 336 840
325 574 572 1 607 593
326 571 427 1 596 449
327 200 304 1 226 346
328 190 305 1 216 349
329 204 115 1 222 160
330 167 311 1 194 356
331 250 784 1 298 820
332 495 516 1 528 541
333 46 843 1 98 888
334 607 454 1 631 475
335 331 295 1 355 332
336 152 701 1 197 742
337 590 614 1 623 632
338 292 1070 1 351 1104
339 378 692 1 423 724
340 259 916 1 313 951
341 50 820 1 101 866
342 368 1043 1 426 1074
343 278 936 1 332 970
344 238 306 1 265 347
345 241 977 1 297 1013
346 266 1023 1 323 1057
347 587 683 1 625 701
348 579 606 1 613 626
349 313 971 1 369 1004
350 181 330 1 209 372
351 251 972 1 308 1008
352 242 1026 1 300 1062
353 607 339 1 626 362
354 241 271 1 265 312
355 326 442 1 358 477
356 291 961 1 345 994
357 169 85 1 186 132
358 339 285 1 363 322
359 201 69 1 217 115
360 278 280 1 303 319
361 177 372 1 207 414
362 316 1163 1 381 1197
363 610 481 1 637 500
364 180 346 1 209 388
365 188 460 1 222 501
366 282 601 1 322 637
367 310 958 1 365 991
368 232 360 1 262 400
369 218 386 1 248 426
370 580 454 1 606 475
371 468 920 1 519 942
372 340 451 1 372 485
373 206 336 1 234 377
374 586 545 1 616 565
375 304 859 1 355 893
376 233 993 1 290 1028
377 252 1063 1 312 1098
378 250 936 1 305 972
379 218 1097 1 279 1132
380 284 781 1 331 816
381 310 688 1 354 723
382 220 1067 1 279 1104
383 459 37 1 469 72
384 239 877 1 291 913
385 290 950 1 345 983
386 346 752 1 392 783
387 275 808 1 323 843
388 328 285 1 352 322
389 356 918 1 406 942
390 233 349 1 261 390
391 227 269 1 252 310
392 595 517 1 624 537
393 180 315 1 208 359
394 296 788 1 344 823
395 171 97 1 189 143
396 605 384 1 626 404
397 209 234 1 233 277
398 274 861 1 325 897
399 142 58 1 158 107
400 590 529 1 620 549
401 302 1021 1 360 1055
402 403 446 1 433 478
403 617 581 1 648 598
404 164 33 1 179 81
405 172 278 1 198 322
406 553 929 1 603 947
407 275 904 1 327 939
408 624 412 1 646 432
409 183 997 1 240 1036
410 212 421 1 244 462
411 228 766 1 276 804
412 297 674 1 340 709
413 219 210 1 242 252
414 479 802 1 525 826
415 374 881 1 424 911
416 234 505 1 269 544
417 228 1092 1 289 1127
418 277 267 1 301 306
419 145 345 1 174 389
420 172 121 1 191 168
421 200 418 1 232 459
422 579 489 1 607 510
423 502 147 1 516 178
424 265 259 1 289 299
425 650 988 1 699 997
426 238 941 1 292 976
427 282 489 1 317 526
428 326 1067 1 385 1100
429 335 599 1 374 633
430 481 425 1 510 452
431 214 311 1 241 352
432 484 453 1 514 480
433 572 642 1 608 661
434 256 543 1 294 581
435 335 747 1 381 780
436 412 917 1 463 942
437 235 932 1 289 968
438 257 326 1 285 367
439 206 325 1 234 367
440 255 1127 1 317 1162
441 215 768 1 263 805
442 297 898 1 349 932
443 285 763 1 331 799
444 565 309 1 585 334
445 314 805 1 362 839
446 313 663 1 355 698
447 287 561 1 325 597
448 488 482 1 519 508
449 416 1036 1 474 1064
450 304 310 1 330 347
451 615 492 1 642 511
452 620 615 1 652 631
453 297 687 1 340 722
454 160 221 1 183 267
455 197 389 1 228 430
456 203 970 1 259 1008
457 571 536 1 602 557
458 418 993 1 474 1021
459 678 339 1 694 358
460 284 712 1 329 747
461 248 345 1 276 385
462 390 823 1 438 853
463 302 886 1 353 919
464 251 341 1 279 380
465 248 564 1 286 601
466 251 649 1 293 685
467 226 869 1 277 905
468 188 280 1 214 324
469 198 282 1 224 325
470 329 778 1 375 810
471 191 267 1 215 310
472 349 819 1 399 851
473 196 953 1 251 991
474 358 1086 1 417 1116
475 293 975 1 349 1008
476 354 843 1 404 874
477 218 779 1 266 817
478 621 476 1 646 495
479 201 273 1 226 315
480 372 1067 1 431 1097
481 204 204 1 226 247
482 610 415 1 633 436
483 242 1132 1 305 1168
484 284 927 1 337 961
485 360 704 1 403 737
486 304 1004 1 361 1038
487 404 952 1 457 978
488 205 261 1 230 303
489 236 221 1 258 262
490 332 1002 1 389 1035
491 149 97 1 167 144
492 275 222 1 298 262
493 275 560 1 312 596
494 186 146 1 206 190
495 207 149 1 226 193
496 586 342 1 607 365
497 581 718 1 620 735
498 300 1146 1 362 1180
499 294 824 1 343 857
500 129 533 1 168 576
501 261 633 1 303 670
502 235 781 1 283 819
503 472 364 1 498 393
504 374 858 1 424 889
505 267 277 1 291 316
506 240 338 1 269 379
507 446 175 1 463 207
508 568 286 1 587 312
