0 178 607 1 223 661
1 171 660 1 219 714
2 165 748 1 216 800
3 182 536 1 226 591
4 194 900 1 251 951
5 167 718 1 217 772
6 177 595 1 222 649
7 178 583 1 223 638
8 184 526 1 226 580
9 156 608 1 202 662
10 173 647 1 220 701
11 150 922 1 208 975
12 183 547 1 226 601
13 211 600 1 256 653
14 195 886 1 252 937
15 213 583 1 258 635
16 163 548 1 206 603
17 158 590 1 203 645
18 204 717 1 254 769
19 207 659 1 256 711
20 189 1000 1 250 1051
21 188 1013 1 249 1064
22 188 1025 1 249 1076
23 195 909 1 252 961
24 152 811 1 205 865
25 193 921 1 251 973
26 207 673 1 255 725
27 208 646 1 256 698
28 135 999 1 197 1053
29 142 1009 1 203 1062
30 144 986 1 206 1039
31 198 830 1 252 881
32 158 830 1 212 883
33 153 887 1 209 940
34 326 319 1 340 344
35 203 747 1 253 800
36 170 477 1 211 533
37 153 632 1 200 687
38 163 701 1 214 754
39 73 177 1 103 241
40 160 570 1 205 625
41 213 569 1 257 622
42 209 631 1 256 684
43 195 874 1 252 926
44 61 737 1 112 795
45 142 1025 1 204 1078
46 325 902 1 378 935
47 61 162 1 91 228
48 106 514 1 149 572
49 166 633 1 213 688
50 120 958 1 180 1012
51 130 862 1 186 917
52 205 728 1 256 779
53 114 1027 1 176 1080
54 163 512 1 205 568
55 191 958 1 251 1009
56 163 777 1 215 831
57 60 174 1 89 240
58 173 672 1 221 726
59 147 959 1 207 1012
60 146 701 1 196 755
61 178 837 1 234 889
62 137 778 1 191 832
63 125 405 1 163 463
64 77 162 1 105 227
65 277 651 1 324 700
66 177 803 1 230 855
67 202 792 1 253 844
68 205 700 1 255 753
69 153 779 1 205 833
70 145 998 1 206 1051
71 161 647 1 209 701
72 306 800 1 359 848
73 176 633 1 223 687
74 118 985 1 179 1039
75 202 854 1 256 906
76 168 492 1 209 547
77 91 159 1 120 223
78 149 675 1 198 729
79 133 1025 1 194 1077
80 204 763 1 255 815
81 218 550 1 261 603
82 150 653 1 199 708
83 80 188 1 110 251
84 46 797 1 100 856
85 171 460 1 211 515
86 409 837 1 462 879
87 157 719 1 207 773
88 144 720 1 195 775
89 49 171 1 79 238
90 196 864 1 251 916
91 139 923 1 198 975
92 85 149 1 113 214
93 614 580 1 647 610
94 34 935 1 94 992
95 242 358 1 276 411
96 331 616 1 371 648
97 185 854 1 241 906
98 141 749 1 193 803
99 329 754 1 379 798
100 148 829 1 202 882
101 287 649 1 334 698
102 186 472 1 227 527
103 191 1113 1 256 1164
104 156 733 1 207 787
105 414 996 1 474 1037
106 174 442 1 213 498
107 444 764 1 493 804
108 137 797 1 191 851
109 176 817 1 230 870
110 404 849 1 457 892
111 616 416 1 640 450
112 320 584 1 364 633
113 413 1006 1 474 1048
114 136 399 1 174 458
115 626 1138 1 684 1155
116 214 476 1 254 530
117 548 32 1 558 82
118 182 218 1 211 277
119 321 649 1 367 697
120 189 840 1 243 892
121 169 828 1 224 881
122 308 584 1 352 634
123 274 824 1 328 870
124 91 182 1 120 245
125 448 735 1 496 775
126 374 665 1 421 711
127 114 504 1 156 562
128 379 688 1 427 733
129 267 1021 1 329 1068
130 373 699 1 421 745
131 377 650 1 424 696
132 119 857 1 175 911
133 121 942 1 181 995
134 597 349 1 620 386
135 272 747 1 322 796
136 170 430 1 208 486
137 247 1088 1 312 1135
138 225 241 1 255 297
139 155 747 1 206 800
140 199 299 1 232 356
141 300 648 1 346 697
142 336 719 1 385 766
143 224 324 1 258 379
144 154 40 1 177 104
145 39 171 1 69 238
146 218 489 1 260 543
147 194 455 1 234 510
148 349 483 1 388 531
149 213 312 1 245 368
150 222 507 1 262 561
151 82 172 1 111 236
152 325 720 1 374 767
153 442 748 1 491 787
154 163 558 1 207 613
155 342 793 1 394 840
156 224 1145 1 290 1194
157 445 775 1 494 815
158 185 489 1 226 544
159 307 608 1 352 656
160 309 898 1 365 945
161 681 38 1 683 85
162 160 386 1 197 444
163 196 351 1 231 407
164 267 650 1 313 701
165 226 281 1 257 337
166 397 355 1 429 402
167 156 52 1 179 116
168 201 1082 1 265 1131
169 289 275 1 321 328
170 330 359 1 362 408
171 272 968 1 331 1015
172 396 346 1 428 392
173 605 637 1 641 664
174 229 193 1 256 251
175 134 984 1 196 1039
176 259 809 1 312 859
177 451 971 1 508 1008
178 611 678 1 649 705
179 232 835 1 286 886
180 583 695 1 623 723
181 298 979 1 356 1023
182 251 1118 1 316 1166
183 183 790 1 236 842
184 599 673 1 638 701
185 270 641 1 316 691
186 341 604 1 380 635
187 415 1125 1 472 1131
188 420 622 1 464 662
189 224 295 1 256 351
190 253 203 1 280 259
191 259 976 1 319 1024
192 373 711 1 422 756
193 198 817 1 252 869
194 292 991 1 353 1039
195 342 780 1 393 824
196 188 1045 1 250 1096
197 361 844 1 415 890
198 151 319 1 186 378
199 168 368 1 204 425
200 367 655 1 413 701
201 270 1032 1 331 1079
202 357 745 1 405 787
203 164 338 1 200 396
204 181 407 1 218 463
205 652 1073 1 706 1089
206 415 805 1 467 847
207 248 856 1 303 905
208 285 793 1 338 841
209 260 965 1 320 1013
210 198 364 1 233 418
211 215 236 1 244 293
212 153 345 1 189 402
213 268 620 1 313 672
214 154 344 1 189 401
215 221 412 1 258 467
216 224 221 1 253 278
217 169 251 1 200 310
218 223 1124 1 289 1172
219 228 310 1 261 366
220 582 418 1 609 454
221 183 237 1 213 296
222 578 400 1 604 436
223 141 764 1 194 818
224 222 424 1 259 478
225 196 39 1 218 101
226 297 1041 1 360 1088
227 622 353 1 643 389
228 143 628 1 190 682
229 333 851 1 388 898
230 241 439 1 279 492
231 169 218 1 199 277
232 319 1031 1 381 1077
233 479 908 1 531 941
234 197 68 1 219 129
235 396 828 1 449 870
236 580 579 1 615 610
237 188 321 1 222 378
238 332 913 1 387 945
239 295 714 1 344 763
240 268 987 1 328 1034
241 266 942 1 325 989
242 613 376 1 636 411
243 154 346 1 189 403
244 276 837 1 330 885
245 492 1130 1 553 1155
246 571 629 1 608 660
247 312 839 1 366 886
248 217 803 1 270 854
249 605 563 1 637 593
250 137 52 1 160 117
251 606 626 1 641 653
252 188 279 1 219 337
253 296 743 1 345 791
254 310 765 1 361 809
255 383 708 1 431 755
256 359 721 1 408 767
257 257 291 1 289 345
258 397 416 1 426 456
259 602 367 1 626 403
260 276 870 1 333 918
261 228 1058 1 290 1106
262 579 617 1 616 647
263 599 743 1 640 770
264 148 131 1 174 193
265 559 50 1 570 99
266 156 79 1 180 143
267 346 950 1 404 996
268 176 277 1 208 335
269 593 704 1 633 732
270 385 358 1 417 405
271 387 856 1 441 900
272 243 602 1 288 654
273 404 981 1 463 1020
274 595 589 1 630 620
275 165 283 1 197 341
276 321 946 1 379 992
277 242 427 1 281 480
278 239 1062 1 301 1109
279 461 299 1 489 343
280 218 793 1 270 844
281 212 739 1 263 790
282 218 182 1 245 241
283 233 853 1 288 902
284 366 1005 1 426 1048
285 355 1017 1 416 1062
286 330 770 1 381 818
287 423 74 1 442 126
288 361 641 1 407 687
289 214 1150 1 281 1199
290 207 687 1 256 739
291 230 1011 1 291 1059
292 183 387 1 219 442
293 602 385 1 626 420
294 517 410 1 548 449
295 356 670 1 403 717
296 403 1024 1 463 1066
297 363 712 1 412 758
298 238 1000 1 299 1047
299 270 195 1 298 251
300 368 689 1 416 735
301 282 674 1 330 724
302 288 308 1 320 360
303 330 742 1 380 789
304 212 252 1 243 309
305 272 1011 1 333 1057
306 104 293 1 137 354
307 207 205 1 235 263
308 254 352 1 288 404
309 569 568 1 605 601
310 604 607 1 639 636
311 188 201 1 216 261
312 252 1110 1 317 1158
313 241 875 1 297 925
314 212 276 1 242 333
315 292 473 1 332 524
316 573 543 1 607 576
317 185 347 1 219 403
318 251 255 1 280 310
319 579 400 1 605 436
320 235 989 1 296 1037
321 487 121 1 504 170
322 284 791 1 336 840
323 572 559 1 606 591
324 568 412 1 596 448
325 195 288 1 227 345
326 184 290 1 216 349
327 198 98 1 222 159
328 162 296 1 195 355
329 247 769 1 298 820
330 492 501 1 528 541
331 43 829 1 98 888
332 605 440 1 631 474
333 326 279 1 355 331
334 147 687 1 197 742
335 588 600 1 623 631
336 289 1055 1 352 1103
337 374 678 1 423 723
338 256 902 1 314 950
339 47 806 1 101 866
340 365 1029 1 426 1073
341 274 922 1 332 970
342 233 290 1 265 346
343 238 962 1 297 1012
344 262 1009 1 324 1056
345 585 670 1 624 699
346 577 593 1 613 624
347 310 957 1 369 1003
348 175 315 1 209 372
349 248 959 1 308 1007
350 239 1013 1 301 1061
351 604 324 1 625 361
352 235 255 1 266 312
353 322 427 1 358 476
354 288 947 1 346 993
355 163 69 1 186 132
356 334 269 1 363 321
357 195 52 1 217 115
358 273 264 1 303 318
359 172 357 1 208 413
360 314 1149 1 381 1196
361 609 466 1 636 499
362 175 331 1 210 388
363 184 445 1 222 500
364 278 586 1 322 636
365 307 944 1 366 990
366 228 345 1 262 400
367 213 371 1 248 425
368 578 439 1 606 474
369 464 907 1 519 940
370 335 436 1 372 484
371 201 320 1 234 377
372 584 532 1 616 564
373 300 845 1 355 892
374 230 979 1 290 1027
375 249 1049 1 312 1097
376 247 922 1 305 971
377 215 1083 1 279 1131
378 280 767 1 331 816
379 306 673 1 354 722
380 217 1053 1 280 1103
381 236 863 1 291 913
382 287 936 1 345 982
383 342 738 1 392 782
384 271 794 1 323 842
385 323 269 1 352 321
386 352 906 1 407 940
387 228 334 1 261 389
388 222 253 1 252 310
389 593 503 1 624 535
390 175 300 1 208 358
391 292 773 1 344 822
392 165 80 1 189 143
393 203 218 1 233 276
394 270 846 1 325 896
395 135 42 1 158 106
396 588 515 1 619 548
397 299 1007 1 360 1054
398 398 431 1 433 477
399 616 568 1 648 597
400 167 262 1 198 321
401 551 918 1 603 945
402 272 890 1 328 938
403 622 397 1 646 431
404 180 983 1 240 1035
405 207 407 1 244 461
406 225 752 1 276 803
407 293 659 1 340 708
408 214 194 1 242 252
409 476 789 1 525 825
410 370 867 1 425 910
411 229 490 1 270 543
412 225 1079 1 289 1126
413 272 251 1 301 306
414 140 329 1 174 388
415 166 105 1 191 167
416 195 403 1 232 458
417 577 475 1 607 509
418 260 243 1 289 298
419 649 977 1 699 994
420 235 927 1 293 976
421 278 474 1 317 525
422 323 1053 1 385 1099
423 331 584 1 374 632
424 478 409 1 510 451
425 209 295 1 241 351
426 480 437 1 514 479
427 570 629 1 608 660
428 252 528 1 294 580
429 331 732 1 381 779
430 409 904 1 464 941
431 232 918 1 289 967
432 252 311 1 285 366
433 201 310 1 234 366
434 253 1113 1 318 1161
435 212 753 1 263 805
436 293 884 1 349 931
437 281 749 1 332 798
438 562 293 1 584 334
439 310 790 1 363 838
440 309 648 1 355 697
441 283 545 1 325 596
442 485 468 1 519 508
443 413 1022 1 474 1063
444 300 294 1 330 346
445 614 477 1 641 509
446 618 602 1 652 630
447 293 672 1 340 721
448 154 206 1 183 267
449 192 373 1 228 429
450 200 956 1 260 1007
451 569 522 1 601 556
452 415 980 1 474 1020
453 678 324 1 693 357
454 280 697 1 329 747
455 243 330 1 277 384
456 299 871 1 354 918
457 340 973 1 398 1018
458 246 325 1 279 379
459 244 549 1 286 601
460 247 634 1 294 685
461 222 854 1 277 905
462 183 264 1 214 323
463 193 266 1 225 324
464 185 251 1 216 309
465 346 804 1 399 850
466 193 939 1 251 991
467 355 1071 1 418 1115
468 290 961 1 349 1007
469 351 829 1 404 873
470 215 765 1 267 816
471 619 461 1 646 493
472 196 257 1 226 314
473 369 1052 1 431 1096
474 198 188 1 227 246
475 608 400 1 633 434
476 240 1118 1 305 1167
477 281 913 1 338 960
478 356 690 1 403 737
479 301 990 1 361 1037
480 400 938 1 457 976
481 199 245 1 230 302
482 231 205 1 259 261
483 329 987 1 389 1034
484 143 80 1 167 144
485 270 206 1 298 262
486 270 545 1 312 596
487 181 129 1 206 190
488 201 133 1 226 192
489 584 327 1 606 364
490 579 705 1 620 734
491 297 1132 1 363 1179
492 291 810 1 344 857
493 125 518 1 168 575
494 258 618 1 303 669
495 232 767 1 283 818
496 469 349 1 498 392
497 370 844 1 424 889
498 262 262 1 292 316
499 235 323 1 269 379
500 441 158 1 463 207
501 565 271 1 586 311
