0 200 609 1 224 661
1 192 662 1 219 715
2 186 750 1 217 802
3 204 537 1 226 591
4 215 903 1 252 953
5 188 720 1 218 773
6 194 650 1 220 702
7 200 585 1 224 638
8 199 596 1 222 650
9 178 610 1 203 663
10 205 527 1 227 580
11 171 924 1 209 977
12 205 548 1 227 602
13 233 602 1 257 653
14 216 888 1 252 939
15 162 1028 1 205 1081
16 235 585 1 258 636
17 185 549 1 207 603
18 179 592 1 203 646
19 225 719 1 255 770
20 229 661 1 256 712
21 209 1003 1 251 1053
22 208 1016 1 250 1067
23 208 1028 1 250 1079
24 215 912 1 252 963
25 173 814 1 206 866
26 214 924 1 252 975
27 229 675 1 256 726
28 230 648 1 256 699
29 156 1002 1 198 1056
30 161 1011 1 203 1065
31 164 989 1 206 1041
32 219 832 1 253 883
33 179 833 1 213 885
34 173 889 1 210 942
35 224 750 1 254 801
36 193 478 1 212 533
37 175 634 1 201 688
38 95 179 1 103 241
39 182 572 1 205 625
40 235 571 1 258 623
41 231 634 1 257 685
42 216 877 1 253 928
43 83 738 1 113 796
44 186 702 1 214 755
45 345 913 1 381 946
46 84 164 1 91 228
47 129 516 1 149 572
48 188 635 1 213 688
49 141 960 1 181 1014
50 150 865 1 187 919
51 226 730 1 256 781
52 134 1029 1 177 1083
53 185 514 1 205 568
54 211 961 1 252 1012
55 184 780 1 216 832
56 163 960 1 202 1013
57 198 635 1 223 688
58 346 331 1 355 365
59 167 703 1 196 756
60 199 839 1 235 891
61 159 780 1 192 833
62 148 407 1 163 463
63 99 163 1 105 226
64 298 653 1 325 701
65 198 805 1 231 857
66 223 794 1 254 845
67 227 703 1 255 754
68 174 782 1 206 834
69 165 1001 1 207 1054
70 206 1069 1 251 1120
71 191 494 1 210 548
72 82 177 1 89 239
73 183 649 1 209 702
74 328 803 1 360 849
75 223 739 1 253 790
76 138 988 1 180 1042
77 223 857 1 257 908
78 54 936 1 94 994
79 163 901 1 201 953
80 114 161 1 120 222
81 170 677 1 199 730
82 225 766 1 255 816
83 240 552 1 261 604
84 172 654 1 200 709
85 103 189 1 110 251
86 67 798 1 100 856
87 194 461 1 212 515
88 195 444 1 214 498
89 430 842 1 464 882
90 435 1001 1 476 1041
91 165 722 1 195 776
92 71 172 1 79 237
93 217 867 1 252 918
94 160 925 1 199 978
95 337 330 1 347 367
96 178 721 1 208 774
97 107 150 1 113 213
98 640 588 1 654 616
99 264 360 1 277 412
100 625 682 1 645 709
101 206 857 1 242 908
102 163 750 1 194 804
103 350 759 1 381 802
104 169 832 1 203 884
105 309 651 1 335 699
106 209 473 1 228 527
107 211 1117 1 257 1167
108 177 735 1 207 788
109 466 769 1 495 807
110 158 799 1 191 853
111 197 820 1 230 871
112 425 853 1 459 894
113 643 420 1 648 454
114 242 509 1 263 561
115 343 587 1 365 634
116 434 1011 1 476 1051
117 158 400 1 174 458
118 651 1155 1 692 1171
119 237 478 1 255 530
120 574 29 1 564 80
121 204 219 1 212 276
122 343 651 1 369 698
123 210 843 1 244 894
124 296 828 1 329 873
125 190 831 1 225 883
126 151 1027 1 194 1080
127 330 586 1 353 634
128 113 183 1 120 245
129 471 740 1 499 778
130 356 315 1 361 352
131 397 668 1 422 712
132 137 506 1 157 562
133 401 690 1 428 734
134 287 1025 1 330 1072
135 395 702 1 422 747
136 400 653 1 425 697
137 624 352 1 627 388
138 36 1189 1 85 1247
139 192 431 1 209 486
140 266 1092 1 313 1140
141 399 970 1 436 1003
142 247 242 1 255 297
143 222 300 1 233 356
144 322 650 1 347 698
145 358 722 1 386 767
146 247 326 1 259 379
147 177 41 1 177 103
148 366 892 1 402 937
149 61 172 1 69 237
150 241 491 1 260 543
151 217 457 1 234 510
152 371 485 1 389 532
153 236 313 1 246 368
154 104 173 1 112 235
155 347 723 1 376 769
156 464 753 1 493 791
157 185 559 1 208 614
158 363 796 1 395 841
159 243 1150 1 291 1199
160 467 780 1 497 818
161 208 490 1 227 544
162 329 610 1 353 657
163 330 902 1 367 948
164 205 293 1 216 349
165 317 717 1 345 764
166 183 388 1 198 444
167 288 652 1 314 701
168 248 282 1 258 337
169 420 358 1 431 403
170 179 54 1 179 115
171 220 1086 1 266 1135
172 312 276 1 322 328
173 352 361 1 364 409
174 207 1048 1 251 1099
175 631 645 1 649 671
176 251 194 1 256 250
177 154 986 1 197 1041
178 280 812 1 313 861
179 637 687 1 656 712
180 253 837 1 287 887
181 608 704 1 630 730
182 319 983 1 358 1027
183 176 749 1 207 802
184 270 1123 1 317 1170
185 204 792 1 237 844
186 447 624 1 468 664
187 291 643 1 317 692
188 361 327 1 365 361
189 291 750 1 323 797
190 246 296 1 257 351
191 276 204 1 281 259
192 280 981 1 320 1027
193 395 714 1 424 758
194 140 859 1 176 913
195 364 786 1 395 827
196 382 848 1 416 891
197 174 321 1 186 378
198 190 369 1 205 425
199 389 657 1 414 702
200 290 1037 1 332 1083
201 396 1116 1 439 1124
202 186 340 1 200 396
203 202 408 1 218 463
204 677 1090 1 715 1104
205 437 810 1 469 850
206 285 247 1 290 298
207 269 858 1 304 907
208 281 969 1 321 1016
209 221 366 1 234 419
210 237 238 1 245 293
211 219 353 1 232 407
212 289 621 1 314 672
213 177 346 1 190 401
214 244 414 1 259 467
215 247 221 1 254 278
216 192 251 1 201 310
217 242 1129 1 290 1177
218 250 311 1 262 366
219 457 969 1 495 1005
220 345 830 1 378 874
221 607 423 1 615 458
222 205 239 1 213 296
223 604 404 1 611 439
224 163 766 1 195 819
225 244 426 1 259 478
226 219 40 1 218 100
227 318 1046 1 362 1092
228 649 356 1 651 392
229 586 48 1 576 97
230 165 629 1 191 683
231 386 901 1 422 938
232 355 855 1 389 900
233 263 440 1 280 492
234 192 219 1 199 277
235 492 578 1 512 618
236 219 69 1 220 128
237 605 585 1 621 616
238 211 322 1 223 378
239 352 923 1 390 956
240 288 990 1 329 1037
241 287 947 1 327 993
242 640 380 1 644 414
243 297 839 1 331 887
244 514 1142 1 558 1168
245 596 636 1 614 666
246 333 843 1 368 888
247 238 806 1 271 856
248 632 570 1 645 599
249 159 54 1 160 116
250 632 634 1 649 661
251 210 281 1 220 336
252 317 745 1 347 792
253 405 711 1 432 756
254 381 724 1 410 768
255 280 292 1 289 345
256 420 421 1 431 462
257 629 371 1 633 406
258 297 873 1 334 921
259 248 1063 1 292 1111
260 604 624 1 622 653
261 624 752 1 647 778
262 170 132 1 175 192
263 366 955 1 405 998
264 198 278 1 209 334
265 145 943 1 181 998
266 407 360 1 419 406
267 408 860 1 443 902
268 265 603 1 289 654
269 622 597 1 637 626
270 187 285 1 197 341
271 342 949 1 380 995
272 264 429 1 282 481
273 259 1066 1 302 1113
274 485 301 1 491 344
275 239 796 1 271 846
276 234 741 1 264 791
277 240 183 1 245 240
278 255 856 1 289 904
279 386 1010 1 428 1052
280 375 1022 1 418 1065
281 351 773 1 383 819
282 447 74 1 444 125
283 383 643 1 409 688
284 234 1155 1 282 1204
285 229 689 1 256 740
286 250 1015 1 293 1063
287 204 389 1 219 443
288 628 389 1 633 423
289 377 673 1 404 718
290 423 1029 1 466 1070
291 317 949 1 357 996
292 385 714 1 413 759
293 258 1004 1 300 1051
294 293 196 1 299 251
295 390 692 1 417 736
296 304 676 1 331 725
297 310 310 1 321 360
298 351 745 1 381 790
299 235 253 1 244 308
300 293 1015 1 335 1061
301 127 294 1 137 353
302 229 207 1 236 263
303 276 354 1 289 405
304 595 574 1 611 606
305 631 615 1 646 643
306 210 202 1 216 260
307 272 1114 1 318 1162
308 262 879 1 298 927
309 233 277 1 243 332
310 315 475 1 333 525
311 598 549 1 613 581
312 207 348 1 220 403
313 605 404 1 611 439
314 255 993 1 297 1041
315 511 121 1 508 169
316 305 794 1 338 841
317 594 416 1 602 451
318 217 289 1 227 345
319 221 100 1 223 158
320 184 298 1 195 355
321 268 772 1 299 821
322 516 506 1 531 543
323 64 830 1 99 888
324 411 825 1 443 866
325 631 444 1 638 478
326 348 281 1 357 331
327 169 689 1 198 743
328 613 607 1 630 637
329 308 1059 1 353 1106
330 396 681 1 424 725
331 277 905 1 315 953
332 68 807 1 102 866
333 385 1034 1 428 1077
334 295 925 1 333 972
335 256 292 1 266 346
336 258 966 1 298 1015
337 282 1013 1 325 1060
338 611 678 1 631 706
339 602 599 1 619 630
340 331 960 1 370 1006
341 198 316 1 210 372
342 268 963 1 309 1010
343 259 1017 1 302 1065
344 631 326 1 633 363
345 258 257 1 266 311
346 345 429 1 359 476
347 186 70 1 187 131
348 357 271 1 364 321
349 218 54 1 218 114
350 296 265 1 304 318
351 194 359 1 208 414
352 334 1154 1 382 1200
353 635 471 1 644 503
354 197 332 1 210 388
355 206 446 1 223 500
356 300 588 1 323 637
357 327 948 1 367 993
358 250 347 1 263 400
359 235 372 1 249 425
360 603 444 1 612 478
361 358 439 1 374 485
362 223 322 1 235 377
363 609 537 1 623 569
364 321 848 1 357 894
365 250 983 1 291 1031
366 270 1053 1 313 1101
367 268 926 1 306 974
368 235 1087 1 280 1136
369 301 770 1 333 817
370 328 676 1 355 723
371 237 1057 1 281 1106
372 335 1038 1 378 1083
373 256 866 1 292 915
374 308 940 1 346 986
375 292 797 1 324 844
376 346 271 1 353 321
377 373 915 1 410 950
378 250 336 1 262 389
379 244 254 1 253 309
380 179 82 1 180 142
381 314 776 1 345 823
382 227 220 1 234 276
383 291 850 1 326 898
384 630 422 1 637 456
385 159 42 1 159 105
386 622 508 1 633 540
387 320 1010 1 362 1057
388 421 434 1 435 479
389 642 575 1 655 603
390 189 264 1 199 321
391 575 929 1 608 955
392 293 893 1 329 940
393 649 401 1 653 434
394 229 409 1 245 462
395 246 755 1 277 805
396 315 661 1 341 709
397 237 196 1 242 251
398 499 795 1 528 830
399 391 871 1 426 913
400 251 492 1 270 544
401 245 1083 1 291 1131
402 295 253 1 302 305
403 161 332 1 175 388
404 190 106 1 192 166
405 217 405 1 233 459
406 602 480 1 613 513
407 675 993 1 708 1008
408 644 632 1 660 658
409 256 930 1 294 978
410 300 476 1 318 525
411 344 1057 1 387 1102
412 353 586 1 375 633
413 501 411 1 513 452
414 232 296 1 242 351
415 504 440 1 517 481
416 595 635 1 614 666
417 276 532 1 295 581
418 352 735 1 382 781
419 431 911 1 467 947
420 428 884 1 464 925
421 252 922 1 290 970
422 275 313 1 286 366
423 224 311 1 235 366
424 273 1117 1 319 1165
425 233 756 1 264 806
426 314 888 1 350 934
427 302 752 1 333 800
428 587 295 1 590 335
429 331 793 1 364 839
430 331 651 1 356 698
431 306 548 1 326 597
432 509 472 1 523 510
433 434 1028 1 476 1067
434 322 296 1 332 347
435 640 483 1 649 514
436 645 610 1 660 637
437 315 675 1 341 722
438 176 207 1 184 266
439 215 375 1 228 430
440 221 958 1 260 1009
441 594 527 1 607 560
442 301 700 1 330 748
443 266 332 1 278 385
444 320 874 1 355 920
445 360 977 1 400 1021
446 269 327 1 280 379
447 266 551 1 287 601
448 269 635 1 294 685
449 243 857 1 278 907
450 213 794 1 245 846
451 205 266 1 215 323
452 216 268 1 225 324
453 480 894 1 514 924
454 207 252 1 216 309
455 368 808 1 400 852
456 619 320 1 621 356
457 213 943 1 252 993
458 375 1076 1 419 1119
459 311 965 1 351 1010
460 373 834 1 406 876
461 648 931 1 679 951
462 236 767 1 267 818
463 646 467 1 654 498
464 219 258 1 227 314
465 389 1058 1 433 1100
466 221 189 1 227 246
467 635 404 1 640 438
468 260 1123 1 306 1171
469 301 917 1 339 963
470 377 693 1 404 738
471 321 994 1 363 1040
472 422 944 1 459 982
473 246 480 1 265 532
474 284 237 1 291 290
475 222 246 1 230 302
476 254 207 1 259 261
477 350 991 1 390 1036
478 166 82 1 167 143
479 293 208 1 299 261
480 293 547 1 313 597
481 203 130 1 207 189
482 224 134 1 227 191
483 610 329 1 613 366
484 604 714 1 626 741
485 317 1137 1 364 1183
486 312 814 1 345 859
487 147 519 1 169 576
488 279 620 1 304 670
489 253 769 1 284 820
490 492 351 1 501 393
491 391 847 1 426 891
492 285 263 1 292 316
493 258 325 1 270 379
494 590 272 1 592 312
