0 244 726 1 218 775
1 243 754 1 217 804
2 256 590 1 224 639
3 259 542 1 226 591
4 250 654 1 220 703
5 249 681 1 220 729
6 260 532 1 227 581
7 261 553 1 227 602
8 230 930 1 209 980
9 235 597 1 203 646
10 234 614 1 203 664
11 287 666 1 257 713
12 268 1033 1 250 1083
13 242 533 1 209 582
14 290 589 1 259 637
15 240 554 1 207 604
16 255 614 1 224 662
17 275 907 1 253 956
18 283 724 1 255 772
19 289 600 1 258 649
20 269 1008 1 251 1057
21 281 754 1 255 803
22 274 917 1 253 966
23 231 819 1 206 868
24 269 1019 1 250 1070
25 273 929 1 252 978
26 285 679 1 256 727
27 286 652 1 257 700
28 275 894 1 253 941
29 215 1008 1 198 1059
30 277 837 1 253 885
31 237 838 1 213 887
32 222 1018 1 203 1068
33 144 185 1 102 240
34 231 639 1 201 689
35 221 1034 1 205 1085
36 237 576 1 205 626
37 290 575 1 258 623
38 246 484 1 212 533
39 209 871 1 186 921
40 287 638 1 257 686
41 224 994 1 206 1045
42 242 707 1 214 757
43 447 913 1 426 955
44 133 171 1 90 226
45 183 521 1 149 573
46 244 640 1 213 690
47 200 966 1 180 1017
48 275 882 1 253 931
49 194 1035 1 177 1087
50 241 785 1 216 834
51 222 966 1 202 1017
52 224 708 1 196 758
53 404 921 1 383 959
54 258 844 1 235 893
55 229 664 1 200 713
56 216 785 1 191 835
57 254 640 1 223 689
58 201 411 1 163 463
59 148 170 1 104 225
60 257 810 1 231 859
61 270 966 1 252 1015
62 355 656 1 326 702
63 284 707 1 256 755
64 240 680 1 211 729
65 224 1007 1 207 1058
66 266 1074 1 251 1124
67 244 498 1 210 548
68 131 184 1 88 238
69 140 744 1 113 796
70 239 654 1 209 703
71 385 806 1 361 851
72 280 743 1 254 792
73 281 862 1 258 910
74 222 906 1 201 956
75 162 167 1 119 221
76 291 555 1 262 604
77 212 839 1 188 890
78 121 181 1 78 236
79 283 771 1 256 818
80 240 519 1 206 569
81 152 196 1 110 250
82 247 466 1 212 516
83 248 449 1 214 498
84 280 800 1 254 847
85 490 846 1 466 886
86 496 1006 1 478 1046
87 276 872 1 252 920
88 219 931 1 199 980
89 235 726 1 208 775
90 408 764 1 382 806
91 156 157 1 112 212
92 115 943 1 94 996
93 315 364 1 277 412
94 686 686 1 652 717
95 264 862 1 242 910
96 366 654 1 336 700
97 262 478 1 228 527
98 220 756 1 194 806
99 227 683 1 199 731
100 258 602 1 223 650
101 199 994 1 180 1045
102 215 807 1 191 856
103 525 773 1 498 812
104 255 825 1 230 874
105 296 512 1 264 561
106 273 1124 1 258 1172
107 125 803 1 100 857
108 495 1016 1 478 1056
109 291 482 1 255 531
110 200 847 1 179 898
111 254 224 1 212 275
112 669 707 1 637 739
113 268 847 1 244 896
114 249 836 1 225 885
115 227 836 1 203 886
116 231 785 1 206 836
117 212 1032 1 194 1084
118 527 975 1 507 1013
119 163 190 1 120 244
120 529 743 1 501 782
121 430 748 1 403 790
122 453 670 1 423 713
123 458 693 1 429 736
124 291 627 1 261 675
125 348 1031 1 331 1077
126 364 1109 1 350 1155
127 694 644 1 657 679
128 199 865 1 176 915
129 77 1188 1 64 1246
130 191 511 1 157 562
131 98 1194 1 84 1251
132 272 369 1 234 418
133 459 978 1 439 1015
134 297 246 1 255 296
135 272 304 1 233 356
136 379 653 1 348 699
137 415 725 1 387 769
138 355 833 1 330 877
139 298 329 1 259 379
140 224 47 1 177 102
141 426 896 1 403 940
142 110 180 1 68 236
143 255 881 1 234 930
144 295 494 1 261 543
145 270 461 1 234 510
146 425 487 1 390 532
147 287 317 1 246 367
148 624 24 1 569 73
149 153 179 1 111 234
150 404 726 1 377 770
151 523 757 1 496 795
152 240 564 1 208 614
153 421 799 1 396 843
154 211 404 1 174 457
155 491 911 1 469 949
156 526 784 1 499 823
157 261 494 1 227 544
158 385 612 1 353 658
159 389 906 1 368 951
160 256 297 1 216 348
161 235 393 1 197 444
162 344 655 1 315 703
163 310 1058 1 294 1105
164 299 286 1 258 336
165 452 706 1 423 748
166 226 59 1 179 113
167 251 436 1 215 487
168 281 1091 1 266 1140
169 405 363 1 365 410
170 268 1053 1 252 1103
171 300 198 1 257 249
172 681 350 1 635 389
173 662 602 1 626 636
174 455 657 1 426 699
175 453 736 1 425 779
176 466 990 1 446 1024
177 233 754 1 207 803
178 331 1128 1 318 1175
179 262 797 1 237 846
180 503 627 1 470 668
181 347 647 1 317 693
182 234 740 1 207 790
183 297 300 1 257 351
184 255 413 1 218 463
185 340 986 1 321 1032
186 215 994 1 197 1045
187 348 780 1 322 827
188 441 851 1 417 894
189 327 835 1 304 882
190 350 898 1 329 943
191 445 660 1 416 703
192 350 1043 1 333 1088
193 225 326 1 186 378
194 317 1071 1 303 1118
195 350 753 1 323 799
196 496 813 1 471 854
197 334 250 1 293 300
198 666 422 1 622 460
199 328 863 1 304 910
200 377 986 1 359 1031
201 340 974 1 321 1021
202 287 241 1 245 292
203 270 357 1 232 407
204 328 1099 1 314 1145
205 228 351 1 190 401
206 296 418 1 259 467
207 242 256 1 200 309
208 637 41 1 582 91
209 301 315 1 262 365
210 517 974 1 497 1012
211 456 722 1 428 765
212 404 834 1 379 878
213 401 531 1 367 576
214 236 265 1 196 316
215 255 244 1 213 295
216 661 403 1 617 441
217 297 430 1 260 478
218 265 45 1 218 99
219 221 634 1 191 684
220 673 522 1 633 557
221 413 859 1 390 902
222 338 817 1 313 863
223 241 223 1 199 276
224 354 699 1 326 745
225 266 73 1 220 127
226 680 509 1 639 544
227 665 588 1 628 622
228 262 327 1 223 378
229 331 206 1 288 256
230 412 932 1 392 970
231 338 844 1 315 890
232 255 271 1 215 322
233 473 360 1 433 403
234 266 221 1 224 272
235 296 811 1 271 858
236 692 573 1 653 605
237 206 59 1 160 114
238 668 633 1 632 666
239 261 285 1 220 336
240 374 749 1 347 794
241 305 1157 1 291 1204
242 462 714 1 434 756
243 438 726 1 411 770
244 316 444 1 280 492
245 239 344 1 200 395
246 331 295 1 290 345
247 473 423 1 435 466
248 687 369 1 641 408
249 313 860 1 290 907
250 356 878 1 334 924
251 483 857 1 460 898
252 230 525 1 196 575
253 687 758 1 655 788
254 218 137 1 174 191
255 426 959 1 406 1002
256 248 283 1 209 334
257 204 949 1 181 1001
258 459 362 1 420 406
259 467 863 1 444 905
260 666 326 1 620 367
261 321 607 1 289 655
262 682 600 1 645 632
263 237 289 1 197 340
264 401 954 1 381 998
265 317 433 1 282 481
266 320 1131 1 307 1177
267 297 800 1 272 848
268 289 187 1 245 239
269 657 638 1 620 672
270 666 717 1 633 749
271 436 1027 1 419 1070
272 440 646 1 410 690
273 295 1161 1 282 1209
274 374 720 1 346 765
275 310 1022 1 293 1068
276 686 387 1 641 425
277 344 627 1 315 673
278 484 1034 1 467 1075
279 377 954 1 357 1000
280 442 716 1 414 760
281 318 1009 1 300 1056
282 341 199 1 299 250
283 291 745 1 264 793
284 447 694 1 419 738
285 408 748 1 382 792
286 285 257 1 243 308
287 363 278 1 322 327
288 353 1021 1 335 1066
289 178 300 1 137 352
290 279 211 1 236 262
291 654 576 1 617 611
292 692 618 1 654 650
293 259 206 1 216 259
294 333 1120 1 319 1168
295 321 883 1 299 930
296 284 281 1 243 332
297 369 478 1 333 525
298 657 551 1 619 586
299 258 352 1 220 403
300 662 402 1 618 441
301 315 999 1 297 1046
302 561 117 1 511 165
303 311 843 1 287 890
304 248 314 1 209 366
305 268 293 1 227 344
306 304 1087 1 289 1134
307 234 302 1 195 354
308 406 1043 1 389 1086
309 325 776 1 300 823
310 123 835 1 99 889
311 469 828 1 444 869
312 690 444 1 646 481
313 398 283 1 357 331
314 225 694 1 198 744
315 674 610 1 637 643
316 369 1064 1 354 1110
317 335 909 1 315 956
318 291 1085 1 276 1134
319 446 1039 1 429 1082
320 296 226 1 254 277
321 306 296 1 266 346
322 390 965 1 371 1010
323 328 968 1 310 1014
324 319 1024 1 302 1070
325 688 323 1 641 364
326 308 260 1 266 311
327 397 431 1 360 477
328 212 88 1 167 143
329 407 272 1 365 320
330 346 268 1 304 317
331 245 363 1 208 414
332 395 1160 1 383 1205
333 350 801 1 325 846
334 259 450 1 223 500
335 355 591 1 324 638
336 387 953 1 368 997
337 302 350 1 263 400
338 287 376 1 249 425
339 320 329 1 280 379
340 426 828 1 402 871
341 412 440 1 374 486
342 274 326 1 235 376
343 669 539 1 630 574
344 380 852 1 357 896
345 495 75 1 445 122
346 331 1059 1 314 1106
347 327 931 1 307 978
348 695 475 1 652 507
349 359 773 1 333 819
350 384 679 1 356 724
351 391 626 1 359 672
352 297 1062 1 281 1111
353 395 1043 1 379 1088
354 315 870 1 293 917
355 651 419 1 608 454
356 396 272 1 354 320
357 360 749 1 333 794
358 301 339 1 262 389
359 294 258 1 253 309
360 226 87 1 180 141
361 371 780 1 346 825
362 251 135 1 206 188
363 276 223 1 234 275
364 350 853 1 327 899
365 205 48 1 158 104
366 681 509 1 640 545
367 380 1015 1 363 1060
368 474 435 1 437 480
369 324 247 1 282 297
370 311 317 1 271 366
371 354 100 1 308 151
372 282 413 1 245 462
373 304 760 1 277 807
374 371 664 1 342 710
375 285 199 1 243 250
376 448 1016 1 429 1057
377 450 875 1 428 917
378 306 495 1 271 544
379 326 357 1 289 406
380 345 255 1 303 304
381 212 337 1 174 388
382 237 111 1 192 165
383 270 410 1 233 459
384 661 480 1 620 516
385 231 77 1 185 131
386 265 58 1 218 112
387 315 935 1 294 982
388 284 820 1 259 869
389 354 479 1 318 526
390 556 411 1 516 453
391 282 300 1 241 351
392 280 1105 1 265 1154
393 559 440 1 520 482
394 674 682 1 638 714
395 330 535 1 296 582
396 410 738 1 383 782
397 488 887 1 465 928
398 326 316 1 286 366
399 275 315 1 235 366
400 308 918 1 288 965
401 373 892 1 351 937
402 675 315 1 629 356
403 390 797 1 365 841
404 387 654 1 357 699
405 361 550 1 327 598
406 382 842 1 358 887
407 679 509 1 639 544
408 371 678 1 342 723
409 226 212 1 183 265
410 266 379 1 229 429
411 310 978 1 291 1025
412 653 529 1 614 565
413 575 235 1 529 279
414 406 550 1 372 594
415 308 817 1 284 864
416 241 438 1 205 488
417 378 879 1 356 924
418 420 982 1 401 1026
419 535 299 1 493 343
420 321 555 1 288 602
421 348 964 1 328 1009
422 270 799 1 245 848
423 266 272 1 225 323
424 352 618 1 321 664
425 258 257 1 216 308
426 426 811 1 401 854
427 685 478 1 643 514
428 273 947 1 252 996
429 436 1081 1 421 1124
430 379 1054 1 363 1099
431 431 838 1 407 880
432 269 263 1 227 314
433 450 1063 1 434 1105
434 270 193 1 227 245
435 541 901 1 518 936
436 310 329 1 270 378
437 434 695 1 405 739
438 381 998 1 363 1044
439 300 484 1 265 532
440 334 239 1 292 289
441 272 250 1 230 301
442 303 210 1 260 260
443 411 995 1 392 1040
444 213 87 1 167 142
445 343 211 1 299 260
446 220 137 1 176 191
447 272 138 1 227 190
448 378 1142 1 365 1188
449 438 681 1 409 724
450 363 312 1 322 360
451 311 775 1 285 822
452 546 351 1 504 394
453 450 850 1 427 893
454 335 266 1 293 315
455 645 269 1 598 311
