0 217 676 1 219 778
1 200 885 1 210 988
2 223 604 1 222 705
3 229 538 1 225 640
4 222 630 1 222 732
5 238 963 1 253 1066
6 237 977 1 253 1080
7 259 601 1 259 702
8 228 562 1 226 664
9 234 500 1 229 602
10 207 562 1 204 665
11 258 615 1 259 715
12 236 989 1 253 1092
13 216 479 1 210 582
14 264 537 1 261 638
15 213 501 1 208 604
16 234 479 1 228 581
17 244 861 1 255 963
18 255 674 1 257 775
19 263 549 1 260 649
20 252 705 1 257 807
21 244 871 1 255 974
22 201 771 1 208 873
23 242 883 1 254 985
24 258 629 1 258 729
25 215 706 1 218 808
26 244 848 1 255 948
27 184 963 1 199 1068
28 247 790 1 256 891
29 190 973 1 205 1078
30 194 950 1 208 1054
31 227 762 1 233 864
32 117 121 1 99 234
33 201 615 1 201 716
34 204 587 1 202 690
35 190 990 1 206 1095
36 264 523 1 260 624
37 211 524 1 207 627
38 221 429 1 213 532
39 179 824 1 188 927
40 214 616 1 214 718
41 214 657 1 216 759
42 253 695 1 256 795
43 156 467 1 150 572
44 232 524 1 228 626
45 169 920 1 182 1025
46 207 790 1 214 893
47 245 836 1 255 937
48 162 990 1 178 1097
49 191 921 1 203 1025
50 97 117 1 76 231
51 259 587 1 259 687
52 196 657 1 198 761
53 187 736 1 193 839
54 226 588 1 225 690
55 111 691 1 114 797
56 122 106 1 103 220
57 239 921 1 254 1023
58 222 410 1 213 514
59 329 606 1 329 704
60 256 658 1 258 758
61 182 792 1 189 895
62 193 962 1 209 1067
63 234 1031 1 253 1135
64 219 444 1 211 547
65 106 107 1 88 221
66 216 589 1 215 691
67 211 602 1 211 705
68 358 760 1 365 856
69 252 815 1 260 917
70 211 735 1 217 838
71 191 860 1 202 963
72 137 103 1 117 215
73 176 356 1 164 461
74 266 502 1 261 603
75 191 707 1 195 810
76 222 526 1 219 628
77 213 465 1 207 568
78 126 132 1 108 244
79 173 886 1 184 990
80 199 632 1 200 734
81 138 115 1 119 228
82 211 629 1 212 732
83 223 393 1 215 497
84 251 752 1 257 852
85 228 797 1 237 899
86 188 885 1 200 988
87 238 423 1 230 526
88 433 696 1 436 789
89 206 676 1 209 779
90 245 825 1 255 926
91 290 310 1 278 411
92 171 799 1 180 903
93 237 490 1 228 591
94 339 604 1 339 702
95 686 670 1 680 743
96 107 117 1 87 233
97 240 1083 1 260 1186
98 85 896 1 94 1003
99 249 800 1 256 901
100 44 1144 1 64 1258
101 539 899 1 548 977
102 167 948 1 181 1054
103 166 468 1 160 574
104 503 737 1 507 825
105 129 92 1 110 206
106 465 807 1 473 897
107 266 428 1 257 529
108 132 81 1 111 193
109 665 689 1 662 764
110 675 703 1 671 778
111 253 722 1 258 822
112 241 811 1 250 912
113 442 682 1 445 775
114 137 126 1 118 239
115 265 576 1 263 677
116 318 992 1 335 1090
117 373 539 1 370 635
118 334 1068 1 355 1168
119 237 467 1 232 569
120 225 777 1 232 879
121 97 751 1 102 858
122 273 460 1 266 561
123 397 851 1 408 946
124 164 456 1 158 562
125 247 312 1 235 416
126 353 604 1 351 700
127 390 677 1 391 772
128 275 227 1 259 333
129 83 115 1 65 230
130 227 834 1 236 936
131 245 406 1 236 509
132 127 115 1 109 229
133 378 678 1 381 773
134 180 988 1 195 1094
135 482 1209 1 509 1291
136 501 719 1 505 807
137 213 511 1 209 615
138 239 751 1 245 852
139 186 348 1 175 456
140 204 705 1 208 807
141 504 748 1 508 836
142 236 440 1 229 544
143 360 562 1 357 658
144 360 863 1 372 960
145 232 239 1 217 345
146 209 337 1 198 442
147 271 441 1 263 543
148 318 605 1 318 704
149 399 799 1 407 892
150 169 817 1 177 921
151 227 469 1 222 570
152 230 162 1 212 271
153 226 381 1 216 485
154 248 247 1 233 353
155 237 1010 1 254 1113
156 278 138 1 258 244
157 425 649 1 423 740
158 661 395 1 643 476
159 660 576 1 651 654
160 427 659 1 428 752
161 386 812 1 394 908
162 450 753 1 454 841
163 650 593 1 644 671
164 387 1066 1 408 1164
165 378 796 1 384 889
166 197 789 1 204 892
167 300 1089 1 321 1190
168 684 746 1 683 819
169 320 596 1 320 695
170 328 649 1 329 747
171 277 1021 1 297 1121
172 205 690 1 209 793
173 209 245 1 195 351
174 565 892 1 576 972
175 274 242 1 258 347
176 230 357 1 219 462
177 183 949 1 198 1054
178 403 436 1 394 532
179 471 774 1 478 864
180 320 732 1 325 830
181 668 383 1 647 465
182 414 807 1 422 900
183 299 789 1 307 888
184 322 853 1 333 951
185 319 1004 1 337 1103
186 200 269 1 186 375
187 286 1034 1 306 1134
188 236 147 1 217 254
189 322 705 1 327 803
190 264 258 1 247 364
191 313 192 1 295 295
192 287 1023 1 306 1123
193 298 817 1 307 916
194 194 582 1 193 684
195 313 208 1 295 311
196 246 299 1 233 404
197 297 1061 1 317 1161
198 420 328 1 402 415
199 203 293 1 190 399
200 272 364 1 261 466
201 226 223 1 210 330
202 188 756 1 194 859
203 229 814 1 238 916
204 278 258 1 264 362
205 377 479 1 370 576
206 212 206 1 197 312
207 232 184 1 214 291
208 673 492 1 660 570
209 272 375 1 262 477
210 275 186 1 257 292
211 683 479 1 667 557
212 663 405 1 645 487
213 671 279 1 646 364
214 276 273 1 261 376
215 376 576 1 374 672
216 663 561 1 653 639
217 310 146 1 290 251
218 487 726 1 488 808
219 252 262 1 238 367
220 416 671 1 418 765
221 309 798 1 318 896
222 337 1020 1 358 1120
223 231 212 1 215 318
224 243 160 1 224 268
225 267 764 1 274 864
226 347 946 1 363 1043
227 238 800 1 247 902
228 665 610 1 658 686
229 347 701 1 351 797
230 218 789 1 226 890
231 275 999 1 292 1099
232 310 771 1 317 868
233 292 391 1 282 491
234 214 287 1 201 393
235 309 238 1 292 341
236 283 814 1 293 913
237 673 555 1 662 631
238 457 816 1 467 907
239 324 197 1 305 300
240 201 740 1 207 841
241 382 952 1 398 1048
242 432 974 1 448 1056
243 398 917 1 411 1012
244 375 563 1 373 659
245 440 819 1 450 912
246 687 445 1 671 524
247 329 625 1 328 722
248 213 231 1 198 337
249 293 379 1 284 480
250 249 1051 1 269 1153
251 288 1091 1 310 1192
252 367 679 1 368 774
253 268 753 1 274 853
254 387 622 1 386 713
255 466 1213 1 493 1296
256 660 699 1 658 775
257 278 1060 1 298 1161
258 408 925 1 422 1019
259 263 1122 1 285 1226
260 348 672 1 350 768
261 279 983 1 296 1083
262 413 935 1 427 1029
263 318 577 1 318 674
264 281 796 1 290 896
265 444 161 1 422 259
266 348 913 1 362 1010
267 288 970 1 303 1070
268 321 140 1 301 244
269 263 697 1 267 798
270 373 910 1 386 1007
271 658 550 1 648 629
272 383 700 1 387 795
273 262 198 1 244 303
274 343 221 1 325 323
275 274 167 1 256 272
276 154 240 1 139 349
277 404 868 1 415 964
278 348 900 1 361 996
279 397 622 1 395 704
280 261 222 1 244 328
281 335 499 1 330 596
282 345 425 1 336 523
283 654 520 1 643 599
284 234 296 1 220 401
285 285 960 1 300 1059
286 224 266 1 210 372
287 224 256 1 209 363
288 244 235 1 229 341
289 140 93 1 120 205
290 427 943 1 442 1037
291 662 361 1 642 444
292 329 835 1 338 931
293 683 271 1 657 356
294 298 729 1 303 827
295 93 784 1 100 891
296 442 780 1 448 871
297 379 227 1 361 326
298 675 647 1 669 723
299 672 586 1 663 662
300 359 790 1 367 885
301 307 864 1 319 964
302 260 1044 1 279 1146
303 449 836 1 460 928
304 322 754 1 328 852
305 258 150 1 237 257
306 284 238 1 268 342
307 234 197 1 217 304
308 362 924 1 376 1020
309 650 614 1 644 692
310 300 1043 1 320 1144
311 289 985 1 305 1084
312 263 320 1 250 423
313 286 202 1 268 306
314 388 215 1 368 316
315 325 210 1 307 313
316 221 306 1 208 412
317 365 1121 1 388 1220
318 234 395 1 225 499
319 330 540 1 327 639
320 646 494 1 633 575
321 359 911 1 372 1007
322 278 294 1 265 397
323 462 424 1 448 509
324 333 753 1 339 850
325 661 444 1 644 525
326 669 510 1 656 588
327 351 925 1 366 1022
328 358 630 1 359 726
329 365 576 1 363 673
330 208 24 1 181 135
331 366 1005 1 384 1101
332 277 1094 1 298 1196
333 376 216 1 358 316
334 332 701 1 336 798
335 278 284 1 264 386
336 272 200 1 254 304
337 344 733 1 350 829
338 389 799 1 396 893
339 338 1009 1 356 1108
340 350 972 1 367 1070
341 303 188 1 284 293
342 376 1004 1 394 1100
343 288 260 1 273 363
344 392 950 1 407 1045
345 233 77 1 211 186
346 257 358 1 246 461
347 275 713 1 280 812
348 346 614 1 345 711
349 413 682 1 415 774
350 331 725 1 334 823
351 424 836 1 434 928
352 281 442 1 273 543
353 363 604 1 361 701
354 474 862 1 484 952
355 245 355 1 234 458
356 222 194 1 205 302
357 348 845 1 358 941
358 225 277 1 211 383
359 285 893 1 297 992
360 262 716 1 267 816
361 255 773 1 262 873
362 330 425 1 321 524
363 295 557 1 292 656
364 259 242 1 242 347
365 248 1065 1 268 1168
366 250 50 1 227 160
367 671 663 1 665 738
368 250 192 1 233 298
369 384 690 1 387 785
370 336 911 1 351 1008
371 461 847 1 472 938
372 248 38 1 224 149
373 303 259 1 288 362
374 393 703 1 396 798
375 281 831 1 290 931
376 274 1075 1 294 1177
377 556 53 1 523 152
378 646 215 1 619 305
379 364 750 1 369 846
380 402 949 1 418 1044
381 358 899 1 371 995
382 209 217 1 193 324
383 400 788 1 407 881
384 345 629 1 345 725
385 202 151 1 184 260
386 280 938 1 294 1037
387 198 645 1 200 747
388 382 498 1 376 595
389 279 770 1 286 869
390 216 382 1 206 486
391 311 898 1 323 995
392 350 835 1 360 932
393 328 510 1 324 609
394 427 854 1 437 947
395 277 541 1 274 641
396 289 907 1 303 1006
397 423 557 1 419 650
398 527 616 1 525 701
399 243 213 1 226 320
400 327 568 1 324 665
401 400 765 1 406 859
402 441 855 1 452 947
403 406 1044 1 427 1139
404 350 1015 1 368 1112
405 338 934 1 353 1030
406 415 651 1 416 744
407 246 204 1 227 309
408 422 1025 1 441 1120
409 248 132 1 228 239
410 488 736 1 492 824
411 670 520 1 657 598
412 287 273 1 271 376
413 275 430 1 268 531
414 313 180 1 294 285
415 281 150 1 261 255
416 659 539 1 648 617
417 333 876 1 344 974
418 446 1058 1 466 1152
419 322 151 1 301 256
420 197 73 1 176 184
421 250 75 1 228 184
422 347 1102 1 370 1202
423 394 929 1 408 1024
424 266 1022 1 284 1125
425 319 924 1 334 1022
426 481 1165 1 506 1254
427 216 326 1 204 431
