0 190 522 1 226 639
1 163 870 1 211 987
2 184 587 1 222 705
3 168 546 1 205 665
4 202 948 1 254 1065
5 202 961 1 253 1079
6 179 660 1 220 777
7 189 545 1 226 663
8 174 484 1 209 603
9 195 483 1 229 602
10 184 614 1 222 731
11 220 598 1 259 715
12 201 973 1 253 1092
13 225 531 1 261 649
14 225 520 1 261 637
15 208 845 1 255 962
16 217 658 1 258 775
17 196 461 1 229 580
18 215 689 1 257 806
19 177 462 1 211 582
20 208 856 1 255 973
21 207 868 1 255 985
22 220 613 1 259 729
23 154 959 1 205 1077
24 208 832 1 255 948
25 148 949 1 200 1068
26 221 585 1 259 701
27 164 756 1 208 873
28 158 935 1 208 1053
29 177 690 1 219 807
30 190 747 1 234 863
31 211 774 1 256 890
32 172 507 1 207 626
33 165 571 1 203 690
34 209 821 1 256 937
35 154 975 1 207 1094
36 226 506 1 261 623
37 182 412 1 214 532
38 142 808 1 188 927
39 176 599 1 215 717
40 116 451 1 150 572
41 176 641 1 216 759
42 162 598 1 202 715
43 76 101 1 99 234
44 192 782 1 237 899
45 193 507 1 228 625
46 132 906 1 182 1025
47 170 775 1 215 892
48 73 674 1 115 797
49 154 907 1 204 1024
50 126 976 1 178 1096
51 48 882 1 94 1003
52 136 337 1 165 461
53 57 98 1 76 230
54 214 736 1 257 851
55 222 570 1 259 687
56 144 776 1 190 894
57 157 642 1 198 760
58 149 721 1 193 839
59 188 572 1 226 690
60 80 86 1 103 219
61 204 906 1 255 1022
62 183 393 1 214 514
63 291 589 1 329 703
64 218 641 1 258 757
65 175 448 1 207 568
66 157 947 1 209 1066
67 199 1015 1 254 1134
68 180 427 1 212 547
69 64 86 1 88 220
70 173 586 1 211 705
71 321 743 1 365 855
72 301 587 1 339 701
73 211 784 1 257 900
74 174 720 1 218 838
75 155 845 1 203 963
76 95 83 1 118 215
77 227 485 1 261 602
78 130 935 1 181 1054
79 156 661 1 197 779
80 152 691 1 195 809
81 84 113 1 109 244
82 136 871 1 184 990
83 160 616 1 200 734
84 96 96 1 120 228
85 173 613 1 213 731
86 215 798 1 260 916
87 674 366 1 688 461
88 184 377 1 215 496
89 440 876 1 485 969
90 177 573 1 215 691
91 151 870 1 200 987
92 199 406 1 230 526
93 396 679 1 436 788
94 169 660 1 209 778
95 209 810 1 255 926
96 59 736 1 102 858
97 250 293 1 278 411
98 135 784 1 181 903
99 650 655 1 680 742
100 205 1068 1 260 1185
101 430 791 1 473 896
102 670 553 1 693 642
103 659 395 1 675 490
104 205 794 1 251 911
105 503 884 1 548 976
106 672 318 1 684 416
107 126 451 1 160 573
108 683 294 1 697 394
109 466 721 1 507 824
110 88 72 1 110 205
111 227 411 1 257 529
112 253 1030 1 308 1144
113 90 60 1 111 193
114 493 883 1 537 973
115 659 615 1 686 703
116 215 706 1 258 822
117 376 687 1 416 797
118 389 774 1 432 881
119 300 1052 1 355 1167
120 405 665 1 445 775
121 95 106 1 119 238
122 329 662 1 369 773
123 336 862 1 385 973
124 226 560 1 263 676
125 283 977 1 335 1090
126 335 522 1 370 635
127 198 450 1 232 569
128 188 761 1 233 878
129 234 443 1 266 560
130 361 835 1 408 945
131 124 439 1 158 561
132 633 649 1 664 737
133 283 715 1 326 830
134 208 294 1 235 416
135 223 242 1 248 364
136 174 760 1 218 876
137 353 660 1 392 771
138 235 209 1 260 332
139 236 255 1 261 375
140 40 95 1 65 230
141 616 579 1 643 670
142 206 389 1 237 508
143 465 702 1 505 806
144 86 96 1 110 228
145 341 661 1 381 772
146 144 974 1 196 1093
147 202 735 1 246 852
148 672 538 1 695 627
149 660 605 1 686 692
150 146 331 1 175 455
151 531 878 1 576 971
152 626 378 1 643 475
153 638 688 1 670 776
154 386 668 1 426 777
155 385 552 1 420 662
156 166 689 1 209 806
157 467 732 1 508 835
158 197 424 1 229 543
159 675 419 1 691 512
160 324 847 1 372 959
161 192 221 1 217 344
162 313 587 1 352 700
163 232 424 1 263 542
164 630 673 1 662 763
165 665 662 1 694 748
166 363 783 1 407 891
167 214 1034 1 269 1152
168 190 819 1 237 935
169 132 801 1 177 921
170 187 364 1 217 484
171 201 995 1 254 1112
172 365 418 1 394 531
173 662 258 1 671 359
174 624 560 1 650 652
175 450 1197 1 509 1289
176 349 796 1 395 907
177 413 738 1 454 840
178 389 643 1 429 751
179 352 1049 1 409 1163
180 160 773 1 205 891
181 265 1074 1 321 1189
182 321 545 1 357 658
183 651 288 1 662 388
184 290 633 1 329 747
185 242 1005 1 297 1120
186 168 675 1 209 793
187 169 226 1 195 351
188 234 225 1 258 347
189 190 340 1 220 461
190 147 935 1 198 1053
191 626 683 1 658 771
192 317 987 1 370 1100
193 286 838 1 333 950
194 677 1176 1 732 1256
195 377 790 1 423 899
196 420 972 1 470 1067
197 659 582 1 685 671
198 284 989 1 337 1102
199 160 251 1 187 374
200 251 1019 1 306 1133
201 196 128 1 217 254
202 285 689 1 327 802
203 263 772 1 307 887
204 274 173 1 295 295
205 252 1007 1 307 1122
206 262 801 1 308 916
207 323 588 1 361 700
208 182 773 1 227 890
209 155 565 1 193 684
210 273 189 1 295 310
211 207 282 1 233 404
212 262 1046 1 318 1160
213 383 313 1 402 413
214 204 760 1 247 876
215 183 511 1 219 627
216 186 205 1 210 330
217 516 34 1 523 151
218 151 741 1 195 858
219 192 798 1 238 915
220 637 476 1 659 569
221 238 240 1 264 362
222 406 682 1 446 791
223 191 144 1 213 270
224 236 169 1 257 291
225 339 462 1 371 575
226 172 187 1 197 312
227 683 346 1 695 442
228 192 165 1 214 290
229 627 605 1 656 696
230 614 599 1 644 690
231 392 653 1 431 763
232 646 463 1 666 556
233 163 277 1 190 400
234 272 936 1 324 1048
235 226 1043 1 282 1158
236 634 261 1 645 363
237 435 757 1 478 863
238 649 731 1 683 817
239 630 367 1 647 464
240 254 375 1 282 491
241 339 559 1 374 671
242 281 590 1 318 704
243 627 546 1 653 638
244 271 127 1 290 251
245 647 612 1 674 701
246 450 710 1 488 807
247 232 358 1 262 477
248 212 244 1 238 366
249 676 579 1 700 666
250 379 654 1 418 764
251 175 269 1 201 392
252 281 579 1 320 694
253 303 1004 1 358 1120
254 302 918 1 353 1029
255 515 902 1 559 991
256 230 749 1 274 864
257 180 295 1 207 417
258 312 931 1 363 1043
259 629 594 1 658 685
260 310 684 1 351 796
261 405 141 1 422 259
262 642 671 1 673 758
263 239 984 1 293 1098
264 199 473 1 229 591
265 255 362 1 284 480
266 269 220 1 292 341
267 336 895 1 386 1006
268 247 798 1 293 913
269 221 1056 1 277 1172
270 636 539 1 661 630
271 421 799 1 467 906
272 284 179 1 305 300
273 163 724 1 208 840
274 347 935 1 398 1047
275 656 327 1 669 425
276 337 545 1 373 658
277 404 802 1 450 911
278 651 428 1 671 523
279 626 388 1 645 486
280 292 608 1 329 722
281 236 147 1 256 272
282 233 346 1 261 465
283 254 1076 1 311 1192
284 648 561 1 674 651
285 231 737 1 274 853
286 349 608 1 386 712
287 433 1202 1 493 1294
288 304 204 1 325 323
289 243 1045 1 298 1160
290 212 1082 1 268 1200
291 302 239 1 325 356
292 310 656 1 350 768
293 244 968 1 296 1082
294 377 919 1 428 1028
295 634 493 1 656 587
296 226 164 1 247 287
297 387 1009 1 441 1119
298 245 779 1 290 895
299 275 754 1 319 868
300 312 897 1 362 1009
301 252 955 1 304 1069
302 281 120 1 301 244
303 395 688 1 436 797
304 225 681 1 267 797
305 670 631 1 697 718
306 203 145 1 225 267
307 622 534 1 647 628
308 346 683 1 387 795
309 222 180 1 245 303
310 311 977 1 363 1091
311 368 852 1 416 963
312 670 387 1 686 482
313 312 883 1 362 996
314 358 610 1 395 702
315 282 946 1 334 1058
316 660 366 1 675 462
317 297 482 1 330 596
318 660 308 1 672 407
319 306 408 1 337 523
320 618 504 1 643 598
321 148 262 1 175 386
322 192 194 1 216 318
323 175 495 1 210 614
324 249 945 1 301 1058
325 184 248 1 210 371
326 685 464 1 704 555
327 184 238 1 210 362
328 360 902 1 412 1011
329 98 73 1 121 205
330 392 927 1 442 1036
331 626 344 1 642 443
332 292 819 1 338 931
333 646 253 1 656 355
334 202 212 1 226 336
335 672 438 1 690 530
336 228 110 1 248 236
337 405 764 1 448 871
338 340 208 1 361 326
339 639 632 1 669 721
340 636 570 1 663 661
341 340 780 1 385 889
342 322 775 1 367 884
343 239 1034 1 295 1149
344 225 1029 1 279 1146
345 413 819 1 461 927
346 285 738 1 328 851
347 239 265 1 264 386
348 244 220 1 268 342
349 649 382 1 665 477
350 194 179 1 217 304
351 326 908 1 376 1019
352 258 875 1 307 987
353 265 1029 1 320 1143
354 253 970 1 306 1083
355 240 128 1 261 254
356 223 302 1 251 423
357 246 183 1 268 306
358 218 224 1 243 347
359 665 428 1 684 522
360 386 678 1 426 787
361 349 198 1 368 316
362 352 754 1 395 864
363 530 160 1 543 272
364 256 716 1 298 830
365 331 1105 1 389 1219
366 614 362 1 631 461
367 195 378 1 225 498
368 292 524 1 327 638
369 609 478 1 633 574
370 322 895 1 373 1007
371 239 277 1 265 397
372 610 230 1 622 335
373 424 409 1 448 508
374 296 736 1 339 849
375 645 419 1 663 514
376 222 1085 1 279 1204
377 316 909 1 366 1021
378 264 287 1 290 404
379 280 559 1 318 674
380 223 860 1 271 976
381 321 613 1 360 726
382 327 559 1 363 672
383 514 409 1 539 512
384 661 531 1 685 622
385 330 989 1 384 1100
386 242 1079 1 299 1195
387 337 198 1 358 315
388 232 181 1 254 304
389 508 382 1 533 487
390 307 716 1 350 829
391 274 837 1 321 951
392 352 783 1 397 892
393 302 993 1 356 1107
394 315 956 1 367 1069
395 263 170 1 285 293
396 341 988 1 394 1099
397 248 242 1 273 363
398 216 1045 1 271 1163
399 254 822 1 301 937
400 240 749 1 284 864
401 357 934 1 408 1044
402 192 56 1 211 186
403 218 341 1 247 460
404 238 697 1 280 811
405 308 597 1 346 711
406 376 664 1 416 773
407 294 709 1 335 822
408 388 820 1 434 927
409 242 425 1 273 542
410 232 974 1 284 1089
411 437 845 1 484 951
412 205 337 1 235 457
413 182 176 1 205 302
414 311 829 1 358 940
415 185 260 1 212 382
416 249 877 1 297 991
417 304 725 1 347 837
418 225 700 1 267 815
419 218 757 1 262 873
420 291 408 1 322 524
421 257 919 1 307 1032
422 672 601 1 698 688
423 209 29 1 227 160
424 195 330 1 224 450
425 653 491 1 674 583
426 210 173 1 233 298
427 347 674 1 387 785
428 301 895 1 351 1007
429 426 830 1 472 937
430 264 241 1 288 362
431 356 686 1 397 797
432 244 815 1 290 930
433 239 1060 1 295 1176
434 644 549 1 668 639
435 333 844 1 381 955
436 326 733 1 368 843
437 367 933 1 418 1043
438 323 883 1 371 994
439 359 669 1 400 781
440 260 128 1 280 252
441 169 198 1 193 323
442 363 771 1 407 880
443 308 612 1 346 725
444 162 132 1 184 260
445 261 938 1 313 1051
446 244 923 1 294 1037
447 160 629 1 201 746
448 486 584 1 518 683
449 176 365 1 207 486
450 274 882 1 323 995
451 314 819 1 360 931
452 289 494 1 324 609
453 390 837 1 437 946
454 236 413 1 268 531
455 239 524 1 274 641
456 253 891 1 303 1005
457 385 539 1 419 650
458 458 91 1 470 207
459 203 195 1 226 319
460 288 550 1 324 664
461 153 707 1 196 825
462 265 747 1 308 861
463 112 221 1 139 349
464 363 748 1 406 858
465 270 559 1 307 674
466 405 837 1 452 947
467 372 1027 1 427 1138
468 314 999 1 368 1111
469 521 448 1 548 550
470 268 1057 1 324 1172
471 378 635 1 417 743
472 206 185 1 228 309
473 181 228 1 207 352
474 207 112 1 228 239
475 451 721 1 492 823
476 241 958 1 293 1071
477 625 428 1 645 523
478 247 255 1 272 375
479 234 1096 1 292 1213
480 271 849 1 319 963
481 305 962 1 356 1075
482 273 162 1 294 284
483 622 523 1 647 616
484 296 860 1 345 973
485 411 1042 1 467 1151
486 268 715 1 311 829
487 646 525 1 670 616
488 157 53 1 176 184
489 210 55 1 228 184
490 363 174 1 381 291
491 313 1086 1 370 1201
492 358 912 1 408 1023
493 273 781 1 318 895
494 230 1007 1 284 1124
495 284 908 1 334 1021
496 292 918 1 342 1031
497 662 337 1 676 435
498 447 1150 1 506 1253
499 256 541 1 292 656
500 328 796 1 374 908
501 201 244 1 227 367
