0 181 511 1 226 640
1 181 536 1 227 664
2 154 862 1 212 991
3 176 577 1 223 706
4 159 536 1 205 666
5 194 941 1 255 1070
6 193 955 1 254 1083
7 170 650 1 220 779
8 165 474 1 209 604
9 187 473 1 230 602
10 176 604 1 223 733
11 212 589 1 260 716
12 193 967 1 254 1096
13 217 521 1 262 649
14 217 510 1 262 638
15 200 837 1 256 965
16 209 649 1 259 777
17 149 928 1 209 1057
18 188 451 1 230 581
19 168 452 1 211 582
20 199 849 1 256 976
21 198 861 1 256 988
22 212 603 1 260 730
23 145 952 1 206 1082
24 200 824 1 256 951
25 140 942 1 200 1072
26 213 575 1 260 703
27 221 449 1 263 578
28 154 747 1 209 875
29 168 681 1 220 809
30 181 739 1 234 866
31 165 604 1 214 733
32 164 497 1 208 627
33 156 561 1 203 691
34 201 814 1 257 940
35 145 969 1 208 1099
36 217 496 1 261 624
37 174 401 1 214 532
38 133 801 1 189 930
39 168 590 1 215 719
40 201 766 1 257 893
41 107 440 1 150 572
42 167 632 1 217 760
43 153 589 1 202 717
44 338 980 1 402 1089
45 66 87 1 99 232
46 184 775 1 238 902
47 185 497 1 229 626
48 124 899 1 182 1029
49 161 767 1 216 895
50 65 665 1 115 798
51 145 899 1 204 1028
52 207 682 1 258 808
53 117 970 1 179 1101
54 525 890 1 582 998
55 170 736 1 224 864
56 205 727 1 258 854
57 214 560 1 260 688
58 142 712 1 194 841
59 136 768 1 190 897
60 149 632 1 199 762
61 179 562 1 226 691
62 127 326 1 165 461
63 71 72 1 102 218
64 195 899 1 256 1026
65 175 382 1 214 514
66 284 580 1 331 705
67 210 632 1 259 759
68 167 437 1 208 568
69 149 940 1 210 1071
70 191 1009 1 255 1139
71 171 416 1 212 547
72 54 72 1 88 219
73 164 577 1 212 706
74 314 735 1 367 858
75 191 395 1 231 526
76 294 577 1 341 702
77 203 776 1 257 903
78 165 711 1 219 840
79 147 837 1 203 966
80 219 475 1 262 603
81 121 928 1 182 1058
82 147 652 1 198 781
83 144 682 1 196 812
84 75 99 1 108 243
85 127 864 1 185 993
86 152 607 1 201 735
87 87 82 1 119 227
88 494 892 1 552 1001
89 207 790 1 261 919
90 677 358 1 701 467
91 176 365 1 216 497
92 434 881 1 491 987
93 86 68 1 117 213
94 427 948 1 489 1066
95 464 970 1 527 1085
96 169 563 1 216 692
97 143 863 1 201 991
98 389 670 1 438 790
99 160 651 1 210 780
100 201 801 1 256 929
101 50 725 1 103 859
102 241 281 1 279 412
103 126 776 1 181 906
104 651 656 1 692 756
105 196 1063 1 261 1191
106 423 785 1 476 902
107 672 552 1 707 654
108 661 388 1 688 497
109 197 787 1 252 914
110 676 308 1 697 421
111 118 441 1 161 574
112 687 283 1 708 397
113 459 716 1 511 830
114 78 57 1 110 204
115 219 400 1 258 529
116 245 1025 1 310 1151
117 80 45 1 111 191
118 661 616 1 699 716
119 207 697 1 259 824
120 368 678 1 418 799
121 382 768 1 435 887
122 403 1229 1 477 1336
123 292 1047 1 357 1173
124 398 656 1 447 776
125 86 92 1 118 237
126 321 652 1 370 775
127 329 856 1 387 978
128 218 550 1 264 677
129 275 972 1 337 1096
130 328 512 1 371 636
131 190 440 1 233 569
132 179 753 1 233 881
133 226 432 1 267 561
134 353 827 1 410 949
135 116 429 1 158 562
136 633 649 1 675 750
137 275 706 1 327 831
138 199 283 1 236 416
139 215 230 1 248 364
140 165 751 1 219 879
141 345 651 1 393 773
142 227 197 1 260 332
143 228 243 1 261 375
144 615 576 1 653 681
145 198 378 1 237 509
146 458 700 1 509 812
147 76 82 1 109 227
148 334 652 1 383 774
149 135 967 1 196 1098
150 194 727 1 246 854
151 675 536 1 709 639
152 662 605 1 700 706
153 138 319 1 176 455
154 626 370 1 653 481
155 638 690 1 682 791
156 379 659 1 428 779
157 377 542 1 422 663
158 158 680 1 209 809
159 460 727 1 512 841
160 189 413 1 230 543
161 231 105 1 259 242
162 678 413 1 705 520
163 317 840 1 374 963
164 184 209 1 218 344
165 306 577 1 353 701
166 224 413 1 264 542
167 630 675 1 673 776
168 666 663 1 707 763
169 355 777 1 410 896
170 206 1029 1 270 1158
171 123 794 1 177 924
172 179 352 1 217 484
173 193 988 1 255 1117
174 358 408 1 396 532
175 665 246 1 684 362
176 623 558 1 661 663
177 442 1214 1 515 1317
178 342 788 1 396 910
179 381 634 1 431 753
180 345 1044 1 411 1168
181 151 765 1 206 894
182 257 1069 1 323 1196
183 183 811 1 237 938
184 314 535 1 359 659
185 653 277 1 674 391
186 282 624 1 330 748
187 234 1001 1 299 1127
188 160 666 1 210 795
189 161 214 1 196 350
190 226 212 1 259 346
191 182 329 1 220 461
192 402 994 1 464 1104
193 139 928 1 199 1057
194 625 683 1 669 785
195 309 982 1 372 1106
196 278 830 1 335 954
197 678 1193 1 746 1287
198 370 782 1 425 902
199 660 582 1 697 684
200 277 985 1 339 1109
201 151 239 1 187 374
202 243 1014 1 308 1141
203 187 114 1 217 253
204 174 500 1 219 629
205 278 680 1 328 805
206 255 764 1 309 890
207 266 161 1 296 294
208 244 1003 1 308 1129
209 254 794 1 309 919
210 316 578 1 363 701
211 478 1185 1 549 1299
212 147 555 1 194 685
213 266 176 1 296 310
214 198 270 1 233 404
215 254 1042 1 319 1168
216 195 752 1 248 879
217 178 193 1 210 329
218 142 732 1 195 861
219 184 790 1 239 918
220 638 471 1 670 578
221 230 228 1 265 361
222 399 673 1 448 793
223 182 130 1 213 269
224 227 155 1 258 290
225 332 451 1 372 576
226 164 174 1 197 311
227 687 337 1 709 447
228 183 152 1 215 290
229 162 308 1 199 442
230 627 605 1 667 708
231 303 647 1 351 770
232 613 597 1 654 701
233 384 644 1 433 764
234 648 458 1 678 565
235 154 265 1 190 400
236 264 930 1 325 1054
237 218 1039 1 283 1166
238 635 249 1 656 366
239 428 750 1 481 868
240 649 734 1 695 833
241 630 358 1 657 470
242 246 364 1 283 491
243 331 549 1 376 672
244 273 580 1 319 705
245 627 543 1 664 648
246 413 948 1 475 1068
247 263 114 1 291 250
248 647 612 1 686 714
249 444 708 1 493 819
250 224 346 1 263 477
251 204 232 1 239 366
252 678 578 1 714 679
253 371 645 1 420 766
254 166 257 1 201 392
255 273 569 1 322 695
256 295 999 1 360 1125
257 294 912 1 355 1035
258 510 908 1 567 1011
259 222 741 1 275 867
260 171 283 1 208 417
261 173 765 1 228 893
262 629 593 1 668 696
263 303 675 1 353 799
264 399 127 1 424 258
265 642 672 1 684 772
266 231 979 1 294 1105
267 640 444 1 671 552
268 247 351 1 285 480
269 262 207 1 293 340
270 239 790 1 294 916
271 213 1052 1 278 1179
272 637 536 1 673 641
273 414 792 1 469 910
274 277 166 1 306 299
275 155 715 1 208 843
276 340 928 1 400 1051
277 658 317 1 681 430
278 330 535 1 375 659
279 397 795 1 452 915
280 653 423 1 682 531
281 626 381 1 655 492
282 283 599 1 330 723
283 228 134 1 257 271
284 345 885 1 404 998
285 225 335 1 262 466
286 246 1071 1 312 1199
287 650 559 1 686 663
288 223 729 1 275 855
289 645 412 1 675 521
290 428 1217 1 500 1322
291 295 191 1 326 322
292 235 1040 1 300 1167
293 204 1077 1 269 1207
294 293 226 1 326 357
295 236 963 1 297 1089
296 634 489 1 667 596
297 218 151 1 248 286
298 237 771 1 291 898
299 267 746 1 320 871
300 305 891 1 364 1014
301 244 951 1 305 1075
302 274 107 1 302 243
303 388 680 1 438 800
304 217 673 1 268 799
305 672 633 1 710 732
306 621 531 1 658 637
307 339 675 1 389 797
308 214 167 1 245 302
309 303 971 1 364 1095
310 390 979 1 453 1085
311 361 845 1 418 966
312 673 380 1 699 489
313 305 877 1 363 1000
314 352 614 1 400 722
315 274 939 1 335 1064
316 663 358 1 687 469
317 289 471 1 331 597
318 663 298 1 685 411
319 299 397 1 338 523
320 618 500 1 653 607
321 139 250 1 175 386
322 184 181 1 216 317
323 167 486 1 210 615
324 241 939 1 302 1064
325 175 236 1 210 371
326 688 459 1 717 564
327 629 578 1 667 682
328 175 226 1 210 362
329 89 58 1 120 204
330 385 921 1 445 1041
331 626 334 1 653 448
332 285 811 1 340 935
333 648 241 1 668 358
334 193 200 1 227 335
335 675 432 1 703 539
336 219 96 1 248 234
337 398 757 1 451 875
338 332 195 1 362 326
339 634 500 1 668 606
340 640 632 1 680 734
341 637 568 1 674 673
342 333 775 1 386 894
343 394 1171 1 465 1280
344 413 978 1 475 1086
345 231 1030 1 296 1156
346 216 1024 1 281 1151
347 406 812 1 463 931
348 277 729 1 330 854
349 231 254 1 265 385
350 236 208 1 269 341
351 650 374 1 677 484
352 186 166 1 218 303
353 319 902 1 378 1024
354 250 868 1 309 992
355 257 1024 1 322 1150
356 245 965 1 307 1090
357 232 115 1 262 253
358 215 291 1 251 423
359 238 170 1 269 305
360 210 212 1 243 347
361 668 422 1 696 530
362 379 669 1 428 789
363 341 184 1 370 315
364 344 746 1 397 867
365 526 146 1 549 271
366 248 708 1 299 833
367 323 1100 1 391 1225
368 613 353 1 641 466
369 187 367 1 226 498
370 284 514 1 328 639
371 609 473 1 643 582
372 315 889 1 375 1011
373 231 265 1 266 397
374 609 217 1 631 336
375 288 728 1 341 852
376 668 484 1 699 589
377 214 1082 1 280 1210
378 308 903 1 368 1026
379 254 275 1 291 405
380 215 853 1 272 980
381 313 603 1 361 727
382 526 880 1 583 986
383 320 549 1 365 673
384 510 400 1 544 516
385 663 529 1 697 633
386 323 984 1 386 1107
387 235 1074 1 300 1202
388 330 185 1 359 315
389 224 167 1 255 303
390 503 372 1 537 489
391 266 830 1 323 954
392 344 777 1 399 897
393 295 988 1 358 1113
394 308 949 1 369 1074
395 256 157 1 286 292
396 240 230 1 274 362
397 208 1041 1 272 1169
398 247 814 1 302 940
399 231 741 1 285 867
400 349 927 1 410 1049
401 184 43 1 211 184
402 210 330 1 247 460
403 673 272 1 693 386
404 369 655 1 418 776
405 286 700 1 336 824
406 190 294 1 227 427
407 234 414 1 274 543
408 618 455 1 650 564
409 223 968 1 285 1095
410 646 645 1 686 746
411 430 840 1 487 957
412 197 326 1 235 458
413 173 163 1 206 301
414 304 821 1 360 944
415 176 247 1 212 382
416 240 872 1 299 996
417 297 717 1 349 840
418 217 692 1 268 818
419 210 749 1 263 875
420 284 397 1 323 524
421 249 913 1 309 1038
422 674 601 1 711 702
423 671 339 1 695 450
424 187 318 1 225 451
425 654 487 1 686 592
426 202 160 1 233 297
427 340 665 1 389 787
428 293 889 1 353 1012
429 419 824 1 475 942
430 256 229 1 289 362
431 348 678 1 398 799
432 236 808 1 291 933
433 230 1057 1 296 1183
434 645 546 1 680 650
435 326 837 1 383 959
436 318 724 1 370 847
437 360 926 1 420 1048
438 315 876 1 373 999
439 352 660 1 401 782
440 252 114 1 281 251
441 160 186 1 193 323
442 300 602 1 347 726
443 153 119 1 184 259
444 253 932 1 314 1057
445 235 918 1 295 1042
446 241 719 1 293 844
447 152 620 1 201 749
448 660 338 1 684 450
449 198 881 1 256 1008
450 169 354 1 207 486
451 266 876 1 325 1000
452 306 812 1 362 935
453 282 484 1 326 609
454 383 829 1 439 950
455 229 402 1 269 531
456 231 514 1 275 642
457 245 886 1 304 1010
458 386 610 1 431 718
459 377 530 1 421 651
460 452 74 1 474 206
461 194 183 1 227 318
462 281 541 1 326 666
463 237 693 1 288 818
464 145 698 1 197 827
465 257 739 1 309 864
466 105 209 1 140 348
467 263 549 1 308 675
468 398 831 1 454 951
469 365 1022 1 429 1145
470 307 994 1 370 1117
471 517 439 1 553 554
472 259 1052 1 325 1179
473 671 141 1 684 263
474 197 172 1 228 308
475 173 216 1 207 352
476 199 98 1 228 237
477 445 716 1 496 830
478 233 953 1 295 1078
479 625 421 1 655 531
480 127 445 1 170 577
481 239 243 1 272 375
482 226 1092 1 293 1220
483 263 842 1 320 967
484 297 955 1 358 1080
485 270 815 1 326 940
486 265 149 1 295 283
487 622 519 1 658 626
488 289 854 1 346 977
489 404 1037 1 469 1158
490 261 707 1 312 831
491 647 522 1 682 627
492 148 38 1 176 182
493 201 40 1 228 182
494 355 160 1 383 291
495 305 1081 1 372 1207
496 350 906 1 410 1028
497 265 773 1 320 898
498 222 1002 1 285 1129
499 276 902 1 336 1026
500 284 912 1 344 1036
501 665 328 1 688 440
502 655 743 1 700 842
503 248 531 1 293 657
504 321 788 1 375 911
505 192 232 1 227 367
