0 199 657 1 222 782
1 203 609 1 224 734
2 184 872 1 213 998
3 203 582 1 224 707
4 237 655 1 260 779
5 226 953 1 257 1079
6 225 967 1 256 1093
7 213 454 1 231 580
8 185 540 1 206 666
9 240 594 1 262 717
10 244 513 1 264 638
11 224 979 1 256 1106
12 192 477 1 210 604
13 230 847 1 258 972
14 184 755 1 210 880
15 229 860 1 258 983
16 239 608 1 261 732
17 229 871 1 258 996
18 230 833 1 258 957
19 241 580 1 262 704
20 176 964 1 207 1091
21 192 609 1 215 735
22 230 820 1 258 946
23 247 448 1 265 577
24 197 567 1 217 693
25 189 501 1 209 627
26 183 566 1 204 692
27 191 775 1 217 900
28 241 565 1 262 689
29 245 499 1 263 623
30 195 687 1 221 813
31 232 776 1 259 899
32 101 67 1 115 206
33 86 70 1 100 211
34 207 745 1 236 870
35 313 583 1 334 706
36 93 670 1 116 798
37 213 783 1 239 907
38 235 688 1 260 812
39 148 982 1 179 1111
40 199 403 1 215 530
41 195 637 1 218 762
42 228 910 1 257 1034
43 163 811 1 189 936
44 170 720 1 194 845
45 176 910 1 205 1036
46 176 638 1 200 764
47 153 910 1 183 1037
48 170 954 1 201 1081
49 196 419 1 213 546
50 367 321 1 380 435
51 344 741 1 370 862
52 222 1023 1 256 1149
53 133 442 1 151 571
54 151 329 1 166 458
55 445 911 1 472 1004
56 239 637 1 261 761
57 201 367 1 217 494
58 580 919 1 608 1025
59 176 847 1 204 973
60 171 689 1 196 815
61 323 582 1 344 704
62 92 98 1 106 236
63 157 874 1 185 1001
64 178 611 1 202 737
65 192 440 1 209 567
66 234 714 1 259 837
67 236 734 1 260 858
68 229 1078 1 263 1206
69 420 675 1 443 794
70 199 385 1 216 512
71 226 734 1 248 858
72 236 801 1 263 925
73 265 282 1 278 408
74 156 785 1 182 911
75 373 415 1 390 522
76 180 953 1 211 1080
77 181 775 1 206 899
78 215 397 1 232 524
79 521 608 1 540 720
80 189 657 1 211 783
81 96 57 1 107 196
82 402 788 1 430 908
83 385 612 1 406 713
84 170 939 1 200 1066
85 680 578 1 691 681
86 233 786 1 259 909
87 217 444 1 234 569
88 186 673 1 211 798
89 278 1044 1 312 1168
90 456 797 1 483 912
91 311 784 1 339 904
92 244 401 1 260 527
93 250 197 1 261 326
94 173 872 1 202 998
95 97 45 1 110 184
96 252 433 1 269 559
97 399 683 1 422 802
98 357 513 1 375 635
99 305 711 1 330 834
100 103 91 1 116 230
101 361 866 1 391 987
102 308 988 1 340 1110
103 351 657 1 374 778
104 429 660 1 452 778
105 386 834 1 414 955
106 378 1058 1 416 1181
107 374 654 1 397 775
108 311 631 1 333 750
109 430 677 1 453 796
110 681 337 1 682 447
111 692 677 1 708 777
112 340 581 1 356 702
113 221 283 1 236 413
114 413 662 1 433 782
115 251 1088 1 285 1214
116 246 555 1 266 678
117 207 773 1 229 898
118 291 1085 1 326 1211
119 236 704 1 261 828
120 417 704 1 442 823
121 250 242 1 262 371
122 342 537 1 362 659
123 670 596 1 682 700
124 214 416 1 231 542
125 94 81 1 107 220
126 166 980 1 197 1107
127 161 320 1 176 452
128 692 588 1 707 692
129 681 373 1 683 483
130 407 543 1 426 664
131 185 686 1 210 812
132 237 230 1 249 359
133 80 729 1 104 860
134 250 102 1 260 235
135 220 216 1 234 347
136 349 850 1 378 972
137 205 208 1 218 339
138 372 710 1 396 829
139 249 415 1 266 541
140 415 789 1 442 906
141 689 705 1 704 804
142 268 1021 1 301 1143
143 695 721 1 714 820
144 691 505 1 699 609
145 376 789 1 404 907
146 202 354 1 219 482
147 225 1001 1 257 1127
148 434 930 1 463 1034
149 408 408 1 418 512
150 374 795 1 401 916
151 414 779 1 441 897
152 201 146 1 215 284
153 688 361 1 688 471
154 237 760 1 262 883
155 399 398 1 409 500
156 181 214 1 195 346
157 223 379 1 239 506
158 204 330 1 221 459
159 276 276 1 291 402
160 361 657 1 386 777
161 683 713 1 699 813
162 343 997 1 376 1120
163 309 839 1 338 961
164 226 232 1 239 362
165 278 1019 1 311 1144
166 322 915 1 352 1036
167 687 601 1 698 701
168 268 1093 1 303 1219
169 309 1001 1 342 1124
170 172 238 1 187 370
171 276 1033 1 310 1157
172 207 113 1 218 246
173 363 183 1 373 309
174 472 654 1 494 770
175 285 772 1 311 895
176 287 157 1 298 288
177 285 802 1 312 925
178 360 194 1 366 319
179 337 889 1 367 1010
180 249 209 1 260 341
181 219 270 1 234 400
182 287 1060 1 322 1184
183 462 762 1 488 877
184 267 828 1 294 952
185 128 209 1 142 344
186 224 760 1 250 884
187 198 192 1 211 324
188 307 737 1 333 859
189 332 651 1 355 772
190 252 227 1 266 357
191 240 1045 1 272 1172
192 358 452 1 376 574
193 184 174 1 197 305
194 300 583 1 322 706
195 183 309 1 199 439
196 359 551 1 379 672
197 378 779 1 405 896
198 266 780 1 294 903
199 549 940 1 579 1047
200 685 628 1 698 729
201 668 619 1 682 721
202 465 1045 1 498 1154
203 175 266 1 190 396
204 514 920 1 543 1024
205 440 779 1 467 895
206 270 365 1 285 489
207 337 901 1 368 1023
208 685 562 1 695 665
209 203 125 1 215 260
210 283 111 1 293 243
211 299 164 1 308 293
212 692 242 1 688 357
213 246 1098 1 282 1226
214 359 537 1 378 659
215 424 732 1 448 846
216 187 258 1 202 388
217 192 284 1 208 414
218 297 946 1 328 1067
219 687 616 1 699 717
220 332 680 1 356 802
221 422 120 1 429 249
222 252 738 1 278 860
223 230 211 1 244 342
224 503 730 1 524 844
225 271 352 1 287 478
226 298 918 1 328 1041
227 283 206 1 295 335
228 348 552 1 368 673
229 269 799 1 297 922
230 318 189 1 328 316
231 236 148 1 248 280
232 194 114 1 205 249
233 289 1021 1 322 1144
234 265 997 1 296 1120
235 430 768 1 457 885
236 451 992 1 485 1111
237 236 1095 1 271 1222
238 429 802 1 458 921
239 681 385 1 684 495
240 216 204 1 227 330
241 375 767 1 400 888
242 248 131 1 258 264
243 250 1039 1 283 1164
244 527 924 1 554 1027
245 277 822 1 305 946
246 322 735 1 344 856
247 419 694 1 444 813
248 315 224 1 328 351
249 315 925 1 347 1047
250 442 822 1 469 939
251 287 173 1 297 304
252 387 791 1 415 908
253 442 1053 1 476 1174
254 692 515 1 700 619
255 252 350 1 264 474
256 297 753 1 323 876
257 673 567 1 684 671
258 251 1059 1 285 1184
259 311 602 1 333 725
260 295 103 1 304 236
261 245 680 1 270 803
262 406 870 1 437 987
263 336 983 1 368 1106
264 375 833 1 404 954
265 304 107 1 313 239
266 441 885 1 471 1002
267 216 170 1 228 303
268 301 828 1 329 946
269 330 925 1 358 1047
270 249 339 1 263 463
271 325 397 1 341 521
272 673 514 1 682 620
273 160 249 1 174 382
274 204 180 1 216 312
275 310 486 1 328 609
276 196 236 1 210 367
277 256 115 1 263 246
278 327 598 1 349 720
279 196 225 1 210 357
280 315 820 1 343 942
281 317 951 1 350 1072
282 239 93 1 249 227
283 655 564 1 668 669
284 247 153 1 259 284
285 364 787 1 391 905
286 401 980 1 433 1100
287 269 1060 1 302 1182
288 237 293 1 252 420
289 406 552 1 426 674
290 253 253 1 266 381
291 666 355 1 669 466
292 176 120 1 187 255
293 205 164 1 218 297
294 281 881 1 311 1003
295 294 1071 1 328 1196
296 267 979 1 300 1101
297 334 743 1 359 864
298 277 981 1 309 1105
299 217 255 1 232 385
300 276 715 1 301 837
301 680 552 1 687 653
302 311 516 1 331 639
303 661 484 1 669 591
304 348 900 1 379 1021
305 658 207 1 656 326
306 688 444 1 691 549
307 305 686 1 329 809
308 343 606 1 365 728
309 276 156 1 287 286
310 265 933 1 296 1056
311 680 743 1 698 842
312 245 862 1 274 987
313 404 880 1 434 998
314 254 265 1 267 393
315 228 116 1 238 250
316 672 485 1 679 591
317 288 700 1 312 822
318 194 158 1 206 295
319 244 167 1 256 297
320 173 560 1 195 686
321 297 838 1 326 961
322 398 749 1 423 863
323 534 338 1 543 454
324 315 706 1 339 827
325 187 199 1 200 330
326 294 888 1 324 1009
327 262 229 1 275 358
328 210 914 1 240 1039
329 192 355 1 208 483
330 285 561 1 306 684
331 180 185 1 193 317
332 232 331 1 248 458
333 371 757 1 397 878
334 399 660 1 422 779
335 203 38 1 212 177
336 213 294 1 228 423
337 259 415 1 276 541
338 672 465 1 679 573
339 260 762 1 286 886
340 466 853 1 495 969
341 220 327 1 236 455
342 447 846 1 476 963
343 336 830 1 364 952
344 198 247 1 212 378
345 113 78 1 126 216
346 327 723 1 352 845
347 246 699 1 270 822
348 309 398 1 325 522
349 297 796 1 325 919
350 292 1043 1 326 1166
351 332 941 1 364 1062
352 209 320 1 225 448
353 217 114 1 227 248
354 222 159 1 234 291
355 199 719 1 220 844
356 429 691 1 453 810
357 251 748 1 277 871
358 379 681 1 403 802
359 359 848 1 387 967
360 353 180 1 362 308
361 370 1104 1 405 1229
362 329 753 1 354 874
363 348 887 1 377 1009
364 467 976 1 496 1092
365 382 664 1 405 784
366 354 771 1 381 892
367 272 111 1 282 244
368 147 72 1 159 211
369 270 726 1 295 849
370 178 627 1 202 752
371 695 455 1 703 560
372 229 890 1 258 1016
373 338 821 1 366 943
374 416 837 1 444 957
375 253 403 1 271 529
376 291 514 1 310 637
377 257 518 1 277 642
378 278 900 1 307 1021
379 406 531 1 425 651
380 478 64 1 482 193
381 308 543 1 328 666
382 266 700 1 290 822
383 287 746 1 312 869
384 113 93 1 126 232
385 290 552 1 311 675
386 431 840 1 460 958
387 232 163 1 243 294
388 340 1008 1 374 1131
389 337 439 1 355 562
390 193 215 1 207 347
391 218 96 1 229 230
392 680 429 1 685 537
393 151 448 1 170 576
394 261 242 1 273 371
395 208 190 1 220 322
396 295 851 1 323 974
397 387 766 1 414 885
398 455 786 1 482 902
399 287 146 1 297 277
400 371 1000 1 403 1121
401 677 535 1 687 640
402 320 864 1 350 986
403 290 713 1 315 836
404 279 229 1 291 357
405 378 155 1 387 283
406 286 1031 1 319 1154
407 296 780 1 323 903
408 386 755 1 412 871
409 275 533 1 296 657
410 352 796 1 379 916
