0 276 574 1 262 719
1 266 829 1 258 975
2 235 591 1 224 736
3 221 854 1 212 1002
4 234 638 1 221 784
5 237 562 1 224 709
6 265 934 1 257 1083
7 278 505 1 264 650
8 263 961 1 256 1110
9 225 458 1 210 604
10 214 946 1 207 1095
11 267 814 1 258 960
12 245 435 1 231 581
13 242 495 1 228 641
14 220 521 1 206 668
15 276 518 1 263 663
16 242 519 1 228 665
17 266 853 1 258 999
18 274 589 1 262 734
19 267 841 1 258 987
20 278 494 1 264 639
21 273 637 1 261 781
22 220 737 1 210 882
23 263 949 1 256 1097
24 233 669 1 221 815
25 221 497 1 208 643
26 275 558 1 262 705
27 209 936 1 201 1085
28 227 436 1 212 582
29 280 431 1 265 577
30 278 479 1 263 624
31 227 757 1 217 903
32 484 907 1 477 1032
33 222 481 1 209 628
34 217 548 1 204 693
35 271 669 1 260 814
36 130 46 1 113 204
37 268 802 1 258 949
38 204 733 1 193 881
39 231 383 1 215 531
40 276 544 1 262 690
41 199 792 1 189 939
42 206 701 1 194 847
43 214 892 1 205 1040
44 211 620 1 199 766
45 266 890 1 258 1038
46 216 575 1 203 721
47 348 563 1 334 707
48 191 892 1 183 1041
49 249 763 1 239 910
50 529 1019 1 526 1161
51 165 424 1 150 572
52 231 618 1 218 764
53 269 756 1 259 902
54 218 564 1 205 710
55 263 1004 1 257 1154
56 228 400 1 213 546
57 114 52 1 99 209
58 273 618 1 261 763
59 223 701 1 212 847
60 620 903 1 613 1038
61 232 732 1 221 877
62 358 562 1 344 705
63 234 346 1 217 495
64 224 420 1 209 568
65 128 651 1 116 799
66 194 856 1 185 1004
67 213 593 1 201 739
68 271 695 1 259 839
69 192 766 1 181 913
70 248 377 1 232 524
71 273 715 1 260 860
72 231 364 1 216 512
73 381 721 1 371 865
74 296 262 1 278 409
75 208 672 1 196 817
76 273 781 1 263 928
77 226 590 1 214 736
78 181 308 1 166 458
79 391 318 1 376 450
80 240 742 1 229 888
81 280 528 1 267 673
82 265 923 1 257 1071
83 213 829 1 204 976
84 202 757 1 192 903
85 121 78 1 105 235
86 268 1060 1 263 1211
87 186 966 1 179 1115
88 131 62 1 115 219
89 434 661 1 423 804
90 210 641 1 200 786
91 174 425 1 160 573
92 455 655 1 445 796
93 101 68 1 85 226
94 486 917 1 480 1037
95 318 1026 1 312 1175
96 493 778 1 485 917
97 276 381 1 260 528
98 211 854 1 202 1002
99 267 791 1 258 937
100 208 920 1 200 1070
101 279 175 1 261 326
102 191 304 1 176 452
103 285 414 1 269 560
104 341 692 1 330 836
105 80 1200 1 73 1361
106 347 633 1 334 776
107 264 902 1 256 1050
108 346 969 1 340 1116
109 423 814 1 415 958
110 225 577 1 214 724
111 131 71 1 115 229
112 466 656 1 455 798
113 375 560 1 362 703
114 116 713 1 104 861
115 252 263 1 236 413
116 247 395 1 231 542
117 348 767 1 339 909
118 290 1070 1 286 1220
119 350 642 1 338 786
120 224 639 1 211 784
121 271 685 1 261 830
122 453 684 1 443 825
123 442 888 1 436 1032
124 122 62 1 106 219
125 206 962 1 197 1112
126 280 79 1 260 234
127 390 492 1 376 636
128 254 359 1 239 507
129 223 654 1 211 799
130 439 768 1 431 911
131 589 1246 1 593 1395
132 160 190 1 142 343
133 441 523 1 427 665
134 221 668 1 210 814
135 342 959 1 336 1106
136 413 689 1 402 831
137 251 195 1 234 346
138 449 926 1 444 1050
139 235 187 1 218 338
140 282 395 1 266 541
141 452 770 1 443 911
142 330 1067 1 327 1217
143 267 208 1 249 359
144 281 222 1 262 371
145 413 771 1 405 912
146 307 1003 1 301 1150
147 301 342 1 285 490
148 234 334 1 219 482
149 318 985 1 313 1132
150 214 425 1 200 572
151 264 983 1 257 1132
152 429 868 1 423 1013
153 411 775 1 402 918
154 451 760 1 442 901
155 376 516 1 362 660
156 173 414 1 159 561
157 509 635 1 496 774
158 406 175 1 386 323
159 273 741 1 262 885
160 387 637 1 375 780
161 441 565 1 428 707
162 211 194 1 195 345
163 399 847 1 392 991
164 352 801 1 344 946
165 236 311 1 220 459
166 431 393 1 413 518
167 381 979 1 377 1126
168 277 131 1 258 284
169 216 756 1 206 902
170 348 983 1 343 1130
171 203 219 1 186 370
172 315 1015 1 311 1163
173 278 1026 1 272 1177
174 317 1000 1 312 1148
175 322 753 1 312 897
176 395 160 1 374 308
177 214 290 1 198 439
178 238 229 1 221 379
179 375 870 1 368 1014
180 470 297 1 450 439
181 251 250 1 234 400
182 345 755 1 335 899
183 327 1042 1 322 1191
184 107 78 1 90 235
185 303 810 1 295 955
186 228 172 1 210 324
187 431 327 1 414 457
188 277 191 1 260 341
189 386 833 1 379 976
190 316 152 1 298 303
191 392 431 1 376 575
192 335 563 1 323 707
193 308 255 1 290 402
194 247 73 1 228 229
195 415 761 1 406 902
196 540 1015 1 537 1158
197 302 761 1 294 906
198 426 314 1 406 446
199 548 946 1 543 1076
200 304 333 1 287 479
201 505 1033 1 502 1170
202 206 247 1 190 396
203 477 760 1 468 900
204 348 917 1 342 1062
205 393 530 1 380 673
206 359 896 1 352 1041
207 213 152 1 196 305
208 282 1092 1 278 1243
209 374 883 1 368 1028
210 396 636 1 387 778
211 233 105 1 215 259
212 442 859 1 436 1002
213 285 1080 1 282 1232
214 78 63 1 61 221
215 553 630 1 540 765
216 461 714 1 450 853
217 218 238 1 201 388
218 409 659 1 398 802
219 502 834 1 496 974
220 224 264 1 208 414
221 598 108 1 570 256
222 392 171 1 371 320
223 267 127 1 248 280
224 343 717 1 333 860
225 453 97 1 430 248
226 308 458 1 293 603
227 456 245 1 434 391
228 337 116 1 317 268
229 314 184 1 295 335
230 260 742 1 250 887
231 467 255 1 446 400
232 249 714 1 239 860
233 454 817 1 446 960
234 408 634 1 398 776
235 317 778 1 308 923
236 224 93 1 205 249
237 334 927 1 328 1073
238 327 1003 1 322 1151
239 426 890 1 420 1033
240 207 542 1 195 687
241 297 1101 1 293 1252
242 275 1076 1 271 1228
243 362 953 1 356 1099
244 467 782 1 459 924
245 500 742 1 490 882
246 245 183 1 228 335
247 411 747 1 401 890
248 368 660 1 357 804
249 284 231 1 266 381
250 322 740 1 312 885
251 455 673 1 445 815
252 279 316 1 263 463
253 295 207 1 275 357
254 347 202 1 328 351
255 509 607 1 496 741
256 318 136 1 298 287
257 329 141 1 309 293
258 269 271 1 252 420
259 250 736 1 239 881
260 424 772 1 416 913
261 333 734 1 323 878
262 305 779 1 297 925
263 284 207 1 266 356
264 220 935 1 211 1084
265 281 681 1 270 825
266 346 582 1 333 726
267 324 80 1 304 235
268 238 277 1 222 426
269 222 142 1 205 295
270 374 964 1 369 1110
271 447 643 1 434 784
272 413 814 1 405 957
273 333 84 1 313 238
274 281 92 1 263 246
275 400 769 1 392 910
276 479 865 1 473 1007
277 245 149 1 228 302
278 541 617 1 528 752
279 357 376 1 341 521
280 190 230 1 174 382
281 233 160 1 216 312
282 344 466 1 329 610
283 227 216 1 210 366
284 383 158 1 363 308
285 261 191 1 244 341
286 363 578 1 350 721
287 227 206 1 210 357
288 364 884 1 357 1028
289 285 330 1 268 477
290 306 133 1 287 285
291 365 943 1 359 1088
292 300 830 1 291 976
293 268 71 1 249 226
294 348 819 1 339 964
295 504 702 1 492 838
296 544 537 1 529 675
297 399 878 1 392 1022
298 326 161 1 307 311
299 367 631 1 355 774
300 441 532 1 427 675
301 365 907 1 359 1052
302 468 746 1 458 886
303 204 99 1 186 254
304 235 144 1 218 297
305 306 1076 1 303 1226
306 446 850 1 439 992
307 319 864 1 311 1008
308 333 1054 1 329 1203
309 256 211 1 239 361
310 370 723 1 360 866
311 532 696 1 521 834
312 249 235 1 231 385
313 313 696 1 302 840
314 335 900 1 328 1046
315 288 718 1 278 863
316 346 496 1 332 640
317 387 881 1 380 1026
318 454 256 1 433 402
319 393 516 1 379 659
320 302 978 1 297 1126
321 382 531 1 369 674
322 341 667 1 329 811
323 379 586 1 365 730
324 277 109 1 258 264
325 289 1020 1 283 1169
326 457 748 1 448 890
327 349 902 1 342 1048
328 283 844 1 275 990
329 235 91 1 217 246
330 257 95 1 238 249
331 238 219 1 221 370
332 324 680 1 313 824
333 479 802 1 471 943
334 274 145 1 256 297
335 351 686 1 340 830
336 317 124 1 297 277
337 357 715 1 347 858
338 287 185 1 269 335
339 221 279 1 205 429
340 217 179 1 200 330
341 259 221 1 242 371
342 348 166 1 329 316
343 331 869 1 324 1014
344 311 789 1 302 934
345 248 895 1 240 1043
346 439 878 1 432 1022
347 224 335 1 208 483
348 319 541 1 306 685
349 209 165 1 193 317
350 265 311 1 248 458
351 313 802 1 304 947
352 430 565 1 416 708
353 292 395 1 277 541
354 330 151 1 310 302
355 296 743 1 286 888
356 307 1035 1 302 1184
357 252 307 1 235 455
358 485 828 1 477 968
359 373 812 1 364 956
360 142 58 1 125 215
361 432 833 1 425 977
362 350 455 1 334 599
363 342 377 1 326 522
364 284 151 1 266 303
365 335 778 1 326 922
366 331 1024 1 326 1173
367 358 919 1 352 1064
368 240 301 1 224 449
369 245 92 1 227 247
370 252 138 1 234 290
371 234 700 1 223 845
372 465 671 1 454 812
373 287 729 1 277 874
374 304 222 1 286 371
375 379 944 1 373 1090
376 337 813 1 329 958
377 409 1085 1 406 1235
378 306 960 1 300 1107
379 385 869 1 378 1013
380 418 643 1 406 786
381 391 752 1 381 895
382 315 767 1 305 911
383 176 52 1 158 210
384 202 767 1 192 913
385 442 905 1 436 1049
386 323 909 1 317 1055
387 306 708 1 295 852
388 213 609 1 201 754
389 267 872 1 258 1019
390 247 775 1 237 921
391 235 251 1 218 401
392 375 802 1 366 946
393 287 383 1 271 529
394 325 495 1 310 639
395 291 498 1 277 643
396 337 803 1 329 949
397 377 764 1 368 907
398 441 510 1 426 653
399 510 38 1 484 191
400 343 523 1 329 667
401 301 681 1 290 825
402 281 1050 1 277 1200
403 141 75 1 125 231
404 325 531 1 311 676
405 469 820 1 461 962
406 261 142 1 243 294
407 378 208 1 358 356
408 371 418 1 355 563
409 290 221 1 273 370
410 564 1236 1 567 1386
411 491 629 1 476 763
412 224 195 1 207 347
413 322 728 1 313 871
414 185 429 1 170 576
415 418 911 1 413 1056
416 463 1122 1 463 1271
417 238 169 1 220 321
418 333 832 1 324 978
419 424 746 1 415 888
420 311 753 1 302 897
421 493 767 1 484 907
422 239 289 1 223 438
423 356 190 1 337 338
424 409 981 1 404 1127
425 368 693 1 357 835
426 326 694 1 315 838
427 310 207 1 291 357
428 409 132 1 387 282
429 325 1013 1 320 1160
430 333 762 1 323 906
431 264 169 1 246 322
432 423 738 1 414 877
433 309 514 1 296 659
434 389 776 1 380 919
