0 241 581 1 263 720
1 233 839 1 259 979
2 200 599 1 225 738
3 203 570 1 225 710
4 199 646 1 222 786
5 240 567 1 263 706
6 232 946 1 258 1088
7 243 511 1 265 651
8 230 973 1 257 1116
9 187 865 1 213 1006
10 189 464 1 211 605
11 181 958 1 207 1101
12 234 824 1 259 965
13 192 768 1 217 907
14 206 502 1 228 642
15 186 746 1 210 886
16 184 528 1 207 669
17 242 525 1 264 665
18 207 526 1 229 666
19 233 863 1 259 1004
20 240 596 1 262 736
21 204 554 1 227 694
22 233 851 1 259 991
23 243 500 1 265 640
24 238 645 1 261 783
25 230 961 1 257 1103
26 244 460 1 265 601
27 198 677 1 221 817
28 186 504 1 208 644
29 393 989 1 422 1119
30 175 948 1 202 1091
31 237 667 1 261 806
32 191 442 1 213 583
33 245 437 1 266 578
34 181 554 1 205 695
35 242 485 1 264 625
36 186 488 1 209 629
37 237 678 1 261 817
38 91 48 1 112 202
39 234 812 1 259 953
40 169 742 1 193 885
41 195 389 1 216 531
42 242 551 1 263 691
43 164 802 1 189 943
44 171 710 1 195 850
45 176 628 1 200 768
46 233 901 1 258 1043
47 180 582 1 204 723
48 314 570 1 336 709
49 58 55 1 80 209
50 157 904 1 183 1046
51 215 773 1 240 913
52 129 430 1 150 573
53 196 626 1 219 766
54 178 904 1 205 1045
55 235 766 1 259 906
56 183 572 1 206 712
57 230 1017 1 258 1160
58 144 312 1 166 457
59 192 405 1 214 547
60 75 54 1 98 208
61 239 626 1 262 765
62 188 710 1 213 850
63 157 776 1 182 917
64 197 741 1 222 881
65 324 569 1 346 706
66 198 351 1 218 494
67 188 426 1 209 568
68 72 69 1 94 223
69 94 658 1 117 800
70 160 867 1 185 1009
71 178 601 1 202 741
72 236 704 1 260 842
73 422 663 1 447 799
74 212 383 1 233 525
75 195 370 1 216 512
76 432 715 1 457 848
77 258 268 1 277 411
78 173 681 1 197 820
79 239 791 1 264 932
80 191 598 1 215 738
81 237 725 1 261 863
82 206 752 1 230 891
83 245 535 1 268 674
84 232 934 1 258 1076
85 167 767 1 192 907
86 82 81 1 104 234
87 236 1075 1 264 1220
88 153 979 1 179 1121
89 510 1036 1 542 1171
90 92 64 1 114 217
91 402 669 1 425 807
92 175 649 1 200 788
93 138 431 1 160 573
94 62 71 1 84 224
95 690 622 1 709 749
96 182 765 1 207 905
97 285 1042 1 314 1185
98 462 789 1 488 924
99 241 386 1 261 528
100 177 865 1 202 1006
101 203 429 1 225 570
102 234 801 1 259 941
103 690 598 1 708 725
104 174 932 1 200 1075
105 243 179 1 261 325
106 155 309 1 176 452
107 250 419 1 270 560
108 308 701 1 332 838
109 46 1218 1 72 1370
110 312 640 1 335 779
111 230 914 1 257 1056
112 314 983 1 342 1124
113 391 823 1 418 962
114 191 585 1 214 725
115 92 74 1 114 227
116 433 664 1 457 800
117 341 566 1 364 705
118 81 721 1 105 862
119 216 268 1 236 413
120 211 401 1 232 542
121 314 780 1 340 917
122 258 1086 1 286 1230
123 316 650 1 339 788
124 179 840 1 204 981
125 237 693 1 262 833
126 421 691 1 445 828
127 188 647 1 212 787
128 411 899 1 439 1038
129 83 64 1 105 217
130 243 82 1 260 232
131 356 498 1 377 637
132 86 30 1 107 185
133 219 365 1 240 507
134 188 662 1 212 802
135 79 43 1 101 197
136 407 529 1 429 666
137 187 677 1 211 817
138 310 973 1 338 1114
139 172 975 1 197 1118
140 274 1018 1 302 1160
141 380 697 1 404 834
142 214 199 1 234 346
143 198 191 1 218 338
144 246 400 1 267 541
145 299 1081 1 328 1226
146 231 213 1 249 358
147 470 951 1 500 1089
148 266 348 1 286 490
149 198 339 1 219 482
150 286 1000 1 314 1141
151 179 431 1 200 572
152 231 995 1 258 1138
153 243 225 1 262 370
154 397 879 1 425 1018
155 693 657 1 712 783
156 342 522 1 364 661
157 137 420 1 159 562
158 428 730 1 453 863
159 371 178 1 387 323
160 239 750 1 263 889
161 690 511 1 706 640
162 353 644 1 376 782
163 174 198 1 195 345
164 367 858 1 394 997
165 319 811 1 345 951
166 199 316 1 220 459
167 224 704 1 248 843
168 679 329 1 690 464
169 316 998 1 344 1139
170 165 223 1 186 369
171 283 1031 1 312 1173
172 246 1040 1 273 1185
173 684 341 1 695 475
174 285 1015 1 313 1157
175 288 762 1 313 901
176 359 163 1 375 307
177 177 295 1 198 439
178 201 234 1 221 379
179 343 881 1 370 1020
180 214 255 1 234 400
181 311 764 1 337 903
182 295 1058 1 324 1201
183 67 80 1 89 233
184 270 820 1 296 959
185 191 175 1 210 322
186 343 894 1 370 1034
187 241 196 1 260 340
188 345 773 1 370 911
189 354 843 1 381 981
190 691 551 1 707 679
191 280 155 1 298 302
192 688 480 1 703 610
193 230 130 1 248 278
194 300 570 1 324 709
195 270 261 1 290 404
196 269 770 1 295 910
197 268 338 1 287 479
198 476 1075 1 506 1214
199 372 440 1 393 565
200 241 135 1 259 282
201 168 251 1 189 396
202 445 772 1 471 907
203 316 930 1 343 1070
204 359 536 1 382 674
205 193 558 1 216 698
206 326 909 1 354 1048
207 176 156 1 196 304
208 251 1107 1 279 1252
209 196 108 1 215 257
210 410 870 1 438 1008
211 254 1095 1 283 1241
212 38 65 1 61 219
213 443 348 1 460 484
214 524 645 1 546 777
215 181 243 1 201 388
216 376 667 1 400 804
217 676 479 1 692 609
218 356 894 1 381 1032
219 472 846 1 500 983
220 187 269 1 208 414
221 567 110 1 577 254
222 356 175 1 373 319
223 481 26 1 492 176
224 310 726 1 335 865
225 418 99 1 432 246
226 273 464 1 294 604
227 421 250 1 436 392
228 301 119 1 318 267
229 278 188 1 296 334
230 692 292 1 702 428
231 225 752 1 251 891
232 433 259 1 448 401
233 215 723 1 240 863
234 376 747 1 401 882
235 422 827 1 448 965
236 284 788 1 309 927
237 186 96 1 205 247
238 302 940 1 330 1081
239 295 1018 1 323 1160
240 395 900 1 423 1039
241 172 548 1 195 689
242 266 1118 1 294 1263
243 436 730 1 461 863
244 243 1091 1 272 1236
245 330 967 1 358 1107
246 436 791 1 462 929
247 468 753 1 493 888
248 208 187 1 228 334
249 378 755 1 403 893
250 334 668 1 358 806
251 248 236 1 267 381
252 289 750 1 314 888
253 422 681 1 447 818
254 243 321 1 264 464
255 258 211 1 276 357
256 310 206 1 329 351
257 282 139 1 299 286
258 292 145 1 310 291
259 233 145 1 252 292
260 232 276 1 252 420
261 215 745 1 240 885
262 673 562 1 691 691
263 300 743 1 325 882
264 272 789 1 298 929
265 248 211 1 266 356
266 185 947 1 211 1090
267 247 690 1 271 829
268 367 780 1 394 917
269 311 589 1 335 728
270 287 83 1 305 233
271 201 282 1 222 426
272 185 146 1 205 294
273 337 731 1 361 869
274 422 745 1 448 879
275 343 976 1 371 1117
276 381 823 1 407 962
277 313 169 1 330 315
278 297 87 1 314 236
279 245 95 1 263 244
280 448 876 1 476 1014
281 208 153 1 228 301
282 354 854 1 381 993
283 676 477 1 691 607
284 210 76 1 228 227
285 383 648 1 408 787
286 152 235 1 173 382
287 196 163 1 216 310
288 346 908 1 373 1048
289 309 472 1 330 611
290 190 220 1 210 366
291 347 161 1 364 307
292 224 195 1 244 341
293 303 912 1 330 1052
294 328 585 1 351 723
295 190 210 1 209 356
296 331 896 1 358 1035
297 248 335 1 269 477
298 270 136 1 288 284
299 333 956 1 361 1096
300 267 840 1 292 980
301 672 186 1 680 326
302 315 829 1 340 969
303 471 716 1 496 850
304 512 547 1 533 681
305 323 381 1 343 521
306 476 1016 1 505 1148
307 367 888 1 394 1028
308 290 164 1 308 310
309 333 638 1 357 776
310 407 538 1 429 675
311 333 919 1 361 1059
312 436 756 1 461 893
313 167 102 1 187 252
314 198 147 1 218 296
315 275 1092 1 304 1236
316 414 860 1 441 998
317 286 875 1 312 1015
318 302 1069 1 330 1212
319 219 215 1 239 360
320 501 708 1 525 842
321 212 240 1 231 385
322 279 705 1 303 843
323 493 1078 1 524 1216
324 254 727 1 279 866
325 311 502 1 333 641
326 283 979 1 311 1120
327 419 261 1 435 403
328 359 522 1 381 660
329 349 1050 1 378 1193
330 270 993 1 298 1135
331 263 1044 1 291 1187
332 348 537 1 370 676
333 307 675 1 331 813
334 345 593 1 367 731
335 241 113 1 258 262
336 257 1034 1 284 1177
337 425 757 1 450 894
338 316 915 1 344 1055
339 250 854 1 276 994
340 198 94 1 217 244
341 371 829 1 397 968
342 220 98 1 238 247
343 469 770 1 495 906
344 201 224 1 221 370
345 290 689 1 314 827
346 447 812 1 473 948
347 691 461 1 705 591
348 317 694 1 341 832
349 281 127 1 298 275
350 324 724 1 349 862
351 251 189 1 270 335
352 184 284 1 205 429
353 258 677 1 282 816
354 180 182 1 200 329
355 222 225 1 242 371
356 554 993 1 584 1125
357 298 881 1 325 1021
358 277 799 1 303 938
359 214 906 1 240 1048
360 407 889 1 434 1028
361 188 340 1 209 483
362 285 548 1 307 687
363 172 168 1 192 316
364 228 316 1 249 458
365 279 812 1 305 952
366 346 1040 1 375 1183
367 304 512 1 325 650
368 257 400 1 277 542
369 293 154 1 311 300
370 262 753 1 287 892
371 274 1050 1 303 1194
372 215 312 1 236 456
373 453 840 1 481 976
374 340 822 1 366 961
375 103 60 1 124 213
376 233 222 1 252 367
377 400 843 1 427 981
378 315 461 1 336 600
379 307 382 1 327 522
380 391 911 1 419 1050
381 247 155 1 266 302
382 301 787 1 327 926
383 299 1040 1 327 1182
384 326 932 1 354 1072
385 204 306 1 224 449
386 209 95 1 227 245
387 215 141 1 234 289
388 199 709 1 224 848
389 253 738 1 278 877
390 350 993 1 379 1134
391 268 226 1 287 371
392 347 955 1 375 1096
393 489 714 1 512 847
394 304 823 1 330 962
395 379 1099 1 409 1244
396 284 969 1 312 1110
397 274 975 1 301 1116
398 353 880 1 380 1019
399 358 760 1 383 898
400 281 777 1 306 915
401 137 55 1 157 208
402 167 777 1 192 917
403 411 917 1 438 1056
404 291 922 1 318 1062
405 272 716 1 296 855
406 460 715 1 484 849
407 692 815 1 716 941
408 471 1047 1 502 1178
409 233 883 1 259 1024
410 212 785 1 237 925
411 198 256 1 218 400
412 342 812 1 368 952
413 682 536 1 698 665
414 252 388 1 272 529
415 290 501 1 311 640
416 256 505 1 278 644
417 304 813 1 331 952
418 407 517 1 428 654
419 308 530 1 330 668
420 267 689 1 291 828
421 250 1066 1 278 1210
422 102 77 1 124 229
423 290 538 1 312 677
424 438 829 1 464 967
425 282 894 1 310 1034
426 224 145 1 243 292
427 342 212 1 359 355
428 393 784 1 418 920
429 337 424 1 357 563
430 247 670 1 271 809
431 254 225 1 274 370
432 248 249 1 267 393
433 459 647 1 481 778
434 187 199 1 207 346
435 347 762 1 372 900
436 288 736 1 314 875
437 148 435 1 171 577
438 387 923 1 415 1063
439 434 1137 1 466 1282
440 201 173 1 220 320
441 300 844 1 325 983
442 392 754 1 417 892
443 278 763 1 303 902
444 461 778 1 487 914
445 202 294 1 223 438
446 319 194 1 337 339
447 426 927 1 454 1066
448 335 700 1 359 838
449 292 703 1 316 842
450 420 782 1 446 918
451 273 212 1 292 356
452 373 135 1 389 281
453 293 1027 1 321 1170
454 299 771 1 324 910
455 227 173 1 246 321
456 275 520 1 297 660
