0 269 681 1 222 787
1 271 605 1 225 711
2 310 614 1 263 721
3 303 875 1 259 981
4 253 562 1 207 669
5 275 536 1 229 642
6 302 982 1 258 1091
7 258 901 1 213 1009
8 311 545 1 265 651
9 301 1009 1 257 1119
10 272 631 1 225 738
11 251 994 1 207 1104
12 257 498 1 211 605
13 304 859 1 259 967
14 275 560 1 229 667
15 255 537 1 209 644
16 301 997 1 257 1106
17 304 885 1 259 994
18 310 558 1 264 665
19 246 984 1 201 1094
20 309 601 1 263 707
21 303 899 1 259 1006
22 309 630 1 263 736
23 273 588 1 227 695
24 312 533 1 265 640
25 312 494 1 266 601
26 259 475 1 213 583
27 262 801 1 217 909
28 304 849 1 260 956
29 307 701 1 261 807
30 255 780 1 210 887
31 138 108 1 93 221
32 268 712 1 221 819
33 313 471 1 266 578
34 311 519 1 265 625
35 246 691 1 200 797
36 238 780 1 193 886
37 306 802 1 260 908
38 250 588 1 205 695
39 306 712 1 261 818
40 156 86 1 111 200
41 310 585 1 263 692
42 249 615 1 204 724
43 245 662 1 200 769
44 304 937 1 259 1046
45 240 745 1 195 852
46 383 603 1 336 709
47 124 94 1 79 207
48 228 940 1 183 1048
49 285 808 1 240 915
50 234 837 1 189 945
51 263 423 1 216 531
52 266 660 1 219 767
53 251 939 1 205 1048
54 196 465 1 150 572
55 163 692 1 117 800
56 259 745 1 213 851
57 303 1053 1 258 1164
58 260 439 1 214 546
59 140 92 1 97 206
60 308 659 1 262 766
61 490 1102 1 448 1206
62 460 760 1 415 864
63 497 1092 1 454 1197
64 265 385 1 218 494
65 223 1014 1 179 1125
66 572 754 1 526 858
67 245 969 1 200 1078
68 494 695 1 448 800
69 227 810 1 182 919
70 256 461 1 210 568
71 226 970 1 181 1080
72 280 416 1 233 524
73 212 349 1 166 457
74 308 759 1 261 865
75 262 404 1 216 512
76 230 903 1 185 1011
77 242 715 1 197 821
78 309 826 1 264 934
79 260 632 1 215 739
80 138 913 1 92 1023
81 392 602 1 346 707
82 260 604 1 215 711
83 276 786 1 230 893
84 314 568 1 268 675
85 302 970 1 258 1079
86 237 802 1 192 909
87 534 824 1 490 928
88 306 737 1 260 844
89 259 619 1 214 726
90 147 119 1 103 232
91 307 1113 1 264 1224
92 323 302 1 276 411
93 157 102 1 113 216
94 248 635 1 202 742
95 472 702 1 426 808
96 250 606 1 205 713
97 347 1058 1 302 1166
98 206 466 1 160 573
99 308 420 1 261 527
100 247 900 1 202 1009
101 388 1124 1 347 1234
102 304 836 1 259 943
103 308 213 1 261 324
104 222 343 1 176 451
105 312 460 1 265 567
106 382 674 1 336 779
107 385 815 1 341 921
108 386 1021 1 343 1129
109 462 858 1 419 964
110 157 112 1 113 226
111 356 1081 1 314 1190
112 410 600 1 364 705
113 282 302 1 236 412
114 386 683 1 340 789
115 144 81 1 100 195
116 249 875 1 204 983
117 307 728 1 262 834
118 252 800 1 207 907
119 257 681 1 212 788
120 266 373 1 219 481
121 483 935 1 440 1042
122 151 754 1 105 862
123 148 103 1 103 215
124 492 725 1 446 830
125 150 69 1 106 183
126 286 398 1 240 506
127 257 696 1 212 803
128 306 118 1 260 230
129 477 561 1 430 667
130 256 711 1 211 818
131 387 974 1 344 1081
132 451 730 1 405 835
133 280 234 1 234 345
134 263 226 1 217 336
135 314 434 1 267 541
136 370 1120 1 329 1231
137 296 247 1 249 357
138 369 1097 1 324 1206
139 543 989 1 501 1094
140 301 950 1 257 1058
141 220 1049 1 176 1160
142 381 1011 1 338 1119
143 387 1036 1 345 1144
144 418 955 1 375 1061
145 267 268 1 221 378
146 357 1038 1 314 1147
147 247 465 1 200 572
148 302 1032 1 258 1142
149 469 914 1 426 1021
150 118 1255 1 71 1375
151 411 555 1 365 661
152 416 931 1 371 1037
153 244 329 1 198 438
154 462 791 1 418 894
155 357 797 1 312 904
156 205 454 1 159 562
157 635 135 1 581 251
158 436 210 1 388 321
159 309 785 1 263 891
160 423 677 1 377 783
161 240 233 1 194 343
162 609 667 1 562 769
163 439 894 1 395 1000
164 353 1069 1 312 1179
165 426 531 1 378 637
166 294 739 1 248 845
167 351 969 1 308 1077
168 305 169 1 259 281
169 266 350 1 220 459
170 231 258 1 185 368
171 527 684 1 483 787
172 423 195 1 376 306
173 332 123 1 286 236
174 377 203 1 330 314
175 280 290 1 234 399
176 398 946 1 354 1052
177 133 119 1 88 231
178 341 854 1 296 961
179 256 210 1 210 321
180 248 277 1 201 387
181 306 230 1 260 339
182 317 1080 1 273 1190
183 415 808 1 371 914
184 425 878 1 382 984
185 345 189 1 298 301
186 289 229 1 243 339
187 279 435 1 232 542
188 256 984 1 211 1093
189 335 294 1 289 404
190 429 554 1 381 660
191 335 371 1 287 479
192 343 824 1 298 931
193 550 1121 1 509 1225
194 429 569 1 382 675
195 234 286 1 189 395
196 408 244 1 360 354
197 580 217 1 528 329
198 517 807 1 473 911
199 447 787 1 404 894
200 494 715 1 448 819
201 664 1037 1 620 1138
202 541 64 1 489 181
203 262 592 1 216 698
204 241 191 1 196 302
205 321 1145 1 279 1258
206 261 143 1 214 255
207 482 905 1 439 1011
208 569 775 1 524 878
209 294 164 1 248 277
210 414 920 1 370 1023
211 446 700 1 401 805
212 341 1032 1 298 1140
213 417 570 1 371 676
214 427 929 1 382 1036
215 421 207 1 373 318
216 545 55 1 494 172
217 341 497 1 295 604
218 488 281 1 437 391
219 365 152 1 318 265
220 343 221 1 296 333
221 295 786 1 251 892
222 107 105 1 60 217
223 499 291 1 449 401
224 285 758 1 240 864
225 493 862 1 449 967
226 354 823 1 310 929
227 164 80 1 120 194
228 250 132 1 205 245
229 332 382 1 286 490
230 366 1056 1 324 1166
231 466 936 1 424 1043
232 241 582 1 195 689
233 314 1130 1 272 1241
234 353 1048 1 309 1156
235 507 825 1 463 931
236 256 54 1 209 170
237 541 788 1 495 892
238 274 222 1 228 333
239 404 702 1 359 807
240 351 810 1 307 917
241 253 296 1 208 406
242 310 355 1 264 463
243 406 936 1 363 1042
244 374 978 1 330 1085
245 347 173 1 299 285
246 357 178 1 310 290
247 342 126 1 296 240
248 298 179 1 252 291
249 298 310 1 252 419
250 285 780 1 240 887
251 511 382 1 462 488
252 313 245 1 266 355
253 340 805 1 295 912
254 352 117 1 305 231
255 360 1095 1 318 1205
256 438 817 1 395 921
257 250 181 1 204 292
258 495 783 1 449 885
259 414 1013 1 372 1120
260 452 857 1 408 964
261 361 120 1 314 234
262 520 912 1 477 1017
263 273 188 1 228 300
264 426 890 1 382 996
265 269 248 1 223 358
266 274 112 1 228 226
267 336 170 1 289 282
268 395 1020 1 352 1127
269 218 270 1 173 381
270 261 198 1 216 309
271 417 944 1 374 1051
272 378 505 1 331 611
273 255 255 1 210 365
274 412 193 1 364 305
275 375 949 1 330 1056
276 321 260 1 274 370
277 397 618 1 352 724
278 255 245 1 209 355
279 333 260 1 286 370
280 316 368 1 269 476
281 337 875 1 293 982
282 323 245 1 276 356
283 247 681 1 200 789
284 537 754 1 490 856
285 391 414 1 343 521
286 302 148 1 258 261
287 439 924 1 395 1031
288 355 198 1 308 309
289 479 1093 1 437 1196
290 476 570 1 430 676
291 221 56 1 175 171
292 507 792 1 462 896
293 232 139 1 186 251
294 263 182 1 217 294
295 346 1131 1 304 1242
296 388 951 1 344 1059
297 357 911 1 313 1019
298 372 1108 1 331 1218
299 285 249 1 239 359
300 326 490 1 280 596
301 277 274 1 231 384
302 380 765 1 335 868
303 348 739 1 303 845
304 568 1123 1 527 1227
305 324 762 1 279 868
306 350 952 1 307 1059
307 380 535 1 333 641
308 531 993 1 488 1098
309 354 1017 1 311 1125
310 486 292 1 436 402
311 420 1088 1 379 1198
312 334 1083 1 291 1192
313 414 626 1 368 732
314 320 1105 1 278 1215
315 345 160 1 298 272
316 328 1071 1 285 1181
317 274 388 1 228 496
318 399 592 1 353 697
319 262 130 1 217 242
320 442 863 1 398 970
321 310 130 1 263 242
322 284 133 1 238 246
323 542 806 1 497 910
324 267 259 1 221 369
325 359 722 1 314 829
326 519 846 1 475 951
327 386 728 1 342 833
328 316 223 1 270 333
329 245 217 1 199 328
330 288 260 1 242 370
331 369 918 1 326 1024
332 545 883 1 502 987
333 479 925 1 436 1031
334 255 374 1 209 482
335 397 1036 1 354 1144
336 237 204 1 192 315
337 295 350 1 248 458
338 345 1099 1 303 1209
339 452 599 1 405 712
340 417 1078 1 376 1187
341 372 545 1 326 651
342 325 433 1 278 541
343 358 188 1 311 299
344 333 787 1 288 894
345 345 1089 1 303 1199
346 480 964 1 438 1070
347 349 542 1 302 648
348 168 98 1 123 212
349 298 256 1 252 366
350 514 1190 1 474 1300
351 374 414 1 328 522
352 463 947 1 420 1053
353 268 329 1 222 438
354 313 188 1 266 300
355 372 821 1 328 928
356 370 1078 1 328 1188
357 273 131 1 227 243
358 280 176 1 234 288
359 342 841 1 297 948
360 270 743 1 224 850
361 323 772 1 278 879
362 422 1031 1 379 1139
363 270 198 1 224 309
364 419 991 1 376 1100
365 375 858 1 331 965
366 451 1138 1 410 1248
367 351 492 1 304 599
368 355 1007 1 313 1115
369 344 1012 1 301 1120
370 425 917 1 380 1023
371 429 794 1 384 900
372 201 92 1 157 206
373 237 812 1 192 919
374 483 952 1 440 1059
375 459 745 1 414 847
376 362 959 1 318 1066
377 342 751 1 297 857
378 332 222 1 285 333
379 531 752 1 486 854
380 304 919 1 259 1027
381 282 820 1 237 927
382 264 290 1 218 400
383 412 848 1 369 955
384 319 422 1 272 529
385 358 534 1 312 641
386 325 538 1 278 644
387 375 848 1 331 954
388 272 51 1 227 167
389 476 549 1 429 654
390 500 914 1 457 1019
391 168 114 1 123 227
392 327 1034 1 284 1144
393 401 777 1 357 884
394 509 865 1 465 970
395 331 750 1 286 856
396 354 931 1 310 1037
397 289 180 1 243 291
398 464 819 1 419 924
399 581 576 1 534 679
400 317 704 1 271 810
401 504 937 1 461 1042
402 314 282 1 267 393
403 252 234 1 206 345
404 418 797 1 373 902
405 427 812 1 383 917
406 216 470 1 171 577
407 459 959 1 416 1066
408 507 1178 1 467 1288
409 371 879 1 326 985
410 533 814 1 488 918
411 285 790 1 239 897
412 498 964 1 455 1070
413 405 734 1 359 840
414 339 244 1 292 355
415 363 1066 1 321 1175
416 295 1126 1 252 1238
417 376 727 1 331 833
418 292 208 1 246 319
419 343 554 1 297 660
420 393 496 1 346 602
