0 252 677 1 222 787
1 253 601 1 225 711
2 292 611 1 263 721
3 288 871 1 259 982
4 235 560 1 207 669
5 258 558 1 229 667
6 257 532 1 229 642
7 288 979 1 258 1092
8 242 898 1 213 1009
9 293 541 1 265 651
10 286 1006 1 257 1120
11 254 628 1 225 738
12 236 991 1 207 1104
13 239 496 1 211 605
14 288 856 1 259 967
15 241 473 1 213 583
16 287 994 1 257 1106
17 288 882 1 259 994
18 292 555 1 264 665
19 231 981 1 201 1094
20 292 598 1 263 707
21 288 896 1 259 1007
22 291 626 1 263 736
23 256 585 1 227 695
24 294 529 1 265 640
25 237 535 1 209 644
26 294 490 1 266 601
27 246 798 1 217 909
28 217 873 1 188 984
29 288 846 1 259 956
30 290 698 1 261 807
31 239 777 1 210 888
32 117 104 1 93 221
33 251 708 1 221 819
34 294 467 1 266 578
35 238 519 1 209 629
36 293 515 1 265 625
37 229 687 1 200 797
38 222 778 1 193 886
39 289 798 1 260 908
40 233 585 1 205 695
41 289 709 1 261 818
42 134 82 1 111 200
43 236 937 1 205 1048
44 293 581 1 263 692
45 232 612 1 204 724
46 104 91 1 79 207
47 228 659 1 200 769
48 288 934 1 259 1046
49 223 742 1 194 852
50 365 599 1 336 709
51 213 937 1 183 1049
52 269 805 1 240 915
53 218 835 1 189 945
54 244 419 1 216 530
55 248 657 1 219 767
56 147 690 1 117 800
57 177 462 1 150 572
58 514 847 1 486 956
59 242 742 1 213 851
60 288 1049 1 258 1164
61 241 436 1 214 546
62 119 89 1 96 205
63 291 656 1 262 766
64 476 1099 1 448 1208
65 444 756 1 415 865
66 483 1088 1 455 1199
67 246 382 1 218 494
68 208 1011 1 179 1125
69 556 749 1 526 859
70 230 966 1 200 1078
71 237 458 1 210 568
72 478 690 1 448 800
73 211 808 1 182 919
74 211 968 1 181 1080
75 261 413 1 233 524
76 193 346 1 166 456
77 292 755 1 261 865
78 244 400 1 216 512
79 215 900 1 185 1012
80 226 712 1 196 821
81 293 822 1 264 934
82 242 629 1 215 739
83 122 911 1 92 1023
84 375 598 1 346 707
85 243 601 1 215 711
86 259 783 1 230 893
87 297 565 1 268 675
88 287 967 1 258 1079
89 221 799 1 192 909
90 518 819 1 490 929
91 456 698 1 427 808
92 289 734 1 260 844
93 242 616 1 214 726
94 126 115 1 103 232
95 293 1110 1 264 1225
96 303 298 1 276 411
97 136 98 1 112 215
98 230 632 1 202 742
99 233 603 1 205 713
100 333 1054 1 302 1166
101 188 463 1 160 573
102 290 416 1 261 527
103 232 898 1 202 1009
104 375 1121 1 347 1235
105 288 832 1 259 943
106 288 209 1 261 324
107 203 340 1 176 451
108 293 456 1 265 567
109 135 753 1 105 862
110 364 670 1 336 780
111 369 812 1 341 921
112 371 1018 1 343 1130
113 407 464 1 378 575
114 447 854 1 419 964
115 136 108 1 113 225
116 342 1078 1 314 1191
117 393 595 1 364 705
118 262 299 1 236 412
119 368 679 1 340 789
120 124 77 1 99 194
121 233 872 1 204 983
122 290 724 1 262 834
123 236 798 1 207 908
124 240 678 1 212 788
125 247 369 1 219 481
126 468 931 1 440 1042
127 475 720 1 446 830
128 129 65 1 106 182
129 268 395 1 240 506
130 240 693 1 212 803
131 286 114 1 260 230
132 239 708 1 211 818
133 372 970 1 344 1081
134 434 726 1 405 835
135 260 230 1 233 344
136 243 222 1 217 336
137 295 430 1 267 541
138 356 1117 1 329 1232
139 355 1093 1 324 1207
140 529 984 1 502 1095
141 206 1047 1 175 1161
142 367 1007 1 338 1119
143 286 947 1 257 1059
144 372 1032 1 345 1145
145 403 951 1 375 1062
146 248 264 1 221 377
147 343 1035 1 314 1147
148 288 1029 1 258 1142
149 454 910 1 426 1021
150 277 244 1 249 357
151 104 1253 1 71 1376
152 285 165 1 259 281
153 393 551 1 365 661
154 401 927 1 371 1038
155 447 788 1 418 895
156 341 793 1 312 904
157 186 451 1 159 562
158 615 130 1 581 250
159 416 205 1 388 321
160 292 782 1 263 891
161 406 673 1 377 783
162 220 229 1 194 343
163 593 662 1 563 770
164 423 890 1 395 1000
165 339 1066 1 312 1180
166 409 526 1 378 637
167 277 736 1 248 845
168 336 966 1 308 1077
169 247 346 1 220 459
170 211 254 1 185 368
171 225 326 1 198 438
172 404 190 1 376 306
173 312 119 1 286 235
174 261 286 1 234 399
175 383 943 1 354 1053
176 325 851 1 296 962
177 236 206 1 210 321
178 229 273 1 201 387
179 286 225 1 260 339
180 302 1077 1 273 1190
181 399 804 1 371 914
182 410 874 1 382 985
183 325 184 1 298 300
184 269 225 1 243 339
185 260 431 1 232 542
186 241 981 1 211 1093
187 316 290 1 289 403
188 412 550 1 382 660
189 317 368 1 287 479
190 327 821 1 298 931
191 536 1117 1 509 1226
192 411 565 1 383 675
193 215 282 1 189 395
194 388 239 1 360 354
195 561 212 1 528 329
196 501 803 1 473 912
197 431 783 1 404 894
198 358 199 1 330 313
199 650 1032 1 621 1140
200 520 59 1 489 180
201 244 589 1 216 698
202 221 187 1 196 302
203 308 1142 1 279 1258
204 240 139 1 214 255
205 467 901 1 439 1011
206 233 306 1 206 418
207 553 771 1 525 879
208 254 108 1 228 225
209 398 916 1 370 1023
210 430 696 1 401 805
211 326 1028 1 298 1140
212 399 566 1 371 676
213 412 926 1 382 1036
214 275 161 1 248 276
215 401 202 1 373 317
216 525 49 1 494 172
217 323 493 1 295 604
218 468 276 1 437 391
219 346 148 1 318 265
220 323 217 1 296 332
221 279 783 1 251 893
222 86 101 1 60 217
223 480 286 1 449 400
224 268 755 1 240 865
225 478 857 1 450 968
226 339 819 1 310 929
227 144 75 1 120 193
228 230 128 1 205 245
229 313 378 1 286 490
230 351 1053 1 324 1166
231 451 932 1 424 1043
232 223 580 1 195 689
233 301 1126 1 272 1242
234 338 1044 1 309 1157
235 491 821 1 463 931
236 235 50 1 209 169
237 524 783 1 495 892
238 254 218 1 228 332
239 388 698 1 359 807
240 335 807 1 307 917
241 234 293 1 208 406
242 345 778 1 315 886
243 291 351 1 264 463
244 391 932 1 363 1043
245 360 975 1 330 1086
246 326 168 1 299 284
247 337 174 1 310 290
248 322 122 1 295 240
249 279 306 1 252 419
250 269 777 1 240 887
251 293 241 1 266 354
252 478 710 1 448 819
253 324 802 1 295 912
254 331 112 1 305 231
255 346 1092 1 318 1206
256 422 813 1 395 922
257 230 177 1 204 292
258 400 1009 1 372 1121
259 466 1005 1 438 1117
260 437 853 1 408 964
261 341 116 1 314 234
262 505 908 1 477 1018
263 253 184 1 227 299
264 410 886 1 382 996
265 249 244 1 223 358
266 316 166 1 289 281
267 381 1016 1 352 1128
268 198 267 1 173 381
269 241 194 1 215 309
270 402 941 1 374 1052
271 359 501 1 331 611
272 236 251 1 210 364
273 392 189 1 364 305
274 301 256 1 274 369
275 380 614 1 352 724
276 235 241 1 209 355
277 314 256 1 286 370
278 305 1102 1 278 1216
279 322 872 1 293 983
280 303 241 1 276 355
281 229 678 1 200 789
282 283 143 1 258 260
283 520 750 1 490 857
284 372 409 1 343 521
285 424 920 1 395 1031
286 335 193 1 308 309
287 465 1090 1 437 1198
288 459 565 1 430 676
289 200 52 1 175 171
290 491 787 1 463 896
291 212 135 1 186 251
292 243 178 1 217 294
293 332 1128 1 304 1242
294 373 948 1 345 1059
295 341 908 1 313 1020
296 359 1105 1 331 1219
297 265 245 1 239 359
298 308 486 1 280 596
299 295 266 1 267 379
300 364 761 1 335 869
301 332 735 1 303 845
302 554 1118 1 527 1228
303 307 758 1 279 868
304 335 948 1 307 1060
305 362 531 1 334 641
306 516 988 1 489 1099
307 339 1014 1 311 1126
308 467 287 1 436 402
309 407 1084 1 379 1198
310 320 1079 1 291 1193
311 397 622 1 368 732
312 325 155 1 298 272
313 314 1068 1 285 1182
314 256 385 1 228 496
315 382 588 1 353 697
316 242 126 1 217 242
317 426 859 1 398 970
318 264 129 1 238 245
319 526 801 1 497 910
320 248 255 1 221 369
321 343 719 1 314 829
322 503 842 1 475 952
323 370 724 1 342 834
324 296 219 1 270 333
325 225 213 1 199 328
326 258 272 1 231 384
327 354 914 1 326 1025
328 529 878 1 502 988
329 464 921 1 436 1032
330 236 370 1 209 482
331 382 1032 1 354 1145
332 217 200 1 192 314
333 276 346 1 248 458
334 331 1095 1 303 1209
335 435 592 1 405 710
336 404 1074 1 376 1188
337 354 541 1 326 651
338 306 430 1 278 541
339 338 183 1 311 299
340 331 1086 1 303 1200
341 465 959 1 438 1071
342 331 538 1 302 648
343 147 94 1 123 211
344 290 126 1 263 242
345 501 1186 1 474 1301
346 263 342 1 235 454
347 356 411 1 328 522
348 448 942 1 420 1054
349 293 185 1 266 300
350 356 817 1 328 928
351 356 1075 1 328 1188
352 253 126 1 227 243
353 260 172 1 233 287
354 326 838 1 297 948
355 253 740 1 224 850
356 307 769 1 278 879
357 407 1028 1 379 1139
358 250 194 1 224 308
359 404 987 1 376 1100
360 360 855 1 331 965
361 438 1134 1 410 1249
362 333 488 1 304 599
363 341 1004 1 313 1116
364 330 1010 1 301 1121
365 410 913 1 380 1023
366 413 790 1 384 900
367 181 88 1 156 205
368 221 809 1 192 919
369 468 948 1 440 1060
370 442 741 1 414 848
371 347 956 1 318 1067
372 326 747 1 297 857
373 312 218 1 285 332
374 515 748 1 486 855
375 288 916 1 259 1027
376 266 817 1 237 927
377 245 286 1 218 399
378 397 844 1 369 955
379 300 418 1 272 529
380 341 530 1 312 641
381 307 534 1 278 644
382 252 47 1 227 166
383 458 544 1 429 654
384 485 909 1 457 1019
385 147 110 1 123 227
386 312 1031 1 284 1144
387 385 774 1 357 884
388 494 860 1 466 970
389 315 746 1 286 856
390 339 927 1 310 1038
391 269 176 1 243 291
392 448 816 1 419 925
393 359 559 1 330 668
394 564 570 1 534 680
395 300 700 1 271 811
396 489 932 1 461 1043
397 294 278 1 267 392
398 330 1139 1 301 1254
399 232 230 1 206 344
400 402 792 1 373 902
401 411 808 1 383 918
402 198 466 1 170 577
403 444 955 1 416 1067
404 494 1173 1 467 1289
405 381 895 1 352 1005
406 355 875 1 326 986
407 518 809 1 489 918
408 269 787 1 239 897
409 483 959 1 455 1071
410 388 730 1 359 840
411 428 226 1 399 340
412 319 241 1 292 355
413 350 1063 1 321 1176
414 281 1123 1 252 1239
415 360 724 1 331 834
416 273 204 1 246 319
417 325 550 1 297 660
418 480 878 1 452 988
419 375 492 1 346 602
