0 224 710 1 223 788
1 231 588 1 229 667
2 266 643 1 264 721
3 259 907 1 260 985
4 231 564 1 229 642
5 270 510 1 268 588
6 268 573 1 266 651
7 257 1016 1 259 1096
8 267 561 1 266 640
9 256 1044 1 258 1124
10 227 660 1 226 739
11 205 1029 1 208 1109
12 213 526 1 211 605
13 209 590 1 207 669
14 262 730 1 262 809
15 200 1019 1 202 1098
16 263 708 1 262 786
17 267 586 1 265 665
18 265 630 1 264 707
19 269 498 1 267 577
20 259 892 1 260 970
21 259 931 1 260 1010
22 265 659 1 264 737
23 229 616 1 228 695
24 256 1031 1 258 1111
25 217 662 1 215 740
26 269 521 1 267 600
27 259 919 1 260 997
28 427 426 1 420 493
29 212 933 1 213 1013
30 186 907 1 188 986
31 205 646 1 204 724
32 212 809 1 211 890
33 95 131 1 92 217
34 217 833 1 218 911
35 223 741 1 222 820
36 260 881 1 260 959
37 212 549 1 210 628
38 268 546 1 265 625
39 256 1089 1 259 1169
40 201 720 1 201 798
41 193 811 1 193 889
42 261 833 1 260 910
43 206 616 1 205 695
44 240 839 1 241 918
45 262 742 1 262 819
46 112 109 1 109 196
47 263 698 1 263 776
48 267 613 1 264 692
49 205 972 1 206 1052
50 201 691 1 200 770
51 259 970 1 260 1050
52 195 775 1 195 854
53 339 632 1 338 709
54 182 973 1 183 1053
55 188 869 1 189 948
56 220 450 1 217 529
57 221 689 1 219 768
58 119 719 1 118 800
59 152 492 1 150 572
60 262 789 1 262 867
61 487 885 1 489 960
62 214 775 1 213 853
63 217 466 1 214 545
64 97 116 1 95 201
65 264 689 1 263 767
66 448 1154 1 452 1226
67 421 694 1 421 780
68 169 374 1 166 455
69 222 412 1 218 493
70 455 1144 1 459 1216
71 213 487 1 210 567
72 177 1049 1 179 1130
73 182 842 1 182 921
74 215 648 1 215 726
75 179 1004 1 182 1085
76 237 443 1 233 523
77 417 801 1 418 873
78 219 430 1 217 510
79 373 435 1 369 505
80 184 936 1 185 1015
81 85 117 1 81 203
82 197 745 1 197 823
83 265 857 1 265 936
84 90 945 1 92 1027
85 91 140 1 88 227
86 350 630 1 348 707
87 216 633 1 215 711
88 231 817 1 231 896
89 271 596 1 269 675
90 257 1004 1 259 1084
91 199 1002 1 200 1082
92 192 832 1 192 912
93 643 1061 1 645 1129
94 429 732 1 429 809
95 262 767 1 261 846
96 104 142 1 102 228
97 451 724 1 451 801
98 279 329 1 275 408
99 115 126 1 111 211
100 203 664 1 202 743
101 264 757 1 263 836
102 206 634 1 206 713
103 162 492 1 161 572
104 266 142 1 261 226
105 213 726 1 212 804
106 496 860 1 494 934
107 202 933 1 202 1013
108 344 1163 1 348 1243
109 504 1036 1 508 1112
110 259 867 1 260 946
111 266 239 1 262 321
112 273 477 1 270 556
113 179 369 1 177 449
114 269 487 1 266 566
115 85 127 1 82 213
116 106 782 1 105 863
117 300 1096 1 303 1175
118 338 704 1 337 780
119 341 851 1 342 927
120 342 1059 1 344 1137
121 383 496 1 380 574
122 419 890 1 421 967
123 460 712 1 459 788
124 115 135 1 112 222
125 312 1121 1 315 1200
126 368 628 1 366 705
127 341 713 1 341 790
128 239 329 1 236 410
129 102 104 1 98 191
130 203 907 1 205 986
131 207 831 1 207 910
132 462 437 1 455 504
133 213 711 1 212 789
134 223 399 1 220 480
135 440 970 1 443 1047
136 497 823 1 499 897
137 265 446 1 262 526
138 449 755 1 449 831
139 371 950 1 372 1028
140 263 194 1 259 277
141 108 92 1 105 178
142 244 425 1 240 505
143 459 587 1 459 673
144 493 1040 1 497 1116
145 212 741 1 211 819
146 343 1009 1 346 1087
147 200 355 1 198 436
148 408 760 1 407 837
149 237 260 1 234 342
150 221 252 1 217 334
151 271 461 1 268 540
152 326 1159 1 330 1239
153 253 273 1 250 354
154 325 1136 1 326 1215
155 502 1027 1 505 1102
156 173 1085 1 176 1166
157 338 1048 1 340 1126
158 344 1075 1 347 1152
159 374 990 1 377 1067
160 225 294 1 221 375
161 312 1077 1 315 1155
162 257 1067 1 259 1147
163 287 1162 1 291 1241
164 426 948 1 429 1025
165 475 550 1 468 612
166 368 584 1 366 661
167 313 828 1 314 906
168 161 481 1 159 561
169 601 162 1 589 243
170 395 237 1 389 318
171 264 816 1 264 894
172 380 707 1 379 784
173 333 768 1 333 845
174 197 258 1 194 341
175 396 928 1 397 1004
176 309 1109 1 313 1188
177 383 559 1 380 636
178 249 769 1 249 847
179 306 1005 1 309 1083
180 443 712 1 442 788
181 481 586 1 481 676
182 379 791 1 378 868
183 224 376 1 220 457
184 372 849 1 373 924
185 217 188 1 214 271
186 188 283 1 185 366
187 128 135 1 122 223
188 462 728 1 461 805
189 529 789 1 530 863
190 383 221 1 377 302
191 292 148 1 286 232
192 253 190 1 249 273
193 238 316 1 234 397
194 355 982 1 356 1059
195 395 852 1 397 927
196 296 886 1 298 965
197 214 235 1 210 318
198 206 303 1 201 385
199 385 537 1 382 605
200 264 255 1 260 336
201 272 1118 1 274 1197
202 382 912 1 384 989
203 336 228 1 331 310
204 304 215 1 299 297
205 247 255 1 243 336
206 236 461 1 233 541
207 210 1018 1 211 1098
208 292 321 1 289 401
209 75 120 1 72 206
210 387 583 1 383 660
211 292 399 1 288 477
212 299 856 1 300 934
213 427 1143 1 430 1217
214 117 877 1 117 957
215 192 311 1 189 393
216 366 270 1 361 351
217 542 245 1 534 324
218 476 843 1 476 917
219 503 90 1 493 173
220 218 620 1 216 699
221 199 216 1 195 299
222 276 1185 1 280 1266
223 219 168 1 214 251
224 440 939 1 442 1015
225 209 335 1 206 416
226 530 814 1 529 885
227 105 126 1 101 212
228 280 271 1 276 353
229 404 730 1 403 807
230 296 1069 1 299 1148
231 311 1096 1 315 1175
232 383 964 1 384 1041
233 450 894 1 452 971
234 380 233 1 375 314
235 507 80 1 498 164
236 397 1069 1 401 1147
237 485 1157 1 489 1232
238 298 525 1 296 603
239 447 309 1 440 389
240 325 178 1 319 261
241 301 247 1 296 330
242 251 817 1 252 895
243 458 319 1 452 398
244 240 788 1 240 867
245 372 444 1 368 517
246 310 854 1 311 932
247 122 103 1 119 189
248 209 157 1 205 242
249 289 409 1 287 488
250 322 1095 1 325 1174
251 423 971 1 426 1048
252 196 611 1 195 689
253 269 1168 1 273 1249
254 307 1087 1 310 1165
255 465 858 1 466 934
256 215 79 1 209 165
257 232 247 1 228 330
258 361 732 1 361 809
259 307 842 1 308 920
260 211 322 1 208 404
261 398 895 1 400 973
262 317 812 1 317 889
263 268 381 1 264 462
264 363 971 1 365 1049
265 421 836 1 420 907
266 305 199 1 300 281
267 316 204 1 311 287
268 302 152 1 296 236
269 256 337 1 252 417
270 269 847 1 270 925
271 452 745 1 451 821
272 271 271 1 266 352
273 232 136 1 228 221
274 296 837 1 297 915
275 311 143 1 306 227
276 316 1135 1 319 1214
277 209 206 1 204 289
278 225 356 1 222 436
279 370 1047 1 374 1126
280 437 1045 1 440 1123
281 410 890 1 411 967
282 321 146 1 315 230
283 598 981 1 599 1051
284 484 710 1 488 803
285 478 947 1 481 1023
286 231 213 1 227 296
287 383 924 1 384 1000
288 226 274 1 223 356
289 295 196 1 289 278
290 351 1057 1 354 1135
291 175 296 1 172 378
292 219 223 1 215 306
293 373 979 1 376 1057
294 335 533 1 332 611
295 213 280 1 210 362
296 371 219 1 365 301
297 473 788 1 472 859
298 279 286 1 275 367
299 355 647 1 353 724
300 212 271 1 209 353
301 291 286 1 287 367
302 332 266 1 327 347
303 293 907 1 294 986
304 360 701 1 359 778
305 202 710 1 201 790
306 272 394 1 269 474
307 495 793 1 495 864
308 348 441 1 345 520
309 338 521 1 336 599
310 396 958 1 397 1035
311 314 224 1 309 306
312 372 1012 1 374 1090
313 180 80 1 175 167
314 489 894 1 491 970
315 301 944 1 303 1022
316 191 163 1 187 248
317 221 207 1 217 291
318 301 1171 1 306 1251
319 345 986 1 346 1064
320 361 992 1 363 1069
321 312 946 1 314 1025
322 328 1147 1 332 1226
323 310 870 1 311 948
324 446 773 1 446 849
325 115 889 1 116 969
326 243 275 1 239 357
327 283 516 1 281 595
328 272 296 1 268 376
329 336 796 1 336 872
330 305 770 1 304 847
331 279 792 1 280 870
332 305 988 1 308 1065
333 562 1059 1 563 1123
334 337 563 1 335 641
335 489 1030 1 492 1106
336 309 1055 1 312 1133
337 445 320 1 439 399
338 377 1125 1 381 1204
339 556 1144 1 560 1219
340 289 1122 1 292 1201
341 360 958 1 361 1036
342 371 655 1 369 732
343 609 565 1 603 635
344 304 186 1 299 268
345 282 1108 1 286 1188
346 232 415 1 229 495
347 410 777 1 410 854
348 357 620 1 354 697
349 221 155 1 217 238
350 243 158 1 238 242
351 501 842 1 501 915
352 225 285 1 221 366
353 316 753 1 316 830
354 477 880 1 478 955
355 343 758 1 344 835
356 274 249 1 270 330
357 544 1114 1 547 1185
358 233 56 1 228 142
359 424 914 1 426 991
360 271 1129 1 274 1209
361 203 242 1 199 325
362 234 301 1 231 382
363 326 953 1 327 1030
364 503 919 1 505 994
365 436 959 1 438 1036
366 212 400 1 209 481
367 353 1074 1 356 1152
368 195 228 1 192 312
369 252 376 1 249 456
370 300 1137 1 304 1217
371 196 51 1 191 137
372 374 1115 1 378 1194
373 329 574 1 327 651
374 282 460 1 279 540
375 317 214 1 312 296
376 375 836 1 375 913
377 311 610 1 309 688
378 438 999 1 441 1076
379 306 570 1 303 648
380 125 122 1 122 208
381 269 155 1 263 238
382 471 1232 1 477 1311
383 239 372 1 236 452
384 332 442 1 329 521
385 419 982 1 422 1059
386 271 215 1 266 297
387 328 853 1 329 931
388 326 1117 1 329 1196
389 232 155 1 227 239
390 238 201 1 234 284
391 297 873 1 298 951
392 225 773 1 224 852
393 279 804 1 279 882
394 378 1069 1 382 1146
395 229 223 1 224 305
396 319 768 1 318 845
397 375 1026 1 378 1105
398 331 891 1 333 968
399 408 1177 1 412 1256
400 308 520 1 305 598
401 311 1044 1 314 1122
402 300 1050 1 302 1128
403 465 828 1 466 902
404 381 951 1 382 1028
405 289 863 1 289 941
406 386 825 1 386 902
407 160 115 1 156 201
408 192 843 1 193 922
409 440 988 1 442 1065
410 458 837 1 458 912
411 443 155 1 435 239
412 298 782 1 298 859
413 290 248 1 286 330
414 490 792 1 491 863
415 259 951 1 260 1031
416 222 316 1 218 397
417 369 881 1 371 959
418 276 449 1 273 528
419 315 563 1 313 641
420 281 566 1 279 644
421 231 76 1 227 162
422 434 578 1 432 654
423 384 846 1 385 922
424 458 948 1 460 1024
425 282 1070 1 285 1150
426 357 809 1 359 886
427 467 898 1 468 974
428 287 780 1 287 858
429 309 966 1 311 1043
430 248 205 1 243 288
431 422 855 1 422 930
432 333 591 1 331 668
433 542 609 1 539 682
434 250 826 1 251 905
435 272 734 1 272 812
436 462 972 1 464 1048
437 272 310 1 268 390
438 619 616 1 614 685
439 298 1182 1 302 1262
440 210 259 1 206 342
441 332 1019 1 334 1096
442 375 827 1 375 905
443 284 746 1 283 824
444 173 496 1 171 576
445 416 995 1 418 1072
446 465 1219 1 471 1298
447 352 932 1 354 1009
448 435 788 1 435 858
449 259 153 1 254 237
450 491 850 1 492 924
451 294 754 1 293 831
452 240 821 1 240 899
453 456 1000 1 458 1076
454 361 764 1 361 841
455 406 257 1 400 338
456 297 271 1 292 352
457 308 1183 1 312 1262
458 249 1165 1 253 1246
459 333 759 1 332 835
460 250 234 1 246 316
461 300 582 1 298 660
462 453 916 1 454 992
463 351 524 1 348 602
