0 206 697 1 223 789
1 214 575 1 230 667
2 249 629 1 264 722
3 241 894 1 260 986
4 214 550 1 229 642
5 254 496 1 268 589
6 251 559 1 266 651
7 240 1003 1 259 1097
8 251 547 1 266 640
9 238 1031 1 258 1125
10 210 646 1 226 739
11 187 1016 1 208 1110
12 196 512 1 211 605
13 192 576 1 207 670
14 245 717 1 262 809
15 182 1006 1 202 1100
16 246 695 1 263 787
17 250 573 1 265 665
18 248 617 1 264 708
19 253 484 1 267 577
20 242 879 1 260 971
21 241 918 1 260 1011
22 248 645 1 264 737
23 212 602 1 228 695
24 238 1019 1 258 1112
25 200 648 1 216 740
26 209 622 1 225 715
27 252 507 1 267 600
28 241 906 1 260 998
29 194 920 1 213 1014
30 169 894 1 188 987
31 187 632 1 204 725
32 194 796 1 211 890
33 79 115 1 92 217
34 199 819 1 218 912
35 242 868 1 261 959
36 194 535 1 210 628
37 251 533 1 266 625
38 238 1076 1 259 1171
39 183 706 1 201 799
40 175 798 1 193 889
41 243 820 1 261 911
42 188 602 1 205 696
43 186 959 1 206 1053
44 222 826 1 241 919
45 205 729 1 222 821
46 245 728 1 262 820
47 96 92 1 109 195
48 246 685 1 263 776
49 250 600 1 265 692
50 183 677 1 200 770
51 241 957 1 260 1051
52 177 762 1 195 854
53 322 619 1 338 710
54 164 960 1 183 1054
55 171 856 1 190 948
56 203 435 1 217 529
57 534 1157 1 558 1246
58 204 676 1 220 768
59 101 705 1 118 800
60 135 478 1 150 572
61 244 776 1 262 867
62 470 873 1 490 962
63 196 761 1 214 854
64 200 452 1 215 545
65 81 99 1 95 201
66 247 675 1 263 767
67 403 675 1 421 777
68 152 359 1 166 455
69 205 398 1 218 492
70 196 473 1 210 567
71 159 1036 1 179 1131
72 413 720 1 429 810
73 442 1136 1 459 1220
74 164 829 1 182 922
75 198 634 1 215 727
76 161 991 1 182 1086
77 220 429 1 234 523
78 401 790 1 419 875
79 203 416 1 217 510
80 604 1060 1 624 1140
81 166 923 1 185 1016
82 68 100 1 81 203
83 180 731 1 197 823
84 247 844 1 265 937
85 72 932 1 92 1027
86 74 124 1 87 226
87 477 781 1 491 865
88 333 617 1 348 708
89 199 619 1 215 711
90 213 804 1 231 896
91 254 583 1 269 675
92 239 991 1 259 1085
93 181 989 1 200 1084
94 174 819 1 192 912
95 626 1052 1 647 1133
96 244 754 1 261 846
97 88 126 1 101 228
98 434 712 1 451 802
99 262 315 1 275 409
100 99 109 1 111 211
101 186 651 1 202 743
102 476 847 1 494 935
103 246 744 1 263 837
104 189 621 1 206 714
105 146 478 1 161 573
106 250 127 1 261 226
107 196 712 1 212 805
108 508 58 1 512 157
109 184 920 1 203 1013
110 326 1151 1 349 1245
111 486 1025 1 509 1114
112 242 854 1 260 947
113 250 224 1 262 320
114 256 463 1 271 556
115 249 179 1 259 277
116 162 354 1 177 449
117 252 473 1 267 566
118 482 810 1 499 898
119 68 110 1 82 212
120 88 769 1 105 863
121 282 1084 1 303 1177
122 320 691 1 338 781
123 324 839 1 342 929
124 324 1046 1 344 1138
125 366 482 1 380 574
126 402 877 1 421 968
127 433 743 1 449 832
128 443 699 1 460 788
129 98 119 1 112 221
130 294 1109 1 315 1202
131 351 615 1 366 706
132 324 700 1 342 790
133 223 315 1 236 410
134 85 88 1 98 190
135 185 894 1 205 987
136 189 818 1 207 910
137 195 697 1 212 790
138 206 385 1 220 480
139 423 957 1 443 1048
140 249 432 1 262 526
141 353 938 1 373 1029
142 92 75 1 105 178
143 227 411 1 241 505
144 475 1028 1 498 1118
145 194 728 1 211 820
146 326 997 1 346 1089
147 184 341 1 198 436
148 391 747 1 407 838
149 221 245 1 234 341
150 205 237 1 217 333
151 255 447 1 268 540
152 308 1147 1 330 1241
153 237 259 1 250 354
154 307 1124 1 326 1217
155 484 1015 1 506 1104
156 155 1072 1 176 1167
157 320 1036 1 340 1127
158 326 1063 1 347 1154
159 357 978 1 378 1069
160 208 280 1 221 375
161 294 1065 1 316 1157
162 239 1054 1 260 1148
163 269 1150 1 291 1243
164 409 936 1 429 1026
165 459 545 1 469 617
166 352 570 1 367 661
167 238 174 1 249 273
168 296 815 1 314 907
169 144 467 1 159 561
170 587 148 1 590 241
171 380 223 1 390 317
172 247 803 1 264 895
173 363 694 1 379 785
174 570 1055 1 591 1135
175 316 755 1 333 845
176 181 243 1 194 340
177 378 915 1 398 1006
178 291 1097 1 313 1190
179 367 545 1 380 636
180 232 756 1 249 847
181 288 993 1 309 1085
182 426 700 1 442 789
183 463 566 1 480 671
184 361 778 1 378 868
185 207 362 1 220 457
186 355 837 1 374 925
187 201 173 1 214 271
188 172 268 1 185 365
189 415 708 1 431 797
190 111 118 1 124 219
191 445 716 1 461 805
192 367 207 1 377 302
193 276 133 1 287 231
194 221 301 1 234 397
195 337 970 1 356 1061
196 378 840 1 397 928
197 279 874 1 298 965
198 198 220 1 210 318
199 189 288 1 201 384
200 368 527 1 382 608
201 248 241 1 260 336
202 254 1105 1 274 1199
203 364 899 1 384 990
204 321 214 1 331 310
205 288 200 1 299 297
206 231 240 1 243 336
207 219 447 1 233 541
208 192 1005 1 212 1099
209 276 308 1 289 401
210 435 733 1 451 821
211 58 103 1 72 206
212 439 546 1 452 627
213 276 385 1 288 478
214 281 843 1 300 935
215 98 863 1 117 957
216 175 297 1 189 393
217 351 256 1 362 351
218 528 232 1 535 324
219 459 831 1 477 918
220 488 75 1 492 173
221 201 606 1 217 699
222 183 200 1 195 299
223 258 1173 1 280 1268
224 203 153 1 214 251
225 422 926 1 443 1016
226 193 320 1 206 416
227 513 803 1 530 887
228 88 109 1 101 211
229 264 256 1 276 353
230 387 717 1 404 807
231 278 1057 1 299 1150
232 293 1084 1 315 1177
233 366 952 1 385 1042
234 217 120 1 228 221
235 433 881 1 453 972
236 365 219 1 375 314
237 493 65 1 496 164
238 380 1057 1 402 1149
239 467 1147 1 490 1235
240 282 511 1 296 603
241 431 296 1 441 389
242 309 164 1 319 261
243 286 233 1 297 329
244 233 804 1 252 896
245 443 305 1 453 398
246 223 775 1 241 867
247 355 434 1 368 519
248 293 841 1 311 933
249 106 87 1 118 189
250 194 141 1 205 241
251 273 395 1 287 489
252 304 1084 1 325 1176
253 406 959 1 427 1049
254 179 597 1 195 690
255 251 1156 1 273 1251
256 289 1075 1 310 1167
257 447 845 1 466 935
258 199 63 1 209 165
259 216 232 1 228 329
260 344 719 1 361 809
261 289 829 1 308 921
262 195 307 1 208 403
263 381 882 1 401 974
264 299 800 1 317 890
265 251 367 1 264 462
266 345 959 1 365 1051
267 403 825 1 421 909
268 290 184 1 300 281
269 300 189 1 311 286
270 286 137 1 296 236
271 240 323 1 252 417
272 252 834 1 270 926
273 257 1130 1 279 1224
274 255 257 1 267 352
275 279 824 1 297 915
276 296 128 1 306 226
277 298 1122 1 320 1216
278 193 191 1 204 289
279 209 342 1 222 436
280 353 1034 1 374 1127
281 419 1033 1 441 1124
282 392 877 1 411 968
283 305 131 1 315 229
284 580 971 1 600 1054
285 468 690 1 487 797
286 461 935 1 481 1024
287 215 198 1 227 296
288 365 911 1 384 1001
289 210 260 1 223 356
290 279 180 1 290 278
291 334 1045 1 354 1137
292 159 282 1 172 378
293 203 208 1 215 306
294 356 967 1 376 1058
295 318 520 1 332 611
296 197 266 1 210 362
297 356 205 1 366 301
298 263 272 1 275 367
299 338 634 1 354 724
300 196 256 1 209 352
301 275 272 1 287 367
302 316 253 1 327 347
303 275 894 1 294 987
304 342 688 1 359 779
305 184 697 1 201 790
306 256 380 1 269 474
307 332 427 1 345 520
308 322 508 1 336 599
309 378 945 1 398 1036
310 298 209 1 309 305
311 354 1000 1 374 1091
312 165 64 1 175 166
313 472 882 1 491 971
314 283 931 1 303 1023
315 175 148 1 187 247
316 205 192 1 217 291
317 283 1159 1 306 1253
318 327 974 1 346 1065
319 343 980 1 363 1070
320 295 934 1 314 1026
321 310 1135 1 332 1228
322 293 857 1 311 949
323 429 760 1 446 849
324 97 875 1 116 970
325 227 260 1 239 357
326 266 502 1 281 595
327 580 1051 1 602 1132
328 256 282 1 268 376
329 319 783 1 337 873
330 287 757 1 305 848
331 262 780 1 280 871
332 287 976 1 308 1067
333 544 1051 1 564 1129
334 320 549 1 335 641
335 471 1018 1 493 1107
336 292 1043 1 312 1135
337 430 307 1 439 400
338 359 1112 1 381 1206
339 538 1133 1 561 1221
340 345 890 1 365 980
341 342 946 1 362 1037
342 354 642 1 370 733
343 593 554 1 605 637
344 288 171 1 299 268
345 264 1096 1 286 1190
346 215 401 1 229 495
347 392 764 1 410 854
348 340 607 1 355 698
349 205 140 1 217 238
350 228 142 1 238 242
351 484 830 1 501 917
352 208 270 1 221 366
353 299 740 1 316 831
354 460 868 1 478 956
355 326 745 1 344 836
356 370 568 1 384 660
357 259 234 1 270 330
358 218 39 1 228 141
359 406 902 1 426 992
360 253 1116 1 274 1211
361 187 227 1 199 325
362 188 210 1 200 307
363 218 287 1 231 381
364 308 940 1 327 1031
365 486 908 1 506 995
366 419 947 1 439 1037
367 196 386 1 210 481
368 335 1062 1 356 1153
369 179 213 1 192 311
370 236 362 1 249 456
371 282 1125 1 304 1219
372 181 34 1 191 137
373 356 1103 1 378 1196
374 312 560 1 327 651
375 265 446 1 279 540
376 301 199 1 312 295
377 357 824 1 375 914
378 294 596 1 309 688
379 420 987 1 441 1077
380 289 556 1 304 648
381 109 106 1 122 207
382 253 140 1 263 238
383 454 1219 1 478 1313
384 222 358 1 236 452
385 316 428 1 329 521
386 402 970 1 423 1060
387 255 200 1 267 297
388 311 840 1 329 932
389 308 1105 1 330 1198
390 216 140 1 227 239
391 222 186 1 234 284
392 280 860 1 299 952
393 207 760 1 225 852
394 261 791 1 279 882
395 360 1057 1 382 1148
396 213 208 1 224 305
397 301 754 1 318 846
398 358 1014 1 379 1106
399 314 877 1 333 969
400 390 1165 1 413 1258
401 291 506 1 305 598
402 293 1032 1 314 1124
403 282 1038 1 303 1130
404 363 939 1 383 1029
405 271 850 1 289 942
406 368 812 1 387 903
407 144 99 1 156 201
408 175 830 1 193 922
409 422 976 1 443 1066
410 441 824 1 459 913
411 428 141 1 436 238
412 281 769 1 298 860
413 275 233 1 286 329
414 241 939 1 260 1032
415 205 302 1 218 397
416 352 868 1 371 960
417 260 435 1 273 528
418 298 549 1 313 641
419 265 552 1 280 644
420 216 60 1 227 161
421 417 565 1 432 655
422 367 834 1 385 923
423 441 936 1 461 1026
424 309 898 1 328 990
425 264 1058 1 285 1151
426 340 796 1 359 887
427 450 885 1 469 975
428 269 768 1 287 859
429 291 953 1 311 1045
430 232 190 1 243 287
431 404 843 1 422 931
432 316 577 1 332 668
433 526 598 1 540 684
434 233 813 1 251 905
435 255 721 1 272 813
436 445 960 1 465 1050
437 255 295 1 268 390
438 603 605 1 615 688
439 280 1170 1 303 1264
440 193 244 1 206 342
441 314 1006 1 335 1098
442 357 815 1 375 905
443 266 733 1 283 825
444 156 482 1 171 576
445 398 982 1 419 1073
446 447 1207 1 471 1300
447 335 920 1 354 1011
448 418 778 1 436 861
449 243 138 1 254 236
450 474 838 1 493 925
451 276 741 1 293 832
452 223 807 1 240 900
453 438 988 1 459 1078
454 343 751 1 361 842
455 391 243 1 401 338
456 282 257 1 293 352
457 289 1170 1 312 1264
458 231 1152 1 253 1248
459 316 745 1 332 836
460 234 219 1 246 316
461 283 569 1 299 660
462 435 903 1 455 993
463 334 511 1 348 602
