0 214 707 1 225 792
1 222 583 1 231 669
2 256 638 1 266 724
3 248 907 1 263 992
4 222 557 1 231 644
5 262 503 1 270 589
6 254 718 1 265 803
7 199 585 1 209 671
8 193 1031 1 209 1119
9 259 567 1 268 653
10 246 1019 1 261 1105
11 260 555 1 268 641
12 244 1048 1 261 1134
13 217 656 1 228 742
14 204 519 1 213 606
15 255 655 1 266 740
16 257 625 1 267 710
17 187 1021 1 203 1108
18 254 705 1 265 790
19 261 491 1 269 577
20 249 892 1 263 977
21 247 933 1 262 1018
22 220 611 1 229 697
23 252 729 1 264 813
24 244 1035 1 261 1121
25 259 581 1 267 667
26 207 657 1 217 743
27 217 631 1 227 717
28 261 515 1 269 601
29 248 920 1 263 1005
30 200 935 1 215 1021
31 174 907 1 190 993
32 190 687 1 202 773
33 201 808 1 212 895
34 86 117 1 91 213
35 206 831 1 219 917
36 195 642 1 206 727
37 249 881 1 263 966
38 202 543 1 211 630
39 259 540 1 268 626
40 190 716 1 202 802
41 181 809 1 194 895
42 196 611 1 207 698
43 395 793 1 408 875
44 481 891 1 495 971
45 214 803 1 227 889
46 229 838 1 243 924
47 212 739 1 223 825
48 252 739 1 264 824
49 103 94 1 108 192
50 546 1191 1 568 1270
51 251 766 1 263 851
52 65 116 1 72 213
53 624 1109 1 641 1178
54 254 695 1 265 780
55 258 608 1 267 694
56 197 1022 1 213 1107
57 247 972 1 262 1058
58 184 773 1 196 859
59 332 628 1 341 712
60 169 974 1 184 1062
61 176 868 1 191 954
62 212 442 1 218 529
63 406 792 1 418 874
64 250 832 1 263 917
65 108 712 1 120 801
66 143 484 1 151 572
67 477 1107 1 496 1175
68 203 772 1 215 858
69 189 975 1 207 1061
70 208 458 1 216 546
71 88 101 1 94 198
72 255 685 1 265 770
73 91 874 1 105 962
74 161 364 1 167 454
75 214 403 1 220 492
76 211 685 1 221 771
77 163 1052 1 180 1140
78 487 869 1 501 947
79 203 480 1 212 567
80 254 857 1 268 943
81 377 624 1 386 707
82 170 841 1 183 927
83 535 1194 1 556 1271
84 206 643 1 217 729
85 166 1007 1 183 1094
86 229 435 1 235 523
87 422 731 1 433 814
88 211 422 1 218 510
89 172 937 1 187 1023
90 75 102 1 80 199
91 75 118 1 81 214
92 186 742 1 198 828
93 77 945 1 92 1034
94 251 787 1 264 872
95 342 627 1 351 710
96 207 628 1 217 714
97 95 775 1 107 864
98 220 816 1 232 902
99 262 591 1 271 677
100 246 1007 1 261 1093
101 186 1004 1 202 1092
102 180 831 1 194 918
103 647 1098 1 664 1167
104 95 129 1 100 225
105 444 724 1 456 806
106 331 860 1 346 941
107 269 323 1 276 411
108 106 112 1 111 208
109 193 660 1 204 746
110 254 756 1 265 841
111 196 630 1 207 716
112 196 830 1 209 916
113 81 128 1 86 223
114 153 485 1 162 573
115 260 130 1 262 223
116 203 722 1 214 808
117 260 276 1 265 365
118 190 934 1 204 1021
119 333 1174 1 352 1260
120 497 1048 1 515 1128
121 249 867 1 262 953
122 261 479 1 269 566
123 259 228 1 263 319
124 265 469 1 273 556
125 171 360 1 178 448
126 412 815 1 424 893
127 377 490 1 383 574
128 245 1087 1 262 1174
129 411 892 1 426 974
130 454 711 1 464 792
131 106 122 1 111 218
132 300 1133 1 318 1218
133 360 624 1 370 708
134 332 710 1 345 794
135 231 320 1 237 409
136 469 575 1 477 655
137 202 707 1 214 793
138 215 390 1 222 479
139 432 975 1 448 1057
140 312 968 1 327 1052
141 365 997 1 382 1080
142 257 182 1 260 274
143 322 598 1 330 683
144 361 955 1 377 1038
145 524 1193 1 545 1273
146 518 1110 1 536 1173
147 99 76 1 104 174
148 236 417 1 242 504
149 486 1051 1 504 1131
150 201 738 1 213 824
151 192 346 1 199 436
152 401 759 1 411 842
153 230 249 1 235 340
154 55 115 1 60 212
155 214 241 1 218 332
156 264 453 1 270 540
157 314 1169 1 334 1255
158 246 263 1 251 353
159 495 1037 1 513 1118
160 236 172 1 239 265
161 160 1089 1 177 1177
162 352 699 1 362 782
163 304 828 1 317 912
164 217 284 1 222 374
165 301 1088 1 319 1172
166 244 1071 1 262 1158
167 418 953 1 434 1035
168 331 218 1 334 308
169 591 1105 1 607 1175
170 329 701 1 341 784
171 388 859 1 402 940
172 152 473 1 160 561
173 340 1068 1 358 1151
174 612 149 1 606 238
175 391 227 1 393 316
176 254 815 1 267 900
177 372 705 1 383 788
178 325 767 1 336 850
179 189 247 1 194 339
180 387 933 1 402 1014
181 498 929 1 513 1008
182 297 1120 1 316 1205
183 239 767 1 251 852
184 436 711 1 447 793
185 125 133 1 129 228
186 370 790 1 382 873
187 215 368 1 221 457
188 92 89 1 97 187
189 210 176 1 215 268
190 180 273 1 185 364
191 424 719 1 435 801
192 230 788 1 243 872
193 120 121 1 124 216
194 455 728 1 466 809
195 378 211 1 381 300
196 286 136 1 288 228
197 203 694 1 214 780
198 502 823 1 515 900
199 113 88 1 117 186
200 230 307 1 235 396
201 563 1105 1 580 1173
202 286 887 1 300 972
203 207 224 1 211 316
204 197 293 1 201 383
205 402 1108 1 422 1169
206 257 245 1 261 334
207 259 1125 1 277 1211
208 373 916 1 388 998
209 298 204 1 301 295
210 247 179 1 250 270
211 295 1013 1 312 1097
212 240 244 1 245 335
213 228 454 1 235 541
214 434 723 1 444 805
215 530 55 1 523 149
216 283 315 1 290 404
217 65 105 1 70 203
218 246 125 1 249 218
219 289 857 1 303 941
220 103 876 1 117 964
221 183 301 1 189 392
222 362 261 1 365 349
223 445 1111 1 464 1177
224 505 74 1 500 167
225 351 981 1 369 1063
226 192 204 1 196 297
227 425 697 1 435 779
228 263 1195 1 283 1282
229 431 943 1 447 1025
230 201 326 1 207 416
231 284 1098 1 302 1184
232 527 826 1 539 903
233 95 112 1 100 208
234 274 261 1 278 351
235 193 283 1 198 373
236 397 728 1 407 811
237 283 1079 1 302 1164
238 368 1079 1 386 1161
239 330 1068 1 348 1152
240 443 897 1 457 979
241 376 224 1 378 312
242 509 65 1 504 158
243 377 850 1 389 932
244 311 999 1 327 1083
245 449 700 1 459 782
246 290 519 1 298 604
247 328 830 1 342 913
248 444 304 1 446 390
249 319 167 1 321 258
250 295 238 1 298 328
251 241 816 1 254 901
252 388 1076 1 406 1159
253 456 314 1 458 399
254 227 123 1 228 218
255 492 823 1 504 902
256 300 855 1 314 939
257 269 1116 1 289 1202
258 203 145 1 205 238
259 282 402 1 289 489
260 310 1108 1 329 1191
261 415 976 1 431 1059
262 187 605 1 197 692
263 256 1178 1 276 1265
264 208 65 1 210 161
265 616 576 1 620 651
266 253 193 1 255 285
267 414 853 1 427 933
268 224 237 1 229 328
269 353 730 1 364 813
270 297 842 1 311 926
271 203 313 1 209 403
272 363 579 1 371 663
273 307 812 1 320 896
274 498 1057 1 516 1137
275 260 374 1 266 462
276 366 594 1 375 678
277 300 187 1 302 278
278 311 193 1 313 284
279 297 140 1 298 232
280 343 992 1 360 1073
281 248 328 1 254 417
282 259 847 1 273 932
283 430 953 1 446 1035
284 528 1117 1 547 1185
285 262 1151 1 281 1238
286 213 773 1 225 858
287 264 261 1 268 350
288 286 837 1 299 921
289 332 514 1 339 600
290 306 131 1 308 223
291 303 1146 1 323 1231
292 360 1021 1 378 1104
293 202 194 1 205 286
294 217 347 1 223 436
295 321 214 1 324 304
296 360 1053 1 378 1137
297 428 1053 1 446 1136
298 401 891 1 415 974
299 405 1185 1 426 1268
300 316 134 1 317 226
301 250 273 1 255 362
302 336 182 1 338 272
303 471 954 1 487 1035
304 223 201 1 228 294
305 373 927 1 388 1010
306 350 810 1 362 893
307 219 263 1 224 354
308 333 992 1 350 1076
309 289 184 1 291 275
310 480 852 1 494 930
311 166 286 1 172 377
312 212 212 1 216 304
313 364 985 1 380 1068
314 327 528 1 335 613
315 205 270 1 211 361
316 367 209 1 369 299
317 546 238 1 545 324
318 272 276 1 277 366
319 347 643 1 357 727
320 205 260 1 210 351
321 286 200 1 289 290
322 325 258 1 329 347
323 652 1119 1 669 1186
324 282 908 1 297 993
325 613 1103 1 630 1170
326 547 121 1 543 212
327 339 865 1 353 946
328 191 707 1 202 793
329 285 275 1 289 365
330 265 386 1 270 474
331 414 713 1 425 795
332 342 434 1 348 519
333 264 923 1 279 1009
334 274 1174 1 294 1260
335 386 961 1 402 1045
336 308 213 1 311 303
337 470 943 1 486 1024
338 173 66 1 176 163
339 483 901 1 497 981
340 185 151 1 188 244
341 214 196 1 218 288
342 290 1182 1 309 1268
343 475 798 1 488 878
344 300 871 1 314 955
345 439 773 1 451 855
346 102 888 1 116 975
347 235 265 1 240 355
348 269 440 1 275 528
349 300 515 1 308 600
350 265 287 1 269 375
351 277 1128 1 296 1213
352 295 768 1 307 853
353 269 792 1 282 876
354 295 994 1 311 1078
355 286 1124 1 305 1209
356 330 558 1 338 642
357 482 1039 1 499 1120
358 298 1066 1 315 1149
359 442 315 1 445 401
360 59 947 1 74 1036
361 353 906 1 368 989
362 227 29 1 227 125
363 363 651 1 373 735
364 271 139 1 273 232
365 299 174 1 301 265
366 460 852 1 474 931
367 313 610 1 321 695
368 224 406 1 231 494
369 402 776 1 414 858
370 460 862 1 471 942
371 348 616 1 358 700
372 258 1086 1 276 1172
373 237 146 1 239 239
374 495 850 1 508 928
375 217 275 1 222 365
376 307 752 1 319 836
377 479 573 1 486 650
378 287 1087 1 306 1173
379 382 970 1 399 1054
380 268 239 1 272 328
381 469 884 1 484 965
382 220 357 1 226 446
383 228 41 1 229 138
384 416 917 1 430 999
385 258 1136 1 277 1223
386 195 231 1 200 323
387 196 213 1 201 305
388 227 292 1 232 381
389 652 483 1 651 559
390 428 964 1 444 1047
391 205 391 1 211 480
392 342 1083 1 360 1167
393 187 217 1 192 309
394 245 368 1 250 456
395 288 1148 1 307 1234
396 190 36 1 192 133
397 363 1123 1 382 1208
398 321 569 1 330 653
399 274 453 1 281 540
400 311 203 1 314 293
401 366 837 1 379 921
402 303 605 1 312 690
403 358 1066 1 375 1150
404 430 1006 1 446 1088
405 298 564 1 306 650
406 117 108 1 121 204
407 353 995 1 370 1078
408 231 364 1 237 452
409 411 988 1 427 1070
410 265 203 1 268 294
411 319 854 1 332 938
412 314 1128 1 333 1213
413 383 921 1 398 1003
414 231 189 1 235 281
415 288 874 1 301 958
416 273 1103 1 291 1189
417 268 803 1 281 888
418 221 211 1 225 303
419 309 767 1 321 851
420 350 1042 1 368 1124
421 190 270 1 196 361
422 322 891 1 336 975
423 538 33 1 532 128
424 299 1055 1 317 1138
425 288 1060 1 305 1144
426 372 956 1 387 1039
427 278 863 1 292 948
428 474 993 1 491 1074
429 152 102 1 155 197
430 180 842 1 194 928
431 431 995 1 448 1076
432 663 813 1 671 882
433 440 144 1 440 235
434 288 781 1 301 865
435 284 238 1 288 328
436 264 742 1 276 827
437 247 953 1 263 1039
438 315 1045 1 332 1129
439 214 307 1 219 396
440 360 884 1 375 968
441 306 557 1 315 643
442 273 561 1 282 646
443 225 62 1 228 157
444 451 955 1 466 1036
445 316 913 1 331 997
446 315 1138 1 335 1223
447 270 1077 1 287 1162
448 460 901 1 474 983
449 299 971 1 314 1055
450 241 193 1 245 285
451 349 1017 1 366 1100
452 326 586 1 334 670
453 240 826 1 253 911
454 263 733 1 275 817
455 454 980 1 471 1061
456 265 300 1 269 389
457 626 630 1 631 704
458 286 1194 1 306 1280
459 202 249 1 207 340
460 321 1026 1 338 1110
461 274 745 1 286 829
462 164 488 1 172 576
463 407 1001 1 423 1083
464 456 1234 1 477 1317
465 343 937 1 358 1020
466 274 472 1 282 559
467 239 279 1 244 369
468 252 141 1 255 233
469 442 862 1 455 942
470 284 753 1 296 837
471 229 819 1 242 904
472 448 1008 1 464 1089
473 352 763 1 365 846
474 402 248 1 404 336
475 405 711 1 415 794
476 291 261 1 295 350
477 301 954 1 317 1037
478 295 1196 1 315 1281
479 236 1173 1 255 1261
480 324 757 1 335 840
481 535 1202 1 556 1283
482 244 224 1 248 314
483 292 577 1 301 662
484 210 155 1 214 248
485 445 920 1 460 1002
486 344 519 1 351 604
