0 238 734 1 225 792
1 247 585 1 231 644
2 281 666 1 267 724
3 247 611 1 231 669
4 287 530 1 270 589
5 241 683 1 228 742
6 278 745 1 265 804
7 273 935 1 263 993
8 270 1048 1 262 1107
9 224 612 1 209 672
10 284 583 1 268 641
11 268 1076 1 261 1135
12 229 546 1 213 606
13 280 682 1 266 740
14 232 814 1 220 872
15 284 595 1 268 653
16 282 652 1 267 710
17 212 1050 1 204 1109
18 278 732 1 265 790
19 223 837 1 212 896
20 286 518 1 269 577
21 273 920 1 263 978
22 272 960 1 262 1019
23 244 638 1 230 697
24 277 756 1 264 814
25 268 1064 1 261 1122
26 283 607 1 268 667
27 217 1060 1 209 1120
28 231 684 1 217 743
29 241 658 1 227 717
30 285 542 1 269 601
31 272 948 1 263 1006
32 221 1035 1 212 1094
33 504 1140 1 497 1180
34 224 963 1 215 1022
35 421 820 1 409 876
36 215 715 1 202 774
37 110 146 1 91 213
38 201 933 1 190 994
39 230 859 1 219 918
40 220 669 1 206 728
41 190 1046 1 182 1106
42 273 909 1 263 967
43 227 570 1 212 630
44 284 567 1 268 626
45 282 636 1 267 694
46 653 1143 1 643 1183
47 202 896 1 191 955
48 215 744 1 202 803
49 206 837 1 195 895
50 221 638 1 207 698
51 506 919 1 496 972
52 239 831 1 228 890
53 236 469 1 218 529
54 236 766 1 224 825
55 277 766 1 264 824
56 127 124 1 107 191
57 275 793 1 263 851
58 90 145 1 71 212
59 225 824 1 213 883
60 278 722 1 265 780
61 673 1193 1 666 1232
62 272 1001 1 262 1059
63 208 800 1 196 859
64 356 655 1 341 712
65 255 867 1 243 925
66 574 1225 1 569 1273
67 195 869 1 183 928
68 431 819 1 418 875
69 193 1003 1 184 1062
70 274 859 1 263 918
71 133 739 1 120 801
72 167 511 1 151 572
73 144 151 1 124 216
74 228 800 1 215 858
75 214 1003 1 208 1062
76 233 485 1 216 546
77 112 131 1 93 197
78 279 712 1 266 770
79 115 901 1 105 963
80 279 887 1 268 944
81 235 712 1 221 771
82 187 1080 1 180 1141
83 513 897 1 502 948
84 276 814 1 265 873
85 227 508 1 212 567
86 470 753 1 456 806
87 185 392 1 167 454
88 402 650 1 387 707
89 211 768 1 198 828
90 253 463 1 235 523
91 238 432 1 220 492
92 192 1035 1 183 1095
93 447 758 1 434 814
94 236 449 1 219 510
95 231 670 1 217 729
96 196 964 1 187 1024
97 99 132 1 79 199
98 100 147 1 80 213
99 269 881 1 258 939
100 205 860 1 194 919
101 101 972 1 92 1035
102 270 1035 1 262 1094
103 231 655 1 217 714
104 217 687 1 204 746
105 524 1077 1 516 1129
106 287 618 1 271 677
107 562 1225 1 557 1274
108 210 1032 1 202 1093
109 354 677 1 340 734
110 365 653 1 352 710
111 119 157 1 100 224
112 293 350 1 276 411
113 273 897 1 262 954
114 130 141 1 110 207
115 356 889 1 346 942
116 278 783 1 265 841
117 221 656 1 207 717
118 220 857 1 209 917
119 106 157 1 86 223
120 178 512 1 162 573
121 676 1131 1 666 1171
122 120 801 1 107 864
123 281 826 1 269 884
124 227 750 1 214 809
125 410 731 1 396 787
126 284 304 1 265 365
127 214 962 1 204 1021
128 357 1205 1 353 1262
129 479 738 1 465 792
130 284 158 1 262 222
131 258 888 1 247 946
132 389 652 1 370 708
133 286 507 1 269 566
134 283 256 1 263 318
135 290 496 1 273 556
136 196 387 1 178 448
137 437 842 1 425 895
138 377 653 1 361 710
139 149 161 1 129 227
140 401 516 1 383 574
141 269 1116 1 263 1175
142 427 1146 1 422 1177
143 470 1147 1 466 1183
144 130 151 1 111 217
145 324 1163 1 319 1220
146 468 697 1 453 753
147 357 737 1 345 794
148 255 347 1 237 409
149 259 282 1 239 344
150 217 375 1 199 436
151 494 602 1 478 656
152 227 734 1 214 793
153 457 1004 1 448 1058
154 336 996 1 328 1053
155 390 1025 1 382 1081
156 281 210 1 260 274
157 346 624 1 331 683
158 386 983 1 377 1040
159 550 1225 1 546 1275
160 208 33 1 185 100
161 123 106 1 103 173
162 260 444 1 242 504
163 437 920 1 426 975
164 240 418 1 222 479
165 271 290 1 251 352
166 512 1081 1 505 1133
167 254 814 1 243 873
168 225 765 1 213 824
169 222 1050 1 213 1108
170 457 703 1 443 758
171 424 729 1 409 784
172 80 144 1 60 211
173 237 269 1 218 331
174 288 480 1 270 540
175 338 1199 1 334 1257
176 220 320 1 201 383
177 521 1067 1 514 1119
178 259 200 1 239 264
179 184 1117 1 177 1178
180 376 726 1 363 782
181 328 856 1 317 913
182 241 312 1 222 374
183 269 1100 1 262 1159
184 217 734 1 203 793
185 443 981 1 434 1036
186 355 245 1 334 307
187 461 715 1 446 769
188 354 727 1 341 785
189 244 846 1 233 903
190 177 500 1 160 561
191 365 1098 1 358 1153
192 471 717 1 457 771
193 636 174 1 608 236
194 415 254 1 394 315
195 278 843 1 267 901
196 397 732 1 383 788
197 343 195 1 321 257
198 350 794 1 337 851
199 213 275 1 194 339
200 412 961 1 402 1016
201 523 958 1 514 1010
202 322 1150 1 317 1207
203 254 335 1 235 396
204 264 794 1 251 853
205 247 34 1 224 100
206 461 738 1 447 794
207 395 731 1 382 787
208 619 1141 1 609 1180
209 395 817 1 382 873
210 239 395 1 222 457
211 117 119 1 97 186
212 258 835 1 245 893
213 204 301 1 185 364
214 449 747 1 436 802
215 298 1206 1 294 1262
216 480 756 1 466 809
217 402 238 1 381 299
218 368 1021 1 360 1075
219 310 164 1 288 228
220 227 722 1 214 780
221 137 118 1 117 185
222 290 901 1 279 958
223 590 1140 1 582 1178
224 413 889 1 402 942
225 311 914 1 301 972
226 231 252 1 211 316
227 289 314 1 269 375
228 281 273 1 261 334
229 284 1155 1 277 1213
230 398 944 1 388 999
231 322 231 1 301 294
232 271 206 1 250 270
233 319 1042 1 312 1098
234 459 750 1 445 806
235 553 80 1 525 148
236 307 342 1 290 404
237 235 230 1 215 293
238 89 135 1 70 202
239 270 153 1 249 218
240 127 904 1 117 964
241 207 329 1 189 392
242 386 288 1 365 349
243 241 220 1 220 283
244 454 1084 1 447 1138
245 528 101 1 501 166
246 216 232 1 196 296
247 450 724 1 436 779
248 287 1225 1 283 1284
249 137 104 1 116 171
250 457 971 1 448 1026
251 225 353 1 207 415
252 308 1128 1 302 1185
253 551 824 1 539 877
254 120 141 1 100 207
255 314 885 1 303 942
256 264 272 1 245 334
257 298 288 1 278 351
258 217 310 1 198 373
259 422 755 1 408 811
260 308 1109 1 302 1166
261 393 1108 1 387 1162
262 355 1097 1 348 1153
263 468 925 1 458 980
264 399 250 1 378 312
265 532 91 1 505 157
266 336 1028 1 328 1084
267 473 728 1 459 782
268 315 546 1 299 604
269 353 857 1 342 914
270 467 330 1 447 389
271 529 851 1 516 901
272 252 857 1 241 915
273 480 340 1 459 399
274 325 883 1 314 939
275 294 1145 1 289 1204
276 226 173 1 205 238
277 307 429 1 289 489
278 440 1005 1 432 1060
279 246 765 1 234 824
280 211 632 1 197 692
281 237 204 1 215 267
282 280 1208 1 276 1267
283 231 94 1 210 160
284 643 604 1 622 653
285 277 220 1 255 284
286 439 881 1 428 934
287 248 265 1 229 327
288 378 757 1 365 813
289 377 1011 1 369 1064
290 227 340 1 209 403
291 387 606 1 371 663
292 332 840 1 320 897
293 523 1087 1 517 1139
294 284 401 1 266 462
295 391 621 1 375 678
296 422 1033 1 413 1088
297 324 215 1 302 278
298 335 221 1 313 283
299 320 168 1 298 232
300 272 355 1 254 416
301 293 277 1 273 339
302 284 874 1 273 932
303 278 1145 1 272 1203
304 456 982 1 447 1036
305 286 1182 1 282 1240
306 237 800 1 225 859
307 288 288 1 268 350
308 357 541 1 339 600
309 330 158 1 308 222
310 328 1176 1 323 1233
311 386 1050 1 379 1105
312 225 222 1 205 286
313 345 241 1 324 303
314 385 1082 1 379 1138
315 203 43 1 180 110
316 425 919 1 416 974
317 430 1216 1 426 1270
318 339 162 1 317 226
319 274 300 1 255 361
320 360 209 1 338 272
321 497 982 1 488 1036
322 247 230 1 228 293
323 398 955 1 389 1011
324 374 837 1 363 893
325 243 291 1 224 354
326 312 212 1 292 275
327 506 880 1 495 932
328 190 315 1 172 377
329 236 240 1 216 303
330 389 1014 1 380 1069
331 352 555 1 335 613
332 230 298 1 211 360
333 508 929 1 498 982
334 570 264 1 546 324
335 296 304 1 277 365
336 472 1113 1 465 1166
337 372 670 1 357 727
338 228 288 1 210 351
339 310 228 1 289 290
340 307 937 1 297 994
341 641 1137 1 632 1175
342 571 147 1 544 211
343 507 1070 1 500 1122
344 308 303 1 289 364
345 439 740 1 425 795
346 366 461 1 348 519
347 289 952 1 279 1009
348 312 865 1 300 922
349 411 990 1 402 1046
350 332 241 1 311 303
351 496 972 1 487 1025
352 197 96 1 176 162
353 311 196 1 290 259
354 551 825 1 539 874
355 209 180 1 188 244
356 443 702 1 428 757
357 455 689 1 440 745
358 325 899 1 314 956
359 464 800 1 451 855
360 126 915 1 116 976
361 358 1020 1 350 1076
362 259 292 1 240 355
363 324 541 1 308 600
364 319 1106 1 314 1162
365 301 1157 1 296 1215
366 320 796 1 307 853
367 294 819 1 283 877
368 319 1022 1 311 1080
369 311 1154 1 306 1211
370 355 585 1 338 642
371 322 1096 1 316 1151
372 424 787 1 411 842
373 398 997 1 389 1053
374 466 342 1 445 401
375 83 974 1 74 1036
376 188 44 1 165 111
377 250 58 1 227 125
378 389 679 1 374 735
379 295 167 1 273 231
380 322 202 1 301 265
381 486 880 1 475 932
382 337 637 1 322 695
383 248 433 1 231 494
384 427 803 1 414 859
385 373 643 1 358 700
386 289 414 1 271 473
387 282 1115 1 276 1173
388 261 174 1 239 238
389 520 878 1 509 930
390 241 302 1 222 365
391 331 779 1 319 836
392 503 600 1 487 651
393 374 942 1 364 997
394 312 1117 1 306 1174
395 319 266 1 299 327
396 511 1105 1 504 1156
397 408 999 1 399 1055
398 291 266 1 272 328
399 494 912 1 485 966
400 244 385 1 226 446
401 441 945 1 431 1000
402 283 1165 1 277 1225
403 219 259 1 200 322
404 283 854 1 271 912
405 221 241 1 201 305
406 251 319 1 232 380
407 453 993 1 444 1048
408 229 418 1 211 480
409 367 1113 1 361 1169
410 211 245 1 192 309
411 268 396 1 250 456
412 322 1123 1 316 1178
413 304 819 1 292 876
414 214 66 1 192 132
415 387 1153 1 383 1209
416 346 596 1 330 653
417 299 480 1 281 540
418 335 230 1 314 293
419 250 153 1 228 217
420 367 952 1 357 1007
421 327 632 1 312 690
422 383 1095 1 376 1151
423 455 1035 1 447 1089
424 322 592 1 306 650
425 141 137 1 121 203
426 378 1024 1 370 1080
427 255 391 1 237 452
428 437 1016 1 428 1071
429 288 231 1 268 294
430 343 881 1 333 938
431 338 1159 1 333 1215
432 408 949 1 398 1004
433 255 217 1 235 281
434 312 901 1 302 959
435 298 1132 1 292 1190
436 293 831 1 282 888
437 321 192 1 299 254
438 245 239 1 225 303
439 334 794 1 322 851
440 375 1071 1 368 1126
441 214 298 1 196 361
442 346 920 1 336 976
443 310 1194 1 306 1251
444 324 1084 1 317 1140
445 313 1089 1 306 1146
446 397 984 1 387 1040
447 303 891 1 292 949
448 499 1022 1 491 1075
449 176 131 1 155 197
450 604 1142 1 595 1178
451 456 1023 1 448 1077
452 691 843 1 674 885
453 312 974 1 304 1031
454 313 809 1 301 866
455 308 265 1 288 327
456 288 769 1 276 827
457 272 982 1 263 1040
458 339 1074 1 333 1130
459 238 334 1 219 396
460 385 912 1 375 969
461 330 586 1 316 643
462 297 587 1 282 646
463 250 91 1 228 157
464 470 936 1 459 989
465 476 984 1 467 1037
466 417 929 1 407 984
467 341 942 1 331 998
468 340 1168 1 335 1225
469 294 1106 1 288 1164
470 323 1000 1 315 1056
471 265 221 1 245 284
472 374 1046 1 366 1101
473 350 613 1 335 670
474 265 854 1 253 912
475 287 760 1 275 818
476 480 1008 1 471 1062
477 289 328 1 270 389
478 652 658 1 633 706
479 226 277 1 207 340
480 346 1055 1 338 1111
481 359 866 1 348 923
482 299 772 1 286 830
483 188 515 1 172 576
484 584 38 1 555 105
485 299 500 1 282 558
486 263 306 1 244 369
487 276 168 1 255 233
488 467 891 1 456 943
489 308 780 1 296 837
490 254 847 1 242 905
491 473 1037 1 465 1091
492 377 790 1 365 847
493 426 275 1 404 335
494 429 739 1 416 794
495 315 289 1 295 350
496 325 983 1 317 1039
497 319 1226 1 315 1283
498 260 1203 1 255 1263
499 348 784 1 336 841
500 562 1235 1 557 1285
501 268 251 1 248 314
502 316 604 1 301 662
503 234 183 1 214 248
504 470 948 1 461 1003
505 368 546 1 351 604
