0 204 766 1 225 795
1 209 640 1 231 669
2 245 696 1 267 726
3 248 558 1 271 589
4 245 777 1 266 806
5 209 615 1 231 644
6 244 970 1 263 999
7 206 715 1 228 744
8 244 1085 1 262 1114
9 186 643 1 208 672
10 247 612 1 269 642
11 190 577 1 213 605
12 245 713 1 266 742
13 199 848 1 220 876
14 246 624 1 269 654
15 243 1102 1 261 1130
16 246 682 1 267 711
17 243 1116 1 261 1144
18 185 1089 1 203 1117
19 244 764 1 265 793
20 191 872 1 212 900
21 206 700 1 228 730
22 247 547 1 270 577
23 244 955 1 263 984
24 244 997 1 263 1025
25 208 678 1 229 707
26 208 669 1 230 698
27 243 788 1 264 817
28 195 498 1 218 528
29 246 637 1 268 667
30 190 1100 1 209 1128
31 196 716 1 217 745
32 205 689 1 227 718
33 247 571 1 269 601
34 244 984 1 263 1012
35 193 1074 1 212 1102
36 195 1001 1 215 1028
37 391 849 1 411 879
38 180 747 1 201 776
39 649 1244 1 665 1268
40 189 600 1 211 630
41 60 175 1 88 208
42 170 970 1 189 999
43 198 894 1 219 922
44 183 701 1 205 729
45 404 1193 1 423 1224
46 162 1086 1 181 1114
47 244 944 1 263 972
48 205 756 1 226 784
49 184 670 1 206 699
50 246 596 1 268 626
51 202 800 1 223 828
52 245 665 1 267 695
53 170 932 1 190 960
54 180 777 1 202 805
55 173 872 1 194 900
56 189 1040 1 207 1069
57 206 865 1 227 894
58 243 799 1 265 827
59 190 932 1 210 960
60 98 773 1 120 802
61 242 826 1 264 855
62 407 1234 1 426 1249
63 192 859 1 213 887
64 244 753 1 265 782
65 665 1248 1 681 1271
66 481 951 1 500 981
67 245 1037 1 263 1066
68 175 835 1 196 863
69 321 683 1 342 713
70 39 174 1 66 206
71 223 901 1 243 930
72 368 678 1 389 709
73 70 1013 1 91 1040
74 162 905 1 183 933
75 401 848 1 420 878
76 143 421 1 167 452
77 164 1042 1 184 1070
78 194 834 1 215 862
79 243 894 1 263 923
80 70 186 1 97 219
81 127 543 1 150 572
82 94 178 1 121 211
83 192 515 1 216 545
84 62 159 1 90 191
85 245 743 1 266 773
86 188 537 1 212 567
87 429 698 1 450 729
88 421 1229 1 439 1253
89 83 940 1 103 968
90 248 921 1 268 949
91 200 744 1 221 773
92 160 1122 1 179 1150
93 485 930 1 506 958
94 244 847 1 265 876
95 439 779 1 459 809
96 177 803 1 198 831
97 212 492 1 235 522
98 196 460 1 220 490
99 164 1075 1 182 1103
100 72 144 1 100 177
101 416 787 1 436 817
102 195 478 1 219 508
103 234 847 1 254 875
104 524 845 1 544 873
105 195 701 1 217 730
106 166 1003 1 186 1030
107 49 160 1 76 193
108 50 176 1 77 208
109 238 915 1 258 944
110 250 1232 1 267 1260
111 172 896 1 193 923
112 423 1242 1 442 1256
113 243 1072 1 262 1101
114 181 719 1 203 748
115 503 1112 1 521 1142
116 250 648 1 272 678
117 182 1072 1 201 1100
118 319 705 1 341 735
119 55 186 1 83 218
120 330 681 1 353 711
121 194 687 1 217 716
122 247 378 1 273 409
123 372 1218 1 389 1248
124 436 1246 1 454 1267
125 243 931 1 263 959
126 80 169 1 108 202
127 326 926 1 347 953
128 81 179 1 108 212
129 241 495 1 264 525
130 245 816 1 266 845
131 184 689 1 207 718
132 138 543 1 161 572
133 239 330 1 264 362
134 222 848 1 243 876
135 430 682 1 451 712
136 248 859 1 269 888
137 193 783 1 214 811
138 377 759 1 398 789
139 434 713 1 455 744
140 185 1000 1 204 1028
141 337 1248 1 354 1276
142 447 764 1 468 795
143 227 923 1 247 951
144 354 679 1 375 710
145 247 535 1 269 565
146 238 282 1 263 314
147 212 227 1 238 259
148 250 525 1 273 555
149 237 184 1 262 217
150 153 416 1 177 446
151 79 155 1 107 188
152 661 1237 1 677 1260
153 93 935 1 114 962
154 341 681 1 363 711
155 366 1062 1 384 1091
156 100 188 1 126 222
157 429 767 1 450 797
158 87 837 1 107 865
159 363 543 1 385 573
160 126 531 1 149 561
161 245 1156 1 263 1184
162 463 578 1 484 618
163 235 237 1 260 269
164 292 1180 1 310 1207
165 302 1207 1 319 1235
166 435 724 1 456 755
167 212 375 1 236 406
168 213 309 1 238 341
169 509 94 1 534 131
170 482 118 1 506 154
171 326 767 1 346 796
172 638 1251 1 654 1274
173 192 767 1 214 796
174 433 1037 1 452 1067
175 310 653 1 332 683
176 360 1018 1 379 1048
177 310 685 1 331 715
178 25 172 1 52 204
179 157 59 1 184 94
180 73 134 1 100 167
181 219 472 1 243 503
182 409 950 1 429 980
183 198 446 1 222 477
184 491 1117 1 510 1146
185 192 799 1 213 827
186 195 1089 1 213 1116
187 424 729 1 445 760
188 391 756 1 411 786
189 192 296 1 217 328
190 420 686 1 441 717
191 248 509 1 271 539
192 175 349 1 200 380
193 500 1102 1 518 1132
194 148 38 1 176 73
195 158 1160 1 176 1188
196 343 755 1 364 785
197 212 502 1 235 532
198 196 340 1 221 371
199 225 317 1 250 349
200 244 1139 1 262 1168
201 173 403 1 197 434
202 182 767 1 203 795
203 418 1013 1 437 1043
204 299 889 1 318 918
205 428 742 1 449 772
206 320 758 1 342 787
207 212 880 1 232 907
208 136 531 1 160 561
209 341 1137 1 360 1166
210 438 744 1 459 774
211 599 188 1 620 224
212 371 278 1 395 311
213 247 876 1 267 906
214 188 893 1 208 921
215 364 761 1 385 791
216 296 219 1 322 253
217 317 825 1 338 854
218 167 304 1 193 335
219 429 777 1 449 807
220 385 994 1 404 1023
221 299 1194 1 317 1222
222 433 1004 1 451 1034
223 209 362 1 234 393
224 230 828 1 251 857
225 196 60 1 223 95
226 362 760 1 383 790
227 364 847 1 384 877
228 244 341 1 269 372
229 197 425 1 221 455
230 225 868 1 245 897
231 159 330 1 184 361
232 384 923 1 404 952
233 222 880 1 242 909
234 357 261 1 382 295
235 342 1058 1 362 1086
236 263 189 1 288 222
237 192 753 1 214 782
238 658 1227 1 674 1250
239 331 1133 1 349 1161
240 86 146 1 113 179
241 183 379 1 208 410
242 260 935 1 280 963
243 440 41 1 465 78
244 282 949 1 302 978
245 557 624 1 578 652
246 185 280 1 210 312
247 236 299 1 261 330
248 261 370 1 287 401
249 371 978 1 390 1007
250 449 781 1 469 812
251 319 1073 1 339 1101
252 276 257 1 301 290
253 293 1082 1 313 1109
254 506 1215 1 524 1231
255 333 1156 1 351 1184
256 188 257 1 214 289
257 39 164 1 67 197
258 206 346 1 231 377
259 413 673 1 434 704
260 302 1175 1 321 1203
261 224 233 1 249 265
262 388 784 1 410 814
263 223 180 1 249 213
264 162 358 1 188 389
265 342 313 1 366 346
266 194 247 1 219 279
267 432 1119 1 450 1149
268 233 194 1 258 227
269 418 773 1 439 804
270 169 260 1 194 292
271 418 751 1 438 782
272 87 132 1 114 165
273 277 1251 1 294 1278
274 325 1122 1 343 1150
275 70 169 1 97 202
276 284 918 1 304 947
277 218 299 1 244 331
278 318 1004 1 336 1033
279 253 316 1 278 348
280 228 912 1 248 940
281 284 1151 1 302 1179
282 370 1147 1 389 1175
283 587 52 1 610 92
284 261 1196 1 277 1225
285 442 955 1 461 986
286 355 274 1 380 307
287 486 107 1 511 144
288 193 34 1 220 69
289 413 1205 1 430 1235
290 276 574 1 299 604
291 362 856 1 382 886
292 426 354 1 450 386
293 445 1139 1 463 1168
294 317 1222 1 335 1250
295 221 891 1 241 920
296 438 364 1 462 396
297 345 768 1 366 798
298 274 1241 1 292 1268
299 295 916 1 315 945
300 356 948 1 377 976
301 305 305 1 331 337
302 178 200 1 204 233
303 264 456 1 289 487
304 415 1039 1 435 1069
305 213 798 1 234 827
306 174 664 1 196 693
307 363 1112 1 381 1142
308 189 231 1 214 263
309 480 1235 1 500 1248
310 500 992 1 519 1021
311 285 884 1 305 913
312 182 120 1 208 154
313 436 903 1 456 932
314 172 905 1 192 933
315 203 291 1 228 324
316 298 1022 1 318 1049
317 346 786 1 366 816
318 351 1048 1 371 1076
319 318 1060 1 337 1088
320 182 370 1 207 400
321 306 1059 1 326 1088
322 351 633 1 373 664
323 207 213 1 233 246
324 301 872 1 321 903
325 503 1123 1 522 1153
326 242 429 1 266 460
327 355 648 1 377 679
328 397 1066 1 416 1096
329 278 240 1 302 273
330 289 246 1 314 279
331 273 193 1 298 227
332 229 383 1 253 414
333 248 304 1 273 335
334 253 909 1 273 937
335 482 961 1 502 991
336 254 1186 1 272 1214
337 431 1014 1 450 1044
338 213 190 1 239 223
339 204 834 1 225 862
340 243 315 1 268 347
341 414 976 1 434 1007
342 319 568 1 341 599
343 283 183 1 308 217
344 306 1219 1 324 1247
345 640 1068 1 658 1090
346 361 1088 1 380 1117
347 179 249 1 204 282
348 228 247 1 254 279
349 299 266 1 324 299
350 153 70 1 180 104
351 398 950 1 418 980
352 292 187 1 317 220
353 314 234 1 339 267
354 473 1015 1 491 1045
355 201 256 1 227 289
356 308 1069 1 327 1098
357 371 989 1 391 1018
358 251 232 1 277 264
359 344 869 1 364 898
360 198 319 1 223 351
361 247 441 1 271 472
362 267 237 1 291 270
363 480 913 1 499 942
364 145 344 1 171 374
365 189 267 1 215 299
366 551 54 1 575 93
367 314 582 1 336 613
368 184 326 1 209 357
369 412 1244 1 431 1258
370 531 284 1 553 318
371 252 330 1 277 362
372 451 1149 1 469 1179
373 337 698 1 359 729
374 183 316 1 208 348
375 264 253 1 289 286
376 353 829 1 373 858
377 474 62 1 499 99
378 279 971 1 298 1000
379 271 1187 1 289 1215
380 202 932 1 221 960
381 245 355 1 269 386
382 485 1105 1 504 1134
383 264 329 1 289 361
384 336 1068 1 355 1096
385 407 768 1 427 798
386 327 487 1 349 518
387 260 987 1 279 1015
388 281 898 1 300 927
389 386 1024 1 405 1053
390 286 266 1 311 298
391 437 50 1 463 88
392 472 1004 1 490 1034
393 148 123 1 175 157
394 264 221 1 289 254
395 524 856 1 544 885
396 161 207 1 187 240
397 409 729 1 431 759
398 362 1043 1 380 1071
399 422 716 1 442 747
400 296 932 1 315 961
401 434 829 1 454 859
402 95 953 1 115 981
403 333 1057 1 352 1085
404 214 320 1 239 352
405 199 403 1 224 434
406 458 956 1 477 986
407 296 1148 1 315 1175
408 370 232 1 394 265
409 555 381 1 577 414
410 287 829 1 308 857
411 262 853 1 283 881
412 293 1063 1 312 1090
413 353 966 1 372 995
414 288 1198 1 306 1225
415 296 648 1 318 677
416 408 684 1 429 714
417 298 1137 1 316 1164
418 393 815 1 414 846
419 372 1033 1 391 1062
420 424 366 1 448 398
421 52 1015 1 72 1042
422 137 70 1 164 105
423 200 85 1 227 119
424 354 707 1 376 737
425 247 193 1 273 226
426 276 227 1 301 260
427 300 666 1 323 696
428 208 462 1 231 493
429 397 832 1 417 862
430 338 671 1 359 701
431 258 1156 1 276 1184
432 213 200 1 239 233
433 560 28 1 583 69
434 494 911 1 514 940
435 196 331 1 221 362
436 299 810 1 320 840
437 346 977 1 366 1005
438 287 1160 1 306 1188
439 274 291 1 299 323
440 453 580 1 473 620
441 490 1141 1 508 1170
442 383 1034 1 401 1063
443 246 292 1 271 324
444 468 943 1 488 973
445 201 414 1 225 444
446 407 704 1 428 734
447 230 327 1 254 358
448 260 1208 1 277 1236
449 173 287 1 199 319
450 252 888 1 272 917
451 174 269 1 200 301
452 172 339 1 197 370
453 310 270 1 334 303
454 387 621 1 409 649
455 216 351 1 241 382
456 428 1026 1 447 1056
457 187 447 1 211 478
458 372 1043 1 391 1073
459 344 1153 1 362 1182
460 165 273 1 191 305
461 226 424 1 250 455
462 299 1165 1 316 1193
463 272 852 1 293 880
464 164 93 1 191 127
465 292 904 1 312 933
466 259 508 1 282 539
467 290 256 1 315 288
468 199 388 1 223 419
469 340 986 1 359 1015
470 291 661 1 313 691
471 359 1133 1 378 1162
472 432 1069 1 450 1099
473 333 1028 1 353 1057
474 285 620 1 307 650
475 573 459 1 594 490
476 91 165 1 118 198
477 276 1224 1 294 1251
478 212 419 1 236 450
479 180 391 1 204 422
480 412 1051 1 431 1081
481 370 1187 1 387 1216
482 242 257 1 268 290
483 314 914 1 334 944
484 316 1201 1 334 1229
485 381 982 1 400 1011
486 289 818 1 309 846
487 266 1230 1 283 1257
488 208 244 1 234 277
489 283 935 1 302 964
490 434 1184 1 452 1213
491 274 1173 1 292 1201
492 262 864 1 282 893
493 274 217 1 300 249
494 199 266 1 224 299
495 302 826 1 323 855
496 351 1110 1 370 1138
497 169 326 1 194 358
498 318 953 1 338 982
499 350 1032 1 368 1060
500 288 1239 1 306 1266
501 300 1124 1 318 1152
502 288 1130 1 306 1159
503 371 1019 1 389 1049
504 273 925 1 293 954
505 411 738 1 432 769
506 477 1056 1 495 1086
507 162 69 1 189 104
508 126 158 1 153 191
509 433 1057 1 452 1087
510 128 38 1 157 73
511 285 1013 1 305 1040
512 385 1148 1 403 1177
513 281 841 1 302 870
514 263 291 1 288 324
515 211 512 1 234 543
516 256 801 1 277 830
517 187 352 1 212 384
518 244 1018 1 263 1046
519 315 1115 1 333 1142
520 193 363 1 218 394
521 200 188 1 226 221
522 339 1088 1 357 1116
523 482 1207 1 499 1236
524 260 617 1 283 646
525 202 178 1 228 211
526 201 117 1 227 150
527 528 163 1 552 199
528 443 969 1 462 998
529 451 1017 1 470 1046
530 390 962 1 409 991
531 313 976 1 332 1005
532 318 1212 1 336 1239
533 270 1146 1 288 1174
534 397 766 1 418 796
535 296 1039 1 315 1066
536 219 247 1 244 280
537 350 1085 1 368 1113
538 314 641 1 336 671
539 233 889 1 253 917
540 254 793 1 275 821
541 456 1043 1 475 1072
542 309 1186 1 327 1214
543 479 1027 1 498 1057
544 515 78 1 539 115
545 180 305 1 205 336
546 321 1094 1 339 1122
547 329 898 1 350 927
548 265 805 1 286 834
549 148 546 1 172 576
550 539 50 1 563 88
551 338 954 1 357 983
552 259 527 1 282 558
553 218 334 1 243 366
554 213 408 1 237 438
555 440 925 1 459 953
556 276 812 1 297 841
557 450 1072 1 468 1102
558 365 623 1 386 651
559 270 315 1 295 347
560 334 1099 1 352 1127
561 210 277 1 235 309
562 238 1247 1 255 1275
563 315 815 1 337 845
564 293 942 1 312 971
565 222 277 1 247 310
566 409 1070 1 428 1100
567 279 633 1 302 663
568 187 210 1 213 243
569 330 574 1 352 604
