0 204 756 1 225 794
1 211 630 1 232 669
2 246 687 1 267 725
3 251 549 1 271 588
4 245 768 1 266 806
5 211 605 1 231 644
6 242 961 1 264 998
7 207 705 1 228 743
8 240 1076 1 262 1114
9 188 633 1 209 672
10 249 602 1 269 641
11 192 566 1 213 605
12 246 703 1 267 742
13 198 838 1 220 876
14 248 615 1 269 653
15 239 1092 1 261 1129
16 247 673 1 268 711
17 239 1106 1 262 1143
18 181 1080 1 203 1116
19 245 755 1 266 792
20 190 862 1 212 899
21 207 690 1 229 729
22 250 537 1 270 576
23 242 946 1 263 983
24 241 988 1 263 1024
25 209 669 1 229 707
26 209 659 1 230 698
27 243 779 1 265 816
28 198 488 1 219 528
29 248 628 1 268 667
30 186 1090 1 209 1127
31 197 706 1 217 744
32 206 679 1 227 718
33 250 561 1 270 600
34 242 975 1 264 1011
35 190 1064 1 212 1101
36 476 1222 1 499 1249
37 193 991 1 215 1028
38 390 841 1 411 879
39 180 737 1 202 775
40 645 1245 1 665 1266
41 191 590 1 212 629
42 66 162 1 88 207
43 168 960 1 190 999
44 198 885 1 220 922
45 184 691 1 206 729
46 400 1186 1 423 1223
47 159 1076 1 182 1113
48 242 935 1 264 971
49 205 745 1 227 784
50 185 660 1 207 698
51 248 587 1 269 626
52 202 790 1 224 828
53 247 656 1 268 694
54 169 922 1 191 960
55 180 767 1 202 805
56 172 862 1 194 899
57 186 1031 1 207 1068
58 206 856 1 228 893
59 243 789 1 265 827
60 189 922 1 211 959
61 99 762 1 120 801
62 661 1249 1 681 1269
63 242 817 1 264 854
64 402 1232 1 425 1260
65 191 849 1 213 886
66 245 744 1 266 782
67 480 946 1 500 980
68 242 1028 1 263 1065
69 174 825 1 196 862
70 322 675 1 343 713
71 45 161 1 67 206
72 222 892 1 244 929
73 369 670 1 389 708
74 67 1002 1 91 1040
75 161 895 1 183 932
76 400 840 1 421 878
77 147 410 1 167 451
78 161 1032 1 184 1069
79 193 824 1 215 862
80 77 173 1 98 219
81 130 532 1 151 571
82 101 166 1 122 210
83 196 504 1 216 544
84 68 147 1 91 191
85 246 734 1 266 772
86 191 526 1 212 566
87 430 691 1 450 728
88 416 1227 1 439 1252
89 81 929 1 104 967
90 247 912 1 269 948
91 201 734 1 222 773
92 157 1112 1 180 1149
93 484 924 1 506 957
94 243 838 1 265 876
95 440 772 1 459 809
96 176 793 1 198 831
97 215 481 1 236 521
98 200 450 1 220 490
99 161 1065 1 183 1102
100 79 132 1 100 177
101 417 780 1 437 817
102 198 467 1 219 508
103 233 837 1 254 875
104 524 840 1 545 873
105 196 691 1 217 730
106 164 993 1 186 1030
107 55 147 1 77 193
108 56 163 1 78 208
109 237 906 1 258 943
110 245 1224 1 268 1259
111 171 886 1 193 923
112 418 1240 1 441 1266
113 240 1064 1 262 1101
114 182 709 1 204 748
115 500 1107 1 521 1141
116 252 638 1 272 677
117 179 1062 1 202 1100
118 320 697 1 341 735
119 62 173 1 83 217
120 332 673 1 353 711
121 486 1228 1 509 1254
122 196 677 1 217 715
123 251 369 1 273 408
124 367 1211 1 390 1247
125 431 1245 1 454 1265
126 241 922 1 263 958
127 87 157 1 108 202
128 324 919 1 347 952
129 87 167 1 108 212
130 245 485 1 265 525
131 245 807 1 266 844
132 185 679 1 207 718
133 140 532 1 161 572
134 245 320 1 265 361
135 222 839 1 243 876
136 432 675 1 451 712
137 248 850 1 270 887
138 193 773 1 214 811
139 378 751 1 398 788
140 435 706 1 455 743
141 182 990 1 204 1027
142 332 1241 1 355 1275
143 448 758 1 468 795
144 225 913 1 248 950
145 355 671 1 375 709
146 250 525 1 270 565
147 243 272 1 263 314
148 218 216 1 238 259
149 254 515 1 274 555
150 243 173 1 262 217
151 157 405 1 178 446
152 85 143 1 107 188
153 657 1237 1 677 1259
154 91 924 1 114 962
155 343 672 1 363 710
156 363 1055 1 384 1091
157 106 176 1 127 221
158 430 760 1 450 796
159 87 825 1 108 865
160 366 534 1 385 573
161 128 520 1 150 560
162 241 1147 1 263 1183
163 466 565 1 485 618
164 241 226 1 260 269
165 287 1173 1 311 1206
166 297 1200 1 320 1234
167 436 717 1 457 754
168 216 365 1 237 406
169 219 299 1 239 340
170 518 85 1 534 131
171 491 109 1 506 154
172 326 759 1 347 796
173 633 1251 1 654 1272
174 193 757 1 214 795
175 430 1031 1 452 1066
176 312 644 1 332 682
177 357 1011 1 379 1047
178 311 677 1 331 715
179 31 159 1 52 204
180 165 47 1 184 93
181 79 122 1 101 167
182 223 462 1 243 502
183 408 943 1 429 980
184 202 436 1 222 477
185 194 210 1 214 253
186 488 1111 1 510 1145
187 192 789 1 213 827
188 191 1079 1 213 1116
189 425 722 1 446 759
190 392 748 1 412 786
191 197 285 1 217 327
192 421 678 1 441 717
193 252 499 1 271 538
194 441 1237 1 464 1260
195 180 338 1 201 380
196 497 1097 1 518 1131
197 156 26 1 176 73
198 154 1150 1 176 1187
199 344 747 1 364 784
200 215 492 1 236 532
201 201 330 1 221 370
202 230 307 1 251 349
203 240 1130 1 263 1167
204 177 393 1 198 434
205 182 757 1 203 794
206 415 1007 1 437 1042
207 299 881 1 318 917
208 429 735 1 449 772
209 211 871 1 233 907
210 139 520 1 160 560
211 337 1130 1 360 1165
212 439 736 1 460 774
213 607 181 1 620 224
214 377 269 1 395 310
215 246 867 1 267 905
216 187 883 1 209 920
217 365 753 1 385 790
218 303 209 1 322 252
219 173 293 1 193 335
220 430 770 1 450 807
221 383 987 1 405 1023
222 294 1186 1 318 1221
223 431 997 1 451 1033
224 214 352 1 234 393
225 230 818 1 251 856
226 205 48 1 224 94
227 363 752 1 384 789
228 364 839 1 385 876
229 249 331 1 269 372
230 200 414 1 221 455
231 224 859 1 245 896
232 163 319 1 184 361
233 383 917 1 405 951
234 221 870 1 242 908
235 339 1051 1 362 1086
236 270 178 1 289 222
237 193 744 1 214 782
238 654 1227 1 674 1248
239 327 1125 1 349 1160
240 93 133 1 114 179
241 187 368 1 208 409
242 258 926 1 280 963
243 449 30 1 465 78
244 280 940 1 302 977
245 559 619 1 578 652
246 190 269 1 211 312
247 241 288 1 261 330
248 265 361 1 287 401
249 369 970 1 391 1006
250 450 774 1 470 812
251 316 1066 1 339 1100
252 282 247 1 301 290
253 290 1074 1 313 1109
254 500 1214 1 523 1242
255 329 1149 1 351 1184
256 194 246 1 214 289
257 45 151 1 67 196
258 211 335 1 232 377
259 415 666 1 435 703
260 298 1168 1 321 1202
261 230 222 1 250 265
262 389 776 1 410 813
263 229 169 1 249 213
264 167 347 1 188 389
265 347 304 1 366 345
266 200 236 1 220 279
267 428 1113 1 450 1148
268 239 183 1 258 227
269 419 766 1 439 804
270 175 248 1 195 292
271 418 744 1 439 781
272 94 119 1 114 165
273 272 1243 1 295 1277
274 590 1194 1 610 1214
275 321 1115 1 343 1149
276 76 157 1 98 202
277 282 910 1 304 946
278 223 288 1 244 330
279 315 996 1 337 1032
280 258 306 1 278 347
281 226 902 1 248 939
282 280 1144 1 303 1178
283 366 1140 1 389 1174
284 597 43 1 609 92
285 315 816 1 338 854
286 256 1188 1 278 1224
287 440 949 1 461 985
288 361 265 1 380 307
289 495 98 1 511 144
290 408 1198 1 430 1234
291 279 565 1 300 604
292 362 848 1 383 886
293 431 346 1 450 386
294 441 1133 1 463 1167
295 312 1215 1 335 1249
296 220 882 1 241 919
297 362 255 1 382 295
298 443 356 1 462 395
299 345 760 1 366 798
300 269 1233 1 292 1267
301 294 907 1 316 944
302 354 941 1 377 975
303 310 296 1 331 336
304 185 189 1 205 233
305 267 446 1 290 487
306 413 1032 1 435 1068
307 214 789 1 234 826
308 176 654 1 197 693
309 359 1105 1 381 1141
310 195 220 1 214 263
311 474 1234 1 497 1256
312 498 987 1 519 1020
313 284 875 1 306 912
314 189 109 1 209 154
315 435 896 1 456 931
316 171 895 1 193 933
317 208 281 1 228 323
318 295 1014 1 318 1048
319 346 778 1 367 816
320 348 1041 1 371 1075
321 315 1053 1 337 1087
322 187 359 1 208 400
323 303 1052 1 326 1087
324 353 625 1 373 663
325 214 202 1 234 245
326 301 864 1 321 902
327 500 1118 1 522 1152
328 246 419 1 266 459
329 357 640 1 378 678
330 394 1058 1 416 1095
331 284 230 1 302 273
332 295 236 1 314 279
333 280 183 1 299 226
334 233 373 1 254 414
335 253 293 1 273 335
336 252 900 1 274 937
337 481 955 1 503 990
338 250 1178 1 272 1214
339 428 1007 1 450 1043
340 220 179 1 240 223
341 204 824 1 225 862
342 248 305 1 268 346
343 412 969 1 434 1006
344 322 560 1 341 598
345 290 173 1 308 217
346 302 1212 1 324 1246
347 639 1067 1 657 1089
348 357 1082 1 381 1116
349 184 239 1 204 282
350 234 236 1 255 279
351 323 748 1 343 786
352 305 257 1 325 299
353 161 58 1 180 104
354 397 942 1 418 979
355 299 176 1 318 220
356 320 224 1 339 267
357 470 1009 1 492 1044
358 207 246 1 227 289
359 305 1062 1 328 1097
360 369 982 1 391 1017
361 257 221 1 277 264
362 343 861 1 365 897
363 203 309 1 223 350
364 251 432 1 271 472
365 273 227 1 292 270
366 479 908 1 499 941
367 150 333 1 171 374
368 195 256 1 215 299
369 561 45 1 574 94
370 316 573 1 337 612
371 189 315 1 210 357
372 407 1243 1 431 1269
373 537 277 1 553 317
374 257 320 1 277 362
375 447 1143 1 469 1178
376 339 690 1 359 728
377 188 306 1 209 347
378 270 243 1 289 285
379 353 821 1 374 858
380 483 53 1 499 99
381 277 962 1 298 999
382 267 1178 1 290 1214
383 200 922 1 222 959
384 250 345 1 270 386
385 482 1099 1 504 1133
386 269 319 1 289 361
387 333 1061 1 356 1095
388 407 760 1 428 798
389 330 478 1 350 517
390 258 978 1 280 1015
391 280 889 1 301 926
392 384 1017 1 405 1053
393 292 256 1 312 298
394 446 40 1 463 88
395 469 998 1 491 1033
396 155 111 1 175 156
397 271 210 1 290 253
398 524 851 1 545 884
399 168 196 1 187 240
400 411 722 1 431 759
401 423 709 1 443 746
402 294 923 1 316 960
403 434 822 1 454 858
404 93 942 1 115 980
405 331 1049 1 352 1084
406 219 310 1 240 351
407 203 393 1 224 434
408 441 1226 1 464 1253
409 456 949 1 478 985
410 292 1140 1 315 1175
411 376 222 1 395 265
412 561 375 1 576 413
413 287 820 1 309 857
414 261 843 1 283 881
415 290 1055 1 312 1089
416 351 959 1 372 994
417 283 1190 1 306 1225
418 298 639 1 318 677
419 409 676 1 429 714
420 295 1129 1 316 1164
421 393 808 1 414 845
422 370 1025 1 391 1061
423 429 358 1 448 397
424 50 1004 1 72 1042
425 144 59 1 164 105
426 208 73 1 227 119
427 356 699 1 376 737
428 254 182 1 273 226
429 282 217 1 301 260
430 301 656 1 323 695
431 211 452 1 231 492
432 397 825 1 417 862
433 340 663 1 360 701
434 254 1147 1 277 1183
435 219 189 1 239 233
436 493 906 1 514 939
437 200 320 1 221 361
438 299 801 1 320 839
439 358 1039 1 381 1071
440 344 969 1 366 1004
441 279 281 1 299 323
442 456 567 1 474 620
443 486 1135 1 509 1169
444 380 1027 1 402 1062
445 252 281 1 272 324
446 466 936 1 488 972
447 205 403 1 226 444
448 409 697 1 428 734
449 235 317 1 255 358
450 255 1200 1 278 1235
451 178 276 1 199 318
452 251 879 1 272 916
453 180 258 1 200 301
454 177 328 1 198 370
455 316 260 1 335 303
456 389 615 1 409 648
457 221 341 1 241 382
458 426 1019 1 447 1055
459 191 437 1 211 478
460 369 1036 1 391 1072
461 340 1146 1 362 1181
462 170 262 1 191 305
463 230 414 1 250 454
464 294 1158 1 316 1192
465 272 843 1 293 880
466 172 81 1 191 126
467 291 895 1 312 932
468 262 498 1 282 539
469 296 246 1 315 288
470 203 378 1 224 419
471 338 979 1 359 1014
472 293 652 1 314 691
473 355 1126 1 378 1161
474 428 1063 1 450 1098
475 331 1020 1 353 1056
476 287 611 1 308 650
477 578 453 1 594 489
478 97 153 1 119 198
479 271 1216 1 294 1250
480 216 409 1 237 450
481 184 380 1 205 422
482 409 1044 1 431 1080
483 365 1180 1 388 1215
484 248 247 1 268 289
485 313 906 1 334 943
486 311 1194 1 334 1228
487 379 975 1 401 1011
488 289 809 1 310 846
489 261 1222 1 284 1256
490 214 233 1 234 276
491 281 927 1 303 964
492 430 1178 1 453 1213
493 269 1165 1 292 1200
494 261 855 1 282 892
495 281 207 1 300 249
496 205 255 1 225 298
497 302 817 1 323 854
498 347 1103 1 370 1137
499 174 316 1 195 357
500 316 944 1 338 981
501 347 1024 1 369 1059
502 283 1232 1 306 1265
503 296 1117 1 318 1152
504 284 1123 1 306 1158
505 369 1012 1 390 1048
506 272 916 1 293 953
507 201 24 1 221 69
508 412 731 1 432 768
509 474 1050 1 496 1085
510 169 57 1 190 104
511 132 146 1 153 191
512 430 1051 1 452 1086
513 136 26 1 157 73
514 282 1004 1 305 1039
515 381 1141 1 404 1176
516 280 833 1 302 870
517 268 281 1 288 323
518 214 502 1 234 542
519 256 792 1 277 830
520 192 342 1 212 383
521 242 1009 1 264 1046
522 311 1108 1 334 1142
523 198 352 1 219 393
524 206 177 1 227 220
525 335 1081 1 358 1116
526 477 1201 1 499 1235
527 262 607 1 283 646
528 209 167 1 229 211
529 207 105 1 227 150
530 536 155 1 552 199
531 441 962 1 463 997
532 449 1011 1 470 1046
533 388 955 1 409 990
534 311 968 1 333 1004
535 314 1204 1 337 1239
536 266 1137 1 288 1174
537 397 758 1 418 795
538 293 1030 1 315 1065
539 225 237 1 244 280
540 346 1078 1 368 1112
541 316 632 1 336 671
542 232 880 1 253 916
543 254 784 1 275 820
544 454 1036 1 475 1071
545 304 1179 1 327 1213
546 476 1021 1 498 1056
547 524 69 1 539 115
548 185 294 1 206 336
549 317 1087 1 340 1121
550 328 890 1 350 926
551 265 796 1 287 833
552 151 536 1 172 575
553 548 41 1 563 88
554 336 946 1 358 983
555 263 518 1 283 557
556 223 324 1 243 365
557 217 397 1 237 438
558 438 919 1 459 953
559 276 803 1 297 840
560 447 1066 1 469 1101
561 367 616 1 386 650
562 276 305 1 295 346
563 330 1092 1 353 1127
564 215 267 1 235 309
565 233 1238 1 256 1274
566 315 807 1 337 844
567 291 933 1 313 970
568 227 267 1 247 309
569 406 1064 1 428 1099
570 281 624 1 302 663
571 193 199 1 213 242
572 333 565 1 353 604
