0 229 753 1 224 797
1 272 684 1 267 727
2 214 630 1 208 673
3 278 546 1 271 589
4 241 537 1 234 581
5 269 766 1 265 808
6 237 602 1 231 645
7 263 960 1 263 1002
8 232 702 1 227 745
9 260 1076 1 261 1119
10 237 627 1 231 671
11 220 562 1 212 606
12 275 600 1 269 642
13 271 701 1 266 744
14 260 1092 1 261 1135
15 275 612 1 268 654
16 273 671 1 267 712
17 258 1106 1 261 1149
18 201 1078 1 202 1122
19 269 752 1 265 795
20 213 860 1 211 903
21 232 687 1 228 731
22 277 534 1 270 577
23 264 945 1 263 988
24 262 987 1 262 1029
25 235 665 1 228 709
26 235 656 1 229 700
27 267 777 1 264 819
28 261 1053 1 262 1095
29 226 484 1 218 528
30 274 625 1 268 668
31 206 1088 1 208 1133
32 231 677 1 226 720
33 276 558 1 269 601
34 263 974 1 263 1016
35 222 836 1 219 879
36 210 1063 1 211 1107
37 214 989 1 214 1032
38 414 842 1 412 882
39 205 735 1 201 778
40 218 586 1 211 630
41 190 958 1 189 1003
42 133 160 1 120 209
43 97 156 1 85 206
44 220 882 1 218 926
45 210 688 1 205 731
46 419 1190 1 423 1230
47 496 1239 1 500 1268
48 179 1074 1 180 1119
49 264 933 1 263 976
50 230 743 1 226 786
51 211 657 1 206 700
52 100 141 1 88 189
53 275 584 1 268 627
54 226 788 1 223 831
55 273 653 1 267 696
56 191 920 1 189 964
57 205 764 1 201 807
58 195 859 1 193 903
59 207 1030 1 206 1074
60 229 853 1 227 897
61 123 757 1 120 802
62 249 847 1 247 890
63 268 788 1 264 830
64 210 920 1 210 963
65 266 815 1 263 857
66 421 1248 1 425 1279
67 214 846 1 212 890
68 269 742 1 265 784
69 595 567 1 584 600
70 221 704 1 216 747
71 509 929 1 507 965
72 91 999 1 89 1044
73 262 1028 1 262 1071
74 387 598 1 380 639
75 198 822 1 195 866
76 349 673 1 343 714
77 245 890 1 243 933
78 503 950 1 501 986
79 184 892 1 182 936
80 424 841 1 421 881
81 176 405 1 166 451
82 182 1030 1 183 1074
83 75 154 1 63 204
84 216 821 1 214 865
85 107 167 1 95 217
86 157 527 1 149 572
87 156 278 1 144 325
88 223 501 1 215 545
89 270 732 1 266 774
90 219 522 1 211 567
91 103 927 1 102 971
92 457 692 1 451 731
93 434 1240 1 439 1272
94 269 911 1 268 952
95 225 732 1 221 775
96 176 1110 1 178 1156
97 267 836 1 265 879
98 200 790 1 197 833
99 244 478 1 235 521
100 228 446 1 219 490
101 180 1063 1 181 1107
102 441 780 1 437 820
103 226 464 1 218 508
104 256 836 1 254 878
105 549 846 1 546 881
106 222 688 1 216 732
107 185 991 1 185 1035
108 86 141 1 74 191
109 259 905 1 258 947
110 262 1225 1 267 1268
111 194 883 1 192 926
112 436 1254 1 441 1287
113 260 1063 1 261 1106
114 396 670 1 389 710
115 110 126 1 98 175
116 207 706 1 202 750
117 521 1114 1 522 1151
118 278 636 1 272 679
119 199 1061 1 201 1105
120 347 923 1 346 960
121 92 166 1 81 216
122 452 1033 1 452 1072
123 357 671 1 353 713
124 117 137 1 105 186
125 221 674 1 216 717
126 597 577 1 588 611
127 279 367 1 270 410
128 385 1214 1 390 1255
129 263 921 1 262 962
130 346 724 1 341 765
131 118 151 1 106 200
132 118 161 1 106 210
133 273 481 1 264 525
134 458 675 1 452 714
135 168 527 1 160 573
136 110 115 1 98 165
137 85 153 1 73 203
138 274 316 1 263 361
139 218 767 1 213 813
140 250 212 1 237 258
141 346 696 1 341 737
142 271 849 1 269 890
143 403 751 1 398 791
144 461 706 1 456 745
145 264 883 1 261 925
146 203 988 1 203 1032
147 349 1244 1 354 1285
148 473 759 1 469 798
149 475 776 1 470 815
150 247 912 1 247 954
151 269 805 1 265 847
152 381 670 1 375 711
153 231 325 1 220 370
154 277 522 1 269 566
155 455 737 1 450 775
156 273 268 1 262 313
157 281 512 1 273 555
158 186 401 1 177 446
159 113 920 1 112 966
160 369 671 1 363 712
161 137 170 1 124 220
162 455 760 1 451 799
163 305 1177 1 309 1217
164 209 881 1 208 924
165 110 820 1 107 866
166 156 516 1 148 561
167 260 1147 1 262 1190
168 211 677 1 206 720
169 349 1075 1 350 1115
170 180 913 1 179 955
171 315 1204 1 319 1244
172 273 223 1 259 268
173 462 717 1 457 756
174 245 362 1 235 406
175 248 294 1 237 340
176 555 79 1 536 125
177 526 105 1 507 149
178 351 758 1 347 798
179 217 755 1 213 798
180 275 168 1 261 215
181 122 127 1 111 177
182 460 1254 1 464 1284
183 339 640 1 333 683
184 379 1013 1 379 1053
185 337 675 1 331 716
186 251 458 1 242 503
187 430 944 1 430 984
188 230 432 1 221 477
189 225 205 1 212 252
190 509 1118 1 511 1154
191 215 786 1 212 830
192 448 680 1 442 718
193 211 1078 1 212 1122
194 451 723 1 446 762
195 417 748 1 412 788
196 346 1129 1 349 1169
197 227 281 1 216 327
198 262 218 1 248 264
199 279 496 1 271 539
200 209 334 1 199 380
201 518 1104 1 520 1140
202 172 1149 1 175 1193
203 369 746 1 365 787
204 243 488 1 235 532
205 585 1222 1 587 1247
206 260 303 1 250 348
207 259 1130 1 262 1173
208 206 388 1 196 434
209 437 1010 1 438 1048
210 268 867 1 267 909
211 336 998 1 336 1038
212 234 869 1 232 910
213 444 768 1 439 807
214 166 515 1 159 561
215 237 905 1 236 947
216 465 738 1 460 776
217 408 266 1 395 310
218 390 752 1 386 793
219 334 206 1 321 251
220 521 994 1 520 1029
221 202 288 1 191 334
222 405 1143 1 404 1185
223 405 989 1 405 1029
224 313 1190 1 317 1231
225 453 1000 1 452 1039
226 243 348 1 233 393
227 238 43 1 223 92
228 312 1134 1 315 1173
229 388 751 1 384 792
230 387 840 1 385 879
231 278 327 1 268 371
232 229 410 1 220 455
233 306 1099 1 307 1138
234 247 857 1 244 899
235 193 314 1 182 360
236 406 921 1 404 959
237 244 868 1 242 912
238 507 1247 1 511 1276
239 359 1055 1 361 1094
240 294 916 1 293 957
241 301 174 1 288 220
242 217 741 1 213 784
243 216 364 1 206 409
244 280 925 1 279 967
245 455 771 1 450 809
246 246 836 1 242 879
247 302 940 1 301 982
248 220 264 1 209 311
249 355 840 1 353 880
250 271 285 1 260 329
251 294 359 1 284 402
252 391 972 1 391 1012
253 313 243 1 300 288
254 646 178 1 625 220
255 521 1230 1 524 1261
256 348 1153 1 351 1193
257 388 1015 1 390 1054
258 337 1069 1 339 1108
259 224 241 1 212 288
260 347 258 1 334 302
261 76 145 1 64 194
262 241 331 1 230 377
263 441 666 1 435 705
264 316 1171 1 320 1211
265 267 1163 1 270 1205
266 414 776 1 411 816
267 320 880 1 318 921
268 196 343 1 187 389
269 491 940 1 489 978
270 378 301 1 366 345
271 341 1118 1 343 1157
272 230 231 1 218 278
273 448 1117 1 451 1156
274 285 843 1 283 884
275 270 178 1 257 225
276 348 959 1 348 999
277 205 244 1 193 291
278 444 745 1 439 784
279 388 883 1 386 921
280 126 112 1 112 163
281 612 1214 1 614 1239
282 310 1077 1 312 1116
283 107 151 1 95 200
284 253 284 1 242 330
285 289 302 1 277 347
286 249 901 1 247 943
287 299 1147 1 302 1187
288 387 1144 1 389 1182
289 198 41 1 183 91
290 418 809 1 414 848
291 463 951 1 462 990
292 344 572 1 336 614
293 392 262 1 379 306
294 530 95 1 512 139
295 291 228 1 279 273
296 427 1202 1 431 1242
297 385 639 1 378 679
298 385 848 1 383 889
299 462 346 1 450 386
300 461 1138 1 464 1176
301 322 1061 1 323 1100
302 330 1219 1 334 1259
303 243 880 1 241 923
304 474 356 1 462 396
305 370 759 1 366 800
306 638 563 1 625 594
307 316 907 1 315 948
308 299 316 1 288 360
309 376 942 1 377 980
310 340 293 1 329 336
311 216 184 1 203 231
312 339 815 1 338 857
313 584 571 1 574 605
314 435 1035 1 435 1074
315 238 786 1 233 829
316 379 1107 1 381 1148
317 394 529 1 386 573
318 226 215 1 213 262
319 494 1252 1 498 1281
320 305 909 1 303 951
321 307 875 1 305 916
322 221 103 1 207 152
323 458 899 1 457 937
324 193 893 1 192 936
325 238 277 1 227 322
326 61 151 1 49 202
327 371 778 1 367 818
328 368 1044 1 371 1083
329 331 173 1 317 218
330 216 355 1 206 400
331 435 972 1 434 1011
332 201 651 1 196 694
333 380 623 1 373 665
334 245 197 1 232 244
335 347 747 1 343 789
336 520 1125 1 524 1162
337 275 416 1 265 460
338 341 828 1 337 869
339 415 1060 1 417 1100
340 315 226 1 302 272
341 326 233 1 313 277
342 311 179 1 298 225
343 440 700 1 435 740
344 263 370 1 252 414
345 284 290 1 272 334
346 274 899 1 273 941
347 309 1032 1 310 1072
348 268 1179 1 271 1221
349 450 1010 1 451 1049
350 204 961 1 204 1005
351 227 822 1 224 865
352 279 301 1 267 346
353 307 562 1 299 604
354 322 867 1 321 906
355 321 169 1 307 215
356 319 1215 1 323 1256
357 377 1086 1 380 1125
358 215 234 1 203 280
359 454 665 1 448 704
360 302 1128 1 305 1167
361 298 1188 1 302 1228
362 336 253 1 324 298
363 193 52 1 179 102
364 419 944 1 419 983
365 302 1236 1 305 1276
366 351 887 1 350 930
367 367 860 1 364 901
368 352 220 1 339 265
369 492 1014 1 493 1051
370 238 241 1 226 288
371 359 980 1 358 1019
372 227 976 1 227 1019
373 232 304 1 221 350
374 280 428 1 270 472
375 304 223 1 291 269
376 449 710 1 444 749
377 179 328 1 169 373
378 225 252 1 214 298
379 219 311 1 208 356
380 643 600 1 632 631
381 572 277 1 555 317
382 287 316 1 276 361
383 467 1148 1 470 1187
384 364 689 1 359 730
385 218 301 1 207 347
386 590 33 1 568 79
387 301 239 1 288 284
388 377 821 1 374 861
389 351 823 1 347 864
390 519 48 1 500 95
391 298 962 1 298 1004
392 222 920 1 221 963
393 279 341 1 269 385
394 503 1105 1 505 1142
395 589 624 1 581 658
396 359 476 1 350 518
397 279 977 1 279 1020
398 405 1020 1 405 1058
399 323 252 1 311 297
400 491 1003 1 492 1040
401 460 1244 1 464 1274
402 187 106 1 173 154
403 550 858 1 546 892
404 199 191 1 186 238
405 437 722 1 431 761
406 302 889 1 300 930
407 316 923 1 315 965
408 458 823 1 455 862
409 249 305 1 238 351
410 232 389 1 222 434
411 319 1034 1 320 1073
412 479 952 1 478 990
413 311 1144 1 314 1184
414 408 220 1 393 263
415 311 819 1 308 860
416 362 1192 1 365 1233
417 310 1056 1 311 1097
418 372 961 1 372 1000
419 324 637 1 317 680
420 435 676 1 430 716
421 265 233 1 253 278
422 391 1028 1 391 1067
423 460 358 1 448 398
424 71 1000 1 70 1046
425 177 53 1 163 103
426 240 68 1 226 116
427 381 698 1 376 739
428 285 178 1 272 224
429 313 213 1 300 258
430 317 1016 1 317 1055
431 240 448 1 231 492
432 366 662 1 360 703
433 273 1148 1 276 1190
434 251 185 1 238 231
435 517 911 1 515 947
436 323 801 1 320 842
437 378 1042 1 380 1080
438 366 970 1 366 1011
439 310 277 1 298 322
440 177 531 1 170 576
441 507 1142 1 510 1179
442 401 1029 1 402 1068
443 282 278 1 270 323
444 264 315 1 253 357
445 234 400 1 224 444
446 298 1163 1 302 1205
447 411 957 1 409 996
448 208 271 1 197 318
449 274 878 1 272 920
450 209 253 1 198 300
451 642 94 1 619 138
452 250 337 1 240 382
453 622 368 1 606 404
454 447 1023 1 448 1061
455 220 432 1 211 478
456 390 1039 1 391 1078
457 359 1150 1 362 1190
458 200 257 1 189 304
459 259 411 1 249 455
460 312 1162 1 315 1202
461 295 842 1 292 884
462 204 76 1 190 124
463 313 895 1 312 936
464 286 1185 1 289 1222
465 290 495 1 282 539
466 327 242 1 314 287
467 232 373 1 222 419
468 389 893 1 387 933
469 319 650 1 313 692
470 450 1067 1 451 1105
471 351 1022 1 353 1062
472 314 609 1 307 651
473 386 1133 1 388 1173
474 128 147 1 116 196
475 288 1219 1 293 1260
476 245 405 1 235 450
477 213 376 1 203 422
478 430 1048 1 431 1087
479 384 1183 1 388 1224
480 279 243 1 267 288
481 190 910 1 188 953
482 330 1198 1 334 1238
483 414 829 1 411 869
484 400 977 1 401 1016
485 312 808 1 309 849
486 277 1225 1 282 1267
487 245 229 1 233 275
488 303 926 1 302 968
489 450 1183 1 453 1221
490 284 854 1 282 896
491 312 202 1 299 248
492 235 251 1 223 297
493 326 817 1 323 858
494 367 1106 1 370 1146
495 203 311 1 193 357
496 338 945 1 338 986
497 367 1027 1 368 1067
498 292 259 1 280 304
499 295 865 1 293 906
500 454 1193 1 458 1231
501 289 218 1 276 263
502 323 1104 1 325 1143
503 437 731 1 432 771
504 496 1055 1 497 1093
505 337 906 1 334 947
506 294 855 1 292 897
507 452 1054 1 452 1093
508 285 483 1 276 526
509 303 1006 1 304 1046
510 505 960 1 504 996
511 299 278 1 287 322
512 242 499 1 234 542
513 280 791 1 276 833
514 292 198 1 279 243
515 221 338 1 211 383
516 262 1008 1 263 1051
517 227 348 1 217 393
518 238 171 1 225 219
519 496 1208 1 500 1245
520 289 605 1 282 647
521 320 1151 1 323 1191
522 239 100 1 225 148
523 572 153 1 554 196
524 464 966 1 463 1003
525 470 1015 1 471 1052
526 303 291 1 291 336
527 333 969 1 332 1010
528 332 1208 1 336 1249
529 285 1139 1 288 1181
530 349 1059 1 351 1099
531 255 232 1 243 279
532 366 1082 1 368 1121
533 342 630 1 336 672
534 293 928 1 292 969
535 254 878 1 252 921
536 278 782 1 275 823
537 475 1041 1 476 1079
538 323 1183 1 326 1223
539 499 1026 1 499 1063
540 561 64 1 541 109
541 215 289 1 204 335
542 231 335 1 220 380
543 253 818 1 250 859
544 358 948 1 358 988
545 253 352 1 242 396
546 290 515 1 282 558
547 253 320 1 242 365
548 246 394 1 236 438
549 461 924 1 460 960
550 300 802 1 296 844
551 468 1071 1 469 1109
552 632 1245 1 635 1271
553 306 301 1 294 346
554 345 268 1 333 311
555 246 262 1 234 308
556 250 1239 1 255 1283
557 313 932 1 312 974
558 451 1043 1 451 1081
559 258 263 1 246 308
560 427 1067 1 429 1106
561 308 621 1 302 664
562 224 194 1 211 241
563 215 222 1 203 270
