0 194 762 1 224 797
1 238 691 1 267 727
2 179 636 1 208 673
3 224 1102 1 261 1136
4 244 552 1 271 589
5 207 543 1 234 581
6 235 773 1 266 809
7 207 566 1 235 604
8 229 969 1 263 1003
9 197 709 1 228 746
10 202 634 1 231 671
11 187 844 1 219 880
12 185 567 1 213 606
13 241 606 1 269 642
14 196 621 1 225 658
15 225 1087 1 262 1121
16 187 550 1 214 588
17 237 708 1 267 744
18 181 617 1 210 654
19 241 618 1 269 655
20 199 673 1 229 709
21 238 677 1 267 712
22 224 1117 1 261 1151
23 166 1089 1 202 1124
24 235 760 1 265 795
25 178 868 1 212 903
26 198 694 1 228 731
27 244 540 1 270 577
28 229 954 1 263 988
29 228 996 1 263 1030
30 200 663 1 230 700
31 233 784 1 264 819
32 226 1062 1 262 1096
33 193 490 1 218 528
34 240 632 1 268 668
35 171 1098 1 208 1134
36 171 1040 1 206 1075
37 197 683 1 226 720
38 243 564 1 270 601
39 228 983 1 263 1017
40 174 1073 1 211 1108
41 203 591 1 231 629
42 178 998 1 214 1034
43 381 850 1 412 882
44 170 741 1 201 778
45 183 592 1 211 630
46 401 1254 1 439 1278
47 100 162 1 119 208
48 154 967 1 189 1004
49 102 174 1 124 219
50 64 159 1 85 205
51 185 891 1 219 926
52 175 695 1 205 731
53 385 1200 1 424 1232
54 465 1253 1 501 1275
55 143 1085 1 180 1120
56 230 942 1 263 977
57 195 750 1 226 786
58 176 663 1 206 700
59 66 143 1 87 188
60 242 590 1 269 627
61 191 795 1 223 831
62 239 660 1 268 696
63 155 928 1 190 964
64 170 771 1 201 808
65 160 868 1 193 903
66 88 762 1 120 802
67 475 939 1 508 967
68 214 855 1 247 890
69 234 795 1 265 830
70 175 928 1 210 964
71 469 960 1 502 988
72 54 1008 1 89 1045
73 180 854 1 212 890
74 194 862 1 227 898
75 235 749 1 266 785
76 564 576 1 585 602
77 207 893 1 240 929
78 187 711 1 217 747
79 228 1037 1 263 1072
80 354 604 1 381 639
81 162 830 1 195 866
82 315 680 1 343 714
83 232 822 1 264 858
84 232 845 1 265 880
85 148 901 1 182 937
86 391 849 1 422 881
87 142 410 1 167 451
88 146 1040 1 183 1075
89 41 157 1 62 203
90 182 829 1 215 865
91 74 170 1 95 216
92 123 533 1 150 572
93 423 699 1 452 731
94 123 282 1 145 325
95 189 506 1 216 545
96 236 739 1 266 775
97 185 528 1 212 567
98 149 1000 1 185 1036
99 67 935 1 102 972
100 362 676 1 390 710
101 235 919 1 268 953
102 407 788 1 438 820
103 191 739 1 221 775
104 140 1121 1 178 1157
105 516 858 1 547 883
106 212 864 1 245 900
107 175 1088 1 212 1123
108 244 643 1 272 679
109 165 797 1 197 834
110 210 483 1 235 521
111 195 451 1 220 490
112 144 1073 1 181 1109
113 279 1218 1 319 1247
114 193 469 1 218 508
115 222 844 1 254 879
116 566 586 1 589 613
117 187 695 1 217 732
118 313 932 1 346 962
119 52 143 1 74 190
120 92 117 1 112 162
121 224 913 1 258 948
122 227 1237 1 267 1270
123 159 891 1 192 927
124 317 764 1 347 799
125 153 956 1 188 992
126 225 1073 1 262 1107
127 286 1228 1 324 1259
128 84 153 1 105 199
129 77 128 1 97 174
130 172 713 1 203 750
131 488 1126 1 524 1153
132 206 621 1 234 658
133 164 1071 1 201 1107
134 59 170 1 80 215
135 418 1044 1 453 1074
136 324 678 1 354 713
137 84 139 1 104 185
138 187 680 1 216 717
139 214 920 1 247 955
140 245 373 1 269 410
141 351 1225 1 390 1257
142 229 929 1 263 963
143 312 731 1 342 765
144 424 682 1 453 714
145 85 163 1 106 209
146 239 487 1 265 525
147 237 856 1 269 891
148 216 216 1 237 257
149 134 533 1 160 572
150 77 118 1 98 164
151 51 156 1 73 202
152 241 321 1 264 361
153 211 530 1 237 568
154 312 703 1 342 737
155 430 809 1 461 841
156 224 1052 1 260 1086
157 75 826 1 108 866
158 303 681 1 332 716
159 369 758 1 399 791
160 428 714 1 457 746
161 229 891 1 261 925
162 168 998 1 203 1033
163 302 1111 1 339 1141
164 440 767 1 470 798
165 441 784 1 471 815
166 234 812 1 266 848
167 347 677 1 376 711
168 197 329 1 220 369
169 244 528 1 270 565
170 421 744 1 450 775
171 240 272 1 262 312
172 248 518 1 274 555
173 153 405 1 177 445
174 426 755 1 455 787
175 77 929 1 112 966
176 239 227 1 259 267
177 335 678 1 364 712
178 239 897 1 272 931
179 163 335 1 186 376
180 422 768 1 452 800
181 271 1190 1 310 1220
182 175 889 1 208 925
183 122 521 1 149 561
184 225 1158 1 263 1192
185 176 684 1 206 720
186 314 1086 1 351 1117
187 556 1246 1 589 1256
188 296 1049 1 333 1079
189 145 921 1 179 956
190 470 949 1 503 978
191 74 974 1 110 1011
192 157 24 1 173 69
193 428 725 1 458 757
194 212 367 1 235 406
195 216 299 1 237 339
196 526 83 1 537 123
197 495 110 1 508 148
198 183 762 1 213 798
199 243 172 1 261 214
200 89 130 1 110 176
201 276 1087 1 313 1119
202 312 1140 1 349 1171
203 306 646 1 333 683
204 345 1023 1 380 1055
205 228 222 1 249 263
206 218 464 1 243 502
207 396 953 1 430 985
208 197 437 1 222 476
209 192 209 1 212 251
210 476 1129 1 512 1157
211 181 794 1 212 830
212 414 687 1 443 718
213 351 845 1 383 877
214 418 730 1 447 762
215 383 756 1 413 789
216 194 286 1 216 326
217 246 501 1 271 539
218 301 1008 1 337 1040
219 456 644 1 483 675
220 176 339 1 199 379
221 237 864 1 269 899
222 485 1115 1 521 1143
223 136 1160 1 175 1195
224 541 284 1 557 317
225 305 672 1 333 706
226 335 753 1 365 787
227 209 494 1 235 532
228 227 308 1 250 348
229 224 1141 1 262 1175
230 172 394 1 196 433
231 466 641 1 493 672
232 403 1019 1 439 1049
233 488 1004 1 521 1031
234 233 876 1 267 910
235 211 845 1 242 880
236 285 888 1 318 922
237 427 819 1 458 850
238 200 877 1 232 911
239 410 775 1 440 807
240 132 521 1 159 561
241 202 913 1 236 948
242 432 745 1 461 777
243 376 272 1 395 309
244 356 760 1 386 793
245 302 210 1 321 250
246 302 1079 1 339 1111
247 169 292 1 191 334
248 371 999 1 406 1030
249 278 1203 1 317 1234
250 419 1010 1 453 1040
251 210 354 1 233 392
252 206 47 1 223 91
253 277 1146 1 316 1176
254 354 759 1 385 792
255 245 332 1 268 371
256 195 416 1 220 455
257 271 1110 1 308 1141
258 78 944 1 113 981
259 159 319 1 182 360
260 372 932 1 405 961
261 209 877 1 242 913
262 259 924 1 293 958
263 269 179 1 288 219
264 183 748 1 213 784
265 183 369 1 206 409
266 246 934 1 280 968
267 268 948 1 302 983
268 188 269 1 209 310
269 322 848 1 353 881
270 238 290 1 260 329
271 260 365 1 283 402
272 357 982 1 391 1013
273 280 248 1 300 288
274 618 184 1 627 219
275 244 789 1 275 824
276 488 1245 1 526 1267
277 314 1165 1 351 1196
278 354 1025 1 390 1056
279 191 245 1 212 287
280 314 263 1 334 301
281 42 147 1 64 194
282 208 336 1 230 376
283 408 673 1 436 706
284 282 1184 1 320 1214
285 403 878 1 435 904
286 232 1174 1 270 1207
287 421 778 1 451 810
288 381 784 1 411 816
289 163 347 1 187 388
290 458 949 1 490 979
291 345 307 1 366 344
292 306 1127 1 343 1159
293 197 235 1 218 277
294 414 1129 1 451 1158
295 250 851 1 283 885
296 273 1076 1 309 1108
297 239 182 1 257 224
298 314 968 1 348 1000
299 172 248 1 193 290
300 410 752 1 440 784
301 354 891 1 387 923
302 318 897 1 351 931
303 343 604 1 370 639
304 298 1059 1 334 1090
305 73 153 1 95 199
306 221 289 1 242 329
307 256 307 1 278 346
308 214 909 1 248 944
309 264 1159 1 302 1190
310 353 1156 1 389 1185
311 166 44 1 183 90
312 383 816 1 415 849
313 429 961 1 463 991
314 231 317 1 253 357
315 310 578 1 337 614
316 360 268 1 380 305
317 500 99 1 512 138
318 259 233 1 279 273
319 393 1213 1 432 1244
320 197 565 1 223 603
321 351 646 1 378 680
322 363 604 1 390 639
323 351 857 1 383 890
324 430 353 1 450 386
325 428 1149 1 465 1178
326 298 899 1 331 932
327 287 1071 1 324 1102
328 296 1232 1 335 1262
329 443 363 1 463 396
330 336 767 1 367 800
331 607 574 1 627 597
332 282 915 1 316 949
333 267 321 1 288 360
334 342 952 1 378 982
335 307 299 1 329 336
336 183 189 1 203 230
337 552 580 1 575 606
338 401 1045 1 436 1076
339 204 794 1 234 830
340 345 1117 1 382 1149
341 193 219 1 213 261
342 676 917 1 701 929
343 297 877 1 330 911
344 271 918 1 304 951
345 273 884 1 305 917
346 189 107 1 207 151
347 158 901 1 192 937
348 205 282 1 227 322
349 27 154 1 49 201
350 337 785 1 367 819
351 478 1140 1 514 1167
352 219 178 1 239 220
353 298 177 1 317 217
354 183 360 1 206 399
355 401 981 1 435 1012
356 167 657 1 196 694
357 346 630 1 374 665
358 213 202 1 232 243
359 67 133 1 88 179
360 488 1137 1 525 1164
361 241 421 1 265 460
362 306 836 1 338 869
363 233 237 1 253 277
364 381 1070 1 418 1102
365 282 231 1 302 271
366 294 238 1 314 277
367 279 183 1 298 224
368 406 707 1 436 740
369 229 375 1 252 413
370 251 294 1 272 334
371 240 907 1 273 942
372 274 1042 1 310 1074
373 417 1020 1 452 1050
374 304 847 1 336 881
375 436 756 1 465 787
376 169 970 1 204 1006
377 192 830 1 225 865
378 245 306 1 267 345
379 530 903 1 561 928
380 273 568 1 300 604
381 288 875 1 321 907
382 289 174 1 308 214
383 267 840 1 299 873
384 319 1030 1 354 1063
385 182 238 1 203 280
386 420 672 1 449 704
387 398 919 1 431 948
388 267 1139 1 305 1170
389 263 1200 1 302 1231
390 304 258 1 324 297
391 584 478 1 602 504
392 161 55 1 179 101
393 385 953 1 420 984
394 267 1249 1 306 1279
395 333 869 1 365 902
396 320 226 1 339 264
397 459 1024 1 494 1053
398 205 245 1 226 287
399 324 989 1 359 1021
400 191 985 1 227 1020
401 199 309 1 221 349
402 246 434 1 270 472
403 271 228 1 291 268
404 415 716 1 444 749
405 146 333 1 169 373
406 192 257 1 214 297
407 186 315 1 208 356
408 613 611 1 634 634
409 245 237 1 266 277
410 254 322 1 276 361
411 433 1160 1 471 1189
412 331 696 1 360 730
413 184 306 1 207 346
414 561 38 1 569 77
415 268 244 1 288 283
416 343 829 1 374 862
417 316 831 1 348 865
418 489 54 1 501 93
419 263 970 1 298 1005
420 186 929 1 221 964
421 246 346 1 269 385
422 470 1116 1 506 1144
423 208 165 1 228 207
424 229 164 1 248 206
425 325 481 1 350 517
426 244 986 1 280 1021
427 371 1029 1 406 1060
428 291 257 1 311 296
429 471 970 1 505 998
430 458 1012 1 493 1042
431 230 834 1 262 868
432 154 109 1 173 153
433 517 869 1 547 895
434 167 195 1 187 237
435 302 915 1 335 948
436 403 729 1 432 762
437 268 897 1 301 931
438 282 932 1 316 966
439 425 831 1 456 863
440 334 1141 1 371 1172
441 348 1099 1 385 1129
442 216 311 1 238 350
443 198 395 1 222 433
444 284 1044 1 321 1075
445 446 961 1 479 992
446 276 1156 1 314 1187
447 376 224 1 394 263
448 330 1019 1 365 1050
449 276 827 1 308 861
450 327 1203 1 366 1235
451 276 1067 1 311 1099
452 338 970 1 373 1002
453 454 24 1 465 66
454 289 646 1 318 680
455 402 683 1 430 716
456 357 1038 1 392 1069
457 428 364 1 449 398
458 34 1009 1 70 1047
459 145 56 1 163 101
460 209 72 1 226 115
461 348 705 1 377 739
462 253 182 1 272 223
463 281 218 1 301 257
464 282 1026 1 318 1057
465 206 453 1 231 492
466 440 800 1 471 832
467 332 669 1 360 703
468 551 873 1 581 896
469 238 1159 1 276 1192
470 218 189 1 238 230
471 483 922 1 516 949
472 220 876 1 253 911
473 289 809 1 320 843
474 332 980 1 366 1012
475 277 283 1 298 322
476 665 555 1 681 577
477 143 537 1 170 576
478 474 1154 1 511 1182
479 367 1038 1 402 1069
480 249 283 1 270 322
481 429 892 1 462 917
482 200 405 1 224 444
483 263 1175 1 302 1207
484 376 966 1 410 997
485 175 276 1 197 317
486 239 887 1 272 921
487 177 258 1 198 299
488 174 536 1 201 575
489 614 98 1 621 136
490 217 343 1 240 381
491 436 1179 1 474 1208
492 592 376 1 607 405
493 414 1032 1 449 1063
494 186 438 1 211 477
495 356 1049 1 392 1080
496 325 1161 1 363 1192
497 168 262 1 189 303
498 225 416 1 249 454
499 277 1175 1 316 1204
500 260 850 1 293 884
501 172 79 1 190 123
502 279 903 1 312 937
503 203 954 1 236 989
504 334 706 1 363 740
505 256 501 1 282 539
506 295 247 1 314 286
507 198 379 1 222 418
508 355 902 1 388 934
509 285 657 1 314 692
510 251 1192 1 289 1225
511 300 1069 1 337 1099
512 416 1077 1 452 1107
513 280 616 1 308 651
514 352 1144 1 389 1175
515 95 149 1 116 195
516 254 1232 1 293 1263
517 211 411 1 235 450
518 179 381 1 203 421
519 397 1058 1 432 1088
520 350 1195 1 388 1226
521 246 247 1 267 287
522 154 918 1 188 954
523 295 1211 1 334 1241
524 380 837 1 412 870
525 367 986 1 402 1018
526 278 816 1 310 850
527 610 41 1 617 81
528 212 233 1 233 274
529 269 935 1 303 969
530 416 1194 1 454 1224
531 249 862 1 282 897
532 280 207 1 299 247
533 202 255 1 223 297
534 291 824 1 323 858
535 333 1118 1 370 1148
536 170 316 1 193 356
537 304 954 1 338 987
538 332 1038 1 369 1069
539 259 264 1 280 304
540 261 873 1 293 907
541 420 1204 1 458 1234
542 256 222 1 276 262
543 288 1115 1 326 1146
544 403 739 1 433 771
545 462 1066 1 498 1095
546 356 972 1 390 1004
547 302 964 1 336 998
548 259 863 1 292 897
549 417 1064 1 453 1095
550 251 488 1 276 526
551 269 1016 1 304 1048
552 204 175 1 224 217
553 131 143 1 151 188
554 266 283 1 287 322
555 209 504 1 235 542
556 245 799 1 277 834
557 259 202 1 279 243
558 188 343 1 211 382
559 228 1017 1 263 1052
560 194 353 1 217 393
561 331 835 1 362 868
562 463 1220 1 501 1248
563 255 612 1 283 647
564 286 1163 1 324 1194
565 207 103 1 225 147
566 543 158 1 555 195
567 437 1025 1 472 1054
568 270 296 1 291 335
569 574 435 1 592 463
570 298 978 1 333 1011
571 297 1221 1 336 1252
572 250 1150 1 288 1183
573 648 308 1 659 338
574 314 1070 1 351 1101
575 426 1187 1 464 1217
576 223 237 1 243 278
577 331 1093 1 368 1123
578 308 637 1 336 672
579 258 936 1 292 970
580 220 887 1 253 921
581 441 1052 1 477 1081
582 288 1196 1 327 1226
583 465 1037 1 500 1065
584 531 68 1 542 107
585 182 294 1 204 335
586 197 340 1 220 379
587 268 212 1 288 252
588 218 825 1 251 860
589 324 957 1 358 989
590 219 357 1 242 396
591 257 520 1 283 558
592 219 325 1 242 364
593 212 399 1 236 438
594 427 935 1 461 963
595 265 810 1 297 844
596 432 948 1 465 978
597 434 1081 1 470 1111
598 302 220 1 320 259
599 347 1133 1 384 1164
600 664 450 1 677 475
601 273 307 1 294 345
602 312 273 1 333 311
603 213 267 1 234 307
604 215 1252 1 255 1285
605 279 942 1 313 975
606 416 1052 1 452 1083
607 224 268 1 246 308
608 393 1077 1 429 1108
609 274 629 1 302 664
610 191 198 1 211 240
611 183 227 1 203 269
