0 209 618 1 231 645
1 200 772 1 224 798
2 244 702 1 267 728
3 185 647 1 208 674
4 229 1114 1 261 1138
5 251 563 1 271 589
6 214 553 1 234 581
7 240 784 1 266 809
8 214 577 1 235 604
9 234 980 1 263 1005
10 203 720 1 228 746
11 176 1111 1 208 1136
12 208 644 1 231 671
13 192 855 1 219 881
14 192 578 1 213 606
15 248 617 1 269 643
16 202 631 1 225 658
17 230 1099 1 262 1122
18 193 561 1 214 588
19 242 719 1 267 744
20 187 627 1 210 654
21 247 629 1 269 655
22 205 683 1 229 709
23 228 1129 1 261 1152
24 170 1100 1 202 1125
25 240 771 1 266 796
26 183 879 1 212 904
27 204 705 1 228 732
28 250 551 1 270 577
29 234 965 1 263 990
30 233 1008 1 263 1032
31 206 674 1 230 700
32 239 795 1 265 820
33 231 1074 1 262 1098
34 199 500 1 218 528
35 246 643 1 268 668
36 245 686 1 268 713
37 175 1051 1 207 1076
38 203 694 1 227 720
39 249 575 1 270 601
40 233 994 1 263 1018
41 179 1085 1 211 1109
42 209 602 1 231 629
43 184 1010 1 214 1035
44 386 862 1 413 883
45 176 752 1 201 779
46 190 603 1 211 630
47 182 939 1 210 965
48 106 173 1 119 207
49 159 979 1 189 1005
50 108 184 1 123 219
51 70 170 1 85 204
52 190 902 1 219 927
53 181 705 1 205 732
54 391 1214 1 425 1234
55 148 1097 1 180 1122
56 235 954 1 263 978
57 201 761 1 226 787
58 182 674 1 206 701
59 73 153 1 87 188
60 247 601 1 269 627
61 197 806 1 223 832
62 245 671 1 268 696
63 161 940 1 190 966
64 176 782 1 201 809
65 165 879 1 193 904
66 94 773 1 120 802
67 481 952 1 509 969
68 220 866 1 247 891
69 239 806 1 265 831
70 475 972 1 503 990
71 59 1019 1 89 1046
72 185 866 1 213 891
73 199 873 1 227 898
74 241 760 1 266 785
75 571 588 1 587 604
76 212 905 1 240 930
77 193 721 1 217 747
78 233 1049 1 263 1073
79 360 615 1 381 639
80 168 841 1 195 867
81 321 691 1 344 715
82 237 834 1 264 859
83 238 856 1 265 881
84 154 912 1 182 937
85 397 861 1 422 882
86 149 421 1 167 451
87 151 1051 1 183 1077
88 48 167 1 62 203
89 187 840 1 215 866
90 81 180 1 94 216
91 129 543 1 150 572
92 429 710 1 452 731
93 130 293 1 145 324
94 196 517 1 216 545
95 242 750 1 266 775
96 191 539 1 212 567
97 154 1011 1 185 1037
98 71 946 1 102 973
99 368 688 1 390 710
100 240 931 1 269 954
101 413 800 1 438 821
102 207 805 1 234 830
103 197 749 1 221 776
104 145 1134 1 178 1159
105 523 871 1 548 885
106 217 876 1 245 901
107 179 1100 1 212 1125
108 250 653 1 272 679
109 171 808 1 197 835
110 216 494 1 236 521
111 201 462 1 220 490
112 149 1085 1 181 1110
113 283 1231 1 319 1250
114 199 480 1 219 508
115 227 855 1 254 880
116 573 598 1 591 614
117 193 706 1 217 732
118 318 945 1 346 965
119 59 154 1 73 190
120 99 127 1 112 161
121 230 925 1 258 949
122 232 1251 1 267 1272
123 164 903 1 192 928
124 323 776 1 348 799
125 158 968 1 188 993
126 230 1085 1 262 1109
127 290 1241 1 324 1262
128 91 164 1 105 199
129 84 139 1 97 174
130 178 724 1 203 751
131 494 1139 1 524 1156
132 211 631 1 234 658
133 169 1083 1 201 1108
134 65 180 1 80 215
135 424 1056 1 454 1075
136 330 689 1 354 713
137 91 150 1 104 185
138 192 691 1 216 718
139 219 931 1 248 956
140 250 383 1 269 411
141 356 1239 1 391 1259
142 234 941 1 263 965
143 318 742 1 342 766
144 430 693 1 453 715
145 92 174 1 105 209
146 246 498 1 265 525
147 243 867 1 270 892
148 223 227 1 237 257
149 140 544 1 160 573
150 84 128 1 97 164
151 58 166 1 72 202
152 248 332 1 264 360
153 217 541 1 238 568
154 319 714 1 342 738
155 437 821 1 462 842
156 229 1064 1 260 1088
157 80 836 1 108 866
158 309 692 1 332 717
159 375 769 1 400 792
160 434 725 1 457 746
161 234 903 1 262 926
162 173 1009 1 203 1034
163 306 1124 1 339 1144
164 446 778 1 470 799
165 447 796 1 472 816
166 240 824 1 266 849
167 354 688 1 376 712
168 204 340 1 220 369
169 250 539 1 270 565
170 427 755 1 451 776
171 247 283 1 262 312
172 254 529 1 274 555
173 159 416 1 177 445
174 432 766 1 456 787
175 82 940 1 112 968
176 246 238 1 259 267
177 342 689 1 364 713
178 244 908 1 272 932
179 170 345 1 186 376
180 428 780 1 452 801
181 275 1203 1 310 1222
182 180 901 1 208 926
183 128 532 1 149 561
184 229 1170 1 263 1194
185 182 695 1 206 721
186 319 1099 1 351 1119
187 302 1061 1 333 1081
188 150 932 1 179 957
189 476 962 1 504 980
190 79 986 1 109 1013
191 163 35 1 173 69
192 435 736 1 459 757
193 218 378 1 235 406
194 222 310 1 237 339
195 533 92 1 538 122
196 502 120 1 509 147
197 188 773 1 213 799
198 249 183 1 261 214
199 96 140 1 110 175
200 281 1100 1 313 1121
201 317 1154 1 350 1173
202 312 657 1 334 683
203 350 1035 1 380 1056
204 235 233 1 249 263
205 224 475 1 243 502
206 402 965 1 431 986
207 204 448 1 222 476
208 199 220 1 212 251
209 481 1143 1 513 1159
210 186 805 1 212 831
211 420 698 1 443 719
212 357 856 1 383 878
213 424 742 1 447 763
214 389 767 1 413 789
215 200 296 1 216 326
216 253 512 1 271 539
217 306 1020 1 337 1041
218 165 24 1 174 58
219 462 655 1 483 676
220 182 349 1 199 379
221 242 876 1 270 900
222 491 1129 1 522 1145
223 141 1172 1 175 1197
224 548 295 1 558 317
225 311 682 1 334 707
226 341 765 1 365 788
227 216 504 1 235 532
228 234 319 1 250 348
229 229 1153 1 262 1177
230 178 404 1 196 433
231 473 653 1 494 673
232 409 1032 1 439 1051
233 494 1017 1 522 1033
234 239 887 1 267 911
235 216 856 1 243 881
236 290 899 1 319 923
237 434 831 1 459 851
238 460 886 1 485 899
239 205 888 1 232 912
240 416 787 1 441 808
241 138 532 1 159 561
242 208 924 1 236 949
243 438 756 1 462 777
244 382 282 1 396 309
245 362 771 1 387 794
246 309 221 1 322 250
247 308 1092 1 339 1113
248 176 303 1 191 333
249 376 1011 1 406 1032
250 283 1217 1 317 1236
251 425 1023 1 453 1042
252 216 364 1 233 392
253 213 58 1 223 90
254 282 1159 1 316 1178
255 361 770 1 385 793
256 252 342 1 268 371
257 201 427 1 220 455
258 276 1123 1 308 1143
259 83 955 1 113 982
260 166 329 1 182 360
261 378 944 1 405 963
262 214 888 1 242 913
263 265 936 1 293 959
264 276 189 1 288 219
265 189 759 1 214 785
266 189 380 1 206 409
267 251 945 1 280 969
268 273 960 1 302 984
269 194 279 1 209 310
270 327 859 1 354 882
271 245 300 1 260 329
272 266 375 1 283 403
273 362 994 1 392 1015
274 287 258 1 300 287
275 625 194 1 629 219
276 249 800 1 275 825
277 319 1179 1 352 1198
278 359 1038 1 391 1058
279 198 256 1 212 287
280 321 273 1 334 301
281 49 157 1 63 193
282 214 347 1 230 376
283 414 685 1 436 706
284 286 1197 1 321 1217
285 409 890 1 435 907
286 236 1187 1 270 1209
287 427 789 1 452 811
288 386 795 1 412 817
289 170 358 1 187 388
290 464 962 1 491 981
291 352 317 1 367 344
292 311 1140 1 344 1161
293 204 246 1 218 277
294 420 1142 1 452 1160
295 255 862 1 283 886
296 278 1089 1 310 1110
297 245 193 1 257 224
298 319 980 1 348 1002
299 179 259 1 193 290
300 417 764 1 440 785
301 360 904 1 387 924
302 324 908 1 351 932
303 349 615 1 370 639
304 303 1071 1 334 1092
305 380 26 1 387 56
306 80 164 1 94 199
307 227 299 1 242 329
308 263 317 1 278 346
309 219 921 1 248 945
310 269 1173 1 302 1192
311 173 55 1 183 89
312 389 828 1 416 849
313 435 973 1 463 992
314 238 328 1 254 357
315 316 589 1 337 614
316 376 587 1 396 610
317 367 278 1 380 305
318 506 109 1 514 137
319 265 243 1 279 272
320 398 1227 1 432 1246
321 203 576 1 224 604
322 357 656 1 379 680
323 369 615 1 390 639
324 357 868 1 384 890
325 437 363 1 451 387
326 433 1163 1 466 1180
327 303 910 1 331 933
328 397 851 1 423 872
329 292 1084 1 324 1105
330 300 1246 1 335 1265
331 449 374 1 464 396
332 145 35 1 155 70
333 342 778 1 367 801
334 615 586 1 629 599
335 288 927 1 316 950
336 273 332 1 288 360
337 347 964 1 378 983
338 313 309 1 329 336
339 190 199 1 203 230
340 559 591 1 577 608
341 406 1058 1 437 1078
342 350 1130 1 382 1151
343 199 230 1 213 261
344 685 933 1 704 935
345 303 889 1 330 912
346 189 784 1 214 809
347 276 930 1 304 953
348 278 895 1 306 918
349 196 118 1 207 150
350 343 1181 1 376 1200
351 164 912 1 192 938
352 212 292 1 227 322
353 34 164 1 49 201
354 343 797 1 368 820
355 483 1154 1 515 1170
356 226 189 1 239 220
357 305 188 1 317 217
358 189 370 1 206 399
359 407 993 1 436 1013
360 172 668 1 196 695
361 353 642 1 374 665
362 219 212 1 232 243
363 73 144 1 87 179
364 493 1151 1 526 1167
365 247 432 1 266 460
366 312 847 1 338 870
367 239 247 1 253 277
368 387 1082 1 418 1103
369 289 242 1 302 271
370 300 248 1 314 276
371 286 194 1 298 223
372 413 718 1 436 740
373 304 1163 1 338 1183
374 235 385 1 253 413
375 258 305 1 272 333
376 245 919 1 273 943
377 280 1055 1 311 1076
378 422 1033 1 452 1052
379 310 859 1 337 882
380 356 1167 1 390 1187
381 442 767 1 466 788
382 174 982 1 204 1007
383 198 841 1 225 866
384 252 317 1 267 345
385 536 917 1 562 930
386 279 579 1 300 605
387 293 887 1 321 909
388 296 185 1 308 214
389 272 851 1 299 875
390 324 1042 1 354 1065
391 189 248 1 203 279
392 427 683 1 449 705
393 404 931 1 431 950
394 271 1152 1 306 1172
395 268 1213 1 302 1234
396 311 269 1 324 297
397 591 489 1 604 505
398 168 67 1 179 100
399 391 964 1 420 986
400 436 679 1 458 701
401 339 881 1 365 903
402 326 236 1 339 264
403 465 1037 1 494 1055
404 211 256 1 226 287
405 330 1001 1 359 1022
406 197 996 1 228 1021
407 205 319 1 221 349
408 252 444 1 270 472
409 278 239 1 291 268
410 421 728 1 445 750
411 152 343 1 169 373
412 199 267 1 214 297
413 192 326 1 208 356
414 620 623 1 636 636
415 252 247 1 266 277
416 261 332 1 276 361
417 439 1174 1 471 1191
418 337 707 1 360 731
419 191 316 1 207 346
420 568 47 1 571 76
421 275 254 1 289 283
422 349 841 1 375 863
423 322 843 1 348 866
424 495 63 1 502 92
425 269 982 1 299 1006
426 192 940 1 221 965
427 253 357 1 269 385
428 476 1130 1 507 1147
429 373 250 1 385 277
430 215 176 1 228 207
431 236 175 1 248 206
432 332 492 1 350 517
433 250 998 1 280 1022
434 377 1042 1 406 1061
435 298 268 1 311 296
436 477 982 1 505 1000
437 464 1025 1 493 1043
438 235 845 1 262 869
439 161 120 1 173 153
440 524 882 1 548 897
441 173 205 1 187 237
442 307 927 1 335 949
443 409 741 1 433 762
444 210 31 1 219 65
445 273 909 1 301 932
446 287 944 1 316 967
447 431 843 1 456 864
448 339 1154 1 371 1174
449 353 1112 1 385 1131
450 223 321 1 238 350
451 205 405 1 223 434
452 289 1056 1 321 1077
453 452 973 1 480 993
454 281 1169 1 315 1189
455 382 235 1 394 263
456 335 1031 1 365 1052
457 179 338 1 196 368
458 282 839 1 309 862
459 332 1217 1 366 1237
460 280 1080 1 312 1101
461 344 982 1 373 1003
462 460 33 1 466 65
463 295 658 1 318 681
464 408 695 1 431 717
465 330 1082 1 362 1102
466 362 1050 1 393 1071
467 435 375 1 449 398
468 39 1020 1 70 1048
469 152 67 1 163 101
470 216 82 1 226 115
471 354 716 1 377 739
472 260 193 1 273 223
473 288 228 1 301 257
474 288 1039 1 318 1059
475 212 464 1 231 492
476 646 217 1 650 241
477 446 812 1 471 832
478 338 680 1 361 703
479 557 886 1 582 899
480 243 1172 1 276 1194
481 225 199 1 238 230
482 490 935 1 517 951
483 225 887 1 253 912
484 295 820 1 321 844
485 337 993 1 367 1014
486 284 293 1 299 322
487 674 568 1 684 579
488 149 548 1 170 576
489 479 1168 1 512 1184
490 373 1051 1 403 1071
491 256 293 1 271 322
492 435 905 1 462 920
493 206 415 1 224 444
494 268 1188 1 302 1209
495 382 978 1 411 999
496 182 286 1 197 317
497 245 898 1 272 922
498 183 269 1 198 299
499 180 547 1 201 575
500 622 107 1 624 135
501 223 353 1 240 381
502 441 1193 1 474 1210
503 599 387 1 609 406
504 419 1045 1 449 1065
505 193 449 1 211 477
506 362 1061 1 392 1082
507 330 1175 1 363 1195
508 174 272 1 189 303
509 232 426 1 249 454
510 282 1188 1 316 1207
511 266 862 1 293 885
512 179 90 1 190 123
513 285 915 1 313 938
514 207 966 1 236 990
515 340 717 1 363 741
516 263 511 1 283 539
517 301 258 1 315 286
518 205 389 1 222 418
519 361 914 1 389 935
520 292 668 1 314 693
521 255 1205 1 289 1227
522 306 1081 1 338 1101
523 422 1090 1 452 1109
524 286 627 1 308 652
525 357 1157 1 389 1177
526 102 160 1 116 194
527 258 1246 1 293 1266
528 357 894 1 384 910
529 218 422 1 235 450
530 186 392 1 203 421
531 402 1071 1 433 1090
532 355 1208 1 389 1228
533 253 258 1 267 287
534 160 929 1 189 955
535 300 1224 1 334 1244
536 386 849 1 412 871
537 373 999 1 402 1019
538 284 827 1 310 851
539 617 50 1 619 80
540 219 244 1 233 274
541 274 946 1 303 970
542 422 1208 1 455 1226
543 255 874 1 282 898
544 286 218 1 299 246
545 208 266 1 223 296
546 297 836 1 323 859
547 338 1131 1 371 1150
548 176 326 1 193 356
549 310 966 1 339 988
550 337 1051 1 369 1071
551 266 275 1 280 303
552 266 884 1 294 908
553 425 1218 1 459 1236
554 263 233 1 276 262
555 293 1129 1 326 1148
556 410 750 1 434 772
557 468 1080 1 498 1097
558 361 985 1 390 1005
559 308 976 1 337 999
560 265 875 1 293 898
561 423 1077 1 454 1096
562 257 499 1 276 526
563 275 1029 1 304 1050
564 211 185 1 224 217
565 137 154 1 151 187
566 272 293 1 287 322
567 215 515 1 235 542
568 251 810 1 277 834
569 266 213 1 279 242
570 195 353 1 211 382
571 233 1030 1 263 1053
572 143 24 1 152 58
573 201 363 1 217 393
574 337 846 1 363 868
575 469 1235 1 502 1251
576 261 622 1 283 648
577 290 1177 1 324 1196
578 214 114 1 225 146
579 550 168 1 557 194
580 443 1038 1 473 1056
581 276 307 1 291 335
582 581 446 1 594 464
583 304 990 1 333 1012
584 302 1235 1 337 1254
585 255 1163 1 288 1185
586 657 319 1 662 339
587 319 1083 1 351 1103
588 248 204 1 261 234
589 431 1201 1 464 1219
590 229 247 1 243 278
591 336 1106 1 369 1126
592 315 648 1 337 673
593 264 948 1 292 971
594 225 898 1 253 923
595 448 1065 1 477 1083
596 293 1209 1 327 1229
597 471 1049 1 501 1067
598 538 77 1 543 106
599 188 305 1 204 335
600 204 350 1 220 379
601 275 223 1 288 252
602 224 837 1 251 861
603 329 968 1 359 990
604 225 367 1 242 396
605 263 531 1 283 558
606 226 336 1 242 364
607 219 410 1 236 438
608 433 947 1 461 965
609 271 821 1 297 845
610 438 959 1 466 980
611 440 1095 1 471 1113
612 308 230 1 321 259
613 352 1145 1 384 1166
614 672 462 1 680 477
615 280 317 1 295 345
616 318 283 1 333 311
617 219 277 1 234 307
618 284 953 1 313 976
619 422 1065 1 452 1085
620 231 278 1 246 308
621 399 1091 1 430 1110
622 280 639 1 303 664
623 198 208 1 211 240
624 189 237 1 203 269
