0 232 645 1 232 645
1 269 730 1 269 729
2 208 674 1 209 674
3 273 588 1 273 588
4 236 579 1 236 579
5 268 813 1 267 813
6 236 603 1 236 603
7 265 1014 1 265 1013
8 228 749 1 228 748
9 208 1150 1 209 1148
10 232 672 1 232 672
11 229 734 1 229 733
12 214 605 1 213 605
13 271 643 1 271 643
14 226 658 1 226 658
15 263 1136 1 263 1134
16 215 587 1 215 587
17 268 747 1 268 746
18 210 655 1 210 654
19 271 655 1 270 655
20 269 713 1 269 714
21 226 802 1 225 801
22 263 1168 1 263 1164
23 203 1139 1 203 1137
24 267 800 1 267 799
25 212 911 1 212 910
26 220 888 1 220 886
27 272 576 1 272 576
28 223 838 1 224 836
29 265 999 1 265 998
30 265 1043 1 264 1041
31 231 701 1 230 701
32 266 825 1 266 824
33 264 1111 1 264 1109
34 229 906 1 228 904
35 211 1123 1 212 1121
36 219 525 1 219 526
37 271 669 1 270 669
38 82 179 1 83 179
39 229 712 1 229 711
40 228 722 1 227 722
41 115 197 1 116 199
42 272 600 1 271 600
43 265 1029 1 265 1027
44 562 906 1 559 902
45 205 1089 1 207 1087
46 232 629 1 232 629
47 222 825 1 222 824
48 214 1046 1 215 1044
49 419 889 1 417 888
50 201 782 1 201 781
51 212 630 1 212 630
52 263 1152 1 263 1150
53 189 1014 1 189 1012
54 219 935 1 219 934
55 205 734 1 205 734
56 180 1136 1 180 1133
57 265 987 1 265 986
58 227 791 1 227 790
59 206 702 1 207 702
60 271 626 1 270 626
61 270 698 1 269 697
62 108 151 1 109 152
63 190 974 1 190 973
64 512 1005 1 510 1002
65 202 813 1 202 812
66 193 911 1 193 910
67 53 192 1 56 193
68 121 802 1 121 803
69 370 28 1 370 30
70 427 888 1 427 887
71 267 836 1 266 835
72 517 987 1 517 984
73 88 1057 1 88 1055
74 213 898 1 213 897
75 268 789 1 267 788
76 241 938 1 241 936
77 218 750 1 217 750
78 210 974 1 210 972
79 90 206 1 91 207
80 265 1085 1 264 1083
81 385 639 1 385 639
82 195 873 1 195 872
83 347 717 1 346 716
84 265 864 1 265 863
85 264 407 1 265 406
86 99 173 1 100 175
87 266 887 1 267 886
88 182 946 1 182 944
89 167 447 1 167 447
90 182 1089 1 182 1087
91 118 209 1 120 210
92 215 872 1 215 871
93 178 967 1 178 965
94 149 571 1 149 571
95 458 734 1 457 733
96 68 181 1 69 181
97 79 195 1 81 196
98 216 543 1 216 543
99 268 778 1 268 778
100 212 565 1 212 565
101 185 1048 1 185 1046
102 100 982 1 100 981
103 270 963 1 270 961
104 444 826 1 443 825
105 436 995 1 436 994
106 235 835 1 235 834
107 222 779 1 222 778
108 177 1174 1 178 1172
109 394 712 1 394 712
110 236 247 1 236 249
111 245 907 1 246 906
112 535 1180 1 533 1176
113 212 1138 1 213 1136
114 274 680 1 274 680
115 349 985 1 349 981
116 146 319 1 146 319
117 197 840 1 197 839
118 237 519 1 236 519
119 221 487 1 220 487
120 181 1124 1 181 1121
121 262 305 1 262 306
122 219 505 1 219 505
123 255 886 1 255 885
124 219 734 1 218 734
125 446 1063 1 444 1062
126 259 958 1 259 956
127 192 936 1 192 935
128 352 803 1 351 802
129 384 1072 1 384 1069
130 188 1003 1 188 1002
131 263 1122 1 264 1120
132 101 188 1 102 190
133 93 163 1 93 165
134 203 753 1 203 753
135 235 658 1 235 658
136 201 1121 1 201 1119
137 75 205 1 76 206
138 459 718 1 458 717
139 461 1091 1 460 1088
140 356 715 1 357 715
141 173 26 1 173 28
142 217 720 1 217 719
143 249 965 1 249 963
144 347 827 1 346 826
145 264 973 1 264 972
146 346 769 1 345 768
147 101 199 1 102 200
148 266 522 1 266 522
149 271 898 1 271 897
150 496 931 1 495 924
151 160 571 1 160 571
152 92 152 1 94 154
153 67 192 1 68 193
154 264 354 1 264 355
155 239 566 1 239 566
156 345 740 1 345 740
157 468 847 1 467 846
158 262 1101 1 262 1098
159 108 866 1 109 867
160 474 678 1 474 676
161 556 88 1 554 92
162 404 795 1 403 795
163 463 749 1 462 749
164 204 1045 1 203 1043
165 342 1165 1 342 1161
166 477 803 1 476 802
167 478 821 1 477 820
168 261 204 1 261 205
169 268 855 1 267 853
170 381 713 1 380 713
171 172 44 1 173 46
172 272 564 1 271 564
173 457 781 1 456 780
174 276 553 1 275 553
175 177 442 1 177 442
176 284 538 1 284 537
177 462 792 1 461 791
178 110 977 1 111 975
179 524 111 1 524 115
180 219 363 1 220 364
181 368 714 1 368 714
182 274 941 1 274 939
183 185 370 1 185 371
184 458 806 1 457 805
185 208 934 1 208 932
186 190 281 1 191 283
187 148 559 1 148 559
188 264 1210 1 264 1207
189 207 723 1 206 723
190 335 718 1 335 718
191 336 1101 1 336 1098
192 465 760 1 464 760
193 540 537 1 539 536
194 107 1023 1 108 1021
195 455 915 1 454 908
196 235 401 1 235 401
197 237 332 1 237 333
198 376 1162 1 375 1158
199 490 908 1 489 905
200 249 253 1 249 255
201 519 122 1 519 126
202 259 257 1 259 259
203 458 816 1 457 815
204 214 803 1 214 802
205 342 1135 1 342 1131
206 104 164 1 106 165
207 316 1141 1 315 1137
208 432 937 1 432 932
209 353 1196 1 353 1192
210 337 683 1 336 683
211 449 720 1 448 720
212 500 994 1 498 991
213 378 1108 1 377 1105
214 531 1170 1 530 1165
215 236 539 1 236 540
216 244 499 1 244 500
217 426 995 1 425 993
218 223 472 1 223 473
219 211 242 1 211 243
220 213 836 1 213 835
221 360 1094 1 360 1091
222 388 885 1 387 883
223 453 767 1 452 766
224 275 865 1 275 863
225 418 793 1 418 792
226 214 319 1 215 320
227 274 537 1 273 537
228 340 1055 1 340 1053
229 490 679 1 489 678
230 197 374 1 198 374
231 271 908 1 271 906
232 519 673 1 518 672
233 174 1214 1 174 1211
234 594 633 1 592 630
235 467 29 1 466 31
236 337 708 1 336 708
237 369 792 1 369 791
238 237 529 1 237 530
239 249 341 1 250 342
240 180 56 1 181 58
241 264 1192 1 264 1190
242 195 429 1 195 430
243 502 679 1 501 677
244 532 1055 1 531 1051
245 268 919 1 268 917
246 354 1139 1 354 1135
247 274 929 1 274 928
248 321 930 1 321 929
249 341 614 1 340 614
250 465 858 1 464 857
251 446 813 1 445 812
252 159 559 1 159 559
253 237 958 1 237 956
254 468 782 1 467 781
255 399 300 1 399 301
256 391 797 1 390 797
257 323 240 1 323 241
258 214 788 1 214 788
259 645 40 1 642 45
260 190 327 1 190 328
261 411 1046 1 411 1044
262 309 1166 1 309 1162
263 232 388 1 233 388
264 223 79 1 223 81
265 317 1203 1 318 1199
266 268 365 1 268 366
267 219 452 1 219 452
268 444 1094 1 442 1090
269 111 991 1 111 990
270 180 354 1 181 354
271 411 983 1 410 979
272 242 920 1 243 919
273 231 919 1 233 919
274 295 969 1 295 967
275 288 209 1 288 210
276 205 404 1 205 405
277 282 978 1 282 976
278 328 1172 1 328 1168
279 371 1148 1 371 1144
280 305 993 1 304 991
281 208 302 1 209 304
282 357 889 1 357 888
283 260 322 1 260 322
284 278 399 1 280 398
285 396 1028 1 396 1026
286 301 278 1 301 280
287 658 193 1 655 196
288 277 830 1 277 829
289 355 1223 1 355 1219
290 394 1074 1 395 1071
291 574 305 1 572 306
292 211 279 1 211 280
293 263 934 1 263 933
294 336 292 1 336 294
295 58 183 1 59 184
296 229 370 1 230 371
297 442 708 1 441 708
298 333 1090 1 333 1086
299 323 1243 1 323 1239
300 271 1230 1 272 1226
301 416 821 1 416 821
302 537 1193 1 535 1189
303 185 383 1 185 384
304 369 337 1 369 338
305 347 1182 1 347 1178
306 217 268 1 217 270
307 459 1180 1 458 1176
308 284 894 1 285 892
309 646 594 1 644 591
310 311 1129 1 312 1126
311 352 1014 1 352 1011
312 446 789 1 445 788
313 355 939 1 354 938
314 374 639 1 374 639
315 337 1111 1 337 1107
316 513 556 1 512 554
317 523 1184 1 521 1179
318 89 189 1 91 190
319 242 322 1 242 323
320 278 340 1 278 340
321 249 954 1 249 952
322 304 1218 1 304 1213
323 182 78 1 182 80
324 420 855 1 420 854
325 470 1004 1 469 1001
326 253 350 1 253 351
327 219 39 1 219 41
328 399 599 1 398 599
329 400 609 1 399 609
330 383 297 1 383 298
331 279 263 1 279 265
332 383 681 1 382 680
333 395 638 1 394 638
334 388 897 1 388 896
335 456 382 1 457 381
336 563 933 1 562 927
337 334 942 1 334 940
338 428 879 1 428 878
339 326 1125 1 326 1121
340 470 391 1 470 391
341 153 58 1 154 60
342 371 805 1 371 804
343 318 959 1 318 958
344 474 1204 1 473 1200
345 202 222 1 202 222
346 387 1167 1 386 1164
347 212 252 1 213 253
348 333 920 1 333 918
349 215 814 1 215 813
350 308 962 1 306 960
351 308 927 1 308 925
352 205 139 1 206 141
353 380 1223 1 380 1219
354 192 946 1 192 945
355 226 314 1 226 316
356 372 824 1 371 823
357 525 1195 1 523 1190
358 318 206 1 318 208
359 205 395 1 205 395
360 442 1025 1 441 1023
361 196 696 1 196 696
362 378 666 1 378 666
363 232 234 1 232 235
364 238 210 1 238 211
365 266 456 1 266 457
366 653 101 1 650 105
367 424 1116 1 423 1114
368 303 262 1 303 263
369 315 268 1 315 269
370 299 213 1 299 215
371 442 743 1 441 742
372 341 1208 1 341 1203
373 252 409 1 252 409
374 272 327 1 273 327
375 275 951 1 275 950
376 459 1066 1 458 1063
377 340 889 1 339 888
378 472 792 1 471 791
379 205 1017 1 205 1015
380 225 872 1 225 871
381 267 339 1 267 339
382 476 1026 1 476 1023
383 471 40 1 471 43
384 303 603 1 302 604
385 324 918 1 324 916
386 309 204 1 309 205
387 301 883 1 301 881
388 687 757 1 683 751
389 358 1079 1 357 1076
390 202 271 1 202 273
391 455 706 1 454 706
392 351 36 1 351 38
393 307 1197 1 307 1192
394 326 288 1 326 290
395 178 89 1 178 91
396 464 702 1 463 702
397 257 214 1 258 215
398 370 911 1 369 910
399 341 255 1 341 256
400 503 1072 1 501 1069
401 224 278 1 225 279
402 363 1035 1 363 1033
403 229 1031 1 228 1029
404 561 916 1 560 912
405 220 343 1 221 344
406 271 468 1 271 469
407 292 259 1 292 260
408 451 753 1 450 752
409 212 289 1 213 290
410 442 938 1 442 931
411 207 350 1 207 350
412 662 654 1 659 650
413 695 327 1 692 327
414 277 355 1 277 355
415 479 1214 1 478 1210
416 364 733 1 363 732
417 205 340 1 206 340
418 289 275 1 289 276
419 379 869 1 378 868
420 511 69 1 510 72
421 438 966 1 438 959
422 221 974 1 222 973
423 516 1169 1 515 1165
424 521 1210 1 520 1206
425 227 196 1 227 198
426 248 195 1 248 197
427 342 1146 1 342 1143
428 354 514 1 353 515
429 282 1032 1 282 1031
430 411 1075 1 411 1073
431 312 288 1 312 289
432 514 1016 1 513 1013
433 502 1060 1 500 1057
434 263 877 1 263 875
435 172 143 1 172 144
436 186 229 1 186 230
437 462 1052 1 461 1049
438 339 958 1 338 957
439 438 766 1 437 765
440 218 53 1 219 55
441 303 941 1 303 939
442 319 976 1 318 974
443 463 871 1 462 869
444 375 1195 1 375 1192
445 238 344 1 238 345
446 222 429 1 222 430
447 323 1096 1 323 1093
448 487 1005 1 486 1002
449 317 1214 1 317 1210
450 369 1068 1 369 1065
451 314 1224 1 314 1219
452 195 363 1 195 363
453 311 869 1 311 868
454 628 511 1 625 509
455 377 1018 1 377 1015
456 620 475 1 618 474
457 436 719 1 435 719
458 366 1123 1 366 1119
459 397 1086 1 397 1084
460 455 394 1 455 393
461 252 268 1 253 269
462 365 1056 1 364 1054
463 68 1058 1 69 1056
464 226 104 1 226 106
465 301 1016 1 301 1014
466 381 742 1 381 741
467 273 213 1 273 214
468 302 248 1 302 249
469 320 1077 1 320 1074
470 322 250 1 322 251
471 232 489 1 232 489
472 683 216 1 679 219
473 558 79 1 557 83
474 364 705 1 364 705
475 598 926 1 596 920
476 278 1213 1 278 1210
477 237 220 1 237 222
478 464 831 1 463 830
479 254 919 1 254 918
480 323 850 1 323 849
481 417 678 1 417 676
482 371 1028 1 370 1026
483 277 252 1 276 254
484 299 314 1 300 315
485 170 575 1 170 575
486 408 1085 1 407 1083
487 270 314 1 271 316
488 223 440 1 224 440
489 304 1232 1 304 1228
490 416 1012 1 415 1009
491 196 310 1 196 311
492 563 269 1 562 270
493 197 291 1 197 292
494 202 573 1 202 574
495 597 52 1 595 57
496 239 376 1 239 376
497 482 1236 1 481 1231
498 633 401 1 630 401
499 456 1080 1 455 1077
500 212 473 1 212 474
501 366 1218 1 366 1214
502 187 295 1 188 296
503 249 451 1 249 451
504 317 1234 1 318 1229
505 295 893 1 295 892
506 189 113 1 190 114
507 315 947 1 315 945
508 367 743 1 366 742
509 316 277 1 316 279
510 221 414 1 222 414
511 340 1122 1 340 1119
512 459 1126 1 458 1123
513 612 436 1 610 435
514 310 652 1 310 652
515 394 1196 1 394 1193
516 112 185 1 113 186
517 301 237 1 301 239
518 235 446 1 235 447
519 202 417 1 203 417
520 438 1107 1 438 1104
521 267 278 1 267 280
522 188 964 1 188 962
523 417 876 1 416 875
524 312 857 1 312 856
525 232 265 1 232 267
526 305 979 1 305 978
527 284 906 1 284 904
528 605 372 1 602 372
529 222 289 1 222 290
530 326 865 1 326 864
531 375 1173 1 374 1169
532 191 350 1 192 351
533 342 998 1 341 996
534 280 295 1 280 297
535 296 916 1 295 914
536 378 25 1 379 28
537 439 776 1 438 775
538 507 1117 1 506 1113
539 395 1018 1 395 1016
540 340 1009 1 340 1007
541 295 907 1 294 905
542 279 523 1 278 523
543 306 1068 1 306 1064
544 222 207 1 223 208
545 152 44 1 153 46
546 288 314 1 288 315
547 278 840 1 278 839
548 279 233 1 280 234
549 210 377 1 210 378
550 265 1065 1 265 1063
551 688 365 1 684 365
552 217 388 1 217 388
553 367 875 1 366 874
554 505 584 1 504 582
555 285 648 1 285 648
556 326 1222 1 326 1217
557 224 134 1 224 136
558 572 172 1 571 174
559 480 1073 1 479 1070
560 292 328 1 292 329
561 614 465 1 612 463
562 290 1204 1 290 1200
563 261 225 1 261 226
564 472 1243 1 471 1239
565 243 269 1 243 271
566 423 970 1 422 966
567 589 41 1 587 46
568 340 674 1 339 674
569 295 981 1 294 979
570 504 1048 1 503 1044
571 485 1102 1 484 1098
572 202 328 1 203 329
573 219 373 1 220 374
574 597 31 1 595 36
575 640 557 1 637 554
576 252 867 1 252 866
577 362 1002 1 362 1000
578 242 391 1 242 391
579 285 556 1 285 556
580 241 358 1 241 359
581 236 434 1 236 434
582 266 245 1 266 246
583 299 852 1 299 850
584 472 990 1 471 988
585 478 1133 1 477 1129
586 522 977 1 520 974
587 389 1184 1 389 1181
588 295 338 1 295 339
589 334 302 1 334 303
590 233 300 1 234 301
591 316 986 1 315 984
592 354 24 1 354 27
593 245 300 1 245 301
594 436 1127 1 435 1124
595 304 665 1 305 665
596 162 90 1 163 92
597 202 260 1 202 261
