0 381 769 1 357 784
1 459 350 1 432 381
2 344 873 1 319 885
3 424 239 1 398 284
4 459 1095 1 430 1099
5 438 158 1 409 226
6 417 530 1 392 551
7 453 802 1 426 816
8 404 556 1 380 577
9 353 299 1 331 330
10 375 1105 1 349 1108
11 416 387 1 391 416
12 410 196 1 386 232
13 445 257 1 419 292
14 437 869 1 409 880
15 82 619 1 63 635
16 386 1072 1 360 1080
17 665 995 1 613 994
18 80 553 1 62 570
19 413 293 1 388 325
20 166 1153 1 143 1162
21 533 245 1 500 293
22 459 918 1 431 929
23 417 518 1 392 539
24 78 455 1 60 474
25 635 158 1 589 225
26 437 29 1 412 73
27 419 253 1 394 287
28 77 658 1 58 673
29 146 618 1 126 634
30 476 1053 1 445 1059
31 380 630 1 371 599
32 400 597 1 376 615
33 547 284 1 513 329
34 659 887 1 608 896
35 371 770 1 347 785
36 145 313 1 127 336
37 72 495 1 54 513
38 455 870 1 426 882
39 151 688 1 131 704
40 413 319 1 388 352
41 460 397 1 433 424
42 98 1112 1 76 1122
43 83 599 1 65 616
44 413 283 1 388 314
45 169 1073 1 146 1082
46 418 570 1 393 589
47 414 306 1 389 339
48 420 775 1 394 790
49 433 880 1 406 891
50 404 574 1 379 594
51 344 957 1 320 966
52 455 818 1 427 831
53 478 1099 1 447 1102
54 85 706 1 66 721
55 406 531 1 382 553
56 545 243 1 511 291
57 88 788 1 68 801
58 545 229 1 511 277
59 251 864 1 229 876
60 386 953 1 360 961
61 145 553 1 126 570
62 77 387 1 59 407
63 406 343 1 381 373
64 668 916 1 616 923
65 119 328 1 102 350
66 561 251 1 524 301
67 446 287 1 420 319
68 454 984 1 425 992
69 84 816 1 64 829
70 92 871 1 72 883
71 431 256 1 405 292
72 668 1006 1 615 1005
73 459 1082 1 430 1087
74 521 312 1 488 354
75 142 452 1 124 474
76 634 130 1 589 201
77 86 676 1 67 691
78 90 769 1 70 783
79 397 1083 1 370 1088
80 379 611 1 354 630
81 448 163 1 417 230
82 383 746 1 359 761
83 357 761 1 333 775
84 163 1113 1 140 1122
85 151 817 1 130 830
86 484 1076 1 453 1080
87 431 794 1 405 809
88 70 436 1 53 455
89 146 332 1 129 355
90 73 513 1 55 531
91 470 299 1 443 333
92 146 596 1 126 613
93 350 452 1 327 472
94 504 146 1 470 210
95 74 297 1 58 319
96 383 1062 1 358 1071
97 286 618 1 265 636
98 352 206 1 332 231
99 92 833 1 72 846
100 354 249 1 334 274
101 142 493 1 123 512
102 467 240 1 438 282
103 355 1029 1 329 1038
104 354 316 1 332 340
105 78 347 1 61 368
106 377 1156 1 351 1162
107 140 297 1 122 318
108 416 480 1 392 502
109 146 658 1 126 673
110 448 965 1 420 974
111 451 410 1 426 437
112 409 586 1 385 606
113 334 980 1 309 990
114 405 485 1 381 506
115 350 384 1 327 405
116 392 540 1 368 559
117 448 368 1 423 398
118 461 947 1 433 956
119 370 733 1 347 748
120 349 327 1 327 350
121 376 1203 1 350 1208
122 215 1061 1 191 1069
123 411 407 1 387 435
124 367 919 1 343 931
125 163 1127 1 141 1136
126 222 48 1 204 86
127 284 452 1 263 471
128 142 512 1 123 530
129 140 346 1 121 367
130 124 342 1 107 363
131 454 994 1 419 994
132 441 904 1 414 915
133 343 911 1 318 922
134 464 1053 1 435 1059
135 279 598 1 258 615
136 141 434 1 122 454
137 68 329 1 51 350
138 662 899 1 610 907
139 421 857 1 394 869
140 542 311 1 508 355
141 638 169 1 591 236
142 415 597 1 390 617
143 398 506 1 374 527
144 146 674 1 126 690
145 106 1154 1 85 1163
146 514 223 1 479 279
147 421 878 1 394 889
148 463 325 1 436 358
149 439 914 1 412 926
150 149 706 1 128 721
151 374 1033 1 348 1041
152 426 369 1 401 398
153 474 1072 1 444 1076
154 389 1251 1 365 1261
155 396 1073 1 370 1083
156 67 278 1 51 300
157 103 1208 1 80 1216
158 448 955 1 419 964
159 465 425 1 438 453
160 99 985 1 78 995
161 411 545 1 385 567
162 86 658 1 67 673
163 547 256 1 513 303
164 408 209 1 384 243
165 413 607 1 388 626
166 289 598 1 267 616
167 278 1009 1 255 1017
168 407 240 1 383 274
169 287 433 1 266 453
170 410 397 1 386 425
171 412 854 1 385 867
172 386 982 1 360 991
173 349 431 1 327 452
174 463 984 1 434 992
175 301 855 1 278 868
176 136 332 1 118 354
177 518 251 1 484 305
178 81 494 1 64 512
179 390 315 1 367 339
180 104 1247 1 82 1254
181 516 240 1 480 294
182 436 1055 1 408 1060
183 405 518 1 381 538
184 477 323 1 448 365
185 416 830 1 391 845
186 588 289 1 548 340
187 56 664 1 38 679
188 477 241 1 447 289
189 63 822 1 44 835
190 463 964 1 434 973
191 371 745 1 347 760
192 450 336 1 424 368
193 561 264 1 524 315
194 139 273 1 121 295
195 448 353 1 422 384
196 107 1128 1 85 1137
197 241 866 1 218 878
198 255 893 1 234 905
199 349 945 1 324 956
200 290 1112 1 265 1121
201 374 1047 1 348 1056
202 350 1005 1 326 1014
203 144 974 1 124 985
204 394 550 1 371 569
205 363 1162 1 338 1168
206 73 212 1 56 235
207 567 862 1 529 873
208 74 180 1 58 204
209 577 868 1 538 879
210 460 306 1 434 340
211 572 156 1 531 225
212 351 976 1 327 986
213 277 433 1 256 453
214 228 447 1 210 474
215 439 829 1 412 843
216 290 779 1 268 793
217 405 372 1 381 400
218 412 184 1 388 219
219 80 435 1 63 455
220 72 973 1 51 984
221 324 1176 1 300 1184
222 515 156 1 479 225
223 105 1173 1 83 1182
224 258 73 1 240 112
225 591 176 1 551 235
226 513 781 1 482 797
227 386 568 1 363 587
228 118 974 1 97 984
229 373 1175 1 346 1181
230 520 302 1 486 353
231 374 759 1 350 773
232 143 105 1 125 132
233 321 761 1 298 775
234 638 1090 1 580 1076
235 52 507 1 34 525
236 657 876 1 607 886
237 248 727 1 227 742
238 383 378 1 359 407
239 361 978 1 336 988
240 469 134 1 435 208
241 290 1127 1 265 1136
242 70 163 1 54 188
243 388 526 1 365 546
244 407 229 1 383 264
245 176 1252 1 152 1260
246 576 775 1 537 792
247 80 770 1 60 784
248 559 127 1 519 199
249 79 1116 1 58 1126
250 446 303 1 420 337
251 547 270 1 514 315
252 424 319 1 400 351
253 114 1247 1 92 1254
254 667 889 1 616 898
255 667 63 1 612 151
256 302 821 1 279 834
257 319 1031 1 295 1040
258 383 558 1 360 576
259 364 1035 1 339 1043
260 348 341 1 326 363
261 322 839 1 298 852
262 614 935 1 569 941
263 351 280 1 329 303
264 268 994 1 246 1002
265 560 206 1 523 262
266 77 278 1 60 301
267 348 404 1 326 424
268 511 206 1 477 262
269 94 925 1 73 937
270 379 851 1 354 864
271 405 419 1 384 447
272 69 101 1 53 127
273 301 841 1 278 854
274 523 115 1 484 193
275 512 747 1 480 764
276 329 751 1 305 765
277 319 1005 1 295 1015
278 376 185 1 353 232
279 76 677 1 57 692
280 586 278 1 547 328
281 231 829 1 208 842
282 113 1209 1 90 1217
283 362 771 1 338 786
284 252 831 1 231 844
285 493 304 1 461 349
286 404 353 1 379 383
287 446 129 1 416 205
288 88 892 1 67 904
289 107 1111 1 86 1120
290 419 802 1 394 816
291 312 1154 1 288 1162
292 386 1091 1 359 1094
293 303 831 1 280 844
294 252 597 1 231 615
295 342 789 1 318 803
296 532 313 1 499 357
297 334 936 1 310 947
298 350 1182 1 324 1188
299 189 271 1 173 304
300 353 493 1 330 512
301 74 126 1 58 151
302 250 764 1 228 778
303 68 348 1 50 369
304 591 242 1 551 295
305 352 1216 1 326 1220
306 49 341 1 32 362
307 361 746 1 337 761
308 272 1122 1 248 1131
309 364 295 1 341 328
310 442 766 1 415 781
311 190 283 1 174 317
312 498 157 1 463 226
313 636 77 1 582 169
314 379 862 1 354 875
315 266 887 1 243 899
316 533 1252 1 496 1242
317 138 208 1 120 232
318 270 613 1 249 631
319 429 403 1 403 433
320 342 1120 1 317 1128
321 546 322 1 512 364
322 661 92 1 611 171
323 332 515 1 309 534
324 227 387 1 210 416
325 335 970 1 311 980
326 556 815 1 520 829
327 231 841 1 210 854
328 284 550 1 263 570
329 333 1034 1 308 1044
330 230 868 1 208 880
331 421 430 1 395 460
332 305 779 1 282 793
333 441 1093 1 413 1097
334 299 1128 1 275 1137
335 349 265 1 327 289
336 594 874 1 553 884
337 395 342 1 372 373
338 477 314 1 448 355
339 391 420 1 367 448
340 267 958 1 245 967
341 371 975 1 346 985
342 685 74 1 627 164
343 310 1112 1 285 1120
344 76 576 1 58 592
345 308 173 1 289 210
346 423 608 1 396 629
347 363 1135 1 337 1141
348 87 728 1 67 742
349 501 297 1 468 347
350 576 283 1 537 334
351 341 901 1 317 912
352 466 383 1 439 413
353 532 302 1 497 350
354 127 297 1 110 319
355 360 1248 1 334 1251
356 291 815 1 269 829
357 537 770 1 503 786
358 93 814 1 73 828
359 162 906 1 140 917
360 276 935 1 254 945
361 324 1137 1 300 1145
362 211 814 1 191 827
363 367 1012 1 342 1021
364 354 1239 1 328 1241
365 369 599 1 346 617
366 398 1018 1 371 1025
367 460 340 1 433 371
368 241 833 1 220 846
369 78 327 1 61 349
370 631 946 1 584 951
371 246 1245 1 222 1248
372 369 387 1 346 417
373 305 958 1 281 967
374 549 772 1 514 789
375 255 1000 1 233 1009
376 147 573 1 128 590
377 331 896 1 307 908
378 370 1244 1 344 1246
379 356 594 1 333 610
380 334 529 1 312 548
381 295 922 1 271 933
382 682 1081 1 620 1068
383 340 1211 1 314 1216
384 385 341 1 362 375
385 432 1076 1 403 1080
386 362 992 1 337 1001
387 506 612 1 475 635
388 345 987 1 321 997
389 383 590 1 360 607
390 46 168 1 30 192
391 399 496 1 375 517
392 254 941 1 232 951
393 184 733 1 162 747
394 248 73 1 230 112
395 374 424 1 351 452
396 545 1252 1 507 1241
397 592 300 1 553 350
398 292 527 1 271 546
399 447 840 1 420 854
400 530 597 1 497 622
401 96 948 1 75 959
402 353 1129 1 328 1136
403 397 587 1 373 605
404 609 721 1 566 743
405 305 914 1 282 926
406 330 803 1 307 817
407 255 989 1 233 998
408 395 483 1 371 505
409 590 725 1 550 746
410 261 1171 1 237 1178
411 284 563 1 263 583
412 319 748 1 295 762
413 422 556 1 397 576
414 360 1181 1 334 1186
415 158 704 1 138 719
416 250 433 1 230 453
417 250 404 1 230 425
418 459 174 1 427 241
419 426 485 1 401 508
420 234 585 1 214 603
421 336 946 1 311 956
422 401 1033 1 374 1040
423 108 975 1 86 985
424 78 410 1 61 430
425 436 745 1 410 760
426 482 254 1 452 300
427 490 136 1 456 208
428 152 726 1 132 741
429 192 947 1 174 956
430 256 1228 1 232 1235
431 488 1240 1 453 1230
432 339 167 1 317 193
433 466 250 1 440 286
434 273 1240 1 249 1243
435 278 869 1 255 881
436 341 1020 1 317 1029
437 578 821 1 540 835
438 247 921 1 224 932
439 420 583 1 395 603
440 544 88 1 502 176
441 519 603 1 488 627
442 314 1165 1 289 1173
443 314 1126 1 289 1135
444 407 52 1 384 93
445 305 795 1 282 809
446 245 238 1 225 263
447 238 450 1 218 470
448 554 477 1 519 511
449 102 1081 1 81 1090
450 118 909 1 98 920
451 337 771 1 314 786
452 169 689 1 149 705
453 346 1250 1 320 1255
454 328 1091 1 303 1100
455 309 1006 1 285 1016
456 98 1059 1 77 1068
457 335 1249 1 310 1255
458 312 817 1 289 831
459 349 603 1 327 620
460 33 432 1 16 451
461 543 178 1 507 237
462 273 903 1 251 914
463 83 514 1 65 532
464 260 326 1 240 349
465 51 498 1 33 516
466 395 738 1 370 754
467 238 433 1 218 452
468 592 922 1 551 930
469 213 148 1 197 184
470 326 826 1 303 839
471 576 213 1 538 267
472 188 313 1 171 345
473 465 1071 1 435 1076
474 37 589 1 19 606
475 245 962 1 224 972
476 338 1230 1 312 1235
477 250 717 1 229 733
478 315 1021 1 291 1031
479 245 844 1 224 856
480 270 853 1 247 866
481 582 915 1 543 923
482 229 598 1 209 616
483 280 479 1 259 499
484 44 435 1 27 454
485 437 843 1 410 856
486 370 1084 1 344 1092
487 266 970 1 244 979
488 331 1009 1 306 1018
489 292 949 1 271 959
490 334 1133 1 309 1141
491 341 1184 1 316 1191
492 314 803 1 291 817
493 409 1022 1 382 1029
494 176 1229 1 154 1233
495 616 46 1 563 144
496 188 294 1 172 327
497 174 1196 1 152 1202
498 284 998 1 262 1007
499 535 156 1 497 224
500 232 1228 1 209 1233
501 358 1107 1 333 1115
502 304 805 1 281 818
503 270 920 1 247 930
504 302 1240 1 278 1244
505 491 747 1 461 764
506 165 1027 1 143 1037
507 139 1060 1 117 1070
508 320 850 1 296 863
509 373 1127 1 347 1134
510 423 841 1 396 855
511 113 1041 1 92 1051
512 331 927 1 307 938
513 325 1154 1 300 1162
514 411 864 1 384 876
515 522 753 1 490 770
516 40 278 1 24 301
517 350 1148 1 325 1155
518 294 865 1 272 877
519 261 931 1 239 942
520 46 177 1 29 201
521 223 113 1 205 152
522 53 729 1 34 743
523 366 411 1 343 438
524 590 187 1 551 245
525 266 1164 1 242 1172
526 79 1125 1 57 1134
527 239 511 1 219 529
528 417 419 1 394 447
529 329 1057 1 304 1067
530 524 959 1 491 966
531 406 387 1 381 417
532 510 575 1 479 600
533 581 1139 1 541 1134
534 431 1065 1 403 1070
535 331 1104 1 306 1112
536 449 920 1 421 929
537 298 1099 1 274 1108
538 295 1082 1 271 1091
539 544 782 1 509 798
540 231 480 1 212 500
541 63 832 1 43 844
542 326 970 1 301 981
543 450 391 1 424 419
544 604 511 1 563 546
545 305 1042 1 281 1049
546 408 795 1 382 809
547 570 953 1 532 960
548 610 875 1 567 885
549 35 481 1 17 499
550 574 246 1 536 300
551 269 596 1 247 612
552 343 1031 1 318 1040
553 215 801 1 195 815
554 258 518 1 238 538
555 327 793 1 304 806
556 277 983 1 254 992
557 458 368 1 431 399
558 237 494 1 216 514
559 258 537 1 237 556
560 190 910 1 169 921
561 291 892 1 268 904
562 268 278 1 248 303
563 546 762 1 512 779
564 591 1015 1 546 1014
565 547 486 1 513 519
566 95 995 1 75 1005
567 197 376 1 178 399
568 232 520 1 213 541
569 304 95 1 284 132
570 292 539 1 271 557
571 43 770 1 24 783
572 505 513 1 475 541
573 487 777 1 458 792
574 531 821 1 497 835
575 238 414 1 218 435
576 335 1047 1 310 1057
577 42 330 1 25 351
578 272 302 1 253 330
579 283 1198 1 259 1204
580 426 1054 1 398 1059
581 238 387 1 218 408
582 285 1035 1 263 1043
583 619 829 1 574 843
584 310 759 1 287 773
585 37 568 1 19 584
586 341 799 1 317 813
587 385 1052 1 359 1060
588 323 1206 1 298 1211
589 38 611 1 20 628
590 231 611 1 211 629
591 88 1252 1 66 1258
592 629 719 1 582 742
593 427 1152 1 400 1158
594 685 123 1 635 196
595 594 1119 1 552 1114
596 506 546 1 476 572
597 608 776 1 565 794
598 348 1041 1 323 1050
599 408 783 1 382 798
600 39 676 1 21 690
601 512 811 1 481 826
602 241 613 1 220 630
603 403 843 1 377 856
604 269 526 1 248 546
605 607 1184 1 563 1173
606 509 287 1 475 338
607 57 674 1 39 689
608 305 1024 1 281 1034
609 371 175 1 349 215
610 378 1002 1 352 1011
611 319 994 1 295 1004
612 147 423 1 129 443
613 249 581 1 228 600
614 271 321 1 250 344
615 74 74 1 58 100
616 55 768 1 36 781
617 387 462 1 364 482
618 314 983 1 290 994
619 405 829 1 379 843
620 359 1119 1 334 1126
621 318 947 1 294 957
622 418 263 1 393 298
623 347 1169 1 322 1176
624 102 909 1 82 921
625 553 966 1 516 972
626 186 650 1 166 667
627 367 1023 1 341 1031
628 264 1017 1 242 1026
629 321 781 1 298 795
630 288 248 1 268 274
631 60 988 1 40 999
632 526 139 1 490 205
633 565 369 1 529 410
634 434 1044 1 406 1050
635 242 562 1 222 580
636 314 937 1 291 948
637 143 73 1 126 102
638 336 762 1 313 776
639 388 514 1 365 534
640 76 1173 1 54 1182
641 194 964 1 175 972
642 367 256 1 344 291
643 593 776 1 553 793
644 316 793 1 293 807
645 261 842 1 239 855
646 213 450 1 194 472
647 217 616 1 197 634
648 221 546 1 202 565
649 356 966 1 331 976
650 302 559 1 280 579
651 590 216 1 550 271
652 555 733 1 519 752
653 387 389 1 363 419
654 274 1214 1 250 1219
655 205 1211 1 182 1216
656 250 979 1 228 988
657 291 909 1 267 921
658 129 1079 1 108 1089
659 566 816 1 528 831
660 41 723 1 22 737
661 38 100 1 23 126
662 61 889 1 41 901
663 214 733 1 193 748
664 242 632 1 221 649
665 189 1242 1 167 1244
666 278 879 1 256 891
667 487 1067 1 457 1071
668 519 457 1 488 489
669 337 1195 1 312 1201
670 377 1226 1 351 1230
