0 379 781 1 356 784
1 454 362 1 432 382
2 342 884 1 319 885
3 419 252 1 397 285
4 458 1106 1 429 1098
5 431 171 1 408 228
6 413 541 1 392 551
7 451 813 1 425 816
8 348 311 1 330 330
9 412 399 1 390 417
10 404 208 1 386 233
11 439 269 1 419 293
12 435 880 1 408 880
13 79 632 1 63 636
14 385 1084 1 360 1080
15 663 1004 1 611 994
16 76 566 1 61 570
17 408 304 1 388 326
18 165 1166 1 142 1162
19 527 258 1 499 294
20 458 929 1 430 929
21 413 529 1 392 539
22 74 468 1 60 475
23 628 171 1 587 227
24 430 42 1 411 74
25 414 265 1 393 288
26 74 671 1 58 673
27 143 630 1 125 635
28 475 1063 1 445 1058
29 377 640 1 371 597
30 397 608 1 376 615
31 542 296 1 512 330
32 657 897 1 607 896
33 369 782 1 347 785
34 140 326 1 126 336
35 68 508 1 53 513
36 453 881 1 426 882
37 148 701 1 131 705
38 408 331 1 388 353
39 455 408 1 433 425
40 97 1126 1 76 1122
41 80 612 1 65 616
42 376 1117 1 348 1108
43 168 1086 1 146 1082
44 414 581 1 393 590
45 409 318 1 388 340
46 417 786 1 393 791
47 431 891 1 406 892
48 400 586 1 378 595
49 343 968 1 319 966
50 453 829 1 427 831
51 477 1110 1 447 1102
52 82 718 1 65 721
53 403 543 1 381 553
54 539 255 1 510 292
55 85 801 1 68 802
56 539 241 1 510 278
57 249 876 1 229 876
58 385 964 1 359 961
59 141 565 1 125 570
60 73 400 1 59 407
61 401 355 1 381 374
62 666 926 1 615 922
63 401 569 1 380 577
64 115 341 1 101 350
65 408 294 1 387 315
66 440 299 1 420 320
67 453 995 1 424 992
68 82 829 1 64 829
69 90 883 1 71 884
70 426 268 1 405 293
71 666 1016 1 614 1004
72 458 1093 1 429 1087
73 515 323 1 487 356
74 139 465 1 124 474
75 628 143 1 587 203
76 556 263 1 523 303
77 83 688 1 67 691
78 87 782 1 70 784
79 397 1095 1 370 1087
80 441 176 1 416 233
81 375 622 1 354 630
82 380 758 1 358 762
83 354 773 1 332 776
84 162 1126 1 140 1122
85 149 830 1 130 830
86 483 1087 1 453 1080
87 429 806 1 404 809
88 67 449 1 52 455
89 141 346 1 128 355
90 69 526 1 55 532
91 465 311 1 442 334
92 143 609 1 126 613
93 346 464 1 327 472
94 498 160 1 469 212
95 70 310 1 57 319
96 382 1074 1 357 1071
97 283 630 1 264 637
98 347 218 1 331 231
99 90 846 1 72 847
100 138 506 1 123 512
101 461 252 1 437 283
102 354 1040 1 328 1038
103 349 328 1 332 340
104 74 360 1 60 369
105 376 1168 1 350 1162
106 135 310 1 121 319
107 412 491 1 392 502
108 143 671 1 126 674
109 447 976 1 419 974
110 447 422 1 425 438
111 405 598 1 385 607
112 332 991 1 309 990
113 401 497 1 380 507
114 345 396 1 326 405
115 388 551 1 367 559
116 444 380 1 422 399
117 460 958 1 432 956
118 368 745 1 346 748
119 345 339 1 327 351
120 376 1215 1 350 1207
121 428 298 1 406 318
122 214 1073 1 190 1069
123 407 418 1 386 435
124 366 931 1 342 931
125 162 1140 1 141 1136
126 216 62 1 204 88
127 280 464 1 263 472
128 139 525 1 123 530
129 136 359 1 121 367
130 120 355 1 106 364
131 453 1005 1 419 994
132 439 915 1 413 915
133 341 922 1 318 922
134 463 1064 1 434 1059
135 276 610 1 257 616
136 137 447 1 122 454
137 64 342 1 51 350
138 659 908 1 609 907
139 419 868 1 393 869
140 537 323 1 507 356
141 631 182 1 590 238
142 412 609 1 389 617
143 394 518 1 373 528
144 143 688 1 126 691
145 105 1167 1 84 1163
146 508 236 1 478 281
147 420 889 1 393 889
148 458 337 1 436 359
149 437 925 1 411 927
150 146 719 1 127 721
151 373 1045 1 348 1041
152 421 381 1 401 399
153 473 1083 1 443 1076
154 395 1084 1 370 1083
155 63 292 1 50 301
156 102 1222 1 80 1216
157 446 966 1 419 964
158 460 436 1 437 454
159 98 998 1 78 996
160 407 557 1 385 567
161 83 671 1 67 673
162 541 268 1 512 304
163 350 262 1 333 274
164 402 221 1 383 244
165 409 619 1 387 627
166 286 610 1 267 617
167 277 1021 1 255 1017
168 402 253 1 382 275
169 283 445 1 265 453
170 406 409 1 385 426
171 410 865 1 384 867
172 385 993 1 360 991
173 345 443 1 326 452
174 462 995 1 434 992
175 299 867 1 277 868
176 132 345 1 118 355
177 513 264 1 483 307
178 78 507 1 63 512
179 385 327 1 366 340
180 510 252 1 479 296
181 435 1066 1 408 1060
182 401 529 1 380 538
183 472 335 1 447 366
184 414 841 1 390 845
185 582 301 1 547 341
186 54 677 1 37 680
187 471 253 1 446 291
188 61 835 1 43 835
189 461 975 1 434 973
190 369 756 1 346 760
191 445 347 1 423 369
192 555 275 1 523 316
193 135 286 1 121 296
194 444 365 1 422 385
195 106 1141 1 85 1137
196 239 878 1 218 878
197 253 905 1 234 905
198 348 957 1 324 956
199 289 1124 1 265 1121
200 373 1059 1 348 1056
201 349 1017 1 325 1014
202 143 987 1 123 985
203 391 561 1 370 570
204 363 1174 1 337 1168
205 68 225 1 56 236
206 565 872 1 528 873
207 70 194 1 58 205
208 575 878 1 537 879
209 455 317 1 433 341
210 566 170 1 530 227
211 350 988 1 326 986
212 273 445 1 255 454
213 224 460 1 210 475
214 437 840 1 412 843
215 288 791 1 268 793
216 400 384 1 380 401
217 407 197 1 387 220
218 76 448 1 62 455
219 71 986 1 51 984
220 324 1188 1 299 1184
221 509 169 1 478 227
222 104 1187 1 83 1182
223 253 86 1 240 114
224 511 792 1 481 797
225 383 580 1 362 587
226 116 986 1 96 984
227 372 1187 1 346 1181
228 515 315 1 485 354
229 372 771 1 350 774
230 137 119 1 125 133
231 318 772 1 297 776
232 637 1099 1 578 1075
233 49 521 1 34 526
234 655 886 1 606 886
235 246 739 1 226 743
236 378 390 1 359 408
237 359 989 1 335 988
238 463 148 1 435 210
239 289 1139 1 265 1136
240 65 177 1 54 188
241 384 537 1 364 546
242 402 241 1 383 266
243 573 786 1 536 792
244 78 783 1 60 784
245 552 140 1 518 201
246 78 1130 1 57 1126
247 441 315 1 420 338
248 542 282 1 513 317
249 419 331 1 399 352
250 665 899 1 614 897
251 659 77 1 611 154
252 300 833 1 278 835
253 318 1043 1 295 1041
254 379 570 1 359 576
255 363 1046 1 338 1043
256 344 353 1 326 364
257 320 850 1 298 852
258 612 945 1 568 941
259 346 292 1 329 304
260 267 1006 1 245 1002
261 554 218 1 522 263
262 73 292 1 60 301
263 344 416 1 325 425
264 505 218 1 476 264
265 92 938 1 73 937
266 377 862 1 354 864
267 64 115 1 52 128
268 298 853 1 277 854
269 516 129 1 483 195
270 509 757 1 479 764
271 326 762 1 305 766
272 318 1017 1 294 1015
273 371 198 1 352 233
274 73 689 1 57 692
275 580 290 1 546 330
276 228 842 1 208 843
277 112 1223 1 90 1217
278 585 189 1 550 237
279 585 254 1 549 297
280 359 782 1 337 786
281 250 843 1 230 845
282 488 316 1 460 351
283 399 365 1 379 384
284 439 142 1 415 207
285 86 905 1 67 904
286 106 1124 1 85 1120
287 416 813 1 393 816
288 311 1166 1 287 1162
289 385 1102 1 359 1094
290 301 842 1 279 844
291 249 609 1 231 615
292 339 801 1 318 803
293 527 325 1 498 358
294 333 948 1 309 948
295 350 1194 1 324 1188
296 185 285 1 173 305
297 349 504 1 330 512
298 69 140 1 58 152
299 248 776 1 227 778
300 64 362 1 50 370
301 352 1228 1 325 1219
302 45 355 1 32 363
303 359 757 1 337 761
304 68 72 1 56 85
305 271 1134 1 248 1132
306 359 307 1 340 329
307 439 777 1 414 781
308 185 297 1 173 318
309 492 171 1 462 228
310 377 874 1 353 875
311 264 899 1 243 899
312 133 222 1 120 233
313 267 625 1 249 631
314 425 415 1 403 434
315 342 1132 1 316 1128
316 541 333 1 511 365
317 653 105 1 610 174
318 328 526 1 309 535
319 223 400 1 210 417
320 334 982 1 310 980
321 554 825 1 519 829
322 229 854 1 210 854
323 401 431 1 384 448
324 281 562 1 262 570
325 332 1046 1 308 1044
326 228 880 1 208 880
327 416 441 1 395 461
328 303 791 1 282 793
329 441 1104 1 412 1097
330 298 1140 1 274 1137
331 344 277 1 327 289
332 592 884 1 552 884
333 391 354 1 371 374
334 472 326 1 447 356
335 386 432 1 366 449
336 265 970 1 245 967
337 369 986 1 345 985
338 676 87 1 625 166
339 309 1124 1 285 1120
340 73 589 1 58 593
341 303 186 1 288 211
342 419 619 1 395 630
343 363 1147 1 337 1141
344 84 741 1 67 742
345 496 310 1 467 348
346 570 295 1 536 335
347 339 912 1 316 913
348 461 395 1 438 414
349 526 314 1 496 352
350 123 310 1 109 319
351 371 1253 1 343 1246
352 289 827 1 268 829
353 534 780 1 502 787
354 91 827 1 73 828
355 160 918 1 140 917
356 275 947 1 253 946
357 324 1149 1 299 1145
358 209 826 1 190 827
359 366 1024 1 341 1021
360 354 1251 1 328 1241
361 366 611 1 345 617
362 397 1029 1 371 1025
363 455 352 1 433 372
364 239 845 1 219 847
365 74 341 1 61 349
366 629 956 1 583 951
367 365 399 1 345 417
368 303 969 1 281 967
369 546 783 1 513 789
370 254 1012 1 232 1009
371 144 586 1 128 591
372 329 908 1 307 908
373 352 605 1 332 611
374 330 541 1 311 548
375 293 933 1 271 933
376 680 1091 1 618 1068
377 340 1223 1 314 1216
378 381 353 1 361 376
379 431 1087 1 403 1080
380 361 1003 1 336 1001
381 503 623 1 475 636
382 344 999 1 320 997
383 380 602 1 359 607
384 41 182 1 29 193
385 395 507 1 374 518
386 252 953 1 231 951
387 181 745 1 162 747
388 242 87 1 229 113
389 370 436 1 350 453
390 628 92 1 581 172
391 587 312 1 551 351
392 289 539 1 271 547
393 445 851 1 419 854
394 526 608 1 496 622
395 94 961 1 75 959
396 352 1141 1 327 1136
397 394 598 1 373 606
398 606 731 1 565 743
399 303 926 1 281 926
400 328 815 1 306 817
401 254 1001 1 233 998
402 391 495 1 371 506
403 587 736 1 549 746
404 261 1184 1 237 1178
405 281 575 1 262 584
406 316 760 1 295 762
407 418 568 1 397 577
408 360 1193 1 334 1185
409 155 716 1 137 720
410 246 446 1 230 454
411 246 417 1 230 425
412 453 187 1 426 243
413 422 497 1 401 509
414 231 597 1 213 604
415 334 957 1 311 956
416 400 1044 1 373 1040
417 106 988 1 85 985
418 74 424 1 60 431
419 433 756 1 410 760
420 476 266 1 451 302
421 299 1123 1 275 1120
422 484 150 1 455 210
423 149 739 1 131 742
424 190 960 1 173 956
425 255 1241 1 232 1235
426 488 1251 1 452 1229
427 333 179 1 317 194
428 461 262 1 439 287
429 273 1253 1 248 1243
430 275 881 1 255 881
431 340 1031 1 316 1029
432 576 831 1 538 835
433 245 933 1 224 932
434 416 594 1 394 603
435 537 103 1 501 178
436 516 614 1 487 628
437 314 1177 1 289 1173
438 313 1138 1 289 1135
439 401 65 1 383 95
440 302 807 1 281 809
441 240 251 1 225 264
442 234 462 1 218 470
443 549 488 1 518 512
444 101 1094 1 81 1090
445 116 922 1 98 920
446 334 783 1 313 786
447 166 702 1 148 706
448 327 1103 1 302 1100
449 308 1018 1 285 1016
450 97 1072 1 77 1068
451 309 829 1 288 831
452 346 615 1 326 621
453 29 446 1 15 451
454 537 190 1 506 238
455 271 915 1 251 914
456 79 527 1 64 533
457 255 339 1 240 350
458 48 511 1 33 516
459 392 750 1 370 754
460 234 445 1 218 453
461 590 933 1 550 930
462 208 161 1 196 186
463 324 837 1 303 839
464 569 226 1 537 269
465 183 327 1 171 345
466 464 1083 1 434 1076
467 34 603 1 19 606
468 244 974 1 223 972
469 338 1243 1 312 1235
470 248 729 1 228 733
471 314 1033 1 290 1031
472 243 856 1 224 857
473 267 866 1 247 866
474 580 925 1 542 923
475 226 609 1 209 617
476 276 492 1 259 500
477 40 448 1 26 455
478 435 854 1 410 857
479 369 1096 1 344 1092
480 265 982 1 244 979
481 330 1021 1 306 1018
482 291 961 1 270 959
483 334 1145 1 309 1141
484 341 1197 1 315 1191
485 312 815 1 291 817
486 408 1033 1 382 1029
487 175 1243 1 154 1233
488 523 241 1 492 280
489 608 60 1 561 148
490 184 307 1 172 328
491 174 1209 1 152 1201
492 283 1010 1 261 1007
493 529 169 1 496 227
494 232 1241 1 209 1233
495 357 1118 1 332 1115
496 301 816 1 280 818
497 268 932 1 247 931
498 302 1253 1 277 1244
499 488 757 1 461 764
500 164 1040 1 143 1037
501 137 1073 1 117 1070
502 318 862 1 296 863
503 372 1139 1 346 1134
504 421 853 1 396 855
505 111 1055 1 91 1051
506 330 938 1 306 938
507 324 1166 1 300 1162
508 409 875 1 383 876
509 520 764 1 489 770
510 36 292 1 24 301
511 349 1160 1 324 1155
512 292 877 1 271 878
513 259 943 1 239 942
514 41 190 1 29 202
515 217 127 1 205 154
516 50 742 1 34 743
517 361 423 1 342 439
518 584 200 1 549 247
519 265 1176 1 241 1172
520 78 1139 1 57 1134
521 584 228 1 549 273
522 236 523 1 218 530
523 328 1069 1 304 1067
524 522 969 1 490 966
525 401 399 1 381 418
526 506 586 1 478 601
527 581 1149 1 540 1133
528 431 1077 1 402 1070
529 330 1116 1 306 1112
530 447 931 1 420 929
531 297 1111 1 274 1108
532 294 1094 1 270 1091
533 542 793 1 508 799
534 228 492 1 211 501
535 60 845 1 42 845
536 324 982 1 301 981
537 446 402 1 424 420
538 600 522 1 562 547
539 304 1054 1 281 1049
540 406 807 1 382 810
541 569 964 1 531 960
542 608 885 1 566 885
543 31 494 1 17 499
544 569 258 1 535 301
545 266 608 1 247 613
546 342 1043 1 317 1041
547 213 814 1 194 816
548 255 530 1 237 539
549 325 804 1 304 806
550 276 995 1 254 992
551 453 379 1 431 400
552 233 506 1 216 514
553 255 549 1 237 557
554 188 922 1 169 922
555 289 904 1 268 904
556 263 291 1 247 304
557 543 772 1 511 779
558 590 1025 1 544 1014
559 543 498 1 512 520
560 93 1009 1 74 1005
561 193 389 1 178 400
562 229 533 1 212 541
563 299 109 1 283 133
564 289 551 1 270 558
565 41 783 1 24 783
566 501 525 1 474 542
567 485 788 1 457 793
568 529 831 1 496 835
569 234 427 1 218 435
570 334 1059 1 310 1057
571 37 343 1 25 351
572 283 1211 1 258 1203
573 426 1065 1 398 1059
574 234 399 1 217 408
575 285 1047 1 262 1043
576 617 839 1 573 843
577 307 770 1 287 773
578 34 581 1 19 585
579 338 810 1 317 813
580 384 1064 1 359 1060
581 323 1218 1 297 1211
582 35 625 1 20 628
583 228 623 1 210 629
584 626 730 1 581 742
585 427 1163 1 399 1158
586 678 136 1 633 198
587 593 1129 1 551 1113
588 502 557 1 475 573
589 606 787 1 564 794
590 347 1053 1 323 1050
591 405 794 1 382 798
592 37 689 1 21 691
593 510 822 1 480 826
594 238 625 1 219 630
595 401 854 1 377 856
596 265 538 1 248 546
597 607 1194 1 562 1173
598 504 300 1 474 340
599 54 687 1 38 689
600 304 1036 1 281 1034
601 365 187 1 348 216
602 377 1013 1 352 1011
603 317 1005 1 294 1004
604 143 437 1 128 444
605 245 594 1 227 600
606 267 333 1 250 345
607 68 88 1 57 101
608 53 780 1 36 782
609 383 474 1 363 482
610 312 995 1 289 994
611 403 840 1 378 843
612 358 1130 1 333 1126
613 316 959 1 294 957
614 413 276 1 393 299
615 346 1181 1 321 1176
616 101 922 1 82 921
617 551 976 1 515 972
618 183 663 1 166 667
619 366 1035 1 341 1031
620 263 1030 1 241 1026
621 319 793 1 298 795
622 284 261 1 267 275
623 58 1002 1 39 999
624 520 152 1 489 207
625 560 381 1 528 412
626 433 1055 1 405 1050
627 239 574 1 222 581
628 313 949 1 291 948
629 137 87 1 126 103
630 334 773 1 313 777
631 384 525 1 364 535
632 75 1187 1 54 1182
633 193 977 1 175 972
634 362 268 1 344 292
635 590 786 1 552 793
636 314 805 1 293 807
637 259 854 1 239 855
638 209 463 1 194 472
639 214 629 1 197 634
640 218 558 1 201 565
641 355 978 1 331 976
642 298 571 1 280 580
643 552 744 1 518 753
644 382 402 1 362 420
645 274 1227 1 250 1219
646 204 1224 1 182 1216
647 249 991 1 228 989
648 289 921 1 267 921
649 127 1093 1 107 1089
650 563 827 1 527 831
651 39 736 1 22 737
652 33 114 1 23 127
653 59 902 1 41 901
654 211 746 1 193 749
655 239 644 1 220 649
656 276 891 1 255 891
657 486 1077 1 456 1071
658 515 468 1 487 489
659 337 1207 1 311 1201
660 377 1238 1 350 1230
