0 400 756 1 353 786
1 470 339 1 427 387
2 419 185 1 382 239
3 364 859 1 316 886
4 482 1077 1 425 1097
5 428 243 1 389 293
6 432 518 1 388 554
7 486 1026 1 429 1048
8 472 787 1 422 818
9 434 230 1 393 294
10 364 290 1 327 336
11 428 376 1 387 422
12 157 447 1 121 477
13 454 247 1 414 299
14 457 854 1 404 881
15 99 612 1 61 638
16 410 1057 1 357 1080
17 683 971 1 602 991
18 96 546 1 59 573
19 423 282 1 384 331
20 192 1141 1 140 1163
21 541 235 1 493 302
22 480 902 1 426 929
23 431 506 1 388 542
24 92 449 1 58 478
25 640 149 1 578 239
26 675 868 1 598 895
27 442 261 1 402 312
28 95 651 1 56 675
29 557 274 1 506 338
30 498 1035 1 440 1057
31 425 574 1 381 609
32 364 238 1 330 278
33 416 584 1 372 618
34 390 757 1 344 787
35 156 306 1 124 340
36 87 488 1 51 516
37 475 854 1 422 883
38 170 679 1 129 707
39 424 309 1 384 359
40 472 385 1 428 429
41 124 1102 1 74 1122
42 101 592 1 63 619
43 401 1088 1 345 1107
44 194 1061 1 144 1083
45 433 558 1 389 593
46 424 295 1 384 345
47 438 761 1 390 792
48 453 865 1 402 892
49 419 562 1 375 597
50 163 611 1 123 637
51 366 943 1 316 966
52 474 803 1 423 833
53 501 1080 1 443 1101
54 104 698 1 63 723
55 421 520 1 378 556
56 553 232 1 504 301
57 109 780 1 66 803
58 553 218 1 504 287
59 272 853 1 226 877
60 408 938 1 356 961
61 161 545 1 123 573
62 90 381 1 57 411
63 417 333 1 377 379
64 685 895 1 606 921
65 419 545 1 376 580
66 132 322 1 99 354
67 423 271 1 383 321
68 456 276 1 416 325
69 476 968 1 420 992
70 105 808 1 62 830
71 114 862 1 69 885
72 441 246 1 401 299
73 686 983 1 605 1001
74 557 1232 1 489 1240
75 482 1064 1 425 1086
76 530 301 1 481 363
77 507 1058 1 448 1079
78 639 122 1 578 216
79 569 240 1 517 312
80 105 668 1 65 693
81 110 761 1 68 785
82 421 1066 1 366 1086
83 570 1232 1 501 1240
84 455 158 1 410 245
85 401 733 1 355 763
86 142 1236 1 88 1256
87 375 749 1 329 777
88 189 1101 1 138 1122
89 172 808 1 128 832
90 425 533 1 381 571
91 85 430 1 50 458
92 158 326 1 126 359
93 89 507 1 53 535
94 480 288 1 438 340
95 163 588 1 124 615
96 364 441 1 324 475
97 513 1221 1 448 1228
98 86 292 1 55 323
99 407 1047 1 354 1071
100 303 607 1 262 639
101 361 196 1 328 235
102 114 825 1 70 848
103 157 486 1 120 515
104 476 230 1 432 291
105 378 1014 1 325 1038
106 365 306 1 329 344
107 90 342 1 58 372
108 402 1140 1 347 1161
109 151 290 1 119 323
110 430 468 1 388 506
111 164 650 1 123 676
112 470 949 1 415 974
113 464 398 1 421 442
114 356 966 1 306 991
115 419 473 1 377 510
116 362 373 1 323 408
117 406 527 1 364 562
118 425 395 1 383 440
119 460 357 1 418 403
120 482 931 1 428 957
121 388 721 1 343 750
122 402 1187 1 347 1206
123 443 275 1 402 323
124 389 905 1 339 931
125 189 1116 1 138 1136
126 229 42 1 201 95
127 298 442 1 260 475
128 158 505 1 121 533
129 152 339 1 119 371
130 137 336 1 104 367
131 450 779 1 400 810
132 475 974 1 413 991
133 461 888 1 409 915
134 364 897 1 315 923
135 487 1036 1 430 1058
136 295 588 1 254 618
137 155 427 1 119 457
138 81 323 1 49 354
139 485 967 1 430 991
140 441 842 1 389 869
141 552 300 1 501 363
142 643 160 1 581 250
143 412 494 1 370 531
144 164 666 1 123 693
145 133 1143 1 82 1163
146 522 214 1 472 291
147 442 863 1 390 889
148 474 314 1 431 365
149 460 899 1 408 927
150 498 1054 1 439 1075
151 167 698 1 125 723
152 438 817 1 386 846
153 437 358 1 397 403
154 419 1057 1 367 1083
155 79 273 1 48 305
156 460 32 1 423 101
157 131 1196 1 78 1217
158 469 939 1 415 964
159 477 413 1 433 458
160 397 1019 1 344 1040
161 123 975 1 76 996
162 105 650 1 65 676
163 556 246 1 506 312
164 430 584 1 386 620
165 416 199 1 379 249
166 305 587 1 264 619
167 154 379 1 120 410
168 416 230 1 378 280
169 300 423 1 262 456
170 432 840 1 380 868
171 409 967 1 357 991
172 362 420 1 323 455
173 594 267 1 539 339
174 322 843 1 275 869
175 148 326 1 115 358
176 527 242 1 477 316
177 359 316 1 323 354
178 97 487 1 61 515
179 401 304 1 363 343
180 524 231 1 473 306
181 459 1038 1 404 1059
182 420 506 1 377 541
183 678 877 1 600 906
184 419 173 1 383 226
185 415 1234 1 358 1253
186 487 313 1 442 373
187 596 279 1 540 350
188 75 657 1 36 682
189 486 232 1 441 299
190 85 814 1 41 837
191 485 948 1 430 973
192 390 732 1 343 762
193 461 324 1 419 374
194 569 253 1 516 325
195 150 266 1 119 300
196 460 342 1 417 390
197 134 1117 1 83 1138
198 262 854 1 216 879
199 371 932 1 321 956
200 315 1098 1 262 1122
201 398 1032 1 345 1056
202 373 991 1 322 1014
203 409 538 1 367 572
204 388 1146 1 334 1167
205 82 207 1 53 240
206 585 844 1 522 874
207 84 175 1 56 209
208 595 849 1 530 879
209 471 295 1 429 347
210 578 149 1 522 239
211 374 962 1 323 986
212 290 423 1 252 457
213 458 815 1 408 844
214 310 767 1 265 795
215 416 361 1 376 406
216 511 138 1 463 223
217 95 429 1 60 458
218 96 964 1 49 985
219 350 1161 1 296 1183
220 522 150 1 471 239
221 133 1162 1 81 1182
222 597 231 1 542 306
223 531 766 1 476 799
224 402 556 1 359 590
225 141 964 1 94 985
226 151 99 1 123 138
227 398 1159 1 343 1180
228 530 293 1 479 363
229 393 746 1 347 775
230 340 749 1 294 777
231 68 502 1 32 529
232 674 856 1 597 885
233 395 368 1 355 413
234 383 964 1 332 988
235 476 131 1 429 224
236 315 1113 1 262 1137
237 79 159 1 51 193
238 403 514 1 361 549
239 169 964 1 121 986
240 417 219 1 379 272
241 593 758 1 529 793
242 100 763 1 58 786
243 564 120 1 511 214
244 106 1106 1 55 1126
245 618 497 1 555 552
246 456 292 1 416 344
247 556 259 1 507 325
248 435 309 1 395 357
249 532 1236 1 467 1243
250 669 58 1 600 170
251 322 809 1 275 836
252 343 1017 1 292 1041
253 398 546 1 356 579
254 242 438 1 208 480
255 360 330 1 323 367
256 342 826 1 295 853
257 632 914 1 561 940
258 361 270 1 326 308
259 292 981 1 243 1002
260 568 197 1 515 273
261 301 937 1 252 959
262 89 273 1 58 305
263 360 393 1 322 428
264 519 198 1 470 274
265 117 916 1 71 938
266 399 837 1 350 865
267 77 97 1 50 132
268 321 829 1 274 855
269 117 1242 1 63 1261
270 529 731 1 474 766
271 347 739 1 302 767
272 342 991 1 292 1015
273 454 126 1 409 221
274 385 178 1 349 242
275 95 669 1 55 694
276 250 818 1 205 844
277 141 1197 1 88 1217
278 597 167 1 542 248
279 381 758 1 334 788
280 503 294 1 455 359
281 415 343 1 375 389
282 267 718 1 223 745
283 110 883 1 65 905
284 134 1100 1 83 1121
285 438 787 1 390 817
286 337 1140 1 284 1163
287 410 1074 1 355 1093
288 323 819 1 276 845
289 269 587 1 228 617
290 361 777 1 315 805
291 542 302 1 492 366
292 356 923 1 306 948
293 376 1166 1 321 1187
294 201 266 1 171 311
295 367 481 1 326 515
296 91 594 1 53 621
297 82 121 1 55 156
298 269 754 1 225 780
299 80 343 1 48 373
300 378 1199 1 322 1218
301 62 336 1 30 366
302 380 733 1 333 763
303 80 53 1 54 90
304 297 1109 1 245 1132
305 374 285 1 337 334
306 460 752 1 411 783
307 202 278 1 172 324
308 505 152 1 456 240
309 387 1019 1 335 1044
310 399 848 1 350 876
311 252 829 1 207 855
312 147 202 1 117 237
313 287 603 1 246 633
314 274 1230 1 220 1248
315 367 1105 1 313 1128
316 556 311 1 505 373
317 346 504 1 306 537
318 406 332 1 367 379
319 358 956 1 308 981
320 574 798 1 513 830
321 299 540 1 259 573
322 356 1021 1 305 1044
323 250 857 1 206 881
324 433 418 1 391 465
325 325 767 1 279 795
326 465 1075 1 408 1095
327 324 1114 1 272 1138
328 359 255 1 324 293
329 612 855 1 545 884
330 427 594 1 383 629
331 240 380 1 208 422
332 487 304 1 442 363
333 404 409 1 362 453
334 393 960 1 342 985
335 686 68 1 615 183
336 334 1098 1 282 1120
337 93 569 1 56 595
338 318 165 1 285 218
339 528 112 1 476 209
340 388 1119 1 334 1141
341 106 720 1 65 744
342 511 288 1 461 357
343 584 272 1 529 344
344 362 888 1 313 913
345 477 372 1 434 419
346 541 292 1 490 360
347 139 290 1 107 323
348 312 804 1 266 830
349 554 753 1 496 788
350 114 806 1 71 829
351 184 896 1 138 919
352 299 923 1 251 946
353 349 1122 1 296 1145
354 232 803 1 188 829
355 390 998 1 338 1021
356 385 587 1 342 620
357 204 1240 1 149 1257
358 421 1002 1 367 1025
359 471 329 1 429 377
360 262 822 1 217 848
361 91 322 1 59 353
362 650 925 1 575 949
363 441 393 1 399 438
364 382 377 1 342 422
365 327 944 1 278 968
366 566 755 1 507 790
367 279 987 1 230 1009
368 164 565 1 126 593
369 352 883 1 304 909
370 278 881 1 231 905
371 371 582 1 329 613
372 349 518 1 308 551
373 317 909 1 268 934
374 215 937 1 172 956
375 366 1195 1 311 1216
376 397 332 1 357 382
377 455 1059 1 399 1078
378 384 977 1 333 1001
379 522 598 1 470 639
380 368 973 1 317 997
381 399 578 1 356 610
382 55 163 1 27 197
383 413 484 1 370 521
384 276 928 1 229 952
385 202 723 1 159 749
386 255 67 1 227 120
387 387 414 1 347 458
388 326 1224 1 270 1243
389 638 73 1 571 188
390 601 289 1 544 360
391 308 516 1 268 549
392 467 825 1 416 855
393 544 583 1 491 626
394 119 938 1 73 960
395 378 1114 1 324 1136
396 413 574 1 369 608
397 625 704 1 558 745
398 326 902 1 278 927
399 656 1062 1 569 1069
400 349 791 1 303 819
401 409 472 1 367 509
402 606 709 1 542 748
403 300 553 1 260 587
404 338 736 1 292 764
405 437 544 1 393 579
406 385 1164 1 331 1184
407 176 695 1 135 722
408 289 945 1 243 967
409 264 424 1 227 457
410 263 395 1 227 428
411 467 168 1 420 255
412 440 473 1 397 512
413 251 575 1 211 606
414 358 932 1 308 957
415 424 1017 1 370 1039
416 131 965 1 83 986
417 92 405 1 58 434
418 454 731 1 406 762
419 491 245 1 446 310
420 324 1096 1 272 1120
421 498 131 1 449 223
422 171 718 1 129 743
423 347 157 1 314 199
424 476 239 1 435 293
425 442 283 1 401 333
426 46 395 1 12 422
427 298 856 1 252 882
428 365 1005 1 314 1029
429 596 803 1 532 836
430 269 909 1 221 933
431 435 570 1 391 606
432 549 86 1 493 194
433 43 337 1 11 366
434 256 1223 1 203 1240
435 534 589 1 482 631
436 340 1150 1 286 1173
437 314 975 1 264 998
438 339 1111 1 286 1135
439 413 42 1 379 102
440 324 784 1 279 811
441 255 230 1 222 268
442 363 1236 1 307 1258
443 252 441 1 215 473
444 566 464 1 512 517
445 128 1070 1 79 1091
446 356 759 1 310 788
447 187 680 1 146 708
448 352 1077 1 299 1100
449 332 993 1 282 1017
450 124 1049 1 75 1069
451 405 1235 1 348 1253
452 332 805 1 285 832
453 365 591 1 323 623
454 397 1226 1 340 1244
455 550 169 1 499 249
456 41 272 1 10 302
457 99 508 1 62 535
458 271 317 1 237 354
459 67 492 1 31 519
460 413 725 1 366 756
461 611 903 1 543 929
462 223 141 1 194 192
463 347 813 1 300 841
464 583 220 1 528 297
465 200 307 1 169 351
466 488 1054 1 430 1075
467 54 583 1 17 608
468 268 950 1 221 972
469 364 1215 1 309 1234
470 269 707 1 226 735
471 338 1008 1 288 1031
472 267 833 1 221 858
473 43 321 1 11 350
474 120 959 1 74 981
475 230 760 1 188 787
476 601 896 1 535 923
477 246 588 1 206 619
478 295 1225 1 240 1244
479 294 468 1 256 503
480 58 430 1 25 458
481 457 829 1 406 858
482 394 1069 1 341 1092
483 354 995 1 303 1019
484 47 438 1 13 465
485 359 1119 1 306 1141
486 367 1169 1 312 1191
487 334 791 1 288 819
488 433 1006 1 378 1028
489 536 218 1 486 289
490 617 44 1 552 165
491 200 289 1 170 334
492 201 1183 1 150 1201
493 307 985 1 259 1007
494 541 150 1 489 239
495 260 1214 1 206 1232
496 382 1092 1 329 1115
497 323 792 1 278 820
498 292 907 1 244 931
499 509 732 1 456 765
500 189 1016 1 140 1038
501 164 1050 1 115 1070
502 340 838 1 293 864
503 398 1111 1 343 1133
504 443 827 1 392 856
505 137 1031 1 89 1052
506 353 913 1 303 938
507 402 99 1 368 146
508 350 1139 1 297 1162
509 431 849 1 380 877
510 540 737 1 484 772
511 52 274 1 22 305
512 375 1133 1 321 1155
513 55 172 1 27 206
514 230 108 1 203 161
515 73 722 1 32 745
516 379 401 1 339 443
517 44 346 1 12 375
518 596 178 1 542 257
519 291 1150 1 239 1172
520 106 1115 1 55 1135
521 254 501 1 215 532
522 40 240 1 10 270
523 353 1043 1 301 1067
524 545 941 1 485 966
525 418 376 1 377 423
526 525 562 1 473 604
527 216 1228 1 163 1245
528 604 1116 1 534 1129
529 455 1048 1 399 1069
530 356 1089 1 303 1112
531 470 903 1 416 930
532 323 1086 1 271 1109
533 319 1068 1 268 1091
534 561 766 1 503 800
535 247 471 1 209 504
536 40 283 1 10 313
537 84 824 1 41 846
538 348 957 1 298 981
539 462 379 1 420 424
540 40 225 1 10 256
541 34 76 1 8 110
542 330 1027 1 278 1049
543 583 204 1 529 280
544 590 934 1 525 959
545 628 855 1 558 885
546 290 956 1 242 979
547 50 476 1 15 502
548 401 926 1 350 951
549 285 586 1 244 615
550 366 1017 1 315 1041
551 235 791 1 192 817
552 274 509 1 235 542
553 347 781 1 301 808
554 300 970 1 251 992
555 470 356 1 426 405
556 252 485 1 213 517
557 274 527 1 234 560
558 213 899 1 167 922
559 312 880 1 265 905
560 278 270 1 244 308
561 563 746 1 505 780
562 611 992 1 537 1011
563 560 473 1 506 525
564 119 985 1 72 1006
565 210 368 1 176 403
566 248 511 1 210 544
567 311 87 1 280 140
568 308 528 1 267 560
569 64 763 1 22 785
570 519 500 1 469 546
571 505 762 1 453 794
572 549 804 1 491 836
573 358 1033 1 307 1057
574 55 325 1 23 355
575 440 128 1 398 211
576 310 1183 1 256 1203
577 450 1037 1 394 1058
578 250 378 1 215 411
579 46 406 1 12 433
580 635 810 1 565 843
581 329 747 1 284 775
582 54 562 1 17 587
583 360 787 1 314 815
584 408 1037 1 356 1060
585 349 1191 1 295 1210
586 56 605 1 18 630
587 248 601 1 208 632
588 40 261 1 10 291
589 643 702 1 573 744
590 452 1135 1 396 1157
591 689 115 1 624 211
592 616 1096 1 544 1109
593 520 533 1 470 577
594 625 759 1 557 795
595 371 1027 1 320 1051
596 427 769 1 378 800
597 58 669 1 19 693
598 531 795 1 475 827
599 258 603 1 217 633
600 423 829 1 373 857
601 285 515 1 245 549
602 629 1160 1 554 1167
603 518 278 1 468 349
604 76 667 1 36 691
605 329 1011 1 278 1034
606 380 167 1 344 223
607 401 987 1 348 1011
608 316 935 1 267 958
609 342 980 1 291 1005
610 161 416 1 126 447
611 265 572 1 225 603
612 283 312 1 247 348
613 81 70 1 55 106
614 76 760 1 34 783
615 400 450 1 360 485
616 336 970 1 287 994
617 425 815 1 375 844
618 383 1104 1 330 1126
619 340 933 1 291 958
620 428 253 1 389 305
621 373 1154 1 318 1176
622 125 900 1 80 922
623 204 641 1 163 669
624 390 1009 1 338 1031
625 288 1004 1 239 1026
626 341 769 1 295 797
627 298 239 1 264 279
628 84 979 1 38 1000
629 532 132 1 482 219
630 575 357 1 522 418
631 457 1027 1 402 1049
632 258 552 1 219 583
633 336 924 1 288 948
634 150 67 1 123 108
635 650 113 1 587 209
636 355 750 1 310 778
637 403 502 1 361 538
638 103 1163 1 52 1182
639 218 953 1 173 972
640 609 758 1 545 794
641 41 251 1 11 281
642 282 830 1 237 856
643 228 442 1 191 476
644 235 607 1 194 636
645 237 537 1 199 568
646 378 952 1 328 976
647 317 549 1 277 583
648 571 717 1 513 754
649 399 379 1 359 425
650 301 1199 1 247 1218
651 232 1197 1 180 1215
652 274 966 1 226 989
653 312 897 1 264 922
654 154 1069 1 105 1090
655 583 799 1 521 832
656 61 716 1 20 739
657 47 96 1 21 132
658 42 310 1 11 340
659 84 881 1 39 902
660 233 723 1 190 750
661 356 940 1 306 964
662 259 622 1 218 651
663 300 867 1 253 892
664 307 1227 1 253 1245
665 532 444 1 482 494
666 363 1180 1 308 1201
667 403 1209 1 347 1228
