0 435 751 1 350 787
1 398 234 1 327 282
2 503 334 1 423 392
3 451 182 1 378 245
4 400 854 1 313 887
5 517 1068 1 421 1096
6 460 239 1 385 299
7 465 513 1 384 557
8 520 1017 1 425 1047
9 507 780 1 418 819
10 466 227 1 389 301
11 397 286 1 323 341
12 461 371 1 383 427
13 192 444 1 119 480
14 487 243 1 410 304
15 492 847 1 400 882
16 135 609 1 59 640
17 445 1050 1 354 1080
18 132 543 1 57 575
19 456 278 1 380 337
20 228 1135 1 138 1163
21 572 231 1 487 310
22 515 895 1 422 929
23 465 501 1 385 545
24 127 446 1 55 481
25 668 146 1 570 251
26 475 257 1 398 318
27 131 647 1 54 678
28 588 269 1 500 345
29 533 1027 1 436 1056
30 459 569 1 377 612
31 425 752 1 340 788
32 190 304 1 122 344
33 122 486 1 49 519
34 455 1055 1 364 1083
35 205 675 1 126 709
36 457 305 1 380 364
37 505 380 1 424 434
38 161 1095 1 72 1123
39 402 934 1 313 966
40 137 589 1 61 621
41 436 1079 1 342 1105
42 230 1055 1 141 1084
43 467 553 1 386 595
44 457 291 1 380 351
45 473 755 1 386 794
46 488 858 1 398 893
47 453 557 1 371 600
48 198 607 1 121 639
49 450 579 1 369 620
50 508 796 1 419 834
51 535 1072 1 439 1099
52 140 694 1 61 725
53 584 228 1 498 309
54 145 775 1 64 805
55 584 214 1 498 295
56 443 930 1 352 960
57 125 378 1 54 414
58 455 516 1 374 559
59 453 540 1 373 583
60 166 320 1 97 357
61 455 267 1 380 326
62 488 272 1 412 331
63 460 1251 1 363 1276
64 141 803 1 60 832
65 150 857 1 67 886
66 473 242 1 397 305
67 590 1220 1 484 1235
68 517 1055 1 421 1085
69 562 296 1 476 370
70 542 1049 1 444 1077
71 668 119 1 570 228
72 600 236 1 510 321
73 141 664 1 63 695
74 146 757 1 66 787
75 603 1220 1 496 1235
76 486 156 1 405 257
77 436 728 1 351 765
78 179 1228 1 86 1256
79 410 743 1 326 779
80 225 1095 1 136 1123
81 208 803 1 125 833
82 459 528 1 378 574
83 484 1005 1 390 1034
84 120 427 1 48 461
85 192 323 1 124 363
86 124 504 1 51 537
87 512 284 1 433 345
88 198 584 1 121 618
89 397 437 1 320 478
90 547 1208 1 444 1224
91 120 290 1 53 327
92 442 1040 1 351 1071
93 338 603 1 259 641
94 412 1009 1 322 1038
95 394 192 1 324 239
96 196 542 1 121 575
97 150 820 1 68 850
98 192 483 1 118 518
99 508 227 1 427 298
100 398 302 1 325 348
101 125 340 1 56 376
102 472 810 1 383 847
103 437 1133 1 344 1160
104 185 288 1 117 326
105 464 463 1 384 509
106 200 646 1 121 678
107 504 941 1 411 974
108 497 394 1 417 447
109 493 808 1 404 845
110 391 960 1 303 991
111 453 469 1 373 513
112 395 369 1 320 411
113 441 523 1 361 565
114 458 391 1 379 444
115 493 352 1 414 408
116 517 923 1 424 957
117 423 715 1 340 752
118 437 1179 1 344 1205
119 475 271 1 398 328
120 460 579 1 382 623
121 424 899 1 336 932
122 225 1110 1 136 1137
123 261 41 1 199 101
124 332 438 1 257 478
125 193 501 1 118 536
126 186 337 1 116 374
127 171 333 1 102 371
128 484 773 1 397 812
129 496 882 1 405 916
130 399 891 1 312 924
131 522 1028 1 426 1057
132 330 583 1 251 620
133 189 424 1 117 460
134 115 322 1 47 357
135 583 296 1 495 371
136 672 156 1 572 262
137 34 973 1 -54 1000
138 446 489 1 366 534
139 200 663 1 121 695
140 170 1136 1 80 1163
141 553 211 1 466 301
142 303 796 1 221 830
143 507 309 1 427 370
144 532 1045 1 435 1073
145 203 694 1 122 725
146 470 354 1 393 408
147 449 328 1 373 384
148 113 272 1 46 309
149 492 28 1 418 110
150 167 1189 1 76 1217
151 504 931 1 411 964
152 510 408 1 429 463
153 432 1011 1 341 1040
154 160 969 1 74 997
155 477 854 1 386 890
156 141 647 1 63 678
157 587 241 1 500 320
158 449 195 1 376 255
159 340 583 1 261 621
160 188 377 1 117 413
161 449 226 1 374 286
162 334 419 1 259 459
163 444 959 1 353 990
164 396 416 1 320 458
165 625 263 1 532 347
166 358 836 1 272 870
167 183 323 1 113 362
168 558 238 1 471 326
169 393 312 1 320 358
170 132 484 1 59 518
171 434 300 1 359 347
172 466 832 1 377 868
173 555 227 1 467 315
174 494 1029 1 400 1058
175 453 501 1 374 544
176 463 820 1 374 857
177 450 1226 1 355 1251
178 519 309 1 437 380
179 626 274 1 533 358
180 111 653 1 34 684
181 517 228 1 436 308
182 121 810 1 39 838
183 519 940 1 426 973
184 424 726 1 340 764
185 494 320 1 415 380
186 180 1244 1 86 1271
187 600 249 1 510 334
188 184 264 1 116 303
189 493 337 1 413 395
190 170 1111 1 81 1138
191 350 1092 1 260 1122
192 433 1026 1 342 1055
193 409 984 1 319 1014
194 444 533 1 363 575
195 308 846 1 224 878
196 424 1139 1 331 1167
197 116 206 1 51 244
198 618 834 1 516 874
199 297 848 1 213 880
200 118 174 1 53 214
201 627 840 1 524 879
202 503 291 1 424 352
203 607 146 1 515 251
204 409 956 1 320 987
205 324 420 1 250 460
206 476 834 1 386 870
207 345 762 1 262 796
208 450 357 1 373 410
209 541 135 1 457 235
210 130 427 1 58 462
211 133 958 1 47 986
212 385 1154 1 294 1183
213 551 147 1 465 251
214 169 1155 1 79 1183
215 627 227 1 535 316
216 565 758 1 471 800
217 494 895 1 404 927
218 436 551 1 356 592
219 177 958 1 92 986
220 183 98 1 120 143
221 433 1151 1 340 1179
222 561 288 1 473 371
223 428 741 1 343 777
224 375 744 1 291 779
225 695 56 1 590 185
226 103 499 1 30 531
227 428 364 1 351 418
228 418 957 1 329 988
229 507 129 1 423 237
230 350 1107 1 259 1137
231 113 158 1 49 197
232 205 958 1 119 986
233 449 216 1 375 278
234 508 960 1 416 991
235 625 749 1 523 795
236 143 1099 1 53 1127
237 664 665 1 558 720
238 489 288 1 411 349
239 587 255 1 501 333
240 468 304 1 391 363
241 30 921 1 -55 947
242 35 986 1 -52 1013
243 566 1223 1 462 1238
244 357 804 1 272 837
245 378 1011 1 289 1041
246 432 542 1 352 581
247 477 783 1 386 819
248 276 435 1 206 484
249 393 327 1 319 371
250 377 821 1 292 854
251 664 903 1 553 939
252 394 266 1 322 311
253 327 973 1 240 1003
254 598 193 1 509 283
255 336 929 1 250 959
256 123 271 1 56 309
257 394 389 1 319 431
258 550 194 1 464 284
259 153 910 1 69 939
260 434 831 1 347 866
261 110 96 1 48 137
262 356 823 1 272 857
263 154 1234 1 61 1261
264 563 724 1 469 768
265 382 734 1 299 769
266 377 985 1 289 1016
267 30 934 1 -56 961
268 327 938 1 240 967
269 485 125 1 404 234
270 417 175 1 345 250
271 131 665 1 53 696
272 503 896 1 412 930
273 177 1190 1 86 1218
274 627 163 1 535 258
275 415 753 1 331 789
276 330 796 1 246 828
277 136 758 1 56 788
278 534 290 1 449 367
279 448 339 1 371 394
280 302 713 1 221 746
281 146 878 1 63 907
282 170 1093 1 81 1121
283 373 1133 1 282 1163
284 445 1065 1 352 1091
285 358 813 1 274 847
286 304 583 1 226 620
287 396 771 1 312 806
288 573 297 1 486 373
289 391 917 1 304 949
290 411 1159 1 318 1186
291 235 263 1 169 317
292 401 477 1 323 518
293 127 591 1 51 624
294 116 121 1 53 161
295 304 749 1 222 782
296 115 341 1 46 377
297 96 335 1 28 370
298 415 728 1 330 765
299 113 53 1 52 94
300 333 1103 1 243 1132
301 407 282 1 333 340
302 495 746 1 407 784
303 32 954 1 -55 981
304 236 275 1 170 330
305 535 149 1 450 252
306 422 1012 1 332 1044
307 434 842 1 347 877
308 287 822 1 205 856
309 414 1190 1 319 1217
310 45 1078 1 -43 1104
311 181 200 1 115 241
312 322 599 1 243 636
313 310 1222 1 218 1247
314 403 1099 1 311 1128
315 587 306 1 499 380
316 381 500 1 303 540
317 439 329 1 364 384
318 393 950 1 305 981
319 607 789 1 507 831
320 414 1252 1 318 1276
321 334 536 1 257 576
322 392 1014 1 302 1044
323 286 850 1 203 882
324 467 414 1 387 470
325 360 762 1 276 796
326 500 1067 1 405 1094
327 360 1108 1 269 1138
328 392 251 1 320 297
329 644 845 1 538 884
330 425 1001 1 335 1031
331 519 299 1 437 370
332 437 405 1 359 458
333 428 954 1 339 985
334 370 1091 1 279 1121
335 129 566 1 54 598
336 349 162 1 282 225
337 557 110 1 469 222
338 423 1112 1 331 1140
339 142 716 1 62 746
340 614 267 1 522 353
341 397 881 1 310 914
342 510 367 1 429 424
343 573 288 1 484 368
344 173 288 1 105 327
345 342 512 1 265 552
346 347 798 1 263 832
347 418 583 1 339 622
348 587 745 1 491 790
349 150 801 1 69 831
350 220 890 1 136 920
351 334 915 1 248 947
352 385 1116 1 294 1145
353 268 797 1 186 830
354 425 991 1 335 1021
355 240 1231 1 147 1256
356 456 994 1 364 1024
357 410 1239 1 314 1265
358 125 320 1 57 356
359 681 913 1 567 948
360 475 388 1 395 443
361 415 373 1 338 427
362 362 937 1 275 968
363 599 747 1 502 792
364 314 980 1 228 1009
365 199 561 1 123 596
366 388 877 1 301 910
367 313 874 1 229 906
368 406 577 1 326 615
369 383 514 1 305 553
370 352 903 1 265 934
371 402 1187 1 308 1215
372 430 328 1 354 388
373 490 1050 1 395 1077
374 420 970 1 330 1001
375 403 967 1 314 997
376 433 573 1 353 612
377 89 163 1 25 201
378 447 479 1 367 524
379 312 922 1 227 952
380 287 66 1 224 127
381 421 409 1 343 462
382 361 1217 1 268 1242
383 665 71 1 561 204
384 631 284 1 537 368
385 501 819 1 412 856
386 577 576 1 486 629
387 156 932 1 71 961
388 413 1107 1 322 1136
389 447 569 1 366 611
390 656 695 1 550 747
391 362 896 1 276 928
392 471 127 1 393 222
393 687 1043 1 559 1063
394 384 786 1 300 820
395 443 467 1 364 512
396 638 700 1 535 750
397 335 549 1 257 589
398 373 731 1 289 766
399 471 539 1 389 582
400 421 1157 1 328 1183
401 212 691 1 133 724
402 298 421 1 224 460
403 297 392 1 224 431
404 498 166 1 415 267
405 473 468 1 393 516
406 285 571 1 208 609
407 393 925 1 305 957
408 459 1009 1 367 1039
409 168 959 1 81 987
410 127 402 1 56 437
411 523 241 1 441 318
412 360 1091 1 269 1120
413 528 129 1 442 236
414 207 713 1 127 745
415 379 154 1 310 203
416 508 235 1 430 299
417 474 280 1 397 338
418 81 393 1 10 425
419 334 851 1 249 883
420 400 999 1 311 1030
421 628 794 1 526 837
422 304 903 1 219 934
423 469 565 1 387 608
424 577 84 1 485 210
425 78 335 1 9 369
426 293 1214 1 201 1239
427 567 583 1 477 634
428 375 1144 1 284 1173
429 349 967 1 262 998
430 374 1105 1 283 1135
431 444 40 1 375 110
432 359 778 1 276 812
433 288 228 1 219 272
434 399 1229 1 304 1257
435 598 458 1 506 522
436 164 1064 1 77 1091
437 391 754 1 307 789
438 223 676 1 144 710
439 489 725 1 402 764
440 387 1071 1 297 1101
441 367 987 1 279 1017
442 160 1042 1 73 1070
443 440 1227 1 345 1252
444 367 800 1 282 834
445 29 909 1 -57 935
446 432 1218 1 337 1242
447 580 166 1 493 259
448 75 271 1 8 306
449 134 505 1 60 538
450 288 812 1 205 845
451 304 314 1 234 358
452 425 940 1 337 971
453 102 489 1 29 522
454 426 1227 1 331 1252
455 448 720 1 363 757
456 644 892 1 537 928
457 380 81 1 314 131
458 382 807 1 297 842
459 613 216 1 522 307
460 234 305 1 167 357
461 522 1045 1 426 1073
462 90 580 1 15 611
463 400 1207 1 306 1233
464 304 702 1 223 737
465 374 1001 1 285 1032
466 302 826 1 219 859
467 78 320 1 9 354
468 157 954 1 72 982
469 266 755 1 186 789
470 634 885 1 529 922
471 281 584 1 204 622
472 330 1217 1 238 1243
473 329 464 1 253 506
474 94 427 1 23 461
475 492 822 1 402 859
476 429 1062 1 338 1092
477 389 988 1 300 1019
478 83 436 1 11 468
479 395 1112 1 303 1141
480 402 1163 1 309 1190
481 369 786 1 285 820
482 567 214 1 481 298
483 644 43 1 542 183
484 234 286 1 168 339
485 331 885 1 245 917
486 344 978 1 256 1008
487 571 147 1 482 251
488 296 1205 1 204 1231
489 418 1085 1 326 1114
490 359 787 1 275 821
491 627 216 1 534 307
492 284 1232 1 192 1257
493 543 724 1 452 767
494 224 1010 1 138 1038
495 200 1043 1 113 1071
496 375 832 1 290 866
497 433 1104 1 340 1133
498 477 821 1 389 857
499 174 1025 1 88 1052
500 388 907 1 300 939
501 434 96 1 365 151
502 386 1133 1 294 1161
503 307 814 1 224 848
504 466 842 1 376 878
505 573 730 1 479 774
506 86 273 1 20 309
507 410 1126 1 319 1155
508 89 172 1 25 210
509 263 106 1 200 168
510 109 718 1 30 747
511 412 397 1 335 447
512 79 344 1 10 378
513 626 174 1 535 267
514 327 1143 1 236 1172
515 143 1108 1 53 1135
516 177 895 1 94 924
517 288 498 1 213 535
518 74 238 1 8 274
519 389 1037 1 298 1067
520 578 932 1 480 965
521 452 372 1 373 428
522 558 555 1 468 608
523 252 1219 1 161 1244
524 636 1104 1 527 1126
525 489 1040 1 395 1068
526 391 1083 1 300 1112
527 359 1079 1 268 1109
528 355 1062 1 265 1092
529 595 758 1 497 801
530 281 467 1 206 507
531 75 282 1 8 317
532 121 819 1 39 848
533 383 951 1 295 982
534 495 375 1 416 429
535 74 224 1 8 260
536 228 1231 1 135 1257
537 68 76 1 6 115
538 613 200 1 522 289
539 623 924 1 519 958
540 660 845 1 551 885
541 419 979 1 329 1010
542 85 473 1 13 505
543 323 914 1 238 945
544 436 919 1 347 951
545 319 582 1 241 617
546 401 1011 1 312 1041
547 271 785 1 190 818
548 308 505 1 232 545
549 382 775 1 298 809
550 337 963 1 249 992
551 502 351 1 422 410
552 286 481 1 211 520
553 309 523 1 232 563
554 348 874 1 262 906
555 311 267 1 241 311
556 596 738 1 500 782
557 592 467 1 500 530
558 156 979 1 70 1007
559 244 365 1 173 407
560 283 508 1 207 547
561 100 758 1 20 787
562 552 494 1 464 551
563 539 755 1 448 796
564 258 1185 1 167 1211
565 583 796 1 486 836
566 394 1027 1 304 1057
567 90 323 1 21 358
568 345 1175 1 253 1202
569 485 1029 1 390 1057
570 424 1252 1 328 1275
571 81 403 1 10 436
572 667 800 1 557 844
573 364 742 1 281 777
574 90 559 1 15 590
575 395 781 1 311 816
576 350 846 1 265 879
577 385 1183 1 292 1210
578 92 602 1 16 633
579 283 597 1 205 634
580 75 260 1 8 295
581 675 692 1 565 746
582 487 1128 1 393 1157
583 648 1084 1 538 1106
584 553 527 1 465 580
585 328 901 1 243 932
586 656 749 1 549 797
587 407 1020 1 317 1051
588 462 763 1 375 801
589 94 665 1 17 695
590 564 788 1 470 828
591 292 599 1 214 635
592 68 60 1 7 100
593 319 512 1 243 552
594 549 274 1 462 357
595 112 663 1 34 693
596 364 1005 1 275 1035
597 412 164 1 341 230
598 436 980 1 345 1011
599 351 928 1 264 958
600 377 974 1 289 1005
601 196 414 1 123 450
602 614 231 1 523 317
603 299 568 1 222 605
604 315 308 1 244 352
605 114 70 1 53 110
606 112 756 1 32 785
607 403 589 1 320 625
608 372 964 1 284 995
609 459 808 1 371 845
610 419 1097 1 327 1126
611 615 277 1 523 360
612 460 249 1 385 310
613 408 1147 1 315 1175
614 161 894 1 78 923
615 82 422 1 11 455
616 239 637 1 161 671
617 324 997 1 236 1026
618 376 764 1 292 798
619 331 236 1 261 283
620 121 973 1 36 1000
621 97 701 1 19 732
622 606 352 1 515 425
623 492 1019 1 398 1048
624 293 548 1 216 586
625 372 918 1 285 949
626 183 67 1 121 113
627 678 110 1 579 221
628 390 744 1 307 780
629 436 498 1 357 541
630 140 1156 1 50 1183
631 254 945 1 172 972
632 641 749 1 538 795
633 75 249 1 9 284
634 318 824 1 234 857
635 262 438 1 189 479
636 269 603 1 192 639
637 273 533 1 196 571
638 413 945 1 325 976
639 352 544 1 274 585
640 605 709 1 507 756
641 433 375 1 355 430
642 337 1191 1 245 1217
643 268 1189 1 177 1214
644 309 960 1 223 989
645 348 891 1 261 923
646 191 1063 1 103 1090
647 616 790 1 515 833
648 97 712 1 18 741
649 80 96 1 19 136
650 77 309 1 9 343
651 120 876 1 37 904
652 269 719 1 188 752
653 240 1207 1 149 1232
654 294 618 1 215 654
655 335 860 1 250 893
656 343 1219 1 250 1244
657 564 438 1 476 499
658 398 1173 1 305 1201
659 439 1201 1 344 1227
