0 438 750 1 349 787
1 401 234 1 326 283
2 496 846 1 400 882
3 506 333 1 423 393
4 454 181 1 377 246
5 403 853 1 312 887
6 521 1067 1 420 1095
7 463 238 1 385 300
8 469 512 1 384 558
9 524 1016 1 424 1047
10 510 779 1 417 819
11 469 226 1 388 303
12 400 286 1 323 342
13 465 371 1 382 427
14 195 444 1 119 480
15 490 242 1 410 305
16 139 608 1 58 641
17 449 1049 1 353 1080
18 135 542 1 57 576
19 459 278 1 379 338
20 232 1134 1 137 1163
21 575 230 1 486 312
22 518 893 1 421 929
23 468 500 1 384 546
24 131 446 1 55 481
25 671 145 1 569 253
26 478 257 1 397 319
27 135 646 1 53 678
28 591 268 1 499 347
29 536 1025 1 436 1056
30 463 568 1 377 612
31 429 751 1 340 788
32 194 304 1 121 345
33 126 485 1 49 519
34 458 1053 1 363 1083
35 209 674 1 126 709
36 460 304 1 379 365
37 508 379 1 424 434
38 165 1094 1 72 1123
39 405 935 1 313 966
40 140 588 1 60 622
41 440 1078 1 342 1105
42 234 1054 1 141 1084
43 471 551 1 385 596
44 460 291 1 380 352
45 477 754 1 385 794
46 491 857 1 398 893
47 457 556 1 371 600
48 202 607 1 120 640
49 453 577 1 368 621
50 512 795 1 418 834
51 539 1071 1 438 1099
52 143 693 1 61 725
53 587 227 1 497 310
54 148 775 1 64 805
55 587 213 1 497 297
56 447 929 1 352 960
57 128 378 1 54 415
58 458 515 1 374 559
59 457 539 1 372 583
60 169 319 1 96 358
61 459 267 1 379 327
62 492 271 1 411 331
63 463 1250 1 362 1276
64 145 802 1 59 832
65 154 856 1 67 886
66 476 241 1 396 306
67 594 1218 1 483 1235
68 520 1054 1 421 1084
69 565 295 1 475 371
70 545 1047 1 443 1077
71 670 118 1 569 230
72 603 235 1 509 322
73 145 664 1 62 696
74 150 756 1 66 787
75 607 1217 1 495 1235
76 489 155 1 404 259
77 440 727 1 351 765
78 183 1228 1 86 1256
79 414 743 1 326 779
80 229 1094 1 135 1123
81 212 803 1 125 834
82 463 527 1 377 574
83 487 1003 1 390 1034
84 123 427 1 48 462
85 195 323 1 123 363
86 128 504 1 50 538
87 515 283 1 432 346
88 202 584 1 121 618
89 401 436 1 320 479
90 551 1206 1 443 1223
91 124 289 1 53 327
92 446 1039 1 350 1071
93 341 602 1 258 642
94 415 1008 1 322 1038
95 397 192 1 324 240
96 200 541 1 120 576
97 154 820 1 68 850
98 195 482 1 118 518
99 511 226 1 427 299
100 402 301 1 325 348
101 129 339 1 56 376
102 475 809 1 382 847
103 441 1132 1 344 1160
104 189 287 1 116 327
105 467 462 1 384 509
106 204 645 1 121 678
107 508 940 1 411 974
108 500 393 1 416 447
109 496 807 1 403 845
110 395 959 1 303 991
111 456 468 1 372 513
112 399 368 1 319 412
113 444 522 1 360 565
114 461 390 1 378 445
115 496 351 1 413 409
116 520 922 1 423 957
117 427 714 1 339 752
118 441 1178 1 343 1205
119 478 270 1 397 329
120 427 898 1 335 932
121 229 1109 1 136 1137
122 265 41 1 198 103
123 335 437 1 256 478
124 196 501 1 118 536
125 190 336 1 116 375
126 175 333 1 101 371
127 488 772 1 396 812
128 499 880 1 405 916
129 403 890 1 311 924
130 525 1026 1 425 1057
131 334 583 1 251 621
132 193 423 1 116 461
133 119 321 1 47 358
134 586 295 1 494 372
135 674 155 1 571 264
136 38 973 1 -54 1001
137 450 488 1 366 534
138 204 662 1 121 695
139 174 1135 1 80 1163
140 556 210 1 465 303
141 306 795 1 220 831
142 510 308 1 426 371
143 535 1043 1 435 1073
144 207 693 1 122 725
145 473 353 1 392 409
146 452 328 1 373 385
147 117 271 1 46 309
148 495 28 1 417 111
149 171 1188 1 76 1217
150 507 930 1 410 964
151 514 407 1 428 463
152 164 969 1 74 998
153 481 853 1 385 890
154 144 646 1 63 678
155 590 240 1 499 321
156 452 195 1 375 256
157 344 582 1 261 622
158 192 376 1 117 414
159 452 226 1 374 287
160 338 419 1 259 460
161 447 958 1 353 990
162 399 416 1 319 459
163 628 262 1 531 349
164 361 835 1 272 870
165 186 323 1 113 362
166 561 237 1 470 327
167 396 312 1 320 358
168 136 484 1 59 518
169 437 300 1 359 348
170 469 831 1 376 868
171 558 226 1 466 317
172 498 1028 1 400 1057
173 457 500 1 373 544
174 466 819 1 374 857
175 454 1225 1 354 1251
176 522 308 1 436 381
177 629 273 1 532 360
178 115 653 1 33 684
179 521 227 1 435 309
180 125 809 1 39 838
181 523 939 1 425 973
182 428 726 1 339 764
183 497 319 1 414 380
184 184 1243 1 86 1271
185 603 248 1 509 335
186 188 264 1 116 304
187 496 337 1 413 396
188 174 1110 1 80 1139
189 354 1091 1 259 1122
190 437 1025 1 341 1055
191 436 1010 1 341 1040
192 447 532 1 363 576
193 311 845 1 224 878
194 427 1137 1 331 1167
195 120 205 1 51 245
196 621 833 1 515 874
197 300 847 1 213 880
198 121 174 1 53 214
199 630 838 1 523 879
200 506 290 1 423 353
201 610 145 1 514 253
202 412 955 1 320 987
203 328 419 1 249 460
204 479 833 1 385 870
205 349 761 1 262 797
206 453 356 1 372 411
207 544 135 1 456 237
208 133 426 1 58 462
209 137 958 1 47 986
210 389 1153 1 293 1183
211 554 147 1 463 253
212 173 1154 1 78 1183
213 630 226 1 534 317
214 568 757 1 470 800
215 497 893 1 403 927
216 440 550 1 355 593
217 181 957 1 92 986
218 187 98 1 120 144
219 437 1150 1 339 1179
220 564 287 1 472 373
221 431 740 1 343 777
222 378 743 1 291 779
223 107 498 1 30 532
224 413 983 1 319 1014
225 432 363 1 351 418
226 422 956 1 329 988
227 354 1106 1 259 1137
228 117 158 1 49 198
229 209 957 1 119 987
230 452 215 1 374 279
231 628 748 1 522 795
232 146 1099 1 53 1127
233 667 663 1 557 721
234 492 287 1 411 350
235 590 254 1 500 334
236 471 304 1 391 363
237 35 920 1 -55 947
238 40 985 1 -53 1013
239 570 1221 1 461 1237
240 361 803 1 272 838
241 382 1010 1 289 1041
242 436 540 1 352 582
243 480 781 1 386 819
244 280 434 1 205 485
245 397 326 1 319 371
246 381 819 1 292 854
247 667 901 1 552 938
248 398 265 1 322 312
249 331 973 1 240 1003
250 601 192 1 508 285
251 340 928 1 250 959
252 126 271 1 56 309
253 397 388 1 318 432
254 553 193 1 463 286
255 157 910 1 68 939
256 437 830 1 347 866
257 113 96 1 48 138
258 360 822 1 271 857
259 158 1233 1 61 1261
260 566 722 1 468 768
261 386 733 1 298 769
262 381 984 1 288 1016
263 34 934 1 -56 962
264 330 936 1 240 967
265 488 124 1 403 236
266 421 175 1 344 252
267 135 665 1 52 696
268 507 894 1 412 930
269 181 1189 1 85 1218
270 630 162 1 534 260
271 419 752 1 330 790
272 333 794 1 246 828
273 140 757 1 56 788
274 537 289 1 448 368
275 452 338 1 370 395
276 305 712 1 220 747
277 150 877 1 62 907
278 174 1093 1 81 1121
279 377 1132 1 281 1163
280 449 1064 1 352 1091
281 362 812 1 273 847
282 307 582 1 225 620
283 400 770 1 311 807
284 576 297 1 485 375
285 395 916 1 303 949
286 415 1158 1 317 1186
287 238 263 1 169 318
288 404 477 1 323 518
289 130 590 1 51 624
290 119 120 1 53 162
291 308 748 1 221 782
292 119 341 1 46 377
293 100 334 1 27 371
294 418 727 1 330 765
295 116 52 1 51 95
296 337 1102 1 242 1132
297 410 281 1 332 341
298 498 745 1 406 785
299 36 954 1 -56 982
300 239 275 1 169 331
301 538 149 1 449 254
302 426 1012 1 332 1044
303 438 841 1 346 877
304 291 821 1 205 856
305 417 1189 1 319 1217
306 49 1077 1 -44 1104
307 184 200 1 114 241
308 325 598 1 243 636
309 314 1221 1 217 1247
310 406 1098 1 310 1128
311 590 305 1 498 381
312 384 499 1 302 541
313 443 328 1 363 385
314 397 949 1 304 981
315 611 787 1 507 831
316 417 1250 1 318 1276
317 338 535 1 256 576
318 396 1013 1 302 1044
319 290 849 1 203 883
320 470 413 1 386 471
321 364 761 1 276 797
322 503 1065 1 404 1094
323 364 1107 1 269 1138
324 395 251 1 320 298
325 647 843 1 537 884
326 429 1000 1 334 1031
327 522 299 1 436 371
328 440 404 1 358 459
329 432 953 1 338 985
330 374 1090 1 279 1121
331 133 565 1 53 598
332 352 162 1 281 226
333 560 109 1 468 224
334 427 1111 1 330 1140
335 146 715 1 62 746
336 617 267 1 521 354
337 401 880 1 310 914
338 513 366 1 429 424
339 575 287 1 483 370
340 176 288 1 104 328
341 346 511 1 264 553
342 350 798 1 262 832
343 420 581 1 338 622
344 591 744 1 490 790
345 154 801 1 69 831
346 224 889 1 135 920
347 337 914 1 248 947
348 388 1115 1 293 1145
349 429 990 1 335 1021
350 244 1230 1 147 1256
351 460 993 1 363 1024
352 414 1238 1 314 1265
353 128 320 1 56 357
354 684 910 1 566 947
355 478 388 1 394 444
356 418 372 1 338 428
357 366 936 1 275 968
358 602 746 1 501 792
359 318 979 1 227 1009
360 203 561 1 123 596
361 391 876 1 300 910
362 317 873 1 228 906
363 409 576 1 325 616
364 387 513 1 305 554
365 356 902 1 265 935
366 406 1186 1 308 1215
367 433 327 1 353 389
368 493 1048 1 394 1077
369 424 969 1 330 1001
370 407 965 1 314 997
371 436 573 1 352 612
372 93 162 1 25 202
373 450 478 1 366 524
374 316 921 1 226 952
375 290 65 1 223 128
376 424 408 1 343 463
377 365 1215 1 267 1242
378 667 71 1 560 207
379 634 283 1 536 370
380 505 818 1 411 856
381 581 575 1 485 629
382 160 931 1 71 961
383 547 284 1 456 366
384 417 1106 1 321 1136
385 451 569 1 365 611
386 659 694 1 549 748
387 365 895 1 275 928
388 474 126 1 392 224
389 690 1040 1 558 1062
390 388 784 1 300 820
391 446 466 1 363 512
392 641 698 1 534 750
393 338 548 1 256 590
394 376 730 1 288 766
395 474 538 1 389 583
396 425 1156 1 327 1183
397 215 690 1 133 724
398 302 420 1 224 460
399 301 391 1 224 432
400 500 166 1 414 269
401 477 468 1 393 516
402 289 570 1 208 609
403 397 924 1 304 957
404 463 1008 1 366 1039
405 172 958 1 81 987
406 130 402 1 56 438
407 526 240 1 440 319
408 363 1090 1 269 1120
409 531 128 1 441 238
410 210 712 1 127 746
411 382 153 1 310 204
412 511 235 1 430 300
413 478 279 1 397 339
414 84 392 1 10 426
415 404 998 1 310 1030
416 631 792 1 525 837
417 308 902 1 219 934
418 473 564 1 387 609
419 580 83 1 484 212
420 81 335 1 9 370
421 297 1213 1 201 1239
422 571 581 1 476 635
423 379 1143 1 283 1173
424 353 967 1 261 998
425 378 1104 1 283 1135
426 447 39 1 375 111
427 363 777 1 275 813
428 291 227 1 219 273
429 402 1228 1 304 1257
430 601 457 1 505 523
431 168 1063 1 76 1092
432 394 753 1 307 790
433 227 675 1 143 710
434 493 724 1 402 764
435 391 1070 1 296 1101
436 371 986 1 279 1017
437 164 1041 1 73 1070
438 444 1226 1 344 1252
439 371 799 1 282 834
440 32 908 1 -57 935
441 436 1216 1 337 1242
442 583 165 1 492 261
443 79 271 1 8 307
444 138 504 1 60 538
445 291 811 1 205 845
446 429 938 1 336 971
447 106 489 1 29 522
448 430 1226 1 330 1252
449 451 719 1 363 758
450 647 890 1 536 928
451 383 80 1 313 132
452 385 807 1 296 842
453 616 215 1 520 309
454 238 304 1 167 358
455 526 1044 1 425 1073
456 94 579 1 14 611
457 404 1205 1 306 1233
458 308 701 1 223 737
459 377 1000 1 284 1032
460 306 825 1 218 859
461 81 319 1 9 354
462 161 953 1 71 982
463 269 754 1 185 789
464 637 884 1 528 922
465 285 583 1 203 622
466 334 1216 1 238 1243
467 332 464 1 252 506
468 97 427 1 22 461
469 495 821 1 401 859
470 433 1061 1 337 1092
471 393 988 1 300 1019
472 86 435 1 11 468
473 398 1111 1 303 1141
474 406 1162 1 309 1190
475 373 785 1 285 820
476 570 213 1 480 299
477 647 42 1 541 185
478 238 285 1 167 340
479 335 884 1 245 917
480 347 977 1 256 1008
481 574 146 1 481 253
482 300 1204 1 204 1231
483 421 1084 1 326 1114
484 362 786 1 274 821
485 630 216 1 533 309
486 288 1231 1 192 1257
487 546 723 1 451 767
488 228 1009 1 138 1038
489 204 1042 1 113 1071
490 379 831 1 290 866
491 436 1103 1 340 1133
492 481 820 1 388 857
493 178 1024 1 87 1052
494 392 906 1 300 939
495 437 95 1 364 152
496 390 1132 1 294 1161
497 311 813 1 224 848
498 469 841 1 376 878
499 577 728 1 479 774
500 90 272 1 20 310
501 414 1125 1 318 1155
502 92 171 1 24 211
503 267 106 1 200 169
504 113 717 1 30 747
505 415 396 1 335 448
506 83 344 1 9 379
507 629 173 1 534 269
508 331 1143 1 236 1172
509 147 1107 1 53 1135
510 181 894 1 94 925
511 292 497 1 212 536
512 78 238 1 7 274
513 392 1036 1 298 1067
514 582 930 1 479 965
515 455 371 1 372 429
516 561 554 1 468 608
517 256 1218 1 161 1244
518 640 1102 1 526 1125
519 493 1038 1 394 1068
520 395 1082 1 300 1112
521 362 1078 1 268 1109
522 359 1061 1 264 1092
523 598 756 1 496 801
524 285 467 1 206 507
525 79 281 1 8 317
526 124 818 1 38 848
527 387 950 1 295 982
528 499 374 1 415 430
529 77 224 1 8 261
530 231 1230 1 135 1257
531 71 76 1 6 115
532 80 287 1 9 323
533 615 199 1 521 291
534 626 922 1 518 957
535 663 843 1 550 885
536 423 978 1 329 1010
537 89 473 1 12 506
538 327 913 1 237 945
539 440 918 1 346 951
540 323 581 1 241 617
541 405 1010 1 311 1041
542 274 784 1 189 819
543 312 504 1 232 545
544 386 774 1 297 810
545 341 961 1 248 992
546 506 351 1 421 411
547 290 480 1 210 521
548 312 522 1 231 563
549 352 873 1 262 906
550 314 267 1 241 312
551 600 736 1 499 782
552 595 466 1 499 531
553 160 978 1 70 1007
554 249 365 1 173 408
555 286 507 1 207 548
556 256 928 1 170 958
557 104 758 1 20 787
558 555 493 1 463 551
559 543 754 1 447 796
560 262 1184 1 167 1210
561 586 794 1 485 837
562 398 1026 1 303 1057
563 93 323 1 21 359
564 349 1174 1 253 1202
565 488 1028 1 390 1057
566 428 1250 1 327 1275
567 609 1238 1 497 1256
568 84 403 1 10 437
569 670 798 1 556 844
570 367 741 1 280 777
571 94 558 1 15 590
572 399 780 1 310 816
573 354 845 1 265 879
574 389 1182 1 292 1210
575 95 601 1 16 633
576 286 596 1 205 635
577 79 260 1 8 296
578 678 691 1 563 747
579 491 1127 1 392 1156
580 652 1081 1 537 1105
581 556 526 1 464 581
582 332 900 1 242 932
583 659 747 1 548 797
584 410 1019 1 316 1051
585 465 762 1 374 802
586 98 664 1 17 695
587 568 786 1 469 828
588 296 598 1 214 635
589 71 60 1 6 101
590 323 511 1 242 553
591 552 274 1 461 359
592 116 662 1 34 694
593 368 1003 1 275 1035
594 415 163 1 340 231
595 439 979 1 345 1011
596 354 926 1 264 958
597 381 973 1 288 1005
598 199 413 1 123 450
599 616 230 1 522 319
600 303 567 1 222 606
601 318 308 1 244 353
602 321 900 1 231 933
603 117 69 1 53 111
604 116 755 1 32 786
605 405 587 1 319 626
606 375 963 1 283 995
607 463 808 1 371 845
608 423 1096 1 327 1126
609 617 275 1 521 361
610 463 249 1 384 311
611 412 1146 1 315 1175
612 165 894 1 77 923
613 86 422 1 11 455
614 243 636 1 161 672
615 379 763 1 292 799
616 334 236 1 261 284
617 125 972 1 36 1001
618 101 701 1 19 732
619 610 351 1 514 426
620 496 1017 1 397 1048
621 296 547 1 216 587
622 375 917 1 284 949
623 186 67 1 120 114
624 680 109 1 577 224
625 394 743 1 306 780
626 440 497 1 357 541
627 144 1155 1 50 1183
628 258 944 1 172 972
629 644 747 1 537 796
630 79 249 1 8 285
631 266 438 1 188 480
632 273 602 1 191 639
633 276 533 1 196 571
634 417 944 1 324 976
635 356 543 1 273 586
636 322 801 1 235 836
637 608 708 1 506 757
638 436 374 1 354 430
639 340 1190 1 244 1217
640 272 1188 1 177 1214
641 313 958 1 223 989
642 352 890 1 261 923
643 195 1062 1 103 1090
644 619 788 1 514 833
645 101 711 1 18 741
646 83 96 1 18 137
647 80 308 1 8 344
648 124 875 1 37 904
649 272 718 1 187 752
650 243 1205 1 149 1232
651 297 617 1 215 654
652 339 859 1 250 893
653 347 1218 1 250 1244
654 567 437 1 475 500
655 402 1172 1 305 1201
656 442 1200 1 343 1227
