0 515 1000 1 420 1035
1 432 749 1 346 789
2 396 234 1 323 286
3 500 333 1 419 397
4 448 182 1 374 252
5 397 851 1 310 888
6 514 1062 1 417 1094
7 458 239 1 381 305
8 463 511 1 381 560
9 517 1012 1 421 1046
10 503 776 1 414 820
11 463 226 1 384 309
12 395 286 1 320 346
13 459 370 1 379 431
14 190 443 1 117 483
15 484 242 1 406 310
16 486 854 1 395 894
17 134 607 1 57 643
18 442 1047 1 350 1080
19 130 541 1 55 578
20 453 277 1 376 342
21 226 1132 1 136 1163
22 568 230 1 481 318
23 512 890 1 418 929
24 462 499 1 381 548
25 126 445 1 53 484
26 661 146 1 562 263
27 471 257 1 394 323
28 130 645 1 52 680
29 583 268 1 494 353
30 529 1021 1 432 1055
31 423 750 1 337 790
32 189 303 1 119 348
33 121 484 1 47 522
34 204 673 1 124 711
35 454 304 1 376 369
36 502 379 1 420 438
37 159 1093 1 70 1123
38 398 931 1 310 966
39 135 588 1 59 624
40 433 1073 1 339 1104
41 228 1052 1 139 1084
42 465 551 1 382 598
43 454 291 1 377 356
44 470 753 1 382 795
45 451 555 1 368 603
46 197 606 1 118 642
47 505 792 1 415 835
48 532 1066 1 435 1098
49 138 692 1 59 727
50 580 228 1 492 317
51 143 774 1 62 807
52 579 214 1 492 303
53 440 925 1 349 960
54 124 378 1 52 417
55 452 514 1 371 562
56 451 539 1 369 585
57 164 319 1 94 361
58 453 267 1 376 331
59 486 271 1 407 336
60 453 1050 1 360 1083
61 457 1247 1 359 1274
62 140 801 1 58 833
63 148 855 1 65 888
64 470 242 1 392 311
65 585 1209 1 478 1231
66 557 295 1 470 377
67 538 1043 1 440 1076
68 661 120 1 562 240
69 594 236 1 504 329
70 139 663 1 61 697
71 145 755 1 64 789
72 598 1209 1 490 1231
73 482 156 1 400 269
74 195 540 1 118 578
75 434 726 1 348 767
76 177 1226 1 84 1256
77 408 741 1 323 780
78 223 1093 1 133 1123
79 206 801 1 123 835
80 456 527 1 374 577
81 480 999 1 387 1033
82 118 426 1 46 465
83 191 323 1 121 366
84 123 503 1 48 540
85 509 283 1 429 351
86 196 583 1 119 620
87 395 436 1 317 481
88 543 1198 1 439 1220
89 119 289 1 51 330
90 336 601 1 256 644
91 439 1037 1 348 1071
92 409 1005 1 319 1039
93 392 192 1 321 243
94 148 818 1 66 851
95 190 481 1 116 521
96 489 842 1 396 882
97 396 301 1 322 352
98 124 339 1 54 379
99 469 807 1 379 848
100 434 1129 1 341 1159
101 184 288 1 114 330
102 461 462 1 381 512
103 198 644 1 119 680
104 501 936 1 408 974
105 494 392 1 413 451
106 389 956 1 300 992
107 450 468 1 370 516
108 393 369 1 317 415
109 438 521 1 357 567
110 455 389 1 375 449
111 490 351 1 410 413
112 514 919 1 420 957
113 421 713 1 336 754
114 435 1174 1 340 1204
115 472 270 1 394 333
116 421 896 1 333 933
117 224 1107 1 134 1137
118 260 42 1 196 108
119 330 437 1 254 481
120 191 500 1 116 539
121 185 336 1 114 378
122 170 333 1 99 374
123 481 770 1 393 813
124 493 878 1 402 916
125 397 888 1 309 925
126 518 1022 1 422 1056
127 328 582 1 249 623
128 188 423 1 115 463
129 114 321 1 45 361
130 450 500 1 370 547
131 513 1050 1 417 1084
132 578 295 1 490 378
133 665 157 1 564 273
134 32 973 1 -56 1002
135 444 488 1 363 537
136 198 661 1 119 697
137 168 1133 1 78 1164
138 548 210 1 460 310
139 301 792 1 218 832
140 503 308 1 423 376
141 528 1039 1 431 1072
142 201 692 1 120 727
143 467 353 1 389 412
144 447 327 1 369 389
145 112 271 1 44 312
146 488 29 1 413 119
147 165 1187 1 74 1217
148 460 818 1 371 858
149 500 927 1 407 964
150 507 406 1 424 467
151 159 967 1 72 998
152 280 432 1 204 489
153 139 645 1 61 680
154 582 240 1 494 328
155 446 196 1 372 260
156 338 582 1 258 624
157 187 376 1 115 417
158 446 226 1 371 291
159 332 419 1 256 462
160 238 1226 1 145 1255
161 394 416 1 317 461
162 619 261 1 525 356
163 481 125 1 398 247
164 355 833 1 269 871
165 181 323 1 111 365
166 553 238 1 465 335
167 391 312 1 317 361
168 131 483 1 57 521
169 431 300 1 356 351
170 333 924 1 247 959
171 550 226 1 461 324
172 463 151 1 385 254
173 491 1023 1 396 1057
174 445 706 1 359 747
175 442 956 1 350 990
176 447 1221 1 352 1250
177 621 273 1 526 367
178 110 652 1 32 686
179 120 807 1 37 840
180 516 935 1 422 973
181 422 725 1 337 765
182 491 319 1 411 385
183 178 1241 1 84 1272
184 594 248 1 503 342
185 183 264 1 114 307
186 490 336 1 409 400
187 489 805 1 400 846
188 168 1108 1 79 1139
189 472 867 1 381 907
190 461 838 1 373 879
191 348 1090 1 257 1122
192 430 1022 1 339 1055
193 429 1007 1 338 1040
194 443 1059 1 349 1090
195 441 531 1 360 578
196 306 842 1 222 879
197 421 1134 1 328 1166
198 115 205 1 49 248
199 613 827 1 510 874
200 294 845 1 211 881
201 117 174 1 51 218
202 622 832 1 518 879
203 500 290 1 420 358
204 602 147 1 508 263
205 406 952 1 317 987
206 322 419 1 247 463
207 514 226 1 431 316
208 472 826 1 382 871
209 343 761 1 259 798
210 447 356 1 369 415
211 536 136 1 451 246
212 128 426 1 56 465
213 131 956 1 45 987
214 383 1151 1 291 1183
215 547 148 1 458 263
216 167 1153 1 77 1183
217 622 226 1 528 325
218 516 308 1 432 387
219 561 753 1 466 801
220 490 891 1 400 928
221 434 550 1 352 595
222 176 956 1 90 987
223 182 98 1 118 148
224 430 1147 1 337 1178
225 557 287 1 467 380
226 425 739 1 340 778
227 373 742 1 288 780
228 413 1165 1 318 1194
229 102 498 1 28 534
230 406 980 1 317 1015
231 426 363 1 348 422
232 416 953 1 326 988
233 348 1105 1 257 1137
234 112 158 1 47 201
235 203 956 1 117 987
236 447 215 1 371 284
237 619 743 1 517 796
238 141 1097 1 51 1127
239 658 658 1 551 723
240 486 287 1 407 355
241 583 254 1 495 340
242 465 304 1 387 368
243 29 919 1 -57 949
244 34 985 1 -55 1014
245 561 1213 1 457 1233
246 355 802 1 270 839
247 375 1008 1 286 1042
248 430 540 1 349 584
249 474 779 1 383 820
250 474 850 1 382 891
251 391 326 1 316 374
252 375 818 1 289 855
253 658 894 1 546 938
254 392 266 1 319 315
255 592 193 1 502 293
256 122 271 1 54 313
257 392 388 1 316 434
258 545 194 1 458 294
259 151 908 1 67 940
260 431 827 1 344 867
261 109 96 1 46 141
262 354 821 1 269 858
263 152 1231 1 59 1261
264 559 719 1 464 769
265 380 732 1 296 771
266 375 982 1 286 1016
267 29 933 1 -58 963
268 324 932 1 238 967
269 415 175 1 341 259
270 129 664 1 51 698
271 500 891 1 408 930
272 175 1187 1 84 1218
273 621 163 1 528 268
274 413 751 1 328 791
275 327 792 1 244 829
276 135 756 1 54 789
277 530 288 1 444 374
278 446 338 1 367 399
279 300 711 1 218 748
280 145 876 1 61 908
281 168 1091 1 79 1122
282 370 1130 1 279 1163
283 356 811 1 271 848
284 302 582 1 223 622
285 394 769 1 309 808
286 569 296 1 480 381
287 389 913 1 301 950
288 408 1155 1 315 1186
289 234 262 1 167 323
290 399 476 1 320 521
291 125 589 1 49 626
292 115 120 1 51 165
293 302 747 1 219 783
294 114 340 1 44 380
295 300 1041 1 210 1073
296 95 334 1 26 373
297 412 726 1 327 766
298 112 53 1 50 99
299 331 1100 1 240 1133
300 405 281 1 330 345
301 492 744 1 403 786
302 30 953 1 -57 983
303 235 274 1 168 335
304 530 150 1 444 264
305 420 1009 1 329 1044
306 296 675 1 215 714
307 431 839 1 343 878
308 411 1186 1 317 1216
309 43 1075 1 -45 1105
310 179 200 1 112 245
311 320 597 1 240 638
312 307 1218 1 216 1247
313 400 1096 1 308 1128
314 582 304 1 493 387
315 378 498 1 300 543
316 695 847 1 578 896
317 437 328 1 360 389
318 391 947 1 302 982
319 602 783 1 502 832
320 411 1247 1 315 1275
321 332 534 1 254 579
322 390 1011 1 299 1045
323 285 847 1 201 883
324 464 412 1 383 475
325 358 760 1 273 798
326 496 1061 1 401 1093
327 357 1105 1 266 1138
328 390 251 1 317 301
329 639 836 1 532 884
330 515 299 1 432 377
331 435 403 1 355 462
332 425 950 1 336 985
333 368 1089 1 276 1121
334 127 564 1 52 600
335 552 110 1 463 235
336 420 1108 1 328 1140
337 141 714 1 60 748
338 609 267 1 515 361
339 395 878 1 307 915
340 507 366 1 425 428
341 568 286 1 478 376
342 172 288 1 102 331
343 341 511 1 262 555
344 345 797 1 260 833
345 316 1198 1 224 1227
346 325 969 1 238 1003
347 583 740 1 486 791
348 149 800 1 67 832
349 218 888 1 133 921
350 332 912 1 245 947
351 382 1113 1 291 1145
352 423 987 1 332 1021
353 166 957 1 79 988
354 453 989 1 360 1024
355 423 997 1 332 1031
356 407 1235 1 312 1264
357 388 922 1 302 958
358 124 319 1 55 360
359 674 903 1 560 946
360 472 387 1 391 448
361 413 372 1 335 432
362 464 794 1 375 833
363 595 742 1 496 793
364 312 976 1 225 1009
365 197 560 1 121 598
366 385 874 1 298 911
367 311 870 1 227 907
368 404 576 1 323 617
369 381 513 1 302 556
370 350 900 1 263 935
371 368 1213 1 274 1241
372 399 1183 1 306 1214
373 427 327 1 350 393
374 486 1044 1 391 1076
375 695 835 1 578 886
376 417 967 1 327 1001
377 401 963 1 311 998
378 431 571 1 349 614
379 88 162 1 23 205
380 444 478 1 363 527
381 311 918 1 224 953
382 573 573 1 481 632
383 418 408 1 340 466
384 358 1212 1 265 1241
385 656 74 1 552 219
386 625 283 1 530 377
387 287 822 1 203 857
388 498 815 1 408 857
389 154 930 1 69 962
390 539 283 1 451 373
391 411 1104 1 319 1136
392 650 688 1 543 749
393 359 893 1 273 928
394 467 127 1 388 233
395 382 783 1 297 821
396 441 466 1 360 515
397 632 693 1 528 752
398 332 547 1 254 592
399 370 729 1 286 767
400 468 537 1 386 585
401 418 1153 1 325 1183
402 210 689 1 131 726
403 478 813 1 387 856
404 296 420 1 222 463
405 296 391 1 221 435
406 493 166 1 410 278
407 471 467 1 390 519
408 284 569 1 206 612
409 504 225 1 423 305
410 456 1004 1 363 1038
411 236 1172 1 145 1202
412 126 401 1 54 440
413 519 240 1 436 326
414 357 1088 1 267 1121
415 523 129 1 437 248
416 205 712 1 125 747
417 320 942 1 234 976
418 549 1248 1 444 1267
419 377 154 1 307 207
420 505 235 1 426 305
421 471 279 1 393 343
422 80 392 1 8 428
423 398 996 1 308 1030
424 623 787 1 520 837
425 302 900 1 216 934
426 571 86 1 478 224
427 77 335 1 7 372
428 291 1210 1 199 1239
429 373 1141 1 281 1173
430 347 964 1 259 998
431 372 1103 1 280 1135
432 442 41 1 371 117
433 357 776 1 273 814
434 286 228 1 216 276
435 396 1226 1 301 1257
436 593 455 1 500 527
437 162 1061 1 75 1092
438 389 752 1 304 791
439 221 674 1 142 712
440 486 721 1 399 765
441 385 1068 1 294 1101
442 365 984 1 276 1018
443 158 1040 1 71 1070
444 437 1222 1 341 1250
445 364 797 1 280 835
446 27 908 1 -59 937
447 430 1213 1 334 1241
448 576 166 1 487 269
449 74 270 1 6 310
450 133 504 1 58 541
451 286 808 1 203 846
452 423 936 1 333 972
453 101 488 1 27 525
454 423 1222 1 328 1251
455 445 718 1 360 759
456 637 884 1 530 928
457 379 81 1 310 135
458 252 958 1 170 991
459 380 805 1 294 843
460 608 216 1 515 316
461 233 303 1 165 362
462 519 1039 1 422 1072
463 89 578 1 13 613
464 397 1203 1 303 1232
465 302 700 1 221 739
466 372 999 1 282 1032
467 77 319 1 7 357
468 156 952 1 70 983
469 264 751 1 184 791
470 628 878 1 523 921
471 280 582 1 201 625
472 328 1213 1 236 1242
473 327 464 1 250 509
474 92 426 1 21 464
475 489 818 1 398 860
476 426 1059 1 335 1092
477 387 986 1 297 1019
478 81 435 1 9 471
479 392 1109 1 301 1141
480 400 1159 1 307 1190
481 367 784 1 282 821
482 505 127 1 422 245
483 562 214 1 475 307
484 636 45 1 533 199
485 233 284 1 166 345
486 329 882 1 243 918
487 342 974 1 253 1008
488 566 148 1 476 262
489 294 1201 1 202 1230
490 415 1082 1 323 1114
491 356 785 1 272 823
492 621 216 1 528 316
493 282 1228 1 190 1256
494 539 720 1 447 769
495 223 1007 1 136 1039
496 199 1040 1 111 1071
497 373 829 1 287 867
498 430 1100 1 337 1132
499 173 1022 1 86 1053
500 386 904 1 297 940
501 432 96 1 361 156
502 383 1130 1 291 1161
503 305 811 1 222 849
504 569 725 1 474 775
505 86 272 1 18 313
506 487 828 1 397 869
507 88 171 1 23 214
508 108 715 1 28 749
509 409 395 1 332 451
510 78 343 1 8 381
511 620 174 1 528 277
512 325 1141 1 234 1173
513 141 1106 1 51 1136
514 176 893 1 92 925
515 287 497 1 210 538
516 73 238 1 6 277
517 385 1034 1 295 1068
518 574 925 1 475 964
519 449 371 1 369 433
520 554 552 1 464 611
521 250 1215 1 159 1244
522 631 1094 1 521 1122
523 486 1034 1 391 1067
524 389 1080 1 297 1112
525 356 1076 1 265 1109
526 352 1059 1 262 1092
527 590 752 1 492 803
528 279 466 1 204 510
529 74 281 1 6 320
530 119 817 1 37 849
531 381 948 1 292 982
532 492 373 1 411 433
533 73 224 1 6 264
534 225 1227 1 133 1256
535 67 76 1 4 119
536 75 286 1 7 326
537 607 200 1 516 298
538 89 590 1 13 624
539 617 916 1 513 957
540 653 836 1 544 885
541 416 976 1 326 1010
542 84 472 1 11 508
543 321 909 1 235 945
544 433 916 1 344 952
545 318 581 1 238 619
546 399 1007 1 309 1041
547 270 782 1 187 820
548 306 503 1 229 548
549 380 773 1 295 811
550 499 351 1 418 415
551 284 480 1 208 523
552 307 521 1 229 566
553 346 871 1 260 907
554 309 267 1 238 315
555 592 733 1 494 784
556 241 915 1 157 948
557 587 464 1 495 535
558 154 977 1 69 1008
559 244 365 1 171 411
560 281 506 1 204 550
561 251 923 1 169 958
562 99 756 1 18 789
563 548 492 1 459 555
564 536 751 1 444 797
565 256 1181 1 165 1210
566 578 790 1 481 837
567 451 1041 1 358 1074
568 391 1024 1 301 1057
569 88 322 1 19 362
570 343 1171 1 251 1201
571 481 1023 1 387 1056
572 421 1246 1 325 1274
573 600 1231 1 492 1252
574 80 402 1 8 439
575 660 791 1 550 844
576 361 740 1 278 778
577 89 557 1 13 592
578 393 779 1 308 817
579 382 1179 1 289 1209
580 91 600 1 14 635
581 281 595 1 203 637
582 74 259 1 6 299
583 667 685 1 557 749
584 484 1124 1 389 1156
585 642 1073 1 531 1102
586 549 524 1 460 584
587 650 742 1 542 798
588 404 1017 1 314 1051
589 459 760 1 371 803
590 93 663 1 15 697
591 560 783 1 465 829
592 291 597 1 211 637
593 67 60 1 5 105
594 317 510 1 240 555
595 545 273 1 456 366
596 111 661 1 32 695
597 362 1002 1 273 1035
598 409 164 1 337 237
599 433 976 1 342 1011
600 93 651 1 14 684
601 375 971 1 286 1006
602 194 413 1 121 453
603 608 231 1 516 326
604 297 566 1 219 608
605 314 308 1 241 356
606 314 897 1 230 933
607 113 69 1 51 115
608 111 754 1 30 787
609 370 961 1 281 995
610 416 1093 1 324 1125
611 609 275 1 516 368
612 458 249 1 381 316
613 406 1143 1 313 1175
614 160 892 1 76 924
615 81 421 1 9 458
616 238 635 1 159 674
617 459 808 1 370 848
618 374 762 1 289 800
619 329 236 1 258 288
620 119 970 1 34 1001
621 95 700 1 17 734
622 602 350 1 509 432
623 489 1013 1 394 1047
624 369 915 1 282 950
625 182 67 1 118 118
626 671 111 1 570 234
627 388 742 1 304 782
628 434 496 1 354 543
629 89 568 1 13 602
630 139 1153 1 48 1183
631 252 938 1 170 972
632 636 742 1 532 797
633 74 249 1 6 288
634 261 438 1 186 482
635 267 601 1 189 641
636 271 532 1 194 573
637 411 941 1 322 976
638 350 542 1 271 588
639 316 798 1 233 837
640 600 703 1 501 758
641 430 373 1 351 434
642 335 1187 1 242 1217
643 266 1185 1 175 1214
644 346 888 1 259 923
645 190 1060 1 101 1091
646 611 784 1 509 833
647 96 710 1 16 743
648 79 96 1 17 141
649 76 308 1 7 347
650 119 873 1 35 905
651 266 717 1 185 754
652 325 897 1 240 933
653 238 1202 1 147 1231
654 333 857 1 247 894
655 341 1215 1 248 1243
656 560 436 1 471 504
657 396 1169 1 302 1200
658 335 894 1 248 928
659 436 1197 1 341 1226
