0 480 1011 1 416 1034
1 400 761 1 344 790
2 472 348 1 416 401
3 424 197 1 371 257
4 364 863 1 307 889
5 491 1007 1 428 1031
6 478 1073 1 414 1093
7 432 254 1 378 309
8 433 525 1 378 563
9 482 1022 1 418 1046
10 471 788 1 410 821
11 437 242 1 381 315
12 369 299 1 317 350
13 431 384 1 376 435
14 163 454 1 115 485
15 458 258 1 403 315
16 452 866 1 392 894
17 104 617 1 55 645
18 371 250 1 320 289
19 101 551 1 53 580
20 427 293 1 373 346
21 190 1144 1 134 1164
22 541 247 1 477 325
23 478 901 1 415 930
24 433 513 1 378 551
25 98 455 1 52 486
26 633 166 1 555 272
27 445 272 1 390 328
28 99 655 1 50 681
29 555 284 1 489 359
30 494 1032 1 429 1055
31 397 1083 1 336 1103
32 391 762 1 335 791
33 163 314 1 117 351
34 93 494 1 46 524
35 173 684 1 122 712
36 427 319 1 373 374
37 123 1103 1 68 1124
38 106 597 1 57 626
39 188 1116 1 132 1138
40 193 1063 1 137 1085
41 428 305 1 373 361
42 438 765 1 379 796
43 166 616 1 116 644
44 472 803 1 411 836
45 496 1077 1 431 1097
46 107 702 1 58 729
47 552 245 1 488 323
48 111 783 1 60 808
49 552 231 1 487 310
50 406 935 1 346 960
51 97 387 1 51 420
52 422 528 1 368 564
53 420 568 1 365 605
54 421 552 1 366 588
55 139 329 1 93 364
56 427 281 1 372 336
57 459 286 1 404 340
58 474 393 1 417 442
59 107 811 1 56 835
60 115 864 1 64 889
61 444 257 1 389 316
62 547 1216 1 474 1227
63 530 311 1 466 383
64 478 1062 1 414 1083
65 502 1053 1 436 1075
66 633 140 1 555 249
67 566 253 1 499 336
68 109 672 1 59 699
69 113 765 1 62 790
70 560 1216 1 486 1227
71 456 173 1 396 278
72 165 550 1 116 580
73 402 739 1 345 768
74 139 1238 1 83 1256
75 376 754 1 321 782
76 187 1104 1 131 1124
77 174 812 1 121 836
78 427 540 1 371 579
79 91 436 1 44 467
80 165 334 1 119 369
81 435 565 1 379 600
82 94 513 1 47 542
83 482 298 1 425 356
84 167 593 1 117 622
85 367 450 1 315 483
86 505 1205 1 435 1216
87 94 299 1 49 334
88 681 870 1 586 912
89 404 1049 1 345 1071
90 374 1017 1 317 1039
91 367 207 1 318 247
92 116 828 1 64 852
93 429 851 1 370 880
94 162 492 1 114 523
95 365 941 1 308 966
96 464 335 1 407 389
97 98 349 1 52 382
98 399 1140 1 338 1159
99 158 298 1 112 333
100 433 476 1 378 515
101 168 655 1 117 682
102 466 948 1 405 974
103 466 407 1 409 454
104 103 513 1 56 543
105 422 513 1 367 549
106 421 482 1 367 518
107 366 382 1 314 417
108 409 534 1 354 570
109 269 800 1 216 833
110 462 366 1 406 417
111 480 930 1 417 957
112 389 726 1 334 755
113 398 1185 1 338 1203
114 446 285 1 391 338
115 428 404 1 372 452
116 388 908 1 330 933
117 355 969 1 298 992
118 302 450 1 252 483
119 162 511 1 114 541
120 159 347 1 112 381
121 144 343 1 97 377
122 449 782 1 390 814
123 301 934 1 245 960
124 459 889 1 399 917
125 363 900 1 306 925
126 442 366 1 386 416
127 483 1033 1 419 1055
128 298 594 1 246 625
129 160 433 1 113 466
130 88 330 1 43 364
131 550 311 1 485 383
132 636 176 1 557 282
133 681 846 1 586 892
134 415 501 1 360 540
135 168 672 1 117 698
136 132 1144 1 77 1164
137 521 227 1 455 318
138 476 324 1 419 380
139 493 1049 1 428 1071
140 684 1049 1 582 1070
141 169 703 1 118 729
142 446 1009 1 384 1033
143 420 342 1 366 393
144 87 281 1 42 316
145 465 48 1 410 126
146 128 1198 1 72 1217
147 427 829 1 368 859
148 466 938 1 404 964
149 478 421 1 421 471
150 124 977 1 70 999
151 108 654 1 59 682
152 555 257 1 489 334
153 421 211 1 369 265
154 308 594 1 256 626
155 160 387 1 113 419
156 421 241 1 367 296
157 394 1033 1 336 1055
158 305 431 1 254 465
159 200 1236 1 144 1255
160 366 429 1 314 464
161 591 278 1 520 363
162 457 142 1 394 257
163 323 844 1 267 872
164 155 333 1 109 368
165 526 254 1 460 342
166 365 326 1 314 364
167 103 493 1 55 523
168 405 315 1 353 354
169 523 243 1 457 332
170 438 167 1 381 262
171 456 1033 1 393 1056
172 413 718 1 357 748
173 407 966 1 347 990
174 454 852 1 393 883
175 411 1233 1 349 1248
176 592 289 1 520 374
177 79 661 1 30 688
178 667 852 1 579 894
179 87 817 1 36 841
180 481 946 1 419 973
181 390 737 1 334 767
182 662 863 1 577 902
183 371 315 1 319 355
184 140 1253 1 82 1272
185 566 266 1 498 349
186 158 275 1 112 310
187 462 351 1 406 404
188 132 1119 1 77 1139
189 438 879 1 378 907
190 312 1102 1 255 1123
191 412 544 1 357 580
192 91 215 1 47 251
193 578 837 1 505 874
194 93 184 1 49 221
195 587 842 1 513 879
196 473 305 1 416 362
197 575 165 1 502 272
198 372 963 1 315 987
199 295 431 1 244 465
200 488 242 1 427 323
201 439 838 1 379 871
202 311 772 1 257 799
203 420 370 1 366 419
204 510 153 1 446 255
205 101 436 1 54 467
206 307 612 1 254 646
207 97 966 1 43 988
208 347 1164 1 289 1183
209 521 165 1 453 272
210 131 1164 1 75 1183
211 593 244 1 523 332
212 489 323 1 428 392
213 528 765 1 462 802
214 142 966 1 88 988
215 160 110 1 116 151
216 394 1159 1 334 1177
217 529 302 1 462 386
218 394 751 1 337 780
219 341 754 1 286 782
220 377 1176 1 316 1193
221 74 507 1 26 537
222 372 992 1 314 1015
223 399 377 1 345 426
224 354 630 1 293 763
225 312 1117 1 255 1138
226 89 168 1 45 205
227 169 966 1 115 988
228 422 230 1 368 289
229 678 1020 1 578 1045
230 585 754 1 512 797
231 447 580 1 347 792
232 104 1107 1 50 1128
233 460 302 1 404 360
234 555 270 1 490 346
235 438 318 1 384 372
236 459 754 1 400 787
237 524 1219 1 453 1230
238 238 57 1 194 114
239 322 814 1 267 840
240 341 1020 1 284 1042
241 401 553 1 346 586
242 386 1147 1 326 1166
243 439 861 1 379 891
244 365 340 1 313 377
245 343 830 1 287 857
246 622 902 1 540 937
247 366 280 1 316 318
248 565 211 1 497 301
249 670 966 1 579 998
250 97 281 1 52 316
251 365 402 1 313 437
252 519 211 1 454 302
253 118 918 1 65 941
254 398 839 1 341 868
255 87 107 1 44 145
256 114 1243 1 58 1261
257 526 731 1 460 771
258 348 744 1 293 772
259 341 994 1 284 1016
260 235 803 1 184 834
261 390 190 1 338 265
262 99 673 1 49 700
263 138 1199 1 82 1218
264 594 182 1 522 277
265 381 764 1 325 792
266 296 804 1 241 831
267 103 766 1 52 791
268 419 352 1 364 403
269 268 723 1 216 750
270 111 886 1 59 909
271 132 1102 1 78 1122
272 461 1071 1 398 1092
273 335 1143 1 277 1163
274 323 823 1 268 849
275 272 594 1 221 624
276 362 781 1 306 809
277 541 312 1 475 386
278 355 925 1 298 950
279 263 855 1 209 882
280 209 274 1 165 328
281 370 490 1 317 523
282 92 131 1 49 169
283 270 758 1 217 785
284 88 350 1 42 383
285 266 1052 1 208 1073
286 69 344 1 24 376
287 381 738 1 325 768
288 91 64 1 48 103
289 295 1112 1 238 1133
290 379 295 1 327 350
291 289 942 1 236 967
292 210 285 1 166 340
293 505 167 1 439 273
294 385 1021 1 327 1044
295 265 686 1 213 716
296 398 850 1 341 878
297 374 1197 1 314 1215
298 492 257 1 431 332
299 155 211 1 110 248
300 271 1229 1 214 1246
301 365 1107 1 305 1128
302 554 320 1 488 392
303 312 524 1 259 557
304 363 717 1 308 747
305 349 511 1 297 545
306 658 854 1 571 895
307 410 342 1 357 393
308 357 958 1 299 982
309 568 793 1 497 833
310 303 546 1 251 581
311 354 1023 1 297 1045
312 437 426 1 379 479
313 325 772 1 271 799
314 322 1118 1 264 1139
315 364 265 1 314 304
316 603 846 1 526 884
317 488 313 1 428 383
318 407 417 1 352 466
319 391 961 1 333 986
320 676 91 1 585 227
321 332 1101 1 274 1122
322 98 574 1 50 602
323 96 599 1 48 628
324 110 724 1 59 750
325 580 283 1 510 368
326 361 890 1 305 916
327 479 380 1 422 432
328 540 301 1 473 383
329 146 298 1 100 334
330 312 808 1 258 834
331 279 1209 1 222 1226
332 291 979 1 236 1003
333 550 752 1 481 792
334 116 809 1 65 834
335 185 898 1 132 922
336 299 922 1 243 948
337 347 1125 1 288 1145
338 388 998 1 330 1021
339 443 144 1 384 242
340 379 1120 1 319 1140
341 131 967 1 78 988
342 418 999 1 358 1024
343 388 1008 1 329 1031
344 98 329 1 53 363
345 637 911 1 553 945
346 444 401 1 388 451
347 385 385 1 332 436
348 431 805 1 372 834
349 561 753 1 492 794
350 303 819 1 248 845
351 278 986 1 223 1010
352 168 571 1 119 600
353 352 885 1 295 911
354 352 526 1 299 558
355 316 911 1 260 936
356 331 1224 1 271 1241
357 363 1196 1 303 1213
358 400 340 1 347 398
359 451 1054 1 388 1075
360 658 843 1 571 885
361 383 978 1 325 1002
362 526 129 1 457 246
363 64 172 1 21 209
364 415 492 1 361 529
365 391 421 1 337 470
366 274 852 1 220 880
367 627 95 1 544 231
368 596 299 1 525 383
369 465 828 1 405 858
370 121 940 1 67 963
371 511 298 1 447 380
372 617 699 1 537 751
373 326 904 1 270 929
374 408 1068 1 346 1089
375 350 795 1 295 823
376 412 480 1 357 517
377 598 705 1 523 754
378 303 559 1 252 595
379 339 742 1 283 769
380 438 551 1 383 587
381 382 1164 1 322 1182
382 179 699 1 129 727
383 445 824 1 383 856
384 269 432 1 219 465
385 269 403 1 219 437
386 468 182 1 405 288
387 442 482 1 386 522
388 254 581 1 204 614
389 477 240 1 419 311
390 422 1015 1 360 1038
391 199 1183 1 143 1201
392 99 411 1 52 443
393 322 1100 1 264 1121
394 497 147 1 432 258
395 174 723 1 123 749
396 316 702 1 262 733
397 512 1254 1 440 1263
398 353 168 1 304 211
399 478 251 1 422 310
400 445 294 1 390 348
401 53 401 1 6 431
402 395 1016 1 336 1039
403 363 1007 1 305 1030
404 589 797 1 514 838
405 269 910 1 214 935
406 545 105 1 472 236
407 51 344 1 5 375
408 254 1221 1 197 1238
409 337 1153 1 279 1173
410 313 974 1 257 998
411 336 1115 1 278 1136
412 419 58 1 368 123
413 325 788 1 270 815
414 262 240 1 214 280
415 359 1239 1 299 1257
416 563 469 1 495 531
417 127 1072 1 73 1093
418 357 764 1 302 792
419 190 685 1 140 714
420 455 734 1 396 767
421 349 1080 1 291 1101
422 331 995 1 274 1018
423 123 1050 1 69 1071
424 400 1233 1 339 1249
425 332 809 1 277 836
426 371 980 1 313 1003
427 393 1224 1 332 1239
428 549 184 1 482 277
429 49 280 1 4 312
430 54 449 1 8 478
431 278 533 1 227 568
432 389 947 1 331 972
433 73 497 1 25 527
434 387 1233 1 325 1250
435 414 731 1 357 761
436 602 893 1 525 927
437 356 96 1 308 139
438 219 965 1 169 990
439 347 817 1 291 844
440 681 1008 1 582 1034
441 208 314 1 164 367
442 483 1049 1 419 1071
443 59 588 1 11 615
444 271 711 1 218 740
445 337 1010 1 280 1033
446 51 328 1 5 360
447 121 962 1 68 984
448 233 761 1 182 792
449 593 887 1 518 921
450 291 1224 1 234 1242
451 298 478 1 248 511
452 65 435 1 19 467
453 455 830 1 395 860
454 352 997 1 295 1020
455 54 443 1 7 473
456 356 1121 1 298 1141
457 364 1170 1 304 1189
458 335 796 1 280 823
459 480 144 1 417 255
460 535 230 1 470 314
461 609 67 1 526 212
462 208 295 1 164 350
463 308 984 1 251 1008
464 539 166 1 470 272
465 257 1212 1 200 1230
466 380 1093 1 321 1114
467 324 797 1 269 824
468 593 234 1 522 324
469 245 1238 1 188 1255
470 507 733 1 443 770
471 189 1018 1 134 1040
472 163 1050 1 109 1071
473 340 841 1 285 868
474 394 1112 1 335 1132
475 138 1032 1 84 1053
476 352 915 1 295 940
477 408 112 1 358 161
478 347 1142 1 289 1161
479 272 821 1 220 850
480 537 737 1 470 777
481 61 282 1 16 316
482 275 921 1 221 945
483 454 840 1 394 870
484 64 181 1 21 218
485 76 725 1 27 751
486 382 409 1 329 455
487 52 353 1 6 384
488 593 192 1 522 285
489 289 1153 1 231 1173
490 104 1116 1 50 1136
491 142 903 1 91 926
492 258 508 1 208 540
493 48 247 1 4 280
494 351 1046 1 293 1068
495 539 935 1 471 964
496 421 384 1 366 437
497 523 565 1 460 614
498 213 1226 1 157 1243
499 680 134 1 596 248
500 451 1044 1 388 1066
501 353 1091 1 295 1112
502 321 1088 1 263 1109
503 317 1071 1 260 1092
504 556 763 1 487 804
505 251 478 1 201 512
506 49 290 1 4 323
507 86 827 1 35 850
508 347 959 1 290 983
509 48 233 1 4 267
510 690 1026 1 585 1051
511 294 892 1 241 918
512 414 76 1 362 134
513 45 86 1 2 123
514 50 296 1 5 329
515 580 217 1 510 306
516 60 599 1 11 626
517 582 925 1 508 956
518 618 845 1 538 885
519 382 987 1 324 1010
520 56 481 1 9 510
521 438 788 1 379 820
522 273 966 1 219 990
523 287 593 1 236 621
524 364 1019 1 306 1041
525 278 515 1 227 550
526 348 785 1 293 812
527 472 366 1 414 419
528 256 492 1 206 526
529 313 883 1 257 908
530 284 280 1 236 319
531 558 744 1 490 785
532 557 479 1 490 539
533 120 986 1 67 1008
534 217 376 1 168 414
535 253 518 1 202 553
536 694 55 1 601 200
537 67 766 1 17 790
538 518 506 1 455 558
539 503 763 1 440 798
540 220 1191 1 164 1210
541 545 801 1 476 838
542 356 1035 1 299 1058
543 63 331 1 17 365
544 307 1183 1 249 1201
545 48 222 1 4 256
546 446 1034 1 384 1056
547 562 1238 1 488 1248
548 52 411 1 6 442
549 625 801 1 544 845
550 330 752 1 276 780
551 59 566 1 11 594
552 361 791 1 305 819
553 346 1190 1 287 1208
554 61 610 1 12 637
555 206 923 1 155 949
556 49 269 1 4 302
557 633 696 1 551 750
558 448 1136 1 387 1155
559 605 1080 1 526 1100
560 519 538 1 456 587
561 615 752 1 537 799
562 369 1029 1 311 1051
563 426 773 1 368 804
564 63 672 1 13 699
565 527 794 1 461 830
566 45 70 1 3 109
567 289 523 1 237 558
568 517 289 1 452 373
569 80 671 1 31 697
570 327 1014 1 270 1036
571 385 179 1 334 242
572 399 987 1 339 1011
573 62 660 1 13 685
574 341 983 1 284 1006
575 167 423 1 119 455
576 581 248 1 511 333
577 268 578 1 217 610
578 288 321 1 239 359
579 281 906 1 228 933
580 92 80 1 49 119
581 79 764 1 28 788
582 335 972 1 279 996
583 215 1211 1 159 1228
584 381 1104 1 322 1125
585 580 292 1 510 375
586 432 264 1 378 321
587 370 1155 1 310 1175
588 54 430 1 7 460
589 208 646 1 157 675
590 106 973 1 53 995
591 426 820 1 367 849
592 341 774 1 287 801
593 305 250 1 256 291
594 85 980 1 33 1002
595 64 714 1 14 739
596 573 365 1 504 437
597 454 1023 1 391 1046
598 336 927 1 280 950
599 160 79 1 116 122
600 643 131 1 563 244
601 356 755 1 301 783
602 59 577 1 11 604
603 102 1164 1 47 1183
604 219 945 1 169 972
605 602 752 1 526 798
606 49 258 1 5 291
607 233 449 1 184 485
608 237 613 1 187 643
609 241 543 1 192 576
610 377 953 1 319 977
611 321 555 1 269 591
612 284 808 1 231 838
613 567 715 1 496 760
614 402 387 1 348 438
615 298 1198 1 240 1216
616 230 1195 1 174 1213
617 312 899 1 257 924
618 155 1071 1 99 1091
619 576 794 1 504 834
620 64 719 1 15 745
621 57 106 1 15 145
622 50 317 1 5 350
623 85 883 1 34 906
624 235 728 1 183 755
625 291 907 1 238 933
626 201 1213 1 145 1230
627 300 867 1 245 894
628 304 1226 1 246 1243
629 530 450 1 467 508
630 359 1181 1 300 1200
631 301 905 1 246 929
632 400 1208 1 338 1225
