0 407 769 1 339 792
1 479 859 1 406 883
2 437 212 1 365 266
3 484 360 1 409 408
4 370 869 1 303 891
5 494 1013 1 422 1030
6 480 1078 1 408 1092
7 445 267 1 372 317
8 443 535 1 372 567
9 485 1028 1 412 1045
10 477 795 1 405 823
11 382 311 1 312 358
12 566 300 1 481 370
13 175 461 1 111 490
14 471 271 1 397 323
15 458 873 1 386 895
16 114 622 1 52 648
17 384 260 1 315 295
18 113 557 1 50 584
19 439 305 1 367 354
20 193 1147 1 130 1164
21 551 263 1 468 336
22 483 908 1 409 930
23 443 523 1 373 555
24 111 461 1 48 491
25 642 187 1 543 288
26 458 285 1 384 336
27 110 659 1 47 685
28 497 1037 1 423 1053
29 401 1086 1 331 1101
30 398 770 1 330 793
31 177 322 1 114 356
32 105 500 1 42 528
33 182 690 1 119 715
34 440 331 1 367 382
35 493 1002 1 420 1020
36 127 1106 1 65 1125
37 116 603 1 54 629
38 192 1120 1 129 1138
39 440 318 1 368 369
40 445 773 1 374 799
41 177 622 1 113 647
42 478 810 1 406 838
43 498 1081 1 425 1095
44 117 707 1 55 732
45 563 261 1 479 335
46 119 788 1 57 811
47 563 247 1 478 322
48 111 394 1 47 425
49 153 337 1 89 369
50 434 560 1 361 592
51 197 1067 1 134 1086
52 439 294 1 367 344
53 472 299 1 398 348
54 485 405 1 411 448
55 115 815 1 53 837
56 457 270 1 383 325
57 123 869 1 60 891
58 547 1217 1 466 1221
59 540 326 1 458 393
60 480 1067 1 408 1081
61 642 161 1 543 266
62 576 270 1 490 348
63 119 677 1 56 702
64 122 770 1 59 793
65 505 1058 1 430 1074
66 484 1015 1 410 1033
67 560 1217 1 478 1221
68 469 192 1 388 294
69 177 557 1 113 584
70 477 417 1 403 461
71 409 747 1 341 771
72 141 1241 1 79 1256
73 383 762 1 316 784
74 191 1108 1 128 1124
75 181 816 1 118 838
76 433 537 1 363 568
77 423 559 1 352 584
78 104 442 1 41 472
79 178 341 1 116 375
80 106 518 1 44 547
81 494 311 1 419 364
82 177 600 1 114 626
83 378 459 1 310 488
84 109 306 1 46 339
85 680 874 1 573 910
86 379 1022 1 312 1039
87 381 218 1 313 253
88 530 247 1 447 332
89 124 832 1 61 855
90 174 499 1 110 527
91 602 276 1 512 358
92 505 1205 1 428 1211
93 370 945 1 303 967
94 476 347 1 401 396
95 112 356 1 49 387
96 255 69 1 190 124
97 401 1145 1 334 1158
98 172 306 1 108 338
99 443 486 1 372 519
100 177 660 1 113 685
101 471 954 1 399 974
102 308 602 1 242 628
103 115 519 1 53 547
104 432 491 1 361 523
105 378 392 1 309 422
106 418 544 1 349 574
107 203 1240 1 141 1254
108 474 378 1 400 423
109 484 936 1 411 957
110 397 734 1 329 758
111 411 938 1 341 960
112 400 1190 1 333 1202
113 458 298 1 385 345
114 461 826 1 389 851
115 439 414 1 366 459
116 393 914 1 325 934
117 360 975 1 293 993
118 470 943 1 399 964
119 314 458 1 247 488
120 174 517 1 110 545
121 172 354 1 108 386
122 158 351 1 94 382
123 455 790 1 384 816
124 488 337 1 413 388
125 464 896 1 393 918
126 369 906 1 302 927
127 453 378 1 380 423
128 486 1038 1 413 1054
129 173 441 1 109 470
130 103 337 1 40 369
131 561 326 1 476 394
132 644 197 1 545 298
133 681 852 1 573 891
134 452 331 1 378 380
135 425 511 1 355 544
136 177 677 1 113 701
137 135 1147 1 73 1165
138 450 97 1 377 149
139 495 1054 1 422 1070
140 682 1045 1 567 1062
141 178 708 1 114 731
142 462 47 1 387 115
143 449 1014 1 378 1032
144 431 354 1 361 400
145 102 288 1 39 321
146 537 272 1 451 355
147 131 1201 1 69 1218
148 140 1202 1 79 1219
149 489 432 1 415 477
150 438 813 1 367 836
151 408 1055 1 340 1071
152 445 845 1 373 872
153 119 660 1 56 685
154 565 273 1 481 345
155 435 224 1 363 273
156 173 394 1 109 424
157 398 1039 1 331 1056
158 316 440 1 250 469
159 377 439 1 309 468
160 600 295 1 510 374
161 329 849 1 263 873
162 169 341 1 105 374
163 377 336 1 309 370
164 115 499 1 52 527
165 432 836 1 363 860
166 472 934 1 400 955
167 484 945 1 412 965
168 459 1038 1 388 1055
169 421 726 1 352 751
170 412 971 1 342 990
171 412 1237 1 344 1246
172 601 307 1 510 385
173 89 666 1 27 691
174 667 858 1 567 893
175 95 821 1 33 843
176 398 745 1 329 769
177 662 869 1 566 901
178 383 326 1 314 360
179 576 282 1 489 361
180 172 283 1 108 316
181 474 363 1 400 411
182 136 1122 1 74 1140
183 316 1107 1 251 1123
184 376 1202 1 310 1214
185 171 175 1 107 209
186 107 223 1 44 257
187 582 844 1 497 875
188 109 193 1 46 227
189 590 848 1 504 880
190 485 318 1 410 370
191 585 186 1 491 289
192 377 969 1 310 988
193 307 440 1 240 470
194 500 258 1 419 334
195 318 780 1 253 802
196 431 381 1 360 425
197 522 174 1 437 271
198 114 442 1 51 472
199 103 969 1 40 990
200 349 1169 1 284 1183
201 532 185 1 444 289
202 134 1167 1 72 1184
203 444 885 1 373 908
204 603 261 1 513 345
205 500 337 1 420 402
206 533 772 1 455 804
207 566 286 1 482 357
208 243 809 1 181 836
209 147 970 1 85 989
210 176 120 1 112 159
211 397 1164 1 329 1176
212 401 760 1 333 782
213 431 524 1 362 553
214 348 761 1 281 784
215 86 513 1 23 541
216 376 997 1 310 1015
217 410 388 1 340 433
218 435 550 1 366 584
219 316 1123 1 251 1138
220 105 176 1 42 211
221 175 970 1 112 989
222 434 243 1 362 298
223 675 1018 1 564 1039
224 589 761 1 503 799
225 378 1179 1 312 1191
226 109 1110 1 47 1128
227 472 315 1 397 368
228 142 1255 1 80 1269
229 466 762 1 394 790
230 524 1220 1 446 1223
231 329 821 1 263 842
232 345 1025 1 280 1043
233 300 911 1 234 934
234 388 1152 1 322 1165
235 377 350 1 309 382
236 349 837 1 282 858
237 623 907 1 530 935
238 379 290 1 311 323
239 269 860 1 205 884
240 575 229 1 487 314
241 669 969 1 567 994
242 112 288 1 49 321
243 376 411 1 308 441
244 530 228 1 445 315
245 124 922 1 62 943
246 405 846 1 336 869
247 104 116 1 41 152
248 116 1246 1 55 1262
249 532 739 1 453 773
250 356 751 1 289 775
251 345 999 1 279 1017
252 404 206 1 332 277
253 109 678 1 46 703
254 491 94 1 409 198
255 386 725 1 318 749
256 388 771 1 320 794
257 422 1005 1 353 1023
258 112 770 1 49 793
259 276 807 1 213 835
260 469 164 1 386 275
261 276 730 1 212 752
262 118 890 1 56 911
263 137 1105 1 74 1123
264 464 1076 1 392 1090
265 338 1148 1 272 1163
266 330 830 1 264 851
267 369 789 1 302 811
268 551 327 1 467 397
269 360 931 1 294 951
270 224 283 1 162 336
271 381 499 1 312 527
272 109 140 1 46 175
273 278 765 1 213 787
274 102 357 1 39 388
275 268 1056 1 204 1074
276 83 350 1 21 381
277 388 746 1 320 770
278 108 73 1 44 109
279 298 1118 1 234 1133
280 392 307 1 322 358
281 531 261 1 448 345
282 225 296 1 163 349
283 516 187 1 430 289
284 445 87 1 372 144
285 275 692 1 209 719
286 404 856 1 336 880
287 362 964 1 295 983
288 443 867 1 374 892
289 503 272 1 424 343
290 170 220 1 107 254
291 273 1232 1 210 1245
292 368 1113 1 301 1128
293 564 335 1 480 402
294 321 532 1 255 561
295 456 163 1 377 258
296 371 725 1 303 749
297 360 520 1 292 549
298 658 860 1 559 895
299 422 353 1 351 400
300 459 858 1 388 884
301 573 801 1 489 834
302 314 553 1 247 585
303 359 1028 1 293 1046
304 445 439 1 373 485
305 333 780 1 267 802
306 383 944 1 315 965
307 325 1124 1 260 1139
308 377 276 1 309 309
309 606 852 1 517 884
310 389 1028 1 322 1044
311 499 328 1 421 393
312 418 428 1 347 472
313 683 118 1 571 248
314 336 1107 1 270 1122
315 110 579 1 47 606
316 119 729 1 55 752
317 589 300 1 500 380
318 368 896 1 300 917
319 550 318 1 464 394
320 161 306 1 97 339
321 320 815 1 254 837
322 281 1213 1 218 1225
323 555 760 1 474 794
324 191 902 1 128 923
325 357 921 1 291 941
326 350 1131 1 284 1146
327 393 1003 1 325 1021
328 382 1125 1 315 1139
329 138 970 1 75 990
330 435 858 1 365 881
331 296 945 1 232 968
332 113 336 1 50 368
333 638 915 1 542 943
334 455 413 1 382 458
335 397 396 1 327 443
336 566 761 1 484 796
337 310 825 1 244 847
338 179 578 1 116 604
339 358 892 1 291 913
340 362 535 1 295 562
341 322 917 1 256 937
342 333 1228 1 268 1240
343 364 1201 1 299 1212
344 413 352 1 341 406
345 454 1058 1 383 1073
346 659 849 1 559 885
347 388 983 1 320 1002
348 536 151 1 448 264
349 81 180 1 18 215
350 426 502 1 355 534
351 402 432 1 332 477
352 636 121 1 531 252
353 605 316 1 515 395
354 471 835 1 399 859
355 304 927 1 239 949
356 127 943 1 64 964
357 521 314 1 438 391
358 620 708 1 527 754
359 332 910 1 266 930
360 357 802 1 290 825
361 422 490 1 352 522
362 602 713 1 514 757
363 314 567 1 248 599
364 346 749 1 279 771
365 384 1169 1 318 1181
366 188 705 1 126 730
367 440 137 1 366 201
368 281 440 1 215 470
369 281 411 1 215 442
370 480 202 1 397 304
371 64 291 1 1 323
372 426 1020 1 355 1037
373 112 417 1 49 448
374 325 1106 1 260 1121
375 433 792 1 363 818
376 183 727 1 119 751
377 407 1045 1 339 1061
378 324 709 1 258 736
379 368 180 1 299 217
380 457 307 1 384 355
381 66 406 1 3 435
382 367 1013 1 301 1031
383 592 804 1 505 839
384 275 916 1 211 937
385 556 129 1 461 256
386 65 350 1 2 380
387 256 1224 1 194 1237
388 340 1159 1 274 1173
389 435 72 1 362 134
390 332 795 1 266 817
391 275 250 1 210 286
392 361 1244 1 295 1256
393 131 1075 1 70 1094
394 364 771 1 297 795
395 200 690 1 136 717
396 462 742 1 390 769
397 353 1086 1 287 1101
398 336 1001 1 270 1019
399 128 1053 1 66 1072
400 402 1237 1 334 1247
401 339 816 1 273 838
402 375 986 1 309 1004
403 394 1228 1 327 1237
404 64 286 1 1 318
405 68 455 1 5 483
406 288 541 1 223 572
407 394 953 1 326 973
408 85 503 1 22 531
409 388 1237 1 321 1248
410 421 739 1 352 763
411 604 898 1 515 926
412 371 108 1 303 145
413 274 532 1 208 562
414 354 824 1 287 846
415 678 1007 1 568 1028
416 223 323 1 161 375
417 126 965 1 65 985
418 486 1054 1 413 1070
419 70 592 1 8 619
420 279 718 1 215 743
421 341 1016 1 276 1033
422 65 334 1 2 365
423 241 766 1 179 794
424 596 893 1 509 921
425 276 959 1 211 977
426 309 487 1 243 516
427 78 441 1 16 471
428 461 838 1 390 862
429 355 992 1 289 1010
430 357 1003 1 291 1020
431 67 449 1 4 478
432 366 1175 1 300 1189
433 342 803 1 275 825
434 493 165 1 409 272
435 546 247 1 461 326
436 617 95 1 513 234
437 223 306 1 161 358
438 550 186 1 461 288
439 259 1216 1 197 1229
440 383 1099 1 316 1114
441 331 804 1 265 826
442 603 252 1 512 337
443 69 500 1 6 527
444 247 1242 1 185 1254
445 513 740 1 437 773
446 193 1022 1 131 1041
447 168 1054 1 106 1072
448 66 404 1 3 433
449 397 1117 1 330 1131
450 143 1035 1 81 1054
451 423 125 1 352 168
452 280 826 1 216 852
453 543 745 1 463 779
454 76 289 1 13 322
455 281 926 1 217 946
456 460 848 1 388 871
457 81 189 1 18 224
458 86 729 1 24 753
459 394 419 1 324 461
460 66 359 1 3 389
461 603 211 1 512 299
462 294 1228 1 230 1240
463 108 1119 1 47 1137
464 150 907 1 88 928
465 269 516 1 204 544
466 64 254 1 1 286
467 355 1052 1 289 1068
468 542 941 1 463 963
469 432 396 1 360 444
470 531 576 1 452 619
471 216 1229 1 154 1242
472 687 156 1 583 265
473 125 815 1 62 837
474 357 1097 1 291 1112
475 324 1094 1 259 1110
476 321 1077 1 256 1093
477 561 771 1 479 806
478 265 63 1 199 118
479 64 297 1 1 328
480 94 831 1 32 853
481 352 965 1 286 984
482 64 241 1 1 273
483 684 1023 1 570 1043
484 70 566 1 7 592
485 434 256 1 362 307
486 428 90 1 357 144
487 63 94 1 0 129
488 65 302 1 2 335
489 590 236 1 501 319
490 71 604 1 8 630
491 584 930 1 499 955
492 397 967 1 329 986
493 69 486 1 6 514
494 445 795 1 374 822
495 279 970 1 215 991
496 297 600 1 232 624
497 369 1025 1 302 1042
498 289 523 1 223 555
499 355 792 1 288 814
500 483 377 1 408 426
501 267 499 1 202 530
502 571 481 1 487 538
503 438 157 1 362 240
504 319 889 1 253 909
505 297 289 1 232 324
506 563 752 1 482 787
507 452 492 1 381 526
508 125 990 1 64 1009
509 231 384 1 165 419
510 264 526 1 198 557
511 76 769 1 14 793
512 527 517 1 448 564
513 509 771 1 434 800
514 222 1195 1 160 1209
515 549 808 1 469 839
516 361 1041 1 294 1058
517 77 338 1 14 370
518 65 229 1 1 261
519 450 1039 1 378 1054
520 561 1240 1 480 1242
521 66 417 1 3 446
522 628 808 1 533 846
523 360 708 1 292 735
524 71 571 1 8 598
525 368 798 1 301 821
526 348 1195 1 283 1207
527 71 614 1 9 641
528 512 1254 1 433 1255
529 363 1218 1 298 1229
530 64 276 1 1 307
531 636 705 1 539 754
532 450 1142 1 382 1155
533 605 1082 1 516 1095
534 527 548 1 449 593
535 618 760 1 526 801
536 374 1035 1 307 1052
537 433 780 1 363 806
538 72 677 1 11 702
539 532 802 1 454 832
540 260 1091 1 198 1106
541 63 79 1 0 116
542 300 530 1 233 562
543 396 1074 1 330 1090
544 528 305 1 443 385
545 90 675 1 28 700
546 400 193 1 329 252
547 403 993 1 335 1011
548 72 664 1 9 689
549 345 988 1 279 1007
550 180 430 1 115 460
551 590 265 1 501 346
552 109 89 1 45 126
553 88 768 1 26 791
554 340 978 1 274 997
555 217 1214 1 156 1227
556 384 1110 1 317 1125
557 589 309 1 501 387
558 444 277 1 372 329
559 372 1161 1 306 1174
560 555 146 1 462 264
561 67 436 1 4 464
562 217 652 1 153 679
563 113 977 1 50 996
564 432 827 1 362 850
565 349 781 1 282 804
566 257 556 1 191 583
567 91 983 1 30 1003
568 74 718 1 11 741
569 581 380 1 495 447
570 457 1028 1 385 1045
571 177 89 1 113 129
572 651 153 1 551 261
573 364 762 1 296 785
574 70 582 1 8 608
575 321 699 1 255 727
576 105 1167 1 44 1184
577 606 760 1 517 800
578 65 265 1 1 296
579 391 1085 1 324 1101
580 245 457 1 180 490
581 382 958 1 315 977
582 331 563 1 264 595
583 342 931 1 276 951
584 572 724 1 488 763
585 414 398 1 343 445
586 301 1202 1 237 1215
587 232 1198 1 170 1213
588 318 905 1 252 925
589 159 1074 1 96 1092
590 654 117 1 546 250
591 580 801 1 495 836
592 74 723 1 12 747
593 74 115 1 12 151
594 64 324 1 2 355
595 93 886 1 31 908
596 204 1216 1 143 1229
597 307 872 1 241 896
598 306 1230 1 242 1242
599 540 463 1 459 515
600 362 1187 1 296 1200
601 401 1213 1 334 1223
