0 432 740 1 336 794
1 501 830 1 403 884
2 508 335 1 405 413
3 442 1231 1 349 1271
4 394 839 1 300 892
5 516 982 1 418 1029
6 502 1046 1 404 1091
7 467 507 1 369 570
8 507 997 1 408 1044
9 501 767 1 401 824
10 407 285 1 309 363
11 589 277 1 475 377
12 200 432 1 109 493
13 456 535 1 358 594
14 495 245 1 392 329
15 481 844 1 383 896
16 140 593 1 50 650
17 139 528 1 48 586
18 464 279 1 363 359
19 217 1114 1 128 1165
20 505 878 1 405 931
21 467 496 1 369 558
22 137 433 1 46 494
23 475 71 1 374 155
24 482 260 1 380 341
25 135 630 1 45 687
26 518 1006 1 419 1053
27 575 241 1 463 343
28 663 168 1 536 298
29 422 741 1 327 795
30 203 295 1 111 360
31 131 471 1 40 531
32 409 232 1 312 299
33 208 661 1 117 717
34 464 306 1 363 387
35 515 971 1 416 1019
36 152 1073 1 63 1125
37 142 574 1 52 632
38 217 1087 1 127 1139
39 465 292 1 364 374
40 469 744 1 371 800
41 502 1036 1 405 1080
42 202 593 1 111 649
43 502 782 1 402 839
44 520 1050 1 421 1094
45 143 677 1 53 734
46 586 238 1 473 342
47 145 758 1 55 812
48 586 225 1 473 329
49 423 1054 1 328 1100
50 136 366 1 45 428
51 178 309 1 87 372
52 222 1035 1 132 1086
53 463 268 1 363 349
54 496 273 1 394 353
55 509 379 1 407 452
56 141 784 1 51 839
57 481 245 1 379 330
58 149 839 1 58 892
59 566 1182 1 461 1217
60 456 510 1 359 571
61 563 303 1 452 400
62 599 248 1 484 356
63 144 648 1 54 704
64 147 740 1 57 794
65 498 338 1 396 416
66 526 1027 1 426 1073
67 506 985 1 406 1033
68 578 1183 1 473 1217
69 493 174 1 383 305
70 202 528 1 110 586
71 501 391 1 399 465
72 433 718 1 337 772
73 166 1205 1 77 1256
74 408 732 1 313 786
75 216 1075 1 126 1125
76 207 787 1 115 840
77 130 414 1 39 475
78 204 314 1 113 378
79 487 867 1 389 918
80 132 490 1 42 549
81 518 286 1 414 369
82 203 571 1 111 628
83 403 431 1 307 491
84 134 279 1 44 343
85 455 496 1 359 556
86 401 991 1 309 1039
87 406 190 1 310 256
88 553 225 1 441 340
89 149 802 1 59 856
90 199 470 1 108 530
91 625 255 1 506 366
92 394 915 1 300 967
93 525 1170 1 424 1207
94 500 321 1 397 401
95 137 328 1 47 391
96 280 43 1 188 130
97 664 145 1 536 277
98 424 1112 1 331 1157
99 198 279 1 106 342
100 468 458 1 369 523
101 203 631 1 111 687
102 493 924 1 395 974
103 141 491 1 51 550
104 577 1242 1 472 1273
105 456 464 1 358 526
106 402 364 1 306 425
107 443 516 1 346 576
108 489 877 1 392 929
109 227 1205 1 139 1253
110 498 352 1 396 428
111 506 906 1 407 957
112 421 705 1 326 759
113 434 908 1 338 960
114 422 1157 1 330 1201
115 483 272 1 381 350
116 484 797 1 385 852
117 463 388 1 362 463
118 417 884 1 322 935
119 383 945 1 291 994
120 493 914 1 396 964
121 339 430 1 244 491
122 200 489 1 108 547
123 198 327 1 106 389
124 184 323 1 92 385
125 479 761 1 381 818
126 512 312 1 408 393
127 334 571 1 241 633
128 393 876 1 299 928
129 477 352 1 376 427
130 508 1007 1 409 1054
131 198 413 1 107 473
132 128 309 1 38 373
133 666 178 1 538 308
134 476 306 1 374 385
135 450 484 1 351 547
136 203 648 1 111 703
137 160 1114 1 71 1165
138 204 679 1 112 733
139 521 239 1 414 342
140 472 983 1 375 1031
141 456 327 1 357 404
142 401 1242 1 309 1284
143 127 261 1 37 325
144 559 251 1 446 363
145 156 1166 1 67 1218
146 165 1167 1 77 1219
147 513 406 1 410 481
148 461 784 1 364 838
149 431 1024 1 337 1071
150 468 816 1 369 873
151 145 630 1 54 687
152 589 251 1 475 352
153 460 198 1 359 278
154 199 366 1 107 427
155 421 1008 1 328 1056
156 341 412 1 247 472
157 229 1246 1 141 1295
158 402 411 1 306 471
159 622 274 1 503 382
160 353 820 1 260 875
161 195 313 1 103 377
162 402 308 1 306 373
163 141 470 1 50 530
164 522 1254 1 421 1285
165 494 904 1 396 956
166 462 186 1 361 272
167 506 916 1 408 966
168 481 1007 1 384 1054
169 445 698 1 348 752
170 435 941 1 339 990
171 434 1203 1 341 1245
172 623 285 1 504 393
173 115 636 1 25 693
174 685 830 1 559 893
175 121 791 1 31 845
176 422 716 1 326 771
177 680 841 1 558 901
178 408 298 1 311 364
179 599 261 1 483 369
180 197 255 1 106 319
181 161 1089 1 72 1141
182 339 1075 1 248 1124
183 399 1168 1 307 1213
184 196 147 1 104 213
185 132 195 1 42 261
186 603 816 1 491 875
187 689 987 1 555 1035
188 135 165 1 44 231
189 610 820 1 498 880
190 509 293 1 406 376
191 606 167 1 485 299
192 400 939 1 307 988
193 331 412 1 237 473
194 343 750 1 250 803
195 140 414 1 49 475
196 456 807 1 359 861
197 128 938 1 38 991
198 372 1136 1 282 1183
199 554 167 1 438 299
200 159 1133 1 70 1184
201 467 856 1 369 909
202 625 241 1 506 353
203 524 314 1 416 408
204 523 1242 1 421 1274
205 556 745 1 450 806
206 589 263 1 476 364
207 268 779 1 179 837
208 173 938 1 83 990
209 201 92 1 110 163
210 419 1131 1 326 1176
211 425 730 1 329 784
212 373 732 1 279 786
213 411 1239 1 319 1281
214 112 484 1 21 543
215 400 967 1 307 1016
216 354 790 1 260 843
217 338 1090 1 248 1139
218 130 148 1 40 215
219 200 938 1 110 990
220 459 218 1 358 304
221 610 734 1 497 801
222 401 1146 1 309 1190
223 134 1077 1 45 1129
224 496 290 1 393 373
225 167 1219 1 78 1270
226 490 734 1 391 791
227 543 1185 1 441 1219
228 695 824 1 565 887
229 369 994 1 277 1043
230 323 882 1 231 935
231 410 1119 1 319 1164
232 402 322 1 305 385
233 373 807 1 280 860
234 642 878 1 523 935
235 404 263 1 308 327
236 598 208 1 481 323
237 686 939 1 559 992
238 137 261 1 47 325
239 401 384 1 305 444
240 553 208 1 440 324
241 150 891 1 60 944
242 428 816 1 333 870
243 294 829 1 203 885
244 129 88 1 39 156
245 142 1210 1 53 1262
246 554 712 1 448 775
247 380 722 1 286 776
248 281 107 1 188 188
249 482 31 1 379 130
250 429 183 1 329 285
251 135 649 1 44 705
252 515 76 1 404 209
253 411 696 1 315 750
254 434 362 1 336 437
255 412 742 1 317 796
256 445 974 1 349 1023
257 137 740 1 47 795
258 492 147 1 381 287
259 302 700 1 209 754
260 144 859 1 54 912
261 162 1072 1 72 1124
262 486 1044 1 388 1089
263 360 1116 1 270 1163
264 558 137 1 442 275
265 355 800 1 261 853
266 393 759 1 299 813
267 574 304 1 462 404
268 384 901 1 291 952
269 249 258 1 160 342
270 405 471 1 309 530
271 134 112 1 44 180
272 303 736 1 210 789
273 127 329 1 37 392
274 466 838 1 370 893
275 292 1025 1 202 1074
276 109 322 1 19 385
277 412 717 1 317 772
278 133 45 1 42 114
279 322 1086 1 231 1134
280 416 282 1 318 363
281 554 239 1 442 353
282 250 271 1 161 354
283 539 168 1 424 300
284 299 663 1 206 721
285 428 827 1 332 881
286 385 933 1 292 984
287 527 249 1 419 350
288 196 192 1 104 258
289 296 1197 1 208 1244
290 391 1081 1 298 1128
291 495 44 1 391 138
292 587 312 1 474 409
293 455 293 1 354 378
294 395 696 1 300 751
295 385 492 1 289 552
296 677 832 1 552 894
297 483 829 1 384 885
298 594 773 1 483 835
299 338 526 1 244 588
300 382 998 1 290 1046
301 470 412 1 370 490
302 357 750 1 264 803
303 406 914 1 312 965
304 348 1092 1 257 1140
305 402 248 1 306 313
306 626 824 1 511 884
307 412 997 1 319 1044
308 446 328 1 348 405
309 443 402 1 343 477
310 359 1075 1 267 1123
311 135 551 1 45 609
312 327 897 1 237 949
313 145 699 1 53 754
314 612 278 1 494 388
315 391 866 1 297 918
316 574 296 1 459 401
317 186 278 1 94 343
318 344 786 1 251 838
319 305 1178 1 216 1225
320 38 1050 1 -50 1103
321 577 732 1 468 796
322 216 872 1 126 925
323 381 891 1 288 942
324 373 1099 1 282 1146
325 289 287 1 197 367
326 416 973 1 322 1021
327 404 1093 1 312 1139
328 163 939 1 73 991
329 459 828 1 361 882
330 478 402 1 378 477
331 320 914 1 230 968
332 138 308 1 47 372
333 656 886 1 535 942
334 479 387 1 378 462
335 422 370 1 324 447
336 587 734 1 478 798
337 334 795 1 241 849
338 587 1242 1 481 1272
339 205 549 1 113 607
340 382 862 1 288 914
341 396 1224 1 305 1268
342 410 1204 1 318 1247
343 387 506 1 292 564
344 346 886 1 254 938
345 356 1194 1 265 1239
346 388 1167 1 296 1212
347 457 162 1 353 285
348 477 1026 1 379 1072
349 677 821 1 552 885
350 411 953 1 317 1002
351 106 152 1 16 219
352 527 1231 1 425 1263
353 427 406 1 328 481
354 284 26 1 191 115
355 347 504 1 252 564
356 627 294 1 508 402
357 494 806 1 396 860
358 152 912 1 62 965
359 545 292 1 433 399
360 640 683 1 520 756
361 356 880 1 264 931
362 381 773 1 287 826
363 623 687 1 507 759
364 338 540 1 245 602
365 370 720 1 276 773
366 319 848 1 228 902
367 407 1136 1 315 1180
368 214 675 1 123 732
369 306 412 1 212 473
370 306 383 1 212 445
371 503 184 1 392 314
372 90 264 1 0 326
373 448 989 1 352 1037
374 586 286 1 472 391
375 138 389 1 47 451
376 407 1255 1 316 1299
377 349 1074 1 257 1122
378 456 764 1 359 819
379 208 698 1 117 753
380 430 1014 1 336 1061
381 349 681 1 255 737
382 450 474 1 352 537
383 393 151 1 296 222
384 482 281 1 380 360
385 92 379 1 1 438
386 507 355 1 404 431
387 391 983 1 298 1031
388 613 777 1 499 840
389 299 885 1 208 937
390 296 808 1 204 863
391 577 114 1 454 269
392 91 322 1 0 383
393 280 1189 1 192 1236
394 363 1126 1 272 1174
395 460 47 1 358 141
396 357 766 1 263 819
397 300 222 1 207 290
398 383 1210 1 292 1256
399 525 304 1 416 399
400 157 1042 1 68 1094
401 388 742 1 294 796
402 225 661 1 134 719
403 515 367 1 412 444
404 376 1054 1 284 1102
405 359 970 1 267 1019
406 154 1021 1 64 1073
407 424 1203 1 331 1246
408 364 787 1 270 840
409 399 955 1 306 1005
410 417 1194 1 324 1235
411 90 259 1 0 321
412 93 427 1 3 486
413 313 513 1 220 575
414 417 923 1 323 973
415 111 474 1 20 534
416 301 779 1 211 836
417 445 710 1 349 765
418 623 869 1 509 926
419 396 80 1 299 150
420 299 504 1 206 565
421 378 794 1 284 848
422 436 328 1 338 412
423 249 298 1 158 380
424 152 933 1 63 986
425 508 1023 1 409 1069
426 96 564 1 6 621
427 304 689 1 212 745
428 365 985 1 273 1034
429 91 307 1 0 368
430 266 737 1 177 796
431 616 864 1 503 920
432 300 928 1 208 978
433 334 459 1 240 519
434 104 413 1 14 474
435 379 961 1 286 1011
436 380 972 1 288 1021
437 93 421 1 2 480
438 389 1142 1 297 1188
439 366 773 1 273 826
440 517 148 1 403 283
441 637 82 1 504 248
442 249 281 1 159 364
443 99 611 1 7 666
444 588 1183 1 482 1216
445 572 167 1 455 298
446 283 1181 1 194 1228
447 406 1068 1 313 1114
448 356 774 1 262 828
449 625 231 1 505 345
450 95 471 1 4 530
451 271 1206 1 183 1253
452 536 713 1 432 775
453 218 991 1 129 1041
454 193 1022 1 104 1072
455 92 376 1 1 437
456 420 1085 1 327 1131
457 369 971 1 277 1021
458 168 1003 1 79 1055
459 448 97 1 349 173
460 656 106 1 523 266
461 98 611 1 6 666
462 565 718 1 458 781
463 101 261 1 11 325
464 305 895 1 214 947
465 483 819 1 384 872
466 106 161 1 16 228
467 112 700 1 22 755
468 418 393 1 321 465
469 91 331 1 1 392
470 625 191 1 506 308
471 317 1194 1 227 1240
472 134 1086 1 45 1138
473 175 876 1 86 929
474 294 487 1 201 547
475 90 227 1 -1 289
476 378 1021 1 286 1069
477 564 911 1 459 963
478 466 112 1 362 208
479 457 370 1 357 448
480 554 550 1 448 622
481 240 1193 1 152 1242
482 150 785 1 60 838
483 380 1065 1 288 1112
484 348 1062 1 256 1110
485 345 1045 1 253 1093
486 583 743 1 474 807
487 290 36 1 197 124
488 90 269 1 0 332
489 120 800 1 30 854
490 375 935 1 283 985
491 90 213 1 0 276
492 96 537 1 5 594
493 459 230 1 358 312
494 453 63 1 353 150
495 88 66 1 -2 133
496 91 275 1 0 338
497 612 214 1 494 327
498 97 575 1 6 632
499 604 901 1 493 954
500 357 98 1 260 192
501 420 937 1 325 987
502 95 458 1 4 517
503 467 767 1 370 823
504 302 939 1 213 991
505 567 225 1 456 334
506 392 994 1 299 1042
507 314 495 1 220 558
508 379 763 1 285 816
509 458 521 1 362 587
510 293 471 1 199 533
511 594 457 1 481 543
512 407 1227 1 315 1269
513 343 858 1 250 910
514 322 262 1 229 328
515 476 464 1 377 530
516 150 958 1 62 1010
517 491 133 1 384 250
518 215 1181 1 127 1229
519 102 739 1 12 794
520 550 491 1 443 568
521 532 743 1 430 802
522 247 1160 1 158 1208
523 571 780 1 464 840
524 446 463 1 349 525
525 521 229 1 413 332
526 384 1010 1 292 1058
527 103 311 1 12 374
528 90 202 1 0 265
529 472 1007 1 375 1054
530 580 1204 1 475 1238
531 92 389 1 1 449
532 647 781 1 527 846
533 384 680 1 289 737
534 97 543 1 6 600
535 392 769 1 298 822
536 371 1161 1 280 1207
537 531 1218 1 429 1251
538 386 1184 1 295 1229
539 90 248 1 0 310
540 655 680 1 532 756
541 472 1110 1 378 1154
542 623 1050 1 510 1092
543 550 523 1 444 596
544 638 733 1 520 802
545 397 1004 1 304 1052
546 457 752 1 360 808
547 98 648 1 9 704
548 554 773 1 449 833
549 88 51 1 -1 120
550 325 502 1 231 565
551 419 1043 1 327 1091
552 551 284 1 438 393
553 116 646 1 26 702
554 426 168 1 325 259
555 426 962 1 332 1011
556 98 635 1 7 691
557 369 958 1 276 1007
558 205 402 1 113 463
559 612 244 1 495 354
560 134 61 1 43 130
561 114 738 1 24 793
562 364 948 1 272 997
563 242 1179 1 154 1226
564 406 1078 1 314 1125
565 612 287 1 494 394
566 469 252 1 368 335
567 395 1128 1 303 1174
568 93 408 1 2 467
569 243 624 1 151 681
570 138 945 1 48 997
571 455 797 1 359 852
572 373 752 1 279 805
573 282 527 1 188 585
574 116 951 1 29 1004
575 100 688 1 9 743
576 604 357 1 489 453
577 479 997 1 382 1044
578 202 61 1 110 134
579 673 135 1 543 272
580 388 733 1 293 787
581 387 1157 1 296 1202
582 96 553 1 6 610
583 345 670 1 252 729
584 131 1132 1 42 1184
585 626 734 1 510 801
586 91 237 1 0 300
587 414 1054 1 321 1101
588 271 429 1 178 493
589 405 928 1 312 977
590 356 535 1 261 598
591 366 901 1 273 952
592 594 697 1 482 764
593 439 372 1 339 450
594 324 1168 1 234 1214
595 257 1164 1 168 1212
596 342 874 1 250 926
597 185 1042 1 94 1093
598 674 103 1 537 264
599 601 774 1 490 836
600 100 694 1 10 749
601 100 87 1 10 156
602 91 296 1 0 358
603 119 856 1 29 909
604 363 814 1 270 868
605 303 844 1 212 898
606 228 1181 1 141 1229
607 331 842 1 239 897
608 329 1195 1 240 1241
609 563 438 1 454 520
610 95 491 1 5 549
611 424 1178 1 331 1222
