0 425 738 1 335 794
1 495 828 1 402 884
2 502 333 1 404 413
3 435 1228 1 349 1271
4 387 837 1 299 892
5 509 980 1 417 1029
6 495 1043 1 403 1090
7 461 505 1 368 571
8 500 994 1 407 1044
9 494 765 1 400 825
10 401 284 1 308 364
11 583 276 1 474 378
12 559 1180 1 461 1217
13 195 430 1 108 493
14 490 244 1 392 329
15 475 841 1 382 896
16 134 590 1 49 651
17 133 525 1 48 587
18 458 277 1 363 360
19 211 1111 1 128 1165
20 498 876 1 404 931
21 462 494 1 369 559
22 131 430 1 46 494
23 471 69 1 373 156
24 477 258 1 380 342
25 129 627 1 44 687
26 511 1004 1 418 1053
27 570 240 1 462 344
28 657 168 1 535 300
29 415 739 1 326 795
30 197 292 1 111 361
31 125 469 1 40 531
32 404 230 1 312 299
33 202 658 1 116 718
34 458 304 1 363 387
35 509 969 1 416 1019
36 146 1070 1 63 1125
37 136 571 1 52 632
38 210 1084 1 126 1139
39 459 291 1 363 375
40 463 742 1 370 800
41 495 1033 1 404 1080
42 196 590 1 110 650
43 495 780 1 401 839
44 512 1047 1 420 1094
45 136 674 1 52 734
46 581 238 1 472 343
47 139 755 1 55 812
48 581 224 1 472 330
49 416 1052 1 328 1100
50 131 363 1 45 429
51 451 532 1 357 595
52 173 306 1 86 373
53 215 1032 1 131 1086
54 458 266 1 362 350
55 491 272 1 393 354
56 503 377 1 406 453
57 135 782 1 50 839
58 476 243 1 378 331
59 142 836 1 58 892
60 450 508 1 359 572
61 557 302 1 451 401
62 593 248 1 483 357
63 138 645 1 54 705
64 141 737 1 57 795
65 492 336 1 395 417
66 519 1024 1 425 1072
67 499 982 1 406 1033
68 571 1179 1 472 1216
69 487 173 1 383 306
70 196 525 1 110 587
71 495 390 1 399 465
72 427 715 1 337 773
73 160 1202 1 77 1256
74 401 730 1 312 786
75 209 1072 1 125 1125
76 200 784 1 115 840
77 124 411 1 39 475
78 198 312 1 113 379
79 481 865 1 389 918
80 126 487 1 41 550
81 513 285 1 414 370
82 197 568 1 111 629
83 397 429 1 306 491
84 129 276 1 43 343
85 450 495 1 358 556
86 395 988 1 309 1039
87 401 188 1 309 257
88 547 225 1 440 342
89 143 799 1 59 856
90 194 468 1 108 531
91 619 255 1 505 367
92 387 912 1 300 967
93 518 1167 1 423 1206
94 494 320 1 396 402
95 132 325 1 46 391
96 275 41 1 187 131
97 658 145 1 534 279
98 417 1110 1 330 1157
99 193 276 1 106 343
100 462 456 1 368 523
101 197 629 1 110 687
102 486 921 1 394 974
103 136 488 1 50 550
104 569 1238 1 471 1272
105 450 462 1 357 526
106 397 362 1 305 426
107 437 514 1 345 577
108 483 875 1 391 929
109 220 1202 1 138 1253
110 492 351 1 395 429
111 499 904 1 406 957
112 415 702 1 325 760
113 427 906 1 337 960
114 415 1154 1 330 1201
115 477 271 1 380 351
116 477 795 1 384 852
117 458 387 1 362 464
118 410 881 1 322 935
119 376 942 1 290 994
120 486 911 1 395 964
121 333 428 1 244 491
122 194 486 1 108 548
123 192 324 1 105 390
124 178 320 1 91 386
125 472 759 1 380 818
126 507 310 1 408 394
127 328 569 1 241 633
128 386 873 1 299 928
129 472 350 1 375 428
130 501 1005 1 408 1054
131 193 410 1 106 474
132 123 307 1 37 373
133 218 1253 1 135 1306
134 660 179 1 536 310
135 471 304 1 374 385
136 444 482 1 351 548
137 197 645 1 111 704
138 154 1111 1 71 1165
139 197 676 1 112 734
140 465 981 1 374 1031
141 451 325 1 356 405
142 394 1239 1 309 1283
143 122 258 1 36 325
144 554 251 1 445 364
145 149 1163 1 67 1218
146 158 1164 1 76 1219
147 507 405 1 410 482
148 455 782 1 363 838
149 424 1021 1 337 1071
150 462 814 1 369 873
151 139 628 1 54 687
152 583 250 1 474 354
153 455 196 1 359 279
154 193 363 1 106 428
155 414 1005 1 328 1056
156 336 410 1 246 473
157 222 1243 1 140 1295
158 396 409 1 305 472
159 616 273 1 502 383
160 347 817 1 260 875
161 190 310 1 102 378
162 396 306 1 306 374
163 135 468 1 50 531
164 514 1250 1 421 1285
165 487 902 1 395 956
166 500 913 1 407 966
167 474 1004 1 383 1054
168 438 696 1 348 753
169 428 938 1 338 990
170 427 1200 1 341 1245
171 617 285 1 503 394
172 109 634 1 25 693
173 678 829 1 557 893
174 114 788 1 31 845
175 416 714 1 326 771
176 672 839 1 557 901
177 403 296 1 311 364
178 593 260 1 482 370
179 192 252 1 105 320
180 155 1086 1 71 1141
181 332 1072 1 248 1124
182 392 1165 1 306 1213
183 191 144 1 104 214
184 127 192 1 41 262
185 596 814 1 490 875
186 681 985 1 554 1034
187 129 162 1 44 232
188 603 818 1 497 880
189 504 292 1 405 377
190 600 168 1 484 301
191 326 410 1 236 473
192 337 748 1 250 804
193 134 411 1 49 475
194 450 805 1 359 862
195 122 935 1 38 991
196 365 1133 1 281 1183
197 548 167 1 437 301
198 153 1130 1 70 1185
199 460 853 1 368 909
200 619 241 1 505 354
201 518 313 1 415 410
202 515 1239 1 421 1273
203 549 743 1 450 806
204 583 262 1 475 366
205 262 777 1 178 837
206 166 935 1 82 991
207 197 89 1 109 164
208 412 1128 1 326 1175
209 419 728 1 329 784
210 367 729 1 278 786
211 403 1236 1 318 1281
212 106 481 1 21 544
213 393 964 1 306 1016
214 347 787 1 260 843
215 332 1087 1 247 1139
216 125 145 1 39 216
217 193 935 1 110 990
218 454 217 1 358 305
219 603 733 1 496 801
220 394 1143 1 308 1189
221 128 1074 1 45 1129
222 491 289 1 393 374
223 160 1215 1 77 1270
224 483 732 1 390 791
225 535 1182 1 440 1219
226 687 822 1 564 887
227 362 991 1 276 1043
228 425 181 1 328 286
229 404 1116 1 318 1164
230 396 320 1 305 386
231 367 804 1 279 860
232 634 877 1 522 934
233 399 260 1 308 327
234 592 208 1 480 324
235 678 937 1 557 991
236 132 258 1 46 326
237 395 381 1 304 445
238 548 208 1 439 326
239 143 888 1 59 944
240 422 814 1 332 870
241 287 827 1 202 885
242 124 85 1 38 157
243 135 1207 1 52 1262
244 548 710 1 448 775
245 374 720 1 286 776
246 516 238 1 413 343
247 276 105 1 187 189
248 477 30 1 378 132
249 128 646 1 43 705
250 510 76 1 403 211
251 405 694 1 315 751
252 428 360 1 335 438
253 406 740 1 317 796
254 438 971 1 349 1023
255 131 737 1 47 795
256 487 147 1 380 289
257 296 698 1 209 754
258 138 856 1 54 912
259 155 1069 1 72 1124
260 479 1041 1 388 1089
261 353 1113 1 269 1163
262 348 797 1 261 853
263 387 757 1 298 813
264 568 304 1 461 405
265 377 899 1 290 952
266 244 256 1 160 343
267 400 468 1 309 530
268 129 109 1 43 180
269 297 733 1 210 789
270 122 326 1 36 392
271 460 836 1 369 893
272 285 1022 1 201 1074
273 104 319 1 18 385
274 406 715 1 316 772
275 128 41 1 42 115
276 315 1083 1 231 1134
277 411 280 1 318 364
278 548 239 1 442 355
279 245 269 1 160 355
280 533 168 1 423 301
281 293 661 1 206 721
282 422 825 1 332 881
283 379 931 1 292 984
284 389 942 1 301 994
285 522 248 1 418 352
286 190 189 1 104 259
287 290 1194 1 207 1244
288 383 1078 1 298 1128
289 490 43 1 390 139
290 581 311 1 473 410
291 449 292 1 353 379
292 389 694 1 300 752
293 379 490 1 289 553
294 669 831 1 550 894
295 476 827 1 383 885
296 587 771 1 482 835
297 333 523 1 244 589
298 376 995 1 289 1046
299 464 411 1 369 491
300 351 748 1 263 803
301 399 912 1 311 965
302 341 1089 1 257 1140
303 397 246 1 305 314
304 619 822 1 510 884
305 406 995 1 319 1044
306 440 326 1 347 406
307 437 400 1 343 477
308 352 1072 1 267 1123
309 129 548 1 44 609
310 321 895 1 236 949
311 138 696 1 53 755
312 606 278 1 493 389
313 385 864 1 297 918
314 568 296 1 458 403
315 181 275 1 94 343
316 338 783 1 250 838
317 298 1175 1 215 1225
318 31 1047 1 -51 1103
319 570 730 1 468 796
320 257 154 1 169 236
321 210 869 1 126 925
322 306 531 1 218 595
323 374 888 1 287 942
324 366 1096 1 281 1146
325 284 285 1 196 368
326 409 970 1 321 1021
327 397 1090 1 312 1139
328 156 936 1 72 991
329 452 826 1 361 882
330 473 400 1 378 477
331 314 912 1 230 968
332 133 305 1 47 372
333 649 884 1 534 942
334 473 385 1 377 463
335 416 368 1 323 448
336 581 732 1 478 798
337 328 793 1 241 849
338 579 1238 1 480 1272
339 199 546 1 113 607
340 375 859 1 288 914
341 389 1221 1 304 1268
342 403 1201 1 317 1247
343 381 504 1 291 565
344 340 884 1 253 938
345 349 1190 1 264 1239
346 380 1163 1 296 1212
347 452 162 1 352 287
348 469 1024 1 378 1072
349 669 820 1 550 885
350 404 950 1 317 1002
351 101 149 1 16 220
352 519 1227 1 425 1262
353 421 404 1 328 482
354 280 24 1 190 116
355 341 502 1 252 565
356 621 294 1 507 404
357 487 804 1 395 860
358 146 909 1 62 966
359 538 292 1 432 400
360 633 681 1 519 757
361 350 877 1 263 932
362 375 770 1 287 826
363 616 686 1 506 759
364 333 537 1 244 602
365 364 717 1 276 773
366 313 845 1 228 902
367 400 1133 1 314 1180
368 208 672 1 123 732
369 300 410 1 212 473
370 301 381 1 211 445
371 497 184 1 392 316
372 85 261 1 0 327
373 441 986 1 351 1037
374 580 286 1 471 393
375 132 386 1 47 451
376 400 1252 1 315 1299
377 342 1071 1 257 1122
378 450 761 1 359 819
379 202 696 1 117 754
380 423 1011 1 335 1061
381 343 678 1 255 738
382 594 286 1 482 392
383 444 471 1 351 537
384 388 149 1 295 222
385 476 280 1 379 361
386 87 376 1 1 439
387 501 353 1 403 432
388 384 980 1 298 1031
389 606 775 1 499 840
390 293 883 1 208 938
391 289 806 1 204 863
392 572 115 1 453 271
393 85 319 1 0 384
394 274 1186 1 191 1236
395 356 1123 1 271 1174
396 455 46 1 358 142
397 350 763 1 263 819
398 295 219 1 207 291
399 376 1207 1 292 1256
400 519 303 1 415 400
401 150 1039 1 67 1094
402 382 740 1 294 796
403 219 658 1 134 719
404 509 365 1 411 445
405 369 1051 1 284 1102
406 352 967 1 267 1019
407 147 1018 1 64 1073
408 417 1200 1 331 1246
409 357 784 1 269 840
410 392 952 1 305 1005
411 409 1191 1 324 1235
412 85 256 1 0 322
413 88 423 1 2 486
414 284 558 1 197 619
415 307 510 1 219 576
416 411 921 1 323 973
417 105 472 1 20 534
418 295 776 1 210 836
419 439 708 1 348 765
420 616 867 1 508 926
421 391 78 1 299 150
422 293 502 1 205 565
423 372 792 1 284 848
424 431 326 1 337 412
425 243 297 1 158 381
426 145 930 1 63 986
427 501 1021 1 408 1069
428 91 561 1 6 622
429 298 686 1 211 745
430 358 982 1 272 1034
431 86 304 1 0 369
432 260 734 1 176 796
433 609 862 1 502 920
434 293 925 1 208 979
435 329 457 1 240 519
436 99 410 1 14 475
437 372 959 1 286 1011
438 374 969 1 287 1021
439 87 418 1 2 481
440 382 1140 1 297 1188
441 360 771 1 272 827
442 631 83 1 503 251
443 243 279 1 159 365
444 93 608 1 7 666
445 580 1179 1 481 1216
446 566 167 1 454 300
447 276 1178 1 194 1228
448 399 1065 1 313 1114
449 349 772 1 262 828
450 619 231 1 504 347
451 89 469 1 4 530
452 264 1203 1 182 1253
453 530 711 1 432 775
454 211 988 1 128 1042
455 187 1018 1 104 1073
456 86 373 1 1 437
457 413 1082 1 327 1131
458 363 968 1 276 1021
459 161 1000 1 79 1055
460 443 95 1 348 174
461 650 107 1 521 268
462 92 608 1 6 666
463 558 716 1 457 781
464 96 258 1 11 326
465 299 892 1 214 947
466 476 816 1 384 872
467 101 158 1 15 229
468 106 697 1 22 756
469 413 391 1 320 466
470 86 328 1 0 393
471 620 190 1 505 309
472 310 1191 1 227 1239
473 127 1083 1 44 1138
474 169 873 1 85 929
475 288 485 1 200 547
476 84 223 1 -1 290
477 371 1018 1 285 1069
478 557 909 1 458 963
479 460 110 1 362 209
480 451 368 1 356 449
481 234 1190 1 152 1241
482 144 782 1 60 839
483 373 1062 1 287 1113
484 341 1059 1 256 1110
485 338 1042 1 253 1093
486 576 741 1 473 807
487 286 34 1 196 125
488 84 266 1 -1 332
489 114 797 1 30 854
490 369 932 1 282 985
491 85 210 1 -1 277
492 90 534 1 5 594
493 454 229 1 358 313
494 449 61 1 352 151
495 83 63 1 -3 134
496 85 272 1 0 339
497 606 214 1 493 329
498 91 572 1 6 632
499 597 899 1 493 954
500 352 96 1 260 193
501 414 934 1 325 987
502 89 455 1 4 518
503 461 765 1 369 823
504 296 936 1 212 991
505 561 224 1 455 335
506 385 991 1 298 1042
507 308 493 1 220 558
508 373 760 1 285 816
509 453 519 1 361 587
510 287 469 1 199 534
511 588 456 1 480 544
512 400 1224 1 315 1269
513 336 856 1 250 911
514 317 259 1 228 329
515 470 462 1 377 530
516 144 955 1 62 1010
517 485 133 1 383 251
518 208 1178 1 127 1229
519 96 736 1 12 795
520 544 490 1 443 569
521 525 740 1 429 802
522 240 1157 1 158 1208
523 564 778 1 463 841
524 440 461 1 348 525
525 515 228 1 413 333
526 377 1007 1 291 1058
527 97 308 1 12 374
528 691 990 1 560 1038
529 85 199 1 0 266
530 465 1005 1 374 1054
531 572 1201 1 474 1237
532 86 386 1 1 450
533 640 779 1 525 846
534 378 677 1 288 737
535 91 540 1 6 601
536 385 766 1 297 822
537 364 1158 1 280 1207
538 523 1214 1 428 1250
539 379 1181 1 294 1228
540 85 245 1 0 311
541 648 678 1 531 756
542 465 1107 1 378 1154
543 615 1047 1 509 1091
544 631 732 1 519 802
545 390 1002 1 304 1052
546 450 750 1 359 808
547 93 644 1 8 704
548 548 771 1 449 833
549 83 47 1 -2 121
550 319 500 1 230 565
551 412 1040 1 327 1091
552 545 283 1 437 394
553 110 643 1 25 703
554 421 166 1 325 260
555 419 959 1 331 1011
556 92 632 1 7 691
557 362 955 1 276 1007
558 199 400 1 112 463
559 607 243 1 494 355
560 441 84 1 346 161
561 129 58 1 43 131
562 107 735 1 23 793
563 357 945 1 271 997
564 235 1176 1 154 1226
565 400 1075 1 314 1125
566 606 287 1 493 395
567 463 250 1 367 335
568 388 1125 1 303 1174
569 88 405 1 2 468
570 236 621 1 151 681
571 132 942 1 48 997
572 449 795 1 358 852
573 367 749 1 279 805
574 276 525 1 188 586
575 110 948 1 28 1004
576 94 686 1 9 744
577 598 357 1 488 454
578 472 994 1 381 1044
579 197 57 1 110 135
580 667 136 1 542 274
581 382 730 1 293 787
582 380 1154 1 295 1202
583 91 550 1 5 611
584 339 668 1 251 729
585 124 1129 1 41 1184
586 619 732 1 509 802
587 85 234 1 0 301
588 407 1051 1 320 1101
589 265 426 1 177 494
590 398 925 1 311 978
591 350 532 1 261 598
592 359 899 1 272 952
593 587 695 1 482 765
594 433 370 1 339 451
595 317 1165 1 234 1214
596 250 1161 1 168 1212
597 336 872 1 249 926
598 178 1039 1 94 1093
599 668 105 1 535 266
600 594 772 1 489 837
601 94 691 1 10 750
602 95 84 1 9 157
603 85 293 1 0 359
604 112 853 1 28 910
605 357 812 1 269 868
606 296 841 1 211 898
607 221 1178 1 140 1229
608 325 840 1 238 897
609 322 1192 1 239 1241
610 557 437 1 454 521
611 479 713 1 386 771
612 90 488 1 5 549
613 416 1176 1 330 1222
