0 416 736 1 334 795
1 485 826 1 401 884
2 495 333 1 403 415
3 423 1224 1 348 1270
4 378 835 1 298 892
5 498 977 1 416 1029
6 484 1041 1 402 1090
7 454 504 1 367 572
8 489 992 1 406 1044
9 484 763 1 399 825
10 395 283 1 307 365
11 576 278 1 472 380
12 546 1176 1 459 1215
13 188 427 1 107 494
14 484 244 1 390 331
15 465 840 1 381 897
16 127 587 1 49 651
17 452 304 1 361 389
18 125 522 1 47 588
19 452 277 1 361 362
20 200 1107 1 127 1165
21 488 875 1 403 931
22 454 493 1 367 560
23 125 427 1 45 495
24 471 258 1 378 344
25 121 624 1 44 688
26 500 1002 1 417 1052
27 563 242 1 460 347
28 194 655 1 115 718
29 649 172 1 532 303
30 407 737 1 325 796
31 191 289 1 110 362
32 118 465 1 39 532
33 398 229 1 310 301
34 498 967 1 414 1019
35 135 1066 1 62 1125
36 129 568 1 51 633
37 199 1080 1 126 1139
38 453 291 1 362 377
39 454 740 1 369 801
40 484 1031 1 403 1080
41 189 587 1 109 650
42 485 778 1 400 839
43 501 1045 1 419 1094
44 128 671 1 52 735
45 574 240 1 471 346
46 130 751 1 54 813
47 574 226 1 470 333
48 405 1049 1 327 1099
49 124 360 1 44 430
50 167 303 1 86 374
51 444 507 1 357 573
52 205 1028 1 130 1087
53 452 266 1 361 351
54 484 272 1 392 356
55 496 377 1 405 454
56 126 778 1 50 839
57 470 243 1 377 333
58 133 832 1 57 893
59 524 1179 1 438 1217
60 550 304 1 450 403
61 585 250 1 481 360
62 130 642 1 53 705
63 133 733 1 56 795
64 485 336 1 393 419
65 508 1022 1 424 1072
66 488 980 1 405 1033
67 558 1177 1 471 1215
68 481 177 1 381 310
69 189 522 1 109 588
70 488 389 1 397 467
71 418 714 1 336 773
72 149 1198 1 76 1256
73 392 728 1 311 787
74 199 1068 1 125 1125
75 191 780 1 114 841
76 117 408 1 38 476
77 192 308 1 112 380
78 471 863 1 388 919
79 119 484 1 41 551
80 506 285 1 412 372
81 189 565 1 110 629
82 391 427 1 305 492
83 123 272 1 43 344
84 442 493 1 357 557
85 384 986 1 308 1040
86 395 186 1 308 258
87 134 796 1 58 857
88 187 464 1 107 531
89 611 258 1 502 370
90 378 909 1 299 967
91 505 1164 1 422 1205
92 488 319 1 395 404
93 126 322 1 46 393
94 271 39 1 186 133
95 650 150 1 532 282
96 444 530 1 356 596
97 406 1107 1 329 1157
98 187 273 1 105 344
99 454 455 1 367 524
100 189 625 1 110 688
101 128 484 1 50 551
102 556 1235 1 469 1271
103 443 460 1 356 527
104 391 360 1 304 427
105 429 513 1 344 578
106 473 873 1 390 929
107 209 1197 1 138 1253
108 486 350 1 394 430
109 489 902 1 405 957
110 406 700 1 324 760
111 417 903 1 336 960
112 404 1151 1 329 1200
113 471 270 1 379 353
114 467 794 1 383 852
115 450 386 1 361 465
116 401 879 1 321 935
117 366 939 1 289 994
118 476 909 1 394 964
119 326 426 1 243 492
120 187 483 1 107 549
121 186 321 1 105 391
122 172 317 1 90 387
123 463 757 1 379 818
124 500 310 1 406 396
125 320 566 1 240 634
126 377 871 1 298 928
127 465 350 1 374 429
128 490 1002 1 407 1053
129 186 407 1 105 475
130 117 303 1 37 374
131 206 1248 1 134 1306
132 441 804 1 358 862
133 652 183 1 534 313
134 464 304 1 372 387
135 189 642 1 110 704
136 143 1107 1 70 1165
137 189 673 1 111 734
138 454 978 1 373 1031
139 382 1235 1 308 1283
140 116 254 1 36 327
141 546 253 1 443 367
142 139 1159 1 66 1218
143 148 1160 1 76 1219
144 500 405 1 408 483
145 445 780 1 362 838
146 414 1018 1 336 1071
147 452 812 1 367 874
148 131 624 1 53 688
149 576 252 1 472 356
150 467 814 1 382 873
151 187 360 1 106 429
152 404 1002 1 327 1056
153 329 407 1 245 474
154 211 1239 1 140 1295
155 436 481 1 350 549
156 390 407 1 304 473
157 608 276 1 500 386
158 338 815 1 259 875
159 184 308 1 102 379
160 390 304 1 304 375
161 128 464 1 49 532
162 501 1246 1 419 1283
163 477 900 1 394 956
164 489 911 1 406 966
165 463 1002 1 382 1054
166 430 694 1 347 753
167 418 936 1 337 990
168 415 1196 1 340 1244
169 609 288 1 501 397
170 101 630 1 24 694
171 666 829 1 555 892
172 106 784 1 30 846
173 407 712 1 325 772
174 660 839 1 555 901
175 397 294 1 309 365
176 505 79 1 402 215
177 585 262 1 480 373
178 187 249 1 104 321
179 144 1082 1 71 1141
180 321 1069 1 247 1124
181 380 1162 1 306 1212
182 186 140 1 103 215
183 122 189 1 41 263
184 585 813 1 488 875
185 667 984 1 551 1033
186 125 158 1 43 234
187 592 818 1 495 880
188 497 292 1 404 378
189 592 172 1 481 304
190 319 407 1 236 474
191 328 745 1 249 804
192 127 408 1 48 477
193 472 29 1 377 134
194 112 931 1 37 991
195 354 1130 1 280 1183
196 541 171 1 435 304
197 142 1126 1 69 1185
198 450 851 1 367 909
199 612 243 1 503 357
200 511 314 1 413 412
201 502 1235 1 419 1271
202 540 742 1 448 807
203 576 264 1 473 368
204 253 773 1 178 838
205 157 932 1 82 991
206 192 86 1 109 166
207 401 1125 1 325 1175
208 453 834 1 368 893
209 358 727 1 277 787
210 392 1232 1 317 1281
211 99 478 1 20 545
212 383 961 1 305 1016
213 477 919 1 393 974
214 338 784 1 259 844
215 321 1084 1 247 1139
216 120 142 1 39 217
217 184 932 1 109 991
218 449 217 1 356 306
219 593 733 1 494 801
220 383 1140 1 307 1189
221 117 1070 1 44 1129
222 485 289 1 391 376
223 149 1211 1 77 1270
224 474 730 1 389 792
225 675 822 1 561 887
226 352 989 1 275 1043
227 419 182 1 327 289
228 392 1113 1 317 1164
229 390 318 1 304 387
230 358 802 1 278 860
231 623 876 1 520 934
232 393 258 1 306 329
233 585 211 1 478 327
234 665 936 1 555 991
235 126 254 1 45 327
236 389 379 1 303 446
237 541 211 1 437 329
238 134 884 1 59 945
239 413 812 1 331 871
240 278 824 1 202 885
241 120 81 1 38 159
242 124 1203 1 52 1262
243 538 710 1 446 776
244 365 717 1 285 777
245 509 239 1 412 346
246 271 103 1 186 190
247 323 52 1 236 148
248 120 643 1 43 706
249 396 692 1 314 751
250 422 359 1 334 440
251 397 738 1 316 797
252 428 969 1 347 1023
253 123 733 1 46 796
254 480 151 1 379 292
255 287 695 1 208 755
256 128 852 1 53 913
257 145 1065 1 71 1124
258 468 1039 1 387 1089
259 343 1110 1 268 1163
260 339 795 1 260 853
261 378 755 1 297 814
262 561 306 1 459 407
263 367 896 1 289 952
264 238 255 1 159 345
265 392 467 1 308 531
266 125 105 1 43 182
267 288 730 1 209 790
268 116 322 1 36 393
269 541 227 1 438 345
270 276 1019 1 201 1074
271 97 316 1 18 387
272 397 713 1 315 773
273 124 38 1 41 116
274 304 1079 1 230 1134
275 405 279 1 316 366
276 240 266 1 160 357
277 526 172 1 422 305
278 285 658 1 205 722
279 412 822 1 331 881
280 369 928 1 291 984
281 379 939 1 300 994
282 515 250 1 417 354
283 185 186 1 103 260
284 278 1191 1 207 1244
285 373 1075 1 297 1128
286 574 313 1 472 412
287 443 292 1 352 380
288 380 692 1 299 752
289 371 488 1 288 554
290 657 830 1 548 894
291 450 197 1 357 281
292 466 825 1 382 885
293 577 771 1 481 836
294 444 324 1 355 407
295 325 522 1 243 590
296 365 992 1 288 1046
297 457 411 1 368 492
298 342 745 1 262 804
299 389 909 1 310 965
300 330 1085 1 256 1140
301 392 244 1 304 315
302 608 822 1 507 884
303 395 992 1 318 1044
304 433 325 1 346 407
305 430 399 1 341 479
306 541 242 1 440 357
307 341 1069 1 266 1123
308 122 544 1 44 610
309 311 892 1 236 950
310 130 693 1 52 755
311 598 281 1 491 391
312 375 861 1 296 918
313 560 298 1 456 405
314 175 272 1 93 345
315 328 781 1 249 839
316 287 1172 1 214 1224
317 560 730 1 466 797
318 251 152 1 168 237
319 200 866 1 125 925
320 298 528 1 217 596
321 364 886 1 286 943
322 355 1093 1 280 1146
323 278 284 1 196 370
324 399 968 1 320 1021
325 387 1087 1 311 1139
326 147 932 1 72 991
327 443 824 1 359 882
328 466 400 1 376 479
329 304 909 1 229 968
330 127 302 1 46 373
331 637 884 1 532 942
332 466 384 1 376 464
333 410 368 1 322 450
334 571 731 1 476 799
335 319 790 1 240 849
336 566 1235 1 479 1270
337 191 543 1 112 608
338 366 857 1 287 914
339 377 1217 1 303 1267
340 391 1197 1 316 1246
341 374 502 1 290 566
342 330 881 1 252 938
343 337 1187 1 264 1238
344 369 1160 1 295 1212
345 447 164 1 351 290
346 459 1021 1 377 1071
347 657 820 1 548 885
348 394 947 1 316 1002
349 96 146 1 15 221
350 506 1224 1 423 1261
351 414 403 1 326 483
352 613 297 1 505 406
353 139 1196 1 66 1255
354 478 802 1 394 861
355 137 905 1 61 966
356 531 294 1 430 402
357 623 682 1 517 757
358 340 875 1 262 932
359 366 768 1 286 827
360 606 686 1 504 760
361 325 535 1 243 603
362 356 715 1 275 774
363 303 843 1 227 903
364 389 1129 1 313 1180
365 200 669 1 122 733
366 294 407 1 211 474
367 294 379 1 210 446
368 490 187 1 390 319
369 79 257 1 -1 328
370 431 983 1 350 1037
371 573 289 1 469 395
372 126 383 1 46 452
373 388 1248 1 314 1299
374 331 1068 1 256 1122
375 441 759 1 358 820
376 193 693 1 116 754
377 413 1008 1 334 1061
378 334 676 1 254 738
379 586 288 1 480 394
380 436 470 1 350 538
381 383 148 1 294 224
382 470 280 1 378 363
383 80 372 1 0 440
384 494 353 1 402 433
385 374 977 1 297 1031
386 595 775 1 497 840
387 283 880 1 207 938
388 280 803 1 203 864
389 564 120 1 451 276
390 79 315 1 0 385
391 262 1182 1 190 1236
392 345 1121 1 270 1174
393 450 47 1 356 145
394 342 760 1 262 820
395 290 217 1 206 292
396 365 1204 1 291 1256
397 512 304 1 414 402
398 526 242 1 427 348
399 140 1035 1 67 1095
400 373 738 1 293 797
401 211 655 1 133 720
402 502 366 1 410 447
403 359 1048 1 283 1102
404 342 965 1 266 1020
405 137 1014 1 63 1073
406 405 1197 1 330 1245
407 348 782 1 269 840
408 382 950 1 304 1005
409 398 1188 1 323 1235
410 79 252 1 -1 323
411 81 420 1 2 487
412 276 555 1 196 620
413 300 508 1 219 576
414 401 918 1 322 973
415 98 468 1 19 535
416 286 773 1 210 837
417 430 706 1 347 766
418 604 866 1 506 925
419 386 76 1 298 152
420 285 499 1 204 566
421 363 790 1 283 848
422 424 326 1 336 414
423 237 295 1 157 383
424 136 927 1 62 987
425 490 1018 1 407 1068
426 83 557 1 5 622
427 290 684 1 211 746
428 348 980 1 271 1034
429 80 300 1 0 370
430 597 861 1 500 920
431 284 922 1 207 979
432 322 455 1 239 520
433 92 407 1 13 476
434 362 956 1 285 1011
435 363 967 1 286 1021
436 81 414 1 1 482
437 370 1137 1 296 1188
438 351 768 1 271 827
439 334 500 1 251 565
440 623 90 1 500 255
441 238 278 1 158 366
442 85 604 1 6 667
443 567 1176 1 480 1214
444 278 911 1 202 968
445 559 171 1 452 303
446 265 1174 1 193 1228
447 389 1062 1 312 1114
448 340 769 1 261 828
449 612 234 1 502 349
450 82 465 1 3 531
451 254 1199 1 182 1252
452 521 710 1 430 775
453 202 984 1 127 1042
454 176 1015 1 103 1073
455 80 369 1 0 438
456 402 1079 1 326 1131
457 352 966 1 276 1021
458 151 996 1 78 1055
459 439 93 1 347 176
460 643 113 1 519 272
461 84 604 1 5 667
462 483 36 1 387 137
463 90 254 1 10 327
464 289 890 1 213 948
465 96 155 1 15 230
466 410 725 1 328 785
467 97 693 1 21 756
468 406 390 1 319 467
469 80 324 1 0 394
470 613 193 1 503 312
471 299 1187 1 226 1239
472 117 1079 1 44 1138
473 159 869 1 85 929
474 281 483 1 200 548
475 79 220 1 -2 291
476 361 1015 1 285 1069
477 546 907 1 456 963
478 444 368 1 355 451
479 222 1186 1 151 1241
480 135 778 1 59 839
481 362 1060 1 287 1113
482 330 1056 1 255 1110
483 327 1039 1 252 1094
484 566 741 1 471 808
485 281 33 1 195 128
486 79 263 1 -1 333
487 105 793 1 29 855
488 359 929 1 281 985
489 79 206 1 -1 278
490 83 530 1 4 595
491 448 228 1 356 315
492 444 62 1 351 153
493 78 59 1 -3 135
494 79 268 1 0 340
495 599 217 1 491 331
496 83 569 1 5 633
497 585 897 1 491 954
498 404 932 1 324 987
499 82 452 1 3 519
500 452 763 1 368 824
501 286 933 1 212 991
502 555 226 1 453 338
503 374 988 1 298 1042
504 301 491 1 219 559
505 363 758 1 284 817
506 695 144 1 571 279
507 445 518 1 360 588
508 280 466 1 198 535
509 579 458 1 478 546
510 388 1220 1 314 1269
511 327 853 1 249 911
512 311 257 1 227 330
513 463 461 1 375 531
514 134 950 1 61 1011
515 480 135 1 382 254
516 197 1174 1 126 1229
517 87 732 1 11 795
518 535 490 1 441 570
519 516 739 1 427 803
520 229 1153 1 157 1208
521 554 778 1 461 841
522 433 459 1 347 526
523 509 229 1 411 335
524 367 1004 1 290 1059
525 91 304 1 11 375
526 676 988 1 557 1037
527 80 195 1 -1 267
528 454 1002 1 373 1053
529 378 1245 1 305 1298
530 560 1197 1 472 1236
531 80 382 1 0 451
532 628 779 1 523 847
533 369 675 1 287 738
534 84 536 1 5 602
535 376 764 1 296 823
536 353 1155 1 279 1206
537 511 1211 1 426 1249
538 368 1177 1 293 1228
539 79 241 1 -1 312
540 637 679 1 529 757
541 454 1104 1 377 1154
542 603 1045 1 507 1091
543 620 732 1 516 803
544 380 999 1 303 1052
545 441 748 1 358 808
546 84 640 1 8 705
547 538 771 1 447 833
548 79 43 1 -2 122
549 312 498 1 229 566
550 401 1037 1 326 1092
551 538 285 1 435 396
552 102 639 1 25 703
553 515 1160 1 431 1200
554 192 110 1 108 187
555 416 166 1 323 262
556 409 957 1 330 1011
557 84 628 1 6 692
558 352 952 1 275 1008
559 193 396 1 112 464
560 599 246 1 492 358
561 436 82 1 344 163
562 125 54 1 42 132
563 99 731 1 23 794
564 347 942 1 270 998
565 224 1172 1 153 1225
566 389 1073 1 313 1125
567 598 290 1 491 398
568 457 250 1 366 337
569 377 1122 1 302 1174
570 81 401 1 1 469
571 228 618 1 150 682
572 122 938 1 47 998
573 440 793 1 357 852
574 358 747 1 278 806
575 268 521 1 187 587
576 86 682 1 8 744
577 590 358 1 486 456
578 462 992 1 380 1044
579 192 55 1 109 137
580 659 141 1 539 277
581 373 728 1 292 788
582 368 1151 1 294 1202
583 83 546 1 5 611
584 331 666 1 251 730
585 113 1125 1 41 1184
586 609 732 1 507 802
587 80 230 1 -1 302
588 396 1048 1 319 1101
589 258 424 1 176 495
590 389 923 1 310 978
591 343 530 1 260 599
592 350 896 1 271 953
593 577 695 1 480 765
594 426 370 1 337 452
595 306 1161 1 233 1214
596 239 1157 1 167 1212
597 326 869 1 248 927
598 168 1035 1 93 1093
599 660 111 1 533 270
600 583 772 1 487 837
601 86 687 1 9 750
602 90 80 1 9 158
603 79 289 1 0 360
604 103 849 1 28 910
605 348 810 1 269 869
606 287 839 1 210 898
607 210 1174 1 140 1228
608 315 837 1 238 897
609 311 1188 1 238 1240
610 549 438 1 452 522
611 470 711 1 385 772
612 82 484 1 4 550
613 405 1173 1 329 1222
