0 393 725 1 332 796
1 460 816 1 399 885
2 477 326 1 401 417
3 353 823 1 297 893
4 470 966 1 414 1029
5 456 1029 1 400 1089
6 393 1210 1 346 1269
7 433 494 1 365 573
8 461 981 1 404 1043
9 460 753 1 397 826
10 378 274 1 306 368
11 557 274 1 470 383
12 514 1164 1 457 1213
13 170 413 1 106 495
14 467 237 1 388 334
15 439 829 1 379 897
16 172 1092 1 126 1165
17 106 572 1 48 653
18 434 296 1 359 392
19 105 507 1 46 589
20 435 269 1 359 365
21 462 864 1 401 931
22 434 483 1 366 561
23 106 411 1 44 496
24 454 251 1 376 347
25 100 609 1 43 689
26 472 990 1 415 1052
27 545 238 1 458 350
28 172 641 1 114 719
29 631 172 1 528 308
30 383 725 1 323 796
31 175 275 1 109 364
32 99 450 1 38 534
33 382 218 1 309 303
34 470 955 1 412 1019
35 108 1050 1 61 1126
36 108 552 1 50 634
37 172 1065 1 124 1139
38 358 973 1 307 1040
39 436 283 1 360 379
40 430 730 1 367 802
41 456 1019 1 401 1080
42 167 573 1 108 651
43 460 768 1 398 840
44 472 1033 1 417 1093
45 106 656 1 51 736
46 556 236 1 468 349
47 107 736 1 53 814
48 557 222 1 467 337
49 377 1036 1 325 1099
50 107 344 1 43 431
51 150 288 1 84 376
52 423 497 1 356 574
53 178 1013 1 129 1087
54 435 258 1 359 354
55 467 264 1 390 358
56 478 369 1 402 456
57 102 763 1 49 840
58 109 817 1 56 893
59 492 1165 1 436 1215
60 381 203 1 307 286
61 108 627 1 52 706
62 110 718 1 55 796
63 467 328 1 391 421
64 480 1011 1 422 1072
65 461 969 1 403 1032
66 526 1164 1 468 1213
67 464 174 1 378 315
68 169 508 1 108 589
69 469 381 1 395 469
70 395 703 1 334 774
71 120 1182 1 75 1256
72 369 716 1 310 787
73 171 1053 1 124 1125
74 168 766 1 113 841
75 99 392 1 37 478
76 176 294 1 111 382
77 445 852 1 386 919
78 99 468 1 39 552
79 489 278 1 410 375
80 168 551 1 109 630
81 371 416 1 303 493
82 106 257 1 41 346
83 422 484 1 355 559
84 380 175 1 307 260
85 110 781 1 57 858
86 167 450 1 106 533
87 592 255 1 499 373
88 351 897 1 297 967
89 474 1151 1 419 1203
90 470 312 1 393 406
91 109 306 1 45 394
92 452 236 1 375 336
93 258 28 1 185 137
94 567 208 1 475 331
95 633 150 1 528 287
96 422 521 1 354 597
97 377 1094 1 328 1157
98 170 258 1 104 346
99 435 446 1 365 526
100 167 611 1 108 689
101 108 469 1 49 552
102 524 1222 1 467 1269
103 424 451 1 354 529
104 373 349 1 303 428
105 409 503 1 343 579
106 447 862 1 388 929
107 180 1182 1 137 1253
108 467 342 1 392 432
109 463 891 1 403 957
110 383 690 1 323 761
111 391 892 1 335 960
112 375 1137 1 327 1200
113 454 262 1 377 355
114 443 783 1 381 853
115 432 377 1 359 467
116 375 867 1 319 936
117 340 927 1 288 994
118 450 899 1 392 964
119 307 414 1 241 493
120 167 469 1 106 550
121 169 307 1 103 392
122 155 302 1 89 389
123 438 747 1 377 819
124 300 554 1 239 635
125 351 859 1 296 928
126 447 341 1 372 431
127 686 817 1 595 886
128 168 393 1 104 476
129 100 288 1 35 376
130 176 1233 1 133 1306
131 416 793 1 356 863
132 634 183 1 530 318
133 447 296 1 370 390
134 167 628 1 109 706
135 115 1091 1 69 1166
136 483 303 1 404 398
137 167 659 1 110 735
138 426 967 1 371 1031
139 530 298 1 447 406
140 351 1221 1 306 1282
141 100 239 1 35 329
142 528 249 1 440 371
143 110 1143 1 65 1219
144 119 1144 1 75 1219
145 480 397 1 406 485
146 420 769 1 360 839
147 386 1006 1 334 1071
148 427 801 1 365 874
149 109 609 1 52 689
150 558 248 1 470 359
151 590 284 1 498 401
152 441 803 1 380 873
153 169 346 1 104 430
154 376 990 1 325 1056
155 310 396 1 244 475
156 181 1223 1 138 1295
157 415 471 1 348 550
158 371 396 1 303 474
159 436 990 1 380 1053
160 589 273 1 497 390
161 568 246 1 478 364
162 313 802 1 257 876
163 167 294 1 100 381
164 373 293 1 303 377
165 109 449 1 48 533
166 469 1232 1 417 1281
167 451 889 1 392 956
168 463 900 1 404 966
169 459 24 1 375 138
170 407 683 1 345 754
171 391 924 1 336 990
172 385 1183 1 338 1244
173 79 614 1 23 695
174 637 822 1 551 892
175 82 768 1 29 846
176 383 701 1 323 773
177 631 832 1 551 900
178 380 284 1 308 367
179 566 259 1 477 377
180 170 235 1 103 323
181 117 1066 1 70 1141
182 294 1056 1 245 1124
183 351 1148 1 304 1212
184 171 126 1 102 217
185 107 173 1 40 265
186 558 805 1 485 876
187 635 975 1 547 1031
188 109 143 1 42 236
189 565 810 1 492 880
190 480 284 1 401 381
191 575 171 1 478 309
192 300 395 1 234 476
193 304 733 1 247 805
194 109 392 1 47 478
195 493 308 1 411 415
196 87 915 1 36 992
197 325 1116 1 279 1183
198 524 169 1 432 309
199 114 1110 1 68 1185
200 593 241 1 500 361
201 470 1221 1 417 1269
202 514 733 1 446 807
203 558 260 1 471 371
204 230 760 1 177 838
205 131 917 1 80 991
206 178 72 1 107 168
207 372 1112 1 323 1175
208 427 823 1 366 893
209 334 715 1 276 788
210 361 1218 1 316 1280
211 79 462 1 19 546
212 356 949 1 304 1016
213 450 908 1 391 974
214 314 772 1 257 845
215 293 1070 1 245 1139
216 106 126 1 38 219
217 158 917 1 108 991
218 567 725 1 491 802
219 354 1126 1 306 1188
220 90 1054 1 43 1130
221 467 281 1 389 378
222 120 1195 1 75 1270
223 450 720 1 387 793
224 645 815 1 557 887
225 325 976 1 274 1044
226 403 175 1 325 292
227 364 1100 1 316 1164
228 373 307 1 302 389
229 333 790 1 277 861
230 594 867 1 517 934
231 377 248 1 305 330
232 451 64 1 370 164
233 634 928 1 551 990
234 110 239 1 44 329
235 371 368 1 302 447
236 524 207 1 434 333
237 109 869 1 58 945
238 388 801 1 330 871
239 254 811 1 200 886
240 106 65 1 36 161
241 95 1186 1 51 1262
242 514 701 1 444 777
243 342 706 1 283 778
244 493 234 1 409 349
245 257 91 1 185 193
246 309 41 1 234 152
247 98 627 1 42 707
248 373 681 1 312 752
249 404 350 1 332 442
250 374 726 1 314 798
251 401 957 1 346 1022
252 99 718 1 45 797
253 264 682 1 206 756
254 104 837 1 52 913
255 117 1049 1 70 1124
256 440 1027 1 385 1088
257 315 1096 1 267 1163
258 315 783 1 259 854
259 354 743 1 296 814
260 173 24 1 101 119
261 342 884 1 288 953
262 373 456 1 306 532
263 111 89 1 41 184
264 265 717 1 208 790
265 99 307 1 35 395
266 523 223 1 436 349
267 249 1005 1 199 1075
268 80 300 1 17 388
269 374 701 1 314 774
270 276 1065 1 229 1134
271 388 270 1 315 368
272 510 169 1 419 310
273 262 646 1 204 723
274 387 811 1 329 882
275 343 916 1 289 984
276 352 927 1 299 994
277 497 245 1 414 357
278 170 172 1 102 262
279 250 1175 1 205 1244
280 345 1062 1 295 1128
281 223 243 1 158 347
282 555 308 1 469 415
283 606 92 1 496 262
284 426 284 1 350 383
285 357 680 1 297 753
286 352 477 1 286 555
287 628 824 1 544 894
288 434 189 1 356 283
289 441 814 1 380 885
290 551 763 1 478 836
291 426 315 1 353 409
292 305 510 1 242 591
293 339 979 1 287 1046
294 438 402 1 366 494
295 319 733 1 261 805
296 363 897 1 309 966
297 302 1072 1 255 1140
298 376 233 1 303 317
299 580 814 1 504 884
300 368 980 1 316 1045
301 415 316 1 344 410
302 411 390 1 340 481
303 523 238 1 437 361
304 314 1056 1 265 1123
305 462 990 1 405 1053
306 102 529 1 43 611
307 285 879 1 234 950
308 108 677 1 51 756
309 579 278 1 487 395
310 349 849 1 294 919
311 424 840 1 366 909
312 542 295 1 453 409
313 159 258 1 92 346
314 305 768 1 248 839
315 258 1157 1 213 1224
316 535 722 1 463 797
317 237 141 1 166 240
318 175 851 1 124 926
319 278 516 1 215 597
320 375 1026 1 324 1092
321 339 874 1 285 943
322 327 1079 1 279 1146
323 261 272 1 194 373
324 358 1074 1 309 1139
325 121 917 1 71 992
326 278 896 1 228 968
327 418 813 1 358 883
328 447 391 1 374 481
329 110 287 1 45 375
330 608 876 1 528 941
331 448 376 1 374 467
332 391 358 1 320 452
333 545 724 1 473 799
334 294 777 1 239 850
335 533 1221 1 476 1268
336 171 529 1 111 609
337 340 845 1 285 915
338 347 1203 1 302 1267
339 361 1183 1 315 1246
340 354 491 1 288 567
341 304 868 1 251 939
342 308 1173 1 262 1238
343 340 1147 1 293 1211
344 430 1009 1 375 1071
345 629 813 1 544 885
346 368 935 1 314 1003
347 81 129 1 14 223
348 475 1210 1 421 1259
349 594 294 1 502 410
350 110 1180 1 65 1256
351 453 792 1 392 861
352 111 890 1 60 967
353 513 289 1 428 406
354 483 28 1 398 138
355 597 676 1 514 758
356 314 862 1 261 932
357 342 756 1 284 828
358 580 680 1 501 761
359 305 523 1 242 605
360 332 703 1 273 775
361 279 830 1 225 903
362 360 1117 1 312 1179
363 177 656 1 121 734
364 275 395 1 209 476
365 276 366 1 209 448
366 474 183 1 387 324
367 62 241 1 -2 330
368 403 971 1 349 1036
369 554 285 1 466 399
370 108 368 1 45 454
371 357 1234 1 313 1299
372 303 1054 1 255 1122
373 416 748 1 356 821
374 171 678 1 115 755
375 385 996 1 333 1061
376 312 664 1 252 739
377 567 284 1 477 398
378 416 460 1 348 540
379 368 137 1 293 226
380 453 272 1 376 365
381 62 356 1 0 441
382 476 345 1 400 436
383 347 964 1 295 1031
384 568 767 1 494 841
385 258 866 1 206 938
386 256 790 1 202 864
387 62 300 1 -1 386
388 234 1167 1 189 1235
389 317 1107 1 269 1174
390 219 714 1 163 792
391 437 39 1 354 148
392 318 748 1 261 820
393 274 204 1 204 294
394 335 1190 1 289 1256
395 494 298 1 411 405
396 508 237 1 424 352
397 113 1020 1 66 1095
398 350 726 1 291 798
399 189 642 1 132 721
400 483 358 1 408 449
401 331 1035 1 282 1102
402 316 952 1 264 1020
403 376 1183 1 328 1245
404 324 770 1 267 841
405 356 937 1 303 1005
406 368 1174 1 321 1234
407 62 236 1 -2 325
408 62 404 1 1 489
409 373 955 1 319 1021
410 256 542 1 194 621
411 280 496 1 217 578
412 374 906 1 320 974
413 78 452 1 18 537
414 263 759 1 208 837
415 407 695 1 345 767
416 576 858 1 503 925
417 373 65 1 296 154
418 266 487 1 203 568
419 338 777 1 281 849
420 407 317 1 334 417
421 221 283 1 156 385
422 110 911 1 61 987
423 461 1006 1 405 1068
424 62 541 1 4 624
425 267 671 1 209 747
426 321 967 1 270 1034
427 689 82 1 570 244
428 63 284 1 -1 372
429 569 853 1 497 920
430 258 909 1 206 979
431 303 443 1 238 521
432 73 391 1 12 478
433 336 943 1 283 1011
434 337 954 1 285 1021
435 62 399 1 0 483
436 342 1123 1 294 1188
437 327 756 1 270 828
438 314 488 1 249 567
439 221 265 1 157 369
440 63 589 1 5 668
441 535 1164 1 477 1213
442 252 897 1 201 969
443 542 169 1 449 308
444 236 1159 1 192 1228
445 360 1049 1 310 1114
446 317 757 1 260 829
447 593 232 1 499 354
448 63 449 1 2 533
449 225 1184 1 180 1252
450 175 970 1 126 1042
451 150 1000 1 102 1073
452 62 353 1 0 440
453 374 1067 1 324 1131
454 326 953 1 274 1021
455 125 981 1 77 1056
456 425 84 1 345 178
457 469 29 1 385 141
458 74 238 1 9 329
459 264 876 1 212 948
460 81 139 1 14 232
461 387 714 1 326 786
462 75 677 1 20 757
463 387 381 1 317 469
464 63 308 1 0 395
465 595 191 1 500 316
466 270 1173 1 225 1239
467 89 1063 1 43 1138
468 134 854 1 84 930
469 261 470 1 198 550
470 63 203 1 -3 293
471 334 1002 1 283 1069
472 518 898 1 454 963
473 426 360 1 353 453
474 193 1171 1 150 1241
475 112 763 1 58 840
476 334 1046 1 285 1113
477 303 1043 1 254 1110
478 300 1026 1 251 1094
479 541 733 1 469 808
480 62 246 1 -2 335
481 81 778 1 28 856
482 333 917 1 280 985
483 64 190 1 -2 280
484 62 515 1 3 596
485 432 220 1 355 318
486 64 42 1 -4 137
487 581 214 1 488 336
488 63 553 1 4 634
489 558 889 1 488 953
490 390 398 1 321 489
491 377 920 1 322 987
492 63 436 1 2 520
493 427 753 1 366 825
494 260 920 1 210 991
495 537 222 1 450 342
496 347 976 1 296 1043
497 281 479 1 218 561
498 340 746 1 282 817
499 676 145 1 567 284
500 424 508 1 358 590
501 260 454 1 197 536
502 558 452 1 476 548
503 358 1207 1 312 1268
504 302 840 1 248 912
505 296 245 1 226 332
506 443 452 1 374 533
507 109 935 1 60 1011
508 169 1158 1 125 1229
509 64 717 1 10 796
510 514 483 1 439 572
511 491 731 1 425 803
512 201 1138 1 156 1208
513 528 769 1 459 841
514 413 449 1 345 528
515 492 224 1 409 339
516 339 992 1 289 1059
517 74 288 1 10 377
518 643 979 1 552 1034
519 64 178 1 -2 269
520 426 990 1 371 1053
521 347 1231 1 303 1298
522 528 1184 1 470 1234
523 62 367 1 0 452
524 601 772 1 520 847
525 346 664 1 286 739
526 63 520 1 4 603
527 352 753 1 295 824
528 324 1141 1 277 1206
529 479 1197 1 424 1247
530 338 1164 1 292 1228
531 63 225 1 -2 314
532 611 674 1 525 758
533 425 1092 1 375 1153
534 572 1034 1 504 1089
535 593 725 1 513 804
536 353 986 1 301 1053
537 417 737 1 356 809
538 63 625 1 7 706
539 512 762 1 445 834
540 65 26 1 -3 125
541 292 486 1 228 568
542 461 149 1 376 298
543 519 281 1 432 400
544 80 624 1 24 704
545 484 1147 1 429 1199
546 178 96 1 107 189
547 401 158 1 322 266
548 382 945 1 328 1011
549 63 612 1 5 693
550 326 939 1 274 1008
551 174 383 1 110 466
552 581 243 1 489 362
553 423 73 1 343 165
554 111 38 1 41 135
555 76 715 1 22 795
556 321 929 1 269 998
557 195 1157 1 152 1225
558 361 1060 1 311 1125
559 579 287 1 488 402
560 441 242 1 364 340
561 349 1109 1 300 1174
562 62 385 1 0 470
563 207 605 1 149 683
564 96 922 1 46 998
565 414 782 1 355 853
566 335 735 1 276 807
567 247 509 1 186 588
568 499 258 1 417 368
569 63 666 1 7 745
570 686 801 1 594 872
571 570 354 1 483 459
572 179 40 1 108 139
573 641 142 1 535 282
574 349 717 1 290 789
575 340 1137 1 293 1202
576 63 531 1 4 613
577 309 654 1 249 731
578 86 1109 1 40 1184
579 583 725 1 504 803
580 63 214 1 -2 303
581 362 911 1 309 978
582 322 519 1 258 601
583 324 883 1 270 953
584 552 688 1 477 766
585 407 361 1 336 454
586 277 1147 1 232 1214
587 210 1142 1 166 1212
588 301 857 1 247 927
589 141 1020 1 92 1093
590 641 114 1 528 277
591 63 671 1 8 751
592 76 63 1 8 160
593 62 273 1 -1 361
594 78 833 1 27 911
595 323 798 1 267 869
596 262 826 1 209 899
597 182 1158 1 139 1228
598 290 824 1 236 898
599 282 1174 1 237 1240
600 528 431 1 449 525
601 446 701 1 383 773
602 63 468 1 3 552
603 376 1159 1 328 1221
