0 117 535 1 42 593
1 408 744 1 326 798
2 476 833 1 392 886
3 475 772 1 390 828
4 372 842 1 291 895
5 477 1043 1 393 1088
6 422 1225 1 340 1266
7 441 516 1 359 578
8 482 995 1 397 1042
9 538 1229 1 447 1260
10 199 1114 1 122 1166
11 538 1172 1 448 1207
12 178 441 1 102 501
13 197 1074 1 119 1126
14 456 846 1 372 899
15 119 600 1 44 657
16 492 980 1 406 1028
17 436 296 1 353 374
18 458 820 1 374 875
19 480 880 1 394 932
20 441 504 1 359 566
21 115 442 1 40 502
22 467 264 1 381 344
23 454 278 1 369 356
24 114 637 1 39 693
25 541 268 1 448 363
26 187 667 1 110 723
27 620 210 1 515 325
28 398 745 1 318 799
29 179 306 1 105 370
30 109 480 1 34 539
31 383 242 1 303 310
32 475 59 1 390 150
33 181 599 1 104 656
34 134 1075 1 57 1127
35 121 581 1 46 638
36 198 1088 1 120 1140
37 493 1004 1 407 1051
38 444 748 1 361 804
39 562 314 1 467 410
40 478 1034 1 394 1078
41 476 786 1 391 842
42 494 1046 1 410 1091
43 122 683 1 47 739
44 491 970 1 406 1017
45 125 763 1 49 817
46 479 350 1 394 426
47 400 1051 1 319 1097
48 114 375 1 39 437
49 437 323 1 352 401
50 437 311 1 353 388
51 156 319 1 80 382
52 435 285 1 352 363
53 468 290 1 383 367
54 554 304 1 460 396
55 480 393 1 395 464
56 121 789 1 45 843
57 552 268 1 458 362
58 129 843 1 53 896
59 516 1174 1 428 1209
60 381 228 1 301 293
61 623 220 1 517 336
62 124 654 1 48 710
63 127 745 1 51 799
64 469 354 1 384 429
65 500 1024 1 415 1070
66 550 1172 1 459 1207
67 180 535 1 104 593
68 473 405 1 388 476
69 409 722 1 328 777
70 489 304 1 402 384
71 149 1205 1 72 1257
72 384 736 1 304 790
73 186 791 1 109 844
74 382 992 1 301 1040
75 108 423 1 33 483
76 203 1038 1 125 1088
77 331 824 1 252 878
78 110 498 1 36 557
79 181 577 1 105 635
80 378 438 1 298 499
81 587 287 1 488 387
82 480 984 1 395 1032
83 112 289 1 37 353
84 207 1255 1 131 1302
85 380 200 1 301 267
86 497 1160 1 411 1197
87 130 807 1 53 860
88 655 851 1 546 907
89 177 478 1 101 538
90 379 299 1 299 377
91 372 916 1 292 968
92 548 1229 1 458 1261
93 622 187 1 515 305
94 115 338 1 41 400
95 436 404 1 352 475
96 174 289 1 99 352
97 441 468 1 359 531
98 181 637 1 104 693
99 480 906 1 396 957
100 182 325 1 107 388
101 120 498 1 45 557
102 402 1109 1 322 1156
103 377 372 1 297 434
104 562 278 1 467 377
105 465 879 1 382 930
106 174 336 1 99 398
107 585 314 1 486 414
108 411 909 1 328 961
109 402 1153 1 322 1198
110 552 253 1 457 350
111 458 800 1 375 855
112 431 517 1 349 579
113 394 886 1 313 937
114 361 946 1 282 995
115 469 914 1 385 965
116 314 438 1 236 499
117 177 497 1 101 555
118 161 333 1 85 395
119 454 766 1 371 822
120 486 112 1 397 223
121 371 878 1 291 930
122 450 367 1 365 439
123 690 829 1 580 886
124 176 421 1 100 482
125 106 320 1 32 382
126 181 654 1 104 709
127 142 1115 1 66 1166
128 378 673 1 297 730
129 446 92 1 363 175
130 430 505 1 349 564
131 182 684 1 105 739
132 447 982 1 364 1030
133 381 1237 1 301 1279
134 470 367 1 385 440
135 105 271 1 31 335
136 524 283 1 430 385
137 139 1167 1 61 1219
138 477 257 1 390 350
139 148 1168 1 71 1220
140 484 420 1 399 493
141 409 1023 1 329 1071
142 124 637 1 48 693
143 444 820 1 359 875
144 520 251 1 426 358
145 643 844 1 538 900
146 176 375 1 100 436
147 399 1007 1 319 1056
148 317 420 1 238 481
149 212 1245 1 134 1295
150 255 64 1 180 148
151 432 811 1 350 865
152 377 419 1 297 479
153 458 1005 1 374 1052
154 584 304 1 486 403
155 172 324 1 96 387
156 398 721 1 317 776
157 391 1117 1 310 1163
158 119 479 1 44 538
159 209 1204 1 133 1252
160 462 868 1 379 920
161 481 916 1 397 966
162 420 702 1 339 757
163 459 216 1 370 333
164 578 825 1 481 881
165 471 338 1 386 415
166 413 1197 1 332 1241
167 95 643 1 19 699
168 398 709 1 317 764
169 178 142 1 102 210
170 101 795 1 25 849
171 322 754 1 242 808
172 174 266 1 99 330
173 453 287 1 370 364
174 143 1090 1 66 1142
175 349 996 1 269 1045
176 430 471 1 348 534
177 319 1075 1 240 1125
178 423 974 1 340 1022
179 172 158 1 97 224
180 109 207 1 36 272
181 564 289 1 468 385
182 643 982 1 531 1024
183 112 177 1 38 243
184 480 311 1 394 391
185 307 420 1 229 481
186 501 211 1 409 328
187 405 820 1 324 873
188 118 423 1 43 484
189 110 941 1 33 994
190 587 254 1 488 357
191 436 787 1 354 841
192 142 1134 1 64 1186
193 587 273 1 488 375
194 496 1229 1 409 1261
195 555 290 1 461 384
196 154 941 1 76 993
197 177 105 1 103 176
198 398 1128 1 318 1174
199 430 186 1 347 268
200 350 736 1 270 791
201 390 1234 1 310 1277
202 90 492 1 16 551
203 470 923 1 385 974
204 434 196 1 350 279
205 423 493 1 342 555
206 331 793 1 252 847
207 319 1090 1 240 1140
208 107 159 1 33 227
209 140 1045 1 62 1096
210 576 742 1 480 805
211 116 1079 1 39 1131
212 378 1166 1 299 1210
213 468 308 1 382 388
214 149 1219 1 72 1270
215 464 739 1 380 796
216 651 828 1 543 887
217 299 941 1 221 992
218 110 58 1 36 127
219 376 331 1 296 395
220 351 810 1 271 863
221 378 965 1 298 1016
222 379 272 1 299 337
223 353 1134 1 274 1182
224 447 212 1 359 331
225 481 328 1 396 407
226 644 938 1 537 986
227 115 271 1 40 335
228 376 391 1 296 453
229 519 243 1 424 348
230 131 894 1 54 947
231 457 31 1 370 139
232 363 1207 1 284 1255
233 551 316 1 456 411
234 273 833 1 196 888
235 106 100 1 32 169
236 125 1211 1 47 1262
237 530 328 1 438 418
238 357 726 1 278 781
239 553 278 1 460 372
240 514 210 1 422 327
241 498 1244 1 411 1276
242 180 940 1 104 993
243 412 941 1 330 990
244 114 655 1 38 711
245 575 316 1 477 415
246 387 701 1 306 755
247 524 268 1 430 371
248 389 746 1 308 801
249 117 745 1 41 800
250 492 338 1 402 426
251 280 705 1 201 759
252 125 863 1 48 916
253 144 1073 1 67 1125
254 462 1041 1 378 1087
255 340 1115 1 262 1164
256 377 319 1 297 383
257 370 763 1 290 817
258 170 58 1 96 127
259 362 903 1 283 954
260 562 240 1 464 346
261 380 478 1 300 537
262 111 124 1 37 192
263 282 740 1 203 794
264 105 339 1 31 401
265 590 325 1 490 423
266 87 332 1 13 395
267 178 128 1 102 197
268 302 1085 1 224 1135
269 346 635 1 267 693
270 441 841 1 360 895
271 361 499 1 281 560
272 277 669 1 199 726
273 405 830 1 323 884
274 364 934 1 284 985
275 402 211 1 318 306
276 373 945 1 293 995
277 420 112 1 339 187
278 172 203 1 97 269
279 582 867 1 486 920
280 278 1195 1 201 1242
281 370 1080 1 290 1128
282 397 1187 1 316 1231
283 553 337 1 459 427
284 371 701 1 291 756
285 457 832 1 373 887
286 456 686 1 373 744
287 562 779 1 468 838
288 335 754 1 256 808
289 383 916 1 303 966
290 424 988 1 342 1036
291 377 257 1 297 323
292 447 1005 1 364 1052
293 338 1075 1 259 1124
294 483 1005 1 398 1052
295 114 558 1 39 616
296 504 1206 1 416 1240
297 124 704 1 47 760
298 369 868 1 289 920
299 442 857 1 359 911
300 408 376 1 326 450
301 164 288 1 88 353
302 322 789 1 243 842
303 139 1204 1 61 1256
304 546 739 1 454 800
305 237 173 1 162 249
306 197 875 1 120 928
307 288 541 1 211 602
308 358 893 1 279 944
309 341 30 1 262 103
310 169 47 1 95 117
311 525 719 1 435 780
312 144 942 1 67 994
313 301 917 1 223 968
314 485 183 1 393 303
315 434 831 1 351 884
316 451 416 1 367 488
317 116 318 1 41 381
318 432 801 1 349 855
319 527 751 1 437 810
320 564 209 1 466 327
321 507 268 1 415 365
322 313 799 1 234 853
323 558 1228 1 467 1260
324 496 276 1 406 370
325 359 864 1 280 916
326 376 1220 1 297 1265
327 363 513 1 283 572
328 324 889 1 246 941
329 367 1164 1 288 1210
330 452 1024 1 369 1069
331 636 827 1 531 884
332 683 175 1 566 307
333 83 164 1 10 231
334 416 417 1 333 488
335 500 1218 1 413 1251
336 605 881 1 505 933
337 448 322 1 363 398
338 469 809 1 385 863
339 651 828 1 542 886
340 133 916 1 57 968
341 267 276 1 192 358
342 227 290 1 154 369
343 69 322 1 -4 385
344 603 694 1 502 762
345 334 883 1 256 934
346 557 741 1 464 802
347 359 776 1 279 830
348 385 927 1 303 979
349 387 1249 1 308 1291
350 348 724 1 268 778
351 298 851 1 221 905
352 386 1133 1 307 1178
353 193 682 1 117 738
354 282 421 1 204 481
355 282 392 1 204 454
356 388 721 1 308 777
357 116 398 1 41 460
358 269 133 1 192 208
359 329 1074 1 250 1123
360 432 767 1 350 823
361 408 1013 1 327 1062
362 326 686 1 247 743
363 424 482 1 342 545
364 367 163 1 287 234
365 74 483 1 0 543
366 453 298 1 369 374
367 484 101 1 393 216
368 541 329 1 448 419
369 369 983 1 290 1032
370 579 783 1 483 843
371 279 888 1 201 940
372 275 813 1 197 867
373 390 1200 1 309 1244
374 263 1186 1 185 1234
375 515 191 1 419 313
376 329 1092 1 250 1141
377 264 33 1 189 127
378 335 770 1 255 823
379 277 233 1 199 301
380 110 48 1 37 116
381 303 647 1 224 703
382 298 841 1 220 894
383 365 746 1 286 801
384 204 667 1 127 724
385 486 383 1 400 457
386 338 971 1 259 1021
387 390 959 1 310 1008
388 403 1198 1 323 1242
389 341 790 1 262 844
390 397 386 1 315 461
391 212 1180 1 135 1227
392 394 972 1 313 1022
393 267 162 1 191 243
394 267 567 1 190 626
395 290 522 1 212 583
396 89 483 1 15 542
397 421 714 1 339 770
398 286 1175 1 209 1223
399 336 1191 1 257 1237
400 369 91 1 290 162
401 355 798 1 276 851
402 178 75 1 103 148
403 133 937 1 57 989
404 482 1019 1 398 1066
405 77 583 1 1 639
406 282 694 1 204 750
407 344 986 1 265 1035
408 135 884 1 58 937
409 670 128 1 554 267
410 248 785 1 173 841
411 319 25 1 241 118
412 359 993 1 280 1042
413 71 402 1 -3 462
414 83 422 1 9 483
415 656 865 1 547 921
416 357 962 1 278 1012
417 253 1031 1 176 1081
418 359 972 1 280 1022
419 344 777 1 264 830
420 68 282 1 -4 346
421 329 837 1 250 890
422 559 1171 1 468 1206
423 69 306 1 -4 370
424 274 919 1 196 970
425 265 1179 1 188 1227
426 385 1066 1 305 1114
427 334 778 1 254 832
428 587 264 1 487 368
429 609 169 1 499 305
430 533 255 1 441 349
431 254 1204 1 176 1251
432 253 78 1 178 166
433 175 1023 1 98 1074
434 399 1083 1 319 1130
435 348 972 1 269 1022
436 150 1005 1 73 1057
437 112 583 1 37 641
438 68 261 1 -5 326
439 79 271 1 6 336
440 285 898 1 207 950
441 83 173 1 10 239
442 402 733 1 320 789
443 92 705 1 16 761
444 616 160 1 505 301
445 353 1098 1 274 1146
446 298 1191 1 221 1238
447 116 1087 1 39 1139
448 516 328 1 423 424
449 75 496 1 1 556
450 357 1021 1 278 1070
451 535 912 1 445 962
452 634 1189 1 531 1217
453 516 1217 1 427 1250
454 223 1192 1 146 1240
455 71 412 1 -2 473
456 130 789 1 54 843
457 359 1064 1 280 1113
458 68 272 1 -5 336
459 328 1062 1 249 1111
460 324 1045 1 246 1095
461 100 805 1 24 859
462 354 936 1 275 986
463 578 1124 1 482 1160
464 71 380 1 -2 442
465 588 699 1 489 766
466 64 79 1 -8 145
467 177 31 1 103 106
468 575 246 1 477 350
469 396 425 1 314 497
470 398 937 1 317 988
471 442 772 1 360 827
472 284 941 1 206 992
473 509 239 1 416 342
474 371 994 1 291 1043
475 356 767 1 277 820
476 662 182 1 553 302
477 318 65 1 241 158
478 591 828 1 493 885
479 324 514 1 245 576
480 560 477 1 466 556
481 387 1222 1 307 1265
482 321 861 1 243 913
483 298 273 1 220 339
484 520 506 1 430 579
485 228 276 1 154 357
486 186 704 1 111 759
487 198 1179 1 122 1228
488 504 747 1 417 806
489 229 1159 1 152 1207
490 541 785 1 450 843
491 489 257 1 400 352
492 363 1010 1 283 1059
493 399 906 1 318 957
494 116 1166 1 39 1218
495 651 985 1 536 1027
496 172 95 1 98 164
497 338 805 1 258 858
498 455 993 1 371 1040
499 78 646 1 3 703
500 609 788 1 508 848
501 360 685 1 280 742
502 369 772 1 289 826
503 351 1158 1 272 1205
504 366 1180 1 287 1227
505 616 692 1 513 762
506 450 1107 1 369 1153
507 554 486 1 460 564
508 377 956 1 297 1006
509 666 50 1 543 222
510 601 743 1 501 806
511 376 1004 1 296 1053
512 432 756 1 350 812
513 469 218 1 379 336
514 525 778 1 436 836
515 65 63 1 -7 133
516 76 553 1 1 611
517 546 1243 1 456 1276
518 516 315 1 423 413
519 95 653 1 20 708
520 509 1156 1 421 1193
521 77 593 1 1 649
522 416 211 1 332 311
523 403 963 1 323 1012
524 348 958 1 268 1009
525 182 411 1 106 471
526 575 274 1 478 376
527 302 810 1 223 864
528 450 401 1 367 472
529 377 1246 1 298 1288
530 111 73 1 37 143
531 94 743 1 18 798
532 563 1129 1 471 1166
533 343 948 1 264 999
534 71 391 1 -3 452
535 569 502 1 474 581
536 350 1111 1 271 1159
537 364 1144 1 285 1191
538 220 630 1 144 687
539 619 888 1 516 940
540 119 948 1 43 1000
541 350 755 1 271 810
542 258 534 1 181 592
543 498 289 1 408 381
544 75 473 1 0 532
545 690 813 1 579 872
546 569 381 1 473 470
547 177 1033 1 101 1085
548 376 1132 1 296 1178
549 178 557 1 103 617
550 365 737 1 285 792
551 367 1154 1 288 1201
552 322 677 1 244 734
553 113 1134 1 36 1185
554 299 897 1 221 949
555 431 253 1 349 328
556 320 504 1 241 565
557 81 321 1 7 383
558 332 544 1 253 606
559 344 903 1 265 954
560 562 706 1 467 770
561 412 388 1 329 463
562 305 1165 1 227 1213
563 239 1162 1 162 1211
564 339 734 1 260 788
565 320 877 1 242 929
566 166 1043 1 88 1094
567 286 1067 1 208 1117
568 80 705 1 5 761
569 562 156 1 461 282
570 76 100 1 4 169
571 72 430 1 -2 491
572 280 528 1 202 591
573 99 860 1 23 913
574 69 335 1 -3 398
575 341 818 1 262 872
576 282 848 1 204 901
577 418 99 1 337 172
578 309 846 1 231 899
579 310 1192 1 232 1239
580 459 719 1 376 776
581 403 1175 1 322 1219
