0 125 583 1 39 597
1 412 1043 1 306 1057
2 420 779 1 322 801
3 490 865 1 386 888
4 487 804 1 384 830
5 419 54 1 344 126
6 388 879 1 287 896
7 502 1025 1 391 1042
8 226 1157 1 118 1167
9 198 711 1 107 726
10 563 1251 1 440 1255
11 378 285 1 298 315
12 562 1195 1 440 1202
13 182 487 1 98 505
14 222 1117 1 116 1127
15 129 647 1 41 660
16 511 1010 1 400 1027
17 430 338 1 347 381
18 471 852 1 368 876
19 495 911 1 388 933
20 120 490 1 37 506
21 439 63 1 364 134
22 459 305 1 375 352
23 126 684 1 36 696
24 531 311 1 440 373
25 179 355 1 101 376
26 603 255 1 505 339
27 472 834 1 369 857
28 190 643 1 100 659
29 115 528 1 31 543
30 452 1255 1 335 1263
31 432 353 1 347 396
32 472 878 1 367 900
33 160 1119 1 54 1128
34 130 628 1 43 642
35 224 1130 1 117 1141
36 513 1034 1 402 1050
37 499 1072 1 388 1086
38 445 541 1 354 571
39 488 819 1 385 844
40 516 1075 1 404 1090
41 135 729 1 44 742
42 510 999 1 400 1017
43 140 808 1 46 819
44 475 390 1 387 433
45 421 1083 1 314 1095
46 116 425 1 36 442
47 433 365 1 347 408
48 226 1079 1 122 1089
49 156 368 1 77 387
50 574 1252 1 450 1255
51 391 951 1 287 968
52 462 330 1 377 374
53 545 344 1 452 405
54 137 835 1 42 845
55 542 310 1 450 373
56 147 887 1 49 898
57 540 1198 1 421 1204
58 375 270 1 296 298
59 693 850 1 565 887
60 605 265 1 506 349
61 135 700 1 45 713
62 142 790 1 48 802
63 521 1053 1 409 1069
64 500 1063 1 388 1077
65 574 1195 1 451 1202
66 187 581 1 100 597
67 471 443 1 382 482
68 483 344 1 396 392
69 179 1250 1 68 1257
70 396 773 1 299 793
71 391 725 1 295 747
72 202 834 1 105 847
73 575 329 1 479 398
74 403 1026 1 297 1041
75 112 472 1 30 488
76 421 757 1 323 780
77 347 861 1 248 879
78 117 546 1 32 561
79 190 623 1 101 638
80 380 478 1 293 503
81 500 1014 1 390 1031
82 111 340 1 34 358
83 30 952 1 -72 959
84 489 855 1 385 878
85 373 244 1 296 273
86 521 1185 1 405 1192
87 146 852 1 50 863
88 660 873 1 535 906
89 182 525 1 98 542
90 509 297 1 418 370
91 603 233 1 504 320
92 116 388 1 37 406
93 481 911 1 376 931
94 26 899 1 -73 905
95 171 372 1 93 392
96 434 444 1 346 481
97 159 50 1 92 76
98 178 423 1 96 441
99 443 506 1 353 536
100 192 682 1 101 696
101 497 937 1 390 957
102 182 372 1 103 394
103 126 546 1 41 561
104 428 1142 1 317 1155
105 377 412 1 292 439
106 477 431 1 389 470
107 175 384 1 95 403
108 574 356 1 477 424
109 173 337 1 96 357
110 435 538 1 344 568
111 428 943 1 323 961
112 429 1187 1 317 1197
113 412 921 1 309 938
114 382 981 1 278 996
115 486 945 1 380 965
116 317 480 1 231 503
117 183 543 1 98 559
118 552 356 1 458 420
119 161 381 1 81 400
120 466 799 1 365 824
121 308 67 1 238 116
122 388 914 1 286 931
123 447 407 1 360 446
124 370 1031 1 265 1045
125 179 468 1 96 486
126 106 370 1 28 387
127 446 845 1 345 866
128 430 328 1 347 370
129 171 1158 1 62 1167
130 587 851 1 473 882
131 468 96 1 391 150
132 192 698 1 101 712
133 388 711 1 293 733
134 479 901 1 374 921
135 508 307 1 418 373
136 575 316 1 479 386
137 447 319 1 363 364
138 432 1056 1 324 1071
139 161 65 1 92 88
140 468 378 1 380 422
141 573 345 1 477 414
142 467 406 1 379 447
143 104 322 1 27 341
144 514 328 1 422 396
145 167 1212 1 58 1220
146 552 319 1 458 388
147 469 301 1 384 360
148 176 1212 1 68 1220
149 483 458 1 393 499
150 441 250 1 357 332
151 135 683 1 45 696
152 473 865 1 367 888
153 457 853 1 353 877
154 468 1014 1 359 1029
155 648 868 1 528 900
156 26 915 1 -75 920
157 487 321 1 399 380
158 319 462 1 234 485
159 246 117 1 177 157
160 35 1008 1 -69 1014
161 550 307 1 457 375
162 378 458 1 292 484
163 478 1035 1 368 1051
164 514 42 1 435 119
165 361 1253 1 248 1263
166 410 757 1 312 778
167 417 1151 1 306 1162
168 125 527 1 41 542
169 239 1247 1 130 1251
170 498 947 1 391 966
171 303 688 1 209 705
172 431 738 1 334 760
173 448 267 1 363 347
174 441 1231 1 328 1240
175 454 783 1 355 807
176 412 69 1 337 136
177 106 690 1 16 702
178 409 746 1 312 767
179 171 192 1 99 216
180 118 842 1 22 852
181 341 960 1 239 975
182 420 854 1 319 875
183 172 314 1 95 335
184 447 328 1 364 371
185 169 1135 1 63 1143
186 335 792 1 238 810
187 433 509 1 343 538
188 343 1113 1 236 1126
189 442 1006 1 335 1022
190 166 209 1 93 230
191 574 306 1 479 378
192 326 837 1 230 855
193 37 1020 1 -67 1026
194 106 259 1 32 278
195 194 728 1 102 742
196 651 999 1 519 1020
197 108 229 1 34 249
198 474 352 1 388 398
199 33 986 1 -70 992
200 309 462 1 224 486
201 487 261 1 401 342
202 430 155 1 352 201
203 122 471 1 40 488
204 162 110 1 92 133
205 131 986 1 29 995
206 574 297 1 479 369
207 449 821 1 349 843
208 169 1179 1 61 1186
209 448 864 1 346 886
210 546 331 1 452 394
211 387 993 1 283 1008
212 170 157 1 99 183
213 484 1071 1 372 1085
214 31 969 1 -71 975
215 362 774 1 266 793
216 97 541 1 13 555
217 95 54 1 28 74
218 426 530 1 336 560
219 346 831 1 248 849
220 344 1128 1 236 1141
221 103 213 1 30 233
222 290 873 1 192 889
223 164 1089 1 59 1097
224 582 772 1 472 807
225 487 379 1 396 435
226 142 1124 1 36 1132
227 425 1162 1 313 1173
228 406 1201 1 294 1209
229 463 349 1 376 396
230 591 892 1 478 920
231 475 773 1 375 798
232 656 852 1 532 887
233 320 979 1 218 992
234 45 1098 1 -59 1104
235 538 296 1 449 360
236 102 113 1 33 134
237 374 372 1 291 400
238 366 847 1 267 865
239 398 1000 1 294 1017
240 374 313 1 294 342
241 380 1171 1 270 1182
242 437 263 1 352 346
243 653 958 1 526 983
244 114 322 1 37 341
245 376 431 1 291 458
246 150 939 1 51 949
247 440 82 1 364 152
248 393 1244 1 280 1255
249 322 991 1 219 1005
250 542 357 1 447 421
251 99 154 1 29 175
252 254 985 1 155 998
253 369 764 1 273 784
254 543 320 1 452 382
255 284 84 1 214 132
256 201 983 1 101 994
257 98 70 1 30 90
258 126 702 1 35 714
259 565 357 1 468 425
260 398 738 1 302 758
261 524 1255 1 403 1255
262 402 782 1 304 803
263 132 791 1 38 803
264 430 974 1 325 991
265 143 908 1 45 918
266 169 1118 1 63 1126
267 367 1152 1 258 1164
268 373 359 1 292 388
269 383 800 1 286 819
270 380 939 1 278 955
271 548 285 1 456 358
272 383 517 1 296 541
273 105 178 1 34 198
274 295 780 1 199 796
275 106 389 1 28 406
276 579 365 1 481 433
277 88 383 1 10 400
278 171 179 1 99 203
279 327 1124 1 220 1136
280 355 675 1 263 696
281 155 1255 1 44 1263
282 365 539 1 276 564
283 288 711 1 195 730
284 383 970 1 279 986
285 393 259 1 313 316
286 393 980 1 289 996
287 409 155 1 333 195
288 167 253 1 93 275
289 328 965 1 226 979
290 308 1233 1 197 1242
291 354 1129 1 246 1142
292 394 1115 1 286 1128
293 424 1220 1 311 1229
294 294 745 1 197 762
295 464 29 1 388 107
296 382 738 1 287 759
297 673 168 1 565 281
298 466 720 1 368 747
299 570 808 1 460 840
300 169 991 1 68 1001
301 348 792 1 251 810
302 402 950 1 298 967
303 444 1020 1 337 1036
304 372 299 1 292 329
305 465 394 1 378 436
306 288 50 1 221 98
307 468 1036 1 359 1051
308 364 1112 1 255 1125
309 318 954 1 219 969
310 122 605 1 36 619
311 529 1230 1 410 1234
312 448 721 1 351 746
313 137 751 1 44 762
314 399 1232 1 288 1240
315 386 904 1 284 922
316 337 828 1 239 844
317 308 620 1 217 638
318 554 770 1 447 802
319 215 917 1 116 930
320 294 583 1 207 606
321 376 929 1 275 946
322 329 77 1 257 110
323 160 100 1 91 123
324 533 750 1 428 783
325 423 277 1 340 345
326 471 236 1 386 318
327 408 1126 1 299 1138
328 450 455 1 362 494
329 428 51 1 354 122
330 253 41 1 186 88
331 116 368 1 38 386
332 445 834 1 344 857
333 536 782 1 431 812
334 549 257 1 457 341
335 498 312 1 408 376
336 66 295 1 -8 313
337 584 1251 1 459 1254
338 319 79 1 249 136
339 367 553 1 278 575
340 343 927 1 242 942
341 73 66 1 5 85
342 375 901 1 274 919
343 473 1053 1 363 1068
344 642 851 1 520 885
345 199 1065 1 95 1075
346 79 218 1 7 237
347 415 457 1 328 495
348 615 905 1 496 932
349 444 363 1 358 406
350 170 129 1 100 152
351 482 842 1 380 865
352 655 852 1 531 886
353 153 960 1 53 970
354 265 325 1 188 366
355 226 339 1 151 377
356 70 374 1 -7 391
357 606 724 1 492 765
358 352 920 1 251 935
359 565 771 1 456 804
360 373 814 1 275 833
361 403 961 1 298 979
362 360 762 1 263 780
363 315 889 1 217 906
364 426 865 1 324 885
365 284 464 1 200 486
366 283 435 1 200 458
367 399 758 1 303 779
368 397 989 1 292 1005
369 119 448 1 38 464
370 262 182 1 188 216
371 353 1111 1 246 1124
372 561 289 1 468 360
373 337 725 1 243 746
374 412 1166 1 302 1177
375 426 520 1 337 550
376 80 532 1 -2 547
377 447 339 1 363 381
378 531 369 1 440 428
379 390 1018 1 285 1033
380 586 811 1 475 844
381 297 927 1 197 941
382 418 1234 1 305 1242
383 291 1226 1 182 1233
384 505 61 1 424 140
385 499 259 1 408 343
386 102 103 1 33 123
387 313 688 1 220 706
388 314 879 1 217 895
389 378 784 1 281 803
390 215 711 1 124 727
391 483 421 1 394 463
392 359 1008 1 255 1022
393 410 993 1 305 1009
394 356 828 1 258 846
395 396 428 1 310 467
396 481 310 1 393 372
397 414 1007 1 309 1022
398 261 212 1 187 252
399 296 565 1 208 587
400 517 217 1 427 308
401 95 532 1 12 546
402 432 750 1 334 772
403 315 1214 1 205 1222
404 86 446 1 5 462
405 364 1227 1 253 1236
406 358 136 1 285 168
407 370 835 1 271 854
408 507 288 1 417 359
409 154 981 1 54 991
410 86 631 1 -1 643
411 365 1022 1 261 1036
412 153 928 1 55 938
413 645 178 1 541 285
414 264 826 1 169 843
415 381 1029 1 276 1043
416 74 452 1 -6 467
417 87 472 1 6 488
418 662 889 1 536 920
419 378 998 1 274 1013
420 258 153 1 188 197
421 277 1070 1 172 1082
422 380 1008 1 275 1023
423 429 1046 1 322 1062
424 502 1035 1 392 1051
425 358 815 1 260 833
426 471 164 1 390 236
427 68 335 1 -7 352
428 345 875 1 246 892
429 308 915 1 208 929
430 582 1194 1 460 1201
431 70 358 1 -7 375
432 293 958 1 192 971
433 294 1218 1 184 1226
434 409 1101 1 301 1114
435 348 817 1 250 834
436 693 837 1 565 874
437 588 221 1 488 322
438 244 131 1 174 175
439 460 40 1 384 113
440 576 1215 1 453 1222
441 423 1117 1 314 1130
442 369 1009 1 265 1023
443 173 1049 1 70 1058
444 121 630 1 34 645
445 67 314 1 -8 331
446 79 324 1 3 341
447 241 1220 1 132 1226
448 304 937 1 203 951
449 457 171 1 375 256
450 79 227 1 7 246
451 414 769 1 316 791
452 105 752 1 13 764
453 594 212 1 493 319
454 378 1134 1 269 1147
455 327 1230 1 217 1237
456 142 1133 1 36 1140
457 510 1047 1 398 1063
458 507 370 1 415 434
459 82 546 1 -1 560
460 380 1057 1 274 1070
461 550 940 1 438 962
462 654 1205 1 521 1209
463 541 1240 1 420 1244
464 252 1232 1 143 1239
465 76 462 1 -5 478
466 146 834 1 51 845
467 383 1100 1 276 1113
468 67 324 1 -8 341
469 352 1099 1 245 1111
470 348 1083 1 242 1095
471 117 851 1 21 861
472 374 972 1 271 987
473 598 1145 1 474 1155
474 74 431 1 -5 446
475 165 77 1 97 101
476 260 104 1 191 147
477 591 729 1 480 769
478 327 1003 1 223 1015
479 407 58 1 334 129
480 396 465 1 309 503
481 417 972 1 312 988
482 456 805 1 355 829
483 304 980 1 202 992
484 326 936 1 226 951
485 497 284 1 409 353
486 392 1030 1 286 1044
487 370 804 1 272 822
488 490 331 1 401 390
489 328 554 1 240 580
490 557 513 1 458 563
491 339 899 1 239 915
492 295 318 1 216 345
493 520 542 1 423 585
494 417 1255 1 302 1263
495 227 327 1 151 365
496 199 748 1 107 761
497 227 1221 1 118 1227
498 514 779 1 411 808
499 411 131 1 336 176
500 257 1199 1 149 1207
501 550 815 1 443 845
502 326 136 1 254 169
503 385 1046 1 279 1060
504 416 940 1 313 958
505 144 1211 1 35 1219
506 658 1002 1 523 1022
507 165 147 1 94 170
508 353 843 1 254 860
509 474 1023 1 365 1039
510 90 694 1 0 706
511 615 814 1 498 849
512 371 723 1 276 745
513 415 958 1 311 975
514 382 809 1 285 829
515 378 1195 1 268 1204
516 394 1216 1 283 1226
517 618 721 1 503 765
518 476 1139 1 364 1152
519 552 522 1 453 571
520 635 112 1 528 245
521 605 771 1 492 808
522 398 1039 1 291 1054
523 445 791 1 345 814
524 458 269 1 371 350
525 536 809 1 430 838
526 631 1243 1 502 1246
527 58 120 1 -10 140
528 84 602 1 -1 615
529 507 359 1 415 424
530 107 700 1 17 711
531 86 641 1 -1 653
532 82 559 1 -2 572
533 423 996 1 318 1012
534 368 995 1 264 1010
535 185 458 1 102 476
536 317 847 1 220 866
537 449 440 1 361 478
538 103 128 1 33 149
539 108 790 1 15 800
540 585 1151 1 463 1162
541 363 985 1 260 1000
542 73 441 1 -6 456
543 567 537 1 466 587
544 376 1147 1 267 1159
545 391 1180 1 281 1191
546 566 196 1 471 292
547 628 911 1 506 939
548 141 992 1 40 1001
549 364 793 1 267 812
550 264 578 1 177 596
551 81 522 1 -2 536
552 562 420 1 465 478
553 202 1076 1 98 1085
554 402 1167 1 292 1177
555 185 603 1 100 621
556 377 774 1 280 794
557 394 1190 1 283 1201
558 333 716 1 240 738
559 141 1179 1 33 1186
560 316 934 1 217 950
561 425 296 1 343 335
562 29 940 1 -72 946
563 324 545 1 237 570
564 82 372 1 3 388
565 84 616 1 -2 629
566 363 940 1 261 956
567 567 737 1 459 772
568 410 429 1 324 469
569 332 1203 1 223 1212
570 267 1202 1 159 1210
571 352 773 1 256 791
572 339 915 1 238 930
573 190 1087 1 85 1095
574 311 1106 1 204 1117
575 94 753 1 2 763
576 71 155 1 1 175
577 77 480 1 -5 495
578 286 572 1 198 596
579 118 906 1 20 915
580 71 387 1 -6 403
581 357 856 1 258 874
582 299 887 1 201 902
583 407 142 1 331 179
584 326 884 1 228 901
585 339 1229 1 229 1238
586 87 641 1 0 654
587 470 753 1 371 778
588 430 1208 1 318 1218
