0 85 585 1 37 599
1 376 786 1 319 802
2 444 871 1 384 888
3 441 811 1 382 831
4 386 68 1 341 132
5 342 884 1 285 897
6 365 1048 1 304 1057
7 447 918 1 386 933
8 453 1030 1 389 1041
9 155 715 1 105 728
10 509 1198 1 437 1199
11 173 1120 1 115 1127
12 176 1161 1 117 1167
13 342 292 1 296 318
14 87 648 1 39 662
15 463 1015 1 398 1027
16 394 347 1 345 384
17 430 112 1 384 159
18 142 489 1 96 507
19 81 492 1 36 508
20 407 76 1 361 140
21 426 345 1 376 382
22 83 685 1 34 698
23 425 885 1 365 900
24 147 583 1 98 599
25 494 324 1 437 378
26 143 358 1 100 378
27 426 840 1 367 857
28 120 1255 1 60 1259
29 425 859 1 366 877
30 76 530 1 30 545
31 141 424 1 95 443
32 562 109 1 490 239
33 395 362 1 345 399
34 283 643 1 232 660
35 93 732 1 43 744
36 110 1122 1 53 1128
37 600 869 1 522 895
38 89 630 1 41 644
39 174 1134 1 115 1141
40 464 1039 1 399 1049
41 450 1077 1 385 1086
42 405 549 1 351 572
43 443 825 1 383 845
44 467 1081 1 401 1089
45 462 1005 1 397 1017
46 96 810 1 45 820
47 437 399 1 385 436
48 147 646 1 99 660
49 79 427 1 35 444
50 394 375 1 344 411
51 119 370 1 75 390
52 373 1087 1 312 1095
53 367 689 1 312 709
54 343 955 1 285 968
55 662 862 1 576 891
56 506 357 1 448 409
57 92 836 1 40 847
58 504 323 1 446 377
59 101 889 1 48 899
60 489 1201 1 418 1201
61 340 277 1 294 301
62 642 858 1 559 887
63 567 282 1 502 355
64 93 702 1 43 715
65 98 793 1 47 803
66 641 858 1 558 886
67 521 1198 1 448 1199
68 188 1251 1 127 1255
69 432 452 1 380 485
70 178 1083 1 120 1090
71 352 779 1 297 794
72 348 731 1 293 748
73 157 837 1 104 848
74 536 343 1 475 403
75 355 1032 1 295 1041
76 73 474 1 29 490
77 376 764 1 321 781
78 302 866 1 246 880
79 77 548 1 31 563
80 148 626 1 99 640
81 341 485 1 291 505
82 451 1020 1 387 1031
83 75 341 1 33 360
84 443 861 1 383 878
85 381 947 1 321 961
86 451 952 1 389 967
87 470 1188 1 402 1190
88 101 854 1 48 864
89 610 881 1 530 906
90 143 527 1 96 544
91 452 275 1 397 348
92 384 538 1 334 562
93 80 389 1 36 408
94 564 271 1 500 345
95 134 374 1 91 394
96 421 808 1 363 825
97 129 52 1 90 80
98 403 513 1 351 538
99 149 685 1 99 697
100 450 943 1 388 957
101 423 316 1 372 355
102 145 376 1 101 396
103 86 548 1 40 563
104 378 1147 1 315 1155
105 339 419 1 290 441
106 439 440 1 387 473
107 507 345 1 449 398
108 138 387 1 94 406
109 535 370 1 473 429
110 447 355 1 393 395
111 138 340 1 94 360
112 395 546 1 342 569
113 378 1191 1 315 1197
114 412 338 1 362 374
115 365 926 1 307 939
116 439 951 1 377 965
117 278 485 1 230 505
118 143 545 1 96 561
119 513 369 1 454 425
120 125 384 1 80 402
121 391 1234 1 326 1239
122 277 75 1 236 120
123 342 919 1 284 932
124 409 416 1 357 449
125 322 1036 1 263 1046
126 395 452 1 344 484
127 141 471 1 95 488
128 70 372 1 27 390
129 276 625 1 224 641
130 393 337 1 344 374
131 121 1161 1 61 1168
132 150 701 1 99 714
133 345 717 1 291 734
134 470 320 1 414 378
135 536 330 1 475 391
136 411 329 1 361 367
137 383 1061 1 322 1071
138 130 68 1 90 91
139 431 388 1 377 425
140 285 624 1 234 641
141 534 360 1 473 418
142 428 415 1 376 450
143 68 324 1 26 343
144 476 341 1 419 401
145 116 1216 1 57 1220
146 433 313 1 381 365
147 125 1216 1 66 1220
148 443 468 1 390 502
149 406 264 1 354 338
150 92 685 1 43 698
151 471 1059 1 406 1068
152 426 871 1 365 889
153 419 1019 1 357 1029
154 83 989 1 28 996
155 663 884 1 576 911
156 388 177 1 342 218
157 450 332 1 396 385
158 280 467 1 232 487
159 215 123 1 175 162
160 563 254 1 498 329
161 512 320 1 453 380
162 339 465 1 290 486
163 429 1040 1 366 1051
164 482 59 1 431 125
165 366 763 1 310 779
166 366 1155 1 304 1162
167 85 528 1 39 544
168 430 907 1 371 922
169 385 528 1 335 552
170 260 692 1 207 706
171 387 745 1 332 761
172 412 281 1 360 353
173 260 810 1 206 825
174 410 790 1 353 808
175 366 752 1 310 768
176 63 692 1 15 704
177 138 196 1 97 218
178 73 843 1 21 853
179 400 851 1 342 867
180 294 965 1 237 975
181 375 860 1 317 876
182 338 249 1 293 276
183 137 317 1 93 337
184 120 1137 1 61 1144
185 291 798 1 236 811
186 393 516 1 341 540
187 294 1118 1 235 1126
188 410 859 1 351 877
189 394 1011 1 332 1022
190 133 212 1 92 232
191 536 321 1 475 383
192 281 842 1 228 856
193 72 260 1 31 281
194 150 731 1 100 743
195 74 231 1 33 252
196 335 986 1 276 997
197 437 362 1 385 401
198 271 468 1 222 488
199 396 166 1 350 205
200 294 1134 1 234 1141
201 83 473 1 39 490
202 130 113 1 91 136
203 535 312 1 475 374
204 404 827 1 347 844
205 118 1182 1 60 1187
206 403 870 1 344 886
207 448 390 1 393 439
208 340 999 1 281 1008
209 138 161 1 98 186
210 435 1075 1 370 1085
211 318 779 1 264 794
212 57 543 1 11 557
213 65 55 1 26 77
214 301 836 1 246 850
215 69 214 1 29 235
216 245 877 1 191 890
217 230 332 1 187 370
218 115 1092 1 57 1098
219 535 780 1 468 808
220 92 1127 1 35 1132
221 375 1166 1 311 1173
222 426 359 1 373 399
223 667 1007 1 578 1021
224 606 859 1 527 887
225 273 983 1 216 993
226 349 1236 1 286 1240
227 71 114 1 31 137
228 337 379 1 289 402
229 437 250 1 382 324
230 351 1005 1 292 1017
231 338 320 1 292 345
232 330 1175 1 268 1182
233 430 100 1 382 153
234 602 964 1 521 982
235 78 324 1 36 343
236 338 438 1 289 460
237 104 941 1 49 950
238 275 995 1 218 1005
239 282 674 1 229 690
240 67 156 1 27 178
241 208 988 1 154 998
242 326 770 1 271 785
243 505 333 1 448 386
244 584 229 1 514 322
245 451 1067 1 386 1077
246 462 275 1 405 349
247 154 986 1 99 995
248 67 71 1 28 93
249 83 704 1 33 715
250 526 371 1 464 429
251 354 744 1 300 759
252 594 1007 1 508 1022
253 436 917 1 374 932
254 403 151 1 356 194
255 357 788 1 302 804
256 88 793 1 37 804
257 383 979 1 323 991
258 97 910 1 43 919
259 120 1120 1 62 1127
260 317 1157 1 256 1164
261 337 366 1 290 390
262 339 806 1 284 820
263 344 523 1 293 543
264 73 179 1 33 201
265 251 784 1 197 797
266 69 391 1 26 408
267 539 379 1 477 437
268 192 333 1 150 369
269 51 384 1 8 402
270 139 182 1 97 206
271 278 1129 1 218 1136
272 313 680 1 261 697
273 325 545 1 274 566
274 245 715 1 193 731
275 336 975 1 277 987
276 661 122 1 580 246
277 346 985 1 287 996
278 376 164 1 331 198
279 134 256 1 92 277
280 281 970 1 224 980
281 257 1237 1 196 1241
282 305 1134 1 244 1142
283 374 1224 1 309 1229
284 249 750 1 196 763
285 433 45 1 385 113
286 339 745 1 285 760
287 293 143 1 252 172
288 634 190 1 559 289
289 422 728 1 365 748
290 523 816 1 457 840
291 122 993 1 66 1002
292 206 971 1 154 982
293 304 798 1 249 811
294 355 955 1 296 967
295 396 1025 1 335 1035
296 336 306 1 290 331
297 427 403 1 375 439
298 675 219 1 599 307
299 259 58 1 219 102
300 519 108 1 453 239
301 419 1040 1 357 1051
302 315 1117 1 253 1125
303 272 958 1 218 969
304 82 607 1 34 621
305 159 750 1 106 763
306 405 728 1 349 747
307 94 752 1 43 764
308 351 1205 1 289 1210
309 340 909 1 282 922
310 658 200 1 582 293
311 292 832 1 237 845
312 267 624 1 215 640
313 430 780 1 372 799
314 675 101 1 589 234
315 168 920 1 115 930
316 254 588 1 205 608
317 330 934 1 273 946
318 508 778 1 444 803
319 129 103 1 90 126
320 487 758 1 425 784
321 334 945 1 276 956
322 359 1131 1 297 1138
323 411 464 1 359 497
324 397 64 1 351 128
325 223 48 1 185 92
326 80 370 1 36 389
327 399 840 1 342 857
328 490 789 1 427 813
329 511 272 1 453 337
330 461 325 1 405 380
331 31 296 1 -10 315
332 358 269 1 310 321
333 287 87 1 247 141
334 327 559 1 276 577
335 296 931 1 240 943
336 42 67 1 4 88
337 329 906 1 272 919
338 425 1058 1 361 1067
339 593 859 1 515 885
340 150 1068 1 94 1075
341 42 590 1 -4 604
342 288 1233 1 227 1237
343 46 219 1 5 240
344 376 465 1 325 497
345 406 374 1 355 409
346 321 859 1 265 873
347 138 131 1 98 154
348 605 859 1 526 886
349 106 962 1 52 971
350 191 345 1 149 381
351 33 375 1 -8 393
352 559 733 1 488 766
353 306 924 1 250 936
354 519 779 1 453 805
355 328 819 1 273 834
356 356 967 1 296 980
357 316 767 1 261 781
358 380 870 1 322 886
359 246 469 1 198 488
360 245 441 1 198 460
361 343 1121 1 284 1128
362 355 764 1 301 780
363 186 1196 1 128 1200
364 42 591 1 -4 604
365 350 995 1 290 1006
366 81 449 1 36 466
367 304 1116 1 244 1124
368 523 304 1 464 365
369 294 731 1 241 747
370 362 1170 1 300 1177
371 40 513 1 -5 528
372 40 533 1 -4 549
373 411 349 1 361 385
374 343 1023 1 283 1033
375 540 819 1 471 845
376 251 931 1 196 942
377 367 1238 1 303 1241
378 241 1229 1 180 1233
379 529 286 1 469 348
380 501 310 1 446 365
381 343 1250 1 280 1254
382 71 104 1 31 126
383 270 692 1 218 707
384 269 882 1 215 896
385 675 229 1 598 320
386 334 789 1 279 804
387 173 714 1 123 729
388 312 1012 1 253 1022
389 363 998 1 303 1009
390 311 833 1 256 847
391 358 436 1 308 470
392 444 322 1 390 376
393 367 1012 1 306 1022
394 255 569 1 206 589
395 481 233 1 423 314
396 56 533 1 10 548
397 388 757 1 332 774
398 264 1218 1 204 1222
399 48 448 1 3 464
400 313 1231 1 252 1236
401 327 144 1 283 171
402 326 841 1 269 854
403 470 302 1 414 364
404 106 983 1 53 991
405 379 81 1 334 142
406 480 327 1 423 386
407 45 632 1 -3 644
408 315 1246 1 252 1249
409 371 438 1 322 472
410 107 930 1 53 939
411 607 199 1 536 292
412 333 1034 1 274 1043
413 36 453 1 -7 469
414 48 473 1 4 490
415 611 896 1 531 920
416 330 1003 1 272 1013
417 227 160 1 187 201
418 229 1074 1 171 1082
419 332 1013 1 273 1023
420 381 1052 1 320 1062
421 454 1041 1 390 1051
422 313 820 1 258 834
423 565 911 1 492 932
424 438 176 1 386 242
425 32 335 1 -9 354
426 300 879 1 244 893
427 261 918 1 206 930
428 530 1198 1 457 1199
429 33 359 1 -8 377
430 247 962 1 191 972
431 243 1222 1 183 1226
432 360 1106 1 299 1114
433 303 822 1 248 835
434 642 845 1 560 874
435 550 239 1 483 330
436 428 55 1 381 119
437 532 1254 1 457 1251
438 524 1219 1 450 1219
439 373 1123 1 312 1130
440 322 1013 1 263 1023
441 125 1051 1 69 1059
442 80 632 1 33 647
443 32 315 1 -9 334
444 476 1245 1 404 1242
445 44 325 1 1 344
446 423 187 1 372 263
447 46 228 1 5 248
448 369 776 1 314 792
449 62 753 1 12 765
450 556 231 1 488 326
451 329 1139 1 268 1147
452 277 1233 1 215 1236
453 92 1135 1 34 1141
454 372 196 1 328 225
455 461 1052 1 396 1062
456 517 349 1 457 405
457 42 547 1 -3 562
458 332 1062 1 272 1071
459 501 946 1 435 962
460 201 1235 1 142 1239
461 37 463 1 -6 480
462 101 836 1 49 846
463 334 1105 1 274 1113
464 31 325 1 -9 344
465 50 736 1 2 748
466 217 142 1 178 184
467 397 307 1 347 348
468 72 852 1 20 862
469 327 977 1 269 988
470 36 432 1 -7 449
471 135 80 1 95 104
472 545 738 1 476 770
473 279 1006 1 221 1016
474 376 71 1 331 135
475 358 474 1 307 506
476 369 977 1 310 989
477 595 878 1 517 904
478 411 812 1 352 830
479 257 983 1 201 993
480 280 940 1 224 952
481 460 297 1 406 358
482 344 1035 1 284 1044
483 325 810 1 270 823
484 53 793 1 2 804
485 322 215 1 278 241
486 288 559 1 239 582
487 515 524 1 454 566
488 664 899 1 577 924
489 432 187 1 380 265
490 259 324 1 214 347
491 46 668 1 -2 680
492 469 787 1 408 809
493 378 142 1 333 179
494 207 1202 1 148 1206
495 504 823 1 439 845
496 337 1051 1 277 1060
497 370 945 1 311 958
498 93 1215 1 34 1219
499 604 1006 1 518 1020
500 270 833 1 216 848
501 133 149 1 92 173
502 451 285 1 396 358
503 308 848 1 252 861
504 426 1028 1 363 1039
505 47 695 1 0 707
506 567 822 1 494 850
507 328 728 1 274 746
508 338 815 1 283 830
509 328 1199 1 266 1204
510 344 1221 1 281 1225
511 570 731 1 498 766
512 426 1144 1 362 1152
513 510 533 1 449 574
514 597 136 1 522 255
515 558 779 1 488 809
516 350 1044 1 289 1054
517 400 798 1 342 815
518 422 283 1 368 356
519 490 817 1 427 838
520 26 121 1 -12 143
521 44 603 1 -2 616
522 64 701 1 16 713
523 331 216 1 287 242
524 45 642 1 -2 654
525 41 560 1 -4 574
526 353 702 1 300 720
527 321 1000 1 262 1010
528 272 852 1 218 867
529 410 449 1 359 480
530 72 130 1 32 152
531 65 792 1 14 802
532 533 1156 1 460 1160
533 316 990 1 258 1000
534 36 442 1 -7 458
535 326 1152 1 265 1159
536 341 1184 1 279 1190
537 386 732 1 331 751
538 578 918 1 502 938
539 93 994 1 38 1002
540 320 798 1 265 813
541 42 523 1 -4 538
542 522 432 1 461 482
543 153 1079 1 96 1086
544 408 98 1 361 157
545 457 342 1 404 392
546 270 640 1 218 656
547 333 780 1 278 795
548 344 1195 1 281 1201
549 290 721 1 238 739
550 90 1182 1 32 1186
551 176 1225 1 117 1228
552 221 827 1 168 844
553 507 221 1 447 305
554 284 550 1 235 571
555 45 373 1 2 391
556 44 617 1 -3 630
557 316 944 1 259 956
558 522 745 1 456 774
559 282 1206 1 222 1212
560 217 1206 1 157 1210
561 308 778 1 254 792
562 292 920 1 236 931
563 140 1090 1 83 1096
564 262 1111 1 203 1117
565 50 754 1 1 765
566 38 156 1 0 178
567 38 481 1 -6 497
568 245 576 1 197 597
569 72 907 1 19 916
570 33 387 1 -8 405
571 312 861 1 256 874
572 254 891 1 199 903
573 374 152 1 329 182
574 281 888 1 226 901
575 45 642 1 -1 655
576 380 1212 1 316 1217
