0 88 572 1 36 601
1 381 769 1 317 803
2 450 852 1 381 889
3 446 793 1 379 832
4 453 899 1 383 933
5 348 866 1 283 898
6 373 1029 1 302 1057
7 460 1009 1 386 1041
8 410 1241 1 332 1266
9 160 701 1 104 729
10 517 1174 1 434 1197
11 183 1103 1 113 1128
12 187 1144 1 115 1167
13 92 636 1 38 663
14 470 995 1 395 1027
15 430 821 1 364 858
16 393 332 1 342 388
17 382 57 1 339 138
18 144 476 1 95 509
19 83 480 1 34 510
20 403 64 1 359 146
21 425 330 1 373 386
22 88 672 1 33 699
23 431 866 1 362 901
24 150 569 1 97 600
25 491 309 1 433 382
26 143 345 1 98 381
27 426 96 1 381 163
28 132 1237 1 58 1259
29 530 1228 1 444 1248
30 431 841 1 363 877
31 78 517 1 28 547
32 142 411 1 93 445
33 554 102 1 484 250
34 341 468 1 289 507
35 287 628 1 230 661
36 98 718 1 41 745
37 121 1106 1 51 1129
38 602 848 1 517 895
39 93 617 1 40 645
40 185 1117 1 114 1141
41 471 1019 1 396 1049
42 457 1056 1 382 1085
43 407 532 1 349 574
44 447 807 1 380 845
45 474 1060 1 399 1089
46 469 985 1 395 1016
47 102 796 1 43 822
48 436 384 1 382 439
49 151 632 1 97 662
50 79 415 1 33 446
51 394 359 1 342 415
52 393 348 1 342 402
53 119 357 1 74 392
54 381 1067 1 310 1094
55 371 672 1 310 710
56 663 840 1 571 891
57 504 342 1 445 414
58 99 823 1 39 848
59 502 308 1 443 382
60 109 875 1 47 900
61 497 1176 1 415 1199
62 338 261 1 291 303
63 644 836 1 554 887
64 351 937 1 283 969
65 98 689 1 42 716
66 104 779 1 45 804
67 643 836 1 553 886
68 529 1173 1 445 1197
69 199 1232 1 125 1255
70 432 436 1 377 487
71 340 277 1 293 320
72 188 1066 1 118 1090
73 357 762 1 295 795
74 352 715 1 291 749
75 163 822 1 102 849
76 533 328 1 471 408
77 75 462 1 27 492
78 381 746 1 319 782
79 308 849 1 244 881
80 80 536 1 30 565
81 152 612 1 98 641
82 458 999 1 385 1030
83 75 329 1 31 363
84 448 842 1 380 879
85 388 928 1 319 961
86 457 933 1 386 967
87 478 1164 1 399 1188
88 108 840 1 47 865
89 612 859 1 525 906
90 145 514 1 95 546
91 448 262 1 394 353
92 386 522 1 332 564
93 80 377 1 35 410
94 560 258 1 496 351
95 134 362 1 89 397
96 124 39 1 89 83
97 405 497 1 349 540
98 154 671 1 97 699
99 456 923 1 385 957
100 393 151 1 347 209
101 145 363 1 100 398
102 89 536 1 38 565
103 387 1127 1 313 1154
104 339 404 1 288 443
105 438 424 1 384 475
106 505 330 1 445 402
107 138 374 1 92 408
108 532 355 1 469 433
109 445 339 1 390 398
110 137 327 1 92 362
111 310 55 1 270 126
112 388 1171 1 313 1196
113 410 323 1 359 378
114 372 908 1 305 939
115 445 932 1 375 966
116 279 470 1 228 507
117 146 532 1 95 563
118 125 371 1 78 404
119 401 1213 1 324 1238
120 397 529 1 339 571
121 348 901 1 282 932
122 273 62 1 234 125
123 331 1018 1 261 1046
124 395 436 1 342 487
125 142 458 1 93 490
126 70 360 1 25 392
127 279 610 1 222 643
128 288 826 1 226 857
129 392 322 1 342 377
130 133 1144 1 60 1168
131 154 688 1 98 715
132 349 700 1 288 735
133 468 306 1 411 382
134 533 316 1 471 396
135 562 268 1 497 361
136 126 55 1 89 94
137 430 372 1 374 428
138 288 608 1 232 642
139 531 345 1 469 423
140 428 400 1 374 453
141 68 312 1 24 345
142 474 327 1 415 406
143 128 1198 1 55 1220
144 431 299 1 378 369
145 137 1198 1 65 1221
146 443 452 1 387 504
147 403 254 1 351 344
148 97 672 1 42 699
149 427 789 1 360 825
150 478 1038 1 403 1068
151 431 853 1 363 889
152 427 999 1 354 1029
153 91 974 1 27 997
154 664 862 1 571 910
155 384 163 1 340 222
156 282 452 1 230 489
157 142 1251 1 67 1274
158 211 110 1 173 166
159 558 241 1 494 335
160 509 306 1 449 384
161 340 449 1 288 488
162 437 1020 1 363 1050
163 376 1135 1 302 1162
164 88 516 1 38 546
165 386 512 1 333 553
166 264 676 1 205 708
167 391 727 1 330 763
168 409 270 1 357 359
169 265 794 1 205 826
170 414 772 1 351 809
171 370 735 1 308 769
172 69 679 1 14 705
173 136 183 1 95 221
174 80 830 1 19 854
175 405 832 1 340 868
176 302 947 1 236 976
177 380 843 1 315 876
178 336 234 1 291 278
179 136 305 1 92 340
180 321 1238 1 245 1263
181 131 1121 1 60 1144
182 296 781 1 234 812
183 394 500 1 338 542
184 304 1100 1 233 1126
185 416 841 1 348 878
186 402 991 1 330 1022
187 131 199 1 90 235
188 532 307 1 471 387
189 70 248 1 29 283
190 363 1013 1 293 1041
191 156 717 1 98 744
192 72 219 1 31 254
193 343 968 1 274 997
194 436 347 1 382 405
195 272 453 1 221 490
196 304 1116 1 233 1141
197 85 461 1 37 492
198 126 100 1 89 139
199 415 102 1 370 165
200 532 298 1 471 379
201 409 809 1 344 845
202 130 1165 1 58 1187
203 408 851 1 341 887
204 447 376 1 390 443
205 476 45 1 428 131
206 348 980 1 279 1009
207 135 148 1 96 189
208 442 1055 1 368 1084
209 324 763 1 262 795
210 60 530 1 10 559
211 60 43 1 25 79
212 441 898 1 371 932
213 306 820 1 244 851
214 67 202 1 27 238
215 252 861 1 189 891
216 228 318 1 185 373
217 125 1077 1 56 1098
218 538 761 1 465 809
219 103 1111 1 33 1133
220 384 1146 1 309 1172
221 116 1243 1 41 1264
222 425 344 1 370 402
223 669 982 1 572 1019
224 608 838 1 522 887
225 281 966 1 214 993
226 360 1215 1 284 1239
227 67 102 1 30 139
228 337 363 1 287 404
229 433 238 1 379 330
230 358 986 1 290 1018
231 338 305 1 290 347
232 340 1156 1 266 1182
233 437 887 1 369 922
234 426 86 1 379 158
235 605 941 1 517 981
236 78 312 1 34 346
237 338 423 1 287 462
238 112 926 1 48 951
239 282 977 1 216 1006
240 286 658 1 227 692
241 64 144 1 26 181
242 217 972 1 153 998
243 331 753 1 269 786
244 409 400 1 355 451
245 578 217 1 508 330
246 458 1046 1 383 1076
247 458 262 1 401 355
248 162 971 1 98 995
249 62 60 1 26 96
250 88 691 1 32 717
251 523 356 1 461 434
252 359 727 1 298 761
253 597 982 1 503 1020
254 457 312 1 402 385
255 362 771 1 300 805
256 390 961 1 321 991
257 105 896 1 42 920
258 130 1104 1 61 1127
259 479 1235 1 396 1254
260 327 1138 1 254 1164
261 337 351 1 288 393
262 344 789 1 282 821
263 346 508 1 291 545
264 70 167 1 31 204
265 256 768 1 195 798
266 70 379 1 25 411
267 537 364 1 473 442
268 191 322 1 148 372
269 52 373 1 7 404
270 194 1245 1 118 1271
271 288 1110 1 216 1137
272 97 740 1 41 765
273 317 664 1 259 698
274 327 529 1 272 568
275 249 700 1 192 732
276 343 957 1 276 987
277 653 113 1 573 256
278 353 967 1 285 997
279 373 148 1 329 201
280 132 243 1 90 280
281 289 952 1 222 980
282 268 1218 1 194 1241
283 314 1116 1 242 1142
284 384 1203 1 307 1228
285 295 225 1 251 279
286 254 734 1 194 764
287 428 32 1 382 119
288 344 728 1 283 762
289 105 916 1 41 940
290 627 179 1 553 296
291 426 710 1 363 749
292 527 796 1 453 841
293 131 978 1 65 1002
294 215 955 1 152 982
295 309 781 1 247 812
296 403 1005 1 333 1035
297 335 291 1 288 333
298 426 388 1 373 442
299 415 113 1 370 179
300 669 205 1 593 314
301 371 746 1 308 781
302 255 46 1 217 107
303 512 103 1 448 249
304 427 1020 1 354 1050
305 324 1098 1 252 1126
306 379 1251 1 302 1274
307 85 595 1 33 623
308 164 735 1 104 764
309 409 710 1 347 748
310 362 1184 1 287 1210
311 347 892 1 280 923
312 527 534 1 460 595
313 651 188 1 576 301
314 298 816 1 235 846
315 269 609 1 213 641
316 435 762 1 370 800
317 665 93 1 581 244
318 176 905 1 113 931
319 257 573 1 203 610
320 337 916 1 271 947
321 511 760 1 440 804
322 125 90 1 88 129
323 491 740 1 422 785
324 341 927 1 274 956
325 368 1111 1 295 1138
326 392 52 1 348 134
327 238 137 1 199 197
328 80 358 1 35 391
329 405 822 1 339 858
330 494 771 1 425 814
331 507 258 1 449 343
332 29 285 1 -11 318
333 356 256 1 308 326
334 329 543 1 274 579
335 303 914 1 238 943
336 441 303 1 387 374
337 416 128 1 370 195
338 38 55 1 2 90
339 335 889 1 270 920
340 432 1038 1 358 1067
341 595 837 1 511 885
342 160 1052 1 93 1075
343 45 578 1 -5 606
344 299 1214 1 225 1237
345 44 207 1 4 242
346 447 318 1 392 389
347 589 130 1 516 264
348 376 450 1 323 500
349 405 358 1 353 412
350 328 843 1 263 874
351 135 119 1 96 157
352 607 838 1 521 886
353 115 948 1 51 972
354 191 332 1 148 384
355 365 1249 1 288 1274
356 34 363 1 -9 395
357 561 713 1 484 768
358 313 907 1 248 937
359 522 760 1 449 806
360 333 802 1 271 835
361 364 949 1 294 980
362 321 751 1 259 783
363 386 852 1 320 886
364 247 454 1 196 490
365 246 426 1 196 462
366 352 1101 1 282 1128
367 213 931 1 150 958
368 360 747 1 299 782
369 197 1178 1 127 1199
370 46 579 1 -5 606
371 357 976 1 288 1006
372 82 437 1 35 468
373 314 1098 1 242 1124
374 520 290 1 460 370
375 299 715 1 239 748
376 372 1150 1 298 1176
377 42 501 1 -6 530
378 43 521 1 -5 551
379 409 333 1 358 388
380 400 137 1 354 198
381 507 285 1 447 370
382 351 1005 1 281 1033
383 542 800 1 467 845
384 259 915 1 194 943
385 377 1216 1 301 1241
386 252 1210 1 179 1232
387 524 272 1 465 353
388 409 313 1 358 370
389 498 295 1 442 369
390 353 1229 1 278 1254
391 67 93 1 30 128
392 274 677 1 216 709
393 276 866 1 213 897
394 669 216 1 592 326
395 339 772 1 277 805
396 177 701 1 121 730
397 320 995 1 251 1023
398 370 980 1 301 1009
399 317 816 1 254 848
400 358 422 1 306 473
401 374 993 1 304 1022
402 258 555 1 205 591
403 477 222 1 419 321
404 58 521 1 9 550
405 285 586 1 230 623
406 392 739 1 330 775
407 276 1198 1 202 1222
408 49 436 1 2 466
409 325 1210 1 250 1235
410 323 128 1 281 174
411 331 824 1 268 855
412 467 288 1 410 369
413 116 968 1 52 992
414 374 68 1 331 148
415 477 313 1 420 390
416 48 620 1 -4 646
417 326 1225 1 250 1249
418 372 423 1 319 475
419 115 915 1 52 940
420 601 188 1 530 300
421 420 303 1 370 358
422 291 129 1 250 175
423 341 1016 1 272 1044
424 38 441 1 -9 471
425 50 462 1 3 492
426 614 873 1 526 919
427 338 985 1 270 1014
428 224 147 1 185 205
429 238 1057 1 169 1082
430 340 995 1 272 1024
431 389 1033 1 318 1062
432 461 1020 1 387 1051
433 319 803 1 256 835
434 568 889 1 488 931
435 32 324 1 -10 357
436 306 863 1 242 894
437 268 901 1 204 930
438 538 1173 1 453 1197
439 33 347 1 -9 380
440 281 566 1 227 604
441 254 945 1 189 973
442 255 1203 1 181 1225
443 369 1087 1 297 1114
444 309 806 1 246 836
445 643 823 1 555 874
446 544 228 1 478 337
447 390 120 1 346 188
448 423 41 1 378 125
449 540 1228 1 454 1248
450 202 1203 1 130 1226
451 383 1103 1 310 1130
452 329 995 1 261 1024
453 134 1036 1 67 1059
454 373 723 1 311 760
455 31 304 1 -11 336
456 375 1241 1 298 1265
457 485 1220 1 401 1239
458 42 313 1 0 346
459 420 175 1 368 270
460 44 216 1 4 251
461 374 758 1 311 793
462 68 741 1 11 766
463 550 221 1 483 334
464 338 1120 1 266 1147
465 288 1214 1 214 1236
466 103 1120 1 33 1141
467 369 181 1 325 228
468 514 334 1 453 409
469 45 535 1 -4 564
470 341 1043 1 270 1071
471 507 925 1 432 962
472 213 1216 1 140 1239
473 39 452 1 -7 482
474 108 822 1 48 847
475 343 1086 1 272 1114
476 31 314 1 -11 346
477 56 723 1 1 750
478 214 129 1 176 189
479 395 291 1 345 352
480 136 170 1 95 209
481 79 839 1 18 863
482 334 959 1 267 988
483 37 420 1 -8 451
484 130 67 1 93 107
485 547 718 1 472 771
486 287 989 1 219 1016
487 371 60 1 329 141
488 486 1208 1 404 1229
489 358 458 1 305 508
490 376 958 1 308 989
491 598 857 1 513 903
492 416 794 1 350 831
493 265 966 1 199 993
494 287 923 1 223 952
495 458 284 1 402 363
496 212 901 1 150 929
497 352 1016 1 282 1044
498 330 792 1 268 824
499 60 780 1 1 805
500 320 199 1 276 243
501 291 544 1 237 584
502 516 507 1 451 569
503 665 876 1 571 924
504 429 175 1 377 271
505 258 309 1 212 350
506 261 122 1 222 178
507 50 655 1 -4 681
508 473 768 1 405 810
509 300 887 1 235 917
510 218 1184 1 146 1206
511 242 1226 1 169 1248
512 345 1032 1 275 1060
513 377 926 1 309 958
514 106 1198 1 33 1219
515 607 981 1 513 1018
516 276 817 1 214 849
517 129 136 1 91 175
518 448 273 1 392 364
519 313 832 1 250 862
520 433 1008 1 361 1038
521 52 683 1 -2 709
522 569 802 1 490 850
523 332 712 1 272 748
524 343 798 1 281 831
525 482 1245 1 399 1264
526 354 1200 1 279 1225
527 572 712 1 494 767
528 435 1124 1 359 1151
529 510 516 1 446 576
530 358 1026 1 288 1054
531 404 780 1 340 816
532 493 798 1 424 839
533 91 984 1 25 1007
534 47 591 1 -4 618
535 69 688 1 14 714
536 328 200 1 284 245
537 49 630 1 -4 656
538 44 548 1 -5 576
539 357 685 1 298 721
540 329 982 1 260 1011
541 278 837 1 216 867
542 411 433 1 356 483
543 362 936 1 294 968
544 68 117 1 30 155
545 71 778 1 12 803
546 540 1132 1 457 1158
547 323 972 1 256 1001
548 37 431 1 -8 461
549 336 1133 1 263 1159
550 351 1165 1 277 1190
551 390 714 1 329 752
552 581 896 1 497 938
553 102 980 1 37 1003
554 325 782 1 263 814
555 43 511 1 -5 540
556 520 417 1 457 486
557 163 1063 1 95 1086
558 456 328 1 401 396
559 273 624 1 216 658
560 338 763 1 276 796
561 294 705 1 236 740
562 102 1165 1 31 1186
563 188 1206 1 116 1228
564 503 209 1 443 312
565 286 536 1 233 573
566 45 361 1 1 393
567 47 605 1 -4 632
568 323 927 1 257 957
569 524 726 1 453 775
570 286 77 1 245 146
571 293 1187 1 220 1211
572 228 1187 1 156 1210
573 260 874 1 196 903
574 313 761 1 252 793
575 299 902 1 234 932
576 151 1074 1 82 1096
577 272 1092 1 201 1118
578 57 741 1 0 766
579 35 144 1 -1 181
580 40 469 1 -7 499
581 248 562 1 195 599
582 80 894 1 18 917
583 35 376 1 -9 407
584 317 844 1 254 875
585 370 137 1 327 185
586 287 872 1 224 902
587 35 386 1 -9 418
588 50 630 1 -2 657
589 390 1191 1 314 1217
