0 301 750 1 308 808
1 363 778 1 368 836
2 367 880 1 372 935
3 267 846 1 274 901
4 80 610 1 90 669
5 455 344 1 453 428
6 288 1006 1 293 1059
7 427 319 1 427 401
8 318 1212 1 323 1263
9 552 53 1 535 190
10 86 679 1 97 735
11 379 974 1 384 1026
12 99 1076 1 106 1130
13 320 71 1 327 164
14 348 805 1 353 862
15 416 320 1 418 401
16 85 797 1 95 853
17 324 345 1 331 417
18 340 78 1 346 173
19 356 327 1 362 400
20 102 1116 1 108 1169
21 424 1228 1 424 1270
22 362 100 1 369 183
23 325 228 1 331 318
24 73 391 1 86 454
25 46 1207 1 52 1260
26 430 1195 1 430 1238
27 420 1144 1 420 1188
28 468 168 1 459 293
29 271 453 1 279 515
30 324 357 1 331 429
31 213 609 1 221 668
32 37 1078 1 45 1131
33 77 456 1 88 517
34 100 1089 1 107 1143
35 346 824 1 352 880
36 367 1033 1 371 1083
37 78 549 1 90 608
38 364 792 1 369 849
39 338 229 1 344 312
40 366 835 1 370 891
41 379 963 1 383 1016
42 381 995 1 385 1048
43 185 74 1 197 159
44 78 326 1 91 391
45 211 454 1 219 515
46 24 695 1 35 751
47 347 848 1 352 904
48 557 834 1 547 891
49 26 770 1 37 827
50 385 1036 1 387 1087
51 30 849 1 40 904
52 77 510 1 87 570
53 540 830 1 532 887
54 268 915 1 274 970
55 456 283 1 454 377
56 24 665 1 36 722
57 28 754 1 39 809
58 609 860 1 594 915
59 325 330 1 331 402
60 430 1144 1 431 1188
61 112 1203 1 118 1256
62 609 839 1 594 896
63 374 340 1 378 413
64 278 744 1 286 800
65 325 24 1 332 126
66 397 24 1 399 127
67 270 389 1 278 452
68 228 829 1 236 884
69 455 332 1 454 417
70 295 1042 1 301 1092
71 46 1118 1 53 1169
72 59 349 1 71 414
73 364 826 1 369 882
74 104 1040 1 112 1092
75 275 264 1 284 331
76 31 814 1 41 869
77 510 850 1 504 905
78 75 492 1 87 554
79 302 729 1 309 787
80 118 916 1 130 969
81 480 283 1 476 376
82 69 342 1 82 407
83 400 1145 1 401 1190
84 665 878 1 648 932
85 79 647 1 90 705
86 370 904 1 374 958
87 316 1021 1 321 1072
88 80 344 1 93 409
89 366 420 1 372 487
90 294 657 1 300 716
91 393 320 1 396 402
92 72 353 1 85 418
93 275 698 1 282 755
94 213 56 1 224 143
95 73 307 1 85 373
96 359 914 1 364 967
97 588 833 1 576 890
98 341 320 1 348 391
99 332 521 1 339 583
100 289 888 1 295 942
101 633 233 1 616 336
102 430 340 1 430 421
103 398 342 1 400 427
104 310 1186 1 314 1235
105 56 1254 1 63 1310
106 356 880 1 361 934
107 68 36 1 83 110
108 362 271 1 365 365
109 74 437 1 86 499
110 333 779 1 339 835
111 205 591 1 213 650
112 324 319 1 331 391
113 277 989 1 284 1043
114 80 664 1 90 721
115 271 683 1 279 741
116 370 988 1 375 1040
117 266 881 1 273 935
118 329 298 1 336 387
119 481 292 1 477 386
120 361 261 1 365 357
121 370 914 1 375 968
122 214 589 1 223 649
123 452 359 1 452 442
124 356 395 1 362 465
125 43 1169 1 49 1222
126 54 1223 1 60 1275
127 52 1169 1 58 1222
128 369 448 1 375 516
129 212 436 1 221 498
130 24 647 1 36 706
131 387 1015 1 391 1066
132 384 1136 1 386 1180
133 339 977 1 343 1028
134 557 854 1 547 909
135 335 355 1 341 426
136 290 717 1 298 775
137 303 907 1 309 962
138 376 327 1 379 408
139 270 434 1 278 496
140 300 1142 1 304 1194
141 357 343 1 358 417
142 587 852 1 575 908
143 270 666 1 278 725
144 611 947 1 596 995
145 419 370 1 421 453
146 189 657 1 197 714
147 313 711 1 320 768
148 356 371 1 362 442
149 424 306 1 425 390
150 470 81 1 461 215
151 334 756 1 340 813
152 336 136 1 342 216
153 352 131 1 358 215
154 37 942 1 45 995
155 368 977 1 373 1030
156 299 824 1 305 880
157 273 222 1 281 289
158 72 284 1 84 350
159 232 1211 1 237 1264
160 218 761 1 226 817
161 219 1074 1 225 1128
162 218 1090 1 225 1143
163 353 870 1 358 924
164 161 71 1 174 152
165 362 110 1 368 192
166 263 956 1 269 1010
167 315 499 1 322 562
168 81 692 1 91 750
169 230 154 1 241 232
170 360 431 1 366 499
171 129 224 1 142 299
172 292 1119 1 300 1171
173 69 79 1 81 151
174 591 961 1 578 1009
175 315 970 1 320 1021
176 327 793 1 334 849
177 45 1136 1 52 1188
178 335 385 1 341 455
179 274 966 1 281 1019
180 610 963 1 595 1011
181 281 709 1 288 766
182 281 659 1 289 718
183 200 954 1 209 1006
184 468 262 1 462 365
185 320 489 1 328 551
186 429 79 1 426 214
187 397 330 1 399 415
188 618 253 1 602 352
189 202 437 1 212 499
190 471 61 1 462 198
191 341 330 1 347 402
192 235 54 1 245 140
193 46 1094 1 53 1146
194 29 1213 1 35 1266
195 478 249 1 471 355
196 559 964 1 548 1012
197 324 835 1 331 890
198 506 830 1 501 887
199 302 1103 1 304 1153
200 456 305 1 454 392
201 270 349 1 277 414
202 232 116 1 240 188
203 395 357 1 397 440
204 272 292 1 280 357
205 253 1130 1 258 1183
206 436 355 1 436 436
207 502 926 1 496 977
208 269 408 1 277 470
209 171 840 1 182 894
210 347 835 1 351 892
211 200 74 1 212 157
212 211 640 1 219 698
213 136 946 1 147 999
214 279 1124 1 284 1176
215 32 901 1 41 955
216 253 734 1 260 791
217 338 394 1 344 464
218 331 102 1 337 187
219 228 799 1 235 855
220 363 119 1 369 202
221 444 371 1 444 453
222 289 1221 1 294 1271
223 287 1109 1 293 1161
224 283 753 1 290 810
225 326 132 1 333 208
226 259 935 1 267 989
227 381 33 1 385 132
228 26 869 1 36 924
229 47 1076 1 54 1129
230 382 1202 1 383 1243
231 241 1112 1 246 1165
232 386 294 1 389 383
233 305 444 1 313 512
234 74 413 1 84 473
235 488 964 1 481 1011
236 274 492 1 282 553
237 31 796 1 40 851
238 457 378 1 455 461
239 324 430 1 331 498
240 106 1217 1 110 1274
241 203 1084 1 208 1138
242 259 945 1 265 999
243 486 53 1 477 189
244 255 513 1 263 576
245 173 680 1 184 738
246 289 262 1 297 346
247 269 945 1 276 998
248 312 138 1 319 209
249 70 223 1 83 291
250 622 243 1 606 343
251 181 1188 1 187 1239
252 229 1090 1 234 1144
253 266 709 1 274 767
254 330 67 1 336 160
255 25 890 1 35 944
256 346 1244 1 349 1294
257 539 223 1 528 329
258 197 844 1 206 900
259 437 786 1 438 844
260 368 359 1 373 433
261 50 951 1 59 1005
262 135 929 1 146 983
263 73 151 1 88 221
264 371 1244 1 374 1293
265 231 760 1 239 817
266 317 983 1 323 1035
267 270 278 1 278 344
268 355 385 1 361 455
269 580 244 1 567 343
270 292 728 1 299 786
271 286 1234 1 291 1284
272 430 168 1 426 294
273 339 998 1 344 1049
274 238 1073 1 243 1127
275 369 311 1 374 393
276 330 695 1 336 754
277 245 743 1 253 800
278 268 642 1 276 701
279 264 871 1 272 926
280 563 225 1 550 330
281 219 794 1 226 851
282 196 590 1 205 648
283 354 747 1 359 805
284 569 163 1 550 288
285 219 701 1 227 759
286 97 880 1 106 935
287 55 1205 1 61 1259
288 647 960 1 630 1008
289 255 895 1 263 949
290 424 750 1 426 809
291 352 1031 1 357 1082
292 67 69 1 80 142
293 406 730 1 409 790
294 183 836 1 192 892
295 259 905 1 266 959
296 137 217 1 151 292
297 280 1086 1 286 1139
298 426 351 1 429 432
299 386 1186 1 388 1227
300 25 714 1 35 770
301 667 162 1 639 286
302 198 941 1 206 995
303 408 759 1 411 818
304 312 262 1 320 346
305 405 307 1 408 390
306 257 526 1 265 586
307 222 892 1 230 946
308 642 234 1 623 337
309 254 868 1 261 923
310 343 1014 1 347 1065
311 496 829 1 491 885
312 78 1024 1 86 1077
313 211 1184 1 218 1235
314 322 161 1 328 239
315 502 185 1 491 304
316 478 260 1 472 363
317 412 62 1 415 156
318 247 822 1 254 878
319 232 219 1 242 294
320 76 99 1 88 169
321 378 363 1 382 442
322 506 830 1 500 887
323 35 921 1 44 975
324 275 1220 1 280 1273
325 469 711 1 466 774
326 231 885 1 239 940
327 233 84 1 244 163
328 433 751 1 435 811
329 369 1022 1 372 1074
330 547 42 1 530 184
331 407 25 1 409 127
332 454 314 1 453 398
333 243 731 1 251 788
334 188 774 1 197 830
335 480 239 1 474 342
336 304 834 1 310 889
337 181 591 1 190 650
338 178 436 1 188 498
339 213 67 1 224 153
340 133 906 1 144 960
341 281 729 1 290 787
342 533 61 1 519 196
343 44 1050 1 52 1104
344 75 1183 1 82 1237
345 228 1073 1 234 1126
346 173 155 1 186 232
347 303 516 1 311 578
348 200 1183 1 206 1234
349 271 1156 1 277 1207
350 192 61 1 204 145
351 452 791 1 451 848
352 178 891 1 186 946
353 165 1180 1 172 1231
354 162 37 1 176 125
355 70 177 1 82 247
356 265 1202 1 269 1254
357 349 998 1 352 1049
358 199 657 1 208 715
359 268 1135 1 273 1187
360 579 256 1 566 356
361 74 130 1 89 203
362 102 679 1 114 736
363 639 269 1 620 369
364 236 971 1 243 1025
365 285 958 1 292 1011
366 287 416 1 296 486
367 454 368 1 452 452
368 58 945 1 67 999
369 289 970 1 295 1023
370 275 1233 1 280 1282
371 186 537 1 196 599
372 274 955 1 279 1008
373 212 570 1 221 630
374 314 722 1 320 780
375 189 1169 1 195 1220
376 367 49 1 373 145
377 236 1182 1 242 1234
378 263 115 1 271 186
379 251 804 1 259 859
380 393 304 1 396 391
381 154 99 1 166 178
382 154 1031 1 162 1084
383 237 1197 1 242 1246
384 301 418 1 309 488
385 36 889 1 45 944
386 187 50 1 201 137
387 257 992 1 264 1045
388 511 863 1 505 918
389 645 859 1 627 915
390 247 995 1 252 1048
391 303 1009 1 309 1063
392 472 877 1 470 931
393 226 842 1 234 897
394 188 879 1 197 933
395 439 1144 1 439 1188
396 71 24 1 85 99
397 209 550 1 218 612
398 245 959 1 252 1013
399 168 1173 1 174 1224
400 610 875 1 595 929
401 230 785 1 238 840
402 540 818 1 532 875
403 300 1187 1 305 1236
404 180 922 1 190 976
405 440 1195 1 439 1237
406 116 1173 1 124 1225
407 246 972 1 252 1025
408 53 1008 1 61 1061
409 274 248 1 282 314
410 295 707 1 302 766
411 170 613 1 179 672
412 285 1212 1 289 1262
413 182 559 1 192 620
414 156 124 1 168 203
415 362 58 1 367 153
416 179 115 1 191 193
417 405 317 1 407 400
418 295 740 1 302 798
419 373 264 1 375 362
420 251 1094 1 257 1148
421 370 1253 1 374 1307
422 308 170 1 315 240
423 497 1148 1 492 1187
424 381 1248 1 384 1296
425 223 926 1 230 980
426 255 1019 1 261 1072
427 146 751 1 154 807
428 389 1176 1 391 1220
429 451 1221 1 450 1260
430 147 1180 1 154 1231
431 127 1187 1 134 1237
432 537 71 1 522 206
433 428 26 1 429 128
434 174 711 1 181 765
435 467 1061 1 465 1107
436 285 436 1 293 504
437 431 383 1 431 465
438 186 799 1 194 855
439 54 886 1 64 940
440 456 714 1 455 777
441 190 855 1 201 910
442 311 73 1 317 167
443 401 251 1 402 349
444 178 747 1 187 803
445 286 452 1 295 520
446 498 848 1 493 903
447 655 315 1 635 413
448 183 941 1 192 995
449 206 901 1 215 955
450 200 887 1 209 941
451 133 877 1 143 932
452 450 752 1 449 813
453 95 696 1 105 753
454 387 334 1 391 418
455 258 186 1 267 255
456 219 531 1 228 593
457 434 510 1 435 582
458 558 867 1 547 922
459 195 294 1 204 361
460 497 246 1 491 346
461 284 1062 1 289 1114
462 389 756 1 393 815
463 178 408 1 187 471
464 219 866 1 227 920
465 133 1154 1 140 1205
466 155 1196 1 162 1247
467 440 345 1 441 427
468 260 1008 1 267 1062
469 498 963 1 490 1010
470 198 797 1 207 853
471 70 117 1 83 188
472 234 810 1 241 866
473 345 986 1 350 1037
474 474 795 1 472 853
475 255 695 1 263 753
476 150 444 1 161 507
477 181 602 1 191 661
478 327 262 1 334 346
479 384 1210 1 386 1253
480 478 710 1 475 774
481 312 83 1 321 176
482 429 517 1 431 589
483 214 560 1 223 622
484 179 132 1 192 214
485 186 951 1 195 1005
486 273 1003 1 279 1056
487 323 764 1 330 821
488 424 242 1 424 341
489 202 58 1 213 145
490 340 451 1 345 519
491 267 188 1 275 257
492 280 669 1 288 727
493 136 207 1 149 281
494 200 816 1 208 871
495 381 352 1 385 432
496 264 1144 1 269 1196
497 278 915 1 285 969
498 238 796 1 245 852
499 266 1076 1 273 1129
500 240 949 1 247 1003
501 137 183 1 150 258
502 353 117 1 358 199
503 353 78 1 359 172
504 559 177 1 543 297
505 304 937 1 311 992
506 312 699 1 319 757
507 482 883 1 479 936
508 84 874 1 93 928
509 368 70 1 373 164
510 246 762 1 254 819
511 368 135 1 374 216
512 308 366 1 315 437
513 589 820 1 576 877
514 80 1035 1 88 1088
515 269 1187 1 275 1238
516 198 606 1 207 665
517 259 744 1 267 801
518 512 1211 1 505 1247
519 191 407 1 201 470
520 643 838 1 626 895
521 101 1176 1 110 1227
522 411 338 1 413 419
523 214 520 1 224 582
524 287 1165 1 293 1212
525 634 391 1 617 481
526 241 905 1 248 959
527 436 719 1 437 780
528 206 1159 1 212 1210
529 142 1158 1 149 1209
530 179 852 1 189 907
531 235 741 1 243 798
532 218 880 1 226 934
533 617 271 1 602 371
534 187 1066 1 193 1119
535 25 942 1 34 996
536 237 820 1 245 876
537 310 126 1 317 197
538 172 75 1 185 159
539 207 850 1 216 905
540 449 960 1 445 1008
541 298 1164 1 304 1214
