0 351 1209 1 320 1263
1 331 749 1 305 809
2 392 776 1 365 837
3 396 878 1 369 935
4 109 610 1 88 670
5 480 348 1 449 433
6 318 1002 1 291 1059
7 453 323 1 423 406
8 573 69 1 527 203
9 116 678 1 95 737
10 134 1051 1 108 1106
11 409 970 1 380 1025
12 377 803 1 351 863
13 108 549 1 88 610
14 131 1072 1 104 1130
15 437 81 1 412 175
16 363 132 1 342 210
17 297 844 1 271 902
18 442 324 1 414 406
19 116 795 1 93 855
20 361 520 1 336 585
21 345 77 1 323 171
22 383 329 1 358 404
23 134 1112 1 106 1169
24 454 1222 1 421 1267
25 377 821 1 349 881
26 101 392 1 84 457
27 79 1203 1 50 1261
28 460 1189 1 426 1235
29 450 1139 1 416 1186
30 491 183 1 453 304
31 298 453 1 276 517
32 351 359 1 328 433
33 242 608 1 219 670
34 70 1075 1 43 1131
35 106 456 1 86 520
36 132 1086 1 105 1143
37 606 265 1 564 366
38 398 1029 1 368 1082
39 394 790 1 366 850
40 395 833 1 367 891
41 409 960 1 380 1015
42 411 992 1 382 1047
43 211 79 1 195 164
44 106 328 1 89 394
45 239 454 1 216 518
46 54 694 1 33 753
47 393 420 1 369 490
48 376 846 1 349 905
49 583 831 1 540 891
50 57 770 1 35 828
51 414 1031 1 384 1086
52 48 494 1 29 557
53 62 848 1 39 905
54 106 511 1 85 573
55 364 233 1 341 318
56 567 827 1 526 887
57 298 913 1 272 970
58 54 665 1 34 724
59 59 753 1 37 811
60 635 858 1 587 915
61 351 331 1 328 406
62 460 1138 1 427 1186
63 145 1199 1 116 1257
64 48 513 1 29 574
65 634 837 1 586 896
66 365 85 1 343 180
67 349 32 1 329 135
68 420 32 1 395 135
69 46 462 1 29 525
70 51 593 1 31 654
71 351 346 1 328 421
72 258 827 1 234 885
73 481 336 1 449 422
74 326 1038 1 298 1091
75 399 341 1 375 417
76 79 1114 1 51 1170
77 87 351 1 69 417
78 394 824 1 366 883
79 135 1037 1 110 1093
80 301 265 1 281 334
81 62 813 1 39 870
82 537 847 1 498 905
83 104 493 1 85 556
84 332 727 1 307 789
85 298 389 1 275 454
86 151 913 1 129 970
87 504 289 1 471 382
88 98 344 1 80 410
89 430 1139 1 398 1188
90 690 875 1 640 932
91 109 647 1 88 707
92 399 901 1 371 959
93 346 1017 1 318 1071
94 108 346 1 91 412
95 256 45 1 239 141
96 323 656 1 298 718
97 420 325 1 393 408
98 101 355 1 83 420
99 304 696 1 279 757
100 100 308 1 83 375
101 613 831 1 569 890
102 396 101 1 373 191
103 319 885 1 293 943
104 655 241 1 608 344
105 456 344 1 426 426
106 401 911 1 372 968
107 424 347 1 396 432
108 389 911 1 361 967
109 46 440 1 29 504
110 94 40 1 81 114
111 103 438 1 84 502
112 362 777 1 337 836
113 110 663 1 88 723
114 557 263 1 519 365
115 52 616 1 32 676
116 307 986 1 281 1043
117 301 682 1 277 743
118 400 985 1 372 1040
119 296 878 1 271 936
120 356 305 1 333 393
121 506 299 1 472 392
122 387 269 1 361 364
123 44 647 1 24 707
124 243 589 1 221 651
125 477 363 1 447 447
126 384 397 1 359 469
127 76 1165 1 47 1222
128 87 1218 1 58 1276
129 84 1165 1 57 1222
130 397 448 1 372 519
131 35 802 1 12 860
132 240 436 1 219 500
133 54 648 1 34 707
134 417 1011 1 388 1065
135 414 1130 1 383 1178
136 583 851 1 540 909
137 362 356 1 338 429
138 333 904 1 306 962
139 386 878 1 358 935
140 237 63 1 221 148
141 52 796 1 29 853
142 298 434 1 276 499
143 369 972 1 341 1027
144 319 1106 1 290 1161
145 330 1139 1 301 1193
146 383 344 1 359 420
147 613 850 1 569 907
148 378 833 1 348 892
149 637 943 1 589 994
150 445 374 1 416 458
151 89 1244 1 61 1300
152 342 710 1 317 769
153 383 372 1 359 446
154 53 1081 1 26 1138
155 450 310 1 421 396
156 492 97 1 455 227
157 363 755 1 338 815
158 69 940 1 44 996
159 399 974 1 370 1030
160 329 822 1 302 881
161 299 223 1 279 293
162 100 286 1 82 353
163 264 1206 1 235 1264
164 248 759 1 223 818
165 250 1071 1 222 1128
166 367 320 1 345 395
167 249 1086 1 222 1143
168 387 113 1 364 198
169 294 954 1 267 1010
170 343 499 1 320 565
171 112 692 1 89 751
172 387 432 1 362 502
173 364 396 1 340 467
174 95 83 1 79 155
175 617 957 1 571 1007
176 345 967 1 318 1021
177 357 791 1 331 850
178 78 1132 1 50 1189
179 305 962 1 278 1019
180 636 958 1 587 1009
181 310 707 1 286 767
182 231 951 1 207 1007
183 383 746 1 356 806
184 310 741 1 284 801
185 373 131 1 351 216
186 492 271 1 456 373
187 348 489 1 325 553
188 453 96 1 420 227
189 423 336 1 395 420
190 640 259 1 594 360
191 230 437 1 209 501
192 493 79 1 456 211
193 367 331 1 344 405
194 259 59 1 242 145
195 79 1090 1 52 1147
196 62 1208 1 33 1266
197 382 868 1 355 925
198 585 960 1 541 1011
199 354 833 1 328 891
200 533 828 1 495 887
201 44 945 1 19 1002
202 139 1215 1 111 1272
203 297 349 1 275 416
204 321 716 1 296 776
205 421 362 1 393 445
206 298 292 1 277 360
207 284 1126 1 255 1183
208 462 358 1 432 441
209 529 923 1 491 976
210 297 408 1 275 473
211 226 79 1 209 162
212 240 638 1 217 700
213 407 31 1 382 134
214 168 943 1 145 999
215 309 1119 1 281 1175
216 63 899 1 40 956
217 282 733 1 258 792
218 403 331 1 375 413
219 258 797 1 233 856
220 341 1180 1 312 1234
221 246 25 1 230 110
222 388 123 1 365 207
223 470 375 1 439 458
224 31 24 1 19 100
225 320 1216 1 291 1270
226 188 76 1 172 157
227 312 751 1 288 811
228 290 932 1 264 990
229 405 41 1 381 139
230 58 868 1 34 925
231 79 1073 1 52 1129
232 271 1109 1 244 1166
233 41 567 1 22 629
234 333 445 1 310 515
235 102 414 1 82 475
236 515 960 1 475 1009
237 399 273 1 371 369
238 62 795 1 38 853
239 201 837 1 179 895
240 482 382 1 451 466
241 352 431 1 328 502
242 52 607 1 33 667
243 233 1081 1 206 1138
244 362 385 1 338 458
245 289 943 1 263 1000
246 156 228 1 141 304
247 239 73 1 222 159
248 509 71 1 471 202
249 312 657 1 287 720
250 316 267 1 294 351
251 300 942 1 274 999
252 337 140 1 316 213
253 97 226 1 81 294
254 644 250 1 599 351
255 213 1184 1 185 1239
256 259 1086 1 232 1144
257 295 708 1 271 768
258 355 73 1 333 167
259 57 888 1 33 945
260 377 1239 1 347 1293
261 232 885 1 207 942
262 562 232 1 521 338
263 227 843 1 204 901
264 465 784 1 434 845
265 81 950 1 57 1006
266 167 927 1 145 983
267 402 1239 1 371 1292
268 260 759 1 236 818
269 347 980 1 320 1035
270 297 278 1 275 347
271 382 387 1 358 459
272 321 726 1 296 787
273 602 251 1 560 350
274 281 515 1 260 578
275 318 1229 1 288 1283
276 454 183 1 420 305
277 269 1070 1 241 1128
278 395 315 1 370 398
279 431 322 1 403 405
280 359 694 1 333 756
281 275 742 1 251 802
282 297 641 1 273 703
283 51 554 1 29 612
284 585 234 1 543 338
285 318 1250 1 288 1303
286 249 793 1 224 852
287 469 1188 1 435 1235
288 589 177 1 542 299
289 128 878 1 104 936
290 88 1201 1 59 1259
291 257 158 1 239 237
292 672 955 1 622 1006
293 217 655 1 195 715
294 285 893 1 260 950
295 452 749 1 422 810
296 382 1028 1 354 1082
297 93 73 1 78 146
298 434 728 1 405 791
299 214 835 1 190 893
300 289 903 1 263 959
301 417 1180 1 384 1224
302 56 714 1 33 772
303 686 175 1 629 297
304 437 758 1 408 819
305 339 267 1 317 351
306 303 952 1 277 1008
307 431 312 1 404 395
308 34 812 1 10 869
309 285 526 1 262 588
310 252 890 1 228 947
311 664 242 1 615 345
312 284 866 1 259 924
313 374 1009 1 345 1064
314 523 827 1 486 886
315 110 1022 1 84 1078
316 348 321 1 328 395
317 243 1180 1 216 1235
318 361 224 1 338 317
319 502 269 1 466 371
320 355 105 1 334 193
321 436 67 1 410 163
322 277 820 1 252 879
323 258 222 1 239 298
324 66 919 1 43 976
325 362 843 1 335 901
326 228 44 1 212 135
327 497 710 1 462 775
328 261 883 1 237 940
329 461 750 1 431 812
330 399 1018 1 369 1074
331 568 59 1 522 197
332 430 32 1 404 136
333 479 318 1 448 404
334 273 730 1 248 789
335 395 363 1 369 437
336 218 772 1 195 831
337 353 134 1 330 213
338 333 832 1 308 890
339 210 591 1 188 652
340 206 437 1 186 501
341 213 807 1 189 865
342 165 904 1 143 960
343 311 727 1 287 788
344 555 77 1 512 209
345 233 591 1 211 652
346 77 1047 1 50 1104
347 50 1133 1 22 1191
348 108 1179 1 80 1237
349 259 1069 1 232 1126
350 201 160 1 184 237
351 232 1178 1 204 1234
352 263 1195 1 235 1250
353 303 1152 1 274 1207
354 218 66 1 202 151
355 294 868 1 269 926
356 209 889 1 184 946
357 42 955 1 18 1011
358 197 1176 1 170 1231
359 189 43 1 174 132
360 354 267 1 330 352
361 97 180 1 80 250
362 296 1197 1 267 1254
363 379 994 1 349 1049
364 228 657 1 205 716
365 299 1130 1 270 1187
366 101 134 1 87 207
367 133 679 1 112 738
368 228 124 1 211 204
369 660 276 1 612 377
370 315 418 1 293 489
371 334 79 1 314 174
372 479 373 1 448 457
373 90 943 1 66 1000
374 320 967 1 293 1023
375 307 1228 1 278 1281
376 215 538 1 194 602
377 504 248 1 468 350
378 241 570 1 219 633
379 343 721 1 317 781
380 221 1165 1 193 1220
381 391 56 1 369 153
382 268 1178 1 240 1233
383 288 117 1 268 189
384 281 802 1 256 861
385 419 310 1 391 397
386 186 1028 1 160 1085
387 54 950 1 29 1007
388 328 420 1 306 491
389 68 887 1 43 945
390 214 56 1 198 143
391 239 53 1 223 143
392 538 860 1 499 918
393 669 857 1 619 914
394 277 992 1 250 1048
395 333 1006 1 306 1063
396 500 874 1 465 931
397 256 840 1 232 898
398 219 877 1 194 934
399 469 1138 1 435 1186
400 97 27 1 83 103
401 238 550 1 216 615
402 275 956 1 250 1013
403 200 1169 1 172 1224
404 635 872 1 588 928
405 260 783 1 235 842
406 567 816 1 526 876
407 316 954 1 289 1011
408 332 1182 1 303 1236
409 211 920 1 188 976
410 149 1169 1 122 1224
411 277 969 1 250 1026
412 85 1006 1 59 1062
413 300 248 1 279 317
414 199 612 1 177 674
415 316 1207 1 287 1261
416 211 559 1 190 623
417 386 65 1 364 160
418 205 119 1 189 198
419 325 738 1 299 800
420 282 1091 1 255 1148
421 334 170 1 312 243
422 526 1141 1 487 1184
423 411 1242 1 381 1294
424 253 924 1 228 981
425 286 1016 1 259 1073
426 420 1170 1 387 1217
427 481 1214 1 445 1257
428 178 1175 1 152 1231
429 159 1182 1 132 1237
430 558 87 1 514 218
431 451 33 1 424 136
432 496 1057 1 460 1105
433 313 437 1 290 507
434 457 387 1 427 470
435 216 797 1 192 856
436 86 884 1 62 941
437 484 714 1 450 779
438 221 852 1 198 910
439 53 1165 1 25 1223
440 426 259 1 398 357
441 209 746 1 185 805
442 525 845 1 487 903
443 677 321 1 627 421
444 214 939 1 190 995
445 237 898 1 213 955
446 165 876 1 141 933
447 478 751 1 444 814
448 125 696 1 103 755
449 413 339 1 387 423
450 284 188 1 264 258
451 248 531 1 226 595
452 461 512 1 431 585
453 584 864 1 540 921
454 221 295 1 201 364
455 523 199 1 484 314
456 180 95 1 166 176
457 180 114 1 165 194
458 314 1058 1 287 1114
459 418 754 1 390 816
460 205 409 1 185 473
461 250 863 1 225 921
462 165 1150 1 138 1205
463 188 1191 1 160 1247
464 467 349 1 436 433
465 291 1006 1 264 1062
466 258 118 1 238 192
467 525 958 1 484 1008
468 228 796 1 204 854
469 97 120 1 81 191
470 264 809 1 239 868
471 375 982 1 347 1037
472 502 793 1 467 853
473 284 693 1 260 755
474 178 444 1 159 509
475 230 929 1 205 985
476 211 601 1 188 663
477 415 1204 1 383 1250
478 288 988 1 261 1046
479 505 709 1 470 775
480 338 90 1 317 183
481 243 561 1 220 625
482 217 949 1 193 1005
483 353 762 1 327 822
484 449 250 1 419 348
485 227 64 1 211 151
486 366 452 1 342 522
487 292 189 1 272 260
488 412 300 1 385 390
489 281 1106 1 253 1162
490 501 259 1 465 364
491 163 212 1 147 284
492 230 814 1 206 872
493 407 356 1 381 437
494 295 1140 1 267 1196
495 309 913 1 283 970
496 268 794 1 243 853
497 297 1073 1 271 1129
498 405 367 1 378 447
499 162 186 1 148 262
500 378 84 1 355 179
501 581 190 1 535 307
502 335 934 1 308 992
503 341 698 1 316 759
504 510 880 1 474 936
505 115 872 1 91 929
506 392 76 1 370 171
507 276 761 1 251 820
508 394 137 1 371 221
509 335 368 1 312 441
510 615 818 1 569 878
511 226 164 1 208 242
512 112 1032 1 86 1089
513 310 1218 1 277 1273
514 301 1183 1 272 1238
515 227 605 1 205 666
516 289 743 1 265 803
517 540 1204 1 500 1243
518 219 408 1 199 472
519 217 906 1 194 963
520 668 835 1 618 895
521 135 1172 1 108 1227
522 437 342 1 409 424
523 243 520 1 222 584
524 656 396 1 609 487
525 272 902 1 246 960
526 465 719 1 433 782
527 335 187 1 314 259
528 238 1155 1 210 1210
529 175 1153 1 147 1209
530 412 1194 1 380 1240
531 265 741 1 241 800
532 249 877 1 224 935
533 640 279 1 594 379
534 218 1063 1 191 1119
535 57 940 1 32 997
536 267 819 1 242 877
537 336 128 1 315 200
538 238 849 1 214 906
539 478 956 1 440 1006
540 317 1185 1 288 1238
541 331 1160 1 302 1214
