0 360 1212 1 319 1263
1 337 753 1 304 810
2 399 780 1 364 838
3 404 881 1 368 936
4 365 523 1 335 586
5 483 353 1 447 435
6 326 1006 1 290 1059
7 573 78 1 524 208
8 122 684 1 94 737
9 143 1055 1 107 1106
10 417 973 1 379 1025
11 384 807 1 349 863
12 113 555 1 87 611
13 139 1077 1 104 1130
14 438 87 1 410 178
15 365 137 1 341 212
16 304 847 1 270 902
17 445 329 1 413 408
18 123 801 1 92 855
19 65 776 1 34 829
20 114 618 1 87 671
21 347 84 1 322 174
22 386 334 1 357 405
23 143 1117 1 106 1169
24 463 1223 1 419 1266
25 384 824 1 348 882
26 106 398 1 83 458
27 89 1208 1 49 1261
28 469 1190 1 424 1234
29 458 1140 1 415 1185
30 492 192 1 451 309
31 303 457 1 275 518
32 355 364 1 326 434
33 247 613 1 218 670
34 79 1080 1 42 1132
35 110 462 1 85 521
36 141 1091 1 104 1144
37 607 271 1 561 369
38 406 1031 1 367 1082
39 400 794 1 364 851
40 402 836 1 366 892
41 417 962 1 378 1015
42 419 995 1 380 1047
43 213 86 1 194 167
44 110 334 1 88 395
45 456 327 1 422 408
46 243 459 1 215 519
47 61 700 1 33 753
48 397 424 1 368 492
49 384 849 1 348 905
50 588 833 1 538 891
51 426 339 1 393 422
52 423 1034 1 383 1086
53 53 501 1 28 558
54 69 853 1 38 906
55 111 517 1 84 574
56 572 830 1 523 887
57 305 916 1 271 970
58 61 671 1 33 725
59 66 759 1 36 811
60 640 859 1 584 915
61 355 336 1 327 407
62 469 1140 1 425 1185
63 154 1203 1 116 1257
64 53 518 1 28 575
65 639 839 1 584 896
66 366 92 1 341 182
67 350 40 1 327 138
68 421 39 1 393 138
69 51 468 1 28 526
70 56 599 1 30 654
71 355 351 1 327 422
72 265 831 1 233 886
73 484 341 1 447 425
74 334 1042 1 297 1091
75 402 346 1 373 419
76 88 1119 1 51 1170
77 91 357 1 68 418
78 400 827 1 365 883
79 144 1041 1 109 1093
80 69 818 1 38 871
81 543 849 1 496 905
82 109 499 1 85 557
83 338 731 1 306 789
84 302 394 1 274 455
85 158 917 1 128 970
86 506 295 1 469 385
87 102 350 1 79 411
88 439 1141 1 396 1187
89 694 876 1 637 932
90 115 652 1 87 707
91 407 905 1 369 959
92 354 1020 1 317 1071
93 112 352 1 90 413
94 257 53 1 238 143
95 329 660 1 296 719
96 422 330 1 391 410
97 105 361 1 82 421
98 310 700 1 278 757
99 104 315 1 82 377
100 619 832 1 566 890
101 305 270 1 280 335
102 326 889 1 292 943
103 656 246 1 605 347
104 459 349 1 424 428
105 408 913 1 370 968
106 427 352 1 394 434
107 396 913 1 360 967
108 51 446 1 28 505
109 96 47 1 80 115
110 108 444 1 83 503
111 368 780 1 335 837
112 116 669 1 88 723
113 558 270 1 516 368
114 58 622 1 31 677
115 315 990 1 280 1043
116 306 686 1 276 743
117 408 987 1 370 1040
118 304 882 1 270 936
119 359 311 1 331 396
120 508 304 1 470 395
121 389 276 1 359 366
122 50 652 1 24 707
123 248 593 1 220 652
124 480 368 1 445 450
125 388 401 1 358 470
126 85 1170 1 47 1222
127 97 1223 1 58 1276
128 94 1170 1 56 1222
129 401 453 1 371 520
130 42 808 1 11 860
131 244 441 1 218 501
132 60 653 1 33 708
133 425 1014 1 387 1065
134 422 1132 1 381 1177
135 589 853 1 538 909
136 373 29 1 349 127
137 340 908 1 305 962
138 393 881 1 357 935
139 238 70 1 220 151
140 59 801 1 28 854
141 302 438 1 275 500
142 377 974 1 339 1027
143 327 1109 1 289 1161
144 340 1142 1 300 1193
145 387 349 1 358 422
146 618 851 1 566 907
147 642 943 1 586 993
148 449 379 1 415 460
149 99 1248 1 61 1300
150 348 713 1 316 770
151 386 377 1 358 447
152 62 1085 1 26 1138
153 453 315 1 419 398
154 493 107 1 452 232
155 370 758 1 336 815
156 372 326 1 343 397
157 77 945 1 43 996
158 406 977 1 369 1029
159 335 825 1 301 881
160 302 228 1 278 294
161 103 292 1 82 355
162 273 1210 1 234 1264
163 255 764 1 222 819
164 258 1075 1 222 1128
165 258 1090 1 221 1144
166 389 118 1 363 200
167 301 957 1 266 1010
168 348 503 1 318 566
169 118 697 1 88 752
170 260 66 1 241 147
171 391 436 1 361 503
172 368 401 1 339 468
173 97 90 1 78 156
174 623 958 1 568 1007
175 353 970 1 316 1021
176 363 794 1 330 850
177 87 1137 1 49 1189
178 313 966 1 277 1019
179 641 959 1 584 1008
180 316 711 1 285 768
181 239 954 1 206 1007
182 316 745 1 283 802
183 375 136 1 349 218
184 494 278 1 454 376
185 352 493 1 324 554
186 454 106 1 418 232
187 366 361 1 337 431
188 235 442 1 208 502
189 493 88 1 453 216
190 371 336 1 343 407
191 88 1095 1 51 1147
192 72 1213 1 32 1266
193 59 721 1 32 773
194 389 871 1 354 925
195 592 961 1 539 1010
196 361 836 1 327 891
197 539 830 1 493 887
198 52 950 1 19 1002
199 356 77 1 332 169
200 148 1221 1 110 1272
201 300 354 1 274 418
202 327 720 1 295 777
203 424 367 1 391 447
204 302 297 1 276 361
205 293 1130 1 254 1183
206 464 363 1 430 443
207 536 925 1 489 976
208 301 412 1 274 474
209 434 327 1 402 407
210 245 644 1 216 701
211 407 38 1 381 138
212 176 947 1 144 999
213 318 1123 1 280 1175
214 71 904 1 39 956
215 289 737 1 257 793
216 405 337 1 374 415
217 264 801 1 232 857
218 350 1183 1 311 1234
219 247 31 1 229 112
220 390 128 1 364 209
221 473 380 1 437 460
222 33 31 1 19 102
223 330 1219 1 290 1270
224 190 83 1 171 159
225 319 755 1 287 812
226 297 935 1 263 990
227 406 47 1 380 142
228 65 873 1 33 925
229 88 1078 1 52 1130
230 280 1112 1 243 1166
231 46 573 1 21 629
232 338 450 1 309 516
233 107 420 1 81 476
234 522 961 1 472 1008
235 401 279 1 370 372
236 70 800 1 37 853
237 209 841 1 179 896
238 485 387 1 449 468
239 356 436 1 326 503
240 58 612 1 32 668
241 242 1085 1 205 1139
242 366 390 1 337 460
243 297 946 1 262 1000
244 159 234 1 140 305
245 240 79 1 221 161
246 510 80 1 468 207
247 317 661 1 286 720
248 319 273 1 293 353
249 307 946 1 273 999
250 340 144 1 315 214
251 320 1221 1 281 1272
252 100 232 1 80 296
253 645 255 1 596 354
254 222 1188 1 184 1239
255 268 1090 1 231 1144
256 301 712 1 270 769
257 65 893 1 32 946
258 386 1241 1 346 1293
259 239 888 1 206 942
260 390 750 1 355 807
261 235 846 1 203 901
262 471 787 1 433 846
263 89 955 1 56 1006
264 175 931 1 144 983
265 411 1241 1 370 1292
266 267 763 1 235 819
267 355 983 1 319 1035
268 300 283 1 274 348
269 386 391 1 357 460
270 327 730 1 295 788
271 603 256 1 558 353
272 286 520 1 259 579
273 327 1232 1 287 1283
274 456 192 1 418 309
275 210 634 1 179 688
276 277 1074 1 240 1128
277 398 321 1 368 400
278 365 698 1 332 756
279 281 746 1 250 802
280 303 645 1 272 703
281 57 560 1 28 612
282 586 240 1 541 342
283 327 1254 1 287 1302
284 255 797 1 223 852
285 478 1190 1 433 1233
286 589 185 1 539 303
287 135 883 1 104 936
288 98 1206 1 58 1259
289 259 164 1 237 239
290 678 956 1 619 1005
291 223 659 1 194 716
292 293 896 1 259 950
293 335 1099 1 297 1151
294 458 751 1 421 811
295 391 1030 1 353 1082
296 96 80 1 77 147
297 440 732 1 404 792
298 221 839 1 189 893
299 296 906 1 262 960
300 426 1182 1 383 1223
301 685 181 1 625 301
302 383 28 1 358 127
303 443 761 1 406 820
304 342 273 1 316 353
305 434 317 1 402 398
306 40 817 1 9 869
307 290 530 1 261 589
308 260 894 1 227 947
309 664 247 1 612 348
310 292 869 1 258 924
311 381 1013 1 343 1064
312 529 829 1 484 886
313 118 1026 1 84 1078
314 351 326 1 327 397
315 252 1184 1 215 1235
316 197 45 1 179 122
317 363 231 1 336 320
318 504 276 1 464 374
319 357 111 1 332 196
320 437 73 1 409 166
321 284 824 1 251 879
322 261 228 1 238 300
323 75 924 1 42 976
324 368 846 1 333 901
325 230 52 1 211 138
326 502 713 1 460 776
327 269 887 1 236 941
328 467 753 1 429 812
329 407 1021 1 368 1074
330 567 69 1 519 203
331 431 39 1 403 139
332 482 323 1 446 406
333 279 734 1 247 790
334 398 368 1 368 439
335 225 777 1 194 832
336 354 139 1 329 215
337 340 835 1 306 891
338 216 595 1 187 653
339 211 442 1 185 502
340 219 811 1 188 865
341 173 908 1 142 961
342 317 731 1 286 789
343 554 86 1 509 214
344 239 595 1 210 652
345 85 1052 1 49 1105
346 59 1138 1 21 1191
347 117 1184 1 79 1238
348 268 1073 1 231 1126
349 363 164 1 337 241
350 203 166 1 183 239
351 241 1182 1 203 1234
352 272 1198 1 234 1250
353 312 1155 1 273 1207
354 219 73 1 201 153
355 302 871 1 268 927
356 216 893 1 183 947
357 50 960 1 17 1011
358 207 1180 1 169 1230
359 484 313 1 448 397
360 356 273 1 329 354
361 99 187 1 79 251
362 305 1200 1 266 1254
363 387 997 1 348 1049
364 234 661 1 204 717
365 307 1134 1 269 1187
366 103 141 1 86 208
367 139 685 1 111 739
368 230 130 1 210 206
369 661 282 1 609 380
370 320 423 1 292 491
371 336 86 1 313 177
372 482 377 1 446 459
373 98 948 1 65 1000
374 327 971 1 292 1024
375 316 1231 1 277 1281
376 220 543 1 193 602
377 506 255 1 466 353
378 246 574 1 218 633
379 349 725 1 316 782
380 230 1169 1 192 1220
381 393 62 1 368 155
382 277 1182 1 239 1233
383 290 122 1 267 191
384 288 806 1 255 861
385 422 316 1 390 399
386 351 232 1 326 313
387 194 1032 1 159 1085
388 62 955 1 29 1007
389 332 424 1 305 493
390 75 892 1 43 945
391 216 63 1 197 145
392 241 60 1 222 146
393 544 862 1 497 918
394 674 858 1 616 914
395 285 995 1 249 1048
396 341 1009 1 305 1063
397 507 876 1 463 930
398 263 844 1 231 898
399 226 881 1 194 935
400 477 1139 1 433 1185
401 99 35 1 82 105
402 243 555 1 215 615
403 283 960 1 249 1013
404 209 1173 1 171 1224
405 641 873 1 585 928
406 266 787 1 234 842
407 572 818 1 523 876
408 324 958 1 288 1011
409 341 1185 1 302 1235
410 219 924 1 187 976
411 158 1173 1 121 1224
412 284 973 1 249 1026
413 93 1011 1 59 1062
414 303 253 1 278 318
415 205 617 1 176 674
416 216 564 1 189 623
417 387 71 1 362 163
418 331 742 1 298 800
419 291 1095 1 254 1148
420 336 176 1 311 245
421 534 1141 1 485 1182
422 421 1244 1 379 1294
423 261 928 1 227 981
424 294 1019 1 258 1073
425 429 1172 1 386 1216
426 490 1215 1 444 1255
427 188 1179 1 151 1231
428 169 1186 1 131 1237
429 557 96 1 511 223
430 451 40 1 423 139
431 504 1057 1 458 1104
432 317 442 1 289 509
433 460 391 1 425 472
434 223 801 1 191 856
435 94 889 1 61 942
436 490 717 1 449 779
437 229 856 1 198 911
438 63 1170 1 25 1223
439 429 266 1 396 360
440 215 750 1 184 805
441 531 847 1 485 903
442 678 326 1 623 423
443 222 943 1 189 995
444 245 902 1 212 956
445 173 880 1 140 934
446 483 754 1 442 815
447 131 701 1 102 755
448 416 345 1 385 425
449 286 193 1 263 260
450 252 536 1 225 596
451 590 866 1 538 921
452 224 300 1 200 365
453 525 206 1 482 318
454 183 102 1 166 178
455 323 1061 1 286 1114
456 424 757 1 388 816
457 209 414 1 184 474
458 257 867 1 224 921
459 174 1154 1 137 1205
460 197 1195 1 159 1247
461 469 354 1 435 435
462 299 1009 1 263 1062
463 531 960 1 481 1007
464 235 800 1 204 855
465 271 813 1 238 868
466 383 985 1 346 1037
467 507 795 1 465 854
468 290 698 1 259 756
469 183 450 1 158 510
470 237 932 1 204 985
471 216 605 1 188 663
472 424 1205 1 381 1249
473 296 992 1 260 1046
474 510 713 1 468 776
475 339 97 1 316 185
476 247 565 1 219 625
477 226 953 1 192 1005
478 359 765 1 326 822
479 452 256 1 417 351
480 228 71 1 210 153
481 371 456 1 341 524
482 294 194 1 271 261
483 415 306 1 383 392
484 290 1109 1 252 1162
485 503 265 1 463 367
486 166 218 1 146 286
487 237 819 1 205 873
488 411 361 1 380 439
489 304 1143 1 266 1196
490 316 916 1 282 970
491 275 798 1 242 854
492 306 1076 1 270 1129
493 407 372 1 377 449
494 166 192 1 147 264
495 219 849 1 187 902
496 379 91 1 354 181
497 128 1064 1 92 1116
498 581 197 1 532 311
499 343 938 1 307 992
500 185 29 1 168 109
501 516 882 1 472 936
502 123 877 1 90 930
503 394 83 1 368 174
504 282 765 1 251 821
505 396 143 1 369 223
506 339 373 1 311 442
507 620 820 1 567 878
508 228 170 1 207 244
509 121 1036 1 86 1089
510 325 1083 1 288 1135
511 311 956 1 276 1009
512 310 1186 1 271 1238
513 232 610 1 204 667
514 296 747 1 264 803
515 548 1204 1 498 1241
516 223 412 1 198 473
517 226 910 1 193 963
518 673 836 1 615 895
519 209 684 1 179 740
520 144 1176 1 107 1227
521 248 524 1 221 585
522 658 401 1 606 489
523 279 906 1 245 960
524 470 722 1 432 783
525 337 192 1 313 260
526 247 1158 1 209 1209
527 184 1158 1 146 1209
528 421 1195 1 379 1239
529 271 744 1 240 800
530 256 881 1 223 936
531 641 284 1 592 382
532 227 1066 1 191 1119
533 64 946 1 31 998
534 275 823 1 241 878
535 337 132 1 313 201
536 245 852 1 213 906
537 485 957 1 438 1005
538 325 1187 1 287 1238
539 340 1162 1 301 1213
