0 352 50 1 325 144
1 368 1213 1 317 1262
2 344 756 1 302 811
3 406 782 1 361 838
4 411 883 1 365 936
5 486 359 1 443 440
6 391 809 1 347 864
7 570 92 1 518 218
8 370 144 1 338 215
9 129 688 1 92 739
10 424 974 1 376 1025
11 335 1008 1 288 1059
12 120 560 1 85 612
13 149 1081 1 102 1131
14 440 95 1 407 184
15 371 529 1 332 588
16 311 850 1 268 903
17 448 335 1 409 412
18 131 805 1 91 856
19 152 1057 1 106 1107
20 122 622 1 86 673
21 390 339 1 354 408
22 153 1120 1 104 1170
23 309 462 1 273 520
24 471 1222 1 416 1264
25 344 734 1 303 790
26 391 827 1 346 882
27 393 284 1 356 372
28 99 1211 1 48 1261
29 477 1189 1 421 1232
30 466 1140 1 412 1184
31 491 205 1 446 317
32 254 617 1 216 672
33 88 1083 1 41 1132
34 73 781 1 33 830
35 151 1094 1 103 1144
36 115 467 1 83 522
37 608 279 1 555 375
38 414 1033 1 364 1082
39 113 405 1 81 460
40 407 796 1 362 852
41 348 93 1 319 180
42 409 838 1 363 892
43 424 964 1 376 1015
44 427 996 1 378 1047
45 217 95 1 192 171
46 115 341 1 86 398
47 459 334 1 418 412
48 249 463 1 213 521
49 69 705 1 31 755
50 401 429 1 365 494
51 391 852 1 345 905
52 592 834 1 533 891
53 430 347 1 390 427
54 431 1035 1 380 1086
55 59 507 1 27 560
56 78 858 1 36 906
57 117 522 1 83 575
58 576 830 1 519 887
59 314 919 1 269 971
60 68 676 1 32 726
61 74 763 1 35 813
62 643 859 1 578 914
63 359 342 1 324 410
64 477 1139 1 422 1183
65 165 1206 1 114 1257
66 60 524 1 27 577
67 642 839 1 578 896
68 369 101 1 338 188
69 422 49 1 390 145
70 58 474 1 27 528
71 64 605 1 29 656
72 359 357 1 325 425
73 273 835 1 231 887
74 486 348 1 443 429
75 343 1043 1 295 1091
76 98 1122 1 49 1171
77 97 363 1 67 420
78 392 406 1 355 473
79 408 830 1 362 884
80 153 1045 1 107 1094
81 78 823 1 37 872
82 547 850 1 491 905
83 116 504 1 83 559
84 307 398 1 272 457
85 168 921 1 127 970
86 334 664 1 294 720
87 508 303 1 465 390
88 107 356 1 78 413
89 447 1141 1 393 1185
90 375 332 1 341 400
91 123 657 1 86 709
92 414 907 1 367 959
93 363 1022 1 315 1071
94 118 359 1 88 415
95 359 368 1 324 437
96 111 367 1 80 423
97 317 704 1 276 759
98 110 321 1 80 379
99 622 833 1 561 891
100 309 275 1 278 338
101 334 891 1 290 944
102 655 254 1 599 353
103 401 882 1 354 936
104 431 359 1 391 439
105 404 916 1 357 968
106 58 452 1 27 507
107 100 55 1 78 118
108 114 449 1 82 505
109 376 783 1 333 838
110 124 674 1 86 725
111 559 278 1 511 374
112 65 627 1 30 678
113 324 992 1 278 1043
114 314 689 1 274 745
115 403 354 1 370 422
116 416 988 1 368 1040
117 312 885 1 268 937
118 363 320 1 328 401
119 510 312 1 466 400
120 58 658 1 22 709
121 255 598 1 218 653
122 355 718 1 314 771
123 336 1110 1 287 1161
124 95 1173 1 45 1222
125 107 1226 1 56 1276
126 104 1174 1 55 1223
127 486 371 1 441 454
128 50 813 1 10 861
129 250 446 1 216 503
130 68 659 1 32 710
131 433 1015 1 384 1065
132 431 1131 1 379 1175
133 593 853 1 533 909
134 375 40 1 347 133
135 348 910 1 303 962
136 462 355 1 421 431
137 242 79 1 218 155
138 67 806 1 27 855
139 308 443 1 272 501
140 385 976 1 337 1027
141 77 806 1 35 854
142 349 1143 1 298 1193
143 391 355 1 355 425
144 622 851 1 561 907
145 646 942 1 580 992
146 452 386 1 411 464
147 72 1089 1 24 1138
148 456 322 1 416 403
149 492 121 1 447 242
150 377 761 1 334 816
151 415 916 1 368 968
152 86 949 1 42 997
153 414 978 1 366 1029
154 343 829 1 299 882
155 306 233 1 275 296
156 109 299 1 80 357
157 283 1213 1 232 1264
158 262 767 1 220 820
159 268 1078 1 220 1129
160 428 373 1 388 451
161 267 1093 1 220 1144
162 391 126 1 360 204
163 310 959 1 264 1010
164 353 507 1 316 567
165 126 702 1 86 753
166 396 441 1 359 506
167 463 388 1 421 463
168 373 406 1 337 471
169 397 872 1 351 926
170 102 97 1 77 159
171 627 956 1 563 1005
172 361 972 1 314 1021
173 370 797 1 328 851
174 97 1141 1 48 1189
175 533 830 1 479 886
176 644 958 1 579 1007
177 323 715 1 283 769
178 248 958 1 204 1007
179 324 748 1 281 803
180 407 457 1 368 523
181 358 497 1 322 556
182 454 120 1 413 241
183 370 367 1 334 434
184 240 447 1 207 504
185 493 103 1 448 226
186 375 342 1 340 410
187 97 1099 1 49 1147
188 82 1216 1 31 1267
189 67 725 1 30 774
190 392 382 1 355 450
191 596 960 1 534 1009
192 368 839 1 325 892
193 544 831 1 489 888
194 61 955 1 17 1003
195 358 86 1 329 175
196 110 1253 1 59 1300
197 158 1224 1 109 1272
198 305 359 1 272 420
199 334 723 1 293 778
200 306 302 1 274 364
201 303 1132 1 252 1183
202 468 369 1 427 447
203 306 417 1 271 476
204 437 333 1 398 411
205 252 648 1 214 702
206 408 49 1 378 144
207 396 752 1 352 808
208 185 950 1 143 1000
209 327 1125 1 278 1175
210 80 909 1 37 957
211 296 741 1 255 794
212 409 343 1 371 419
213 251 40 1 227 116
214 273 805 1 230 857
215 358 1184 1 309 1233
216 392 136 1 361 213
217 476 386 1 434 464
218 153 1067 1 107 1117
219 38 40 1 17 105
220 340 1221 1 288 1269
221 193 91 1 169 162
222 326 759 1 285 813
223 306 938 1 261 990
224 408 57 1 377 148
225 74 877 1 32 926
226 98 1082 1 50 1130
227 426 336 1 388 414
228 290 1115 1 241 1166
229 53 579 1 20 631
230 343 455 1 306 519
231 113 426 1 79 477
232 527 960 1 468 1007
233 321 970 1 275 1020
234 217 845 1 177 897
235 488 394 1 445 472
236 361 441 1 324 506
237 66 618 1 31 670
238 252 1088 1 204 1139
239 370 396 1 335 463
240 306 949 1 260 1000
241 165 242 1 138 309
242 243 88 1 219 166
243 324 665 1 284 722
244 323 281 1 291 358
245 316 948 1 271 999
246 330 1222 1 279 1272
247 105 239 1 78 298
248 644 263 1 590 360
249 232 1190 1 183 1239
250 277 1093 1 229 1145
251 308 716 1 268 770
252 74 898 1 31 946
253 396 1243 1 343 1292
254 248 892 1 204 943
255 243 850 1 201 902
256 477 789 1 429 846
257 99 959 1 55 1007
258 184 934 1 143 983
259 420 1242 1 368 1291
260 274 767 1 233 820
261 364 985 1 317 1035
262 304 288 1 272 350
263 391 396 1 354 463
264 334 734 1 293 789
265 604 264 1 552 359
266 292 524 1 257 580
267 337 1234 1 285 1282
268 456 205 1 414 318
269 216 638 1 177 690
270 287 1077 1 238 1128
271 402 327 1 366 404
272 372 701 1 330 758
273 84 898 1 41 946
274 288 750 1 248 803
275 309 649 1 270 705
276 64 565 1 26 614
277 541 925 1 484 975
278 586 248 1 535 348
279 263 801 1 221 853
280 486 1189 1 430 1231
281 587 197 1 532 312
282 494 287 1 449 383
283 144 887 1 102 937
284 214 814 1 175 866
285 108 1209 1 57 1260
286 262 171 1 235 242
287 681 954 1 613 1004
288 230 664 1 192 717
289 301 899 1 257 951
290 344 1101 1 295 1150
291 464 754 1 418 812
292 398 1032 1 350 1081
293 425 323 1 387 404
294 100 87 1 76 150
295 446 735 1 401 793
296 230 842 1 188 894
297 305 909 1 260 960
298 681 193 1 618 310
299 385 39 1 355 134
300 449 764 1 403 821
301 345 281 1 313 358
302 231 26 1 207 99
303 437 323 1 399 402
304 50 822 1 8 871
305 296 534 1 259 591
306 268 897 1 225 948
307 663 255 1 606 355
308 299 873 1 256 925
309 389 1015 1 341 1064
310 128 1029 1 82 1078
311 356 332 1 324 400
312 262 1186 1 213 1234
313 200 53 1 177 127
314 479 26 1 444 125
315 360 120 1 330 200
316 438 82 1 406 172
317 292 827 1 249 880
318 235 884 1 192 935
319 264 235 1 236 303
320 404 289 1 366 378
321 83 928 1 41 977
322 376 849 1 331 902
323 233 61 1 210 143
324 206 1026 1 160 1075
325 277 890 1 234 941
326 473 755 1 426 813
327 415 1022 1 365 1074
328 564 84 1 513 213
329 432 50 1 399 145
330 484 330 1 443 411
331 286 738 1 245 791
332 402 373 1 365 442
333 233 781 1 192 833
334 348 838 1 304 891
335 217 447 1 183 504
336 228 815 1 186 866
337 182 911 1 141 961
338 324 735 1 284 790
339 552 101 1 503 223
340 245 599 1 208 654
341 94 1056 1 48 1105
342 69 1142 1 19 1191
343 127 1187 1 78 1238
344 277 1076 1 229 1127
345 365 171 1 335 245
346 207 174 1 181 242
347 251 1184 1 201 1233
348 282 1201 1 232 1249
349 321 1157 1 272 1207
350 310 875 1 266 927
351 224 897 1 182 947
352 291 920 1 246 972
353 59 964 1 16 1012
354 486 320 1 444 402
355 104 194 1 78 254
356 315 1203 1 264 1254
357 395 998 1 346 1049
358 240 666 1 202 718
359 108 148 1 84 211
360 147 689 1 110 740
361 660 289 1 603 386
362 325 428 1 289 494
363 339 95 1 310 182
364 485 384 1 442 463
365 108 952 1 63 1001
366 335 973 1 290 1024
367 326 1232 1 275 1280
368 227 548 1 191 604
369 507 263 1 462 360
370 356 728 1 314 783
371 240 1171 1 191 1221
372 395 71 1 365 161
373 286 1184 1 237 1233
374 296 809 1 253 862
375 354 239 1 323 317
376 203 1036 1 157 1085
377 71 960 1 27 1008
378 381 985 1 333 1036
379 338 430 1 302 495
380 348 82 1 319 166
381 218 72 1 196 150
382 421 28 1 389 124
383 243 69 1 220 151
384 549 864 1 492 918
385 677 857 1 610 914
386 358 218 1 326 288
387 294 998 1 247 1049
388 350 1011 1 303 1063
389 362 50 1 333 142
390 512 877 1 460 930
391 271 847 1 229 899
392 485 1138 1 430 1183
393 102 43 1 81 108
394 249 560 1 213 617
395 292 963 1 247 1014
396 225 599 1 185 654
397 644 873 1 579 928
398 274 791 1 232 843
399 576 819 1 519 876
400 332 960 1 286 1011
401 349 1186 1 300 1235
402 385 997 1 337 1048
403 228 927 1 185 977
404 168 1176 1 120 1224
405 103 1014 1 57 1063
406 307 258 1 276 320
407 211 622 1 174 676
408 223 569 1 187 625
409 389 80 1 359 169
410 338 745 1 296 801
411 300 1097 1 252 1148
412 371 91 1 342 178
413 340 181 1 309 247
414 540 1139 1 481 1180
415 430 1245 1 377 1292
416 270 931 1 225 982
417 303 1022 1 256 1073
418 437 1171 1 383 1214
419 497 1214 1 440 1253
420 198 1182 1 149 1230
421 179 1189 1 130 1237
422 556 110 1 505 233
423 452 50 1 419 146
424 510 1057 1 455 1103
425 322 447 1 287 511
426 102 894 1 60 943
427 494 720 1 445 781
428 237 860 1 196 911
429 73 1174 1 23 1224
430 431 275 1 392 366
431 222 754 1 182 806
432 536 848 1 481 903
433 677 334 1 617 429
434 231 946 1 187 995
435 253 905 1 210 956
436 181 884 1 139 934
437 434 37 1 401 133
438 489 756 1 439 816
439 139 706 1 100 757
440 420 351 1 382 429
441 290 199 1 261 262
442 258 540 1 223 598
443 325 930 1 280 982
444 594 867 1 533 921
445 229 306 1 198 367
446 524 217 1 476 326
447 187 110 1 164 182
448 332 1064 1 284 1115
449 431 760 1 385 817
450 215 419 1 182 476
451 265 870 1 222 922
452 185 1156 1 136 1205
453 207 1198 1 157 1247
454 473 360 1 431 439
455 308 1012 1 261 1063
456 536 958 1 477 1005
457 243 804 1 202 856
458 279 817 1 236 869
459 391 987 1 343 1037
460 513 797 1 461 854
461 297 702 1 257 757
462 189 456 1 156 512
463 246 935 1 203 985
464 223 610 1 186 665
465 432 1204 1 378 1246
466 305 995 1 258 1046
467 515 715 1 464 777
468 342 105 1 314 191
469 254 570 1 218 627
470 345 999 1 298 1050
471 234 956 1 190 1006
472 366 769 1 324 823
473 454 266 1 413 357
474 232 80 1 208 158
475 376 461 1 338 526
476 298 200 1 269 264
477 419 314 1 380 397
478 299 1111 1 250 1162
479 171 226 1 144 289
480 244 822 1 203 874
481 415 368 1 377 443
482 314 1145 1 264 1196
483 324 918 1 280 970
484 282 802 1 240 855
485 315 1079 1 268 1129
486 411 378 1 374 453
487 232 791 1 192 843
488 170 201 1 145 268
489 227 852 1 185 903
490 382 100 1 351 187
491 137 1067 1 90 1116
492 580 209 1 526 319
493 350 939 1 305 992
494 189 38 1 166 113
495 522 883 1 468 936
496 131 881 1 88 931
497 396 91 1 365 179
498 282 977 1 237 1027
499 398 150 1 367 227
500 343 378 1 309 445
501 623 820 1 561 878
502 130 1040 1 84 1089
503 334 1085 1 286 1135
504 319 958 1 274 1009
505 319 1188 1 269 1237
506 240 614 1 202 669
507 303 750 1 262 804
508 555 1201 1 494 1238
509 229 418 1 196 475
510 234 913 1 192 963
511 676 837 1 609 895
512 216 689 1 178 742
513 154 1178 1 106 1227
514 505 716 1 456 777
515 254 529 1 219 587
516 658 407 1 600 494
517 325 355 1 291 423
518 476 724 1 428 784
519 341 197 1 311 263
520 256 1161 1 208 1209
521 194 1160 1 145 1209
522 429 1194 1 376 1236
523 279 748 1 238 801
524 264 884 1 221 936
525 640 292 1 586 387
526 235 1069 1 189 1119
527 73 950 1 29 999
528 282 827 1 240 879
529 340 139 1 311 204
530 253 855 1 211 907
531 490 957 1 434 1004
532 335 1189 1 285 1237
533 350 1164 1 299 1213
