0 294 1054 1 283 1060
1 297 802 1 297 813
2 343 853 1 342 866
3 358 827 1 356 841
4 365 926 1 360 937
5 68 575 1 79 579
6 82 740 1 89 742
7 65 1244 1 49 1241
8 70 612 1 82 616
9 109 1133 1 98 1132
10 381 1016 1 371 1025
11 377 155 1 400 196
12 429 1255 1 409 1259
13 266 897 1 264 905
14 424 412 1 435 449
15 389 388 1 402 421
16 86 856 1 87 858
17 398 388 1 411 421
18 290 114 1 318 159
19 73 674 1 82 676
20 345 896 1 340 907
21 333 391 1 349 415
22 113 1173 1 101 1171
23 256 511 1 269 524
24 296 781 1 299 793
25 332 342 1 349 384
26 436 1225 1 414 1227
27 312 179 1 337 210
28 424 1176 1 405 1180
29 421 271 1 435 335
30 344 872 1 340 884
31 205 666 1 212 675
32 159 154 1 188 181
33 48 1138 1 38 1133
34 27 833 1 30 832
35 111 1147 1 99 1145
36 309 198 1 333 222
37 538 335 1 543 388
38 371 1074 1 359 1081
39 359 840 1 356 853
40 642 894 1 619 917
41 362 882 1 358 894
42 380 1006 1 370 1015
43 62 458 1 77 464
44 383 1038 1 372 1047
45 306 375 1 322 411
46 63 394 1 83 403
47 197 514 1 209 525
48 112 1109 1 102 1108
49 332 181 1 355 212
50 535 871 1 521 891
51 424 390 1 435 427
52 370 400 1 383 436
53 388 1077 1 374 1085
54 33 910 1 33 909
55 24 760 1 28 758
56 520 868 1 508 888
57 345 478 1 359 500
58 28 815 1 32 815
59 584 893 1 566 914
60 434 1175 1 415 1180
61 332 1255 1 313 1261
62 64 522 1 79 527
63 447 368 1 457 411
64 583 874 1 565 896
65 308 162 1 332 200
66 358 112 1 383 159
67 389 1170 1 373 1172
68 657 84 1 660 168
69 425 401 1 435 439
70 681 189 1 678 268
71 493 165 1 505 239
72 44 417 1 63 425
73 60 1178 1 46 1171
74 336 456 1 349 479
75 360 873 1 357 885
76 113 1096 1 104 1095
77 304 408 1 319 432
78 32 875 1 33 874
79 493 888 1 482 905
80 65 557 1 80 563
81 253 447 1 267 462
82 355 926 1 349 937
83 125 970 1 124 971
84 285 711 1 289 724
85 444 358 1 456 401
86 55 410 1 74 418
87 405 1178 1 387 1181
88 269 965 1 264 971
89 75 709 1 82 712
90 368 950 1 361 960
91 65 412 1 85 420
92 226 881 1 227 888
93 269 752 1 272 761
94 58 420 1 77 428
95 57 375 1 77 384
96 564 869 1 549 891
97 253 327 1 273 343
98 290 937 1 285 945
99 582 311 1 586 366
100 371 413 1 384 448
101 298 1064 1 287 1070
102 370 959 1 362 969
103 251 411 1 267 425
104 44 112 1 74 125
105 319 1065 1 310 1070
106 76 725 1 82 728
107 492 335 1 500 387
108 282 1038 1 274 1044
109 265 737 1 269 747
110 357 420 1 370 451
111 638 258 1 634 330
112 267 932 1 263 938
113 303 418 1 319 444
114 301 1087 1 290 1090
115 206 647 1 213 657
116 307 762 1 309 774
117 359 957 1 352 968
118 378 387 1 391 420
119 420 33 1 445 92
120 56 1229 1 42 1223
121 65 1229 1 51 1223
122 424 422 1 434 459
123 198 496 1 211 507
124 297 1159 1 283 1160
125 390 1057 1 378 1064
126 537 889 1 522 909
127 312 104 1 340 147
128 303 954 1 298 963
129 366 386 1 381 424
130 255 493 1 268 506
131 341 1019 1 332 1027
132 31 858 1 32 857
133 310 1189 1 294 1192
134 565 886 1 549 907
135 308 1060 1 298 1064
136 589 973 1 567 989
137 393 438 1 404 473
138 250 294 1 272 311
139 205 138 1 234 160
140 31 1144 1 21 1140
141 656 278 1 652 347
142 420 192 1 436 263
143 329 806 1 329 819
144 310 50 1 340 103
145 43 1002 1 38 999
146 464 26 1 487 86
147 297 874 1 294 884
148 304 393 1 319 417
149 56 353 1 76 362
150 216 816 1 216 822
151 227 1126 1 216 1130
152 369 426 1 381 460
153 228 1142 1 216 1145
154 267 1006 1 260 1011
155 301 556 1 311 572
156 79 753 1 83 756
157 341 490 1 353 511
158 403 440 1 414 472
159 638 970 1 610 987
160 304 385 1 319 407
161 306 491 1 319 511
162 45 154 1 73 165
163 394 33 1 421 92
164 572 987 1 551 1003
165 318 1016 1 309 1022
166 323 842 1 323 853
167 57 1196 1 45 1190
168 687 261 1 679 334
169 479 868 1 470 887
170 589 988 1 566 1004
171 276 762 1 278 772
172 129 181 1 160 202
173 368 26 1 395 83
174 277 795 1 276 805
175 280 1015 1 271 1020
176 151 230 1 177 250
177 352 506 1 362 529
178 384 192 1 403 262
179 371 1021 1 361 1029
180 314 417 1 329 440
181 188 497 1 202 508
182 421 174 1 437 247
183 318 393 1 334 417
184 357 408 1 370 440
185 57 1153 1 46 1148
186 383 34 1 409 92
187 336 432 1 349 457
188 542 992 1 522 1006
189 322 883 1 320 893
190 402 408 1 413 440
191 489 869 1 479 888
192 334 407 1 349 432
193 183 713 1 188 720
194 315 447 1 329 469
195 286 770 1 288 780
196 251 353 1 269 369
197 264 1180 1 248 1183
198 414 428 1 424 463
199 253 467 1 267 480
200 673 753 1 651 787
201 184 139 1 214 165
202 203 697 1 210 705
203 345 112 1 370 159
204 348 798 1 347 810
205 143 999 1 140 1000
206 36 961 1 34 959
207 344 381 1 359 413
208 329 828 1 328 840
209 227 853 1 226 860
210 321 1229 1 304 1232
211 352 916 1 346 927
212 332 191 1 355 223
213 416 438 1 426 473
214 113 1119 1 104 1118
215 258 34 1 291 83
216 280 805 1 280 815
217 357 24 1 385 81
218 263 985 1 257 991
219 345 118 1 370 161
220 30 930 1 29 928
221 57 1135 1 47 1131
222 251 1163 1 237 1166
223 162 208 1 190 230
224 340 81 1 367 129
225 52 294 1 74 304
226 474 993 1 458 1004
227 659 98 1 662 183
228 427 445 1 437 481
229 186 94 1 215 111
230 212 1138 1 200 1140
231 263 995 1 256 1001
232 402 398 1 414 432
233 275 713 1 279 725
234 440 323 1 452 373
235 273 994 1 266 1000
236 322 172 1 346 201
237 573 319 1 577 373
238 195 1240 1 179 1238
239 238 1142 1 225 1145
240 255 1221 1 239 1224
241 30 950 1 28 948
242 254 69 1 286 113
243 204 940 1 200 944
244 198 898 1 197 903
245 286 781 1 288 792
246 56 1011 1 51 1009
247 141 983 1 140 984
248 228 815 1 229 822
249 249 339 1 267 356
250 203 968 1 199 972
251 335 447 1 348 470
252 305 545 1 317 561
253 534 321 1 541 372
254 240 573 1 252 584
255 387 272 1 404 336
256 167 688 1 172 692
257 247 1125 1 234 1129
258 152 180 1 180 200
259 61 477 1 75 481
260 323 747 1 325 761
261 40 951 1 38 948
262 241 798 1 243 806
263 688 220 1 682 296
264 489 961 1 475 974
265 372 1032 1 362 1039
266 24 777 1 27 777
267 217 849 1 217 856
268 670 56 1 672 145
269 444 1225 1 423 1227
270 427 345 1 439 396
271 100 937 1 99 939
272 170 863 1 172 868
273 624 984 1 600 1001
274 257 946 1 253 952
275 413 797 1 411 814
276 356 1074 1 345 1080
277 364 378 1 379 414
278 44 144 1 72 156
279 395 778 1 394 796
280 184 890 1 184 896
281 289 504 1 301 525
282 602 256 1 601 328
283 321 103 1 348 148
284 399 807 1 397 823
285 261 955 1 256 962
286 288 336 1 308 367
287 395 376 1 408 412
288 644 904 1 620 927
289 245 583 1 255 595
290 225 944 1 221 949
291 590 312 1 592 369
292 255 919 1 252 926
293 347 1056 1 336 1063
294 292 1030 1 284 1037
295 87 1081 1 79 1079
296 215 1019 1 208 1022
297 110 298 1 135 316
298 412 90 1 436 139
299 250 285 1 271 302
300 375 142 1 398 184
301 246 875 1 245 882
302 296 149 1 323 187
303 40 981 1 37 979
304 329 894 1 326 904
305 177 193 1 204 217
306 165 1075 1 156 1076
307 233 937 1 230 943
308 421 798 1 419 816
309 250 1247 1 233 1247
310 488 157 1 500 235
311 368 113 1 392 160
312 239 786 1 241 793
313 345 423 1 359 449
314 187 830 1 189 835
315 302 884 1 299 893
316 165 498 1 179 508
317 182 863 1 182 869
318 138 961 1 137 962
319 477 171 1 491 244
320 196 649 1 204 657
321 54 1109 1 45 1106
322 28 1197 1 16 1193
323 89 1242 1 74 1239
324 237 1124 1 225 1128
325 307 226 1 329 253
326 414 46 1 439 104
327 226 1233 1 209 1234
328 630 416 1 626 471
329 283 1203 1 267 1206
330 342 347 1 359 390
331 658 325 1 653 390
332 265 921 1 262 929
333 181 945 1 178 949
334 247 967 1 242 973
335 297 310 1 317 346
336 296 295 1 317 327
337 423 373 1 436 412
338 193 714 1 198 721
339 50 249 1 74 259
340 169 899 1 169 904
341 278 1251 1 260 1255
342 352 1041 1 341 1048
343 99 740 1 106 743
344 588 344 1 590 399
345 318 472 1 331 494
346 300 114 1 327 156
347 278 157 1 304 194
348 424 436 1 434 472
349 65 1004 1 60 1003
350 293 1018 1 285 1024
351 176 598 1 187 608
352 299 199 1 323 225
353 308 775 1 309 786
354 202 1220 1 187 1221
355 332 133 1 358 174
356 249 1232 1 233 1232
357 273 45 1 305 92
358 250 857 1 249 864
359 517 307 1 523 362
360 163 1085 1 153 1086
361 153 57 1 187 87
362 28 1013 1 24 1010
363 337 1029 1 327 1036
364 284 480 1 297 502
365 355 92 1 382 138
366 321 36 1 351 90
367 352 35 1 380 91
368 495 901 1 483 918
369 617 891 1 597 913
370 248 787 1 250 797
371 252 1045 1 243 1050
372 322 182 1 346 211
373 249 751 1 253 760
374 461 915 1 451 930
375 227 894 1 225 901
376 666 1138 1 630 1145
377 443 1175 1 423 1179
378 199 610 1 209 621
379 249 1010 1 243 1015
380 586 907 1 566 927
381 228 839 1 228 845
382 520 856 1 508 877
383 289 1006 1 282 1012
384 311 1231 1 295 1234
385 147 246 1 172 264
386 342 1040 1 332 1047
387 176 1093 1 170 1092
388 130 1227 1 116 1224
389 465 41 1 487 101
390 266 337 1 286 367
391 61 1067 1 54 1064
392 251 310 1 271 325
393 162 672 1 170 679
394 172 619 1 183 629
395 342 42 1 371 98
396 327 141 1 353 181
397 291 964 1 285 971
398 290 792 1 291 804
399 251 1021 1 243 1026
400 261 1145 1 248 1149
401 310 152 1 335 190
402 429 179 1 445 250
403 494 1171 1 472 1174
404 226 978 1 221 983
405 262 1069 1 252 1074
406 277 1184 1 262 1187
407 455 1247 1 433 1247
408 160 1232 1 146 1230
409 141 1240 1 126 1236
410 387 113 1 412 160
411 642 883 1 619 907
412 343 172 1 366 208
413 261 1016 1 253 1021
414 464 1092 1 447 1099
415 269 498 1 282 517
416 482 337 1 491 388
417 58 945 1 57 944
418 440 763 1 437 784
419 358 393 1 372 428
420 192 909 1 192 913
421 34 1231 1 20 1225
422 176 803 1 178 809
423 303 209 1 326 234
424 604 387 1 603 441
425 189 993 1 184 996
426 209 953 1 206 958
427 136 934 1 135 936
428 369 100 1 394 148
429 192 207 1 219 232
430 436 798 1 431 818
431 165 42 1 199 65
432 92 757 1 97 760
433 234 251 1 256 268
434 207 590 1 218 602
435 157 77 1 189 101
436 282 977 1 275 983
437 537 902 1 522 920
438 175 359 1 194 373
439 292 1144 1 279 1148
440 454 281 1 465 343
441 131 168 1 160 191
442 292 1109 1 279 1115
443 381 805 1 379 820
444 163 470 1 178 480
445 220 917 1 218 924
446 145 1208 1 132 1205
447 169 1249 1 154 1246
448 411 413 1 423 448
449 267 1058 1 257 1063
450 482 991 1 465 1002
451 197 852 1 198 858
452 233 864 1 232 871
453 347 1029 1 338 1036
454 459 838 1 452 856
455 204 982 1 199 986
456 174 660 1 182 668
457 238 956 1 234 962
458 392 1242 1 372 1242
459 263 1042 1 254 1047
460 459 758 1 455 780
461 282 166 1 308 203
462 181 1226 1 167 1225
463 660 817 1 636 846
464 88 1003 1 83 1003
465 204 620 1 213 631
466 303 1044 1 293 1050
467 193 1003 1 187 1006
468 319 814 1 319 826
469 390 324 1 405 370
470 321 511 1 333 532
471 242 252 1 264 270
472 497 306 1 504 362
473 259 1159 1 246 1163
474 116 281 1 140 296
475 199 870 1 199 876
476 133 78 1 164 90
477 281 964 1 275 971
478 236 850 1 236 857
479 275 1125 1 264 1130
480 187 840 1 188 845
481 236 182 1 261 199
482 182 900 1 181 905
483 320 160 1 345 199
484 97 1119 1 87 1117
485 508 272 1 513 337
486 122 780 1 124 784
487 470 921 1 459 936
488 87 932 1 85 932
489 334 152 1 359 191
490 240 1023 1 232 1029
491 338 206 1 360 236
492 288 430 1 304 452
493 565 857 1 549 878
494 90 1092 1 81 1090
495 294 1131 1 282 1135
496 276 1004 1 269 1010
497 301 337 1 320 368
498 356 46 1 383 102
499 256 798 1 257 807
500 510 1231 1 484 1230
501 177 469 1 191 479
502 191 961 1 188 964
503 616 871 1 596 895
504 169 738 1 174 745
505 116 1231 1 103 1227
506 450 759 1 448 780
507 371 1064 1 359 1071
508 248 1035 1 239 1040
509 589 457 1 585 505
510 269 407 1 286 430
511 423 767 1 421 787
512 284 250 1 306 269
513 218 1209 1 204 1209
514 155 1211 1 141 1208
515 389 1232 1 370 1232
516 231 796 1 233 804
517 220 931 1 217 938
518 570 347 1 573 400
519 196 1119 1 185 1120
520 31 1003 1 26 1000
521 237 874 1 235 881
522 282 191 1 306 210
523 515 262 1 519 331
524 208 903 1 207 909
525 439 991 1 425 1001
526 319 1028 1 312 1035
527 294 915 1 290 924
528 216 1235 1 200 1235
529 310 1209 1 294 1212
