0 332 858 1 341 866
1 282 1058 1 283 1060
2 285 806 1 296 813
3 345 830 1 355 841
4 353 930 1 359 937
5 55 579 1 79 580
6 53 1249 1 49 1242
7 58 617 1 81 617
8 97 1138 1 98 1132
9 412 417 1 434 450
10 369 1019 1 370 1025
11 364 161 1 399 197
12 254 901 1 263 905
13 50 398 1 82 404
14 376 393 1 401 422
15 74 861 1 87 859
16 385 392 1 410 422
17 277 120 1 318 160
18 320 395 1 348 416
19 60 660 1 81 659
20 101 1178 1 100 1171
21 334 481 1 359 500
22 53 526 1 79 527
23 61 677 1 82 676
24 319 347 1 348 385
25 299 183 1 336 211
26 412 1179 1 404 1179
27 333 900 1 339 907
28 146 159 1 188 182
29 36 1143 1 37 1133
30 70 745 1 88 742
31 99 1151 1 99 1145
32 296 203 1 332 223
33 524 340 1 542 390
34 359 1078 1 358 1081
35 332 875 1 340 884
36 347 844 1 356 854
37 628 897 1 617 917
38 350 886 1 357 894
39 368 1009 1 369 1015
40 48 462 1 77 465
41 371 1041 1 371 1047
42 285 786 1 298 793
43 291 413 1 318 433
44 185 518 1 209 525
45 409 277 1 434 337
46 100 1113 1 102 1108
47 318 185 1 354 213
48 522 874 1 520 891
49 411 395 1 434 429
50 357 405 1 382 437
51 376 1080 1 374 1085
52 286 109 1 326 150
53 240 452 1 267 463
54 194 672 1 211 675
55 507 871 1 507 888
56 570 896 1 564 914
57 422 1178 1 414 1179
58 433 373 1 456 412
59 570 877 1 564 896
60 295 167 1 332 201
61 345 118 1 382 160
62 377 1173 1 372 1171
63 243 515 1 268 525
64 642 91 1 658 171
65 411 405 1 434 440
66 665 196 1 676 270
67 479 172 1 503 242
68 32 421 1 63 426
69 47 1183 1 46 1171
70 323 461 1 349 479
71 348 876 1 356 885
72 101 1101 1 103 1095
73 423 1229 1 414 1226
74 480 891 1 481 905
75 53 561 1 79 564
76 343 930 1 348 937
77 113 975 1 123 971
78 272 715 1 289 724
79 42 415 1 74 419
80 393 1181 1 386 1181
81 257 969 1 264 971
82 62 713 1 82 712
83 24 919 1 33 909
84 356 953 1 361 960
85 53 417 1 84 421
86 214 885 1 226 888
87 256 756 1 271 762
88 45 425 1 76 429
89 102 1127 1 103 1118
90 44 379 1 76 385
91 236 344 1 266 356
92 551 872 1 548 891
93 241 331 1 272 344
94 278 941 1 285 945
95 358 418 1 383 449
96 285 1067 1 286 1070
97 358 962 1 362 969
98 66 760 1 82 756
99 238 416 1 266 425
100 31 117 1 74 126
101 307 1069 1 309 1070
102 64 730 1 82 728
103 479 341 1 499 388
104 270 1042 1 273 1044
105 253 741 1 268 748
106 344 424 1 369 452
107 622 264 1 632 332
108 255 936 1 263 939
109 290 423 1 318 445
110 289 1091 1 290 1089
111 193 652 1 213 657
112 295 766 1 308 774
113 347 961 1 351 969
114 364 392 1 391 421
115 407 40 1 444 94
116 44 1235 1 42 1223
117 53 1234 1 51 1223
118 411 427 1 433 460
119 185 501 1 211 508
120 285 1163 1 282 1160
121 378 1060 1 378 1064
122 523 893 1 520 909
123 299 110 1 339 149
124 291 958 1 298 963
125 354 391 1 380 425
126 242 497 1 267 506
127 329 1023 1 331 1027
128 299 1193 1 293 1192
129 551 890 1 548 907
130 295 1064 1 298 1064
131 576 976 1 566 989
132 380 443 1 403 474
133 238 298 1 271 311
134 193 142 1 233 161
135 291 379 1 322 412
136 641 284 1 651 348
137 406 198 1 435 265
138 317 810 1 328 819
139 297 56 1 339 105
140 31 1006 1 38 999
141 450 32 1 485 88
142 285 878 1 294 884
143 291 398 1 318 418
144 43 357 1 76 363
145 192 157 1 233 179
146 204 820 1 216 823
147 216 1131 1 215 1130
148 355 431 1 380 461
149 216 1146 1 215 1145
150 255 1010 1 259 1011
151 288 560 1 310 572
152 328 495 1 352 512
153 390 445 1 413 472
154 624 973 1 608 987
155 291 389 1 318 407
156 293 495 1 318 512
157 32 158 1 72 166
158 381 40 1 420 94
159 559 990 1 550 1002
160 306 1019 1 309 1022
161 311 846 1 322 854
162 45 1201 1 44 1190
163 671 267 1 677 336
164 466 872 1 469 887
165 576 991 1 565 1004
166 263 766 1 278 772
167 644 331 1 651 392
168 117 186 1 159 203
169 354 32 1 394 85
170 264 799 1 275 806
171 268 1019 1 270 1021
172 138 234 1 177 251
173 338 510 1 361 529
174 371 199 1 402 265
175 359 1025 1 360 1029
176 301 422 1 328 441
177 175 502 1 202 509
178 407 181 1 436 249
179 305 398 1 334 417
180 343 412 1 370 441
181 45 1158 1 46 1148
182 370 41 1 408 94
183 323 436 1 349 457
184 682 426 1 681 484
185 529 995 1 521 1006
186 310 887 1 319 894
187 389 412 1 413 441
188 476 872 1 478 888
189 321 412 1 349 433
190 171 717 1 187 721
191 303 452 1 328 470
192 274 774 1 287 781
193 239 357 1 269 369
194 252 1184 1 248 1183
195 401 433 1 423 464
196 240 471 1 266 481
197 658 756 1 649 788
198 171 145 1 213 166
199 190 701 1 209 706
200 332 118 1 370 160
201 336 802 1 346 810
202 131 1004 1 140 1000
203 24 966 1 34 959
204 330 386 1 358 414
205 317 832 1 327 840
206 215 857 1 225 860
207 310 1233 1 303 1232
208 340 919 1 345 927
209 319 196 1 355 224
210 403 443 1 425 474
211 691 1121 1 665 1128
212 245 40 1 290 84
213 267 809 1 279 815
214 344 30 1 385 83
215 251 989 1 257 992
216 331 124 1 369 163
217 276 434 1 303 453
218 45 1140 1 47 1131
219 240 1168 1 236 1166
220 150 212 1 190 231
221 327 87 1 366 130
222 39 298 1 74 304
223 461 996 1 456 1003
224 644 106 1 660 185
225 414 450 1 436 482
226 379 29 1 418 82
227 173 99 1 215 112
228 201 1142 1 199 1140
229 251 999 1 255 1002
230 389 402 1 413 432
231 263 717 1 278 725
232 425 359 1 448 404
233 428 329 1 451 375
234 261 998 1 266 1001
235 309 177 1 346 202
236 559 324 1 576 375
237 183 1245 1 179 1238
238 227 1147 1 224 1146
239 244 1225 1 239 1224
240 241 75 1 285 114
241 192 944 1 200 945
242 277 145 1 316 180
243 186 902 1 197 903
244 273 785 1 288 792
245 44 1015 1 51 1009
246 129 988 1 139 984
247 216 819 1 229 823
248 191 972 1 198 972
249 322 451 1 348 470
250 292 549 1 316 561
251 520 326 1 539 374
252 228 577 1 252 585
253 374 278 1 403 338
254 155 692 1 172 693
255 235 1129 1 234 1129
256 139 184 1 179 201
257 48 481 1 75 482
258 310 751 1 324 761
259 28 955 1 38 948
260 229 802 1 243 806
261 672 226 1 680 298
262 476 964 1 474 973
263 360 1036 1 362 1039
264 287 1239 1 281 1237
265 205 853 1 217 856
266 655 64 1 670 147
267 433 1228 1 422 1226
268 414 351 1 438 398
269 88 942 1 98 939
270 158 867 1 171 868
271 611 986 1 598 1001
272 245 950 1 252 952
273 401 801 1 410 814
274 344 1077 1 344 1080
275 351 382 1 379 415
276 31 149 1 71 157
277 382 782 1 394 796
278 172 894 1 184 896
279 277 509 1 300 525
280 587 263 1 600 330
281 308 109 1 347 150
282 387 811 1 396 823
283 249 959 1 255 962
284 275 341 1 307 368
285 381 381 1 408 413
286 630 907 1 619 927
287 232 587 1 254 595
288 213 948 1 220 949
289 576 317 1 591 370
290 243 923 1 251 926
291 335 1059 1 335 1063
292 280 1034 1 283 1037
293 75 1086 1 79 1079
294 203 1023 1 208 1023
295 98 303 1 134 317
296 399 96 1 435 141
297 238 289 1 270 302
298 362 148 1 398 185
299 234 879 1 244 882
300 283 155 1 322 188
301 28 986 1 37 979
302 318 897 1 325 904
303 164 198 1 204 218
304 153 1079 1 156 1076
305 221 941 1 230 943
306 409 802 1 418 816
307 238 1251 1 233 1247
308 474 164 1 498 238
309 355 119 1 391 161
310 227 790 1 240 794
311 332 428 1 359 450
312 175 834 1 188 836
313 290 888 1 299 893
314 153 503 1 178 509
315 170 868 1 182 869
316 126 965 1 137 962
317 463 178 1 489 246
318 183 653 1 203 658
319 42 1114 1 44 1107
320 269 969 1 275 971
321 78 1247 1 74 1239
322 226 1128 1 224 1128
323 294 231 1 328 254
324 401 52 1 438 105
325 215 1237 1 209 1234
326 616 421 1 624 472
327 271 1207 1 267 1206
328 328 352 1 358 392
329 253 925 1 261 929
330 169 949 1 177 949
331 235 971 1 241 973
332 284 315 1 317 347
333 284 300 1 317 328
334 410 378 1 435 413
335 181 718 1 198 722
336 37 253 1 73 260
337 157 903 1 168 904
338 340 1044 1 340 1048
339 87 744 1 106 743
340 573 349 1 588 400
341 305 476 1 330 495
342 287 119 1 327 157
343 265 162 1 304 195
344 411 441 1 433 473
345 53 1009 1 60 1003
346 281 1022 1 284 1024
347 163 603 1 187 609
348 286 204 1 322 226
349 295 779 1 309 786
350 191 1225 1 187 1221
351 319 138 1 357 175
352 238 1236 1 232 1232
353 260 51 1 304 94
354 238 861 1 248 864
355 504 312 1 522 364
356 151 1089 1 153 1086
357 141 63 1 187 88
358 325 1032 1 327 1036
359 271 485 1 297 502
360 134 115 1 178 136
361 342 98 1 381 140
362 308 42 1 351 92
363 339 41 1 380 93
364 482 904 1 482 918
365 603 894 1 596 913
366 236 791 1 250 797
367 240 1049 1 243 1050
368 309 187 1 346 212
369 236 755 1 252 760
370 448 918 1 450 930
371 215 898 1 224 901
372 652 1139 1 628 1144
373 431 1178 1 422 1179
374 186 615 1 208 622
375 237 1014 1 242 1015
376 572 909 1 565 927
377 216 843 1 228 846
378 507 859 1 507 877
379 277 1010 1 281 1012
380 300 1235 1 294 1233
381 134 250 1 172 264
382 330 1044 1 331 1047
383 165 1097 1 170 1092
384 118 1232 1 116 1224
385 451 48 1 486 103
386 254 342 1 285 368
387 49 1072 1 54 1064
388 238 314 1 270 326
389 160 623 1 183 630
390 329 49 1 371 100
391 314 147 1 352 183
392 279 968 1 285 971
393 278 796 1 291 804
394 239 1025 1 243 1026
395 249 1149 1 247 1149
396 297 157 1 335 191
397 415 186 1 444 253
398 482 1172 1 471 1174
399 214 982 1 221 983
400 250 1073 1 251 1074
401 265 1188 1 262 1187
402 443 1249 1 432 1246
403 148 1237 1 146 1230
404 129 1245 1 126 1236
405 375 118 1 411 161
406 628 885 1 617 907
407 330 177 1 366 209
408 249 1020 1 253 1021
409 289 32 1 333 79
410 257 503 1 281 517
411 469 342 1 490 390
412 355 338 1 383 378
413 46 949 1 56 945
414 428 766 1 436 784
415 344 398 1 371 429
416 180 913 1 192 913
417 164 807 1 177 809
418 290 214 1 326 235
419 590 393 1 601 443
420 177 997 1 183 996
421 197 957 1 205 958
422 124 938 1 135 936
423 355 106 1 393 149
424 180 212 1 219 233
425 423 802 1 430 818
426 153 47 1 198 66
427 79 761 1 96 760
428 221 256 1 255 269
429 195 594 1 218 603
430 270 981 1 275 983
431 524 905 1 521 920
432 163 363 1 193 373
433 281 1148 1 279 1148
434 440 287 1 464 344
435 118 173 1 159 192
436 280 1113 1 279 1115
437 369 809 1 379 820
438 150 475 1 177 481
439 208 921 1 217 924
440 134 1212 1 132 1205
441 158 1253 1 154 1246
442 398 418 1 423 449
443 255 1062 1 257 1064
444 469 994 1 464 1002
445 185 856 1 198 858
446 221 868 1 231 871
447 335 1032 1 337 1036
448 446 841 1 451 856
449 192 986 1 198 986
450 161 664 1 181 669
451 226 960 1 233 962
452 380 1245 1 372 1241
453 251 1046 1 254 1047
454 446 762 1 454 781
455 269 172 1 307 204
456 170 1230 1 167 1225
457 645 820 1 635 846
458 76 1008 1 83 1003
459 191 624 1 213 632
460 291 1048 1 293 1050
461 180 1008 1 186 1007
462 306 819 1 318 826
463 672 434 1 672 490
464 309 515 1 332 533
465 229 257 1 263 270
466 482 311 1 503 363
467 248 1163 1 246 1163
468 103 285 1 140 297
469 187 874 1 199 876
470 120 82 1 163 91
471 224 854 1 235 857
472 263 1129 1 263 1130
473 175 844 1 187 845
474 223 186 1 260 200
475 170 904 1 181 905
476 307 165 1 344 200
477 85 1124 1 87 1118
478 493 278 1 512 339
479 109 785 1 124 784
480 457 924 1 458 936
481 75 937 1 85 933
482 321 157 1 358 193
483 228 1028 1 232 1029
484 325 211 1 360 237
485 552 860 1 548 878
486 78 1097 1 81 1091
487 283 1135 1 281 1135
488 264 1008 1 269 1010
489 288 341 1 319 369
490 342 52 1 382 104
491 244 802 1 257 807
492 498 1232 1 483 1230
493 163 473 1 191 480
494 179 965 1 188 964
495 602 874 1 594 895
496 156 742 1 173 745
497 105 1236 1 102 1227
498 437 763 1 447 781
499 359 1067 1 359 1071
500 236 1039 1 239 1040
501 574 461 1 584 506
502 257 412 1 286 431
503 410 771 1 420 787
504 271 255 1 305 270
505 206 1213 1 203 1209
506 144 1215 1 141 1208
507 377 1235 1 369 1231
508 220 800 1 233 804
509 208 935 1 217 938
510 556 352 1 571 401
511 184 1123 1 185 1120
512 225 878 1 235 881
513 269 196 1 305 211
514 107 152 1 150 169
515 500 268 1 518 333
516 196 907 1 207 909
517 426 994 1 424 1001
518 307 1032 1 311 1035
519 282 919 1 289 924
520 204 1239 1 200 1235
521 298 1213 1 294 1212
