0 296 847 1 338 867
1 245 1046 1 280 1060
2 250 796 1 294 815
3 376 1243 1 402 1254
4 310 820 1 352 842
5 316 919 1 356 938
6 63 1164 1 98 1171
7 26 604 1 79 619
8 60 1125 1 96 1132
9 380 412 1 430 455
10 331 1007 1 367 1025
11 336 157 1 395 203
12 219 890 1 261 906
13 296 864 1 337 885
14 345 388 1 397 427
15 39 848 1 85 860
16 354 388 1 406 427
17 291 388 1 345 419
18 27 647 1 79 661
19 271 178 1 333 216
20 333 1030 1 368 1046
21 249 155 1 310 200
22 289 343 1 345 392
23 372 1164 1 401 1177
24 296 889 1 336 908
25 36 732 1 86 744
26 62 1139 1 97 1145
27 28 666 1 80 678
28 491 341 1 535 397
29 76 1253 1 111 1256
30 312 834 1 353 855
31 585 886 1 610 917
32 314 875 1 354 895
33 331 997 1 366 1015
34 335 388 1 387 426
35 250 775 1 295 795
36 261 405 1 315 437
37 153 508 1 206 528
38 377 279 1 428 347
39 63 1101 1 100 1109
40 291 180 1 351 218
41 483 863 1 514 891
42 379 391 1 430 434
43 326 401 1 378 443
44 338 1067 1 371 1084
45 259 106 1 323 158
46 209 442 1 264 465
47 161 661 1 209 677
48 468 861 1 502 888
49 275 390 1 331 421
50 530 885 1 558 914
51 383 1163 1 411 1177
52 322 1065 1 355 1081
53 401 370 1 451 418
54 528 866 1 557 896
55 267 163 1 328 208
56 318 116 1 378 168
57 338 1158 1 368 1170
58 241 1186 1 272 1197
59 250 117 1 314 168
60 211 505 1 265 527
61 607 101 1 648 183
62 379 402 1 430 445
63 629 204 1 666 281
64 447 178 1 496 253
65 303 474 1 355 504
66 312 866 1 353 886
67 64 1088 1 101 1096
68 382 1213 1 410 1224
69 441 879 1 475 906
70 271 1056 1 306 1070
71 78 961 1 122 972
72 239 705 1 286 726
73 31 717 1 80 730
74 354 1166 1 383 1179
75 29 701 1 80 714
76 252 1075 1 287 1089
77 320 942 1 358 960
78 326 414 1 379 455
79 180 873 1 224 890
80 222 745 1 268 763
81 439 863 1 473 889
82 207 334 1 264 359
83 510 862 1 542 891
84 212 322 1 270 347
85 242 929 1 282 946
86 118 152 1 185 188
87 306 918 1 345 938
88 249 1056 1 284 1070
89 24 551 1 77 566
90 24 565 1 77 582
91 446 340 1 493 395
92 233 1030 1 271 1045
93 219 731 1 266 749
94 313 419 1 365 457
95 586 270 1 623 342
96 220 924 1 260 939
97 160 641 1 211 659
98 261 755 1 306 776
99 301 380 1 355 419
100 380 41 1 439 104
101 24 386 1 80 406
102 379 423 1 429 465
103 155 490 1 208 510
104 254 1045 1 290 1060
105 199 565 1 249 587
106 340 1047 1 375 1064
107 292 433 1 346 461
108 483 881 1 514 909
109 255 946 1 295 963
110 303 909 1 342 928
111 323 388 1 376 430
112 211 487 1 265 509
113 292 1010 1 328 1027
114 222 956 1 261 972
115 260 1179 1 291 1192
116 64 1110 1 101 1118
117 511 879 1 542 907
118 32 747 1 80 758
119 534 963 1 559 988
120 349 438 1 399 479
121 209 289 1 268 314
122 274 106 1 336 157
123 261 374 1 318 418
124 604 289 1 641 357
125 376 202 1 429 276
126 282 800 1 326 820
127 392 1212 1 418 1223
128 271 55 1 335 115
129 422 34 1 480 97
130 250 867 1 291 885
131 604 1122 1 620 1140
132 165 149 1 230 184
133 169 809 1 213 824
134 208 406 1 264 428
135 179 1119 1 213 1130
136 179 1134 1 213 1145
137 325 426 1 377 466
138 511 850 1 542 879
139 254 552 1 308 575
140 246 336 1 304 373
141 297 487 1 349 515
142 24 513 1 77 529
143 261 487 1 315 515
144 260 417 1 315 448
145 355 41 1 415 103
146 517 976 1 543 1001
147 24 405 1 82 424
148 269 1007 1 306 1022
149 633 273 1 667 346
150 428 861 1 464 887
151 533 977 1 558 1002
152 229 755 1 275 774
153 606 334 1 642 400
154 90 176 1 157 208
155 328 33 1 390 95
156 230 788 1 273 807
157 232 1007 1 268 1021
158 111 225 1 174 256
159 307 502 1 358 532
160 341 202 1 397 276
161 321 1013 1 357 1029
162 271 415 1 325 445
163 436 342 1 484 397
164 145 491 1 199 511
165 376 186 1 430 261
166 313 407 1 366 446
167 74 276 1 138 300
168 344 42 1 404 104
169 641 428 1 671 490
170 488 981 1 515 1004
171 275 876 1 316 894
172 358 407 1 409 446
173 291 404 1 346 437
174 137 706 1 185 722
175 145 135 1 211 171
176 271 444 1 325 473
177 240 764 1 285 782
178 210 348 1 266 372
179 215 1172 1 245 1183
180 369 428 1 419 468
181 309 448 1 362 486
182 395 328 1 445 382
183 209 461 1 263 483
184 383 350 1 433 405
185 615 749 1 640 789
186 158 690 1 207 707
187 305 116 1 366 168
188 301 792 1 343 812
189 96 990 1 138 1000
190 358 438 1 409 477
191 283 821 1 324 841
192 180 846 1 223 861
193 272 1219 1 301 1231
194 280 834 1 320 855
195 292 191 1 351 229
196 371 439 1 421 479
197 188 151 1 251 178
198 643 1104 1 657 1124
199 220 37 1 287 93
200 233 799 1 277 817
201 318 31 1 380 93
202 578 958 1 601 986
203 214 977 1 254 992
204 305 122 1 366 170
205 245 427 1 300 456
206 202 1155 1 234 1167
207 123 204 1 187 235
208 300 85 1 363 139
209 421 981 1 451 1002
210 113 176 1 177 205
211 609 116 1 651 197
212 382 445 1 431 486
213 352 30 1 413 92
214 163 1130 1 197 1140
215 76 1199 1 110 1204
216 214 988 1 253 1002
217 358 398 1 409 437
218 345 328 1 398 378
219 229 707 1 276 727
220 201 675 1 248 693
221 394 357 1 443 411
222 225 987 1 263 1001
223 646 812 1 666 849
224 340 425 1 392 465
225 525 325 1 569 382
226 145 1231 1 177 1238
227 190 1134 1 222 1146
228 206 1213 1 237 1224
229 64 1184 1 99 1191
230 216 72 1 282 122
231 156 931 1 198 945
232 250 141 1 313 187
233 151 889 1 195 904
234 239 775 1 285 793
235 166 132 1 231 166
236 95 974 1 138 984
237 182 808 1 226 824
238 155 959 1 196 973
239 292 444 1 344 474
240 260 540 1 313 563
241 486 326 1 533 381
242 343 281 1 397 348
243 122 680 1 170 694
244 198 1117 1 231 1130
245 389 375 1 440 422
246 258 154 1 320 199
247 277 741 1 321 763
248 474 330 1 520 385
249 195 791 1 240 808
250 635 233 1 670 308
251 436 951 1 469 973
252 323 1023 1 359 1039
253 249 1224 1 279 1237
254 171 842 1 214 857
255 620 75 1 660 160
256 24 490 1 81 507
257 123 855 1 169 869
258 567 974 1 591 999
259 209 938 1 250 953
260 365 791 1 406 816
261 308 1064 1 341 1080
262 320 378 1 375 421
263 108 37 1 178 79
264 348 773 1 390 797
265 138 883 1 181 897
266 660 810 1 679 848
267 147 90 1 212 116
268 577 308 1 616 372
269 127 59 1 195 97
270 551 268 1 591 340
271 193 30 1 259 65
272 351 801 1 392 824
273 213 947 1 253 962
274 350 376 1 403 419
275 249 1246 1 279 1257
276 587 896 1 611 927
277 243 500 1 298 528
278 177 936 1 218 950
279 542 319 1 584 377
280 207 912 1 249 927
281 298 1046 1 332 1063
282 244 1022 1 281 1037
283 38 1072 1 77 1080
284 166 1011 1 205 1023
285 372 95 1 431 149
286 209 279 1 267 305
287 238 1250 1 268 1261
288 334 145 1 394 192
289 199 868 1 242 883
290 248 1146 1 280 1160
291 158 996 1 197 1008
292 228 1244 1 257 1255
293 668 680 1 688 727
294 137 190 1 201 223
295 117 1067 1 154 1077
296 186 929 1 227 944
297 161 268 1 222 299
298 200 1238 1 231 1247
299 443 171 1 491 249
300 327 117 1 387 169
301 192 779 1 238 795
302 302 421 1 355 454
303 141 822 1 186 837
304 284 98 1 347 150
305 255 877 1 296 894
306 122 491 1 176 511
307 136 856 1 180 870
308 24 470 1 81 487
309 432 184 1 482 258
310 151 642 1 201 660
311 232 957 1 272 972
312 39 1234 1 72 1239
313 130 1083 1 168 1091
314 265 224 1 325 259
315 374 54 1 433 115
316 614 869 1 636 902
317 176 1224 1 207 1233
318 579 422 1 616 479
319 218 997 1 257 1012
320 218 913 1 259 930
321 200 960 1 239 974
322 255 311 1 313 353
323 256 295 1 313 333
324 145 241 1 208 274
325 239 1125 1 273 1138
326 147 707 1 195 723
327 122 891 1 166 905
328 303 1032 1 337 1048
329 92 952 1 135 963
330 54 732 1 104 745
331 246 416 1 302 446
332 539 350 1 581 407
333 274 469 1 327 498
334 260 116 1 323 164
335 238 158 1 301 202
336 379 436 1 429 478
337 318 1234 1 347 1247
338 244 1010 1 282 1025
339 132 592 1 185 611
340 174 26 1 241 58
341 261 768 1 306 787
342 153 1211 1 185 1221
343 293 135 1 354 182
344 199 1222 1 230 1232
345 235 48 1 301 103
346 203 850 1 246 866
347 470 313 1 516 371
348 114 1077 1 151 1087
349 288 1020 1 324 1036
350 108 106 1 175 141
351 382 32 1 442 94
352 316 96 1 377 147
353 283 42 1 347 102
354 136 136 1 202 172
355 313 41 1 375 103
356 443 893 1 476 917
357 562 884 1 588 913
358 202 781 1 247 798
359 204 1038 1 240 1050
360 203 744 1 250 762
361 288 51 1 352 111
362 410 907 1 446 930
363 391 1163 1 419 1177
364 154 604 1 206 624
365 201 1002 1 240 1016
366 530 898 1 558 926
367 181 832 1 225 847
368 468 849 1 501 877
369 241 998 1 279 1013
370 263 1221 1 292 1233
371 106 240 1 170 269
372 293 1031 1 328 1047
373 80 1218 1 114 1224
374 424 50 1 481 113
375 225 336 1 282 373
376 209 305 1 268 329
377 148 899 1 190 914
378 128 613 1 180 632
379 303 49 1 366 109
380 288 143 1 349 189
381 243 956 1 282 972
382 244 786 1 288 805
383 203 1013 1 240 1027
384 592 260 1 629 332
385 212 1137 1 245 1149
386 270 153 1 331 198
387 385 190 1 438 263
388 187 132 1 251 161
389 182 996 1 221 1009
390 234 57 1 300 111
391 213 1061 1 249 1074
392 227 1176 1 259 1188
393 403 1232 1 428 1243
394 111 1223 1 144 1230
395 91 1230 1 124 1236
396 347 117 1 406 169
397 585 876 1 609 907
398 302 173 1 362 215
399 212 1008 1 250 1022
400 263 31 1 329 88
401 225 493 1 279 521
402 325 335 1 379 384
403 391 757 1 432 786
404 313 393 1 367 434
405 340 405 1 393 444
406 129 796 1 175 811
407 334 336 1 388 385
408 554 393 1 593 449
409 141 985 1 181 997
410 162 945 1 203 958
411 90 925 1 133 937
412 329 105 1 389 157
413 152 205 1 216 238
414 387 792 1 426 819
415 128 37 1 196 71
416 46 749 1 94 761
417 193 246 1 253 272
418 164 584 1 216 605
419 574 374 1 612 434
420 484 893 1 515 920
421 133 353 1 191 376
422 408 289 1 458 353
423 137 1069 1 174 1079
424 92 163 1 157 197
425 334 799 1 375 821
426 120 464 1 175 483
427 174 910 1 215 925
428 96 1198 1 130 1205
429 367 413 1 418 453
430 218 1050 1 254 1064
431 121 27 1 190 61
432 236 38 1 302 95
433 429 980 1 459 1000
434 151 844 1 195 859
435 186 857 1 229 873
436 298 1021 1 334 1036
437 409 831 1 447 857
438 344 1195 1 373 1207
439 155 974 1 196 986
440 129 653 1 179 671
441 190 948 1 231 963
442 341 1229 1 368 1239
443 215 1034 1 251 1047
444 409 752 1 449 782
445 242 167 1 304 210
446 132 1217 1 165 1225
447 601 811 1 626 847
448 40 995 1 81 1004
449 159 614 1 210 634
450 254 1036 1 290 1050
451 144 995 1 184 1007
452 272 807 1 315 827
453 249 92 1 314 146
454 631 436 1 662 497
455 201 247 1 261 273
456 449 312 1 497 371
457 210 1151 1 243 1163
458 152 861 1 197 877
459 189 843 1 233 858
460 226 1117 1 261 1130
461 141 831 1 185 847
462 194 178 1 258 203
463 136 892 1 179 906
464 280 162 1 341 207
465 48 1111 1 85 1118
466 460 282 1 505 348
467 74 773 1 121 786
468 418 912 1 453 935
469 39 924 1 83 934
470 294 154 1 354 199
471 192 1016 1 230 1029
472 297 205 1 356 242
473 41 1083 1 79 1090
474 656 1055 1 669 1078
475 228 996 1 266 1011
476 259 335 1 316 374
477 315 53 1 377 113
478 209 791 1 255 808
479 455 1214 1 478 1226
480 133 462 1 188 482
481 143 952 1 186 965
482 560 864 1 587 895
483 123 730 1 171 747
484 67 1222 1 101 1227
485 401 753 1 442 782
486 321 1055 1 355 1070
487 199 1028 1 236 1041
488 299 349 1 354 398
489 538 461 1 577 512
490 227 404 1 283 435
491 375 762 1 416 788
492 115 55 1 185 94
493 106 1201 1 139 1208
494 337 1219 1 366 1229
495 185 789 1 230 805
496 172 924 1 214 939
497 522 353 1 564 408
498 147 1111 1 182 1120
499 412 32 1 470 94
500 190 867 1 232 882
501 81 141 1 148 174
502 124 132 1 191 170
503 466 272 1 510 343
504 162 895 1 205 910
505 387 980 1 419 999
506 270 1020 1 309 1035
507 246 908 1 287 925
508 166 1225 1 198 1234
509 261 1200 1 291 1211
