0 263 1041 1 278 1061
1 270 794 1 292 816
2 392 1236 1 399 1251
3 330 817 1 350 843
4 336 915 1 353 938
5 426 347 1 452 402
6 316 844 1 336 868
7 82 1158 1 97 1172
8 48 601 1 78 620
9 80 1119 1 95 1133
10 401 415 1 426 459
11 349 1003 1 364 1025
12 359 161 1 392 209
13 377 390 1 403 431
14 239 886 1 259 907
15 315 861 1 334 886
16 367 390 1 394 431
17 60 844 1 83 861
18 283 281 1 316 320
19 290 1051 1 304 1070
20 50 662 1 78 680
21 313 388 1 342 422
22 49 644 1 77 663
23 296 180 1 330 221
24 351 1026 1 366 1046
25 311 348 1 342 397
26 389 1158 1 398 1176
27 316 886 1 334 909
28 58 729 1 85 745
29 81 1132 1 96 1146
30 313 182 1 348 222
31 510 347 1 530 402
32 331 831 1 350 856
33 599 884 1 603 917
34 334 872 1 352 896
35 349 993 1 364 1015
36 356 390 1 384 430
37 271 773 1 293 796
38 35 1228 1 50 1239
39 176 506 1 204 530
40 348 416 1 376 459
41 397 288 1 423 355
42 82 1095 1 99 1109
43 96 1244 1 110 1255
44 285 380 1 316 423
45 499 861 1 509 892
46 400 394 1 426 438
47 347 403 1 375 447
48 356 1063 1 368 1084
49 271 159 1 308 205
50 283 111 1 320 164
51 232 440 1 262 467
52 183 658 1 207 679
53 485 859 1 497 889
54 297 390 1 328 424
55 545 883 1 552 914
56 340 1061 1 353 1080
57 422 374 1 447 423
58 544 864 1 552 896
59 291 167 1 326 213
60 356 1151 1 366 1168
61 258 1180 1 270 1197
62 234 503 1 263 529
63 625 113 1 641 192
64 400 405 1 426 449
65 645 214 1 658 289
66 467 189 1 491 262
67 324 474 1 353 506
68 332 863 1 350 887
69 84 1082 1 100 1096
70 399 1206 1 407 1222
71 458 877 1 471 906
72 260 702 1 284 727
73 99 956 1 120 972
74 52 713 1 78 731
75 371 1159 1 380 1177
76 52 697 1 78 715
77 271 1070 1 285 1089
78 339 938 1 355 961
79 275 943 1 293 964
80 200 870 1 222 890
81 243 743 1 266 765
82 233 485 1 262 510
83 457 861 1 469 889
84 230 334 1 262 361
85 527 860 1 537 891
86 235 321 1 267 349
87 262 926 1 280 946
88 30 88 1 72 116
89 267 1052 1 282 1071
90 325 915 1 343 938
91 47 548 1 76 568
92 32 141 1 72 168
93 46 562 1 75 583
94 29 103 1 71 131
95 466 346 1 488 401
96 253 1026 1 269 1045
97 240 728 1 264 751
98 27 1162 1 43 1174
99 335 420 1 363 461
100 603 279 1 616 349
101 231 405 1 261 430
102 239 920 1 258 940
103 314 443 1 342 477
104 380 429 1 406 469
105 182 638 1 209 660
106 282 753 1 304 777
107 28 1120 1 45 1133
108 402 49 1 435 111
109 268 1142 1 278 1160
110 47 385 1 79 409
111 400 426 1 425 469
112 177 488 1 206 512
113 273 1041 1 288 1060
114 358 1043 1 372 1063
115 500 879 1 510 909
116 90 1254 1 102 1265
117 322 905 1 340 928
118 345 390 1 373 435
119 310 1006 1 326 1027
120 242 953 1 259 972
121 278 1174 1 289 1191
122 37 1250 1 52 1260
123 84 1104 1 100 1119
124 527 877 1 537 907
125 54 743 1 79 759
126 549 959 1 554 987
127 370 440 1 395 483
128 232 288 1 266 317
129 251 1003 1 266 1021
130 379 400 1 406 441
131 297 111 1 333 163
132 28 1137 1 44 1150
133 403 26 1 436 90
134 621 297 1 634 364
135 397 212 1 425 284
136 408 1205 1 415 1222
137 295 63 1 332 122
138 387 25 1 421 88
139 444 42 1 476 105
140 270 864 1 289 886
141 34 1213 1 49 1225
142 190 150 1 228 189
143 190 806 1 211 825
144 197 1114 1 211 1131
145 198 1129 1 211 1146
146 346 428 1 373 470
147 528 848 1 537 879
148 269 338 1 302 377
149 302 798 1 323 821
150 318 487 1 346 517
151 47 510 1 75 531
152 446 192 1 471 264
153 283 486 1 313 518
154 283 418 1 312 451
155 377 49 1 411 111
156 30 49 1 73 82
157 533 972 1 538 1000
158 47 403 1 81 426
159 288 1003 1 304 1022
160 146 29 1 188 66
161 649 283 1 659 353
162 446 858 1 460 887
163 548 974 1 553 1001
164 623 342 1 635 406
165 115 178 1 155 212
166 351 41 1 387 102
167 251 785 1 271 808
168 282 406 1 313 440
169 135 226 1 172 259
170 329 502 1 356 535
171 363 212 1 393 284
172 340 1009 1 355 1029
173 293 415 1 323 448
174 456 348 1 480 402
175 167 490 1 197 513
176 398 197 1 426 269
177 335 409 1 363 450
178 28 1180 1 43 1192
179 100 276 1 136 303
180 366 50 1 400 111
181 656 435 1 663 496
182 504 976 1 510 1003
183 295 873 1 314 895
184 191 134 1 229 169
185 283 539 1 311 565
186 314 405 1 343 440
187 159 703 1 183 724
188 169 137 1 209 176
189 260 761 1 283 783
190 232 347 1 264 374
191 233 1167 1 244 1183
192 390 430 1 415 472
193 331 450 1 359 489
194 415 333 1 441 388
195 24 1090 1 41 1102
196 232 460 1 261 485
197 403 356 1 429 411
198 629 750 1 633 791
199 179 688 1 205 709
200 328 121 1 363 174
201 116 984 1 136 1001
202 379 440 1 406 480
203 303 819 1 322 842
204 200 843 1 221 862
205 289 1213 1 299 1230
206 299 831 1 317 856
207 315 193 1 349 233
208 392 441 1 417 483
209 212 151 1 249 181
210 244 44 1 284 100
211 253 796 1 275 818
212 341 39 1 377 100
213 234 973 1 252 993
214 268 427 1 298 459
215 220 1150 1 232 1167
216 322 382 1 352 422
217 324 91 1 359 145
218 438 976 1 447 1000
219 626 128 1 643 206
220 403 447 1 428 490
221 375 38 1 410 99
222 182 1124 1 195 1141
223 95 1191 1 109 1204
224 234 983 1 251 1003
225 367 333 1 395 383
226 250 704 1 274 729
227 222 672 1 246 695
228 414 363 1 439 416
229 145 850 1 168 870
230 244 982 1 261 1001
231 659 811 1 658 850
232 362 428 1 388 469
233 544 331 1 563 387
234 164 1224 1 175 1238
235 208 1129 1 220 1146
236 314 429 1 343 464
237 84 1177 1 97 1191
238 241 77 1 280 129
239 176 927 1 196 946
240 274 145 1 310 193
241 172 885 1 193 905
242 260 772 1 283 794
243 115 968 1 136 985
244 202 805 1 224 825
245 592 956 1 594 984
246 506 332 1 528 386
247 343 381 1 372 425
248 365 289 1 393 356
249 144 677 1 168 695
250 217 1112 1 229 1130
251 411 379 1 436 427
252 282 158 1 317 204
253 297 739 1 319 764
254 494 335 1 515 391
255 215 788 1 238 809
256 651 243 1 663 316
257 454 947 1 464 972
258 341 1019 1 356 1039
259 456 192 1 479 265
260 191 838 1 212 858
261 637 87 1 652 170
262 47 487 1 79 509
263 270 1250 1 280 1268
264 582 971 1 586 998
265 229 934 1 248 954
266 384 789 1 403 817
267 326 1060 1 339 1080
268 133 39 1 176 85
269 367 771 1 387 799
270 158 878 1 180 898
271 673 809 1 671 849
272 594 315 1 610 378
273 207 1113 1 220 1130
274 151 62 1 193 101
275 569 278 1 584 347
276 217 30 1 257 69
277 371 799 1 390 825
278 260 1254 1 270 1268
279 232 942 1 251 963
280 152 39 1 194 75
281 267 1240 1 277 1257
282 601 894 1 605 926
283 265 500 1 295 531
284 197 932 1 216 951
285 560 326 1 578 383
286 34 991 1 53 1005
287 315 1042 1 330 1062
288 263 1018 1 279 1038
289 58 1067 1 76 1080
290 186 1006 1 204 1023
291 394 101 1 427 155
292 232 279 1 265 308
293 255 1244 1 266 1261
294 357 149 1 391 198
295 219 864 1 240 884
296 177 991 1 195 1009
297 245 1238 1 256 1255
298 681 681 1 680 729
299 206 925 1 225 945
300 139 178 1 177 212
301 185 269 1 220 303
302 218 1231 1 229 1246
303 350 123 1 384 175
304 213 776 1 236 796
305 324 422 1 353 457
306 161 819 1 184 838
307 308 104 1 344 156
308 275 873 1 294 895
309 144 490 1 174 513
310 293 444 1 323 476
311 156 852 1 178 871
312 47 467 1 79 489
313 357 1221 1 366 1237
314 39 192 1 77 217
315 173 640 1 199 661
316 252 953 1 270 972
317 58 1227 1 71 1239
318 149 1076 1 167 1091
319 288 226 1 323 262
320 396 61 1 430 122
321 628 868 1 629 902
322 195 1218 1 205 1233
323 596 428 1 609 484
324 237 993 1 255 1012
325 237 909 1 257 931
326 320 788 1 341 813
327 219 955 1 237 975
328 169 243 1 206 278
329 258 1120 1 271 1139
330 169 704 1 194 725
331 149 79 1 191 119
332 144 887 1 165 906
333 321 1027 1 335 1048
334 113 946 1 134 963
335 76 728 1 102 746
336 269 416 1 300 449
337 557 356 1 575 412
338 297 469 1 325 501
339 262 161 1 298 207
340 335 1228 1 345 1247
341 264 1006 1 280 1025
342 154 590 1 183 613
343 199 27 1 239 61
344 282 766 1 304 789
345 171 1205 1 183 1221
346 316 139 1 351 188
347 217 1216 1 228 1231
348 259 54 1 299 110
349 223 846 1 244 866
350 489 320 1 511 377
351 134 1071 1 149 1087
352 307 1016 1 322 1036
353 133 108 1 174 146
354 405 39 1 438 101
355 339 102 1 374 154
356 307 49 1 344 109
357 160 138 1 200 177
358 170 182 1 209 219
359 336 49 1 372 110
360 461 890 1 472 917
361 577 882 1 583 913
362 163 170 1 203 210
363 257 1211 1 266 1229
364 223 778 1 245 799
365 222 1033 1 238 1051
366 223 741 1 248 763
367 312 59 1 349 119
368 428 904 1 442 930
369 625 915 1 625 947
370 408 1157 1 415 1175
371 177 602 1 204 626
372 221 998 1 238 1016
373 546 896 1 553 926
374 202 828 1 223 848
375 485 847 1 497 878
376 260 993 1 277 1013
377 280 1216 1 290 1232
378 130 242 1 168 272
379 311 1027 1 326 1047
380 100 1210 1 113 1224
381 445 58 1 477 120
382 247 338 1 280 377
383 233 304 1 266 331
384 161 190 1 199 227
385 168 894 1 188 914
386 150 611 1 179 634
387 327 57 1 363 117
388 311 147 1 346 195
389 262 952 1 280 972
390 264 783 1 286 806
391 213 1245 1 223 1263
392 222 1009 1 239 1027
393 608 269 1 622 339
394 230 1132 1 243 1149
395 294 157 1 329 203
396 405 201 1 433 272
397 211 132 1 249 164
398 202 992 1 219 1010
399 258 63 1 297 118
400 232 1057 1 247 1075
401 245 1170 1 257 1188
402 418 1225 1 424 1240
403 130 1216 1 142 1229
404 111 1223 1 123 1236
405 369 123 1 403 175
406 599 874 1 603 907
407 325 176 1 359 219
408 247 493 1 276 523
409 347 339 1 376 390
410 469 336 1 493 390
411 410 756 1 428 787
412 362 408 1 389 448
413 151 793 1 173 812
414 355 340 1 384 390
415 572 398 1 587 455
416 161 979 1 180 997
417 182 940 1 202 959
418 352 110 1 386 163
419 176 206 1 214 242
420 406 790 1 423 820
421 654 866 1 653 902
422 67 745 1 93 763
423 216 246 1 250 274
424 186 583 1 214 607
425 591 381 1 606 440
426 500 891 1 510 920
427 157 352 1 189 379
428 428 296 1 453 360
429 156 1063 1 172 1080
430 116 165 1 156 201
431 143 462 1 173 485
432 194 906 1 213 926
433 387 415 1 415 457
434 237 1046 1 252 1064
435 260 45 1 300 102
436 445 975 1 454 999
437 171 840 1 194 860
438 206 854 1 227 873
439 317 1016 1 332 1036
440 427 829 1 443 857
441 361 1189 1 371 1205
442 175 969 1 195 987
443 150 650 1 177 672
444 234 1029 1 249 1048
445 429 751 1 446 784
446 266 170 1 302 215
447 151 1211 1 163 1225
448 616 810 1 620 847
449 60 990 1 79 1005
450 181 612 1 209 636
451 273 1031 1 288 1051
452 164 989 1 183 1007
453 292 806 1 313 828
454 274 98 1 311 153
455 647 442 1 655 502
456 224 247 1 258 276
457 469 319 1 492 377
458 229 1146 1 242 1163
459 173 858 1 195 878
460 210 839 1 231 859
461 244 1112 1 259 1130
462 161 828 1 184 848
463 156 888 1 177 907
464 303 166 1 338 212
465 68 1105 1 83 1119
466 480 290 1 500 355
467 96 769 1 120 787
468 436 909 1 450 935
469 61 919 1 81 935
470 317 158 1 351 205
471 211 1011 1 228 1030
472 320 207 1 354 246
473 61 1077 1 78 1091
474 668 1050 1 661 1075
475 247 992 1 264 1011
476 282 338 1 314 378
477 338 60 1 374 121
478 230 788 1 253 810
479 470 1207 1 474 1223
480 156 461 1 187 484
481 164 947 1 184 965
482 575 862 1 582 895
483 144 727 1 169 748
484 86 1214 1 99 1227
485 420 752 1 438 784
486 218 1023 1 234 1041
487 322 352 1 351 403
488 556 465 1 571 516
489 249 404 1 281 438
490 394 761 1 413 790
491 140 58 1 183 99
492 125 1195 1 138 1208
493 354 1211 1 363 1227
494 206 787 1 229 807
495 193 919 1 213 939
496 541 359 1 559 414
497 166 1105 1 181 1121
498 434 39 1 466 102
499 210 863 1 230 883
500 106 143 1 146 178
501 485 281 1 504 351
502 182 891 1 203 911
503 404 975 1 415 998
504 289 1016 1 307 1035
505 266 904 1 285 925
506 184 1219 1 196 1234
