0 450 344 1 447 408
1 291 778 1 289 817
2 280 1024 1 276 1061
3 403 1216 1 396 1249
4 350 803 1 347 844
5 354 899 1 350 939
6 338 377 1 339 426
7 335 829 1 333 869
8 539 181 1 532 255
9 390 381 1 390 436
10 74 584 1 76 622
11 97 1097 1 93 1133
12 424 408 1 422 464
13 366 986 1 361 1025
14 335 846 1 331 887
15 387 155 1 388 215
16 401 382 1 399 436
17 259 869 1 256 908
18 274 1159 1 268 1196
19 310 271 1 313 325
20 306 1032 1 301 1069
21 325 378 1 325 428
22 75 644 1 76 682
23 74 626 1 75 665
24 367 1009 1 362 1046
25 337 342 1 338 403
26 402 1139 1 394 1174
27 359 412 1 359 465
28 335 870 1 331 909
29 99 1110 1 94 1146
30 532 344 1 524 409
31 342 173 1 345 227
32 259 488 1 261 531
33 351 816 1 347 857
34 610 873 1 596 917
35 353 856 1 349 896
36 381 381 1 380 434
37 287 1052 1 282 1088
38 292 757 1 291 797
39 99 1135 1 95 1172
40 52 1203 1 48 1238
41 201 490 1 202 532
42 373 408 1 372 464
43 420 289 1 418 364
44 101 1073 1 97 1110
45 112 1220 1 108 1254
46 514 848 1 504 892
47 422 215 1 419 294
48 424 387 1 422 443
49 371 1046 1 365 1083
50 300 151 1 305 212
51 258 426 1 260 470
52 206 642 1 205 681
53 373 397 1 371 452
54 490 191 1 484 272
55 325 171 1 327 226
56 82 709 1 83 747
57 558 870 1 546 914
58 355 922 1 352 961
59 356 1043 1 350 1080
60 445 369 1 442 429
61 558 853 1 545 896
62 319 159 1 322 220
63 369 1132 1 362 1166
64 646 119 1 632 203
65 424 398 1 422 454
66 664 219 1 648 299
67 351 848 1 347 888
68 102 1061 1 98 1097
69 410 1185 1 403 1220
70 474 864 1 466 906
71 282 687 1 281 729
72 343 476 1 343 520
73 76 694 1 76 733
74 385 1140 1 376 1175
75 76 679 1 76 717
76 348 462 1 350 509
77 293 926 1 290 964
78 220 852 1 220 891
79 265 727 1 264 766
80 391 289 1 390 362
81 259 470 1 260 513
82 473 847 1 463 889
83 270 1008 1 266 1045
84 257 320 1 259 364
85 488 344 1 482 408
86 540 848 1 531 892
87 502 847 1 492 889
88 281 909 1 277 947
89 61 73 1 69 120
90 284 1034 1 280 1072
91 344 899 1 340 939
92 73 530 1 74 570
93 62 126 1 70 171
94 336 279 1 339 339
95 72 545 1 73 586
96 61 88 1 69 135
97 262 712 1 261 752
98 45 1139 1 42 1174
99 621 283 1 607 358
100 259 902 1 256 941
101 339 431 1 339 480
102 404 420 1 402 473
103 206 622 1 206 662
104 302 737 1 301 778
105 46 1098 1 44 1133
106 430 48 1 430 120
107 283 1123 1 275 1160
108 75 369 1 77 412
109 423 418 1 421 474
110 203 473 1 204 514
111 290 1023 1 285 1060
112 373 1026 1 369 1063
113 514 866 1 504 909
114 479 345 1 474 409
115 105 1230 1 100 1265
116 34 917 1 33 953
117 341 889 1 337 929
118 369 382 1 369 440
119 313 107 1 317 172
120 200 126 1 206 181
121 327 988 1 323 1027
122 260 935 1 257 973
123 293 1154 1 286 1191
124 54 1225 1 51 1259
125 540 865 1 531 907
126 77 724 1 77 761
127 560 945 1 547 986
128 260 275 1 263 320
129 268 985 1 263 1022
130 404 392 1 402 446
131 327 106 1 330 170
132 46 1114 1 42 1150
133 431 24 1 431 100
134 640 299 1 625 373
135 35 1097 1 33 1133
136 420 1185 1 411 1219
137 324 60 1 329 131
138 416 24 1 417 98
139 472 41 1 471 114
140 290 848 1 286 887
141 51 1189 1 47 1224
142 211 788 1 209 827
143 263 309 1 265 352
144 214 1094 1 209 1131
145 37 966 1 34 1002
146 214 1109 1 209 1146
147 370 421 1 370 475
148 541 836 1 531 880
149 36 980 1 34 1016
150 296 328 1 299 382
151 323 783 1 320 822
152 73 493 1 73 534
153 309 406 1 309 455
154 406 47 1 407 120
155 62 34 1 71 86
156 545 958 1 532 999
157 75 386 1 78 429
158 105 1239 1 101 1273
159 666 286 1 649 362
160 462 845 1 455 888
161 559 959 1 546 1000
162 641 344 1 626 414
163 380 39 1 382 112
164 271 770 1 268 810
165 308 394 1 310 444
166 164 213 1 170 263
167 388 215 1 388 293
168 294 415 1 295 462
169 319 403 1 320 451
170 44 1226 1 39 1261
171 193 474 1 195 516
172 422 199 1 420 280
173 359 401 1 359 455
174 45 1157 1 42 1192
175 394 48 1 396 120
176 671 435 1 653 502
177 516 961 1 504 1002
178 314 857 1 311 896
179 120 935 1 119 973
180 340 394 1 340 444
181 182 686 1 181 725
182 282 745 1 280 785
183 260 333 1 261 377
184 249 1147 1 241 1183
185 413 422 1 411 477
186 356 441 1 355 494
187 42 1067 1 40 1103
188 258 445 1 259 488
189 393 432 1 392 484
190 641 742 1 624 792
191 146 167 1 153 217
192 203 672 1 203 711
193 356 116 1 359 182
194 136 963 1 135 1001
195 403 431 1 402 485
196 221 826 1 219 863
197 303 1193 1 296 1230
198 319 816 1 315 857
199 343 184 1 345 238
200 415 434 1 413 487
201 242 138 1 246 184
202 274 40 1 281 109
203 274 780 1 272 819
204 252 955 1 250 993
205 236 1130 1 230 1167
206 353 86 1 356 153
207 530 327 1 522 393
208 647 134 1 634 217
209 425 440 1 423 495
210 403 36 1 405 109
211 199 1104 1 193 1141
212 111 1168 1 107 1203
213 377 117 1 380 182
214 252 965 1 248 1003
215 305 984 1 301 1022
216 392 328 1 391 390
217 272 689 1 271 730
218 245 656 1 243 696
219 167 832 1 166 871
220 263 964 1 259 1002
221 668 802 1 649 851
222 565 329 1 557 394
223 179 1201 1 173 1237
224 224 1110 1 218 1147
225 339 418 1 340 467
226 308 475 1 310 521
227 100 1155 1 95 1191
228 271 71 1 277 136
229 361 1248 1 354 1284
230 192 868 1 191 906
231 281 756 1 280 796
232 135 947 1 134 985
233 223 788 1 222 826
234 280 1243 1 274 1278
235 309 150 1 314 211
236 602 942 1 587 983
237 417 1201 1 410 1234
238 367 373 1 368 430
239 233 1093 1 227 1131
240 434 373 1 431 432
241 180 106 1 186 154
242 319 725 1 316 765
243 516 332 1 509 398
244 237 771 1 236 810
245 669 248 1 653 326
246 468 932 1 459 972
247 103 1083 1 98 1119
248 478 196 1 472 275
249 212 821 1 210 859
250 657 94 1 643 182
251 74 470 1 77 511
252 231 124 1 236 176
253 283 1230 1 277 1268
254 31 947 1 37 983
255 593 957 1 579 997
256 248 916 1 246 954
257 403 776 1 399 818
258 341 1042 1 336 1079
259 403 372 1 401 428
260 314 179 1 316 229
261 387 757 1 384 800
262 368 96 1 370 161
263 682 801 1 661 849
264 355 992 1 352 1029
265 613 316 1 602 386
266 223 1093 1 218 1131
267 588 281 1 576 356
268 390 785 1 386 827
269 274 1232 1 268 1267
270 251 924 1 249 964
271 194 70 1 200 120
272 184 26 1 192 80
273 281 1219 1 275 1256
274 468 195 1 464 274
275 612 883 1 597 926
276 290 487 1 292 534
277 216 914 1 214 952
278 581 324 1 571 390
279 54 970 1 51 1006
280 332 1024 1 327 1062
281 281 1001 1 276 1038
282 77 1045 1 74 1081
283 203 986 1 201 1024
284 422 96 1 423 162
285 260 265 1 262 311
286 270 1224 1 263 1261
287 385 142 1 387 204
288 240 847 1 237 885
289 370 37 1 373 110
290 165 30 1 174 91
291 195 972 1 193 1009
292 259 1217 1 253 1255
293 226 907 1 223 945
294 169 166 1 175 217
295 214 257 1 218 307
296 232 1209 1 227 1246
297 183 801 1 182 839
298 336 99 1 340 164
299 294 857 1 291 896
300 170 474 1 172 515
301 319 432 1 320 479
302 177 834 1 176 872
303 75 451 1 77 492
304 369 1201 1 362 1234
305 69 177 1 75 220
306 196 624 1 197 663
307 270 935 1 267 973
308 75 1203 1 69 1240
309 167 1055 1 165 1090
310 317 215 1 320 267
311 321 803 1 319 843
312 638 857 1 621 902
313 210 1197 1 203 1233
314 613 426 1 601 490
315 255 974 1 252 1012
316 257 892 1 254 932
317 340 774 1 338 814
318 238 937 1 235 975
319 305 525 1 308 568
320 51 1238 1 47 1272
321 191 180 1 197 232
322 274 1101 1 268 1139
323 192 687 1 191 726
324 164 868 1 163 907
325 337 1010 1 332 1048
326 133 926 1 132 964
327 99 710 1 100 748
328 295 404 1 297 453
329 578 354 1 568 419
330 321 457 1 322 504
331 291 154 1 295 214
332 349 1209 1 342 1247
333 438 359 1 434 423
334 281 988 1 277 1025
335 343 1250 1 336 1288
336 303 750 1 301 790
337 235 760 1 233 798
338 345 133 1 347 195
339 232 1195 1 226 1231
340 289 50 1 295 118
341 244 829 1 242 868
342 158 1041 1 155 1077
343 511 318 1 504 385
344 152 1052 1 147 1088
345 270 1191 1 264 1229
346 323 998 1 319 1036
347 163 96 1 171 151
348 433 38 1 433 111
349 336 46 1 340 118
350 191 127 1 198 182
351 200 170 1 207 225
352 589 870 1 576 913
353 194 160 1 200 215
354 211 569 1 211 609
355 245 761 1 243 801
356 241 1015 1 236 1051
357 245 725 1 245 765
358 340 57 1 345 128
359 444 890 1 438 930
360 633 903 1 616 946
361 690 677 1 669 732
362 201 586 1 202 628
363 239 980 1 235 1017
364 558 883 1 547 926
365 223 811 1 221 849
366 501 835 1 491 878
367 278 976 1 274 1013
368 294 1195 1 287 1232
369 328 1009 1 323 1047
370 413 407 1 411 462
371 116 1187 1 111 1223
372 473 57 1 471 129
373 275 328 1 277 382
374 175 594 1 176 636
375 340 140 1 342 201
376 285 768 1 283 808
377 228 1224 1 221 1264
378 627 273 1 613 348
379 247 1113 1 241 1150
380 322 150 1 325 209
381 429 203 1 427 282
382 220 973 1 216 1011
383 288 59 1 294 126
384 250 1039 1 245 1075
385 261 1151 1 255 1188
386 429 1204 1 420 1237
387 145 1194 1 140 1229
388 127 1200 1 121 1236
389 610 863 1 596 907
390 272 480 1 274 526
391 371 334 1 371 396
392 492 333 1 487 396
393 429 743 1 424 788
394 386 399 1 386 452
395 173 775 1 171 813
396 381 335 1 380 396
397 591 396 1 580 461
398 180 960 1 178 998
399 202 922 1 199 960
400 380 106 1 382 171
401 282 1184 1 277 1219
402 424 777 1 419 822
403 663 856 1 643 902
404 91 726 1 91 764
405 244 232 1 248 278
406 151 66 1 157 113
407 610 380 1 598 446
408 515 878 1 504 920
409 185 338 1 187 382
410 174 1043 1 170 1080
411 147 153 1 153 206
412 280 1195 1 274 1232
413 303 308 1 305 367
414 213 889 1 211 927
415 364 47 1 368 120
416 254 1028 1 250 1065
417 412 210 1 410 288
418 458 959 1 449 998
419 193 822 1 191 861
420 445 815 1 438 858
421 373 1167 1 367 1203
422 194 951 1 192 987
423 174 634 1 175 674
424 251 1011 1 247 1048
425 446 740 1 441 785
426 167 1188 1 161 1225
427 627 801 1 612 848
428 80 969 1 77 1005
429 206 596 1 206 638
430 290 1014 1 285 1051
431 304 137 1 308 198
432 313 789 1 310 829
433 662 442 1 645 508
434 252 234 1 256 279
435 491 317 1 486 385
436 427 351 1 424 418
437 245 1126 1 239 1164
438 194 841 1 193 879
439 230 822 1 228 860
440 260 1093 1 256 1130
441 183 811 1 181 849
442 331 159 1 335 218
443 86 1083 1 81 1119
444 196 909 1 194 947
445 451 895 1 445 935
446 81 899 1 79 936
447 345 150 1 348 211
448 230 993 1 225 1031
449 348 197 1 350 251
450 80 1055 1 76 1091
451 673 1035 1 652 1072
452 265 974 1 262 1012
453 366 58 1 370 130
454 479 1186 1 469 1219
455 182 445 1 184 487
456 183 928 1 182 965
457 588 851 1 575 895
458 168 710 1 167 750
459 103 1190 1 97 1227
460 438 740 1 434 785
461 236 1004 1 232 1042
462 309 237 1 312 289
463 276 393 1 278 442
464 413 748 1 409 791
465 142 1172 1 136 1208
466 367 1191 1 359 1224
467 227 770 1 226 808
468 212 901 1 210 940
469 562 356 1 552 420
470 183 1085 1 179 1121
471 462 38 1 460 111
472 230 845 1 228 884
473 136 131 1 144 182
474 506 284 1 497 360
475 202 873 1 201 912
476 346 347 1 347 410
477 306 997 1 304 1035
478 285 888 1 282 926
479 200 1197 1 194 1234
480 271 1242 1 264 1277
