0 353 423 1 323 428
1 327 195 1 296 201
2 369 943 1 338 941
3 356 340 1 325 342
4 411 1229 1 379 1225
5 113 928 1 81 926
6 353 874 1 320 873
7 411 1212 1 380 1208
8 341 341 1 310 344
9 457 427 1 425 435
10 410 1169 1 379 1167
11 350 892 1 319 890
12 436 479 1 404 484
13 309 824 1 278 823
14 366 851 1 334 849
15 281 543 1 250 540
16 118 1177 1 86 1174
17 116 1139 1 85 1136
18 325 239 1 294 244
19 380 1027 1 348 1025
20 417 1245 1 385 1241
21 277 914 1 246 912
22 120 1114 1 88 1112
23 106 755 1 75 754
24 384 479 1 353 484
25 421 1211 1 391 1207
26 468 889 1 435 890
27 380 1048 1 349 1046
28 435 459 1 404 464
29 340 240 1 309 245
30 630 233 1 596 248
31 601 916 1 566 916
32 396 450 1 364 454
33 117 1151 1 85 1149
34 344 157 1 314 166
35 384 1085 1 352 1082
36 396 499 1 365 503
37 327 205 1 296 212
38 424 1156 1 392 1153
39 539 279 1 506 290
40 360 956 1 328 954
41 109 918 1 77 915
42 403 235 1 372 241
43 289 1044 1 258 1042
44 366 861 1 334 861
45 394 1172 1 362 1168
46 524 429 1 490 437
47 540 893 1 506 893
48 454 447 1 422 452
49 286 365 1 253 365
50 98 425 1 68 424
51 555 982 1 521 982
52 435 470 1 404 474
53 420 1169 1 389 1166
54 513 909 1 480 909
55 96 543 1 64 542
56 493 428 1 461 436
57 97 580 1 65 579
58 405 452 1 374 455
59 369 1081 1 337 1079
60 333 901 1 300 900
61 552 895 1 519 896
62 280 524 1 249 523
63 302 1089 1 271 1087
64 100 726 1 68 725
65 544 994 1 511 993
66 538 76 1 507 89
67 553 913 1 520 914
68 513 892 1 480 893
69 435 489 1 403 494
70 468 899 1 436 899
71 646 325 1 611 339
72 225 526 1 194 524
73 289 1198 1 258 1194
74 95 484 1 64 482
75 280 481 1 248 480
76 386 467 1 355 472
77 572 429 1 538 438
78 408 498 1 377 502
79 227 690 1 195 688
80 478 906 1 445 907
81 92 152 1 60 150
82 316 1036 1 284 1034
83 515 996 1 482 995
84 399 388 1 368 399
85 92 188 1 61 186
86 302 738 1 270 737
87 92 100 1 60 98
88 388 204 1 357 211
89 502 890 1 469 891
90 91 83 1 59 81
91 380 1161 1 348 1160
92 92 137 1 60 135
93 97 595 1 65 594
94 432 114 1 401 125
95 606 382 1 572 394
96 447 428 1 415 436
97 100 742 1 68 741
98 357 934 1 325 932
99 353 319 1 321 321
100 203 734 1 171 732
101 354 330 1 324 332
102 426 321 1 396 334
103 219 673 1 187 671
104 348 1092 1 317 1090
105 514 983 1 481 982
106 530 412 1 497 421
107 381 1059 1 350 1057
108 533 429 1 500 437
109 64 1139 1 32 1137
110 224 543 1 192 542
111 358 822 1 325 820
112 276 947 1 244 944
113 640 212 1 605 229
114 283 333 1 252 333
115 121 1101 1 90 1100
116 298 952 1 267 950
117 236 1137 1 203 1134
118 229 672 1 196 670
119 215 1146 1 183 1144
120 204 845 1 173 845
121 384 81 1 354 94
122 487 438 1 455 447
123 104 670 1 72 668
124 308 1156 1 277 1153
125 625 394 1 591 406
126 540 907 1 506 908
127 286 774 1 253 773
128 380 93 1 350 105
129 408 148 1 377 157
130 382 496 1 351 501
131 443 127 1 412 138
132 646 385 1 611 397
133 289 819 1 258 815
134 455 992 1 424 991
135 95 527 1 64 526
136 231 1150 1 200 1148
137 283 761 1 251 759
138 272 1012 1 240 1010
139 239 866 1 207 864
140 240 1150 1 209 1147
141 68 1244 1 37 1241
142 319 1229 1 288 1226
143 517 418 1 485 425
144 264 1187 1 232 1184
145 352 913 1 319 913
146 371 965 1 339 963
147 278 977 1 247 975
148 340 830 1 309 828
149 150 417 1 120 417
150 442 148 1 411 157
151 425 491 1 394 496
152 377 1224 1 347 1220
153 478 892 1 445 892
154 497 416 1 465 424
155 462 438 1 430 446
156 231 834 1 199 832
157 632 246 1 598 261
158 336 54 1 307 65
159 58 1008 1 27 1006
160 280 378 1 248 376
161 447 113 1 416 125
162 346 1056 1 314 1054
163 433 501 1 401 505
164 292 1055 1 260 1052
165 532 441 1 499 449
166 426 1229 1 395 1225
167 381 456 1 351 462
168 473 303 1 443 317
169 262 147 1 232 146
170 309 63 1 279 74
171 422 93 1 392 106
172 554 995 1 520 994
173 67 1174 1 35 1171
174 183 266 1 153 268
175 339 492 1 307 493
176 47 959 1 16 957
177 59 1023 1 27 1021
178 342 1028 1 310 1025
179 291 1029 1 259 1026
180 340 850 1 307 848
181 451 82 1 421 95
182 299 827 1 267 825
183 127 1254 1 95 1251
184 358 944 1 328 942
185 299 1075 1 267 1072
186 350 244 1 319 247
187 563 441 1 529 450
188 484 428 1 452 436
189 52 885 1 21 883
190 98 237 1 67 236
191 70 1230 1 38 1227
192 104 650 1 72 648
193 554 925 1 520 925
194 277 989 1 245 987
195 335 447 1 304 452
196 352 1083 1 324 1078
197 90 32 1 59 31
198 156 953 1 125 951
199 651 519 1 616 528
200 542 95 1 510 109
201 244 834 1 212 832
202 356 188 1 325 194
203 286 1247 1 254 1243
204 426 308 1 396 320
205 604 510 1 569 514
206 78 1010 1 46 1008
207 108 787 1 76 785
208 156 986 1 125 984
209 428 128 1 398 137
210 312 901 1 280 900
211 339 463 1 307 466
212 446 1165 1 414 1162
213 368 1035 1 337 1033
214 676 965 1 639 966
215 417 136 1 387 145
216 66 1155 1 34 1152
217 220 138 1 189 139
218 582 912 1 548 913
219 360 221 1 330 226
220 561 418 1 527 426
221 222 62 1 192 61
222 227 45 1 197 47
223 339 1039 1 307 1037
224 575 409 1 542 419
225 370 178 1 340 185
226 642 1109 1 607 1106
227 323 165 1 293 171
228 652 1062 1 616 1061
229 94 207 1 63 205
230 449 1143 1 417 1139
231 602 927 1 568 928
232 321 1024 1 290 1023
233 63 1110 1 30 1108
234 523 440 1 489 448
235 100 227 1 68 225
236 585 993 1 551 993
237 148 1237 1 117 1235
238 233 64 1 203 65
239 204 969 1 173 968
240 119 1196 1 87 1193
241 206 1016 1 174 1015
242 331 342 1 300 345
243 293 1176 1 261 1172
244 222 77 1 191 77
245 225 1239 1 194 1236
246 309 1191 1 277 1188
247 200 98 1 170 99
248 304 934 1 272 931
249 681 320 1 646 335
250 296 56 1 267 67
251 601 906 1 566 907
252 412 92 1 382 104
253 543 917 1 509 918
254 402 225 1 371 231
255 425 478 1 393 481
256 310 966 1 279 966
257 299 90 1 270 101
258 174 92 1 142 90
259 284 323 1 251 324
260 296 1160 1 264 1156
261 183 170 1 152 172
262 393 418 1 360 424
263 447 412 1 416 420
264 205 929 1 173 927
265 222 835 1 190 833
266 481 159 1 450 168
267 39 1145 1 8 1142
268 259 1024 1 226 1020
269 172 1091 1 141 1089
270 162 150 1 132 153
271 266 1080 1 235 1077
272 243 171 1 213 171
273 104 440 1 70 440
274 162 176 1 133 177
275 355 1073 1 323 1071
276 434 188 1 403 196
277 501 384 1 469 396
278 650 350 1 615 363
279 174 234 1 144 236
280 317 399 1 286 403
281 671 792 1 634 798
282 293 979 1 261 977
283 267 1053 1 236 1051
284 612 371 1 578 384
285 325 183 1 295 191
286 511 405 1 479 414
287 384 157 1 353 166
288 57 960 1 26 958
289 308 943 1 276 941
290 497 438 1 465 446
291 194 821 1 161 819
292 271 999 1 240 996
293 677 910 1 640 912
294 212 78 1 181 78
295 416 488 1 384 491
296 53 987 1 21 985
297 467 996 1 435 995
298 310 1232 1 279 1228
299 344 229 1 313 234
300 95 504 1 63 503
301 204 192 1 174 194
302 234 1106 1 202 1104
303 332 65 1 303 75
304 177 244 1 146 245
305 265 706 1 233 704
306 246 951 1 213 949
307 437 307 1 406 320
308 102 942 1 70 940
309 434 159 1 403 168
310 400 70 1 370 82
311 205 945 1 173 943
312 244 856 1 213 854
313 503 879 1 470 880
314 267 855 1 235 853
315 425 463 1 393 469
316 641 418 1 606 430
317 427 1240 1 395 1235
318 276 1126 1 244 1123
319 306 1170 1 275 1167
320 286 45 1 257 55
321 256 978 1 223 976
322 328 874 1 296 872
323 473 77 1 442 90
324 292 740 1 260 738
325 315 138 1 285 145
326 600 464 1 565 473
327 301 1034 1 270 1031
328 313 147 1 284 154
329 175 225 1 144 226
330 360 350 1 329 355
331 218 52 1 187 53
332 611 750 1 576 754
333 292 1141 1 260 1138
334 285 110 1 256 118
335 239 1218 1 208 1215
336 291 1185 1 259 1181
337 254 805 1 223 804
338 391 1064 1 359 1062
339 334 229 1 304 234
340 228 1001 1 197 1000
341 215 128 1 184 129
342 163 1231 1 132 1229
343 158 997 1 127 995
344 218 917 1 187 915
345 352 197 1 322 204
346 67 1183 1 35 1180
347 64 1196 1 31 1193
348 481 138 1 450 148
349 270 1249 1 239 1246
350 305 993 1 274 990
351 196 1239 1 164 1236
352 200 129 1 169 132
353 283 1174 1 252 1170
354 234 186 1 203 186
355 402 159 1 372 168
356 249 1225 1 218 1221
357 299 1220 1 266 1216
358 323 227 1 293 234
359 640 739 1 605 745
360 280 1054 1 248 1051
361 394 91 1 364 103
362 202 1124 1 171 1122
363 643 899 1 607 901
364 304 1047 1 271 1045
365 418 205 1 387 213
366 658 851 1 622 854
367 197 920 1 168 918
368 240 898 1 209 896
369 430 1169 1 398 1165
370 253 1034 1 221 1031
371 92 61 1 60 59
372 574 440 1 540 449
373 397 139 1 367 149
374 675 942 1 638 944
375 83 1086 1 51 1084
376 424 72 1 394 84
377 317 309 1 285 308
378 181 1245 1 150 1242
379 168 73 1 136 70
380 224 878 1 192 874
381 426 1145 1 395 1143
382 241 1124 1 210 1122
383 221 967 1 190 966
384 271 79 1 240 80
385 317 290 1 286 290
386 575 379 1 541 391
387 285 347 1 253 347
388 347 140 1 318 151
389 641 749 1 606 754
390 268 930 1 236 928
391 330 304 1 300 306
392 279 1139 1 248 1136
393 275 294 1 244 293
394 347 1070 1 316 1068
395 250 967 1 218 965
396 494 386 1 462 398
397 626 795 1 591 799
398 209 1217 1 179 1214
399 378 147 1 348 156
400 289 28 1 260 40
401 201 58 1 171 62
402 539 879 1 506 882
403 254 1120 1 223 1117
404 347 939 1 315 937
405 627 489 1 591 499
406 245 306 1 214 309
407 296 1255 1 264 1251
408 118 949 1 86 946
409 337 120 1 308 128
410 236 1199 1 205 1196
411 451 392 1 420 402
412 184 183 1 155 186
413 350 47 1 320 59
414 153 944 1 122 942
415 191 909 1 161 907
416 422 1184 1 390 1182
417 144 947 1 112 946
418 156 966 1 126 964
419 581 896 1 547 896
420 186 292 1 155 292
421 45 1011 1 13 1009
422 185 1228 1 153 1225
423 212 65 1 182 67
424 246 977 1 215 975
425 251 1245 1 220 1242
426 179 1082 1 147 1078
427 254 1168 1 222 1165
428 298 135 1 269 144
429 287 990 1 256 988
430 321 79 1 291 89
431 130 1205 1 99 1203
432 218 248 1 187 250
433 665 738 1 629 743
434 586 478 1 552 487
