0 331 423 1 321 431
1 305 196 1 294 206
2 346 939 1 336 942
3 334 339 1 323 345
4 387 1223 1 377 1223
5 330 872 1 319 874
6 387 1206 1 378 1206
7 320 341 1 308 346
8 433 428 1 422 439
9 357 1024 1 346 1025
10 386 1164 1 377 1166
11 323 161 1 312 171
12 412 479 1 401 487
13 287 822 1 276 824
14 343 848 1 332 850
15 306 206 1 294 216
16 260 541 1 248 542
17 96 1174 1 85 1175
18 94 1136 1 83 1136
19 304 240 1 292 247
20 412 469 1 401 477
21 393 1239 1 383 1239
22 255 911 1 245 912
23 98 1112 1 87 1112
24 85 753 1 73 755
25 328 890 1 317 891
26 361 479 1 351 487
27 397 1205 1 389 1205
28 443 885 1 432 890
29 357 1044 1 348 1046
30 412 459 1 401 467
31 319 241 1 307 248
32 604 238 1 591 254
33 357 1158 1 346 1159
34 574 911 1 562 916
35 95 1149 1 84 1149
36 361 1081 1 350 1082
37 374 498 1 363 505
38 347 1077 1 335 1078
39 399 1151 1 390 1152
40 514 282 1 502 294
41 337 953 1 326 955
42 206 688 1 193 689
43 87 915 1 75 916
44 381 236 1 370 244
45 266 1041 1 256 1042
46 344 859 1 332 862
47 369 1166 1 360 1167
48 500 430 1 487 441
49 430 447 1 419 455
50 265 364 1 252 366
51 77 423 1 67 425
52 529 976 1 517 981
53 395 1164 1 386 1165
54 488 905 1 477 910
55 75 541 1 63 543
56 92 927 1 80 927
57 517 977 1 507 981
58 469 429 1 458 440
59 280 1086 1 270 1087
60 76 578 1 64 580
61 383 451 1 372 457
62 48 1241 1 36 1241
63 526 891 1 515 896
64 259 523 1 247 524
65 412 489 1 400 497
66 79 724 1 67 726
67 518 988 1 507 992
68 362 468 1 353 475
69 515 81 1 503 95
70 314 315 1 302 320
71 527 909 1 516 914
72 488 888 1 477 893
73 515 889 1 503 893
74 443 895 1 433 900
75 619 328 1 605 344
76 204 524 1 192 526
77 81 824 1 70 825
78 75 482 1 62 484
79 259 480 1 247 481
80 546 431 1 534 442
81 386 498 1 374 504
82 373 449 1 362 457
83 453 902 1 442 907
84 72 150 1 59 153
85 293 1033 1 283 1035
86 489 990 1 479 995
87 375 389 1 366 404
88 73 186 1 59 188
89 280 736 1 269 738
90 266 1194 1 256 1193
91 72 98 1 59 100
92 366 206 1 355 216
93 477 886 1 466 891
94 71 81 1 58 83
95 73 135 1 59 137
96 76 593 1 64 595
97 410 118 1 398 130
98 580 384 1 567 399
99 423 428 1 412 439
100 78 740 1 67 742
101 334 931 1 323 932
102 332 318 1 320 323
103 181 732 1 170 733
104 323 1052 1 313 1054
105 333 329 1 322 335
106 403 324 1 393 340
107 198 671 1 185 672
108 325 1088 1 315 1090
109 488 977 1 478 981
110 505 413 1 493 424
111 357 1055 1 348 1057
112 508 430 1 497 441
113 42 1136 1 31 1137
114 202 541 1 190 543
115 336 819 1 324 821
116 253 944 1 242 945
117 613 218 1 600 235
118 263 332 1 250 335
119 99 1098 1 88 1100
120 275 949 1 265 951
121 214 1135 1 202 1134
122 208 670 1 195 671
123 192 1144 1 182 1144
124 182 842 1 172 845
125 498 441 1 486 451
126 362 85 1 352 100
127 463 439 1 452 450
128 82 668 1 71 670
129 285 1152 1 275 1153
130 598 397 1 586 410
131 515 903 1 503 908
132 263 771 1 252 774
133 359 96 1 348 111
134 386 151 1 375 162
135 359 496 1 348 503
136 421 130 1 409 143
137 619 388 1 606 402
138 266 816 1 256 816
139 430 986 1 421 991
140 74 525 1 62 527
141 209 1148 1 198 1148
142 688 1138 1 675 1141
143 249 1009 1 239 1010
144 217 864 1 205 865
145 218 1147 1 207 1148
146 296 1226 1 287 1226
147 493 419 1 481 429
148 241 1184 1 231 1185
149 330 911 1 317 913
150 303 230 1 292 238
151 255 975 1 245 975
152 318 827 1 307 829
153 129 416 1 119 420
154 420 151 1 408 162
155 402 491 1 391 499
156 353 1218 1 345 1219
157 452 887 1 442 893
158 473 417 1 462 427
159 439 439 1 427 449
160 209 832 1 198 833
161 606 250 1 593 267
162 260 759 1 249 760
163 315 57 1 305 71
164 204 59 1 190 63
165 36 1006 1 26 1006
166 259 377 1 246 378
167 424 117 1 413 130
168 85 764 1 73 766
169 269 1052 1 258 1053
170 508 442 1 496 453
171 402 1223 1 392 1224
172 358 456 1 348 465
173 449 306 1 439 323
174 243 146 1 230 149
175 288 66 1 277 80
176 400 98 1 389 112
177 528 989 1 517 993
178 44 1171 1 34 1171
179 266 1176 1 255 1177
180 163 266 1 152 271
181 317 491 1 305 495
182 349 962 1 337 963
183 25 956 1 15 957
184 37 1020 1 26 1021
185 319 1024 1 308 1026
186 269 1026 1 258 1027
187 317 847 1 306 849
188 429 87 1 418 101
189 277 825 1 265 826
190 104 1251 1 94 1251
191 335 941 1 326 942
192 310 898 1 298 900
193 329 244 1 317 250
194 538 442 1 526 453
195 460 429 1 449 440
196 31 883 1 20 884
197 78 236 1 65 238
198 47 1228 1 37 1228
199 83 647 1 70 649
200 254 1021 1 244 1021
201 528 921 1 517 925
202 254 986 1 243 987
203 329 1079 1 322 1078
204 71 30 1 57 34
205 134 949 1 124 952
206 623 520 1 610 532
207 518 100 1 506 115
208 222 832 1 211 833
209 335 189 1 323 198
210 263 1243 1 253 1243
211 285 966 1 277 966
212 403 310 1 393 326
213 56 1008 1 45 1009
214 87 785 1 75 786
215 134 982 1 124 984
216 406 130 1 395 142
217 289 898 1 278 900
218 317 463 1 305 468
219 421 1159 1 412 1161
220 243 1236 1 233 1235
221 646 959 1 633 965
222 396 139 1 384 150
223 410 325 1 399 340
224 44 1152 1 32 1153
225 556 908 1 544 913
226 339 221 1 328 230
227 187 214 1 175 219
228 536 420 1 524 430
229 208 45 1 196 50
230 316 1035 1 306 1037
231 550 411 1 538 422
232 349 180 1 338 189
233 613 1101 1 602 1105
234 623 1055 1 612 1059
235 74 205 1 61 207
236 425 1136 1 415 1138
237 575 922 1 564 928
238 298 1021 1 288 1023
239 40 1107 1 29 1108
240 276 1072 1 266 1072
241 80 225 1 67 227
242 558 988 1 547 992
243 125 1234 1 116 1235
244 214 64 1 202 68
245 182 966 1 172 968
246 97 1193 1 86 1193
247 183 1014 1 173 1015
248 203 77 1 189 80
249 203 1236 1 193 1236
250 286 1188 1 276 1188
251 181 97 1 168 102
252 282 931 1 271 932
253 653 324 1 640 341
254 276 60 1 265 73
255 309 341 1 298 348
256 573 902 1 562 907
257 390 96 1 379 111
258 517 913 1 506 918
259 380 227 1 368 234
260 309 305 1 297 310
261 279 93 1 268 106
262 155 90 1 141 93
263 273 164 1 263 173
264 263 323 1 249 325
265 273 1156 1 263 1156
266 163 170 1 151 175
267 424 413 1 413 423
268 183 926 1 172 928
269 200 833 1 188 834
270 578 507 1 565 518
271 458 162 1 447 173
272 236 1021 1 225 1021
273 150 1088 1 140 1090
274 142 149 1 131 157
275 247 1060 1 236 1060
276 244 1077 1 233 1078
277 402 477 1 390 483
278 223 169 1 211 174
279 83 438 1 69 442
280 143 175 1 131 180
281 332 1069 1 322 1071
282 413 191 1 401 200
283 476 386 1 465 401
284 623 352 1 610 368
285 154 234 1 143 239
286 294 399 1 284 406
287 273 1009 1 261 1008
288 642 789 1 629 799
289 271 976 1 260 977
290 245 1050 1 234 1051
291 674 791 1 662 802
292 585 374 1 573 389
293 307 292 1 294 296
294 305 183 1 293 195
295 362 160 1 351 171
296 35 957 1 25 959
297 286 940 1 275 942
298 473 438 1 461 449
299 172 819 1 160 820
300 248 996 1 238 997
301 647 905 1 634 912
302 193 77 1 180 80
303 31 985 1 20 986
304 441 990 1 432 994
305 287 1228 1 277 1228
306 323 230 1 311 238
307 74 502 1 62 505
308 184 191 1 172 197
309 211 1104 1 201 1104
310 311 68 1 301 81
311 157 244 1 144 248
312 243 704 1 231 705
313 224 949 1 212 950
314 413 310 1 403 325
315 80 940 1 69 941
316 412 161 1 401 173
317 379 73 1 368 89
318 182 942 1 172 943
319 223 854 1 211 855
320 478 875 1 467 880
321 245 853 1 233 854
322 401 463 1 390 472
323 614 420 1 601 434
324 403 1234 1 393 1234
325 253 1123 1 243 1123
326 283 1166 1 274 1167
327 265 48 1 255 61
328 233 975 1 222 976
329 306 871 1 294 873
330 450 81 1 439 96
331 270 738 1 258 739
332 294 140 1 283 150
333 574 465 1 561 477
334 278 1031 1 269 1031
335 293 149 1 282 159
336 339 350 1 327 359
337 584 747 1 572 755
338 269 1138 1 258 1138
339 264 112 1 254 123
340 216 1215 1 206 1215
341 352 159 1 341 171
342 233 803 1 222 805
343 198 165 1 186 171
344 368 1061 1 357 1062
345 313 229 1 302 237
346 205 999 1 196 1000
347 196 127 1 183 132
348 141 1228 1 131 1229
349 136 993 1 126 995
350 196 913 1 185 916
351 331 199 1 320 208
352 45 1180 1 34 1181
353 41 1194 1 30 1194
354 458 141 1 447 153
355 248 1246 1 237 1246
356 174 1236 1 163 1236
357 180 129 1 168 135
358 251 79 1 239 83
359 214 185 1 201 189
360 380 161 1 369 173
361 171 904 1 160 908
362 226 1221 1 217 1221
363 612 737 1 600 746
364 157 255 1 145 259
365 257 1051 1 247 1051
366 373 95 1 361 109
367 180 1121 1 170 1122
368 245 972 1 235 974
369 614 894 1 602 901
370 281 1045 1 270 1045
371 280 675 1 267 675
372 396 207 1 384 217
373 629 847 1 617 855
374 175 916 1 167 919
375 218 896 1 207 897
376 405 1163 1 396 1164
377 230 1031 1 219 1031
378 72 58 1 59 62
379 548 441 1 536 452
380 376 142 1 365 154
381 645 937 1 632 944
382 61 1084 1 50 1084
383 402 76 1 391 90
384 296 307 1 284 310
385 158 1242 1 149 1242
386 148 71 1 134 72
387 202 876 1 191 875
388 402 1140 1 393 1142
389 218 1122 1 208 1122
390 198 964 1 189 966
391 297 289 1 284 292
392 548 381 1 536 396
393 264 346 1 251 348
394 327 143 1 316 157
395 613 746 1 601 755
396 245 927 1 235 929
397 256 1136 1 246 1136
398 255 292 1 242 294
399 237 1002 1 225 1004
400 323 1066 1 314 1068
401 227 964 1 217 966
402 277 1221 1 267 1221
403 470 388 1 459 403
404 599 792 1 587 800
405 332 1107 1 320 1104
406 187 1214 1 177 1214
407 356 149 1 345 161
408 268 32 1 258 46
409 513 875 1 502 882
410 232 1117 1 222 1117
411 325 936 1 313 937
412 223 1230 1 214 1230
413 599 490 1 587 503
414 253 223 1 239 225
415 273 1251 1 263 1250
416 95 946 1 85 947
417 317 120 1 306 133
418 213 1195 1 203 1196
419 427 393 1 417 407
420 329 51 1 318 65
421 131 941 1 121 942
422 398 1179 1 388 1181
423 121 945 1 111 946
424 266 59 1 256 73
425 134 962 1 125 964
426 554 891 1 543 897
427 166 291 1 154 295
428 162 1225 1 152 1225
429 224 974 1 213 976
430 251 1195 1 241 1194
431 228 1242 1 219 1242
432 529 73 1 518 88
433 682 1034 1 669 1040
434 231 1165 1 221 1165
435 265 987 1 254 988
436 299 82 1 289 95
437 108 1202 1 98 1203
438 348 249 1 336 256
439 198 247 1 185 253
440 636 735 1 623 745
441 560 479 1 548 490
