0 323 423 1 320 433
1 298 196 1 294 207
2 339 938 1 335 942
3 326 339 1 322 346
4 380 1221 1 376 1223
5 323 871 1 318 874
6 380 1203 1 377 1206
7 312 341 1 307 347
8 425 428 1 421 440
9 350 1023 1 346 1025
10 379 1162 1 376 1165
11 315 161 1 311 173
12 404 479 1 400 487
13 280 821 1 276 824
14 336 848 1 332 850
15 298 206 1 294 217
16 252 541 1 248 542
17 90 1174 1 85 1175
18 88 1136 1 83 1136
19 296 240 1 291 248
20 404 469 1 400 478
21 386 1237 1 383 1239
22 248 911 1 244 913
23 92 1111 1 87 1113
24 78 753 1 73 755
25 321 889 1 316 891
26 353 479 1 350 488
27 390 1202 1 388 1205
28 436 884 1 431 890
29 350 1043 1 347 1046
30 404 459 1 400 468
31 311 241 1 307 249
32 594 239 1 589 256
33 350 1156 1 346 1158
34 565 909 1 561 916
35 89 1149 1 84 1149
36 354 1079 1 349 1082
37 366 498 1 362 506
38 340 1075 1 335 1078
39 393 1149 1 389 1151
40 506 282 1 501 296
41 330 952 1 326 955
42 198 687 1 193 690
43 81 915 1 75 916
44 373 236 1 369 246
45 260 1040 1 256 1042
46 336 857 1 332 862
47 363 1164 1 359 1167
48 491 430 1 486 442
49 422 447 1 418 457
50 258 364 1 251 367
51 70 423 1 66 426
52 520 974 1 516 981
53 389 1162 1 386 1164
54 480 903 1 476 910
55 67 541 1 63 544
56 85 926 1 80 927
57 509 975 1 505 981
58 461 429 1 457 441
59 273 1085 1 269 1087
60 69 578 1 64 580
61 375 451 1 371 458
62 42 1240 1 36 1241
63 518 889 1 514 896
64 251 523 1 247 524
65 404 489 1 399 498
66 72 724 1 67 726
67 510 986 1 506 992
68 353 467 1 352 476
69 506 82 1 502 97
70 307 315 1 301 321
71 519 907 1 515 914
72 480 886 1 476 893
73 507 887 1 502 894
74 436 893 1 432 900
75 609 329 1 604 346
76 197 523 1 192 526
77 323 912 1 317 914
78 74 824 1 69 825
79 67 482 1 62 484
80 252 480 1 246 482
81 537 431 1 533 443
82 378 497 1 374 505
83 365 449 1 361 457
84 445 901 1 441 907
85 64 151 1 58 153
86 287 1032 1 282 1035
87 481 988 1 478 994
88 367 390 1 365 405
89 65 186 1 59 189
90 273 735 1 268 738
91 260 1193 1 256 1193
92 64 98 1 59 101
93 358 206 1 354 217
94 469 884 1 465 891
95 63 81 1 58 84
96 64 135 1 59 138
97 68 593 1 64 596
98 401 119 1 397 132
99 570 384 1 566 400
100 415 428 1 411 441
101 71 740 1 66 742
102 327 930 1 323 933
103 324 318 1 319 324
104 174 731 1 169 734
105 316 1051 1 312 1054
106 326 329 1 321 335
107 394 325 1 392 342
108 191 670 1 185 672
109 319 1087 1 314 1090
110 480 975 1 477 981
111 496 413 1 492 426
112 351 1054 1 347 1057
113 500 430 1 495 442
114 36 1137 1 31 1137
115 195 541 1 190 543
116 247 943 1 242 945
117 604 219 1 599 237
118 255 332 1 250 336
119 92 1098 1 88 1100
120 269 949 1 265 951
121 208 1134 1 202 1134
122 200 670 1 194 672
123 186 1143 1 182 1144
124 175 842 1 171 846
125 489 441 1 485 453
126 354 87 1 351 102
127 454 439 1 451 451
128 75 668 1 70 670
129 279 1151 1 275 1153
130 589 397 1 584 412
131 507 901 1 502 908
132 257 771 1 251 774
133 350 98 1 347 113
134 378 152 1 374 164
135 322 242 1 317 251
136 351 496 1 348 504
137 412 131 1 408 145
138 609 388 1 605 404
139 259 815 1 256 817
140 423 984 1 420 990
141 67 525 1 62 528
142 203 1147 1 198 1148
143 678 1133 1 673 1140
144 243 1008 1 238 1011
145 210 864 1 205 865
146 212 1147 1 207 1148
147 290 1224 1 286 1226
148 484 418 1 480 430
149 235 1183 1 230 1185
150 35 1194 1 30 1194
151 295 230 1 291 240
152 249 974 1 245 975
153 311 826 1 306 829
154 122 416 1 118 420
155 411 152 1 407 164
156 394 491 1 390 499
157 347 1216 1 344 1218
158 445 886 1 441 893
159 465 417 1 460 428
160 430 439 1 426 451
161 202 832 1 197 833
162 597 251 1 591 269
163 253 758 1 249 760
164 307 59 1 304 73
165 196 60 1 190 64
166 30 1006 1 25 1006
167 251 377 1 246 378
168 416 118 1 412 132
169 78 764 1 73 766
170 262 1051 1 258 1053
171 499 442 1 495 454
172 395 1221 1 392 1223
173 350 456 1 348 466
174 441 307 1 438 325
175 235 146 1 229 149
176 280 67 1 276 82
177 391 99 1 388 114
178 520 987 1 516 993
179 38 1171 1 33 1172
180 259 1175 1 255 1177
181 156 265 1 152 272
182 309 491 1 305 496
183 342 960 1 337 963
184 329 819 1 323 821
185 30 1020 1 26 1021
186 313 1023 1 308 1026
187 262 1025 1 257 1027
188 310 847 1 305 849
189 421 88 1 417 103
190 270 825 1 265 826
191 98 1251 1 94 1251
192 328 940 1 325 942
193 303 896 1 297 901
194 529 442 1 524 454
195 451 429 1 447 441
196 24 883 1 20 884
197 70 236 1 65 239
198 41 1227 1 36 1228
199 76 647 1 70 650
200 248 1020 1 243 1021
201 520 919 1 515 925
202 248 985 1 243 987
203 323 1077 1 321 1078
204 63 29 1 57 34
205 614 519 1 609 533
206 509 101 1 505 117
207 215 832 1 210 833
208 327 190 1 323 200
209 257 1241 1 252 1243
210 278 964 1 276 966
211 394 311 1 392 328
212 128 950 1 124 952
213 49 1008 1 44 1009
214 80 785 1 74 786
215 128 981 1 124 984
216 398 131 1 395 144
217 282 897 1 278 900
218 310 463 1 305 469
219 691 312 1 684 333
220 414 1157 1 411 1161
221 236 1234 1 232 1235
222 637 956 1 632 965
223 387 140 1 383 152
224 401 325 1 398 341
225 37 1152 1 32 1153
226 548 906 1 543 913
227 331 222 1 327 231
228 179 214 1 175 220
229 527 419 1 522 431
230 200 45 1 195 51
231 309 1034 1 305 1037
232 541 411 1 537 424
233 341 180 1 337 191
234 605 1098 1 601 1104
235 615 1052 1 610 1059
236 195 76 1 189 81
237 66 205 1 61 208
238 418 1134 1 414 1137
239 567 921 1 562 928
240 292 1019 1 287 1023
241 34 1107 1 28 1109
242 694 301 1 687 322
243 269 1071 1 265 1072
244 72 225 1 67 228
245 550 985 1 546 992
246 119 1233 1 116 1235
247 206 64 1 201 69
248 175 965 1 172 968
249 90 1193 1 86 1194
250 177 1013 1 172 1015
251 197 1236 1 192 1236
252 280 1187 1 275 1188
253 173 97 1 168 103
254 275 931 1 270 932
255 643 325 1 638 343
256 267 61 1 264 75
257 301 341 1 297 349
258 565 900 1 560 907
259 381 97 1 378 113
260 509 911 1 505 918
261 372 227 1 368 236
262 302 305 1 297 311
263 271 94 1 268 108
264 147 90 1 140 93
265 265 165 1 262 175
266 256 323 1 249 326
267 267 1155 1 262 1156
268 155 170 1 150 176
269 416 413 1 412 425
270 176 925 1 172 928
271 193 833 1 188 834
272 569 507 1 564 519
273 185 175 1 180 181
274 450 162 1 446 175
275 229 1020 1 224 1021
276 144 1088 1 139 1090
277 317 933 1 313 937
278 240 1059 1 235 1060
279 238 1076 1 233 1078
280 394 477 1 390 484
281 215 169 1 211 175
282 76 438 1 68 443
283 135 176 1 131 181
284 326 1068 1 321 1071
285 404 191 1 400 201
286 467 387 1 464 403
287 614 353 1 608 369
288 146 234 1 142 240
289 287 399 1 283 407
290 266 1008 1 261 1008
291 632 787 1 627 799
292 264 975 1 259 977
293 239 1049 1 234 1051
294 665 789 1 659 802
295 576 375 1 571 391
296 299 291 1 294 297
297 297 184 1 293 196
298 353 161 1 350 173
299 28 957 1 25 959
300 279 940 1 274 942
301 464 439 1 460 451
302 165 819 1 160 820
303 242 996 1 238 997
304 638 903 1 633 912
305 185 77 1 179 81
306 25 985 1 20 986
307 434 988 1 431 994
308 281 1227 1 277 1228
309 315 230 1 310 239
310 67 502 1 62 505
311 176 192 1 172 198
312 205 1103 1 200 1104
313 303 69 1 300 83
314 97 1211 1 92 1211
315 149 244 1 144 249
316 236 704 1 231 705
317 217 948 1 211 950
318 403 311 1 402 327
319 74 940 1 69 941
320 404 162 1 400 175
321 370 75 1 367 91
322 175 941 1 171 944
323 216 853 1 211 855
324 470 873 1 466 880
325 238 853 1 233 854
326 393 463 1 389 473
327 604 421 1 599 435
328 396 1232 1 392 1234
329 247 1122 1 242 1123
330 277 1165 1 273 1167
331 257 50 1 254 63
332 299 870 1 294 873
333 441 82 1 438 98
334 263 737 1 258 739
335 286 141 1 283 152
336 564 465 1 560 478
337 272 1030 1 268 1032
338 285 150 1 281 160
339 181 1186 1 176 1187
340 575 746 1 570 756
341 203 213 1 198 219
342 262 1137 1 258 1138
343 256 112 1 254 124
344 210 1214 1 206 1215
345 344 160 1 340 173
346 226 802 1 221 805
347 190 165 1 185 172
348 361 1059 1 357 1062
349 305 230 1 301 238
350 199 998 1 196 1000
351 188 128 1 182 133
352 134 1227 1 131 1229
353 129 992 1 125 996
354 189 913 1 185 916
355 323 199 1 319 209
356 39 1180 1 34 1181
357 450 142 1 446 155
358 242 1245 1 237 1246
359 168 1235 1 163 1236
360 172 129 1 167 136
361 242 79 1 238 83
362 206 185 1 201 189
363 372 162 1 368 175
364 164 903 1 160 908
365 220 1220 1 216 1221
366 603 736 1 598 747
367 149 255 1 144 260
368 251 1050 1 246 1051
369 364 96 1 360 112
370 174 1121 1 169 1122
371 238 972 1 234 974
372 605 892 1 601 901
373 275 1044 1 269 1045
374 272 674 1 267 676
375 388 208 1 383 218
376 620 845 1 615 855
377 169 916 1 166 919
378 211 895 1 207 897
379 399 1161 1 395 1164
380 224 1030 1 219 1032
381 64 58 1 59 62
382 539 441 1 535 453
383 368 143 1 364 155
384 636 935 1 631 943
385 227 977 1 221 977
386 54 1084 1 49 1084
387 393 77 1 390 92
388 289 307 1 283 311
389 153 1241 1 148 1242
390 140 71 1 134 73
391 195 875 1 190 875
392 396 1139 1 392 1141
393 212 1122 1 208 1122
394 192 964 1 188 966
395 289 289 1 284 293
396 539 381 1 535 398
397 257 346 1 251 349
398 319 143 1 315 159
399 604 745 1 599 756
400 239 927 1 234 929
401 250 1135 1 246 1136
402 247 292 1 242 295
403 230 1002 1 225 1004
404 317 1065 1 313 1068
405 220 963 1 216 966
406 271 1219 1 267 1221
407 461 388 1 457 404
408 590 790 1 585 800
409 326 1106 1 320 1104
410 181 1213 1 177 1214
411 339 270 1 334 276
412 348 150 1 345 163
413 260 34 1 257 49
414 505 874 1 501 882
415 226 1116 1 221 1117
416 217 1229 1 213 1230
417 590 491 1 585 504
418 245 222 1 238 226
419 267 1250 1 262 1250
420 89 945 1 84 947
421 308 122 1 305 134
422 207 1194 1 203 1196
423 419 394 1 416 408
424 321 52 1 317 67
425 124 940 1 120 942
426 391 1177 1 387 1180
427 115 945 1 111 947
428 257 60 1 255 75
429 128 961 1 124 965
430 546 889 1 542 897
431 158 291 1 153 295
432 242 1107 1 237 1108
433 156 1224 1 152 1225
434 217 974 1 213 976
435 245 1193 1 241 1194
436 222 1241 1 219 1242
437 520 74 1 516 90
438 672 1030 1 667 1039
439 225 1164 1 220 1165
440 258 986 1 254 988
441 291 83 1 289 97
442 101 1201 1 97 1203
443 340 249 1 335 257
444 190 247 1 185 254
445 627 734 1 622 745
446 551 478 1 547 492
