0 296 431 1 314 442
1 272 207 1 289 218
2 319 1040 1 342 1046
3 300 346 1 317 352
4 346 1214 1 371 1220
5 249 822 1 271 826
6 318 1019 1 341 1025
7 375 485 1 394 495
8 346 1195 1 371 1202
9 286 347 1 302 354
10 273 218 1 289 228
11 290 174 1 305 186
12 290 887 1 312 893
13 286 359 1 303 366
14 292 871 1 313 876
15 270 248 1 286 257
16 305 847 1 327 852
17 345 1156 1 370 1163
18 57 1172 1 82 1176
19 55 1134 1 80 1137
20 42 688 1 63 693
21 46 866 1 68 871
22 308 939 1 330 943
23 352 1230 1 377 1236
24 218 910 1 240 914
25 60 1110 1 84 1114
26 49 751 1 70 758
27 241 1080 1 265 1086
28 356 1194 1 382 1201
29 402 882 1 424 891
30 375 466 1 393 475
31 561 258 1 577 271
32 317 1150 1 340 1156
33 528 906 1 550 916
34 56 1147 1 81 1150
35 337 455 1 355 464
36 354 1156 1 379 1162
37 307 1073 1 330 1078
38 359 1143 1 384 1149
39 475 296 1 492 308
40 169 688 1 189 693
41 50 914 1 72 918
42 347 246 1 363 255
43 228 1039 1 252 1043
44 305 857 1 327 864
45 330 1158 1 354 1164
46 297 931 1 318 934
47 374 475 1 394 485
48 231 367 1 247 372
49 285 250 1 301 258
50 173 65 1 186 71
51 44 424 1 63 430
52 484 969 1 506 980
53 320 1054 1 342 1057
54 445 901 1 468 910
55 40 541 1 60 548
56 54 924 1 76 929
57 473 970 1 496 980
58 396 437 1 414 449
59 430 439 1 448 450
60 41 578 1 61 584
61 326 485 1 344 495
62 327 474 1 346 483
63 482 887 1 504 897
64 223 525 1 243 528
65 316 1072 1 339 1078
66 225 1209 1 250 1213
67 43 724 1 64 729
68 474 981 1 497 991
69 244 735 1 264 741
70 478 102 1 492 113
71 281 321 1 296 327
72 483 904 1 505 914
73 159 67 1 172 74
74 445 885 1 467 894
75 471 885 1 493 894
76 402 891 1 425 901
77 574 345 1 591 359
78 169 525 1 188 530
79 289 910 1 312 915
80 45 823 1 66 828
81 40 482 1 59 488
82 224 482 1 242 486
83 300 40 1 314 55
84 504 441 1 523 453
85 41 100 1 55 107
86 411 898 1 433 908
87 255 1030 1 278 1035
88 41 152 1 55 159
89 446 983 1 469 993
90 339 402 1 357 418
91 41 187 1 55 194
92 297 324 1 314 331
93 332 218 1 348 228
94 435 883 1 457 892
95 41 83 1 54 90
96 41 137 1 55 144
97 41 593 1 60 599
98 282 258 1 298 266
99 287 1084 1 310 1089
100 375 134 1 390 146
101 535 398 1 553 413
102 42 739 1 63 745
103 284 1049 1 308 1054
104 243 248 1 259 257
105 457 440 1 477 452
106 300 336 1 316 342
107 366 339 1 384 356
108 314 1209 1 339 1215
109 145 733 1 166 736
110 445 970 1 468 980
111 465 424 1 483 436
112 95 376 1 112 383
113 468 440 1 486 451
114 167 543 1 186 547
115 216 942 1 238 946
116 392 456 1 411 465
117 569 239 1 586 253
118 229 336 1 246 340
119 305 359 1 323 372
120 60 1096 1 85 1101
121 237 948 1 260 952
122 175 1132 1 198 1135
123 280 391 1 298 402
124 171 671 1 190 675
125 154 1142 1 178 1145
126 146 841 1 168 848
127 458 451 1 476 462
128 329 104 1 344 119
129 424 449 1 442 461
130 47 667 1 67 673
131 247 1149 1 271 1153
132 554 410 1 572 423
133 471 899 1 493 909
134 325 463 1 342 473
135 325 115 1 340 129
136 352 166 1 368 177
137 296 251 1 312 259
138 386 147 1 401 159
139 123 238 1 139 247
140 573 402 1 591 416
141 229 816 1 251 819
142 386 438 1 404 450
143 388 978 1 412 989
144 40 525 1 59 531
145 170 1146 1 194 1149
146 247 1184 1 271 1188
147 633 1121 1 657 1133
148 211 1007 1 235 1011
149 494 441 1 512 452
150 179 1146 1 203 1149
151 257 1222 1 282 1225
152 129 210 1 145 219
153 454 429 1 471 439
154 298 379 1 316 390
155 227 1189 1 252 1192
156 281 827 1 302 831
157 132 271 1 148 279
158 98 417 1 115 426
159 385 166 1 400 177
160 234 995 1 257 1000
161 282 495 1 300 501
162 411 883 1 434 893
163 435 427 1 452 438
164 400 448 1 419 460
165 226 770 1 247 777
166 225 378 1 241 383
167 172 832 1 194 836
168 563 270 1 579 284
169 223 759 1 244 763
170 297 819 1 318 823
171 282 467 1 300 474
172 284 75 1 299 88
173 202 1182 1 226 1185
174 390 134 1 405 147
175 49 763 1 70 769
176 230 1049 1 254 1053
177 467 452 1 485 463
178 162 961 1 185 967
179 411 323 1 428 339
180 217 971 1 241 976
181 395 106 1 409 119
182 211 150 1 225 155
183 257 83 1 271 97
184 365 117 1 381 130
185 483 982 1 506 992
186 226 1174 1 251 1177
187 260 248 1 276 257
188 677 729 1 697 743
189 685 1147 1 709 1159
190 304 263 1 319 270
191 101 342 1 118 350
192 281 1020 1 303 1026
193 155 1007 1 179 1012
194 230 1023 1 253 1028
195 279 846 1 300 851
196 239 825 1 261 829
197 65 1250 1 90 1252
198 143 107 1 157 115
199 272 896 1 293 902
200 139 913 1 163 920
201 497 453 1 515 464
202 421 439 1 439 450
203 46 237 1 62 244
204 47 647 1 67 653
205 217 1019 1 240 1022
206 483 916 1 506 925
207 217 984 1 239 988
208 161 672 1 181 675
209 174 149 1 189 155
210 480 120 1 495 133
211 185 831 1 206 835
212 302 201 1 317 211
213 366 326 1 384 342
214 98 947 1 121 953
215 279 380 1 297 392
216 50 784 1 71 788
217 97 978 1 121 985
218 372 146 1 388 158
219 251 897 1 274 902
220 649 332 1 666 349
221 380 1150 1 405 1158
222 204 1233 1 229 1235
223 595 951 1 618 963
224 163 240 1 179 249
225 362 154 1 377 165
226 372 339 1 390 355
227 269 233 1 285 243
228 511 904 1 533 914
229 306 232 1 321 241
230 156 219 1 171 228
231 223 1255 1 247 1258
232 126 198 1 140 208
233 495 430 1 513 441
234 24 1084 1 48 1088
235 188 79 1 202 85
236 277 1032 1 301 1037
237 508 422 1 527 434
238 316 192 1 331 202
239 364 471 1 383 481
240 280 239 1 296 248
241 574 1044 1 597 1055
242 135 245 1 150 253
243 43 207 1 58 213
244 529 918 1 551 928
245 260 1018 1 283 1023
246 652 321 1 669 339
247 362 1213 1 386 1220
248 48 226 1 63 233
249 138 125 1 152 133
250 513 980 1 535 991
251 87 1231 1 113 1234
252 183 70 1 197 77
253 123 306 1 139 315
254 58 1191 1 83 1194
255 144 1011 1 169 1016
256 222 68 1 235 72
257 559 691 1 579 702
258 164 1234 1 189 1237
259 244 929 1 266 934
260 605 343 1 623 357
261 245 77 1 259 91
262 527 898 1 550 907
263 294 1067 1 317 1071
264 474 909 1 496 918
265 346 237 1 362 245
266 157 306 1 173 316
267 276 311 1 292 317
268 172 82 1 185 87
269 123 94 1 136 99
270 242 175 1 257 186
271 230 326 1 245 331
272 234 1153 1 258 1156
273 128 124 1 142 130
274 132 175 1 147 184
275 146 924 1 168 929
276 163 833 1 184 837
277 220 1029 1 243 1033
278 161 180 1 177 189
279 423 177 1 438 188
280 198 1019 1 220 1022
281 112 1086 1 136 1091
282 42 1119 1 67 1123
283 285 932 1 308 938
284 208 1057 1 231 1061
285 205 1075 1 229 1079
286 364 482 1 383 490
287 192 174 1 207 183
288 50 439 1 65 447
289 139 1233 1 164 1236
290 42 61 1 56 70
291 378 203 1 393 213
292 113 180 1 127 189
293 436 400 1 454 415
294 578 369 1 595 382
295 136 222 1 151 230
296 261 405 1 279 414
297 234 1006 1 257 1010
298 592 788 1 613 802
299 233 974 1 255 978
300 207 1049 1 230 1052
301 622 790 1 643 804
302 541 389 1 559 403
303 273 297 1 289 303
304 272 197 1 287 208
305 176 953 1 198 957
306 328 174 1 344 186
307 248 939 1 270 943
308 433 448 1 452 460
309 135 819 1 156 823
310 210 994 1 234 998
311 596 900 1 619 912
312 162 82 1 175 88
313 399 983 1 423 993
314 248 1224 1 273 1227
315 290 239 1 305 249
316 228 985 1 250 989
317 40 503 1 58 509
318 157 993 1 181 998
319 153 197 1 168 206
320 173 1102 1 197 1105
321 280 85 1 294 99
322 63 1209 1 88 1212
323 125 248 1 140 255
324 207 704 1 227 708
325 130 1238 1 155 1241
326 148 1209 1 174 1214
327 187 946 1 208 951
328 377 325 1 394 341
329 42 939 1 65 943
330 217 202 1 233 213
331 377 177 1 393 188
332 345 94 1 360 107
333 115 63 1 129 70
334 145 940 1 168 945
335 128 134 1 142 140
336 185 853 1 207 857
337 436 872 1 458 881
338 208 853 1 229 857
339 568 433 1 587 447
340 361 1225 1 386 1231
341 214 1120 1 238 1124
342 245 1163 1 269 1166
343 148 119 1 162 127
344 268 871 1 290 875
345 415 102 1 430 115
346 232 65 1 247 79
347 233 738 1 254 742
348 559 42 1 572 55
349 262 153 1 278 164
350 223 1238 1 248 1242
351 530 476 1 548 488
352 237 448 1 255 455
353 240 1027 1 264 1032
354 260 161 1 276 172
355 235 1163 1 259 1167
356 148 1183 1 173 1187
357 538 748 1 559 759
358 178 218 1 194 227
359 230 1136 1 254 1139
360 234 125 1 249 138
361 177 1212 1 202 1215
362 297 68 1 311 82
363 212 1254 1 237 1256
364 319 173 1 334 186
365 378 41 1 391 56
366 167 171 1 181 180
367 111 190 1 127 199
368 168 216 1 183 223
369 164 133 1 178 141
370 102 1225 1 127 1228
371 298 210 1 314 220
372 423 157 1 439 168
373 208 1244 1 233 1246
374 250 50 1 265 65
375 139 989 1 163 995
376 166 304 1 183 313
377 149 136 1 163 145
378 221 85 1 234 91
379 183 191 1 197 196
380 346 176 1 362 188
381 133 901 1 157 909
382 188 1217 1 213 1221
383 565 738 1 586 750
384 175 986 1 198 990
385 125 259 1 141 267
386 219 1048 1 242 1052
387 339 114 1 353 128
388 207 78 1 221 85
389 142 1120 1 166 1123
390 208 970 1 230 975
391 566 890 1 588 901
392 243 1042 1 265 1046
393 243 675 1 262 679
394 360 220 1 377 230
395 580 844 1 602 856
396 109 205 1 125 214
397 181 894 1 203 899
398 208 1030 1 231 1033
399 365 1155 1 389 1162
400 192 1030 1 215 1033
401 239 50 1 253 65
402 592 342 1 609 356
403 507 452 1 525 463
404 342 157 1 357 169
405 594 931 1 617 942
406 195 976 1 218 978
407 369 96 1 383 108
408 262 312 1 278 316
409 120 1238 1 145 1242
410 117 74 1 130 77
411 165 874 1 187 877
412 194 803 1 217 807
413 362 1133 1 386 1139
414 180 1119 1 204 1122
415 634 1254 1 659 1266
416 264 293 1 279 298
417 505 395 1 523 410
418 230 349 1 246 354
419 128 109 1 142 115
420 566 747 1 587 759
421 100 1204 1 125 1209
422 208 926 1 230 930
423 218 1134 1 242 1137
424 222 296 1 237 300
425 199 1001 1 221 1005
426 285 1062 1 309 1068
427 173 996 1 196 1000
428 238 1216 1 263 1220
429 430 402 1 448 417
430 363 164 1 378 175
431 552 791 1 573 803
432 313 276 1 329 283
433 323 164 1 338 176
434 470 872 1 492 883
435 263 1254 1 288 1256
436 186 1227 1 210 1230
437 243 163 1 258 174
438 219 226 1 234 231
439 234 1246 1 259 1250
440 58 944 1 81 949
441 285 135 1 300 147
442 175 1193 1 199 1196
443 390 405 1 408 419
444 95 938 1 117 944
445 357 1172 1 382 1178
446 84 943 1 107 948
447 235 76 1 250 91
448 98 958 1 122 965
449 510 888 1 532 897
450 134 295 1 150 302
451 126 226 1 142 234
452 209 1105 1 233 1109
453 124 1221 1 148 1225
454 112 1076 1 136 1081
455 278 55 1 293 71
456 190 1238 1 215 1241
457 491 95 1 506 107
458 628 1022 1 651 1035
459 192 1163 1 217 1166
460 169 203 1 184 212
461 269 98 1 283 111
462 314 258 1 330 266
463 110 157 1 125 166
464 587 736 1 608 749
465 517 488 1 536 501
