0 313 191 1 286 224
1 359 1014 1 339 1046
2 341 325 1 314 357
3 385 1184 1 367 1218
4 291 798 1 269 828
5 385 1166 1 368 1200
6 327 327 1 299 358
7 337 414 1 311 447
8 358 994 1 338 1025
9 314 201 1 286 235
10 330 158 1 302 194
11 331 863 1 309 894
12 328 339 1 300 370
13 385 1128 1 367 1161
14 101 1143 1 80 1176
15 99 1106 1 78 1138
16 86 664 1 61 695
17 90 842 1 66 873
18 349 914 1 327 944
19 334 847 1 311 877
20 391 1201 1 374 1234
21 259 885 1 238 915
22 103 1082 1 82 1114
23 93 728 1 68 759
24 442 858 1 419 892
25 597 243 1 569 281
26 356 1121 1 337 1155
27 396 1165 1 378 1199
28 564 882 1 544 916
29 347 824 1 324 853
30 394 1127 1 375 1161
31 326 234 1 298 266
32 348 1046 1 327 1078
33 398 1115 1 380 1148
34 513 281 1 486 316
35 212 665 1 186 694
36 110 1229 1 91 1265
37 93 889 1 70 920
38 387 228 1 359 261
39 378 436 1 352 469
40 369 1129 1 350 1163
41 338 906 1 315 935
42 99 1119 1 79 1150
43 273 346 1 244 375
44 45 1231 1 25 1267
45 87 403 1 61 433
46 521 944 1 501 979
47 53 1209 1 33 1244
48 361 1027 1 340 1058
49 483 876 1 462 910
50 281 1053 1 263 1086
51 84 519 1 58 550
52 98 899 1 74 930
53 511 945 1 491 979
54 435 420 1 409 455
55 469 421 1 443 456
56 85 556 1 59 586
57 45 1106 1 24 1139
58 418 196 1 390 231
59 519 863 1 498 897
60 357 1045 1 336 1077
61 267 1181 1 248 1213
62 87 700 1 62 731
63 511 955 1 491 990
64 286 713 1 261 743
65 516 87 1 486 123
66 609 332 1 583 367
67 322 301 1 293 331
68 520 880 1 500 914
69 200 46 1 169 79
70 483 860 1 462 895
71 509 861 1 488 895
72 441 867 1 420 901
73 276 1227 1 259 1261
74 331 886 1 309 916
75 88 799 1 64 829
76 84 461 1 56 491
77 266 460 1 240 488
78 339 27 1 310 65
79 542 424 1 517 458
80 347 834 1 324 865
81 83 81 1 53 111
82 450 874 1 429 908
83 296 1004 1 275 1035
84 82 132 1 53 163
85 483 957 1 464 992
86 379 387 1 353 425
87 83 167 1 53 198
88 339 304 1 311 335
89 83 63 1 52 94
90 83 117 1 53 147
91 345 244 1 316 275
92 84 571 1 58 601
93 328 1058 1 307 1089
94 225 1234 1 206 1266
95 271 1014 1 249 1044
96 104 1242 1 84 1274
97 48 1145 1 27 1177
98 415 120 1 386 155
99 572 383 1 546 420
100 86 716 1 61 746
101 49 1122 1 28 1155
102 325 1022 1 305 1054
103 284 230 1 256 263
104 496 422 1 471 458
105 341 316 1 313 347
106 45 1195 1 25 1229
107 353 1179 1 336 1213
108 188 709 1 163 738
109 483 944 1 463 980
110 503 406 1 477 442
111 137 356 1 110 387
112 472 859 1 452 892
113 507 423 1 480 457
114 56 986 1 34 1017
115 257 917 1 236 947
116 432 438 1 406 470
117 606 225 1 578 263
118 271 314 1 243 344
119 104 1069 1 83 1102
120 279 923 1 258 953
121 217 1105 1 196 1136
122 214 648 1 188 677
123 196 1115 1 176 1146
124 253 981 1 232 1012
125 496 433 1 470 467
126 369 91 1 340 129
127 464 432 1 437 466
128 91 645 1 65 675
129 288 1122 1 268 1152
130 311 229 1 283 262
131 590 394 1 564 430
132 509 875 1 488 909
133 213 44 1 183 75
134 365 102 1 336 139
135 392 150 1 363 185
136 31 1237 1 11 1273
137 400 323 1 374 361
138 426 131 1 396 167
139 165 218 1 136 251
140 609 387 1 583 423
141 271 792 1 249 820
142 427 952 1 407 988
143 84 503 1 57 534
144 212 1119 1 192 1150
145 287 1156 1 269 1187
146 664 1092 1 647 1129
147 268 747 1 244 778
148 532 423 1 506 458
149 221 1118 1 201 1149
150 297 1192 1 280 1224
151 171 191 1 142 223
152 492 411 1 466 445
153 339 361 1 313 396
154 268 1160 1 249 1192
155 322 803 1 299 833
156 174 252 1 146 284
157 141 397 1 113 430
158 272 998 1 251 1028
159 47 1162 1 26 1196
160 424 150 1 395 185
161 276 970 1 254 1000
162 324 474 1 297 504
163 450 860 1 429 894
164 474 409 1 447 443
165 440 431 1 414 465
166 267 356 1 239 386
167 214 808 1 191 837
168 599 256 1 571 293
169 266 735 1 242 765
170 262 64 1 231 95
171 338 796 1 315 824
172 324 446 1 297 478
173 324 61 1 295 98
174 243 1153 1 224 1185
175 429 119 1 400 155
176 44 1077 1 23 1109
177 92 739 1 68 770
178 272 1023 1 251 1054
179 506 435 1 480 469
180 205 935 1 183 968
181 449 309 1 423 348
182 259 946 1 238 976
183 434 92 1 405 129
184 252 129 1 222 159
185 297 69 1 268 107
186 404 103 1 376 140
187 520 956 1 500 991
188 320 373 1 295 407
189 301 230 1 273 263
190 267 1145 1 248 1177
191 55 1230 1 36 1266
192 144 322 1 116 354
193 322 994 1 300 1026
194 197 981 1 176 1013
195 274 1241 1 255 1270
196 321 822 1 298 853
197 281 801 1 258 830
198 109 1219 1 88 1252
199 276 1174 1 257 1206
200 184 88 1 155 120
201 182 888 1 161 921
202 535 435 1 509 469
203 461 422 1 434 456
204 88 217 1 59 248
205 91 624 1 65 655
206 258 993 1 237 1023
207 521 892 1 500 925
208 258 959 1 237 989
209 203 648 1 179 677
210 518 106 1 490 143
211 227 808 1 204 837
212 342 184 1 314 218
213 405 312 1 379 351
214 142 920 1 119 954
215 320 363 1 294 398
216 94 759 1 69 790
217 412 131 1 383 166
218 293 872 1 271 903
219 683 319 1 656 359
220 419 1122 1 401 1156
221 245 1204 1 226 1235
222 629 926 1 609 962
223 205 222 1 176 254
224 401 138 1 372 173
225 310 216 1 281 249
226 548 880 1 527 914
227 347 214 1 318 247
228 197 201 1 168 233
229 263 1225 1 245 1257
230 168 180 1 138 213
231 533 413 1 507 447
232 68 1056 1 46 1089
233 318 1006 1 298 1037
234 50 1242 1 31 1278
235 356 175 1 328 209
236 187 141 1 158 174
237 321 221 1 293 254
238 608 1018 1 590 1053
239 177 226 1 148 257
240 85 186 1 55 217
241 565 893 1 545 928
242 301 992 1 280 1023
243 264 1234 1 245 1266
244 685 309 1 658 349
245 400 1184 1 382 1218
246 90 206 1 61 237
247 179 105 1 150 139
248 549 955 1 529 990
249 131 1200 1 111 1234
250 224 50 1 194 81
251 165 287 1 137 319
252 337 234 1 308 264
253 187 984 1 167 1016
254 263 46 1 232 76
255 330 221 1 302 255
256 372 202 1 344 235
257 206 1204 1 186 1237
258 285 905 1 263 935
259 641 328 1 614 366
260 286 63 1 256 100
261 564 874 1 543 908
262 334 1040 1 314 1071
263 511 885 1 491 918
264 387 219 1 358 251
265 317 291 1 289 321
266 212 61 1 182 92
267 274 949 1 253 979
268 165 73 1 134 103
269 283 159 1 254 193
270 271 305 1 242 334
271 275 1125 1 256 1157
272 169 103 1 140 134
273 174 157 1 145 188
274 188 899 1 166 930
275 206 809 1 182 838
276 262 1002 1 241 1033
277 203 162 1 174 195
278 462 161 1 433 196
279 240 993 1 218 1023
280 155 1060 1 134 1091
281 86 1090 1 65 1124
282 326 906 1 305 939
283 250 1030 1 229 1061
284 247 1048 1 227 1079
285 202 31 1 171 62
286 209 233 1 181 267
287 93 418 1 63 450
288 181 1203 1 162 1236
289 57 1038 1 35 1070
290 84 42 1 54 75
291 418 186 1 389 219
292 155 162 1 125 193
293 473 385 1 448 423
294 614 353 1 587 390
295 177 203 1 149 235
296 302 386 1 276 419
297 276 980 1 254 1011
298 626 767 1 604 803
299 249 1022 1 228 1053
300 655 769 1 634 806
301 578 374 1 551 411
302 314 277 1 286 307
303 313 181 1 284 215
304 218 928 1 196 958
305 140 951 1 120 985
306 368 159 1 340 194
307 289 914 1 267 944
308 473 431 1 446 466
309 101 1161 1 81 1195
310 178 795 1 154 824
311 631 876 1 610 912
312 437 956 1 418 992
313 288 1194 1 270 1227
314 270 959 1 247 990
315 83 482 1 56 512
316 200 967 1 178 999
317 195 178 1 166 211
318 215 1075 1 194 1105
319 320 71 1 291 108
320 107 1179 1 86 1213
321 249 681 1 224 710
322 172 1207 1 153 1241
323 191 1180 1 172 1214
324 228 922 1 205 952
325 416 311 1 389 350
326 86 913 1 63 944
327 258 185 1 230 220
328 416 161 1 388 196
329 385 79 1 355 117
330 156 43 1 126 75
331 169 108 1 139 138
332 228 829 1 204 858
333 159 58 1 128 89
334 474 849 1 453 882
335 250 829 1 227 858
336 605 417 1 579 453
337 400 1195 1 383 1229
338 256 1093 1 236 1124
339 285 1135 1 266 1166
340 148 286 1 120 317
341 253 969 1 231 999
342 310 846 1 287 876
343 454 87 1 424 125
344 273 51 1 244 89
345 275 715 1 251 744
346 595 29 1 565 67
347 304 137 1 275 172
348 265 1209 1 246 1241
349 289 94 1 260 131
350 279 427 1 252 459
351 302 145 1 273 179
352 276 1135 1 256 1167
353 190 1155 1 171 1187
354 574 727 1 552 761
355 219 200 1 191 232
356 271 1108 1 252 1139
357 275 110 1 246 146
358 219 1182 1 200 1215
359 337 55 1 308 92
360 253 1225 1 235 1256
361 183 805 1 159 836
362 416 29 1 387 68
363 208 153 1 179 186
364 154 171 1 125 204
365 206 115 1 176 146
366 146 1195 1 125 1228
367 339 193 1 310 227
368 462 141 1 434 176
369 250 1215 1 231 1247
370 291 37 1 262 76
371 182 963 1 161 996
372 191 118 1 161 150
373 277 379 1 250 410
374 167 240 1 139 272
375 386 160 1 358 196
376 178 877 1 155 910
377 229 1189 1 210 1221
378 188 816 1 166 849
379 600 717 1 578 753
380 225 129 1 195 159
381 218 961 1 195 991
382 408 81 1 378 118
383 260 1022 1 240 1053
384 378 100 1 349 138
385 248 58 1 218 89
386 184 1092 1 164 1124
387 600 866 1 580 901
388 285 1016 1 263 1047
389 285 652 1 260 681
390 400 202 1 373 236
391 614 821 1 594 857
392 152 187 1 123 219
393 223 869 1 201 900
394 250 1003 1 229 1034
395 404 1127 1 385 1160
396 234 1004 1 213 1034
397 279 37 1 250 76
398 627 328 1 601 365
399 545 434 1 518 469
400 382 142 1 353 177
401 628 906 1 608 942
402 237 950 1 215 979
403 304 290 1 276 319
404 163 1208 1 143 1242
405 208 849 1 184 879
406 237 779 1 215 809
407 401 1105 1 382 1138
408 222 1091 1 202 1123
409 214 118 1 184 148
410 665 1222 1 649 1260
411 305 272 1 277 302
412 543 380 1 516 417
413 272 328 1 244 357
414 170 89 1 139 119
415 601 726 1 579 762
416 143 1174 1 123 1208
417 250 902 1 228 931
418 260 1106 1 240 1137
419 263 274 1 235 303
420 240 975 1 219 1006
421 191 1105 1 171 1136
422 279 1187 1 260 1220
423 468 386 1 442 424
424 402 148 1 373 183
425 587 769 1 566 804
426 354 257 1 326 288
427 363 149 1 335 184
428 508 848 1 486 884
429 573 400 1 547 436
430 227 1198 1 208 1230
431 284 146 1 255 181
432 261 205 1 231 234
433 274 1216 1 256 1249
434 325 120 1 296 155
435 217 1164 1 197 1196
436 429 389 1 403 426
437 216 1203 1 197 1235
438 284 1001 1 262 1032
439 396 1143 1 378 1177
440 128 918 1 106 949
441 546 864 1 526 898
442 168 207 1 139 239
443 251 1079 1 230 1109
444 93 1195 1 73 1230
445 166 1192 1 146 1225
446 155 1049 1 133 1081
447 319 42 1 289 81
448 232 1208 1 213 1241
449 529 80 1 500 117
450 660 995 1 641 1032
451 234 1135 1 214 1166
452 210 185 1 182 217
453 309 84 1 280 120
454 177 142 1 149 175
455 355 239 1 326 272
456 152 138 1 123 171
457 622 716 1 599 752
458 203 267 1 175 300
