0 313 185 1 285 226
1 361 1006 1 338 1046
2 340 319 1 313 357
3 387 1175 1 366 1217
4 292 791 1 268 828
5 387 1157 1 367 1200
6 327 321 1 299 359
7 336 407 1 310 448
8 360 986 1 337 1025
9 313 195 1 285 236
10 329 152 1 301 195
11 332 856 1 308 894
12 327 332 1 300 371
13 387 1119 1 366 1161
14 104 1136 1 79 1176
15 102 1099 1 77 1138
16 87 658 1 60 695
17 92 835 1 66 873
18 350 906 1 327 944
19 335 839 1 310 877
20 393 1191 1 373 1234
21 261 878 1 237 916
22 106 1075 1 81 1114
23 94 721 1 67 760
24 442 850 1 419 892
25 595 237 1 568 282
26 359 1113 1 337 1155
27 398 1155 1 377 1198
28 564 874 1 542 916
29 348 817 1 323 853
30 396 1118 1 375 1161
31 324 227 1 297 267
32 349 1038 1 326 1078
33 400 1106 1 379 1148
34 512 274 1 485 317
35 213 658 1 186 695
36 113 1221 1 90 1265
37 95 882 1 69 920
38 386 221 1 358 262
39 378 430 1 351 470
40 371 1121 1 350 1163
41 339 898 1 314 935
42 102 1111 1 78 1151
43 273 339 1 244 375
44 49 1223 1 25 1267
45 87 397 1 61 434
46 521 935 1 499 979
47 57 1202 1 33 1244
48 363 1019 1 339 1058
49 484 868 1 461 910
50 283 1045 1 262 1086
51 84 513 1 57 551
52 100 892 1 74 930
53 511 936 1 489 979
54 435 413 1 408 456
55 468 415 1 442 457
56 85 550 1 58 587
57 49 1099 1 24 1139
58 417 190 1 390 232
59 520 855 1 497 898
60 359 1037 1 335 1077
61 269 1172 1 247 1213
62 88 694 1 61 731
63 512 947 1 490 990
64 287 705 1 261 743
65 514 81 1 485 125
66 607 325 1 581 369
67 321 294 1 293 332
68 520 872 1 498 914
69 199 39 1 169 80
70 484 852 1 461 895
71 509 853 1 486 895
72 442 859 1 419 901
73 279 1219 1 258 1260
74 332 878 1 309 916
75 90 792 1 64 830
76 84 455 1 56 491
77 266 453 1 239 489
78 541 417 1 515 460
79 348 827 1 323 865
80 82 74 1 53 112
81 451 866 1 428 908
82 298 996 1 275 1035
83 81 126 1 52 164
84 484 949 1 463 992
85 82 161 1 53 198
86 338 297 1 310 336
87 81 56 1 51 94
88 82 111 1 53 148
89 344 237 1 315 276
90 85 565 1 58 602
91 330 1050 1 307 1089
92 228 1225 1 205 1266
93 273 1006 1 249 1044
94 107 1234 1 84 1274
95 51 1137 1 26 1178
96 413 114 1 385 157
97 570 377 1 545 422
98 87 709 1 61 747
99 52 1115 1 27 1156
100 327 1014 1 304 1054
101 283 223 1 255 264
102 495 416 1 470 459
103 340 309 1 312 347
104 48 1187 1 24 1229
105 356 1170 1 335 1213
106 189 702 1 163 738
107 483 936 1 462 980
108 503 399 1 476 443
109 136 350 1 109 388
110 473 851 1 451 893
111 506 416 1 479 458
112 59 979 1 33 1018
113 260 910 1 235 947
114 431 432 1 405 471
115 603 219 1 576 265
116 271 307 1 242 344
117 107 1062 1 82 1102
118 281 916 1 257 953
119 220 1097 1 195 1136
120 215 641 1 188 677
121 199 1107 1 175 1146
122 255 974 1 232 1012
123 496 426 1 469 469
124 367 85 1 339 131
125 436 403 1 410 445
126 463 425 1 436 467
127 92 638 1 65 676
128 290 1114 1 268 1152
129 310 223 1 283 264
130 589 387 1 563 432
131 509 867 1 487 909
132 363 96 1 336 141
133 378 381 1 352 427
134 390 144 1 363 186
135 35 1229 1 10 1273
136 399 317 1 373 363
137 424 125 1 396 169
138 164 212 1 136 252
139 607 380 1 582 425
140 273 785 1 248 821
141 428 944 1 406 988
142 84 497 1 56 534
143 215 1111 1 191 1150
144 290 1148 1 268 1187
145 664 1082 1 645 1128
146 269 740 1 244 778
147 531 417 1 505 459
148 223 1110 1 201 1149
149 300 1184 1 279 1224
150 170 185 1 142 224
151 492 404 1 465 446
152 338 355 1 312 397
153 271 1151 1 249 1192
154 323 795 1 298 833
155 174 245 1 145 284
156 141 391 1 113 431
157 274 990 1 250 1028
158 50 1155 1 26 1196
159 423 144 1 394 186
160 278 962 1 254 1001
161 324 467 1 296 505
162 451 852 1 428 894
163 473 403 1 446 444
164 440 424 1 413 467
165 267 350 1 238 386
166 216 801 1 191 837
167 597 249 1 570 295
168 267 728 1 241 765
169 260 57 1 230 96
170 339 788 1 315 825
171 324 439 1 296 478
172 323 56 1 295 100
173 246 1145 1 224 1185
174 427 113 1 399 157
175 47 1070 1 22 1109
176 94 733 1 68 771
177 505 428 1 479 470
178 337 24 1 309 67
179 448 303 1 421 350
180 261 939 1 238 977
181 432 86 1 404 131
182 251 122 1 222 159
183 296 64 1 267 109
184 402 98 1 375 142
185 521 948 1 499 991
186 320 366 1 294 408
187 300 223 1 272 264
188 270 1137 1 248 1177
189 212 38 1 182 76
190 59 1222 1 35 1266
191 144 316 1 116 355
192 323 986 1 300 1026
193 199 973 1 176 1013
194 277 1232 1 255 1271
195 323 815 1 297 853
196 283 794 1 257 830
197 112 1211 1 88 1252
198 279 1166 1 256 1206
199 183 81 1 154 121
200 184 881 1 161 921
201 534 429 1 507 470
202 460 415 1 433 457
203 87 211 1 59 248
204 92 618 1 64 655
205 260 985 1 237 1023
206 260 952 1 236 989
207 205 641 1 178 678
208 517 100 1 488 144
209 229 801 1 203 837
210 341 178 1 313 219
211 403 306 1 378 352
212 144 913 1 119 954
213 319 357 1 293 399
214 95 753 1 69 790
215 410 125 1 382 168
216 295 865 1 270 903
217 680 313 1 654 361
218 421 1113 1 400 1156
219 248 1195 1 226 1235
220 628 917 1 607 962
221 204 215 1 176 255
222 400 132 1 372 175
223 309 210 1 281 251
224 548 871 1 526 914
225 346 207 1 317 248
226 196 194 1 168 234
227 266 1216 1 244 1257
228 167 174 1 138 214
229 532 406 1 506 448
230 71 1048 1 46 1089
231 320 998 1 297 1037
232 54 1234 1 31 1278
233 355 168 1 327 211
234 186 135 1 158 176
235 320 215 1 292 255
236 608 1009 1 588 1053
237 176 220 1 148 258
238 84 180 1 55 217
239 565 885 1 543 928
240 303 984 1 280 1023
241 267 1225 1 245 1266
242 682 303 1 656 351
243 402 1175 1 381 1218
244 89 200 1 61 238
245 177 98 1 149 140
246 550 947 1 528 990
247 134 1192 1 111 1234
248 222 43 1 194 82
249 164 281 1 137 320
250 336 227 1 308 265
251 189 977 1 166 1017
252 262 39 1 232 77
253 329 215 1 301 256
254 371 196 1 343 237
255 209 1196 1 186 1237
256 287 897 1 263 935
257 639 322 1 612 368
258 284 58 1 256 102
259 564 865 1 542 908
260 336 1032 1 313 1071
261 512 877 1 490 918
262 386 212 1 357 252
263 317 284 1 288 322
264 210 54 1 182 92
265 276 941 1 252 979
266 162 66 1 133 104
267 282 153 1 254 195
268 271 298 1 241 334
269 278 1117 1 255 1157
270 168 96 1 139 135
271 173 150 1 144 189
272 190 892 1 166 931
273 207 802 1 181 838
274 264 995 1 240 1033
275 202 156 1 174 196
276 460 154 1 432 197
277 242 986 1 218 1023
278 157 1052 1 133 1091
279 89 1083 1 65 1124
280 328 898 1 304 939
281 252 1023 1 228 1061
282 249 1041 1 226 1079
283 200 24 1 171 63
284 208 227 1 180 268
285 93 412 1 63 450
286 184 1195 1 162 1236
287 59 1031 1 35 1071
288 82 35 1 54 76
289 416 179 1 388 221
290 153 155 1 125 194
291 472 379 1 447 425
292 613 347 1 585 392
293 177 197 1 148 236
294 302 379 1 275 420
295 278 973 1 254 1011
296 626 759 1 603 804
297 251 1014 1 227 1053
298 654 761 1 632 806
299 576 368 1 550 412
300 313 270 1 286 308
301 312 175 1 284 216
302 220 920 1 195 958
303 142 943 1 119 985
304 366 153 1 339 196
305 291 906 1 267 945
306 472 424 1 445 467
307 104 1154 1 80 1195
308 179 788 1 153 824
309 630 867 1 608 912
310 438 948 1 417 992
311 291 1186 1 269 1227
312 272 952 1 247 990
313 84 475 1 56 512
314 202 960 1 178 999
315 193 172 1 165 212
316 218 1067 1 194 1106
317 318 65 1 290 110
318 110 1171 1 86 1213
319 250 674 1 224 710
320 175 1199 1 153 1241
321 193 1172 1 171 1213
322 230 914 1 205 952
323 415 306 1 388 351
324 89 906 1 63 944
325 259 179 1 229 221
326 415 155 1 388 198
327 383 74 1 355 119
328 167 101 1 138 139
329 229 821 1 204 859
330 157 52 1 128 90
331 475 841 1 452 882
332 603 411 1 577 455
333 402 1186 1 382 1228
334 259 1085 1 236 1124
335 288 1127 1 266 1166
336 148 280 1 119 318
337 255 961 1 231 999
338 311 839 1 286 876
339 452 81 1 423 126
340 271 46 1 243 91
341 277 707 1 251 744
342 302 131 1 274 173
343 268 1200 1 246 1241
344 287 88 1 259 132
345 279 421 1 252 459
346 300 139 1 272 181
347 278 1127 1 256 1167
348 193 1148 1 170 1187
349 574 719 1 550 762
350 218 194 1 191 233
351 274 1100 1 251 1139
352 274 104 1 246 148
353 223 1175 1 200 1215
354 335 49 1 307 94
355 256 1216 1 234 1256
356 184 798 1 159 837
357 206 147 1 179 187
358 153 165 1 124 205
359 149 1187 1 125 1228
360 338 187 1 310 228
361 461 135 1 433 177
362 253 1207 1 230 1247
363 289 32 1 261 78
364 184 955 1 160 996
365 189 112 1 161 152
366 277 372 1 250 411
367 166 234 1 138 273
368 384 154 1 357 197
369 180 870 1 154 910
370 232 1180 1 210 1221
371 189 809 1 165 849
372 600 710 1 577 754
373 223 122 1 195 160
374 219 953 1 195 991
375 406 75 1 378 120
376 262 1015 1 239 1053
377 377 94 1 348 140
378 247 51 1 218 90
379 187 1085 1 163 1124
380 600 857 1 579 901
381 286 1008 1 262 1047
382 286 645 1 259 681
383 399 196 1 372 238
384 614 813 1 592 857
385 151 181 1 122 220
386 225 862 1 200 900
387 252 996 1 228 1034
388 406 1118 1 385 1160
389 236 996 1 212 1034
390 277 32 1 250 78
391 626 321 1 599 366
392 544 428 1 517 470
393 380 136 1 353 178
394 628 898 1 607 942
395 239 943 1 215 980
396 304 283 1 275 319
397 166 1200 1 143 1242
398 210 842 1 184 879
399 238 772 1 214 809
400 403 1096 1 382 1138
401 224 1083 1 201 1123
402 213 111 1 184 149
403 665 1211 1 647 1258
404 304 266 1 276 302
405 541 374 1 515 419
406 271 321 1 243 357
407 168 82 1 139 120
408 601 719 1 577 762
409 146 1166 1 123 1208
410 252 894 1 227 932
411 262 1098 1 239 1137
412 263 267 1 234 303
413 242 968 1 218 1006
414 194 1096 1 170 1136
415 282 1179 1 260 1220
416 466 380 1 441 425
417 401 142 1 373 185
418 587 761 1 564 804
419 353 250 1 325 289
420 362 143 1 334 186
421 509 840 1 485 884
422 572 393 1 545 437
423 230 1189 1 207 1230
424 283 140 1 255 182
425 260 198 1 231 235
426 278 1208 1 256 1249
427 324 113 1 296 157
428 220 1156 1 197 1196
429 428 383 1 402 428
430 219 1195 1 196 1235
431 286 993 1 261 1032
432 398 1135 1 378 1176
433 130 911 1 105 949
434 546 855 1 524 898
435 167 200 1 139 240
436 253 1071 1 230 1109
437 96 1188 1 73 1230
438 169 1184 1 146 1225
439 157 1042 1 133 1081
440 317 37 1 289 83
441 235 1200 1 212 1241
442 527 74 1 499 119
443 659 986 1 639 1032
444 237 1127 1 214 1166
445 209 179 1 181 219
446 307 78 1 280 122
447 177 136 1 148 176
448 354 233 1 326 273
449 151 132 1 123 172
450 621 708 1 598 752
451 202 261 1 174 301
