0 296 172 1 284 228
1 351 989 1 337 1046
2 379 1157 1 365 1217
3 282 776 1 267 828
4 379 1138 1 365 1199
5 312 306 1 297 360
6 321 395 1 309 450
7 351 969 1 336 1025
8 97 1122 1 79 1176
9 297 182 1 284 239
10 312 140 1 300 198
11 322 841 1 307 894
12 312 318 1 299 372
13 378 1102 1 365 1161
14 94 1084 1 77 1138
15 75 645 1 59 696
16 82 822 1 65 873
17 340 890 1 325 944
18 326 305 1 312 359
19 325 824 1 309 878
20 385 1173 1 372 1233
21 251 863 1 236 916
22 83 709 1 67 760
23 419 401 1 406 459
24 430 834 1 417 892
25 578 224 1 565 286
26 350 1095 1 335 1154
27 389 1137 1 376 1198
28 99 1061 1 81 1115
29 337 801 1 322 854
30 259 325 1 243 376
31 387 1101 1 373 1160
32 309 214 1 296 270
33 340 1021 1 325 1078
34 391 1088 1 378 1147
35 496 261 1 483 320
36 201 644 1 185 695
37 107 1206 1 90 1264
38 86 868 1 68 920
39 370 208 1 357 264
40 362 1103 1 348 1162
41 329 883 1 313 935
42 95 1097 1 78 1151
43 43 1209 1 24 1266
44 73 383 1 60 435
45 510 918 1 497 979
46 51 1187 1 32 1244
47 353 1002 1 338 1058
48 472 851 1 459 911
49 274 1029 1 261 1086
50 71 500 1 57 552
51 90 879 1 73 931
52 500 919 1 487 979
53 453 402 1 440 460
54 73 537 1 57 587
55 41 1085 1 23 1139
56 401 176 1 388 235
57 507 838 1 495 898
58 294 210 1 281 266
59 349 1021 1 334 1077
60 262 1156 1 246 1212
61 77 681 1 60 732
62 500 929 1 488 990
63 275 691 1 260 744
64 496 68 1 483 129
65 589 312 1 578 372
66 306 280 1 292 334
67 508 856 1 496 914
68 307 355 1 293 410
69 472 836 1 459 895
70 497 837 1 484 895
71 430 843 1 417 901
72 272 1202 1 257 1260
73 322 863 1 308 916
74 79 779 1 63 830
75 70 442 1 55 492
76 253 439 1 238 490
77 526 403 1 513 462
78 337 811 1 322 866
79 65 60 1 52 113
80 439 849 1 426 908
81 289 981 1 274 1035
82 65 112 1 51 165
83 473 932 1 461 992
84 195 25 1 181 77
85 66 147 1 52 200
86 323 283 1 309 338
87 63 42 1 51 96
88 65 96 1 52 150
89 328 223 1 314 277
90 73 552 1 57 603
91 321 1033 1 305 1089
92 221 1209 1 205 1266
93 264 990 1 248 1044
94 101 1219 1 83 1275
95 44 1124 1 26 1178
96 396 101 1 383 160
97 553 364 1 542 424
98 76 696 1 60 747
99 45 1101 1 27 1156
100 318 998 1 303 1054
101 267 211 1 254 266
102 480 402 1 468 461
103 325 295 1 311 349
104 42 1173 1 24 1229
105 348 1152 1 334 1212
106 177 688 1 162 739
107 472 919 1 460 979
108 487 386 1 473 445
109 122 337 1 108 389
110 461 835 1 449 893
111 490 403 1 477 461
112 50 966 1 32 1018
113 250 895 1 234 948
114 416 418 1 403 473
115 585 206 1 573 268
116 256 293 1 241 345
117 99 1048 1 82 1102
118 271 901 1 256 954
119 212 1082 1 194 1136
120 203 627 1 187 678
121 192 1092 1 175 1146
122 246 958 1 231 1012
123 480 413 1 467 471
124 350 74 1 338 135
125 420 389 1 408 447
126 448 412 1 434 469
127 80 626 1 64 676
128 282 1098 1 267 1152
129 288 366 1 274 421
130 572 374 1 560 434
131 497 850 1 484 909
132 346 84 1 334 145
133 362 368 1 350 430
134 374 131 1 361 189
135 29 1215 1 10 1273
136 407 112 1 394 172
137 149 199 1 135 254
138 590 367 1 579 428
139 262 770 1 247 821
140 71 484 1 56 535
141 207 1095 1 190 1150
142 282 1131 1 267 1187
143 650 1062 1 642 1127
144 258 725 1 243 779
145 516 403 1 503 462
146 216 1095 1 200 1150
147 293 1167 1 278 1224
148 154 172 1 141 226
149 476 391 1 463 449
150 323 343 1 311 400
151 180 24 1 168 82
152 263 1135 1 248 1192
153 313 780 1 297 833
154 158 232 1 145 286
155 265 975 1 249 1029
156 44 1141 1 25 1196
157 406 131 1 393 189
158 268 947 1 253 1001
159 439 835 1 426 894
160 457 389 1 444 447
161 424 411 1 411 469
162 252 335 1 237 387
163 206 786 1 190 838
164 579 236 1 567 298
165 255 714 1 240 766
166 243 42 1 229 98
167 328 774 1 314 825
168 310 425 1 295 480
169 239 1130 1 223 1185
170 410 100 1 397 161
171 40 1056 1 21 1109
172 83 720 1 67 771
173 489 415 1 476 472
174 432 292 1 419 354
175 251 924 1 237 977
176 414 74 1 402 135
177 235 107 1 221 161
178 279 52 1 266 113
179 385 86 1 373 146
180 509 930 1 497 991
181 284 210 1 271 266
182 262 1120 1 247 1177
183 172 172 1 158 227
184 53 1208 1 35 1265
185 129 303 1 115 356
186 314 970 1 299 1027
187 690 685 1 679 749
188 191 958 1 175 1013
189 270 1215 1 254 1271
190 312 799 1 296 853
191 272 779 1 256 831
192 106 1196 1 87 1252
193 271 1149 1 255 1206
194 166 67 1 153 122
195 305 1248 1 290 1305
196 519 414 1 505 473
197 445 402 1 431 459
198 71 198 1 58 250
199 384 305 1 371 366
200 80 605 1 63 656
201 251 970 1 236 1024
202 416 927 1 404 988
203 251 936 1 235 990
204 193 628 1 177 678
205 499 87 1 486 148
206 218 786 1 202 838
207 134 899 1 118 954
208 305 345 1 292 401
209 84 740 1 68 791
210 393 112 1 381 171
211 285 850 1 269 904
212 661 301 1 650 365
213 411 1095 1 398 1155
214 241 1179 1 225 1236
215 615 899 1 604 962
216 188 202 1 175 257
217 383 120 1 370 178
218 293 197 1 280 253
219 535 855 1 523 914
220 330 194 1 316 250
221 180 182 1 167 236
222 306 43 1 293 104
223 151 161 1 137 216
224 516 392 1 503 450
225 63 1035 1 45 1089
226 311 982 1 296 1037
227 49 1219 1 30 1278
228 339 156 1 326 213
229 172 99 1 160 154
230 170 122 1 157 178
231 595 989 1 585 1052
232 161 206 1 147 260
233 68 166 1 54 219
234 552 868 1 541 928
235 294 968 1 279 1024
236 260 1209 1 244 1266
237 663 291 1 652 355
238 394 1157 1 380 1217
239 74 186 1 60 239
240 161 85 1 149 142
241 538 929 1 526 990
242 128 1177 1 110 1234
243 205 28 1 193 84
244 149 267 1 136 321
245 181 962 1 165 1017
246 313 202 1 300 258
247 354 182 1 342 239
248 202 1180 1 185 1237
249 277 882 1 262 935
250 621 309 1 609 371
251 267 46 1 255 106
252 551 848 1 539 908
253 327 1016 1 312 1071
254 500 861 1 488 918
255 369 199 1 356 255
256 302 270 1 287 324
257 266 927 1 251 980
258 145 51 1 132 105
259 265 140 1 253 198
260 256 283 1 240 335
261 269 1101 1 254 1157
262 193 41 1 181 94
263 156 137 1 143 191
264 181 877 1 165 931
265 197 787 1 180 839
266 255 979 1 239 1033
267 443 141 1 430 200
268 194 106 1 179 159
269 150 1038 1 133 1092
270 82 1069 1 64 1124
271 243 1008 1 227 1062
272 241 1026 1 225 1079
273 192 214 1 180 270
274 79 399 1 62 451
275 178 1179 1 161 1236
276 52 1018 1 34 1071
277 400 166 1 387 223
278 138 141 1 124 196
279 595 334 1 582 395
280 160 184 1 148 238
281 268 958 1 253 1011
282 611 742 1 599 804
283 242 999 1 226 1053
284 639 744 1 628 807
285 559 355 1 547 415
286 296 162 1 282 219
287 210 906 1 194 959
288 133 929 1 118 986
289 349 140 1 338 199
290 282 891 1 266 945
291 457 411 1 443 469
292 97 1139 1 79 1195
293 168 774 1 152 825
294 616 850 1 605 912
295 426 931 1 415 991
296 284 1169 1 268 1226
297 262 937 1 246 990
298 71 462 1 55 513
299 193 945 1 177 999
300 177 159 1 165 214
301 210 1052 1 193 1106
302 301 53 1 289 113
303 238 659 1 223 711
304 170 1183 1 152 1241
305 186 1156 1 170 1213
306 220 899 1 204 953
307 80 893 1 62 945
308 398 142 1 386 201
309 365 62 1 353 123
310 177 867 1 160 922
311 151 87 1 137 140
312 219 807 1 203 859
313 140 37 1 127 91
314 462 824 1 450 882
315 586 397 1 574 457
316 394 1168 1 381 1228
317 251 1069 1 235 1124
318 280 1111 1 265 1166
319 133 267 1 119 320
320 246 946 1 230 999
321 301 824 1 285 876
322 434 69 1 421 130
323 254 34 1 242 95
324 265 693 1 250 745
325 388 295 1 376 356
326 285 118 1 273 176
327 261 1184 1 245 1241
328 335 328 1 323 386
329 270 77 1 258 136
330 265 407 1 251 461
331 284 126 1 271 184
332 185 1132 1 169 1187
333 560 703 1 548 763
334 266 1084 1 250 1139
335 257 92 1 245 151
336 215 1159 1 199 1215
337 318 36 1 306 97
338 250 1199 1 233 1256
339 174 784 1 158 837
340 191 134 1 178 189
341 137 151 1 124 207
342 143 1172 1 124 1228
343 322 174 1 308 231
344 444 122 1 431 180
345 246 1190 1 229 1247
346 263 359 1 249 412
347 151 221 1 138 275
348 368 141 1 355 201
349 225 1163 1 209 1221
350 179 795 1 164 850
351 585 694 1 574 755
352 207 108 1 194 162
353 210 938 1 194 991
354 388 63 1 376 124
355 254 999 1 238 1053
356 360 82 1 347 144
357 230 36 1 217 92
358 179 1070 1 162 1124
359 586 841 1 576 902
360 277 993 1 261 1047
361 274 630 1 258 682
362 383 182 1 371 240
363 600 796 1 589 857
364 134 167 1 121 222
365 215 848 1 199 901
366 243 981 1 227 1034
367 397 1100 1 383 1159
368 227 981 1 211 1034
369 608 308 1 596 370
370 528 413 1 515 472
371 363 123 1 351 181
372 613 880 1 603 941
373 230 928 1 214 980
374 160 1184 1 142 1241
375 199 828 1 183 879
376 227 757 1 213 810
377 394 1079 1 380 1137
378 216 1068 1 200 1123
379 126 313 1 112 365
380 196 96 1 183 150
381 652 1189 1 643 1256
382 289 251 1 275 304
383 524 361 1 512 422
384 257 306 1 242 358
385 151 67 1 138 122
386 586 703 1 574 763
387 139 1151 1 122 1208
388 242 879 1 226 932
389 254 1082 1 238 1137
390 248 253 1 233 305
391 233 953 1 217 1006
392 186 1082 1 169 1136
393 274 1162 1 259 1219
394 450 368 1 438 428
395 384 129 1 371 188
396 573 745 1 562 805
397 338 236 1 324 290
398 345 130 1 332 189
399 496 824 1 483 884
400 555 380 1 543 440
401 222 1173 1 206 1230
402 267 128 1 254 185
403 244 183 1 230 237
404 103 1158 1 85 1213
405 271 1191 1 255 1249
406 307 101 1 294 160
407 212 1139 1 196 1196
408 412 371 1 400 431
409 212 1178 1 195 1235
410 277 977 1 260 1032
411 389 1117 1 376 1176
412 121 897 1 104 950
413 533 838 1 522 898
414 151 188 1 138 242
415 245 1055 1 229 1110
416 90 1173 1 72 1230
417 162 1169 1 145 1225
418 149 1027 1 132 1081
419 299 25 1 287 88
420 228 1183 1 211 1241
421 509 61 1 497 123
422 645 967 1 636 1031
423 229 1111 1 213 1166
424 193 166 1 180 221
425 290 66 1 278 126
426 161 123 1 147 179
427 338 219 1 324 275
428 606 692 1 594 753
429 187 249 1 173 302
