0 297 168 1 283 230
1 354 984 1 336 1046
2 381 1151 1 364 1216
3 283 771 1 267 829
4 381 1133 1 365 1198
5 313 302 1 297 361
6 322 391 1 308 451
7 353 964 1 335 1025
8 99 1117 1 78 1177
9 297 179 1 283 240
10 313 137 1 299 200
11 324 836 1 306 894
12 313 314 1 298 373
13 387 1167 1 371 1233
14 380 1096 1 364 1160
15 97 1080 1 76 1138
16 77 641 1 59 696
17 84 817 1 65 874
18 342 886 1 325 944
19 327 301 1 311 360
20 327 819 1 308 878
21 253 858 1 236 916
22 85 704 1 66 761
23 420 398 1 405 460
24 432 829 1 416 892
25 577 222 1 563 288
26 352 1090 1 335 1154
27 391 1131 1 375 1197
28 102 1056 1 80 1115
29 339 797 1 321 854
30 260 320 1 242 377
31 389 1095 1 372 1160
32 310 210 1 295 271
33 343 1016 1 324 1078
34 393 1083 1 377 1147
35 496 258 1 481 322
36 203 640 1 184 696
37 110 1201 1 89 1264
38 89 864 1 68 921
39 371 204 1 356 265
40 365 1098 1 348 1162
41 331 878 1 313 935
42 98 1092 1 77 1151
43 46 1204 1 24 1266
44 74 380 1 60 435
45 511 913 1 496 979
46 54 1182 1 32 1244
47 356 997 1 337 1058
48 473 847 1 458 911
49 277 1024 1 261 1086
50 73 496 1 56 553
51 93 875 1 73 931
52 501 914 1 486 979
53 454 398 1 439 461
54 74 533 1 57 588
55 44 1081 1 22 1139
56 401 173 1 387 236
57 508 833 1 494 898
58 294 206 1 281 267
59 352 1016 1 334 1077
60 265 1151 1 246 1212
61 79 677 1 60 732
62 501 924 1 487 989
63 277 686 1 259 744
64 496 65 1 482 131
65 589 309 1 576 374
66 307 276 1 291 335
67 509 850 1 495 914
68 307 351 1 292 411
69 473 832 1 458 895
70 498 832 1 483 895
71 432 838 1 416 901
72 275 1196 1 257 1260
73 324 858 1 307 917
74 82 774 1 62 830
75 72 438 1 55 493
76 254 434 1 237 490
77 526 400 1 512 463
78 339 807 1 322 866
79 65 55 1 51 114
80 440 845 1 425 908
81 291 976 1 273 1036
82 66 107 1 51 166
83 474 926 1 459 992
84 67 143 1 52 200
85 324 279 1 308 338
86 64 38 1 50 97
87 66 92 1 51 150
88 329 219 1 313 278
89 75 548 1 57 603
90 324 1028 1 305 1089
91 224 1204 1 204 1266
92 267 985 1 247 1044
93 105 1214 1 82 1275
94 488 384 1 472 447
95 47 1119 1 25 1178
96 396 98 1 382 162
97 553 360 1 540 426
98 78 692 1 60 748
99 48 1096 1 26 1156
100 320 993 1 302 1054
101 268 207 1 253 267
102 480 399 1 467 462
103 326 291 1 310 350
104 46 1168 1 23 1229
105 350 1146 1 333 1212
106 179 684 1 161 739
107 473 913 1 458 979
108 123 333 1 108 390
109 462 830 1 448 893
110 490 399 1 476 462
111 53 962 1 32 1018
112 252 890 1 234 948
113 417 414 1 403 474
114 585 204 1 572 270
115 257 289 1 241 346
116 102 1043 1 81 1103
117 273 896 1 256 954
118 215 1077 1 194 1136
119 205 623 1 186 678
120 194 1086 1 174 1146
121 248 953 1 230 1012
122 481 409 1 466 472
123 350 71 1 337 137
124 421 386 1 407 448
125 448 409 1 433 471
126 82 621 1 64 677
127 284 1092 1 266 1152
128 289 362 1 273 422
129 572 370 1 559 436
130 498 845 1 483 909
131 346 82 1 333 147
132 362 366 1 349 431
133 374 128 1 360 191
134 32 1210 1 9 1273
135 407 109 1 393 174
136 150 195 1 135 255
137 590 364 1 577 429
138 264 765 1 247 821
139 72 480 1 55 536
140 210 1090 1 190 1150
141 285 1126 1 267 1187
142 651 1056 1 640 1126
143 260 721 1 242 779
144 516 399 1 501 463
145 219 1090 1 199 1150
146 296 1162 1 278 1224
147 155 168 1 141 227
148 477 387 1 462 450
149 266 1129 1 247 1191
150 315 775 1 297 834
151 160 229 1 144 287
152 267 970 1 249 1029
153 47 1136 1 25 1196
154 406 127 1 392 191
155 271 942 1 252 1001
156 440 831 1 425 894
157 458 386 1 443 448
158 425 408 1 410 470
159 253 331 1 237 388
160 208 782 1 189 838
161 579 234 1 565 300
162 257 709 1 240 766
163 244 38 1 229 99
164 330 769 1 313 826
165 311 421 1 294 480
166 241 1124 1 222 1185
167 410 97 1 396 162
168 43 1051 1 21 1110
169 85 716 1 67 772
170 490 411 1 475 474
171 211 24 1 192 85
172 431 289 1 418 355
173 254 918 1 236 977
174 414 71 1 401 137
175 235 103 1 220 162
176 279 49 1 266 115
177 385 83 1 372 148
178 510 925 1 496 990
179 285 207 1 270 268
180 265 1115 1 246 1177
181 173 168 1 158 228
182 57 1203 1 34 1265
183 130 299 1 114 357
184 316 966 1 298 1027
185 689 680 1 677 750
186 193 953 1 175 1013
187 273 1210 1 253 1271
188 314 795 1 295 853
189 274 774 1 256 831
190 109 1191 1 87 1252
191 274 1144 1 255 1206
192 166 63 1 153 123
193 308 1242 1 289 1305
194 519 411 1 504 474
195 446 399 1 430 460
196 72 194 1 58 250
197 384 302 1 370 368
198 82 601 1 63 656
199 254 965 1 235 1024
200 417 922 1 403 988
201 253 931 1 235 990
202 195 624 1 177 679
203 499 84 1 485 150
204 325 340 1 310 401
205 220 781 1 202 838
206 306 341 1 291 402
207 86 735 1 67 791
208 393 109 1 380 172
209 287 845 1 269 904
210 660 299 1 648 367
211 413 1089 1 397 1155
212 245 1174 1 225 1236
213 615 894 1 602 961
214 189 198 1 175 257
215 383 116 1 369 179
216 536 850 1 522 914
217 331 190 1 315 252
218 181 178 1 167 237
219 307 40 1 293 105
220 152 157 1 136 218
221 517 388 1 502 451
222 66 1030 1 45 1089
223 313 977 1 296 1037
224 52 1214 1 30 1278
225 339 152 1 325 215
226 172 95 1 159 155
227 171 118 1 157 179
228 596 984 1 584 1052
229 162 203 1 146 261
230 69 162 1 54 219
231 553 863 1 539 928
232 296 963 1 278 1024
233 263 1203 1 243 1266
234 662 289 1 650 357
235 396 1151 1 379 1217
236 75 182 1 60 240
237 161 81 1 148 143
238 539 924 1 525 989
239 130 1171 1 110 1234
240 150 264 1 135 322
241 136 894 1 118 954
242 184 957 1 165 1017
243 314 198 1 299 260
244 355 179 1 341 241
245 205 1175 1 185 1237
246 279 877 1 261 935
247 620 306 1 607 373
248 267 43 1 254 108
249 552 843 1 538 908
250 329 1011 1 311 1071
251 501 855 1 487 919
252 370 195 1 355 256
253 303 266 1 287 325
254 269 922 1 251 980
255 145 47 1 132 106
256 266 137 1 252 199
257 257 279 1 240 336
258 272 1095 1 254 1157
259 193 36 1 180 95
260 157 134 1 143 192
261 183 873 1 164 931
262 199 783 1 180 839
263 257 975 1 239 1034
264 444 138 1 429 202
265 194 101 1 179 160
266 153 1032 1 132 1092
267 85 1064 1 64 1124
268 246 1003 1 227 1062
269 243 1021 1 225 1080
270 80 395 1 61 452
271 181 1174 1 160 1236
272 55 1013 1 33 1071
273 401 162 1 386 225
274 138 138 1 123 197
275 294 194 1 279 254
276 595 330 1 581 396
277 162 180 1 147 239
278 270 952 1 252 1011
279 611 738 1 598 805
280 245 994 1 226 1053
281 639 740 1 626 807
282 559 352 1 546 417
283 296 159 1 282 220
284 231 33 1 216 93
285 136 925 1 118 986
286 350 137 1 337 200
287 284 886 1 265 945
288 457 408 1 442 470
289 101 1134 1 79 1195
290 171 769 1 152 825
291 616 845 1 603 912
292 428 926 1 414 991
293 287 1164 1 268 1226
294 264 932 1 245 990
295 72 458 1 55 514
296 196 940 1 177 999
297 179 156 1 164 215
298 212 1047 1 192 1106
299 301 50 1 288 115
300 240 655 1 222 711
301 172 1178 1 152 1241
302 190 1150 1 170 1213
303 223 894 1 203 953
304 82 888 1 62 945
305 398 138 1 385 202
306 365 59 1 352 125
307 179 862 1 159 922
308 152 83 1 137 141
309 221 803 1 203 859
310 140 33 1 126 92
311 464 819 1 449 883
312 586 394 1 573 459
313 397 1163 1 380 1227
314 253 1064 1 234 1124
315 282 1105 1 264 1166
316 134 264 1 118 321
317 248 941 1 229 999
318 303 818 1 285 877
319 434 66 1 420 132
320 254 32 1 242 97
321 267 688 1 249 745
322 387 293 1 375 357
323 286 115 1 272 178
324 336 325 1 322 387
325 270 74 1 257 137
326 266 403 1 250 461
327 284 123 1 270 185
328 608 636 1 594 701
329 189 1127 1 169 1187
330 560 699 1 546 763
331 268 1079 1 250 1139
332 257 89 1 244 153
333 218 1153 1 198 1215
334 318 34 1 305 99
335 253 1194 1 233 1256
336 176 779 1 157 837
337 191 130 1 177 190
338 300 25 1 287 90
339 145 1166 1 124 1228
340 322 170 1 308 232
341 444 118 1 430 182
342 249 1185 1 229 1247
343 264 355 1 248 413
344 152 217 1 137 276
345 368 138 1 354 202
346 228 1158 1 209 1221
347 182 790 1 164 850
348 585 689 1 572 755
349 208 103 1 193 162
350 212 933 1 194 991
351 388 60 1 375 126
352 257 994 1 238 1053
353 359 80 1 346 145
354 182 1065 1 162 1124
355 587 836 1 574 902
356 280 988 1 261 1047
357 276 625 1 258 682
358 383 179 1 370 242
359 600 792 1 587 857
360 136 164 1 121 222
361 217 843 1 199 901
362 245 976 1 227 1035
363 399 1095 1 382 1159
364 230 977 1 211 1034
365 608 305 1 594 371
366 528 410 1 514 473
367 364 119 1 350 183
368 614 874 1 602 941
369 232 924 1 213 980
370 163 1179 1 141 1241
371 202 823 1 183 880
372 229 753 1 213 810
373 396 1073 1 379 1137
374 219 1063 1 200 1123
375 127 309 1 112 366
376 197 92 1 182 151
377 652 1181 1 642 1255
378 291 246 1 274 304
379 524 358 1 511 423
380 258 302 1 242 359
381 152 63 1 138 122
382 587 698 1 573 763
383 143 1146 1 122 1208
384 245 874 1 226 932
385 257 1077 1 238 1137
386 249 248 1 233 305
387 235 948 1 217 1007
388 189 1077 1 169 1136
389 277 1157 1 258 1219
390 451 365 1 437 430
391 384 126 1 370 189
392 574 740 1 560 805
393 338 232 1 323 291
394 346 127 1 332 191
395 497 819 1 482 884
396 555 376 1 541 441
397 225 1168 1 206 1230
398 267 125 1 253 187
399 244 179 1 229 237
400 106 1153 1 85 1213
401 273 1185 1 254 1249
402 307 99 1 293 161
403 215 1134 1 195 1196
404 412 368 1 399 432
405 215 1173 1 195 1235
406 279 972 1 260 1033
407 392 1112 1 375 1175
408 124 892 1 104 950
409 535 833 1 521 898
410 152 184 1 138 243
411 248 1050 1 229 1110
412 93 1168 1 72 1230
413 165 1164 1 145 1225
414 151 1022 1 132 1082
415 230 1178 1 211 1241
416 509 58 1 495 125
417 645 961 1 634 1031
418 232 1106 1 212 1166
419 194 162 1 180 222
420 291 63 1 278 127
421 162 119 1 147 180
422 339 215 1 324 276
423 606 688 1 593 754
424 188 245 1 173 303
