0 293 1163 1 357 1194
1 218 230 1 276 253
2 199 806 1 261 832
3 293 1182 1 357 1212
4 246 345 1 304 369
5 267 999 1 328 1026
6 242 855 1 302 880
7 234 194 1 292 217
8 256 920 1 318 946
9 303 1162 1 367 1193
10 239 871 1 300 897
11 400 53 1 459 73
12 344 867 1 406 894
13 231 259 1 288 283
14 169 893 1 230 918
15 232 346 1 290 370
16 293 1128 1 356 1157
17 264 1049 1 327 1077
18 481 73 1 540 92
19 290 255 1 348 278
20 485 287 1 547 307
21 192 1056 1 255 1085
22 240 439 1 300 463
23 261 1246 1 325 1277
24 411 140 1 471 161
25 220 220 1 276 244
26 226 320 1 284 344
27 246 358 1 305 382
28 178 1184 1 240 1212
29 254 831 1 315 857
30 265 1121 1 327 1151
31 222 446 1 281 471
32 179 358 1 236 383
33 176 758 1 237 783
34 119 675 1 179 700
35 337 437 1 397 460
36 232 358 1 291 382
37 264 1177 1 326 1208
38 306 1115 1 369 1144
39 24 1238 1 86 1265
40 458 891 1 524 919
41 453 950 1 517 979
42 358 338 1 417 360
43 321 227 1 379 250
44 231 1001 1 292 1027
45 173 471 1 232 496
46 191 723 1 253 748
47 253 842 1 315 869
48 429 34 1 488 53
49 239 891 1 301 919
50 108 1121 1 170 1147
51 497 371 1 560 391
52 137 1241 1 199 1267
53 205 1010 1 267 1036
54 280 1245 1 344 1277
55 342 64 1 400 85
56 120 657 1 181 682
57 407 884 1 472 910
58 384 869 1 447 896
59 155 1160 1 217 1186
60 127 1112 1 189 1138
61 225 336 1 284 360
62 409 316 1 469 337
63 229 368 1 287 392
64 201 1046 1 263 1074
65 415 871 1 481 899
66 228 830 1 289 856
67 419 53 1 479 73
68 370 436 1 432 460
69 412 131 1 471 151
70 167 924 1 228 950
71 264 222 1 322 245
72 397 44 1 455 64
73 497 422 1 560 444
74 400 436 1 460 459
75 244 324 1 301 347
76 266 144 1 323 167
77 461 419 1 525 441
78 495 281 1 557 302
79 259 206 1 317 230
80 279 422 1 340 446
81 179 1151 1 241 1177
82 244 912 1 306 937
83 95 719 1 156 743
84 410 34 1 468 54
85 357 438 1 418 462
86 183 1252 1 245 1281
87 177 328 1 235 353
88 136 816 1 197 841
89 299 136 1 357 158
90 44 371 1 104 398
91 388 438 1 450 462
92 233 248 1 292 273
93 198 1139 1 259 1166
94 233 227 1 290 251
95 341 960 1 404 990
96 199 1160 1 262 1188
97 57 328 1 116 354
98 176 1002 1 238 1029
99 210 1196 1 272 1223
100 290 245 1 347 269
101 201 66 1 259 90
102 246 335 1 304 359
103 189 255 1 247 280
104 266 185 1 323 208
105 328 159 1 387 181
106 189 1230 1 251 1258
107 458 882 1 523 910
108 234 1026 1 296 1054
109 207 408 1 267 432
110 550 1084 1 620 1118
111 329 956 1 393 986
112 294 184 1 351 208
113 321 217 1 378 240
114 72 239 1 130 265
115 236 1062 1 299 1089
116 81 271 1 139 297
117 309 1183 1 371 1213
118 187 1240 1 250 1270
119 133 1125 1 194 1151
120 95 159 1 153 186
121 175 745 1 234 769
122 125 49 1 181 76
123 389 68 1 448 88
124 484 63 1 543 81
125 315 157 1 373 180
126 229 811 1 290 837
127 178 1195 1 241 1223
128 332 136 1 390 158
129 98 908 1 160 933
130 201 110 1 259 135
131 189 930 1 250 956
132 178 1242 1 240 1271
133 335 48 1 392 69
134 487 299 1 549 319
135 243 391 1 303 415
136 206 256 1 264 280
137 173 369 1 231 394
138 140 78 1 196 104
139 77 211 1 136 237
140 91 107 1 148 134
141 162 973 1 224 999
142 187 1221 1 249 1248
143 455 901 1 520 929
144 308 65 1 365 86
145 180 1162 1 242 1191
146 261 262 1 319 285
147 203 1126 1 265 1153
148 159 142 1 215 168
149 499 395 1 562 417
150 246 70 1 303 93
151 313 167 1 370 190
152 498 47 1 558 65
153 325 170 1 383 192
154 52 340 1 110 366
155 244 214 1 302 237
156 54 302 1 114 330
157 192 49 1 250 72
158 517 882 1 586 912
159 277 174 1 334 197
160 110 32 1 167 58
161 525 369 1 589 391
162 592 1104 1 663 1139
163 224 62 1 280 85
164 318 129 1 376 151
165 353 64 1 411 85
166 177 1212 1 239 1241
167 65 174 1 122 201
168 213 243 1 271 267
169 307 125 1 365 147
170 253 1049 1 318 1077
171 326 1235 1 390 1267
172 207 34 1 264 57
173 516 930 1 585 960
174 63 187 1 120 214
175 244 250 1 302 274
176 246 801 1 307 829
177 444 887 1 508 915
178 197 84 1 254 108
179 428 441 1 489 464
180 466 407 1 529 430
181 76 172 1 134 198
182 111 68 1 167 94
183 166 1160 1 227 1187
184 74 259 1 132 285
185 251 239 1 310 263
186 234 48 1 292 71
187 176 1230 1 238 1258
188 500 1016 1 568 1048
189 229 104 1 286 127
190 513 1238 1 582 1274
191 189 105 1 247 129
192 222 89 1 280 112
193 158 1211 1 220 1237
194 207 128 1 264 152
195 483 87 1 543 106
196 107 163 1 165 189
197 364 46 1 422 65
198 362 176 1 420 199
199 208 996 1 272 1024
200 304 176 1 362 199
201 190 1187 1 253 1215
202 75 1217 1 137 1243
203 216 107 1 272 131
204 229 155 1 287 178
205 241 97 1 299 119
206 270 1154 1 334 1184
207 243 1045 1 305 1071
208 353 352 1 414 375
209 305 1193 1 368 1223
210 110 658 1 172 683
211 140 1098 1 201 1124
212 157 1055 1 219 1081
213 177 318 1 234 343
214 585 729 1 653 755
215 206 171 1 263 196
216 189 1200 1 251 1228
217 102 232 1 160 257
218 211 54 1 268 78
219 198 921 1 260 947
220 561 366 1 626 387
221 227 465 1 288 488
222 286 124 1 344 147
223 150 982 1 212 1008
224 361 196 1 419 219
225 83 244 1 141 270
226 60 158 1 117 185
227 123 1127 1 184 1153
228 182 82 1 239 106
229 150 1000 1 211 1026
230 76 131 1 133 159
231 641 50 1 707 62
232 94 1210 1 156 1236
233 199 1198 1 262 1226
234 58 205 1 116 231
235 159 1177 1 219 1204
236 323 185 1 382 208
237 86 804 1 147 828
238 491 267 1 553 287
239 180 1114 1 244 1140
240 115 45 1 172 72
241 458 910 1 523 938
242 179 59 1 236 82
243 112 1169 1 174 1196
244 87 179 1 145 205
245 154 1069 1 215 1095
246 158 1126 1 220 1153
247 126 1081 1 187 1107
248 104 203 1 161 228
249 40 1208 1 102 1235
250 156 691 1 217 715
251 85 1214 1 147 1241
252 104 1186 1 165 1213
253 236 68 1 293 91
254 165 1231 1 228 1257
255 414 150 1 472 171
256 94 897 1 155 924
257 206 1172 1 268 1201
258 116 857 1 177 882
259 592 1115 1 664 1151
260 123 1209 1 185 1236
261 378 45 1 437 65
262 96 87 1 153 113
263 113 241 1 170 266
264 103 1112 1 164 1137
265 552 1205 1 622 1241
266 98 1144 1 160 1171
267 227 166 1 284 190
268 254 230 1 311 253
269 183 1171 1 245 1201
270 347 74 1 405 95
271 76 143 1 133 171
272 169 50 1 226 73
273 119 165 1 176 191
274 513 783 1 580 810
275 151 1190 1 213 1217
276 259 277 1 316 301
277 55 977 1 117 1004
278 480 427 1 543 450
279 494 831 1 560 859
280 244 224 1 302 248
281 91 815 1 153 840
282 303 1202 1 366 1232
283 69 161 1 127 187
284 222 46 1 279 69
285 464 85 1 523 104
286 166 1099 1 229 1125
287 73 227 1 131 253
288 59 1202 1 121 1229
289 138 930 1 198 955
290 488 54 1 548 72
291 290 79 1 348 100
292 69 86 1 124 114
293 182 1098 1 243 1124
294 105 286 1 163 312
295 133 879 1 194 903
296 142 1193 1 204 1220
297 320 54 1 378 75
298 279 143 1 337 166
299 158 952 1 220 979
300 63 1068 1 124 1094
301 162 1084 1 224 1111
302 191 662 1 252 686
303 193 652 1 252 676
304 331 61 1 388 82
305 512 369 1 575 390
306 282 192 1 339 215
307 111 192 1 168 218
308 302 53 1 360 74
309 491 732 1 556 758
310 166 693 1 227 717
311 161 1201 1 223 1228
312 255 33 1 312 55
313 334 74 1 393 95
314 104 79 1 161 107
315 276 232 1 334 255
316 269 1164 1 332 1194
317 48 348 1 107 375
318 274 1054 1 337 1081
319 119 131 1 176 158
320 109 91 1 165 118
321 424 125 1 482 146
322 193 167 1 250 191
323 178 340 1 236 365
324 538 783 1 606 811
325 99 1163 1 161 1190
326 490 742 1 557 768
327 289 142 1 347 165
328 543 995 1 612 1027
329 181 95 1 239 119
330 199 413 1 257 437
331 169 286 1 227 312
332 95 1098 1 158 1125
333 235 1230 1 298 1258
334 159 284 1 216 310
335 545 1097 1 614 1131
336 645 751 1 717 779
337 464 432 1 526 455
338 240 81 1 298 104
339 149 1046 1 211 1071
340 473 913 1 539 942
341 315 85 1 373 106
342 472 785 1 537 812
343 443 872 1 508 899
344 222 143 1 279 167
345 484 691 1 550 717
346 230 130 1 287 154
347 453 869 1 518 897
348 224 309 1 282 333
349 352 131 1 411 152
350 144 1214 1 206 1241
351 202 181 1 259 206
352 146 1141 1 207 1167
353 70 328 1 128 354
354 257 375 1 317 399
355 508 733 1 574 759
356 164 1249 1 226 1277
357 337 100 1 394 122
