0 360 1145 1 352 1191
1 270 229 1 272 263
2 264 796 1 257 834
3 361 1165 1 352 1210
4 332 985 1 324 1026
5 284 195 1 287 227
6 321 908 1 314 947
7 371 1144 1 362 1190
8 360 1112 1 351 1156
9 444 57 1 451 89
10 406 854 1 400 895
11 306 844 1 298 882
12 235 882 1 227 920
13 287 341 1 286 376
14 318 821 1 311 858
15 523 74 1 530 108
16 342 252 1 343 285
17 533 284 1 537 319
18 66 843 1 57 877
19 281 314 1 280 349
20 82 1103 1 69 1141
21 260 1043 1 251 1085
22 301 340 1 300 375
23 330 1227 1 320 1273
24 283 258 1 284 291
25 301 353 1 300 387
26 83 1117 1 69 1154
27 331 1035 1 323 1077
28 304 859 1 296 898
29 333 1105 1 323 1149
30 249 1170 1 237 1212
31 279 442 1 277 477
32 459 139 1 463 173
33 235 352 1 232 387
34 297 437 1 295 470
35 371 224 1 373 258
36 182 667 1 176 702
37 332 1160 1 322 1205
38 373 1099 1 364 1143
39 97 1223 1 83 1265
40 517 876 1 515 919
41 513 934 1 510 978
42 410 334 1 411 369
43 273 189 1 274 222
44 231 464 1 228 499
45 254 714 1 249 750
46 318 831 1 311 870
47 304 880 1 297 920
48 178 1108 1 167 1148
49 545 366 1 549 401
50 209 1226 1 196 1267
51 273 997 1 264 1037
52 349 1227 1 339 1274
53 387 70 1 393 102
54 183 650 1 177 685
55 468 870 1 465 911
56 444 855 1 440 897
57 226 1146 1 214 1186
58 197 1100 1 186 1138
59 281 331 1 279 366
60 459 312 1 461 347
61 66 732 1 58 766
62 284 362 1 283 397
63 269 1033 1 259 1074
64 292 820 1 285 858
65 463 57 1 470 89
66 424 431 1 425 467
67 458 130 1 463 164
68 233 914 1 225 951
69 477 857 1 474 899
70 316 220 1 317 254
71 440 49 1 447 81
72 239 749 1 233 785
73 546 417 1 550 454
74 471 40 1 478 71
75 298 319 1 297 353
76 512 415 1 515 451
77 541 279 1 546 314
78 43 144 1 44 177
79 297 988 1 288 1028
80 310 205 1 312 239
81 333 422 1 334 456
82 40 24 1 43 57
83 159 711 1 153 745
84 453 39 1 460 71
85 412 433 1 412 469
86 254 1236 1 242 1280
87 233 322 1 231 357
88 43 129 1 44 163
89 175 49 1 178 83
90 201 807 1 193 843
91 348 138 1 351 171
92 103 370 1 101 404
93 286 247 1 287 281
94 267 1125 1 255 1166
95 285 226 1 285 260
96 259 1214 1 248 1257
97 268 1145 1 258 1188
98 115 327 1 113 360
99 244 990 1 234 1029
100 280 1180 1 268 1223
101 341 242 1 342 276
102 250 73 1 254 104
103 300 330 1 300 365
104 242 254 1 243 287
105 316 186 1 318 218
106 88 1090 1 76 1128
107 377 159 1 380 192
108 403 946 1 398 989
109 516 867 1 514 910
110 301 1013 1 292 1054
111 607 1064 1 608 1114
112 392 942 1 387 986
113 310 900 1 302 938
114 344 184 1 346 218
115 371 214 1 373 249
116 127 238 1 127 271
117 304 1048 1 295 1089
118 137 270 1 136 303
119 258 1224 1 247 1268
120 239 736 1 231 772
121 42 75 1 44 109
122 433 71 1 439 104
123 526 64 1 533 98
124 364 158 1 367 191
125 294 801 1 287 838
126 249 1180 1 237 1223
127 380 137 1 384 170
128 165 898 1 157 935
129 251 115 1 254 147
130 255 919 1 247 957
131 249 1226 1 237 1270
132 379 55 1 385 86
133 535 295 1 539 330
134 259 255 1 260 288
135 229 363 1 227 398
136 190 76 1 193 110
137 131 211 1 133 244
138 142 107 1 144 140
139 230 962 1 220 1000
140 257 1205 1 245 1248
141 149 25 1 152 59
142 515 886 1 512 929
143 87 1066 1 76 1103
144 85 1157 1 72 1197
145 249 1147 1 238 1190
146 313 258 1 314 293
147 271 1112 1 261 1153
148 210 139 1 211 173
149 549 390 1 552 427
150 294 75 1 297 107
151 362 168 1 365 201
152 540 49 1 548 82
153 374 170 1 377 203
154 109 338 1 107 371
155 77 899 1 68 934
156 375 1165 1 366 1210
157 315 148 1 318 180
158 112 303 1 111 336
159 574 867 1 575 912
160 265 404 1 262 438
161 460 26 1 467 57
162 573 365 1 577 402
163 248 1136 1 238 1177
164 647 1081 1 649 1133
165 272 68 1 276 99
166 203 1113 1 191 1152
167 182 209 1 182 243
168 366 131 1 370 164
169 397 70 1 403 101
170 118 176 1 119 208
171 265 219 1 266 252
172 265 242 1 267 276
173 356 127 1 359 160
174 176 139 1 178 173
175 393 1215 1 385 1264
176 255 42 1 260 72
177 90 1171 1 76 1211
178 574 913 1 574 959
179 116 188 1 117 221
180 296 248 1 297 282
181 94 1213 1 80 1253
182 504 872 1 500 915
183 246 90 1 250 121
184 248 1216 1 235 1257
185 64 1056 1 52 1096
186 516 403 1 519 440
187 129 173 1 131 206
188 235 1146 1 224 1187
189 130 259 1 129 292
190 304 237 1 305 271
191 282 55 1 286 86
192 559 998 1 558 1045
193 277 108 1 281 140
194 574 1214 1 571 1267
195 240 110 1 243 142
196 271 94 1 275 125
197 229 1196 1 216 1237
198 289 352 1 287 387
199 257 132 1 260 164
200 526 88 1 533 121
201 161 162 1 162 196
202 407 52 1 414 83
203 411 174 1 413 209
204 275 984 1 269 1025
205 353 176 1 356 210
206 353 71 1 358 102
207 260 1172 1 249 1214
208 148 1202 1 134 1243
209 265 112 1 268 143
210 280 157 1 282 189
211 276 246 1 277 280
212 290 100 1 294 133
213 338 1137 1 329 1182
214 310 1031 1 301 1072
215 404 352 1 406 386
216 372 1175 1 363 1220
217 209 1085 1 198 1125
218 226 1042 1 216 1082
219 157 208 1 158 241
220 233 312 1 230 347
221 635 716 1 642 759
222 257 173 1 259 206
223 259 1185 1 248 1227
224 156 231 1 157 264
225 259 62 1 264 92
226 264 911 1 256 948
227 606 363 1 613 399
228 334 128 1 338 160
229 218 971 1 208 1009
230 410 194 1 413 229
231 138 243 1 138 276
232 112 159 1 114 192
233 193 1114 1 181 1154
234 232 88 1 235 119
235 218 989 1 208 1027
236 129 130 1 130 164
237 676 56 1 689 87
238 166 1195 1 153 1236
239 269 1183 1 258 1226
240 112 205 1 113 238
241 130 298 1 130 331
242 229 1163 1 216 1204
243 373 184 1 376 218
244 354 351 1 356 386
245 151 795 1 144 830
246 538 265 1 543 299
247 165 45 1 168 79
248 159 33 1 162 68
249 517 895 1 514 938
250 481 37 1 488 69
251 537 350 1 540 385
252 228 67 1 232 97
253 173 1237 1 160 1280
254 183 1154 1 171 1196
255 297 213 1 298 247
256 222 1057 1 212 1096
257 228 1114 1 217 1154
258 42 55 1 44 88
259 195 1069 1 184 1108
260 112 1194 1 99 1235
261 219 682 1 213 718
262 157 1199 1 144 1241
263 175 1172 1 162 1213
264 284 73 1 288 105
265 237 1216 1 224 1258
266 460 149 1 464 183
267 162 888 1 152 925
268 275 1157 1 265 1200
269 182 847 1 174 884
270 127 119 1 129 153
271 648 1092 1 650 1145
272 50 1057 1 38 1093
273 149 159 1 149 192
274 308 790 1 303 831
275 297 389 1 298 423
276 194 1195 1 181 1236
277 422 50 1 429 82
278 167 240 1 167 273
279 173 1099 1 161 1138
280 611 1181 1 610 1234
281 169 1130 1 157 1171
282 306 228 1 306 262
283 252 1155 1 241 1199
284 392 79 1 398 111
285 128 142 1 130 176
286 219 57 1 222 89
287 172 163 1 173 197
288 209 1202 1 196 1243
289 569 770 1 569 813
290 222 1175 1 210 1217
291 312 272 1 312 307
292 125 967 1 114 1005
293 551 817 1 550 860
294 157 806 1 150 842
295 370 1184 1 361 1230
296 270 53 1 274 84
297 556 30 1 565 63
298 507 86 1 514 119
299 246 58 1 249 88
300 128 227 1 128 260
301 131 1187 1 118 1229
302 204 919 1 195 956
303 206 72 1 209 107
304 531 55 1 538 88
305 337 85 1 342 116
306 119 85 1 121 119
307 251 1085 1 240 1124
308 161 286 1 160 319
309 199 869 1 190 905
310 221 216 1 220 251
311 213 1179 1 200 1220
312 365 62 1 371 92
313 350 81 1 356 112
314 328 146 1 331 179
315 225 941 1 216 979
316 133 1057 1 121 1095
317 231 1072 1 220 1112
318 253 653 1 248 689
319 255 643 1 249 678
320 376 67 1 381 98
321 560 365 1 565 401
322 332 192 1 333 226
323 348 60 1 353 91
324 546 720 1 546 761
325 229 684 1 223 720
326 233 1187 1 220 1228
327 302 40 1 307 71
328 380 80 1 385 111
329 155 79 1 158 113
330 337 1146 1 328 1192
331 106 347 1 104 380
332 341 1040 1 333 1081
333 171 129 1 172 163
334 159 91 1 162 124
335 470 125 1 474 159
336 244 169 1 246 201
337 592 770 1 594 813
338 170 1149 1 158 1189
339 135 184 1 136 217
340 546 730 1 547 771
341 338 145 1 341 178
342 600 977 1 600 1025
343 232 101 1 235 132
344 255 409 1 253 443
345 347 150 1 352 182
346 224 281 1 223 316
347 295 223 1 296 256
348 165 1085 1 155 1125
349 305 1214 1 294 1257
350 213 279 1 212 314
351 255 1099 1 245 1139
352 603 1076 1 602 1126
353 193 367 1 190 401
354 278 216 1 280 249
355 289 86 1 293 117
356 218 1034 1 208 1072
357 154 174 1 154 207
358 333 219 1 335 254
359 491 27 1 498 58
360 381 343 1 385 377
361 533 898 1 530 942
362 128 247 1 128 280
363 361 90 1 366 121
364 529 772 1 528 814
365 502 858 1 500 900
366 272 145 1 275 178
367 539 680 1 540 720
368 279 133 1 282 165
369 512 855 1 510 898
370 278 304 1 278 339
371 400 132 1 404 165
372 277 341 1 276 375
373 253 182 1 255 215
374 216 1128 1 204 1168
375 126 326 1 125 359
376 563 721 1 564 762
377 235 1234 1 223 1277
378 383 104 1 388 136
