0 355 1150 1 351 1191
1 264 236 1 271 264
2 260 802 1 257 834
3 355 1170 1 351 1210
4 327 991 1 323 1026
5 279 202 1 286 229
6 316 913 1 313 947
7 365 1149 1 361 1190
8 354 1117 1 351 1155
9 438 66 1 449 92
10 400 860 1 399 895
11 279 264 1 283 292
12 300 849 1 297 882
13 230 888 1 226 920
14 282 347 1 285 377
15 312 826 1 310 859
16 517 82 1 529 110
17 337 258 1 342 287
18 526 291 1 536 321
19 61 848 1 57 878
20 276 321 1 280 350
21 76 1109 1 68 1141
22 255 1048 1 251 1085
23 64 894 1 59 923
24 296 346 1 299 376
25 325 1231 1 320 1273
26 296 359 1 300 388
27 77 1122 1 69 1154
28 325 1040 1 322 1077
29 299 864 1 295 898
30 328 1110 1 322 1149
31 243 1175 1 236 1212
32 273 448 1 276 477
33 453 147 1 462 175
34 230 358 1 232 388
35 291 443 1 295 471
36 365 231 1 372 260
37 176 673 1 175 703
38 326 1165 1 321 1205
39 367 1103 1 364 1142
40 92 1229 1 83 1265
41 268 1002 1 263 1037
42 511 881 1 514 920
43 507 939 1 508 978
44 404 340 1 410 370
45 267 195 1 273 223
46 226 470 1 227 499
47 249 720 1 249 751
48 312 836 1 310 870
49 173 1114 1 166 1148
50 539 373 1 548 402
51 204 1231 1 195 1267
52 344 1232 1 339 1273
53 381 79 1 392 104
54 178 655 1 177 685
55 461 875 1 464 911
56 438 861 1 439 897
57 220 1151 1 213 1186
58 192 1105 1 185 1139
59 275 337 1 279 366
60 453 319 1 460 348
61 61 738 1 58 767
62 279 368 1 283 398
63 263 1038 1 259 1074
64 287 825 1 285 858
65 457 65 1 468 92
66 452 137 1 462 166
67 228 919 1 224 952
68 471 862 1 473 900
69 310 227 1 316 255
70 434 57 1 445 83
71 234 754 1 233 785
72 299 886 1 296 920
73 464 49 1 477 74
74 293 325 1 297 354
75 505 422 1 514 452
76 535 286 1 545 315
77 38 150 1 44 178
78 291 993 1 288 1028
79 305 212 1 311 240
80 327 428 1 333 457
81 35 30 1 42 58
82 154 716 1 153 746
83 446 48 1 458 74
84 249 1241 1 241 1279
85 228 328 1 230 357
86 39 135 1 44 163
87 170 55 1 177 84
88 196 813 1 193 843
89 342 146 1 350 173
90 98 376 1 100 404
91 280 253 1 287 282
92 261 1130 1 255 1166
93 280 233 1 284 261
94 168 24 1 174 52
95 254 1219 1 247 1257
96 263 1151 1 258 1188
97 110 333 1 113 360
98 239 995 1 234 1029
99 275 1186 1 268 1223
100 336 248 1 341 278
101 245 81 1 253 106
102 295 336 1 299 365
103 237 260 1 242 288
104 311 193 1 317 220
105 83 1095 1 75 1128
106 372 167 1 379 194
107 397 951 1 397 989
108 510 872 1 513 910
109 295 1018 1 292 1054
110 540 423 1 549 455
111 601 1068 1 606 1113
112 386 947 1 386 985
113 305 905 1 302 938
114 338 191 1 345 220
115 365 221 1 372 250
116 122 244 1 126 271
117 299 1053 1 294 1089
118 132 276 1 136 304
119 562 26 1 576 50
120 253 1230 1 246 1268
121 233 741 1 230 772
122 37 81 1 43 109
123 427 80 1 438 106
124 520 72 1 532 100
125 358 165 1 366 193
126 288 806 1 286 839
127 244 1185 1 237 1223
128 374 145 1 383 172
129 160 903 1 156 935
130 245 122 1 254 149
131 250 924 1 246 957
132 244 1232 1 236 1269
133 373 63 1 384 89
134 529 303 1 537 332
135 254 261 1 259 289
136 224 369 1 226 398
137 185 83 1 192 111
138 127 218 1 132 245
139 138 114 1 144 141
140 225 967 1 220 1000
141 252 1210 1 245 1247
142 144 31 1 151 60
143 509 891 1 511 929
144 82 1071 1 75 1104
145 80 1163 1 71 1197
146 244 1152 1 238 1190
147 308 265 1 314 294
148 266 1117 1 260 1153
149 205 145 1 211 174
150 542 397 1 551 428
151 288 83 1 297 109
152 356 174 1 364 202
153 534 58 1 546 85
154 368 177 1 376 204
155 104 344 1 107 372
156 72 904 1 67 934
157 370 1170 1 366 1210
158 309 155 1 317 181
159 108 309 1 110 337
160 568 872 1 573 912
161 260 410 1 262 439
162 453 34 1 466 59
163 566 373 1 576 403
164 243 1141 1 237 1177
165 640 1085 1 647 1132
166 266 76 1 275 101
167 197 1119 1 190 1152
168 177 215 1 182 244
169 360 139 1 369 166
170 391 78 1 402 104
171 113 182 1 119 209
172 260 226 1 266 253
173 260 249 1 266 277
174 350 135 1 358 162
175 171 145 1 178 174
176 388 1220 1 384 1263
177 250 50 1 259 75
178 85 1177 1 76 1211
179 567 918 1 572 959
180 112 194 1 117 222
181 291 254 1 296 283
182 89 1218 1 80 1253
183 497 878 1 499 915
184 241 98 1 249 123
185 243 1221 1 235 1257
186 59 1062 1 52 1096
187 509 411 1 518 441
188 125 179 1 130 207
189 230 1152 1 223 1188
190 125 265 1 129 292
191 299 244 1 305 272
192 276 63 1 286 88
193 553 1003 1 556 1045
194 272 115 1 280 142
195 567 1218 1 570 1266
196 235 118 1 242 143
197 266 101 1 274 127
198 223 1201 1 216 1237
199 283 357 1 286 388
200 252 140 1 259 165
201 520 96 1 532 124
202 256 1114 1 249 1148
203 156 169 1 161 197
204 401 60 1 413 86
205 405 181 1 412 211
206 269 989 1 268 1025
207 348 183 1 355 211
208 347 79 1 357 105
209 255 1177 1 249 1214
210 143 1207 1 134 1243
211 260 119 1 267 145
212 275 163 1 282 191
213 271 252 1 276 281
214 284 108 1 293 135
215 333 1142 1 329 1182
216 306 1036 1 301 1072
217 398 359 1 405 388
218 367 1180 1 362 1220
219 204 1091 1 198 1125
220 220 1048 1 216 1082
221 152 214 1 157 242
222 228 318 1 230 347
223 628 722 1 640 759
224 252 180 1 258 207
225 254 1190 1 247 1227
226 151 237 1 156 265
227 254 70 1 263 94
228 259 916 1 256 949
229 599 370 1 611 401
230 329 135 1 338 162
231 213 976 1 208 1009
232 404 201 1 412 230
233 133 249 1 138 277
234 108 165 1 113 193
235 187 1119 1 180 1154
236 226 96 1 234 121
237 213 994 1 207 1027
238 123 136 1 129 165
239 667 66 1 686 90
240 161 1201 1 152 1236
241 264 1188 1 257 1226
242 107 211 1 112 239
243 125 305 1 129 332
244 224 1169 1 216 1204
245 367 192 1 375 220
246 348 358 1 355 387
247 146 801 1 143 831
248 531 272 1 541 301
249 161 51 1 168 80
250 154 40 1 161 69
251 511 900 1 513 938
252 475 46 1 487 71
253 530 357 1 539 386
254 223 74 1 231 99
255 168 1243 1 160 1280
256 178 1159 1 170 1196
257 292 219 1 297 248
258 217 1062 1 211 1096
259 223 1119 1 217 1154
260 37 61 1 44 89
261 190 1075 1 184 1108
262 107 1199 1 99 1235
263 214 688 1 213 718
264 152 1205 1 144 1241
265 171 1177 1 162 1213
266 278 81 1 288 107
267 231 1221 1 224 1258
268 454 157 1 463 185
269 156 893 1 152 925
270 270 1163 1 264 1200
271 177 853 1 174 884
272 122 125 1 128 154
273 641 1097 1 648 1144
274 45 1062 1 37 1094
275 144 165 1 149 193
276 303 796 1 302 831
277 291 395 1 297 424
278 189 1200 1 181 1236
279 416 59 1 428 84
280 162 246 1 166 274
281 168 1105 1 161 1138
282 605 1185 1 609 1233
283 158 30 1 165 59
284 163 1135 1 157 1171
285 300 235 1 306 263
286 247 1160 1 241 1198
287 386 87 1 396 113
288 124 148 1 129 177
289 168 170 1 172 198
290 204 1207 1 196 1243
291 562 776 1 568 813
292 216 1181 1 209 1217
293 306 279 1 311 308
294 120 972 1 114 1005
295 544 823 1 549 860
296 152 811 1 149 843
297 365 1189 1 361 1230
298 264 61 1 274 86
299 549 39 1 564 65
300 501 94 1 512 122
301 240 65 1 249 91
302 123 233 1 127 261
303 126 1193 1 118 1229
304 199 925 1 194 957
305 201 78 1 208 108
306 524 63 1 536 91
307 331 93 1 341 118
308 114 91 1 120 120
309 245 1090 1 239 1125
310 155 292 1 159 320
311 194 874 1 190 905
312 216 222 1 220 252
313 208 1185 1 200 1220
314 359 70 1 370 95
315 345 89 1 355 114
316 322 154 1 330 181
317 220 946 1 216 979
318 127 1062 1 120 1095
319 226 1077 1 220 1112
320 248 659 1 248 689
321 250 648 1 248 679
322 155 75 1 162 104
323 370 76 1 380 101
324 553 372 1 563 402
325 327 199 1 333 227
326 342 69 1 352 94
327 138 239 1 142 267
328 540 725 1 545 761
329 224 689 1 222 720
330 227 1192 1 220 1228
331 374 88 1 384 113
332 150 86 1 157 114
333 331 1152 1 327 1191
334 101 353 1 104 381
335 336 1045 1 332 1081
336 166 136 1 172 164
337 154 97 1 161 125
338 464 132 1 473 161
339 239 176 1 245 202
340 585 775 1 592 813
341 165 1154 1 158 1189
342 130 190 1 135 218
343 540 735 1 545 772
344 332 153 1 341 180
345 593 981 1 598 1024
346 226 109 1 234 134
347 342 158 1 351 184
348 219 287 1 222 317
349 289 229 1 295 258
350 160 1091 1 154 1125
351 139 1051 1 132 1084
352 300 1219 1 293 1257
353 208 285 1 211 315
354 250 1104 1 244 1139
355 596 1081 1 601 1125
356 188 373 1 190 402
357 321 183 1 328 211
358 273 222 1 279 250
359 283 94 1 292 119
360 213 1039 1 207 1072
361 149 180 1 154 208
362 328 226 1 334 255
363 484 35 1 497 61
364 234 75 1 242 99
365 526 903 1 529 942
366 123 253 1 128 281
367 356 97 1 365 123
368 522 778 1 526 815
369 496 863 1 499 900
370 267 152 1 274 179
371 533 686 1 539 721
372 274 140 1 282 167
373 506 860 1 509 898
374 274 311 1 277 340
375 394 139 1 403 167
376 272 347 1 275 376
377 248 189 1 255 217
378 211 1133 1 204 1168
379 121 332 1 125 360
380 556 727 1 562 763
381 230 1239 1 222 1276
382 377 112 1 387 138
