0 359 1175 1 347 1189
1 263 829 1 254 835
2 359 1195 1 348 1208
3 331 1017 1 320 1026
4 264 298 1 266 298
5 278 238 1 283 236
6 319 940 1 310 947
7 369 1174 1 357 1188
8 359 1142 1 347 1154
9 431 107 1 444 103
10 301 892 1 293 899
11 234 915 1 224 921
12 264 273 1 268 271
13 67 891 1 56 894
14 520 327 1 529 329
15 65 877 1 55 879
16 81 1137 1 66 1142
17 259 1075 1 248 1085
18 315 854 1 307 860
19 68 922 1 56 925
20 282 378 1 282 381
21 85 1175 1 69 1179
22 509 123 1 522 121
23 348 48 1 361 40
24 335 290 1 339 292
25 302 877 1 294 883
26 295 377 1 296 380
27 296 390 1 297 392
28 82 1151 1 67 1155
29 329 1067 1 319 1076
30 331 1136 1 319 1148
31 248 1203 1 234 1211
32 273 479 1 273 482
33 447 184 1 456 184
34 231 388 1 229 391
35 298 398 1 299 402
36 363 264 1 368 266
37 179 701 1 173 705
38 400 885 1 395 896
39 463 900 1 458 912
40 400 226 1 407 227
41 372 1129 1 360 1141
42 272 1029 1 261 1037
43 511 907 1 508 920
44 506 964 1 503 978
45 401 373 1 405 376
46 266 231 1 270 230
47 291 473 1 291 476
48 227 499 1 225 502
49 252 747 1 246 753
50 275 352 1 277 354
51 179 1142 1 164 1148
52 533 407 1 541 410
53 376 121 1 387 116
54 275 297 1 280 298
55 181 684 1 175 687
56 439 887 1 435 898
57 226 1179 1 211 1186
58 197 1133 1 183 1139
59 449 353 1 455 355
60 64 766 1 56 768
61 279 399 1 280 402
62 268 1065 1 256 1074
63 290 853 1 282 859
64 280 228 1 284 227
65 315 865 1 307 872
66 447 175 1 456 175
67 470 888 1 467 900
68 308 262 1 313 262
69 331 1191 1 318 1204
70 428 99 1 440 94
71 237 782 1 230 787
72 302 913 1 293 921
73 457 91 1 470 86
74 292 355 1 293 358
75 325 46 1 337 37
76 528 322 1 538 324
77 39 183 1 42 182
78 296 1020 1 285 1028
79 303 246 1 308 247
80 325 463 1 329 464
81 36 65 1 40 62
82 157 744 1 150 747
83 439 91 1 452 86
84 191 324 1 191 324
85 450 106 1 462 103
86 228 357 1 228 360
87 39 168 1 42 167
88 169 90 1 175 89
89 200 840 1 190 844
90 100 408 1 98 408
91 281 440 1 282 442
92 166 48 1 172 47
93 166 58 1 172 58
94 260 1247 1 245 1257
95 268 1178 1 255 1187
96 111 365 1 111 364
97 243 1022 1 231 1030
98 280 1213 1 265 1222
99 233 947 1 222 953
100 243 121 1 250 116
101 294 367 1 296 369
102 237 294 1 240 294
103 88 1124 1 73 1129
104 368 203 1 375 202
105 399 977 1 393 989
106 510 898 1 507 910
107 300 1045 1 289 1054
108 388 973 1 382 985
109 309 932 1 299 939
110 335 227 1 341 227
111 363 255 1 368 256
112 123 278 1 124 276
113 303 1080 1 291 1089
114 551 68 1 568 64
115 338 185 1 346 183
116 259 443 1 259 444
117 237 770 1 228 774
118 38 115 1 41 113
119 421 121 1 432 117
120 512 113 1 525 111
121 354 202 1 362 201
122 292 833 1 283 840
123 370 182 1 378 181
124 164 931 1 154 936
125 243 160 1 251 158
126 255 951 1 244 958
127 365 213 1 372 212
128 276 421 1 276 421
129 368 107 1 379 100
130 522 338 1 531 340
131 598 1090 1 597 1110
132 253 295 1 256 295
133 225 399 1 224 401
134 249 1213 1 234 1222
135 184 116 1 190 116
136 308 228 1 314 227
137 127 250 1 130 249
138 138 147 1 141 146
139 229 995 1 217 1001
140 144 67 1 149 65
141 508 917 1 505 930
142 87 1100 1 73 1105
143 307 298 1 310 299
144 272 1144 1 258 1153
145 280 287 1 284 287
146 205 176 1 208 178
147 536 431 1 544 435
148 353 210 1 360 210
149 524 99 1 539 97
150 105 376 1 105 376
151 286 123 1 293 118
152 77 933 1 65 936
153 374 1195 1 362 1208
154 307 193 1 313 190
155 109 341 1 108 341
156 86 1193 1 69 1198
157 565 898 1 566 912
158 100 46 1 106 43
159 446 77 1 459 72
160 559 407 1 568 411
161 249 1169 1 235 1177
162 636 1106 1 637 1128
163 264 116 1 272 111
164 202 1146 1 188 1153
165 176 248 1 179 248
166 386 119 1 397 115
167 114 216 1 117 214
168 171 178 1 175 178
169 392 1245 1 380 1261
170 248 92 1 256 86
171 90 1205 1 74 1211
172 565 943 1 565 958
173 112 228 1 115 227
174 290 288 1 293 289
175 95 1248 1 78 1254
176 497 903 1 494 916
177 239 138 1 246 133
178 248 1249 1 232 1257
179 64 1090 1 50 1096
180 504 444 1 511 447
181 125 213 1 128 212
182 236 1180 1 221 1188
183 298 277 1 301 278
184 274 104 1 282 99
185 247 1235 1 231 1244
186 552 1027 1 549 1043
187 290 75 1 300 69
188 252 1184 1 238 1197
189 568 1239 1 563 1261
190 301 50 1 311 41
191 233 157 1 239 152
192 264 141 1 271 136
193 230 1230 1 214 1237
194 283 389 1 283 392
195 250 177 1 256 173
196 512 136 1 525 134
197 260 1140 1 247 1149
198 215 43 1 224 35
199 396 102 1 407 98
200 401 217 1 408 218
201 274 1016 1 265 1025
202 345 219 1 351 218
203 343 120 1 353 116
204 277 268 1 281 268
205 148 1236 1 132 1243
206 258 157 1 264 153
207 240 49 1 249 42
208 337 1167 1 325 1180
209 291 428 1 294 429
210 309 1063 1 298 1072
211 394 395 1 400 395
212 371 1206 1 359 1219
213 209 1119 1 195 1126
214 225 1076 1 213 1082
215 152 247 1 155 246
216 228 348 1 227 350
217 622 750 1 629 762
218 250 216 1 255 214
219 259 1217 1 245 1227
220 554 60 1 571 55
221 252 111 1 260 105
222 263 943 1 253 950
223 590 405 1 602 409
224 326 173 1 334 171
225 217 1004 1 206 1010
226 401 236 1 407 237
227 134 282 1 135 281
228 109 199 1 111 197
229 193 1148 1 178 1154
230 225 136 1 231 131
231 217 1021 1 205 1028
232 124 168 1 127 168
233 652 113 1 674 107
234 166 1229 1 150 1236
235 269 1216 1 255 1225
236 108 245 1 110 243
237 127 337 1 127 336
238 229 1196 1 213 1205
239 364 227 1 371 227
240 341 131 1 350 125
241 150 829 1 141 832
242 524 308 1 534 310
243 153 74 1 159 74
244 511 926 1 508 939
245 467 88 1 480 84
246 221 116 1 228 109
247 182 1188 1 168 1195
248 222 1090 1 209 1097
249 380 172 1 389 171
250 38 95 1 42 93
251 195 1102 1 182 1109
252 229 43 1 237 35
253 113 1228 1 97 1235
254 273 201 1 278 199
255 217 716 1 210 720
256 158 1234 1 142 1241
257 176 1205 1 160 1213
258 276 121 1 284 117
259 237 1249 1 221 1258
260 449 194 1 458 194
261 160 920 1 150 926
262 275 1190 1 261 1199
263 181 880 1 171 886
264 123 157 1 126 157
265 637 1118 1 638 1140
266 50 1091 1 36 1094
267 363 47 1 376 38
268 306 822 1 299 832
269 195 1229 1 179 1236
270 410 101 1 422 96
271 162 278 1 164 278
272 173 1132 1 159 1139
273 604 1206 1 600 1228
274 157 65 1 162 64
275 76 954 1 64 956
276 298 270 1 302 270
277 381 128 1 391 124
278 124 181 1 127 180
279 209 1236 1 193 1243
280 558 802 1 560 814
281 223 1209 1 207 1217
282 306 310 1 308 313
283 124 1000 1 112 1005
284 292 87 1 301 82
285 542 848 1 542 861
286 155 840 1 147 844
287 369 1215 1 357 1228
288 540 82 1 556 78
289 493 134 1 506 132
290 238 107 1 246 101
291 124 266 1 125 265
292 204 953 1 192 958
293 201 111 1 205 112
294 234 66 1 244 58
295 516 104 1 529 102
296 327 135 1 337 129
297 113 124 1 118 124
298 250 1117 1 237 1125
299 198 902 1 188 906
300 214 254 1 217 256
301 214 1213 1 198 1220
302 354 112 1 365 107
303 319 192 1 326 189
304 224 973 1 214 980
305 133 1091 1 118 1095
306 231 1105 1 217 1112
307 250 687 1 245 691
308 252 676 1 245 681
309 155 109 1 160 108
310 282 149 1 289 146
311 364 118 1 375 112
312 547 406 1 556 410
313 323 235 1 329 234
314 138 271 1 140 271
315 537 753 1 538 764
316 226 717 1 220 722
317 233 1219 1 217 1228
318 369 129 1 379 125
319 150 119 1 155 119
320 211 1224 1 195 1231
321 336 1177 1 324 1190
322 103 385 1 102 385
323 340 1071 1 329 1081
324 166 168 1 169 168
325 154 131 1 159 130
326 354 175 1 362 173
327 458 170 1 467 170
328 237 211 1 242 210
329 581 802 1 584 815
330 171 1182 1 156 1189
331 130 224 1 133 223
332 536 763 1 538 774
333 590 1005 1 590 1023
334 224 148 1 231 143
335 339 195 1 347 193
336 219 318 1 220 320
337 287 264 1 292 264
338 143 1078 1 130 1085
339 305 1246 1 291 1257
340 208 315 1 209 318
341 255 1131 1 242 1139
342 594 1102 1 592 1122
343 189 405 1 187 406
344 318 218 1 324 218
345 280 133 1 288 128
346 218 1066 1 205 1073
347 148 215 1 152 214
348 326 261 1 331 261
349 475 78 1 490 74
350 232 115 1 239 109
351 525 928 1 523 942
352 124 285 1 125 285
353 351 138 1 361 134
354 521 805 1 520 816
355 496 889 1 493 900
356 265 189 1 271 187
357 531 714 1 532 724
358 272 177 1 278 175
359 506 886 1 503 899
360 273 343 1 274 344
361 212 61 1 221 52
362 247 225 1 252 223
363 216 1162 1 201 1169
364 123 364 1 122 364
365 552 754 1 555 765
366 205 43 1 214 34
367 372 151 1 382 148
368 272 152 1 278 148
