0 332 1158 1 346 1188
1 239 257 1 267 273
2 236 814 1 253 836
3 333 1177 1 346 1208
4 252 224 1 282 239
5 238 283 1 265 300
6 275 878 1 291 900
7 305 1000 1 319 1026
8 342 1156 1 356 1187
9 332 1125 1 346 1154
10 406 96 1 441 108
11 293 924 1 309 948
12 207 899 1 223 922
13 40 876 1 55 894
14 493 315 1 526 332
15 39 862 1 54 880
16 55 1122 1 66 1142
17 233 1059 1 247 1085
18 288 839 1 306 860
19 41 907 1 56 925
20 256 364 1 281 382
21 247 466 1 272 483
22 58 1158 1 68 1179
23 483 112 1 519 125
24 323 38 1 359 45
25 309 276 1 337 294
26 270 363 1 295 381
27 59 1098 1 70 1118
28 270 375 1 295 394
29 56 1135 1 66 1155
30 303 1050 1 318 1076
31 275 861 1 293 884
32 306 1120 1 318 1148
33 222 1186 1 233 1211
34 205 373 1 228 392
35 273 384 1 297 403
36 270 353 1 295 371
37 338 251 1 367 268
38 153 686 1 172 705
39 372 869 1 393 896
40 435 885 1 456 912
41 374 214 1 405 230
42 345 1112 1 359 1141
43 247 1013 1 259 1037
44 482 891 1 506 920
45 375 360 1 404 378
46 240 217 1 269 232
47 264 460 1 290 478
48 225 733 1 245 753
49 61 1087 1 72 1105
50 250 337 1 275 356
51 153 1126 1 163 1149
52 505 395 1 538 412
53 208 753 1 227 774
54 350 110 1 385 120
55 249 283 1 279 300
56 154 669 1 174 688
57 411 871 1 433 898
58 200 1162 1 210 1187
59 170 1117 1 182 1139
60 217 1006 1 230 1030
61 38 751 1 55 769
62 254 384 1 279 403
63 242 1049 1 255 1074
64 240 247 1 267 261
65 423 340 1 453 358
66 255 214 1 283 230
67 288 850 1 306 872
68 421 163 1 454 178
69 276 900 1 292 921
70 443 872 1 465 900
71 283 248 1 311 264
72 304 1173 1 317 1203
73 38 1075 1 49 1096
74 211 767 1 229 788
75 269 1004 1 284 1028
76 431 80 1 468 91
77 267 341 1 292 359
78 299 35 1 335 42
79 501 310 1 535 327
80 278 233 1 306 249
81 299 451 1 327 466
82 131 729 1 149 748
83 413 80 1 450 91
84 165 309 1 190 326
85 424 95 1 460 108
86 202 342 1 227 362
87 144 74 1 174 91
88 173 825 1 189 845
89 74 393 1 98 409
90 255 426 1 281 443
91 402 85 1 437 98
92 141 32 1 171 49
93 244 1161 1 254 1187
94 218 109 1 249 120
95 233 1230 1 244 1256
96 85 350 1 110 366
97 481 950 1 501 978
98 253 1196 1 264 1222
99 206 931 1 221 953
100 249 1002 1 264 1025
101 24 1075 1 35 1095
102 211 280 1 239 296
103 62 1108 1 72 1129
104 342 190 1 373 205
105 372 960 1 391 989
106 481 882 1 505 911
107 273 1028 1 288 1054
108 264 838 1 281 860
109 309 214 1 340 230
110 337 242 1 366 259
111 277 1064 1 290 1089
112 361 957 1 380 985
113 313 173 1 344 186
114 524 61 1 564 70
115 234 429 1 258 445
116 395 109 1 430 122
117 485 102 1 522 115
118 265 818 1 282 841
119 345 170 1 377 184
120 138 915 1 153 936
121 218 147 1 249 161
122 228 936 1 243 958
123 339 200 1 370 215
124 250 407 1 275 424
125 342 95 1 377 105
126 495 326 1 528 343
127 569 1072 1 594 1109
128 227 281 1 255 297
129 199 383 1 223 402
130 223 1196 1 233 1222
131 159 100 1 189 118
132 282 215 1 312 230
133 101 235 1 129 251
134 112 131 1 140 148
135 203 979 1 216 1001
136 119 50 1 148 67
137 480 901 1 503 930
138 282 284 1 309 301
139 245 1128 1 257 1153
140 254 273 1 282 290
141 179 161 1 207 179
142 509 419 1 541 437
143 328 198 1 358 213
144 498 89 1 536 101
145 79 361 1 104 377
146 260 110 1 292 122
147 50 917 1 64 936
148 347 1178 1 361 1208
149 94 186 1 121 200
150 281 181 1 312 194
151 83 326 1 107 342
152 59 1177 1 69 1198
153 536 882 1 563 912
154 74 29 1 105 45
155 420 66 1 457 77
156 370 95 1 405 103
157 531 395 1 565 414
158 223 1152 1 234 1177
159 301 162 1 332 174
160 606 1088 1 634 1127
161 239 103 1 270 115
162 176 1130 1 187 1153
163 150 233 1 178 250
164 361 108 1 395 119
165 69 1176 1 78 1198
166 230 55 1 263 63
167 284 914 1 298 939
168 146 162 1 174 179
169 365 1227 1 379 1260
170 223 79 1 255 90
171 64 1189 1 73 1211
172 536 927 1 562 958
173 264 274 1 292 291
174 131 39 1 161 54
175 470 888 1 492 916
176 282 1047 1 297 1072
177 214 124 1 245 136
178 222 1232 1 231 1257
179 119 88 1 148 106
180 210 1163 1 220 1188
181 401 183 1 433 198
182 272 263 1 300 280
183 221 1219 1 230 1244
184 524 1010 1 547 1043
185 265 62 1 298 73
186 241 227 1 269 242
187 226 1168 1 237 1196
188 539 1219 1 560 1259
189 276 37 1 310 46
190 208 144 1 238 156
191 238 128 1 270 140
192 203 1213 1 213 1238
193 257 374 1 282 393
194 225 163 1 255 177
195 486 125 1 522 139
196 234 1124 1 246 1149
197 190 31 1 223 40
198 376 204 1 406 221
199 477 433 1 508 450
200 319 206 1 350 221
201 317 109 1 351 120
202 251 254 1 280 270
203 123 1220 1 131 1243
204 232 144 1 263 157
205 215 36 1 248 47
206 311 1150 1 324 1180
207 265 415 1 293 431
208 367 382 1 397 398
209 345 1188 1 358 1218
210 183 1103 1 194 1126
211 199 1059 1 212 1083
212 126 232 1 154 248
213 202 333 1 226 351
214 592 736 1 625 763
215 225 202 1 254 217
216 233 1200 1 244 1227
217 527 51 1 567 62
218 227 98 1 258 109
219 237 928 1 252 950
220 562 394 1 599 412
221 191 988 1 205 1010
222 375 224 1 406 240
223 83 183 1 110 199
224 166 1131 1 177 1154
225 200 123 1 230 134
226 191 1006 1 204 1028
227 98 152 1 126 170
228 623 105 1 669 113
229 140 1213 1 149 1236
230 243 1199 1 254 1225
231 82 229 1 109 245
232 101 322 1 126 338
233 203 1180 1 212 1205
234 338 214 1 370 230
235 315 119 1 349 130
236 197 43 1 230 51
237 124 814 1 140 833
238 497 296 1 531 313
239 483 910 1 505 939
240 441 78 1 478 89
241 196 102 1 227 114
242 156 1172 1 167 1195
243 196 1074 1 208 1097
244 355 160 1 387 174
245 436 36 1 473 45
246 169 1086 1 181 1109
247 204 31 1 236 40
248 247 187 1 277 202
249 190 700 1 209 721
250 132 1217 1 141 1241
251 149 1188 1 159 1212
252 251 109 1 283 120
253 211 1233 1 221 1258
254 423 182 1 456 197
255 134 905 1 149 926
256 155 865 1 171 886
257 97 141 1 125 159
258 607 1100 1 634 1138
259 215 1176 1 224 1199
260 338 35 1 374 44
261 230 1220 1 239 1244
262 279 808 1 298 833
263 182 111 1 212 128
264 169 1212 1 178 1236
265 384 90 1 420 101
266 136 263 1 163 280
267 147 1117 1 158 1139
268 131 49 1 161 66
269 49 938 1 63 957
270 272 256 1 301 272
271 356 117 1 389 128
272 98 164 1 126 182
273 92 1210 1 96 1235
274 183 1219 1 192 1243
275 530 787 1 557 815
276 197 1192 1 206 1217
277 280 295 1 307 314
278 98 984 1 111 1006
279 267 74 1 300 86
280 514 833 1 539 862
281 129 824 1 146 845
282 343 1197 1 356 1228
283 295 204 1 323 220
284 265 223 1 294 238
285 513 72 1 553 83
286 467 124 1 503 137
287 213 94 1 244 105
288 98 250 1 124 267
289 178 937 1 191 958
290 361 37 1 398 44
291 209 53 1 242 63
292 489 93 1 526 107
293 302 122 1 335 134
294 88 107 1 117 125
295 224 1101 1 236 1125
296 172 886 1 187 907
297 187 240 1 216 257
298 187 1195 1 197 1220
299 329 101 1 363 112
300 231 1210 1 239 1233
301 198 957 1 213 980
302 224 671 1 244 692
303 225 661 1 244 681
304 106 1075 1 117 1096
305 130 92 1 159 110
306 257 137 1 288 149
307 339 106 1 373 117
308 519 394 1 553 413
309 298 222 1 327 237
310 112 255 1 139 273
311 141 43 1 171 60
312 509 738 1 536 764
313 200 702 1 219 722
314 207 1203 1 216 1228
315 364 163 1 395 179
316 343 118 1 377 129
317 124 103 1 154 120
318 185 1207 1 194 1231
319 309 1160 1 323 1189
320 77 369 1 101 386
321 313 1055 1 328 1081
322 140 152 1 168 170
323 129 115 1 158 132
324 329 163 1 360 177
325 432 159 1 465 174
326 212 198 1 241 212
327 552 787 1 581 815
328 93 1197 1 101 1218
329 508 748 1 536 774
330 319 99 1 352 109
331 561 988 1 587 1022
332 199 135 1 230 147
333 313 183 1 345 196
334 193 302 1 219 321
335 255 119 1 287 132
336 262 250 1 290 266
337 117 1062 1 129 1085
338 279 1229 1 290 1256
339 182 300 1 208 319
340 229 1114 1 241 1139
341 112 78 1 142 93
342 565 1084 1 589 1121
343 163 390 1 186 408
344 44 1109 1 54 1127
345 192 1050 1 204 1073
346 301 247 1 329 264
347 450 68 1 487 79
348 206 102 1 238 113
349 497 913 1 520 942
350 99 270 1 125 287
351 294 180 1 325 193
352 493 790 1 518 817
353 468 874 1 491 901
354 240 176 1 270 190
355 502 700 1 529 725
356 246 164 1 277 178
357 139 219 1 165 235
358 478 871 1 501 899
359 248 328 1 273 346
360 187 48 1 220 57
361 221 211 1 250 226
362 190 1145 1 200 1169
363 97 349 1 122 366
364 124 1220 1 133 1241
365 524 740 1 552 766
366 180 31 1 213 39
367 347 139 1 380 152
368 246 139 1 277 152
