0 107 307 1 95 321
1 125 430 1 115 444
2 108 295 1 95 308
3 123 470 1 115 484
4 105 327 1 93 340
5 124 439 1 113 453
6 129 336 1 117 350
7 127 366 1 116 380
8 84 268 1 70 282
9 131 294 1 117 307
10 160 357 1 148 369
11 321 578 1 316 585
12 123 455 1 114 469
13 61 377 1 49 391
14 130 319 1 117 333
15 107 366 1 96 380
16 77 124 1 60 139
17 324 601 1 320 608
18 271 593 1 266 603
19 331 551 1 325 558
20 66 120 1 48 135
21 52 553 1 43 567
22 100 382 1 88 395
23 95 404 1 85 418
24 99 393 1 87 407
25 317 588 1 312 596
26 287 451 1 278 459
27 309 498 1 302 505
28 67 609 1 60 624
29 281 472 1 273 480
30 279 510 1 273 518
31 273 527 1 266 535
32 284 607 1 279 617
33 322 505 1 315 512
34 303 509 1 296 517
35 296 610 1 293 618
36 314 598 1 310 606
37 120 512 1 113 527
38 124 376 1 112 389
39 270 583 1 265 593
40 335 606 1 333 612
41 291 508 1 283 516
42 281 546 1 275 554
43 118 527 1 111 542
44 292 466 1 283 474
45 304 520 1 297 528
46 102 463 1 92 477
47 159 328 1 147 340
48 320 546 1 314 554
49 191 340 1 179 348
50 260 508 1 253 517
51 308 608 1 304 616
52 93 220 1 78 234
53 294 483 1 287 490
54 58 412 1 47 427
55 51 580 1 43 595
56 303 531 1 297 538
57 323 536 1 317 543
58 321 517 1 315 524
59 114 236 1 99 250
60 289 592 1 284 600
61 307 570 1 301 578
62 106 419 1 95 432
63 257 615 1 252 624
64 259 519 1 252 527
65 50 431 1 39 445
66 186 509 1 179 522
67 274 573 1 269 582
68 312 488 1 304 495
69 110 384 1 98 397
70 301 551 1 295 559
71 69 570 1 62 584
72 118 405 1 107 419
73 182 367 1 171 378
74 247 595 1 242 606
75 285 574 1 279 582
76 272 605 1 268 614
77 312 557 1 307 565
78 275 563 1 270 572
79 191 429 1 181 440
80 122 604 1 117 616
81 131 563 1 123 575
82 229 558 1 223 569
83 285 529 1 278 538
84 290 493 1 282 501
85 282 461 1 273 469
86 295 540 1 289 549
87 106 433 1 96 447
88 104 317 1 91 330
89 334 541 1 328 547
90 316 567 1 311 574
91 298 452 1 289 460
92 29 497 1 20 512
93 76 170 1 60 185
94 237 606 1 233 618
95 298 580 1 293 588
96 334 528 1 327 535
97 259 604 1 255 614
98 167 547 1 160 560
99 326 567 1 321 574
100 265 452 1 256 462
101 71 579 1 63 594
102 217 228 1 202 236
103 59 525 1 50 538
104 277 446 1 268 454
105 46 489 1 36 503
106 334 593 1 331 599
107 35 583 1 26 599
108 309 541 1 303 549
109 302 464 1 293 471
110 299 494 1 292 502
111 229 545 1 223 555
112 186 391 1 175 403
113 310 477 1 302 484
114 31 554 1 24 569
115 95 437 1 85 453
116 247 606 1 243 617
117 160 367 1 147 379
118 172 388 1 161 400
119 30 537 1 22 552
120 76 108 1 59 122
121 261 553 1 255 562
122 211 382 1 200 392
123 237 362 1 225 372
124 47 598 1 40 613
125 260 593 1 255 603
126 182 409 1 172 421
127 274 615 1 269 624
128 176 511 1 169 524
129 333 517 1 326 523
130 172 368 1 161 379
131 317 610 1 314 618
132 322 491 1 314 498
133 263 498 1 256 507
134 52 479 1 42 493
135 243 571 1 238 581
136 274 489 1 265 497
137 91 610 1 85 623
138 146 524 1 139 535
139 125 386 1 114 400
140 79 447 1 70 461
141 135 258 1 121 271
142 293 519 1 286 527
143 208 211 1 192 221
144 211 299 1 198 308
145 236 380 1 225 390
146 28 596 1 20 611
147 65 472 1 54 486
148 129 179 1 113 193
149 225 371 1 214 381
150 313 530 1 306 537
151 158 511 1 151 524
152 286 556 1 280 564
153 39 499 1 30 514
154 52 513 1 42 527
155 241 580 1 236 591
156 249 520 1 241 528
157 300 597 1 296 605
158 191 353 1 181 363
159 145 513 1 137 525
160 308 453 1 300 461
161 109 169 1 93 183
162 123 69 1 103 83
163 174 297 1 161 310
164 335 462 1 326 468
165 236 596 1 231 607
166 76 487 1 67 500
167 162 557 1 155 570
168 196 476 1 188 488
169 270 471 1 262 479
170 247 532 1 240 542
171 207 192 1 191 204
172 108 191 1 92 205
173 175 531 1 167 544
174 221 293 1 207 303
175 202 324 1 189 336
176 128 408 1 117 421
177 153 422 1 143 436
178 173 591 1 167 604
179 211 404 1 200 415
180 226 382 1 214 392
181 182 354 1 170 365
182 202 422 1 192 433
183 123 243 1 109 256
184 173 403 1 162 415
185 169 325 1 158 337
186 204 182 1 188 193
187 312 464 1 304 471
188 147 192 1 131 203
189 201 381 1 189 391
190 180 163 1 163 175
191 165 489 1 157 502
192 213 465 1 205 476
193 223 442 1 214 455
194 180 327 1 168 339
195 147 134 1 130 147
196 141 536 1 135 550
197 137 167 1 121 180
198 41 549 1 33 564
199 105 60 1 85 75
200 150 389 1 139 402
201 165 164 1 148 176
202 332 506 1 325 513
203 119 25 1 98 38
204 41 478 1 31 492
205 131 573 1 124 586
206 171 415 1 161 428
207 165 532 1 158 544
208 143 463 1 133 476
209 95 65 1 75 80
210 156 377 1 145 390
211 141 557 1 135 570
212 177 552 1 170 564
213 324 473 1 316 480
214 332 486 1 324 492
215 171 447 1 162 459
216 123 133 1 105 147
217 91 28 1 71 42
218 66 110 1 48 125
219 135 138 1 118 151
220 176 273 1 162 285
221 109 209 1 94 222
222 305 432 1 296 440
223 107 181 1 91 195
224 105 70 1 85 85
225 194 491 1 187 503
226 153 436 1 143 448
227 154 467 1 146 480
228 215 370 1 204 380
229 122 168 1 105 182
230 57 608 1 51 623
231 203 526 1 196 538
232 125 100 1 106 114
233 236 528 1 230 538
234 101 31 1 81 44
235 205 598 1 200 611
236 139 157 1 122 170
237 168 582 1 162 594
238 121 59 1 101 73
239 135 125 1 117 138
240 175 490 1 167 502
241 166 566 1 160 580
242 207 220 1 192 229
243 195 307 1 182 319
244 203 134 1 185 145
245 189 252 1 174 263
246 158 127 1 139 141
247 149 148 1 132 162
248 139 181 1 123 194
249 131 505 1 122 519
250 186 530 1 179 543
251 334 496 1 326 502
252 141 421 1 131 434
253 95 53 1 75 69
254 178 251 1 164 263
255 132 220 1 117 233
256 140 482 1 131 495
257 124 155 1 106 168
258 161 450 1 152 462
259 99 82 1 80 97
260 167 108 1 149 121
261 113 104 1 94 117
262 135 387 1 124 400
263 143 308 1 130 321
264 197 226 1 181 236
265 158 577 1 152 590
266 121 189 1 104 201
267 159 142 1 142 155
268 168 425 1 158 438
269 205 371 1 194 381
270 295 428 1 285 436
271 170 335 1 157 348
272 198 406 1 187 417
273 299 410 1 289 417
274 167 469 1 158 482
275 182 601 1 177 614
276 166 264 1 152 277
277 138 441 1 129 454
278 94 41 1 74 55
279 171 356 1 159 368
280 173 98 1 155 111
281 161 412 1 151 425
282 112 458 1 104 472
283 147 367 1 136 380
284 155 95 1 137 108
285 45 607 1 39 623
286 182 474 1 173 486
287 119 38 1 99 52
288 152 267 1 138 280
289 201 396 1 190 407
290 186 271 1 172 283
291 172 436 1 162 448
292 216 121 1 198 132
293 321 441 1 312 448
294 48 417 1 38 433
295 123 89 1 104 102
296 150 411 1 140 424
297 165 284 1 151 296
298 154 303 1 141 316
299 173 178 1 157 190
300 322 463 1 314 469
301 211 389 1 200 400
302 173 378 1 162 390
303 191 321 1 179 333
304 202 104 1 185 116
305 238 562 1 233 572
306 316 370 1 305 377
307 148 170 1 131 183
308 180 153 1 163 165
309 162 402 1 151 414
310 112 601 1 107 617
311 213 481 1 206 492
312 159 84 1 140 97
313 135 230 1 120 242
314 155 494 1 147 507
315 195 295 1 182 308
316 188 556 1 183 569
317 60 583 1 53 598
318 199 587 1 194 600
319 309 306 1 297 313
320 142 220 1 127 233
321 234 234 1 220 245
322 313 27 1 292 35
323 120 49 1 100 62
324 144 106 1 125 119
325 97 117 1 79 131
326 129 480 1 121 494
327 133 206 1 117 219
328 190 166 1 173 178
329 137 191 1 121 204
330 105 50 1 86 64
331 313 351 1 302 357
332 273 278 1 259 286
333 316 415 1 307 422
334 151 401 1 140 414
335 248 343 1 236 352
336 185 298 1 172 310
337 229 108 1 210 118
338 298 148 1 281 155
339 254 457 1 246 466
340 94 274 1 80 288
341 301 227 1 286 234
342 206 609 1 201 622
343 56 119 1 38 135
344 242 288 1 229 298
345 165 479 1 156 491
346 271 552 1 265 561
347 257 272 1 244 281
348 239 393 1 229 403
349 213 86 1 194 96
350 213 493 1 206 504
351 325 452 1 316 458
352 86 109 1 68 124
353 159 153 1 141 166
354 83 256 1 68 271
355 201 114 1 183 125
356 121 79 1 103 92
357 238 278 1 224 288
358 111 91 1 92 105
359 280 333 1 268 341
360 317 329 1 304 336
361 268 318 1 256 327
362 169 346 1 158 358
363 220 306 1 207 317
364 325 274 1 311 280
365 252 251 1 237 260
366 328 338 1 316 343
367 174 143 1 157 154
368 226 494 1 219 504
369 237 479 1 228 490
370 252 104 1 233 113
371 224 74 1 205 85
372 332 316 1 320 322
373 164 301 1 151 314
374 204 502 1 196 514
375 276 307 1 263 315
376 238 404 1 228 414
377 206 253 1 191 264
378 225 148 1 207 159
379 172 30 1 152 43
380 315 284 1 301 290
381 226 612 1 222 624
382 194 465 1 186 477
383 155 107 1 137 120
384 193 176 1 178 188
385 160 27 1 140 40
386 164 274 1 150 286
387 322 62 1 302 67
388 230 206 1 215 216
389 97 185 1 81 200
390 252 262 1 239 271
391 309 443 1 300 450
392 252 380 1 241 389
393 244 304 1 231 314
394 188 117 1 170 129
395 216 610 1 211 622
396 326 365 1 315 371
397 163 67 1 143 81
398 271 335 1 259 344
399 239 493 1 231 503
400 308 160 1 291 166
401 227 40 1 206 51
402 324 105 1 305 111
403 294 281 1 280 288
404 110 81 1 90 95
405 314 223 1 299 229
406 226 526 1 219 537
407 332 232 1 317 238
408 235 426 1 226 436
409 124 123 1 105 138
410 316 405 1 306 412
411 253 178 1 237 187
412 193 602 1 188 614
413 224 467 1 216 478
414 230 315 1 217 325
415 285 255 1 270 263
416 292 322 1 280 329
417 330 425 1 321 432
418 224 396 1 213 406
419 325 283 1 311 289
420 252 197 1 236 206
421 325 355 1 313 361
422 269 264 1 255 273
423 280 140 1 262 148
424 292 334 1 280 341
425 219 108 1 200 119
426 212 414 1 202 425
427 316 430 1 307 438
428 330 413 1 320 420
429 133 248 1 119 261
430 283 276 1 270 284
431 214 264 1 199 274
432 309 296 1 296 303
433 246 329 1 234 339
434 331 24 1 312 26
435 270 236 1 255 244
436 145 96 1 126 109
437 299 312 1 286 319
438 80 403 1 69 415
439 228 184 1 212 194
440 301 377 1 290 384
441 245 434 1 236 443
442 229 93 1 210 103
443 308 60 1 289 67
444 266 441 1 257 450
445 335 451 1 328 458
446 209 585 1 203 598
447 312 197 1 296 204
448 188 566 1 183 578
449 226 484 1 218 495
450 303 339 1 292 347
451 300 270 1 286 277
452 304 421 1 295 429
453 297 157 1 280 165
454 321 210 1 305 216
455 334 159 1 316 164
