0 126 304 1 96 321
1 147 429 1 117 447
2 128 292 1 96 308
3 146 471 1 116 487
4 125 324 1 94 341
5 146 439 1 115 456
6 148 364 1 117 381
7 150 291 1 118 308
8 102 265 1 71 282
9 181 354 1 150 370
10 146 455 1 115 473
11 81 374 1 50 392
12 128 364 1 97 381
13 92 121 1 60 136
14 150 316 1 118 333
15 325 474 1 293 487
16 81 116 1 48 132
17 121 381 1 89 397
18 117 403 1 86 421
19 120 392 1 88 409
20 318 499 1 288 512
21 52 450 1 21 469
22 144 495 1 114 512
23 313 563 1 282 577
24 331 496 1 300 508
25 320 544 1 289 558
26 145 374 1 114 391
27 79 411 1 48 428
28 331 544 1 301 557
29 127 432 1 97 450
30 156 588 1 122 604
31 313 468 1 281 480
32 180 325 1 149 341
33 110 216 1 79 233
34 316 613 1 285 628
35 296 541 1 266 554
36 66 590 1 27 607
37 132 233 1 100 249
38 154 598 1 119 615
39 282 508 1 251 522
40 291 615 1 259 632
41 211 510 1 181 527
42 335 528 1 300 540
43 326 593 1 297 608
44 131 383 1 99 399
45 278 590 1 248 606
46 39 604 1 0 620
47 140 404 1 108 421
48 321 583 1 292 598
49 319 489 1 288 501
50 128 418 1 96 435
51 263 595 1 233 611
52 274 613 1 244 629
53 296 473 1 267 486
54 79 537 1 40 553
55 329 486 1 298 499
56 310 520 1 280 533
57 123 314 1 92 331
58 47 541 1 8 557
59 93 166 1 61 183
60 73 559 1 36 574
61 64 615 1 26 635
62 306 541 1 276 556
63 201 577 1 170 594
64 83 489 1 48 504
65 264 581 1 232 596
66 208 388 1 178 405
67 117 437 1 86 456
68 50 609 1 13 627
69 299 588 1 268 604
70 181 365 1 149 381
71 194 385 1 163 402
72 91 103 1 58 119
73 84 504 1 47 519
74 61 530 1 24 545
75 262 364 1 230 379
76 205 407 1 175 423
77 201 565 1 170 583
78 131 507 1 101 525
79 201 511 1 171 529
80 308 489 1 278 501
81 180 572 1 148 589
82 94 543 1 58 559
83 310 553 1 280 567
84 146 385 1 115 402
85 154 254 1 122 271
86 144 505 1 114 523
87 191 569 1 159 585
88 315 602 1 285 616
89 146 174 1 114 191
90 331 583 1 300 595
91 70 579 1 31 596
92 182 511 1 153 529
93 124 452 1 94 470
94 234 389 1 204 405
95 320 520 1 289 533
96 91 464 1 55 479
97 166 533 1 136 551
98 163 474 1 133 491
99 126 165 1 94 182
100 168 587 1 136 604
101 137 62 1 104 79
102 202 323 1 170 339
103 220 477 1 191 493
104 125 187 1 93 203
105 150 407 1 119 424
106 175 421 1 145 439
107 55 586 1 16 603
108 234 403 1 204 419
109 175 608 1 145 625
110 256 393 1 223 405
111 172 597 1 140 615
112 190 580 1 160 597
113 142 239 1 110 255
114 195 401 1 164 418
115 190 322 1 160 338
116 223 177 1 191 192
117 83 526 1 45 541
118 165 188 1 132 203
119 197 157 1 165 173
120 189 489 1 160 507
121 238 465 1 208 481
122 223 615 1 194 633
123 164 128 1 132 144
124 154 162 1 122 178
125 91 475 1 56 490
126 119 54 1 86 71
127 171 387 1 141 404
128 182 158 1 150 174
129 307 531 1 275 545
130 198 615 1 172 637
131 194 591 1 163 608
132 74 614 1 37 631
133 187 541 1 156 558
134 194 414 1 163 431
135 192 556 1 160 573
136 166 464 1 135 481
137 109 59 1 76 76
138 177 375 1 147 392
139 195 447 1 164 463
140 139 128 1 106 145
141 81 106 1 48 122
142 151 132 1 119 149
143 196 269 1 164 285
144 127 205 1 95 221
145 233 614 1 205 631
146 124 177 1 91 193
147 119 64 1 86 81
148 219 492 1 190 509
149 175 436 1 145 453
150 177 468 1 148 485
151 139 163 1 106 180
152 71 116 1 37 132
153 229 528 1 200 545
154 140 94 1 107 110
155 267 549 1 238 564
156 232 602 1 203 619
157 155 152 1 123 168
158 315 239 1 282 251
159 135 52 1 102 69
160 151 119 1 118 136
161 199 490 1 169 507
162 208 247 1 177 263
163 174 121 1 141 138
164 166 142 1 133 159
165 305 600 1 274 613
166 156 176 1 124 193
167 154 506 1 124 525
168 211 531 1 181 549
169 163 420 1 133 437
170 198 246 1 166 262
171 150 216 1 118 232
172 163 484 1 133 501
173 140 150 1 107 166
174 185 450 1 154 467
175 114 77 1 81 94
176 183 101 1 150 118
177 127 98 1 94 114
178 156 385 1 126 402
179 310 587 1 280 602
180 138 184 1 105 200
181 176 136 1 144 153
182 191 425 1 160 442
183 330 445 1 299 458
184 191 332 1 160 348
185 220 404 1 190 420
186 201 539 1 172 556
187 190 468 1 160 485
188 185 260 1 154 277
189 160 441 1 130 458
190 212 318 1 181 334
191 189 91 1 156 108
192 184 412 1 153 428
193 135 458 1 106 476
194 169 364 1 138 380
195 171 88 1 139 105
196 206 474 1 176 491
197 171 263 1 139 280
198 326 74 1 290 83
199 224 394 1 193 410
200 206 267 1 175 283
201 195 435 1 164 452
202 235 113 1 202 128
203 70 415 1 39 433
204 138 83 1 105 99
205 172 410 1 142 426
206 184 280 1 153 296
207 191 172 1 159 188
208 254 565 1 224 582
209 219 96 1 187 113
210 165 165 1 133 181
211 198 147 1 165 163
212 184 400 1 153 417
213 208 486 1 178 503
214 177 529 1 146 547
215 239 482 1 210 498
216 175 76 1 142 93
217 153 225 1 121 241
218 179 495 1 149 512
219 302 462 1 269 475
220 97 431 1 61 442
221 214 558 1 186 575
222 226 590 1 197 608
223 160 216 1 128 232
224 257 231 1 224 245
225 317 317 1 284 329
226 159 99 1 126 115
227 112 112 1 79 128
228 152 480 1 123 498
229 149 201 1 118 218
230 208 160 1 175 176
231 154 186 1 122 203
232 301 279 1 268 291
233 173 400 1 142 416
234 274 344 1 242 359
235 248 99 1 214 113
236 329 140 1 295 151
237 228 491 1 197 507
238 296 340 1 265 353
239 266 287 1 234 301
240 189 479 1 159 496
241 283 272 1 251 285
242 230 76 1 197 91
243 238 494 1 209 511
244 324 430 1 293 443
245 101 104 1 68 121
246 137 72 1 103 89
247 176 148 1 143 164
248 218 107 1 186 122
249 261 276 1 229 290
250 126 85 1 93 101
251 313 458 1 281 471
252 192 343 1 160 359
253 276 250 1 243 263
254 207 495 1 178 512
255 192 136 1 159 152
256 252 494 1 223 511
257 164 520 1 135 537
258 273 94 1 240 107
259 241 64 1 208 80
260 229 503 1 199 520
261 306 311 1 273 324
262 226 249 1 194 264
263 244 142 1 211 156
264 219 465 1 189 482
265 171 100 1 138 117
266 212 170 1 180 186
267 183 270 1 152 286
268 251 201 1 219 216
269 114 181 1 82 198
270 185 435 1 154 452
271 277 259 1 245 274
272 279 383 1 248 397
273 268 306 1 236 320
274 205 110 1 172 125
275 243 613 1 215 631
276 108 49 1 76 66
277 177 60 1 145 78
278 123 75 1 91 92
279 252 528 1 223 545
280 260 424 1 230 440
281 139 118 1 106 135
282 328 343 1 296 355
283 276 173 1 243 186
284 220 605 1 191 623
285 250 471 1 220 486
286 297 265 1 264 278
287 236 99 1 203 115
288 220 455 1 189 472
289 152 244 1 120 260
290 314 279 1 281 291
291 235 262 1 203 276
292 271 330 1 239 344
293 296 234 1 263 246
294 160 90 1 128 106
295 248 177 1 215 193
296 214 567 1 186 585
297 328 152 1 294 162
298 227 466 1 198 482
299 188 530 1 160 548
300 211 519 1 183 536
301 223 385 1 193 398
302 267 318 1 235 332
303 255 317 1 224 332
304 317 442 1 287 455
