0 124 306 1 96 321
1 144 432 1 117 448
2 125 294 1 96 308
3 142 475 1 117 489
4 123 327 1 94 341
5 143 443 1 115 457
6 148 294 1 119 308
7 137 564 1 112 580
8 100 267 1 71 282
9 179 357 1 151 371
10 143 459 1 116 475
11 78 376 1 50 392
12 125 367 1 97 382
13 90 122 1 59 135
14 147 319 1 119 334
15 78 117 1 48 131
16 133 549 1 107 565
17 118 384 1 90 398
18 114 406 1 86 422
19 117 395 1 89 409
20 321 520 1 295 528
21 48 454 1 21 470
22 140 500 1 114 514
23 315 587 1 289 598
24 335 517 1 309 525
25 323 568 1 297 577
26 142 378 1 114 392
27 324 598 1 299 608
28 75 413 1 48 429
29 121 487 1 93 501
30 124 435 1 97 451
31 326 493 1 300 501
32 313 484 1 287 493
33 178 327 1 149 341
34 298 563 1 272 572
35 108 218 1 79 233
36 335 569 1 310 577
37 129 235 1 100 249
38 334 551 1 309 559
39 325 611 1 300 619
40 334 481 1 307 489
41 299 488 1 272 497
42 282 524 1 255 535
43 208 515 1 183 529
44 128 386 1 100 400
45 180 568 1 154 583
46 332 506 1 306 514
47 137 408 1 109 422
48 290 606 1 265 617
49 176 557 1 151 573
50 144 548 1 118 564
51 85 532 1 53 543
52 125 422 1 97 436
53 63 569 1 31 581
54 312 542 1 287 551
55 322 509 1 296 517
56 121 317 1 92 331
57 70 552 1 38 563
58 91 167 1 62 183
59 41 570 1 7 582
60 29 568 1 -2 581
61 30 529 1 0 542
62 335 615 1 311 623
63 24 610 1 -11 622
64 308 564 1 283 574
65 197 594 1 171 607
66 263 605 1 237 616
67 211 319 1 182 334
68 86 564 1 56 577
69 114 441 1 86 457
70 83 614 1 51 626
71 151 604 1 122 616
72 233 410 1 205 421
73 178 368 1 150 381
74 48 529 1 15 540
75 191 389 1 164 403
76 34 609 1 2 622
77 89 104 1 58 118
78 90 553 1 61 566
79 25 584 1 -6 597
80 202 410 1 176 424
81 127 512 1 101 527
82 199 516 1 172 531
83 48 584 1 16 596
84 310 508 1 284 516
85 175 590 1 149 603
86 313 578 1 287 587
87 143 388 1 116 403
88 152 256 1 123 271
89 141 510 1 115 525
90 49 556 1 16 568
91 234 434 1 210 452
92 144 176 1 114 190
93 179 516 1 154 531
94 121 456 1 95 471
95 308 553 1 282 563
96 323 543 1 297 551
97 162 538 1 137 553
98 229 608 1 205 623
99 160 479 1 134 494
100 124 166 1 94 181
101 163 605 1 136 619
102 135 63 1 104 77
103 155 547 1 130 563
104 278 603 1 253 615
105 200 326 1 171 340
106 218 482 1 192 495
107 122 189 1 93 203
108 334 469 1 307 478
109 197 583 1 171 596
110 147 410 1 119 425
111 173 426 1 146 440
112 217 449 1 191 462
113 309 612 1 283 623
114 166 554 1 140 570
115 208 443 1 182 457
116 139 241 1 111 255
117 192 404 1 165 419
118 188 325 1 160 338
119 222 180 1 192 191
120 277 264 1 247 275
121 162 190 1 133 202
122 250 401 1 221 411
123 196 158 1 166 172
124 186 494 1 161 509
125 236 470 1 210 484
126 309 415 1 282 425
127 320 265 1 290 271
128 162 129 1 132 143
129 152 164 1 122 177
130 82 492 1 52 504
131 117 55 1 86 70
132 180 160 1 150 173
133 218 607 1 194 622
134 190 608 1 164 621
135 184 546 1 157 561
136 186 595 1 161 609
137 191 418 1 164 432
138 163 470 1 135 484
139 107 60 1 76 75
140 192 451 1 165 465
141 137 129 1 107 144
142 79 107 1 48 121
143 149 133 1 119 148
144 194 271 1 165 285
145 124 207 1 95 221
146 190 561 1 165 575
147 121 179 1 91 193
148 117 65 1 86 79
149 216 497 1 191 511
150 105 495 1 78 510
151 173 441 1 146 455
152 174 473 1 149 487
153 136 165 1 106 179
154 68 117 1 37 131
155 226 535 1 201 548
156 138 95 1 107 109
157 267 565 1 241 576
158 186 586 1 160 599
159 172 544 1 146 559
160 153 153 1 124 167
161 318 246 1 288 253
162 133 53 1 102 68
163 149 121 1 119 135
164 196 494 1 170 509
165 325 284 1 296 290
166 206 249 1 177 263
167 172 123 1 141 137
168 164 144 1 134 158
169 152 571 1 126 587
170 154 178 1 125 192
171 151 511 1 125 527
172 208 537 1 183 551
173 160 423 1 134 438
174 196 248 1 167 262
175 217 108 1 187 120
176 148 218 1 119 232
177 160 489 1 133 504
178 137 151 1 107 165
179 182 455 1 155 469
180 112 78 1 81 93
181 181 102 1 151 116
182 125 99 1 94 113
183 153 389 1 126 403
184 257 381 1 229 392
185 228 448 1 202 462
186 136 186 1 105 199
187 174 138 1 144 152
188 188 430 1 161 444
189 331 460 1 306 469
190 188 335 1 160 349
191 237 388 1 207 397
192 198 544 1 173 559
193 187 472 1 161 487
194 183 263 1 155 277
195 157 445 1 131 460
196 188 92 1 157 106
197 181 416 1 154 429
198 132 463 1 106 478
199 166 367 1 139 381
200 169 89 1 139 104
201 151 374 1 124 387
202 203 480 1 177 494
203 169 265 1 140 280
204 329 73 1 297 78
205 250 450 1 224 462
206 204 270 1 175 283
207 192 440 1 165 454
208 234 114 1 203 126
209 220 404 1 192 412
210 67 418 1 39 434
211 136 84 1 105 97
212 169 413 1 142 428
213 182 283 1 154 296
214 189 174 1 160 188
215 251 573 1 226 587
216 252 500 1 225 514
217 218 98 1 188 111
218 163 167 1 133 181
219 196 149 1 166 162
220 181 404 1 154 418
221 205 491 1 179 505
222 173 534 1 147 549
223 236 487 1 211 501
224 173 77 1 142 92
225 150 228 1 121 241
226 176 499 1 150 514
227 302 478 1 275 487
228 262 407 1 233 415
229 211 563 1 187 578
230 223 597 1 199 612
231 149 561 1 124 577
232 158 218 1 129 232
233 256 234 1 226 246
234 157 100 1 127 114
235 110 114 1 80 127
236 149 484 1 123 499
237 147 203 1 118 217
238 206 162 1 176 175
239 152 188 1 122 202
240 301 285 1 272 294
241 170 404 1 143 418
242 273 351 1 245 362
243 321 460 1 294 469
244 247 100 1 216 111
245 333 142 1 302 149
246 225 496 1 199 510
247 297 348 1 268 357
248 265 291 1 236 303
249 185 484 1 160 498
250 260 281 1 231 292
251 283 277 1 254 287
252 88 443 1 56 455
253 229 77 1 199 88
254 236 499 1 211 513
255 326 444 1 300 453
256 99 106 1 68 120
257 135 73 1 104 87
258 174 149 1 144 163
259 124 86 1 93 100
260 314 473 1 287 482
261 189 346 1 161 359
262 275 254 1 246 264
263 205 500 1 179 514
264 191 137 1 160 151
265 259 371 1 233 382
266 161 525 1 135 540
267 274 94 1 243 104
268 241 65 1 209 78
269 226 508 1 201 522
270 308 319 1 278 328
271 224 251 1 195 264
272 243 144 1 212 155
273 216 470 1 190 484
274 169 101 1 139 115
275 210 171 1 180 185
276 181 272 1 152 286
277 250 204 1 220 216
278 111 183 1 82 197
279 292 461 1 265 472
280 182 440 1 155 454
281 278 391 1 250 401
282 267 311 1 238 322
283 204 111 1 173 123
284 208 545 1 184 560
285 106 49 1 76 64
286 176 62 1 146 76
287 121 76 1 91 90
288 250 535 1 225 548
289 137 119 1 107 134
290 277 175 1 246 185
291 248 477 1 222 490
292 297 272 1 268 280
293 235 101 1 205 113
294 217 460 1 190 474
295 150 246 1 121 260
296 316 286 1 286 294
297 233 266 1 204 277
298 270 335 1 242 347
299 297 238 1 267 248
300 158 91 1 128 105
301 247 180 1 217 192
302 211 573 1 187 588
303 331 155 1 300 161
304 224 471 1 199 484
305 186 535 1 161 550
306 208 524 1 184 538
307 266 324 1 237 335
308 254 322 1 226 334
