0 124 266 1 97 322
1 146 397 1 120 453
2 123 288 1 95 343
3 146 407 1 118 463
4 144 544 1 117 603
5 146 438 1 119 495
6 124 253 1 98 308
7 142 532 1 114 590
8 106 506 1 78 564
9 98 226 1 72 281
10 141 555 1 114 614
11 146 424 1 118 480
12 111 439 1 84 495
13 110 488 1 82 545
14 115 396 1 87 451
15 80 337 1 52 392
16 85 75 1 59 131
17 112 472 1 84 529
18 72 70 1 47 127
19 57 455 1 29 512
20 137 517 1 109 575
21 129 347 1 102 403
22 180 316 1 154 372
23 49 420 1 20 476
24 148 281 1 121 335
25 147 253 1 121 308
26 114 371 1 87 426
27 144 466 1 117 522
28 144 595 1 116 655
29 109 522 1 80 580
30 122 442 1 95 498
31 118 346 1 91 401
32 117 356 1 90 412
33 115 408 1 88 463
34 118 581 1 89 641
35 329 586 1 299 637
36 122 452 1 95 508
37 107 175 1 80 231
38 323 498 1 294 549
39 77 375 1 49 432
40 120 277 1 94 332
41 118 556 1 90 615
42 143 573 1 115 633
43 118 546 1 89 605
44 127 401 1 99 456
45 118 534 1 90 592
46 179 286 1 152 342
47 128 192 1 102 247
48 301 588 1 271 641
49 185 536 1 158 594
50 139 371 1 110 426
51 182 526 1 154 583
52 148 516 1 120 574
53 314 594 1 283 646
54 120 492 1 93 550
55 125 385 1 98 441
56 120 522 1 92 580
57 143 339 1 116 395
58 328 563 1 296 612
59 95 563 1 60 612
60 334 540 1 304 591
61 250 314 1 222 369
62 320 609 1 289 661
63 144 584 1 116 644
64 333 516 1 302 566
65 323 528 1 293 579
66 95 594 1 59 645
67 89 123 1 63 180
68 49 614 1 10 664
69 334 495 1 306 544
70 92 551 1 56 600
71 326 573 1 296 624
72 60 614 1 22 662
73 301 562 1 272 614
74 299 571 1 270 624
75 80 557 1 45 607
76 180 607 1 151 664
77 200 219 1 182 292
78 248 302 1 220 356
79 129 501 1 102 559
80 303 535 1 273 586
81 84 56 1 58 113
82 144 475 1 117 533
83 205 536 1 179 594
84 231 337 1 204 392
85 130 478 1 103 535
86 190 460 1 164 516
87 324 549 1 295 601
88 170 611 1 139 664
89 84 584 1 48 633
90 208 598 1 176 654
91 152 215 1 125 270
92 175 390 1 149 445
93 87 603 1 51 655
94 310 510 1 280 561
95 314 539 1 284 590
96 121 468 1 94 525
97 191 577 1 164 636
98 142 132 1 116 188
99 128 533 1 100 591
100 176 483 1 149 540
101 185 423 1 158 478
102 180 328 1 153 384
103 84 573 1 49 621
104 163 459 1 136 515
105 237 579 1 210 638
106 122 122 1 95 178
107 160 517 1 132 574
108 224 449 1 197 505
109 311 572 1 282 625
110 120 145 1 94 201
111 191 565 1 164 624
112 149 374 1 122 429
113 214 309 1 185 364
114 222 415 1 195 470
115 186 406 1 158 461
116 324 538 1 293 588
117 205 482 1 178 538
118 124 421 1 96 477
119 171 522 1 143 580
120 213 407 1 186 463
121 139 198 1 113 254
122 195 537 1 168 596
123 190 284 1 164 339
124 161 147 1 134 201
125 196 112 1 169 169
126 242 437 1 215 493
127 285 576 1 256 630
128 191 395 1 164 450
129 160 82 1 134 139
130 150 119 1 124 175
131 214 480 1 187 537
132 290 363 1 261 417
133 180 114 1 153 170
134 226 578 1 199 637
135 128 589 1 100 649
136 231 425 1 204 480
137 318 255 1 288 306
138 182 556 1 155 615
139 188 514 1 161 572
140 282 152 1 252 206
141 166 438 1 138 493
142 260 193 1 233 247
143 163 447 1 136 503
144 223 351 1 196 406
145 196 417 1 169 473
146 134 83 1 108 140
147 72 60 1 47 117
148 147 87 1 120 144
149 123 163 1 96 219
150 195 528 1 168 586
151 119 135 1 92 190
152 176 341 1 149 395
153 223 465 1 196 521
154 107 461 1 79 518
155 179 441 1 152 497
156 316 237 1 285 289
157 133 120 1 108 176
158 60 70 1 36 127
159 233 504 1 206 561
160 134 46 1 108 104
161 194 607 1 164 662
162 177 512 1 149 570
163 151 106 1 125 164
164 289 568 1 260 620
165 146 73 1 120 131
166 200 460 1 174 516
167 300 513 1 270 564
168 296 243 1 267 296
169 208 206 1 181 262
170 170 76 1 143 133
171 162 98 1 136 155
172 156 540 1 129 598
173 214 561 1 187 620
174 153 133 1 126 189
175 290 231 1 261 283
176 214 504 1 187 561
177 295 395 1 267 447
178 198 205 1 170 261
179 228 590 1 202 650
180 147 175 1 120 230
181 180 583 1 153 643
182 134 106 1 108 162
183 180 53 1 153 111
184 121 50 1 95 108
185 173 542 1 145 600
186 265 349 1 237 403
187 235 414 1 207 469
188 133 142 1 106 197
189 172 91 1 146 148
190 191 352 1 164 407
191 191 295 1 164 350
192 204 511 1 177 568
193 212 582 1 185 640
194 167 337 1 140 393
195 185 222 1 158 277
196 181 567 1 153 626
197 161 412 1 133 467
198 221 438 1 195 493
199 187 43 1 160 101
200 185 380 1 157 435
201 136 428 1 108 484
202 168 41 1 142 99
203 153 336 1 126 390
204 155 480 1 127 536
205 170 224 1 142 279
206 218 56 1 190 115
207 233 452 1 206 508
208 196 405 1 169 461
209 237 63 1 208 120
210 155 577 1 127 636
211 287 37 1 255 92
212 172 377 1 145 432
213 183 241 1 157 296
214 190 433 1 163 489
215 190 129 1 162 185
216 314 447 1 285 499
217 170 400 1 144 455
218 219 47 1 191 106
219 161 121 1 135 178
220 196 103 1 169 158
221 210 457 1 184 513
222 178 502 1 150 559
223 244 455 1 217 511
224 150 185 1 123 240
225 181 467 1 154 523
226 238 589 1 211 649
227 218 531 1 192 589
228 231 568 1 204 626
229 154 530 1 127 588
230 158 175 1 131 231
231 231 436 1 204 493
232 154 51 1 128 109
233 105 65 1 80 122
234 146 160 1 120 216
235 206 116 1 179 172
236 150 143 1 125 199
237 205 444 1 178 500
238 195 383 1 168 438
239 219 541 1 192 598
240 334 298 1 304 347
241 312 400 1 283 451
242 219 550 1 192 609
243 230 464 1 204 520
244 291 159 1 261 213
245 333 147 1 300 198
246 168 532 1 141 590
247 190 450 1 163 506
248 268 243 1 239 297
249 243 468 1 216 524
250 93 58 1 67 115
251 284 192 1 255 246
252 172 103 1 146 160
253 280 304 1 251 357
254 193 548 1 166 606
255 240 349 1 213 404
256 318 327 1 287 377
257 293 541 1 264 593
258 190 306 1 164 361
259 250 591 1 224 651
260 212 464 1 185 521
261 290 170 1 260 223
262 166 494 1 138 551
263 288 354 1 259 407
264 324 202 1 292 254
265 233 476 1 206 532
266 250 135 1 223 190
267 323 296 1 293 347
268 134 468 1 104 525
269 169 590 1 141 650
270 184 367 1 157 422
271 167 53 1 141 111
272 329 223 1 298 273
273 259 421 1 233 476
274 109 139 1 82 195
275 183 547 1 155 605
276 290 478 1 263 531
277 215 512 1 188 570
278 159 359 1 133 415
279 202 244 1 180 305
280 334 174 1 302 225
281 279 294 1 250 347
282 172 363 1 145 419
283 335 485 1 303 532
284 134 73 1 108 130
285 335 333 1 305 383
286 329 404 1 300 455
287 246 56 1 218 113
288 304 268 1 274 319
289 222 427 1 195 482
290 290 255 1 261 308
291 313 202 1 283 253
292 323 466 1 295 519
293 252 45 1 223 103
294 332 286 1 302 336
295 191 503 1 164 560
296 215 490 1 189 547
