0 122 267 1 97 322
1 144 398 1 120 453
2 121 289 1 95 343
3 143 408 1 118 463
4 141 545 1 117 603
5 144 440 1 119 496
6 123 254 1 98 308
7 139 533 1 115 591
8 103 507 1 78 565
9 97 227 1 72 281
10 138 557 1 114 615
11 143 425 1 118 481
12 109 440 1 84 495
13 108 489 1 82 545
14 113 397 1 87 451
15 78 337 1 52 392
16 85 75 1 59 131
17 109 473 1 84 529
18 72 71 1 47 127
19 54 456 1 28 512
20 134 519 1 109 575
21 127 348 1 102 403
22 179 317 1 154 372
23 46 421 1 20 476
24 146 282 1 121 335
25 146 254 1 121 308
26 112 372 1 87 426
27 142 467 1 117 522
28 141 597 1 116 656
29 106 523 1 80 581
30 120 443 1 95 499
31 116 347 1 91 402
32 115 357 1 90 412
33 113 409 1 88 463
34 114 583 1 89 642
35 327 592 1 300 640
36 120 453 1 95 509
37 106 176 1 81 231
38 322 502 1 295 550
39 75 376 1 49 432
40 119 278 1 94 332
41 114 557 1 90 616
42 139 575 1 115 633
43 115 548 1 89 605
44 124 402 1 99 456
45 115 535 1 90 593
46 177 287 1 152 342
47 127 192 1 102 247
48 316 615 1 290 664
49 298 592 1 271 643
50 182 538 1 158 594
51 137 372 1 110 426
52 179 527 1 155 584
53 145 518 1 120 575
54 311 598 1 284 649
55 118 493 1 93 550
56 123 386 1 98 441
57 117 523 1 92 581
58 141 340 1 116 395
59 326 568 1 297 614
60 93 568 1 60 615
61 332 544 1 305 593
62 248 315 1 222 369
63 179 614 1 151 666
64 140 586 1 116 645
65 331 521 1 303 568
66 321 532 1 294 580
67 91 598 1 59 648
68 88 124 1 63 180
69 332 499 1 307 546
70 88 556 1 55 603
71 324 578 1 297 626
72 299 566 1 272 616
73 296 575 1 271 626
74 77 561 1 45 610
75 198 218 1 182 291
76 246 304 1 220 356
77 126 502 1 102 559
78 301 539 1 274 588
79 83 56 1 58 113
80 141 476 1 117 533
81 202 538 1 179 595
82 229 339 1 204 392
83 127 480 1 103 536
84 188 461 1 164 517
85 323 554 1 296 603
86 80 588 1 47 636
87 205 602 1 177 656
88 151 216 1 125 270
89 173 391 1 149 445
90 84 608 1 51 658
91 307 514 1 281 563
92 196 208 1 170 261
93 312 543 1 285 592
94 119 469 1 94 525
95 188 579 1 164 637
96 141 133 1 116 188
97 125 534 1 100 592
98 173 484 1 149 540
99 183 425 1 158 478
100 178 329 1 153 384
101 81 577 1 48 625
102 161 461 1 136 515
103 234 581 1 211 638
104 121 123 1 95 178
105 157 518 1 132 575
106 222 450 1 197 505
107 308 576 1 282 627
108 120 145 1 94 201
109 188 567 1 164 625
110 147 375 1 122 429
111 212 310 1 185 365
112 220 416 1 195 470
113 183 407 1 159 462
114 322 542 1 294 590
115 203 483 1 178 539
116 121 422 1 96 477
117 168 524 1 144 581
118 210 409 1 186 463
119 138 199 1 113 254
120 192 539 1 168 596
121 188 285 1 164 339
122 161 148 1 134 201
123 195 113 1 169 169
124 240 439 1 215 493
125 282 580 1 257 631
126 189 396 1 164 450
127 160 83 1 134 139
128 150 120 1 124 174
129 211 481 1 187 537
130 289 366 1 261 417
131 179 115 1 153 170
132 223 579 1 199 637
133 125 591 1 100 650
134 228 426 1 204 480
135 317 257 1 288 306
136 178 558 1 155 616
137 185 515 1 161 572
138 282 154 1 253 206
139 163 439 1 138 493
140 260 195 1 233 247
141 161 449 1 136 504
142 221 353 1 196 406
143 194 418 1 169 473
144 133 84 1 108 140
145 72 60 1 47 117
146 146 87 1 120 144
147 122 164 1 96 219
148 192 529 1 169 586
149 119 136 1 92 190
150 174 342 1 149 396
151 221 466 1 196 521
152 105 462 1 80 518
153 176 442 1 152 497
154 315 239 1 286 289
155 133 121 1 108 176
156 60 70 1 36 126
157 230 506 1 206 561
158 133 47 1 108 104
159 191 611 1 164 664
160 174 513 1 149 570
161 151 107 1 125 163
162 287 572 1 261 622
163 146 74 1 120 131
164 198 462 1 174 517
165 298 517 1 271 565
166 296 246 1 267 296
167 207 207 1 181 262
168 170 77 1 143 133
169 162 99 1 136 155
170 153 541 1 129 598
171 211 563 1 188 620
172 152 134 1 126 189
173 290 233 1 261 283
174 211 505 1 187 561
175 293 398 1 267 448
176 225 592 1 202 650
177 146 175 1 120 230
178 177 585 1 153 643
179 134 106 1 108 162
180 180 54 1 153 111
181 121 50 1 95 108
182 170 543 1 145 601
183 263 351 1 237 403
184 233 416 1 207 469
185 132 142 1 106 197
186 172 92 1 146 148
187 189 353 1 165 407
188 189 296 1 164 350
189 201 512 1 177 568
190 208 583 1 185 641
191 165 339 1 140 393
192 184 223 1 158 277
193 177 569 1 153 626
194 159 413 1 133 468
195 219 440 1 195 493
196 186 44 1 160 101
197 183 381 1 157 435
198 133 429 1 108 484
199 168 42 1 142 99
200 151 337 1 126 390
201 152 481 1 127 537
202 169 226 1 142 279
203 217 58 1 190 115
204 231 454 1 206 508
205 194 407 1 169 461
206 237 65 1 208 120
207 152 578 1 127 637
208 287 39 1 256 92
209 170 378 1 145 432
210 181 242 1 157 296
211 187 434 1 163 489
212 189 130 1 163 185
213 312 450 1 286 500
214 168 401 1 144 455
215 219 49 1 191 106
216 161 122 1 135 178
217 196 104 1 169 158
218 207 458 1 184 513
219 175 503 1 151 559
220 241 457 1 217 511
221 149 185 1 123 240
222 178 468 1 154 523
223 235 591 1 211 649
224 216 532 1 192 589
225 228 569 1 204 627
226 151 532 1 127 589
227 157 176 1 131 231
228 229 438 1 204 493
229 154 51 1 128 109
230 105 65 1 80 122
231 145 161 1 120 216
232 205 117 1 179 172
233 150 143 1 125 199
234 203 446 1 178 501
235 193 384 1 168 438
236 216 543 1 192 599
237 334 301 1 304 348
238 310 402 1 283 452
239 216 552 1 192 609
240 228 466 1 204 521
241 291 161 1 261 213
242 333 149 1 301 198
243 165 533 1 141 590
244 188 452 1 163 507
245 267 245 1 239 297
246 241 470 1 217 524
247 93 59 1 67 115
248 283 194 1 255 246
249 172 104 1 146 160
250 278 307 1 251 357
251 190 549 1 167 606
252 239 351 1 214 404
253 316 329 1 288 378
254 291 545 1 264 594
255 189 307 1 164 361
256 247 594 1 224 652
257 209 466 1 185 521
258 289 172 1 261 223
259 163 495 1 138 551
260 286 356 1 260 407
261 323 205 1 293 254
262 230 477 1 206 532
263 249 136 1 223 190
264 323 299 1 294 347
265 131 469 1 104 525
266 165 591 1 141 650
267 182 368 1 157 422
268 167 53 1 141 110
269 329 225 1 299 274
270 257 423 1 233 476
271 108 140 1 82 195
272 179 548 1 156 605
273 288 481 1 263 532
274 212 514 1 188 570
275 157 360 1 133 415
276 201 244 1 180 305
277 334 176 1 302 225
278 278 297 1 251 348
279 170 365 1 145 419
280 333 488 1 304 534
281 134 74 1 109 130
282 334 336 1 305 384
283 328 408 1 300 456
284 246 57 1 218 113
285 303 269 1 275 319
286 219 428 1 195 482
287 289 258 1 261 308
288 313 204 1 283 253
289 322 469 1 296 520
290 252 47 1 223 103
291 332 288 1 302 336
292 188 504 1 164 561
293 213 492 1 189 547
