0 117 290 1 99 323
1 141 424 1 121 457
2 115 311 1 96 344
3 141 578 1 118 612
4 142 467 1 121 501
5 102 574 1 79 608
6 117 276 1 99 309
7 139 565 1 116 599
8 141 452 1 120 485
9 101 539 1 79 572
10 90 249 1 73 281
11 138 590 1 115 624
12 106 468 1 85 501
13 105 519 1 83 552
14 109 423 1 88 455
15 73 361 1 53 393
16 75 95 1 59 128
17 106 502 1 84 535
18 61 91 1 46 124
19 51 485 1 28 517
20 133 550 1 110 583
21 140 434 1 119 467
22 122 373 1 103 405
23 175 340 1 156 374
24 42 449 1 20 481
25 141 305 1 122 336
26 140 276 1 122 309
27 108 397 1 88 429
28 104 555 1 81 589
29 117 471 1 96 504
30 112 372 1 92 404
31 110 382 1 91 415
32 109 436 1 88 467
33 120 427 1 100 460
34 331 615 1 302 638
35 117 481 1 96 514
36 98 197 1 81 230
37 70 402 1 50 434
38 113 579 1 90 613
39 139 495 1 118 528
40 61 592 1 37 626
41 52 565 1 29 599
42 103 590 1 80 624
43 113 301 1 95 333
44 114 590 1 91 625
45 140 609 1 116 643
46 82 361 1 63 393
47 114 567 1 91 601
48 327 591 1 299 616
49 114 614 1 90 650
50 173 309 1 154 343
51 120 214 1 103 246
52 183 569 1 160 603
53 52 555 1 29 588
54 133 397 1 112 430
55 144 535 1 122 569
56 208 340 1 188 371
57 179 558 1 157 592
58 101 610 1 78 644
59 218 128 1 211 174
60 144 549 1 122 583
61 116 523 1 94 557
62 120 412 1 100 445
63 116 555 1 93 589
64 136 365 1 118 397
65 248 343 1 227 375
66 222 245 1 207 283
67 80 144 1 64 178
68 273 408 1 252 440
69 189 249 1 176 289
70 125 140 1 109 174
71 164 585 1 142 620
72 212 476 1 190 509
73 245 330 1 225 362
74 331 577 1 303 600
75 317 593 1 287 615
76 237 614 1 215 650
77 125 532 1 104 566
78 189 612 1 167 647
79 216 457 1 195 489
80 73 76 1 57 110
81 140 505 1 118 539
82 216 369 1 196 401
83 204 568 1 182 603
84 227 362 1 207 395
85 128 509 1 104 542
86 201 227 1 184 261
87 190 601 1 167 636
88 187 489 1 167 523
89 150 434 1 129 466
90 322 269 1 299 298
91 145 237 1 127 269
92 171 417 1 151 449
93 180 590 1 157 625
94 212 510 1 190 544
95 116 499 1 95 532
96 133 153 1 117 186
97 123 566 1 101 600
98 173 515 1 151 548
99 182 453 1 161 485
100 174 352 1 155 386
101 161 468 1 140 501
102 159 492 1 138 524
103 289 272 1 267 302
104 112 143 1 96 176
105 157 549 1 134 583
106 222 479 1 201 512
107 316 495 1 292 525
108 231 432 1 210 465
109 111 166 1 94 199
110 286 50 1 265 84
111 144 400 1 123 432
112 122 162 1 107 195
113 219 443 1 199 476
114 181 435 1 161 468
115 180 406 1 160 439
116 119 449 1 97 482
117 168 555 1 146 589
118 210 435 1 189 468
119 131 220 1 114 253
120 194 590 1 172 624
121 193 570 1 171 604
122 184 307 1 166 340
123 67 542 1 44 574
124 153 167 1 134 200
125 241 467 1 219 501
126 186 423 1 167 456
127 151 102 1 135 136
128 142 139 1 125 172
129 295 234 1 273 264
130 293 401 1 270 431
131 172 134 1 154 168
132 157 444 1 137 478
133 215 606 1 192 641
134 226 614 1 203 649
135 228 455 1 208 487
136 262 497 1 240 530
137 231 442 1 211 475
138 282 174 1 261 206
139 268 438 1 246 470
140 316 450 1 292 480
141 159 479 1 138 511
142 220 379 1 199 411
143 333 525 1 308 554
144 193 446 1 172 479
145 124 104 1 109 137
146 62 81 1 46 113
147 137 107 1 121 141
148 309 511 1 285 541
149 114 185 1 97 218
150 194 560 1 171 595
151 110 156 1 92 188
152 171 366 1 152 398
153 222 496 1 200 529
154 102 491 1 80 524
155 286 375 1 265 406
156 175 472 1 154 505
157 293 412 1 271 442
158 49 91 1 34 123
159 232 537 1 210 571
160 124 66 1 108 100
161 334 333 1 309 360
162 174 544 1 151 578
163 143 127 1 126 161
164 137 93 1 122 128
165 198 489 1 177 523
166 306 242 1 283 272
167 300 273 1 278 303
168 162 96 1 145 130
169 153 118 1 137 152
170 153 573 1 131 607
171 214 596 1 191 631
172 144 154 1 127 188
173 293 259 1 271 289
174 212 535 1 190 569
175 184 547 1 164 580
176 328 291 1 304 319
177 299 434 1 277 464
178 274 312 1 253 344
179 139 196 1 121 230
180 125 126 1 109 160
181 286 360 1 263 390
182 171 72 1 155 107
183 110 70 1 95 104
184 170 576 1 148 610
185 261 237 1 241 268
186 164 111 1 148 145
187 264 313 1 243 344
188 187 378 1 167 411
189 185 318 1 166 351
190 202 541 1 180 576
191 162 363 1 142 396
192 178 244 1 160 276
193 179 604 1 156 638
194 284 432 1 262 464
195 219 467 1 198 500
196 178 61 1 161 97
197 326 307 1 302 336
198 131 456 1 110 489
199 159 60 1 143 96
200 147 361 1 127 393
201 151 512 1 129 544
202 162 246 1 144 279
203 266 264 1 246 295
204 210 74 1 193 111
205 232 483 1 210 516
206 193 433 1 172 466
207 231 80 1 213 115
208 152 614 1 129 648
209 167 403 1 147 436
210 176 263 1 159 297
211 186 461 1 166 494
212 166 429 1 146 461
213 211 65 1 194 102
214 153 142 1 137 175
215 189 122 1 171 155
216 208 486 1 187 520
217 175 533 1 153 567
218 243 486 1 221 520
219 142 206 1 125 239
220 177 497 1 156 530
221 217 563 1 195 597
222 232 603 1 208 638
223 152 563 1 129 597
224 149 197 1 132 230
225 229 467 1 208 500
226 291 390 1 269 420
227 145 70 1 129 105
228 95 85 1 80 119
229 138 182 1 121 215
230 216 572 1 195 607
231 203 474 1 181 507
232 191 410 1 170 443
233 282 231 1 261 263
234 300 456 1 277 485
235 279 398 1 258 429
236 218 585 1 196 619
237 229 495 1 208 529
238 293 182 1 271 214
239 165 565 1 143 599
240 187 480 1 166 513
241 328 374 1 304 402
242 318 344 1 295 374
243 243 499 1 221 533
244 327 279 1 304 309
245 82 78 1 67 111
246 285 217 1 263 248
247 164 123 1 148 157
248 281 335 1 259 366
249 192 580 1 169 615
250 238 377 1 218 409
251 185 330 1 167 363
252 273 299 1 252 330
253 209 494 1 188 527
254 292 195 1 270 225
255 318 220 1 295 248
256 232 507 1 210 540
257 180 393 1 160 426
258 158 72 1 142 107
259 99 161 1 83 194
260 181 580 1 158 615
261 214 544 1 192 578
262 154 386 1 135 418
263 280 327 1 258 356
264 167 389 1 147 422
265 240 73 1 222 108
266 310 299 1 286 329
267 293 286 1 271 316
268 320 230 1 297 259
269 247 62 1 228 96
270 189 534 1 167 568
271 214 520 1 192 554
