0 110 274 1 99 323
1 128 411 1 122 459
2 107 295 1 97 344
3 120 567 1 119 617
4 126 455 1 122 504
5 81 562 1 80 614
6 111 259 1 100 309
7 118 554 1 117 604
8 126 440 1 121 488
9 82 525 1 79 576
10 85 231 1 73 281
11 117 579 1 116 630
12 90 454 1 85 504
13 86 505 1 83 556
14 96 409 1 89 458
15 63 341 1 54 393
16 77 72 1 59 126
17 89 488 1 85 539
18 63 68 1 45 122
19 114 538 1 111 588
20 126 421 1 120 470
21 112 358 1 104 407
22 166 328 1 157 375
23 134 289 1 123 337
24 134 260 1 123 309
25 96 382 1 89 431
26 83 542 1 82 594
27 123 538 1 122 588
28 101 356 1 93 406
29 95 422 1 89 470
30 107 413 1 101 462
31 101 468 1 96 518
32 96 178 1 82 229
33 91 566 1 91 618
34 122 483 1 119 532
35 38 577 1 37 631
36 31 549 1 29 603
37 81 578 1 80 630
38 119 383 1 113 432
39 115 613 1 116 665
40 106 284 1 95 334
41 92 579 1 91 631
42 106 520 1 104 570
43 117 598 1 117 649
44 72 342 1 63 394
45 57 384 1 50 435
46 93 555 1 91 606
47 91 603 1 91 655
48 166 296 1 156 344
49 117 196 1 104 246
50 217 225 1 217 299
51 162 560 1 162 608
52 32 539 1 29 592
53 125 525 1 123 574
54 200 332 1 190 375
55 160 549 1 159 598
56 78 598 1 78 650
57 216 52 1 196 99
58 97 510 1 95 561
59 95 542 1 94 593
60 126 350 1 119 399
61 80 123 1 65 176
62 240 338 1 230 379
63 107 398 1 100 447
64 131 386 1 124 434
65 266 398 1 257 436
66 210 338 1 200 380
67 227 452 1 222 495
68 264 408 1 256 447
69 228 411 1 220 452
70 34 565 1 32 618
71 226 463 1 222 506
72 164 78 1 146 128
73 220 342 1 209 383
74 126 122 1 109 173
75 143 576 1 143 626
76 196 469 1 192 514
77 239 324 1 228 365
78 215 610 1 217 657
79 167 605 1 168 654
80 202 448 1 197 493
81 123 494 1 119 543
82 183 43 1 163 94
83 207 360 1 198 404
84 184 560 1 184 608
85 218 352 1 209 397
86 246 404 1 239 445
87 198 215 1 185 261
88 168 595 1 169 643
89 171 480 1 169 527
90 136 422 1 130 469
91 334 607 1 329 632
92 141 221 1 127 269
93 158 405 1 152 451
94 108 137 1 93 187
95 159 581 1 159 631
96 188 611 1 189 658
97 132 500 1 130 549
98 99 486 1 95 535
99 34 597 1 33 651
100 133 135 1 117 185
101 236 66 1 215 112
102 206 436 1 201 480
103 155 506 1 152 553
104 167 444 1 162 490
105 165 340 1 157 387
106 208 418 1 201 459
107 145 459 1 141 506
108 142 483 1 139 529
109 88 477 1 85 527
110 322 328 1 307 359
111 113 124 1 96 175
112 222 402 1 212 440
113 137 540 1 135 589
114 207 472 1 203 517
115 306 508 1 300 540
116 218 424 1 212 469
117 198 412 1 191 454
118 110 147 1 95 198
119 156 611 1 157 660
120 81 588 1 81 639
121 122 143 1 107 194
122 168 426 1 162 472
123 168 395 1 161 441
124 104 435 1 98 485
125 148 546 1 147 594
126 197 426 1 191 472
127 128 203 1 115 253
128 173 581 1 174 630
129 173 561 1 173 610
130 177 294 1 167 341
131 46 529 1 43 580
132 152 153 1 135 200
133 296 190 1 276 227
134 173 414 1 168 459
135 154 84 1 136 134
136 143 122 1 125 171
137 298 232 1 279 268
138 286 404 1 276 440
139 263 248 1 248 288
140 142 433 1 138 480
141 317 392 1 304 424
142 193 602 1 194 648
143 204 610 1 206 656
144 257 379 1 248 418
145 215 448 1 210 492
146 218 435 1 213 479
147 216 63 1 195 108
148 257 438 1 250 477
149 308 461 1 300 493
150 143 469 1 139 516
151 210 371 1 201 415
152 40 556 1 38 609
153 178 437 1 173 483
154 64 57 1 46 111
155 296 521 1 292 556
156 112 167 1 97 218
157 282 255 1 265 290
158 174 552 1 173 600
159 161 353 1 153 400
160 205 489 1 202 534
161 280 378 1 270 414
162 160 463 1 155 509
163 285 417 1 276 452
164 51 68 1 34 121
165 214 532 1 213 577
166 128 46 1 109 97
167 154 535 1 153 583
168 144 109 1 127 160
169 324 247 1 305 281
170 182 480 1 179 527
171 310 242 1 291 276
172 301 274 1 284 308
173 156 101 1 138 150
174 133 563 1 132 613
175 192 590 1 193 637
176 144 137 1 128 186
177 293 258 1 277 293
178 133 467 1 129 515
179 193 528 1 192 574
180 175 463 1 171 509
181 164 538 1 163 586
182 227 441 1 222 484
183 270 309 1 258 348
184 137 180 1 122 229
185 126 108 1 110 158
186 281 365 1 270 402
187 163 416 1 159 463
188 114 49 1 95 102
189 149 566 1 149 616
190 260 231 1 244 270
191 167 94 1 149 143
192 259 311 1 247 349
193 296 207 1 276 243
194 178 306 1 167 352
195 302 168 1 280 205
196 183 533 1 182 580
197 152 350 1 143 397
198 174 230 1 161 276
199 157 597 1 157 645
200 274 435 1 267 472
201 205 460 1 200 505
202 116 443 1 110 492
203 165 42 1 144 94
204 137 347 1 128 395
205 158 231 1 145 279
206 264 258 1 250 298
207 216 477 1 213 521
208 180 424 1 173 469
209 259 212 1 242 254
210 155 391 1 149 438
211 171 249 1 160 297
212 172 451 1 167 498
213 152 418 1 147 465
214 296 303 1 281 337
215 153 125 1 138 174
216 192 477 1 189 524
217 156 524 1 154 572
218 228 481 1 224 525
219 140 189 1 125 239
220 160 486 1 157 534
221 290 169 1 270 207
222 198 556 1 197 603
223 210 599 1 211 645
224 131 553 1 130 603
225 148 181 1 133 229
226 215 460 1 210 504
227 284 391 1 274 427
228 98 64 1 80 117
229 136 165 1 121 214
230 197 565 1 197 613
231 187 467 1 183 512
232 179 401 1 172 445
233 290 462 1 283 497
234 333 298 1 316 328
235 299 179 1 278 215
236 145 555 1 144 604
237 227 495 1 223 538
238 165 106 1 149 156
239 171 572 1 171 621
240 228 370 1 220 413
241 315 512 1 310 545
242 177 317 1 168 364
243 270 296 1 256 334
244 322 230 1 302 263
245 275 463 1 269 503
246 324 274 1 305 305
247 290 272 1 274 308
248 322 127 1 295 160
249 306 304 1 290 337
250 322 544 1 317 575
251 169 381 1 161 428
252 215 490 1 212 534
253 275 335 1 264 372
254 98 142 1 83 193
255 160 571 1 160 620
256 195 537 1 194 584
257 143 373 1 136 420
258 276 326 1 263 362
259 155 377 1 148 424
260 293 286 1 277 321
261 255 48 1 232 92
262 170 526 1 169 573
263 197 512 1 194 558
