0 134 326 1 100 324
1 153 469 1 124 465
2 106 591 1 80 588
3 131 347 1 98 346
4 152 515 1 124 511
5 134 310 1 101 310
6 152 499 1 123 495
7 108 281 1 74 281
8 299 450 1 263 434
9 114 515 1 86 512
10 110 570 1 84 567
11 120 467 1 90 464
12 87 393 1 55 394
13 97 120 1 58 122
14 113 551 1 86 548
15 83 117 1 44 117
16 137 605 1 113 600
17 152 406 1 120 403
18 152 479 1 122 476
19 136 413 1 105 411
20 192 381 1 160 377
21 243 306 1 193 267
22 158 341 1 125 339
23 159 311 1 125 310
24 119 439 1 90 436
25 107 610 1 82 606
26 150 605 1 125 600
27 125 411 1 94 410
28 119 480 1 90 477
29 234 516 1 194 468
30 148 556 1 121 551
31 79 438 1 51 438
32 125 530 1 98 526
33 119 227 1 83 227
34 148 545 1 121 541
35 131 454 1 102 452
36 145 439 1 114 437
37 129 337 1 96 335
38 96 394 1 65 395
39 192 348 1 158 346
40 141 245 1 105 244
41 220 515 1 191 508
42 122 575 1 96 572
43 120 610 1 95 606
44 103 172 1 66 174
45 272 399 1 237 388
46 156 443 1 126 440
47 194 498 1 164 491
48 131 585 1 106 581
49 246 405 1 214 401
50 229 476 1 193 448
51 186 125 1 148 123
52 148 170 1 110 170
53 187 615 1 162 611
54 200 511 1 171 506
55 270 384 1 235 374
56 254 486 1 220 467
57 226 490 1 193 472
58 175 457 1 145 453
59 185 463 1 155 458
60 206 441 1 174 436
61 224 264 1 188 261
62 199 543 1 172 537
63 171 595 1 145 589
64 162 479 1 132 475
65 218 306 1 171 270
66 165 270 1 129 268
67 129 186 1 93 185
68 159 565 1 132 560
69 124 548 1 97 545
70 155 184 1 118 182
71 182 572 1 155 566
72 191 394 1 160 390
73 171 524 1 143 517
74 254 439 1 222 432
75 169 550 1 141 543
76 112 540 1 86 537
77 134 172 1 96 172
78 164 608 1 138 602
79 238 537 1 208 529
80 132 196 1 95 196
81 307 375 1 269 362
82 150 489 1 121 485
83 144 193 1 108 192
84 310 47 1 262 41
85 196 488 1 166 481
86 195 453 1 164 448
87 128 495 1 99 492
88 176 614 1 150 607
89 266 495 1 232 478
90 151 252 1 116 252
91 203 346 1 170 343
92 174 205 1 135 199
93 335 356 1 293 336
94 277 175 1 237 169
95 335 193 1 289 179
96 201 474 1 172 467
97 321 157 1 275 146
98 176 131 1 137 130
99 165 170 1 127 168
100 261 420 1 227 411
101 172 502 1 143 496
102 181 601 1 156 595
103 323 274 1 280 258
104 329 336 1 287 318
105 169 535 1 142 528
106 238 432 1 206 424
107 83 106 1 44 107
108 313 403 1 276 387
109 134 217 1 97 216
110 327 298 1 284 281
111 187 409 1 156 405
112 235 554 1 207 546
113 320 453 1 283 434
114 187 528 1 158 521
115 327 499 1 291 478
116 70 116 1 32 117
117 246 602 1 219 592
118 167 157 1 128 156
119 319 439 1 282 420
120 211 542 1 183 536
121 178 148 1 140 147
122 167 186 1 130 184
123 159 529 1 131 525
124 224 594 1 197 586
125 203 524 1 175 518
126 192 605 1 166 598
127 318 429 1 281 411
128 160 230 1 124 228
129 148 156 1 111 155
130 191 476 1 162 470
131 135 97 1 96 97
132 292 287 1 254 276
133 189 141 1 151 139
134 294 373 1 257 360
135 204 358 1 171 354
136 323 316 1 281 301
137 213 599 1 186 592
138 177 405 1 145 402
139 199 279 1 164 276
140 321 285 1 279 270
141 299 32 1 253 27
142 141 503 1 112 499
143 162 403 1 130 399
144 334 553 1 299 528
145 181 279 1 148 278
146 202 581 1 176 574
147 247 543 1 218 533
148 207 483 1 177 478
149 326 476 1 288 454
150 289 265 1 251 256
151 170 491 1 140 487
152 181 448 1 151 444
153 197 300 1 163 297
154 335 251 1 292 231
155 283 104 1 240 98
156 179 480 1 150 473
157 327 485 1 290 465
158 177 173 1 139 171
159 222 540 1 193 533
160 184 590 1 158 584
161 259 548 1 230 538
162 163 238 1 127 238
163 329 222 1 284 208
164 330 326 1 288 309
165 171 231 1 135 228
166 118 112 1 79 112
167 159 214 1 123 213
168 216 531 1 187 522
169 206 459 1 176 452
170 334 528 1 297 504
171 301 170 1 258 159
172 196 462 1 166 457
173 102 558 1 75 556
174 184 553 1 157 546
175 259 562 1 230 552
176 189 153 1 151 152
177 305 529 1 271 508
178 259 430 1 226 422
179 322 463 1 285 443
180 204 370 1 171 366
181 315 142 1 269 132
182 285 395 1 248 381
183 302 334 1 263 320
184 332 340 1 290 321
185 292 416 1 256 402
186 196 438 1 164 433
187 246 557 1 217 547
188 315 300 1 274 286
189 301 307 1 258 295
190 294 611 1 264 595
191 225 605 1 199 596
192 168 429 1 138 425
193 181 433 1 151 429
194 199 592 1 172 585
