0 107 338 1 101 325
1 130 482 1 125 467
2 104 359 1 99 347
3 129 529 1 124 514
4 107 322 1 101 310
5 128 513 1 123 498
6 80 293 1 74 281
7 278 465 1 267 440
8 90 530 1 86 514
9 88 586 1 84 570
10 95 481 1 90 466
11 61 406 1 55 395
12 66 131 1 58 121
13 90 567 1 86 551
14 51 127 1 43 116
15 127 418 1 121 404
16 128 493 1 123 478
17 98 592 1 96 575
18 167 392 1 161 378
19 132 353 1 126 340
20 132 322 1 125 310
21 94 452 1 90 438
22 110 425 1 106 412
23 99 424 1 94 411
24 95 495 1 90 479
25 125 571 1 121 554
26 54 452 1 51 439
27 102 545 1 98 529
28 90 238 1 83 227
29 126 560 1 122 544
30 106 467 1 102 454
31 120 452 1 115 438
32 103 348 1 97 336
33 69 407 1 65 395
34 166 358 1 159 346
35 112 256 1 106 244
36 198 528 1 192 511
37 158 602 1 154 584
38 74 182 1 66 173
39 248 411 1 239 392
40 132 456 1 127 441
41 171 512 1 165 494
42 110 602 1 106 585
43 237 529 1 230 509
44 278 564 1 268 537
45 221 418 1 215 403
46 156 134 1 148 122
47 199 554 1 194 537
48 118 180 1 111 169
49 231 488 1 220 461
50 178 524 1 172 508
51 246 396 1 237 377
52 245 512 1 235 485
53 233 505 1 222 475
54 200 478 1 190 445
55 210 470 1 197 432
56 170 450 1 165 435
57 151 470 1 146 455
58 162 475 1 156 459
59 182 497 1 178 480
60 182 453 1 176 438
61 224 442 1 217 424
62 235 518 1 227 496
63 320 356 1 304 328
64 178 557 1 173 540
65 138 492 1 133 477
66 214 236 1 203 216
67 137 280 1 130 268
68 100 196 1 93 184
69 305 231 1 289 209
70 182 535 1 176 520
71 137 581 1 133 564
72 101 564 1 97 548
73 126 194 1 119 182
74 312 370 1 298 341
75 161 588 1 156 570
76 258 534 1 242 488
77 166 405 1 161 391
78 148 539 1 144 521
79 193 544 1 188 526
80 231 451 1 224 434
81 147 566 1 142 547
82 89 555 1 86 540
83 104 183 1 97 171
84 323 309 1 305 281
85 212 530 1 205 512
86 215 563 1 199 506
87 103 207 1 95 196
88 284 388 1 272 366
89 126 503 1 121 487
90 115 204 1 108 192
91 173 501 1 167 484
92 171 465 1 165 450
93 104 509 1 100 494
94 317 211 1 299 187
95 123 263 1 117 251
96 178 357 1 171 343
97 145 215 1 135 199
98 250 184 1 239 168
99 178 486 1 173 469
100 296 165 1 280 144
101 147 141 1 138 128
102 135 180 1 127 167
103 157 611 1 153 593
104 237 431 1 229 413
105 149 517 1 143 499
106 166 585 1 163 566
107 147 612 1 143 593
108 282 52 1 266 36
109 202 609 1 198 591
110 307 349 1 292 323
111 273 540 1 260 502
112 147 550 1 142 532
113 214 444 1 208 426
114 320 340 1 303 311
115 52 116 1 44 105
116 292 418 1 279 392
117 105 228 1 98 216
118 312 291 1 296 265
119 304 310 1 289 284
120 162 421 1 156 407
121 317 190 1 299 165
122 299 468 1 287 441
123 165 543 1 159 525
124 313 277 1 296 251
125 39 127 1 31 116
126 239 565 1 232 542
127 324 223 1 305 197
128 137 167 1 129 155
129 298 454 1 286 427
130 190 556 1 184 539
131 316 571 1 303 537
132 148 158 1 140 146
133 138 196 1 130 183
134 136 545 1 132 528
135 308 200 1 291 177
136 298 444 1 285 417
137 132 240 1 124 228
138 118 165 1 111 154
139 168 489 1 163 473
140 104 106 1 96 95
141 309 46 1 289 27
142 160 150 1 152 138
143 308 359 1 293 331
144 313 260 1 296 234
145 178 368 1 172 355
146 311 167 1 293 144
147 152 417 1 146 403
148 172 289 1 165 276
149 298 296 1 283 273
150 271 38 1 256 22
151 311 320 1 295 294
152 118 517 1 112 502
153 137 415 1 131 401
154 153 289 1 149 278
155 182 596 1 177 578
156 307 190 1 289 167
157 314 78 1 293 58
158 306 493 1 293 462
159 147 504 1 141 489
160 158 461 1 152 446
161 170 311 1 164 298
162 333 381 1 315 351
163 255 111 1 242 95
164 155 493 1 150 476
165 308 503 1 295 473
166 315 247 1 298 221
167 326 341 1 309 313
168 148 182 1 140 170
169 324 330 1 307 303
170 134 249 1 128 238
171 302 285 1 287 260
172 170 603 1 165 583
173 309 340 1 293 313
174 235 400 1 227 381
175 144 241 1 135 228
176 87 122 1 79 111
177 130 225 1 123 212
178 179 605 1 174 587
179 183 471 1 177 454
180 275 178 1 261 158
181 168 553 1 163 534
182 173 475 1 167 459
183 299 264 1 284 241
184 79 575 1 75 559
185 256 368 1 245 348
186 162 568 1 157 550
187 238 575 1 232 556
188 321 390 1 305 361
189 327 319 1 309 291
190 159 163 1 151 151
191 236 442 1 228 425
192 302 479 1 290 451
193 178 381 1 172 367
194 241 475 1 230 446
195 301 329 1 286 304
196 289 150 1 274 130
197 262 408 1 251 386
198 279 347 1 267 323
199 309 520 1 296 487
200 254 487 1 243 460
201 269 430 1 259 407
202 259 579 1 250 553
203 226 571 1 219 551
204 292 312 1 278 289
205 252 423 1 242 402
206 324 438 1 309 405
207 224 609 1 219 589
208 262 418 1 253 398
209 332 256 1 313 230
210 273 301 1 261 281
211 308 300 1 294 277
212 144 442 1 139 427
213 297 376 1 284 350
214 157 446 1 152 431
215 257 455 1 248 434
216 329 269 1 310 242
217 271 168 1 254 146
