0 97 320 1 101 325
1 117 466 1 125 468
2 94 342 1 99 347
3 116 513 1 125 515
4 98 304 1 102 310
5 115 496 1 124 499
6 71 274 1 74 281
7 266 456 1 269 444
8 76 513 1 86 516
9 73 569 1 85 572
10 82 464 1 90 467
11 50 387 1 56 395
12 60 110 1 58 120
13 75 550 1 86 553
14 45 107 1 43 115
15 116 401 1 121 405
16 115 476 1 123 479
17 83 575 1 97 577
18 156 376 1 161 378
19 122 336 1 126 340
20 122 305 1 126 310
21 82 435 1 90 439
22 98 408 1 106 413
23 87 407 1 94 412
24 82 477 1 90 480
25 111 555 1 121 556
26 42 433 1 51 440
27 88 528 1 98 530
28 82 219 1 83 227
29 112 544 1 122 546
30 152 614 1 163 613
31 94 450 1 102 455
32 108 435 1 115 439
33 92 331 1 97 336
34 58 388 1 65 395
35 256 466 1 260 455
36 156 342 1 160 346
37 104 238 1 106 244
38 184 512 1 193 512
39 143 586 1 155 586
40 115 601 1 127 602
41 81 487 1 89 490
42 67 162 1 67 172
43 238 399 1 240 394
44 119 439 1 127 442
45 158 497 1 165 496
46 95 585 1 107 587
47 240 490 1 244 480
48 132 606 1 144 606
49 219 525 1 227 521
50 223 515 1 231 511
51 264 554 1 270 542
52 151 116 1 148 121
53 211 604 1 222 600
54 134 537 1 143 535
55 186 539 1 195 538
56 112 162 1 111 168
57 218 479 1 222 465
58 173 177 1 158 147
59 165 509 1 173 510
60 236 383 1 238 379
61 231 500 1 236 489
62 188 470 1 191 451
63 158 434 1 166 436
64 196 174 1 165 121
65 138 454 1 146 456
66 149 459 1 156 460
67 169 482 1 179 482
68 125 399 1 131 402
69 170 437 1 176 439
70 213 428 1 218 425
71 222 505 1 228 499
72 313 348 1 307 331
73 164 541 1 174 541
74 125 476 1 133 478
75 207 221 1 203 216
76 129 263 1 130 268
77 92 177 1 93 184
78 230 490 1 235 480
79 301 219 1 292 209
80 168 520 1 177 522
81 87 547 1 97 550
82 119 176 1 119 181
83 305 361 1 301 344
84 146 573 1 157 572
85 155 389 1 161 392
86 135 524 1 144 523
87 180 529 1 189 528
88 220 438 1 225 436
89 133 551 1 142 549
90 75 538 1 86 542
91 195 447 1 199 445
92 98 164 1 97 171
93 317 300 1 309 284
94 198 516 1 206 514
95 95 189 1 95 196
96 275 378 1 274 368
97 113 486 1 122 489
98 108 185 1 108 191
99 160 486 1 167 486
100 159 450 1 166 451
101 91 493 1 100 496
102 314 199 1 302 187
103 115 245 1 117 251
104 168 341 1 172 344
105 138 199 1 135 199
106 245 169 1 240 167
107 165 472 1 173 471
108 293 151 1 282 143
109 141 122 1 138 128
110 129 161 1 127 167
111 142 595 1 154 595
112 226 418 1 230 415
113 135 502 1 144 501
114 152 570 1 163 568
115 186 176 1 164 136
116 131 596 1 143 595
117 282 35 1 268 33
118 186 594 1 198 593
119 300 340 1 295 325
120 202 430 1 209 428
121 314 332 1 306 314
122 46 95 1 44 104
123 282 408 1 282 395
124 97 210 1 98 216
125 307 280 1 299 267
126 155 518 1 164 517
127 298 300 1 292 286
128 151 405 1 157 407
129 315 177 1 302 165
130 289 458 1 290 445
131 151 528 1 160 527
132 308 266 1 300 252
133 32 105 1 30 115
134 322 211 1 309 197
135 131 148 1 129 155
136 288 445 1 288 431
137 176 540 1 185 541
138 304 565 1 306 543
139 143 140 1 140 145
140 131 178 1 130 183
141 122 529 1 132 530
142 306 188 1 294 177
143 322 349 1 315 330
144 288 435 1 288 421
145 124 222 1 124 228
146 112 147 1 111 153
147 156 474 1 163 474
148 99 86 1 96 94
149 311 28 1 292 23
150 154 132 1 152 137
151 300 349 1 296 334
152 309 249 1 299 235
153 168 352 1 172 355
154 310 153 1 296 143
155 141 401 1 147 404
156 163 273 1 165 276
157 291 285 1 286 274
158 272 24 1 257 19
159 305 310 1 298 297
160 104 500 1 113 503
161 145 272 1 149 278
162 167 581 1 178 580
163 304 177 1 292 167
164 315 62 1 297 55
165 295 485 1 296 467
166 145 444 1 153 447
167 161 294 1 164 298
168 326 374 1 319 355
169 214 572 1 213 530
170 252 95 1 244 94
171 142 478 1 151 478
172 297 495 1 298 478
173 311 236 1 301 222
174 320 332 1 313 316
175 141 164 1 140 170
176 318 322 1 311 305
177 126 231 1 128 237
178 297 274 1 290 262
179 155 587 1 166 586
180 302 330 1 296 315
181 225 387 1 228 383
182 136 224 1 136 228
183 82 102 1 79 110
184 123 207 1 123 212
185 164 589 1 175 589
186 170 456 1 177 456
187 271 164 1 263 158
188 154 538 1 163 536
189 160 460 1 168 460
190 293 251 1 287 242
191 64 558 1 75 561
192 246 355 1 247 349
193 148 554 1 158 552
194 313 382 1 308 364
195 321 311 1 313 293
196 154 145 1 152 151
197 228 526 1 235 522
198 224 429 1 229 426
199 291 471 1 292 455
200 168 365 1 173 368
201 294 319 1 288 306
202 287 136 1 276 129
203 251 396 1 253 388
204 271 334 1 269 325
205 298 512 1 298 492
206 153 602 1 164 602
207 241 477 1 245 464
208 259 418 1 261 409
209 245 568 1 251 557
210 266 545 1 271 532
211 285 301 1 280 291
212 241 410 1 244 404
213 316 431 1 312 410
214 209 595 1 220 591
215 252 406 1 254 400
216 328 246 1 317 231
217 266 289 1 263 282
218 302 290 1 297 278
219 132 426 1 139 428
220 288 366 1 287 353
221 285 203 1 277 194
222 145 430 1 152 432
223 319 48 1 300 42
224 246 443 1 250 436
225 325 259 1 314 244
226 327 125 1 310 115
227 267 153 1 257 145
228 314 366 1 310 351
229 251 584 1 260 576
