0 80 302 1 101 325
1 99 449 1 126 469
2 97 497 1 125 517
3 81 286 1 102 310
4 96 480 1 124 501
5 55 255 1 74 281
6 57 496 1 87 518
7 53 553 1 85 574
8 64 447 1 90 469
9 32 369 1 56 395
10 46 89 1 57 119
11 56 534 1 86 555
12 213 552 1 230 523
13 31 85 1 43 114
14 99 385 1 122 406
15 97 460 1 123 481
16 64 559 1 97 579
17 139 359 1 162 379
18 105 318 1 126 341
19 106 287 1 126 310
20 64 418 1 90 440
21 140 327 1 160 347
22 91 596 1 124 615
23 80 391 1 106 414
24 70 390 1 95 413
25 63 461 1 90 482
26 200 570 1 218 536
27 68 511 1 99 533
28 201 273 1 195 231
29 92 539 1 122 559
30 196 579 1 216 549
31 67 200 1 83 226
32 215 562 1 235 537
33 132 598 1 164 617
34 76 435 1 102 457
35 90 419 1 115 441
36 172 167 1 164 132
37 187 522 1 215 537
38 202 167 1 184 121
39 93 529 1 122 548
40 89 219 1 106 244
41 42 369 1 66 396
42 166 497 1 194 515
43 124 571 1 155 589
44 201 470 1 224 472
45 95 586 1 127 605
46 62 470 1 89 492
47 53 142 1 67 172
48 222 385 1 242 396
49 102 423 1 128 444
50 140 482 1 166 499
51 76 569 1 107 589
52 230 570 1 250 546
53 171 442 1 197 460
54 113 531 1 143 549
55 112 591 1 145 609
56 201 512 1 228 525
57 205 502 1 232 515
58 176 287 1 174 240
59 138 96 1 149 120
60 192 591 1 224 605
61 114 522 1 143 538
62 167 525 1 196 541
63 98 142 1 111 168
64 114 600 1 147 619
65 146 494 1 173 512
66 220 370 1 240 381
67 233 543 1 254 530
68 203 425 1 227 438
69 223 480 1 246 486
70 180 512 1 208 527
71 140 418 1 167 437
72 121 438 1 147 458
73 131 443 1 157 462
74 151 467 1 180 484
75 108 382 1 132 403
76 152 422 1 177 440
77 195 414 1 220 428
78 204 494 1 230 503
79 302 339 1 312 336
80 145 526 1 175 544
81 107 459 1 134 480
82 297 290 1 304 287
83 193 206 1 205 217
84 113 244 1 131 268
85 78 158 1 93 183
86 213 481 1 237 485
87 291 206 1 296 210
88 149 505 1 178 524
89 315 575 1 336 563
90 67 531 1 97 552
91 105 157 1 119 181
92 56 524 1 86 544
93 293 353 1 306 349
94 127 558 1 157 575
95 138 372 1 162 392
96 116 510 1 145 526
97 162 514 1 190 530
98 177 433 1 201 448
99 83 144 1 97 170
100 307 291 1 314 287
101 179 502 1 207 517
102 193 288 1 200 273
103 81 170 1 95 195
104 260 367 1 277 371
105 95 470 1 122 490
106 93 167 1 108 191
107 141 434 1 167 453
108 72 476 1 100 498
109 307 186 1 308 187
110 100 227 1 118 251
111 152 324 1 173 344
112 123 181 1 135 199
113 147 457 1 174 473
114 284 135 1 287 142
115 128 103 1 138 127
116 115 142 1 128 166
117 123 580 1 155 598
118 210 404 1 231 417
119 123 453 1 150 469
120 117 487 1 144 504
121 133 555 1 164 572
122 112 581 1 144 599
123 162 440 1 188 457
124 168 579 1 199 596
125 260 148 1 266 157
126 324 310 1 327 297
127 287 331 1 299 329
128 314 199 1 315 198
129 185 417 1 210 430
130 232 148 1 242 167
131 303 323 1 312 318
132 335 483 1 347 463
133 32 74 1 43 103
134 268 399 1 285 400
135 279 275 1 290 276
136 82 191 1 98 216
137 296 270 1 304 269
138 137 503 1 165 520
139 287 289 1 296 289
140 134 390 1 158 409
141 308 162 1 308 164
142 207 532 1 235 544
143 133 514 1 161 530
144 246 562 1 268 551
145 299 255 1 305 254
146 117 130 1 129 154
147 320 535 1 340 526
148 158 526 1 186 543
149 288 560 1 311 553
150 129 120 1 141 144
151 147 602 1 179 620
152 117 159 1 130 182
153 103 515 1 132 533
154 297 174 1 299 177
155 312 342 1 321 335
156 273 425 1 292 427
157 109 204 1 124 227
158 99 127 1 111 153
159 234 173 1 244 187
160 137 458 1 164 476
161 86 66 1 96 93
162 141 113 1 153 136
163 287 340 1 300 339
164 299 238 1 304 237
165 151 336 1 173 356
166 302 138 1 302 142
167 124 385 1 147 405
168 148 255 1 166 276
169 329 250 1 331 244
170 294 300 1 303 300
171 86 484 1 113 505
172 221 291 1 215 247
173 148 566 1 179 583
174 295 163 1 297 166
175 311 42 1 303 49
176 280 480 1 300 475
177 128 428 1 153 448
178 146 277 1 165 298
179 315 368 1 325 360
180 242 77 1 246 91
181 124 463 1 152 480
182 282 489 1 302 486
183 303 224 1 306 223
184 309 323 1 318 320
185 128 146 1 141 169
186 307 312 1 316 309
187 111 213 1 128 237
188 286 263 1 294 264
189 135 573 1 167 590
190 290 321 1 301 319
191 209 374 1 230 385
192 121 206 1 136 228
193 265 611 1 294 614
194 324 390 1 334 379
195 68 81 1 79 109
196 108 189 1 123 212
197 145 574 1 176 592
198 153 441 1 178 458
199 135 523 1 164 539
200 142 445 1 168 462
201 129 539 1 159 555
202 326 365 1 335 354
203 301 375 1 313 370
204 303 468 1 318 458
205 312 303 1 319 297
206 140 126 1 152 150
207 210 513 1 237 526
208 330 541 1 348 527
209 208 415 1 230 429
210 277 464 1 296 462
211 152 348 1 174 368
212 281 308 1 292 309
213 278 120 1 280 127
214 236 385 1 255 392
215 257 323 1 272 328
216 282 504 1 303 500
217 133 587 1 165 605
218 244 407 1 264 413
219 321 111 1 317 112
220 271 290 1 284 293
221 225 397 1 246 407
222 193 532 1 222 545
223 190 581 1 221 595
224 236 394 1 256 403
225 320 235 1 323 233
226 253 277 1 266 284
227 291 278 1 301 281
228 115 409 1 140 429
229 274 357 1 290 357
230 301 279 1 311 281
231 325 492 1 340 479
232 275 189 1 281 194
233 128 413 1 153 433
234 229 432 1 252 440
235 316 249 1 320 246
236 257 138 1 260 144
237 302 358 1 315 355
238 309 414 1 322 408
239 232 573 1 262 582
240 266 457 1 286 458
241 331 435 1 343 422
242 320 550 1 339 536
243 310 237 1 315 237
244 290 374 1 302 367
245 197 521 1 226 534
246 150 476 1 177 494
247 223 550 1 242 524
248 243 129 1 249 141
249 315 28 1 306 36
250 292 364 1 304 360
251 246 581 1 274 585
252 255 398 1 274 402
253 145 583 1 177 601
254 276 345 1 290 344
255 309 552 1 329 541
256 247 520 1 272 525
257 304 442 1 316 427
