0 95 306 1 102 326
1 117 456 1 127 472
2 111 615 1 123 631
3 116 504 1 126 522
4 67 259 1 74 281
5 108 584 1 119 601
6 70 604 1 83 622
7 113 488 1 125 505
8 48 374 1 57 396
9 75 543 1 87 561
10 117 433 1 127 451
11 37 88 1 42 112
12 156 361 1 164 381
13 73 562 1 85 580
14 115 466 1 124 484
15 80 453 1 91 472
16 72 581 1 84 598
17 85 412 1 95 431
18 97 396 1 107 416
19 155 330 1 162 348
20 112 605 1 125 622
21 92 441 1 103 460
22 78 488 1 89 506
23 76 504 1 87 522
24 86 396 1 95 415
25 107 425 1 116 443
26 81 424 1 91 443
27 111 547 1 123 565
28 101 599 1 114 616
29 234 327 1 233 331
30 78 203 1 84 226
31 153 607 1 166 623
32 80 468 1 91 486
33 208 530 1 218 543
34 87 507 1 98 525
35 112 536 1 123 553
36 86 568 1 97 585
37 211 600 1 213 573
38 91 455 1 101 472
39 114 390 1 123 408
40 145 580 1 157 596
41 196 500 1 198 485
42 116 595 1 128 612
43 87 519 1 99 537
44 79 478 1 90 496
45 63 145 1 68 170
46 241 392 1 246 403
47 102 220 1 107 243
48 206 498 1 209 486
49 191 446 1 200 463
50 133 541 1 144 556
51 133 600 1 146 616
52 222 519 1 231 532
53 96 578 1 108 595
54 223 442 1 231 456
55 147 96 1 150 118
56 108 143 1 112 166
57 136 610 1 148 626
58 238 376 1 244 387
59 32 552 1 44 567
60 223 430 1 229 443
61 220 597 1 222 570
62 226 503 1 230 500
63 321 362 1 316 360
64 168 472 1 178 488
65 138 444 1 148 461
66 149 448 1 159 465
67 158 490 1 168 505
68 125 388 1 132 406
69 169 428 1 179 444
70 255 591 1 253 555
71 166 533 1 177 549
72 101 568 1 112 584
73 125 464 1 135 483
74 257 604 1 257 578
75 134 530 1 144 545
76 177 456 1 186 472
77 244 491 1 251 497
78 126 246 1 132 268
79 188 531 1 198 546
80 216 420 1 222 433
81 236 494 1 242 498
82 169 511 1 179 529
83 86 540 1 98 557
84 115 158 1 119 179
85 75 532 1 86 549
86 330 329 1 324 325
87 302 142 1 295 151
88 196 334 1 195 330
89 132 590 1 145 606
90 82 601 1 95 618
91 314 210 1 307 215
92 195 439 1 203 453
93 92 146 1 97 169
94 89 160 1 93 182
95 139 516 1 149 530
96 193 577 1 204 593
97 124 404 1 133 422
98 125 217 1 129 237
99 90 173 1 95 194
100 113 476 1 123 494
101 131 454 1 141 472
102 325 295 1 319 294
103 159 439 1 168 456
104 318 306 1 313 306
105 113 229 1 118 251
106 167 326 1 174 345
107 137 566 1 148 580
108 133 183 1 135 199
109 329 388 1 325 382
110 144 469 1 153 485
111 167 462 1 176 478
112 136 102 1 139 124
113 124 143 1 128 165
114 144 589 1 156 605
115 159 501 1 169 515
116 303 130 1 296 139
117 141 459 1 151 474
118 155 565 1 166 579
119 181 444 1 190 461
120 190 588 1 202 603
121 67 591 1 80 609
122 308 508 1 311 503
123 276 143 1 272 155
124 323 240 1 316 242
125 228 408 1 234 422
126 38 76 1 42 101
127 301 278 1 298 282
128 92 194 1 98 215
129 157 511 1 167 526
130 181 521 1 192 536
131 150 394 1 159 411
132 228 540 1 238 552
133 152 522 1 162 537
134 245 145 1 244 160
135 135 495 1 146 510
136 127 131 1 130 152
137 239 78 1 238 96
138 327 278 1 320 277
139 309 295 1 306 296
140 139 120 1 142 142
141 169 610 1 181 626
142 127 160 1 131 181
143 123 606 1 135 623
144 134 379 1 143 398
145 321 261 1 315 262
146 176 532 1 188 548
147 120 207 1 125 227
148 108 128 1 111 151
149 249 172 1 248 186
150 156 465 1 165 480
151 315 288 1 310 289
152 94 67 1 96 90
153 151 113 1 153 135
154 167 338 1 174 357
155 313 317 1 309 317
156 140 390 1 148 408
157 162 256 1 167 276
158 318 161 1 308 165
159 272 344 1 274 350
160 202 519 1 210 533
161 144 380 1 152 398
162 312 338 1 309 338
163 211 560 1 221 573
164 302 315 1 301 317
165 169 575 1 181 590
166 316 609 1 320 602
167 278 477 1 283 480
168 146 434 1 155 451
169 325 133 1 313 139
170 160 279 1 166 298
171 308 267 1 303 269
172 254 71 1 251 87
173 298 363 1 298 366
174 285 382 1 286 384
175 305 41 1 294 55
176 138 146 1 142 168
177 241 131 1 241 148
178 331 370 1 326 366
179 235 503 1 241 505
180 278 372 1 280 377
181 157 583 1 169 597
182 228 379 1 233 391
183 133 207 1 137 227
184 290 406 1 292 410
185 75 83 1 79 107
186 120 190 1 124 211
187 308 496 1 309 492
188 166 581 1 178 598
189 171 445 1 180 461
190 212 550 1 222 564
191 155 533 1 166 547
192 161 450 1 170 466
193 250 114 1 249 129
194 277 455 1 281 459
195 150 548 1 160 562
196 275 383 1 277 388
197 125 518 1 136 534
198 312 349 1 310 348
199 151 126 1 153 148
200 231 520 1 240 533
201 299 441 1 300 439
202 227 421 1 233 434
203 168 351 1 175 370
204 326 197 1 318 201
205 301 225 1 296 230
206 285 433 1 288 436
207 296 113 1 288 124
208 318 583 1 321 575
209 193 565 1 204 581
210 309 520 1 312 517
211 155 596 1 167 611
212 272 280 1 272 288
213 301 462 1 302 460
214 284 299 1 283 303
215 251 441 1 256 448
216 244 404 1 250 414
217 215 540 1 224 553
218 235 557 1 245 569
219 246 182 1 246 196
220 256 503 1 262 509
221 305 120 1 298 130
222 334 460 1 331 451
223 221 560 1 231 573
224 132 415 1 141 432
225 288 367 1 289 370
226 247 561 1 256 572
227 245 101 1 244 118
228 294 187 1 289 194
229 145 419 1 154 436
230 318 328 1 314 327
231 286 146 1 281 157
232 201 554 1 212 568
233 315 426 1 314 422
234 290 468 1 293 470
235 303 241 1 299 246
236 303 486 1 305 483
237 265 333 1 267 340
238 219 528 1 229 541
239 289 494 1 293 494
240 217 570 1 227 582
241 170 483 1 179 499
242 294 423 1 295 423
243 303 383 1 302 383
244 256 124 1 254 139
245 277 203 1 275 212
246 310 596 1 315 591
247 332 443 1 329 434
248 254 145 1 252 158
249 285 268 1 284 275
250 266 367 1 268 374
251 315 277 1 310 279
252 278 407 1 280 411
253 292 255 1 289 261
254 287 317 1 286 321
255 222 550 1 231 563
256 313 553 1 316 548
257 290 287 1 288 292
258 328 28 1 316 43
259 295 504 1 299 503
260 207 569 1 218 582
261 272 354 1 274 360
262 265 81 1 261 96
263 240 220 1 241 234
264 328 416 1 325 409
265 324 595 1 327 585
266 167 592 1 179 607
267 316 386 1 314 383
268 299 351 1 298 353
269 271 533 1 278 538
270 333 484 1 331 475
271 306 305 1 303 306
272 280 520 1 285 524
273 257 580 1 265 586
274 291 394 1 293 398
275 266 456 1 271 461
276 280 254 1 278 261
277 313 407 1 312 405
278 314 375 1 312 372
279 265 193 1 263 203
280 274 216 1 272 224
