0 85 261 1 102 326
1 107 410 1 127 474
2 99 570 1 124 635
3 105 461 1 127 524
4 103 422 1 125 487
5 58 213 1 74 281
6 97 541 1 120 605
7 59 560 1 83 626
8 103 445 1 126 507
9 38 328 1 57 396
10 64 499 1 87 564
11 107 389 1 127 453
12 28 37 1 41 111
13 147 317 1 164 381
14 62 519 1 85 584
15 69 410 1 91 474
16 59 577 1 83 643
17 61 537 1 84 602
18 75 368 1 95 433
19 146 285 1 163 349
20 68 444 1 89 509
21 65 461 1 87 525
22 76 352 1 95 417
23 77 475 1 99 540
24 96 381 1 117 445
25 71 380 1 91 445
26 75 524 1 98 589
27 90 555 1 114 620
28 229 588 1 249 625
29 70 156 1 84 225
30 83 401 1 103 462
31 56 96 1 68 169
32 142 564 1 167 628
33 233 339 1 246 391
34 87 353 1 107 417
35 142 347 1 160 413
36 70 424 1 91 488
37 101 505 1 123 568
38 197 489 1 219 548
39 168 578 1 194 641
40 76 464 1 99 528
41 101 493 1 124 557
42 207 599 1 228 635
43 81 411 1 102 474
44 104 346 1 123 410
45 142 574 1 167 637
46 133 537 1 158 600
47 104 552 1 129 616
48 196 378 1 214 435
49 183 476 1 201 502
50 69 434 1 90 498
51 233 352 1 249 407
52 93 174 1 108 243
53 181 403 1 201 465
54 123 500 1 145 561
55 122 557 1 147 621
56 218 593 1 238 625
57 84 534 1 108 599
58 188 334 1 206 395
59 213 401 1 232 459
60 141 47 1 150 116
61 168 516 1 192 579
62 100 96 1 112 165
63 319 272 1 322 310
64 124 567 1 149 630
65 158 430 1 179 491
66 128 401 1 149 463
67 139 405 1 159 468
68 147 449 1 169 508
69 115 344 1 133 407
70 159 385 1 180 446
71 315 173 1 314 218
72 91 511 1 114 576
73 90 524 1 112 588
74 322 334 1 328 369
75 114 421 1 136 486
76 123 489 1 145 549
77 166 414 1 187 474
78 242 591 1 264 635
79 118 201 1 132 268
80 177 489 1 200 550
81 207 380 1 224 436
82 224 467 1 239 494
83 109 573 1 134 638
84 159 469 1 180 531
85 75 496 1 98 561
86 108 111 1 120 179
87 64 489 1 86 553
88 156 491 1 178 553
89 302 98 1 300 150
90 121 547 1 146 610
91 71 557 1 95 622
92 320 313 1 325 350
93 325 298 1 330 336
94 309 279 1 314 320
95 185 398 1 204 456
96 84 99 1 97 168
97 81 113 1 93 182
98 128 474 1 150 534
99 213 390 1 231 446
100 181 534 1 205 596
101 114 360 1 133 424
102 116 171 1 129 237
103 82 126 1 95 194
104 102 433 1 124 497
105 184 413 1 204 473
106 121 411 1 142 474
107 317 261 1 320 301
108 149 397 1 169 459
109 327 133 1 324 180
110 105 183 1 119 250
111 159 282 1 175 346
112 197 595 1 219 628
113 125 524 1 149 585
114 125 137 1 135 199
115 133 426 1 154 488
116 157 420 1 177 481
117 129 53 1 139 123
118 117 96 1 128 164
119 133 546 1 157 609
120 149 459 1 170 519
121 305 84 1 302 137
122 131 417 1 152 477
123 310 303 1 316 343
124 143 523 1 167 584
125 228 567 1 248 597
126 171 402 1 191 463
127 179 545 1 203 607
128 56 547 1 80 613
129 302 477 1 317 514
130 275 99 1 276 154
131 166 490 1 189 552
132 219 367 1 236 425
133 29 24 1 42 99
134 299 240 1 304 285
135 84 148 1 98 215
136 208 556 1 232 615
137 146 469 1 168 529
138 328 357 1 334 392
139 195 410 1 214 468
140 217 499 1 240 557
141 142 481 1 163 541
142 323 221 1 323 262
143 241 100 1 246 159
144 124 453 1 146 513
145 119 83 1 130 151
146 237 29 1 240 93
147 325 245 1 327 286
148 307 258 1 312 300
149 132 72 1 142 141
150 157 567 1 182 631
151 120 113 1 131 181
152 111 563 1 136 628
153 125 336 1 143 399
154 323 204 1 323 247
155 112 161 1 125 227
156 100 80 1 112 150
157 244 128 1 251 186
158 146 422 1 166 483
159 317 291 1 322 332
160 144 64 1 154 133
161 196 446 1 215 497
162 198 549 1 222 609
163 158 294 1 175 357
164 130 346 1 149 409
165 154 212 1 168 276
166 311 329 1 318 367
167 198 559 1 222 618
168 130 585 1 156 648
169 266 306 1 278 354
170 135 337 1 153 399
171 200 519 1 223 578
172 299 278 1 306 321
173 309 246 1 313 289
174 158 532 1 182 594
175 306 579 1 326 617
176 251 151 1 258 206
177 243 263 1 255 316
178 136 391 1 155 453
179 152 235 1 167 299
180 307 229 1 310 272
181 171 534 1 194 596
182 294 328 1 303 372
183 279 346 1 291 390
184 291 401 1 304 443
185 131 99 1 142 167
186 238 86 1 243 147
187 316 601 1 335 635
188 307 289 1 313 330
189 306 314 1 312 354
190 308 387 1 318 424
191 272 335 1 284 382
192 146 541 1 170 602
193 124 161 1 137 227
194 284 372 1 297 417
195 325 194 1 324 238
196 67 32 1 78 105
197 111 144 1 124 211
198 127 576 1 152 639
199 154 538 1 179 602
200 161 403 1 181 464
201 318 281 1 322 320
202 201 509 1 224 568
203 144 493 1 167 551
204 151 408 1 171 469
205 248 66 1 252 127
206 138 506 1 161 567
207 114 475 1 136 538
208 326 89 1 321 139
209 144 78 1 154 147
210 266 556 1 288 604
211 220 413 1 239 469
212 218 381 1 235 437
213 307 372 1 316 410
214 159 308 1 176 371
215 300 184 1 302 232
216 232 542 1 255 597
217 174 466 1 195 526
218 297 67 1 294 121
219 275 478 1 294 525
220 182 522 1 205 584
221 302 490 1 318 529
222 143 553 1 168 616
223 313 204 1 313 247
224 267 241 1 275 291
225 246 110 1 251 168
226 294 430 1 308 470
227 308 414 1 320 451
228 310 556 1 328 590
229 113 486 1 136 549
230 280 259 1 287 306
231 242 403 1 259 454
232 236 364 1 252 418
233 204 499 1 226 557
234 246 31 1 249 94
235 225 518 1 247 574
236 241 137 1 248 195
237 330 432 1 340 465
238 246 466 1 265 516
239 307 74 1 304 128
240 210 520 1 233 578
241 122 371 1 142 434
242 282 331 1 293 376
243 243 54 1 246 116
244 229 507 1 252 563
245 294 145 1 295 195
246 136 375 1 155 438
247 269 346 1 282 392
248 280 144 1 283 196
249 285 102 1 286 156
250 274 592 1 298 639
251 191 512 1 214 572
252 269 107 1 272 163
253 269 411 1 284 457
254 302 202 1 305 248
255 300 588 1 321 628
256 332 338 1 336 372
257 296 454 1 311 494
258 259 295 1 270 344
259 282 460 1 298 503
260 206 529 1 229 587
261 159 441 1 180 502
262 288 390 1 300 431
263 324 109 1 320 158
264 298 349 1 308 390
265 254 78 1 257 137
266 263 160 1 268 213
267 275 161 1 279 212
268 301 566 1 320 605
269 334 403 1 344 440
270 250 99 1 255 157
271 281 229 1 288 278
272 260 330 1 272 379
273 326 174 1 324 218
274 313 182 1 313 227
275 311 218 1 313 262
276 271 371 1 285 417
277 290 217 1 294 263
278 282 309 1 292 355
279 283 280 1 291 326
280 211 510 1 233 568
281 305 523 1 322 561
282 286 249 1 293 296
283 279 415 1 293 459
284 239 214 1 250 270
285 287 471 1 304 513
286 196 527 1 219 587
287 243 413 1 260 464
288 266 316 1 278 365
289 264 32 1 264 93
290 234 177 1 243 235
291 333 487 1 345 520
292 290 558 1 310 600
293 156 549 1 180 611
294 267 383 1 282 430
295 295 317 1 304 359
296 261 497 1 281 546
297 266 126 1 269 181
298 304 269 1 309 311
299 257 56 1 259 116
300 246 541 1 268 594
301 315 119 1 312 167
302 327 457 1 338 489
303 285 360 1 298 405
304 315 50 1 310 104
305 299 465 1 314 503
306 183 555 1 207 616
307 262 150 1 267 203
308 255 418 1 271 464
309 256 469 1 276 520
310 244 520 1 266 573
311 296 258 1 301 302
312 272 174 1 276 225
313 326 164 1 322 207
314 313 355 1 320 391
315 317 568 1 334 602
316 307 443 1 320 480
317 281 269 1 289 313
318 274 75 1 275 132
