0 78 260 1 102 327
1 99 409 1 127 475
2 91 571 1 124 636
3 97 461 1 127 525
4 96 422 1 125 487
5 50 212 1 74 281
6 89 541 1 120 606
7 51 560 1 83 627
8 95 445 1 126 508
9 30 327 1 57 396
10 56 499 1 87 565
11 99 389 1 127 453
12 139 317 1 165 382
13 54 519 1 85 584
14 62 409 1 91 475
15 51 577 1 84 643
16 53 537 1 84 603
17 67 368 1 95 433
18 138 285 1 163 349
19 24 35 1 41 110
20 60 444 1 89 509
21 57 460 1 87 526
22 189 584 1 220 629
23 68 351 1 95 417
24 69 475 1 99 541
25 89 381 1 117 446
26 63 379 1 91 445
27 67 524 1 98 589
28 82 555 1 114 621
29 221 591 1 249 628
30 62 155 1 84 225
31 75 400 1 103 462
32 49 95 1 68 169
33 134 564 1 167 629
34 226 339 1 247 391
35 93 557 1 124 622
36 80 352 1 107 417
37 62 424 1 91 489
38 24 25 1 42 99
39 160 578 1 194 642
40 69 464 1 99 529
41 93 493 1 124 557
42 199 602 1 229 638
43 73 411 1 102 475
44 97 345 1 123 410
45 211 568 1 237 599
46 134 574 1 167 638
47 126 537 1 158 601
48 188 378 1 214 436
49 61 434 1 90 499
50 225 352 1 249 407
51 164 427 1 190 474
52 86 173 1 108 243
53 173 403 1 201 465
54 115 500 1 145 561
55 114 557 1 147 622
56 210 596 1 238 628
57 76 534 1 108 600
58 181 334 1 206 396
59 206 401 1 233 460
60 134 45 1 150 116
61 161 516 1 192 580
62 93 95 1 112 165
63 312 272 1 323 312
64 117 567 1 149 631
65 206 294 1 217 316
66 171 273 1 186 308
67 186 490 1 220 548
68 216 309 1 223 320
69 150 430 1 179 492
70 121 400 1 149 464
71 131 404 1 160 468
72 140 449 1 169 509
73 107 344 1 133 407
74 309 172 1 316 218
75 84 511 1 114 576
76 324 319 1 336 355
77 82 524 1 112 589
78 316 335 1 329 371
79 107 420 1 136 486
80 116 489 1 145 550
81 159 413 1 187 475
82 235 594 1 265 637
83 110 200 1 133 268
84 169 489 1 200 550
85 199 380 1 225 437
86 157 387 1 180 447
87 101 573 1 134 638
88 151 469 1 181 532
89 68 496 1 98 561
90 100 109 1 120 179
91 56 488 1 87 553
92 149 491 1 178 553
93 296 97 1 302 150
94 113 547 1 146 611
95 63 557 1 95 623
96 314 314 1 326 351
97 319 298 1 331 337
98 302 280 1 315 321
99 178 398 1 205 457
100 77 97 1 97 168
101 73 111 1 93 182
102 120 474 1 150 535
103 205 390 1 232 447
104 174 534 1 206 597
105 106 360 1 133 424
106 109 170 1 129 237
107 75 125 1 95 194
108 95 433 1 124 497
109 176 413 1 204 473
110 314 325 1 326 359
111 113 410 1 142 474
112 310 261 1 321 302
113 141 396 1 169 459
114 321 132 1 325 180
115 97 182 1 119 250
116 151 282 1 175 346
117 118 524 1 149 586
118 117 136 1 135 199
119 126 426 1 154 489
120 150 420 1 177 481
121 122 52 1 139 123
122 110 94 1 128 164
123 125 546 1 157 610
124 141 459 1 170 520
125 299 83 1 303 137
126 123 417 1 152 478
127 304 304 1 317 344
128 136 523 1 167 585
129 221 569 1 249 601
130 164 401 1 191 463
131 171 545 1 204 607
132 49 547 1 80 613
133 295 478 1 318 516
134 268 98 1 277 154
135 103 552 1 134 617
136 158 490 1 189 552
137 211 367 1 237 425
138 324 281 1 333 317
139 292 241 1 305 286
140 76 147 1 98 215
141 201 556 1 233 616
142 138 469 1 168 530
143 321 358 1 336 393
144 188 409 1 214 469
145 210 499 1 240 558
146 134 481 1 163 542
147 317 222 1 325 263
148 234 99 1 247 159
149 117 453 1 146 514
150 112 82 1 130 151
151 230 28 1 240 93
152 319 245 1 329 287
153 301 258 1 313 301
154 125 71 1 142 141
155 150 567 1 183 631
156 112 112 1 132 180
157 103 563 1 136 628
158 117 335 1 143 400
159 317 204 1 325 248
160 104 160 1 126 227
161 93 79 1 112 150
162 237 127 1 251 186
163 138 422 1 167 484
164 310 292 1 323 333
165 137 63 1 154 133
166 189 447 1 216 499
167 190 549 1 222 610
168 150 293 1 175 358
169 123 346 1 149 409
170 146 211 1 168 276
171 304 330 1 319 368
172 190 559 1 222 619
173 123 586 1 156 649
174 259 307 1 278 355
175 127 336 1 153 400
176 192 519 1 223 579
177 293 278 1 307 322
178 303 246 1 314 289
179 150 532 1 182 595
180 299 581 1 327 620
181 244 150 1 258 206
182 236 263 1 255 316
183 128 390 1 156 454
184 145 234 1 167 299
185 300 230 1 311 273
186 163 534 1 194 597
187 287 329 1 304 373
188 272 346 1 292 391
189 284 402 1 305 445
190 124 98 1 142 167
191 231 85 1 243 147
192 309 603 1 336 638
193 301 290 1 314 331
194 299 315 1 314 355
195 301 388 1 319 426
196 265 335 1 285 383
197 138 541 1 170 603
198 117 160 1 137 227
199 277 373 1 298 418
200 318 195 1 326 238
201 59 30 1 78 105
202 104 143 1 124 211
203 119 576 1 152 640
204 147 538 1 179 602
205 153 402 1 181 464
206 312 281 1 324 321
207 193 509 1 224 569
208 137 492 1 167 552
209 143 407 1 171 469
210 241 65 1 252 127
211 131 506 1 161 568
212 107 475 1 137 539
213 321 88 1 323 139
214 137 77 1 154 147
215 259 557 1 289 606
216 212 413 1 240 469
217 210 381 1 236 438
218 300 373 1 317 411
219 152 307 1 176 371
220 293 184 1 303 232
221 225 542 1 256 599
222 166 465 1 195 527
223 291 66 1 295 121
224 268 478 1 294 527
225 174 522 1 206 585
226 295 492 1 319 531
227 135 553 1 168 616
228 306 204 1 315 248
229 260 241 1 276 292
230 239 109 1 252 168
231 287 432 1 309 472
232 302 415 1 321 452
233 303 557 1 329 593
234 105 486 1 136 550
235 273 259 1 288 306
236 235 403 1 260 455
237 229 364 1 253 419
238 196 499 1 227 558
239 240 30 1 249 93
240 217 518 1 248 575
241 234 137 1 249 195
242 324 434 1 342 467
243 239 467 1 266 517
244 301 74 1 305 128
245 203 519 1 233 579
246 115 371 1 142 434
247 275 331 1 294 377
248 236 53 1 247 115
249 222 506 1 252 564
250 287 145 1 296 195
251 128 375 1 155 438
252 262 346 1 283 393
253 273 144 1 283 196
254 279 102 1 286 156
255 267 593 1 298 641
256 183 513 1 214 573
257 262 106 1 272 162
258 261 411 1 285 459
259 295 202 1 306 248
260 293 590 1 322 631
261 325 339 1 338 374
262 290 455 1 312 496
263 252 295 1 271 345
264 275 461 1 299 505
265 198 529 1 229 588
266 151 441 1 180 502
267 281 390 1 301 433
268 318 108 1 321 157
269 291 350 1 309 392
270 247 77 1 257 137
271 256 160 1 269 213
272 268 160 1 280 213
273 294 568 1 322 607
274 328 405 1 346 442
275 244 98 1 255 157
276 275 229 1 289 278
277 253 331 1 273 380
278 320 174 1 326 218
279 307 182 1 314 228
280 305 218 1 314 262
281 264 372 1 285 419
282 283 217 1 295 264
283 276 309 1 293 356
284 276 280 1 292 327
285 203 510 1 234 568
286 298 526 1 323 563
287 280 249 1 294 296
288 272 416 1 294 460
289 232 214 1 250 271
290 280 472 1 305 515
291 188 528 1 220 588
292 235 413 1 260 465
293 259 316 1 279 366
294 258 31 1 265 93
295 227 177 1 244 235
296 326 490 1 347 522
297 283 560 1 311 602
298 148 549 1 181 612
299 260 384 1 283 431
300 289 318 1 305 360
301 254 498 1 282 547
302 259 125 1 270 181
303 298 270 1 310 312
304 251 55 1 260 116
305 238 542 1 268 595
306 309 118 1 314 166
307 321 459 1 340 491
308 278 360 1 299 406
309 309 49 1 311 103
310 234 566 1 265 621
311 292 466 1 315 505
312 175 554 1 208 617
313 255 150 1 267 203
314 248 418 1 272 465
315 249 470 1 276 521
316 236 521 1 266 575
317 289 258 1 303 303
318 265 173 1 277 225
319 320 164 1 324 207
320 306 356 1 321 393
321 310 570 1 335 605
322 301 444 1 322 482
323 274 269 1 289 314
324 272 543 1 301 591
325 268 74 1 276 132
326 263 134 1 273 189
327 217 392 1 243 446
328 309 139 1 315 187
329 248 571 1 279 624
330 300 541 1 325 578
