0 76 264 1 102 327
1 97 414 1 127 475
2 88 576 1 124 637
3 95 466 1 127 525
4 93 427 1 125 487
5 49 216 1 74 281
6 48 565 1 83 627
7 93 449 1 126 508
8 29 331 1 57 396
9 53 504 1 87 565
10 97 394 1 127 454
11 138 322 1 165 382
12 51 524 1 85 585
13 86 547 1 120 607
14 59 414 1 91 475
15 48 582 1 84 644
16 50 542 1 85 603
17 65 372 1 95 434
18 137 289 1 163 349
19 58 449 1 89 510
20 55 465 1 87 526
21 187 592 1 220 632
22 66 356 1 95 417
23 66 480 1 99 541
24 87 385 1 117 446
25 61 384 1 91 445
26 64 529 1 98 590
27 79 560 1 114 621
28 61 159 1 84 225
29 48 99 1 68 169
30 132 570 1 167 629
31 224 346 1 247 392
32 90 562 1 124 623
33 78 357 1 107 418
34 59 428 1 91 489
35 75 539 1 108 601
36 158 584 1 194 643
37 66 468 1 99 529
38 91 498 1 124 558
39 197 610 1 229 641
40 73 405 1 104 462
41 71 415 1 102 475
42 95 350 1 123 410
43 208 577 1 237 603
44 219 601 1 250 631
45 131 580 1 167 639
46 123 543 1 158 601
47 186 383 1 214 436
48 58 438 1 90 499
49 224 358 1 250 408
50 162 432 1 190 476
51 85 177 1 108 242
52 171 408 1 201 466
53 112 506 1 145 562
54 112 563 1 147 622
55 208 605 1 239 632
56 179 339 1 207 396
57 171 494 1 200 551
58 204 406 1 233 460
59 133 50 1 151 116
60 158 522 1 192 580
61 92 99 1 112 165
62 312 279 1 324 313
63 114 573 1 149 632
64 204 300 1 218 318
65 169 279 1 186 310
66 184 497 1 213 538
67 214 319 1 224 323
68 148 435 1 179 492
69 119 405 1 149 464
70 129 409 1 160 468
71 137 454 1 169 510
72 105 349 1 133 408
73 309 178 1 317 218
74 81 517 1 114 577
75 323 326 1 337 357
76 79 529 1 112 590
77 315 342 1 331 372
78 104 425 1 136 487
79 113 494 1 145 551
80 157 419 1 187 475
81 109 204 1 133 268
82 160 494 1 190 553
83 198 385 1 225 438
84 99 579 1 134 639
85 149 474 1 181 533
86 65 501 1 98 562
87 99 114 1 120 178
88 54 493 1 87 554
89 146 496 1 178 554
90 296 103 1 303 150
91 111 553 1 146 612
92 60 562 1 95 624
93 313 321 1 327 353
94 319 305 1 332 338
95 302 286 1 316 322
96 176 403 1 205 457
97 76 101 1 97 168
98 72 115 1 93 181
99 117 480 1 150 536
100 204 395 1 232 448
101 171 540 1 206 598
102 104 365 1 133 424
103 108 174 1 130 237
104 74 129 1 95 194
105 93 438 1 124 498
106 175 418 1 204 474
107 313 331 1 327 360
108 111 415 1 142 475
109 310 267 1 323 303
110 140 401 1 169 460
111 321 137 1 326 180
112 96 187 1 119 250
113 150 286 1 176 346
114 115 530 1 149 587
115 116 141 1 135 199
116 123 431 1 154 490
117 147 425 1 177 482
118 122 57 1 139 123
119 109 99 1 129 164
120 122 552 1 157 611
121 139 465 1 170 521
122 299 88 1 304 136
123 122 422 1 152 478
124 303 311 1 319 346
125 133 529 1 167 586
126 220 578 1 249 604
127 162 406 1 191 464
128 169 551 1 204 608
129 45 552 1 80 614
130 293 486 1 319 518
131 268 103 1 278 154
132 100 557 1 134 618
133 209 373 1 237 426
134 323 287 1 335 319
135 291 246 1 306 287
136 75 151 1 98 215
137 198 563 1 233 617
138 136 474 1 168 531
139 321 365 1 337 395
140 186 415 1 215 469
141 208 505 1 241 559
142 132 486 1 163 542
143 317 228 1 326 264
144 233 103 1 247 159
145 115 458 1 146 515
146 111 86 1 130 151
147 230 33 1 241 92
148 319 251 1 330 287
149 300 264 1 314 302
150 124 76 1 142 141
151 147 573 1 183 632
152 111 116 1 132 180
153 101 569 1 136 629
154 115 340 1 144 400
155 317 210 1 326 248
156 103 164 1 126 227
157 93 83 1 112 150
158 237 132 1 252 186
159 136 427 1 167 484
160 310 299 1 325 334
161 137 68 1 154 133
162 186 453 1 216 500
163 188 556 1 223 611
164 149 298 1 176 358
165 121 351 1 149 410
166 145 215 1 169 276
167 304 337 1 320 370
168 75 506 1 108 566
169 187 565 1 223 620
170 120 592 1 156 650
171 258 312 1 279 356
172 125 340 1 153 400
173 190 525 1 223 579
174 292 284 1 308 323
175 302 252 1 315 290
176 148 537 1 182 595
177 298 589 1 328 622
178 244 155 1 259 206
179 235 268 1 256 317
180 126 395 1 156 454
181 144 239 1 167 299
182 300 236 1 312 274
183 160 540 1 195 598
184 286 335 1 305 374
185 271 353 1 293 393
186 283 409 1 306 446
187 123 102 1 142 167
188 230 89 1 244 147
189 307 612 1 338 642
190 300 296 1 315 332
191 298 321 1 315 356
192 300 395 1 320 428
193 264 342 1 286 384
194 135 547 1 170 604
195 116 164 1 138 227
196 276 379 1 299 419
197 318 201 1 327 239
198 59 35 1 78 105
199 103 147 1 124 211
200 116 581 1 152 641
201 144 544 1 179 603
202 151 407 1 181 465
203 311 288 1 325 322
204 191 515 1 225 570
205 134 497 1 167 553
206 141 413 1 171 469
207 241 70 1 253 127
208 128 512 1 161 569
209 104 481 1 137 539
210 321 94 1 324 139
211 136 82 1 154 147
212 256 564 1 289 608
213 210 418 1 240 470
214 209 386 1 236 438
215 299 380 1 318 413
216 150 311 1 177 371
217 293 190 1 304 233
218 222 548 1 256 600
219 164 471 1 196 527
220 291 71 1 296 120
221 266 485 1 295 528
222 172 528 1 206 586
223 293 499 1 320 533
224 253 25 1 262 84
225 133 558 1 168 617
226 306 210 1 316 248
227 259 246 1 277 292
228 238 113 1 252 168
229 286 439 1 310 474
230 301 423 1 322 454
231 301 566 1 330 596
232 103 491 1 136 550
233 272 266 1 289 307
234 233 408 1 260 456
235 227 370 1 253 420
236 194 505 1 227 559
237 239 35 1 250 93
238 215 523 1 248 576
239 234 142 1 249 195
240 323 442 1 343 469
241 237 473 1 266 518
242 301 79 1 306 127
243 200 525 1 234 580
244 113 376 1 142 435
245 274 338 1 295 378
246 268 405 1 292 445
247 236 57 1 247 115
248 220 513 1 252 565
249 287 150 1 297 195
250 126 379 1 155 439
251 261 352 1 283 394
252 273 149 1 284 196
253 278 106 1 287 155
254 265 600 1 299 643
255 181 518 1 214 574
256 262 111 1 273 162
257 260 418 1 286 460
258 295 208 1 307 249
259 291 598 1 323 634
260 325 346 1 339 375
261 288 462 1 313 498
262 251 300 1 272 345
263 273 468 1 300 507
264 195 535 1 230 589
265 149 446 1 180 503
266 280 397 1 302 434
267 318 114 1 322 157
268 290 356 1 310 393
269 247 82 1 258 137
270 255 165 1 269 213
271 268 165 1 281 213
272 292 576 1 323 610
273 327 412 1 347 444
274 243 102 1 256 156
275 273 234 1 290 279
276 251 336 1 273 381
277 320 180 1 327 219
278 307 188 1 316 228
279 304 224 1 316 263
280 262 378 1 286 420
281 282 223 1 296 265
282 275 315 1 294 357
283 201 516 1 234 569
284 297 534 1 324 566
285 279 254 1 295 297
286 270 423 1 295 462
287 231 218 1 251 271
288 279 480 1 306 517
289 186 534 1 220 588
290 233 420 1 261 466
291 258 323 1 280 366
292 257 36 1 266 92
293 226 183 1 244 235
294 325 498 1 348 525
295 281 567 1 312 605
296 145 554 1 181 613
297 259 390 1 284 432
298 288 323 1 306 361
299 252 505 1 282 549
300 259 130 1 271 180
301 297 275 1 311 313
302 250 60 1 260 115
303 219 442 1 245 478
304 236 548 1 269 596
305 310 123 1 315 166
306 320 466 1 341 494
307 277 367 1 300 407
308 309 53 1 312 103
309 303 405 1 322 436
310 231 573 1 266 623
311 291 473 1 316 507
312 173 560 1 208 618
313 254 154 1 268 204
314 246 424 1 272 467
315 247 477 1 277 523
316 234 527 1 267 576
317 288 264 1 304 304
318 264 179 1 278 226
319 320 170 1 325 208
320 305 363 1 323 394
321 309 579 1 337 608
322 243 24 1 252 82
323 300 452 1 323 484
324 273 274 1 290 315
325 290 236 1 303 277
326 236 243 1 257 293
327 270 551 1 302 593
328 268 79 1 277 132
329 273 301 1 291 341
330 262 140 1 274 189
331 269 392 1 293 431
332 275 591 1 307 629
333 216 397 1 244 447
334 309 144 1 316 187
335 289 293 1 305 331
336 245 577 1 280 626
337 298 549 1 326 581
338 306 528 1 333 558
339 313 595 1 342 622
340 270 222 1 285 266
341 285 452 1 310 488
342 271 578 1 303 616
343 244 263 1 264 311
344 279 178 1 292 224
345 292 160 1 302 205
346 248 253 1 268 301
347 303 156 1 311 198
