0 78 288 1 103 327
1 101 439 1 128 477
2 94 605 1 125 641
3 99 491 1 127 528
4 97 452 1 126 489
5 50 240 1 75 281
6 199 466 1 220 477
7 29 355 1 57 397
8 53 594 1 83 631
9 97 475 1 126 510
10 58 531 1 87 568
11 101 418 1 128 455
12 140 345 1 166 382
13 56 551 1 85 588
14 91 574 1 120 610
15 63 439 1 91 477
16 52 612 1 84 648
17 54 570 1 85 607
18 68 397 1 95 435
19 138 312 1 164 349
20 61 475 1 90 512
21 59 492 1 87 529
22 69 380 1 96 418
23 70 506 1 100 544
24 90 410 1 117 447
25 64 409 1 91 447
26 69 557 1 98 593
27 85 588 1 115 625
28 228 382 1 252 412
29 61 182 1 84 225
30 47 123 1 68 168
31 138 598 1 168 633
32 95 590 1 125 627
33 81 381 1 108 419
34 63 454 1 91 491
35 80 566 1 109 604
36 165 612 1 195 647
37 70 495 1 99 532
38 95 525 1 125 561
39 74 441 1 102 477
40 97 374 1 124 411
41 138 607 1 168 643
42 129 570 1 159 605
43 190 408 1 216 439
44 62 464 1 90 501
45 168 463 1 191 483
46 85 200 1 108 242
47 175 432 1 202 467
48 118 533 1 146 566
49 118 591 1 148 626
50 107 373 1 134 409
51 183 361 1 208 397
52 209 430 1 234 463
53 132 72 1 151 115
54 164 548 1 193 583
55 91 122 1 112 164
56 321 303 1 331 318
57 120 601 1 150 636
58 109 452 1 136 488
59 171 308 1 188 317
60 188 528 1 215 547
61 325 230 1 332 248
62 153 461 1 180 495
63 187 455 1 214 489
64 325 358 1 334 368
65 122 430 1 150 466
66 133 434 1 160 470
67 142 480 1 170 513
68 316 198 1 323 220
69 86 544 1 115 580
70 224 511 1 250 532
71 82 557 1 113 593
72 118 522 1 146 555
73 164 453 1 191 487
74 161 443 1 188 478
75 110 227 1 133 267
76 141 500 1 169 534
77 202 409 1 226 441
78 105 607 1 135 643
79 154 499 1 182 535
80 69 528 1 99 565
81 99 136 1 120 178
82 58 520 1 87 557
83 152 522 1 179 557
84 300 121 1 308 149
85 116 581 1 147 616
86 65 591 1 95 628
87 323 347 1 334 360
88 310 311 1 322 327
89 179 428 1 206 460
90 75 124 1 97 167
91 71 139 1 93 181
92 122 507 1 151 540
93 208 419 1 233 450
94 178 566 1 207 601
95 107 389 1 134 426
96 108 197 1 130 236
97 73 152 1 95 193
98 96 463 1 124 500
99 179 442 1 205 476
100 326 135 1 330 159
101 115 440 1 143 476
102 320 310 1 331 326
103 143 426 1 170 461
104 237 151 1 254 185
105 96 210 1 119 250
106 263 268 1 280 294
107 152 309 1 176 347
108 121 557 1 150 591
109 115 163 1 135 199
110 127 457 1 155 492
111 152 449 1 178 484
112 120 79 1 140 122
113 108 121 1 129 163
114 128 579 1 158 615
115 144 491 1 171 524
116 303 106 1 309 135
117 126 447 1 153 481
118 312 336 1 324 351
119 139 556 1 168 590
120 166 430 1 192 466
121 175 577 1 205 612
122 50 580 1 80 617
123 304 516 1 325 529
124 270 122 1 282 153
125 105 585 1 135 621
126 214 396 1 239 428
127 298 269 1 311 290
128 75 174 1 98 214
129 206 590 1 235 622
130 268 459 1 290 481
131 202 440 1 229 472
132 190 439 1 216 472
133 215 531 1 242 563
134 137 513 1 164 546
135 326 250 1 333 267
136 234 124 1 249 158
137 119 484 1 147 518
138 110 108 1 131 150
139 229 52 1 243 90
140 308 288 1 320 306
141 123 98 1 143 140
142 154 600 1 184 636
143 111 139 1 132 180
144 106 597 1 137 633
145 118 364 1 144 401
146 277 586 1 302 606
147 103 187 1 126 227
148 91 106 1 112 149
149 329 110 1 332 136
150 140 452 1 168 486
151 319 323 1 331 339
152 135 90 1 155 132
153 195 583 1 224 615
154 151 321 1 176 358
155 124 375 1 150 411
156 146 238 1 169 276
157 314 364 1 326 377
158 79 533 1 108 569
159 195 592 1 224 625
160 264 337 1 282 360
161 128 364 1 154 401
162 196 551 1 225 584
163 300 308 1 313 328
164 310 276 1 321 294
165 154 564 1 183 599
166 246 175 1 261 207
167 239 290 1 258 319
168 129 541 1 158 574
169 129 419 1 156 456
170 145 261 1 168 299
171 307 258 1 318 277
172 166 566 1 196 601
173 294 360 1 310 380
174 279 379 1 297 398
175 292 437 1 310 454
176 122 124 1 143 166
177 231 110 1 246 146
178 309 321 1 321 337
179 307 347 1 320 362
180 311 423 1 326 436
181 270 367 1 289 389
182 141 574 1 171 608
183 115 186 1 138 227
184 284 405 1 303 425
185 57 58 1 78 103
186 103 170 1 125 210
187 122 610 1 153 645
188 150 571 1 180 606
189 156 432 1 182 467
190 321 312 1 331 327
191 197 541 1 226 574
192 139 524 1 168 557
193 145 437 1 172 472
194 241 90 1 255 125
195 109 506 1 137 542
196 223 491 1 243 497
197 254 430 1 276 453
198 135 104 1 155 146
199 267 595 1 293 616
200 216 443 1 242 473
201 214 410 1 238 441
202 309 408 1 324 421
203 152 335 1 177 372
204 329 558 1 347 564
205 299 211 1 309 234
206 230 576 1 258 605
207 169 496 1 197 530
208 294 88 1 301 118
209 179 553 1 207 589
210 305 532 1 325 544
211 253 44 1 265 81
212 139 586 1 169 621
213 313 231 1 322 251
214 239 134 1 255 167
215 296 468 1 315 482
216 312 452 1 328 464
217 315 602 1 336 609
218 108 518 1 136 553
219 278 289 1 293 311
220 239 433 1 262 460
221 201 532 1 228 563
222 239 54 1 252 91
223 222 550 1 250 581
224 235 162 1 251 195
225 244 500 1 269 525
226 305 96 1 311 126
227 287 583 1 311 601
228 232 395 1 255 423
229 207 552 1 235 584
230 116 400 1 142 436
231 281 362 1 299 383
232 276 432 1 296 452
233 236 77 1 249 113
234 227 539 1 254 569
235 292 169 1 301 195
236 225 448 1 250 478
237 129 404 1 156 440
238 267 377 1 287 399
239 323 49 1 321 78
240 277 168 1 288 196
241 297 564 1 319 578
242 282 126 1 292 155
243 293 519 1 314 535
244 313 131 1 319 157
245 279 86 1 288 117
246 187 544 1 215 578
247 264 130 1 276 162
248 313 151 1 319 176
249 268 445 1 289 466
250 301 229 1 312 251
251 272 555 1 297 572
252 298 493 1 318 507
253 256 324 1 275 349
254 327 483 1 343 493
255 282 496 1 304 515
256 202 561 1 231 594
257 154 472 1 181 506
258 288 424 1 307 441
259 248 152 1 262 183
260 276 514 1 298 531
261 299 382 1 315 400
262 248 101 1 261 135
263 258 185 1 273 214
264 272 186 1 284 213
265 306 610 1 328 622
266 244 123 1 258 156
267 279 257 1 294 281
268 257 361 1 276 385
269 314 209 1 322 230
270 312 247 1 321 266
271 270 404 1 290 425
272 288 245 1 301 267
273 282 341 1 298 361
274 207 542 1 236 574
275 309 567 1 330 578
276 285 278 1 299 300
277 279 450 1 299 469
278 234 240 1 253 272
279 289 510 1 310 526
280 193 560 1 221 593
281 239 445 1 263 471
282 264 347 1 283 371
283 258 54 1 269 90
284 228 204 1 246 236
285 293 601 1 317 616
286 152 581 1 182 617
287 265 416 1 287 438
288 296 349 1 311 367
289 261 533 1 286 556
290 261 149 1 274 180
291 305 300 1 317 318
292 251 79 1 263 114
293 226 472 1 248 487
294 244 577 1 271 603
295 316 141 1 321 166
296 285 393 1 304 413
297 230 230 1 249 261
298 313 434 1 328 445
299 239 601 1 268 629
300 301 504 1 321 517
301 179 587 1 209 622
302 257 176 1 271 204
303 242 589 1 270 616
304 254 451 1 275 473
305 255 504 1 280 529
306 242 555 1 269 582
307 295 287 1 308 308
308 269 200 1 281 227
309 300 245 1 312 267
310 315 390 1 329 402
311 243 43 1 254 80
312 311 482 1 328 494
313 296 259 1 308 280
314 306 59 1 309 89
315 240 265 1 259 294
316 270 98 1 280 130
317 279 325 1 295 345
318 317 379 1 329 391
319 265 160 1 277 189
320 277 418 1 297 438
321 220 421 1 245 450
322 316 164 1 322 187
323 296 318 1 310 336
324 255 607 1 283 633
325 311 583 1 332 593
326 319 562 1 339 571
327 275 244 1 289 269
328 295 481 1 315 496
329 283 611 1 307 627
330 249 286 1 267 313
331 283 199 1 296 225
332 296 179 1 307 206
333 253 276 1 271 303
334 309 176 1 317 199
