0 84 295 1 103 327
1 109 447 1 128 478
2 103 614 1 125 644
3 108 500 1 128 529
4 105 460 1 126 491
5 56 247 1 75 281
6 209 481 1 222 485
7 36 362 1 58 397
8 62 604 1 83 634
9 105 483 1 127 512
10 214 471 1 225 472
11 66 540 1 87 570
12 109 426 1 128 457
13 148 351 1 166 383
14 64 561 1 85 591
15 100 584 1 121 613
16 70 447 1 91 478
17 94 598 1 115 628
18 79 515 1 100 546
19 63 580 1 85 609
20 76 405 1 95 436
21 146 319 1 164 350
22 97 418 1 118 449
23 69 483 1 90 514
24 67 500 1 87 531
25 76 388 1 96 419
26 72 417 1 91 448
27 78 566 1 98 596
28 67 189 1 85 224
29 52 130 1 69 168
30 148 607 1 169 636
31 104 599 1 125 629
32 88 389 1 108 420
33 71 462 1 91 493
34 78 503 1 99 534
35 104 533 1 125 563
36 90 576 1 109 606
37 82 449 1 102 479
38 105 382 1 124 412
39 236 393 1 253 414
40 249 342 1 254 347
41 229 529 1 238 527
42 125 541 1 146 569
43 70 473 1 90 503
44 180 322 1 189 323
45 91 207 1 108 242
46 184 439 1 203 469
47 114 381 1 134 410
48 191 368 1 209 398
49 217 437 1 236 465
50 136 77 1 151 114
51 173 556 1 194 586
52 175 233 1 176 228
53 333 312 1 336 322
54 129 610 1 151 639
55 117 459 1 137 490
56 139 578 1 159 608
57 131 526 1 151 552
58 162 469 1 181 497
59 195 462 1 215 490
60 131 438 1 150 467
61 141 441 1 161 472
62 151 488 1 171 515
63 327 204 1 328 221
64 127 600 1 148 629
65 94 552 1 115 582
66 90 566 1 113 596
67 172 460 1 192 489
68 170 451 1 189 480
69 116 233 1 133 267
70 185 469 1 204 498
71 150 508 1 169 536
72 210 417 1 227 443
73 163 507 1 183 537
74 78 537 1 99 567
75 335 359 1 340 365
76 104 142 1 120 177
77 66 529 1 87 559
78 162 530 1 180 559
79 310 125 1 312 148
80 126 590 1 147 619
81 74 601 1 96 630
82 279 489 1 292 502
83 322 319 1 327 332
84 188 436 1 207 462
85 80 131 1 97 166
86 76 145 1 93 180
87 131 516 1 151 543
88 217 427 1 235 452
89 188 574 1 208 604
90 115 396 1 134 427
91 114 203 1 130 236
92 78 159 1 95 193
93 105 471 1 124 501
94 188 449 1 206 478
95 228 413 1 245 438
96 123 448 1 143 478
97 332 319 1 336 330
98 151 433 1 171 463
99 245 156 1 256 185
100 103 216 1 120 250
101 271 274 1 282 296
102 159 315 1 177 347
103 130 567 1 150 594
104 120 170 1 135 199
105 136 465 1 155 495
106 160 457 1 179 486
107 125 85 1 140 121
108 113 127 1 129 162
109 138 589 1 159 617
110 153 499 1 172 527
111 312 109 1 314 134
112 134 455 1 153 483
113 324 346 1 329 356
114 149 566 1 168 593
115 335 237 1 338 251
116 195 472 1 214 500
117 174 437 1 193 467
118 186 586 1 206 614
119 59 590 1 80 620
120 317 530 1 329 537
121 115 595 1 135 624
122 278 125 1 284 152
123 223 404 1 240 430
124 172 470 1 192 498
125 309 276 1 315 293
126 80 180 1 98 214
127 216 600 1 236 626
128 279 469 1 293 486
129 211 448 1 230 474
130 199 446 1 217 473
131 146 521 1 165 549
132 241 128 1 251 158
133 128 493 1 147 521
134 115 115 1 131 150
135 235 56 1 244 88
136 320 296 1 325 310
137 128 104 1 143 139
138 164 609 1 185 638
139 116 145 1 132 179
140 116 606 1 137 636
141 126 371 1 145 402
142 290 599 1 305 613
143 109 193 1 126 227
144 96 112 1 112 148
145 149 460 1 168 488
146 331 333 1 336 344
147 140 95 1 155 131
148 205 592 1 225 619
149 159 327 1 177 359
150 131 382 1 151 412
151 153 244 1 170 276
152 326 374 1 331 383
153 88 541 1 108 571
154 205 602 1 225 628
155 153 443 1 173 473
156 273 345 1 285 363
157 136 372 1 154 402
158 206 560 1 226 587
159 311 316 1 318 331
160 321 284 1 326 297
161 163 573 1 184 602
162 253 181 1 263 207
163 191 343 1 198 338
164 247 298 1 260 321
165 139 550 1 159 577
166 138 427 1 157 457
167 152 267 1 169 299
168 318 265 1 322 280
169 223 541 1 244 566
170 176 575 1 197 604
171 305 369 1 314 384
172 289 388 1 300 403
173 303 448 1 314 460
174 128 130 1 143 165
175 237 114 1 248 145
176 320 330 1 326 342
177 319 356 1 325 367
178 324 435 1 331 443
179 280 376 1 292 393
180 151 584 1 172 611
181 121 193 1 138 227
182 295 415 1 306 430
183 62 65 1 78 102
184 108 176 1 125 210
185 160 579 1 181 609
186 164 439 1 183 469
187 333 321 1 337 332
188 208 550 1 227 577
189 149 533 1 169 560
190 247 94 1 257 124
191 238 447 1 255 470
192 118 515 1 138 544
193 235 508 1 246 508
194 263 439 1 278 457
195 140 110 1 155 145
196 279 608 1 295 624
197 225 451 1 243 476
198 322 419 1 329 427
199 160 341 1 178 372
200 309 217 1 313 236
201 241 585 1 260 609
202 178 504 1 198 532
203 335 581 1 344 581
204 303 92 1 305 117
205 188 562 1 208 591
206 318 545 1 329 553
207 259 47 1 267 79
208 148 595 1 169 624
209 325 238 1 327 253
210 246 139 1 256 167
211 308 479 1 319 490
212 325 465 1 333 471
213 117 526 1 137 556
214 288 297 1 296 314
215 248 442 1 264 464
216 207 458 1 225 486
217 245 57 1 254 89
218 232 559 1 251 584
219 242 167 1 253 195
220 314 99 1 316 124
221 299 597 1 314 609
222 241 404 1 257 426
223 217 560 1 237 587
224 124 407 1 143 437
225 292 371 1 302 387
226 287 442 1 299 457
227 242 81 1 251 112
228 301 174 1 305 196
229 234 457 1 252 481
230 138 411 1 157 441
231 277 386 1 290 403
232 217 461 1 235 488
233 285 172 1 291 197
234 310 578 1 323 587
235 291 129 1 295 154
236 305 532 1 318 542
237 323 135 1 324 157
238 287 89 1 291 116
239 196 553 1 216 581
240 272 135 1 279 161
241 323 155 1 324 176
242 278 455 1 292 471
243 312 235 1 316 253
244 285 567 1 300 580
245 319 556 1 331 564
246 311 506 1 322 515
247 265 332 1 277 352
248 324 509 1 333 516
249 294 509 1 307 522
250 213 570 1 233 597
251 163 479 1 182 508
252 300 435 1 310 447
253 255 156 1 265 183
254 288 526 1 301 538
255 311 393 1 319 405
256 254 105 1 263 134
257 266 190 1 275 214
258 280 191 1 287 214
259 251 127 1 260 155
260 289 264 1 297 283
261 267 369 1 279 388
262 325 215 1 327 231
263 323 254 1 326 268
264 280 413 1 292 430
265 298 251 1 304 269
266 292 350 1 302 365
267 278 366 1 288 382
268 261 130 1 269 157
269 218 551 1 237 577
270 323 581 1 334 587
271 295 286 1 303 303
272 290 461 1 302 475
273 241 246 1 254 273
274 301 522 1 314 533
275 203 569 1 223 596
276 249 454 1 265 475
277 274 355 1 286 374
278 264 57 1 271 88
279 235 209 1 248 236
280 305 420 1 315 434
281 289 476 1 303 492
282 161 591 1 183 619
283 276 425 1 290 442
284 307 358 1 315 372
285 272 545 1 288 562
286 269 154 1 277 180
287 316 309 1 321 322
288 258 82 1 265 112
289 295 489 1 307 502
290 262 405 1 276 426
291 255 587 1 273 608
292 197 492 1 211 497
293 327 145 1 326 166
294 295 402 1 307 417
295 238 236 1 251 262
296 327 447 1 333 452
297 250 612 1 270 634
298 259 471 1 274 489
299 314 517 1 325 525
300 190 596 1 210 625
301 265 180 1 274 204
302 253 599 1 272 621
303 264 462 1 278 479
304 253 565 1 271 587
305 306 296 1 312 311
306 276 205 1 284 228
307 311 252 1 316 269
308 328 402 1 334 409
309 248 46 1 256 78
310 324 495 1 333 502
311 242 571 1 261 594
312 312 89 1 314 115
313 307 266 1 312 282
314 316 60 1 314 86
315 248 271 1 261 296
316 327 100 1 329 126
317 277 101 1 283 129
318 289 333 1 298 349
319 329 390 1 335 397
320 272 165 1 280 189
321 288 428 1 300 443
322 229 428 1 247 453
323 326 168 1 327 188
324 308 327 1 314 340
325 325 599 1 336 604
326 284 251 1 292 271
327 308 492 1 319 503
328 257 293 1 269 316
329 306 185 1 311 206
330 261 283 1 273 305
331 320 181 1 322 200
