0 92 265 1 103 328
1 196 167 1 181 182
2 117 419 1 129 481
3 111 587 1 126 650
4 115 476 1 128 538
5 113 432 1 127 494
6 64 217 1 75 281
7 44 332 1 58 397
8 115 466 1 128 528
9 70 576 1 84 640
10 113 455 1 127 516
11 117 398 1 129 460
12 112 513 1 125 575
13 156 322 1 167 384
14 72 533 1 86 596
15 108 556 1 121 619
16 78 419 1 92 482
17 102 571 1 116 633
18 71 552 1 85 615
19 83 376 1 96 438
20 154 289 1 165 351
21 105 390 1 118 451
22 77 455 1 90 517
23 88 488 1 100 550
24 75 472 1 88 535
25 74 513 1 87 575
26 84 359 1 96 421
27 80 388 1 92 451
28 75 158 1 85 224
29 156 580 1 170 642
30 112 572 1 126 635
31 79 434 1 92 496
32 84 538 1 99 601
33 156 589 1 171 652
34 86 476 1 99 538
35 98 360 1 108 422
36 90 421 1 102 482
37 113 353 1 125 415
38 166 594 1 181 657
39 25 500 1 39 563
40 133 516 1 147 575
41 78 445 1 91 507
42 182 529 1 196 591
43 99 176 1 109 242
44 193 411 1 205 472
45 184 221 1 177 239
46 122 352 1 135 413
47 200 340 1 210 400
48 227 412 1 238 469
49 60 98 1 69 167
50 145 43 1 152 112
51 248 371 1 257 421
52 183 594 1 198 656
53 237 521 1 245 561
54 137 584 1 152 646
55 125 431 1 138 493
56 213 467 1 225 525
57 147 552 1 161 614
58 139 501 1 152 559
59 100 431 1 112 493
60 170 442 1 182 501
61 141 596 1 155 658
62 94 592 1 109 655
63 205 435 1 217 495
64 206 164 1 170 141
65 139 410 1 151 470
66 150 413 1 162 475
67 159 463 1 172 521
68 194 180 1 185 203
69 135 574 1 149 636
70 102 525 1 116 587
71 189 211 1 178 224
72 198 217 1 187 232
73 223 454 1 235 512
74 209 210 1 190 211
75 181 434 1 194 493
76 147 541 1 160 602
77 179 424 1 191 483
78 125 202 1 134 267
79 193 442 1 206 502
80 158 482 1 171 542
81 219 392 1 230 448
82 172 534 1 186 594
83 172 178 1 163 194
84 172 480 1 184 541
85 66 561 1 80 625
86 112 110 1 120 176
87 173 168 1 165 192
88 134 564 1 148 626
89 82 573 1 96 636
90 193 559 1 208 621
91 118 555 1 131 617
92 88 98 1 97 165
93 84 113 1 93 180
94 139 491 1 152 549
95 226 401 1 237 457
96 196 547 1 210 609
97 123 368 1 135 429
98 122 172 1 131 236
99 86 127 1 95 192
100 149 464 1 162 523
101 196 421 1 208 481
102 239 387 1 248 443
103 132 420 1 144 481
104 160 406 1 172 466
105 258 125 1 260 185
106 111 185 1 120 250
107 286 250 1 288 301
108 185 290 1 204 380
109 168 286 1 178 348
110 138 542 1 151 601
111 223 464 1 236 522
112 128 139 1 135 199
113 138 480 1 151 539
114 144 439 1 156 499
115 170 431 1 180 490
116 133 51 1 140 119
117 121 95 1 129 161
118 146 562 1 160 624
119 161 474 1 173 532
120 142 428 1 154 488
121 159 364 1 170 425
122 157 540 1 170 600
123 204 445 1 216 504
124 183 410 1 195 470
125 182 453 1 193 513
126 293 475 1 299 517
127 193 452 1 206 512
128 123 568 1 136 630
129 294 93 1 291 150
130 233 378 1 243 435
131 137 133 1 144 193
132 181 443 1 193 503
133 88 149 1 98 214
134 224 575 1 239 634
135 96 550 1 109 612
136 220 422 1 232 479
137 207 419 1 219 478
138 222 218 1 210 236
139 154 497 1 166 555
140 43 442 1 55 505
141 254 96 1 255 156
142 136 468 1 148 526
143 123 82 1 131 148
144 205 457 1 217 516
145 136 70 1 144 138
146 171 582 1 186 645
147 273 179 1 274 235
148 124 113 1 133 178
149 124 580 1 138 642
150 134 343 1 145 404
151 25 584 1 39 647
152 302 585 1 312 631
153 117 162 1 127 226
154 104 79 1 112 147
155 157 432 1 169 492
156 254 381 1 261 433
157 149 62 1 156 129
158 213 567 1 228 627
159 167 298 1 178 360
160 111 500 1 125 562
161 30 560 1 44 621
162 195 462 1 207 522
163 140 354 1 151 415
164 162 213 1 171 277
165 134 443 1 146 503
166 96 514 1 109 576
167 213 577 1 228 637
168 162 416 1 174 477
169 288 324 1 291 371
170 144 344 1 155 404
171 224 445 1 236 503
172 191 472 1 205 531
173 292 453 1 299 498
174 171 547 1 186 608
175 267 152 1 268 208
176 136 398 1 148 459
177 260 272 1 265 325
178 146 525 1 160 584
179 146 399 1 158 460
180 251 328 1 254 372
181 161 237 1 170 300
182 184 549 1 198 610
183 283 485 1 286 519
184 281 467 1 283 498
185 304 369 1 307 413
186 136 98 1 144 164
187 250 81 1 251 143
188 267 164 1 269 220
189 331 518 1 336 557
190 254 410 1 263 464
191 228 391 1 238 447
192 320 147 1 316 199
193 159 559 1 173 619
194 288 273 1 291 323
195 283 590 1 295 640
196 244 52 1 245 115
197 117 145 1 125 210
198 317 434 1 321 475
199 168 553 1 183 615
200 172 411 1 184 472
201 247 552 1 260 609
202 157 508 1 170 567
203 322 482 1 328 522
204 313 390 1 317 434
205 261 59 1 261 122
206 248 424 1 258 477
207 269 507 1 277 551
208 126 489 1 138 549
209 276 418 1 283 467
210 149 77 1 156 144
211 234 426 1 246 482
212 331 528 1 336 566
213 250 562 1 264 619
214 315 227 1 313 276
215 327 493 1 331 532
216 194 535 1 210 597
217 306 245 1 306 293
218 294 355 1 298 402
219 290 418 1 297 465
220 156 568 1 171 630
221 243 41 1 244 105
222 259 106 1 260 166
223 266 297 1 272 350
224 325 377 1 327 419
225 125 500 1 138 561
226 258 35 1 257 99
227 216 432 1 228 490
228 275 356 1 281 405
229 267 215 1 271 271
230 322 444 1 326 485
231 308 495 1 315 537
232 320 464 1 325 504
233 327 503 1 332 542
234 132 379 1 144 440
235 307 352 1 310 397
236 300 424 1 306 469
237 255 46 1 255 109
238 262 606 1 276 661
239 245 433 1 255 488
240 146 383 1 158 444
241 291 365 1 296 412
242 317 266 1 317 313
243 226 435 1 238 493
244 255 135 1 257 195
245 291 531 1 300 578
246 324 453 1 328 493
247 303 400 1 307 444
248 291 436 1 298 482
249 298 554 1 307 597
250 304 285 1 306 331
251 279 309 1 283 359
252 255 296 1 261 347
253 131 593 1 145 655
254 321 276 1 320 322
255 221 546 1 235 605
256 171 453 1 184 513
257 303 460 1 309 505
258 269 126 1 269 182
259 313 401 1 317 444
260 269 72 1 268 132
261 281 162 1 281 216
262 299 507 1 308 552
263 296 163 1 294 216
264 280 69 1 277 128
265 284 262 1 287 313
266 301 205 1 300 256
267 323 157 1 318 208
268 280 348 1 284 397
269 194 431 1 206 491
270 307 274 1 309 323
271 257 436 1 267 489
272 327 545 1 334 584
273 294 394 1 299 441
274 265 410 1 274 461
275 307 329 1 309 374
276 291 344 1 295 391
277 276 98 1 274 155
278 323 171 1 319 221
279 263 422 1 273 473
280 258 550 1 271 603
281 304 445 1 310 488
282 317 523 1 324 565
283 211 545 1 225 604
284 303 530 1 312 574
285 244 232 1 251 290
286 287 334 1 291 382
287 247 180 1 251 238
288 297 145 1 295 199
289 272 488 1 278 526
290 317 202 1 315 251
291 170 564 1 184 626
292 289 407 1 296 453
293 295 178 1 294 230
294 311 584 1 321 628
295 284 124 1 283 180
296 307 312 1 309 358
297 234 587 1 249 647
298 273 47 1 270 109
299 309 474 1 315 517
300 274 384 1 281 434
301 264 567 1 278 620
302 329 407 1 330 446
303 213 446 1 225 504
304 250 207 1 254 264
305 308 261 1 308 308
306 288 567 1 299 616
307 250 219 1 255 275
308 265 527 1 276 579
309 198 571 1 212 631
310 280 151 1 279 205
311 263 579 1 276 633
312 276 446 1 284 491
313 319 420 1 324 463
314 263 589 1 276 642
315 326 568 1 333 607
316 316 330 1 318 375
317 239 565 1 253 623
318 261 245 1 265 299
319 294 67 1 290 126
320 233 455 1 245 512
321 289 135 1 287 189
322 327 429 1 331 472
323 239 403 1 250 459
324 299 226 1 299 275
325 271 268 1 274 320
