0 93 261 1 103 328
1 118 416 1 129 482
2 113 584 1 126 651
3 116 474 1 128 539
4 115 429 1 127 495
5 65 213 1 75 281
6 46 329 1 58 397
7 116 464 1 128 529
8 71 574 1 84 641
9 115 453 1 128 517
10 118 395 1 129 460
11 156 286 1 166 351
12 113 510 1 125 576
13 158 319 1 168 385
14 74 531 1 86 597
15 109 553 1 122 620
16 80 417 1 92 482
17 104 568 1 116 635
18 73 550 1 85 616
19 85 373 1 96 439
20 195 164 1 181 183
21 107 387 1 118 452
22 78 453 1 90 518
23 89 485 1 100 551
24 76 470 1 88 536
25 76 510 1 87 576
26 85 356 1 96 422
27 81 386 1 92 451
28 75 154 1 85 224
29 157 578 1 170 644
30 114 570 1 126 637
31 80 432 1 92 497
32 117 384 1 129 449
33 86 535 1 99 602
34 158 587 1 171 653
35 88 473 1 99 539
36 99 356 1 109 422
37 91 418 1 102 483
38 114 350 1 125 415
39 168 591 1 181 658
40 226 219 1 211 238
41 249 366 1 258 422
42 27 497 1 39 564
43 135 514 1 147 577
44 79 442 1 91 508
45 184 526 1 196 592
46 100 172 1 109 241
47 194 408 1 205 472
48 184 221 1 177 241
49 124 349 1 135 413
50 201 337 1 211 400
51 228 408 1 239 470
52 60 94 1 69 166
53 145 39 1 152 111
54 159 490 1 171 553
55 185 591 1 198 658
56 239 521 1 246 565
57 139 581 1 152 647
58 126 428 1 138 494
59 214 464 1 225 526
60 149 549 1 161 615
61 140 498 1 152 561
62 101 428 1 113 494
63 153 419 1 165 483
64 171 439 1 183 502
65 143 593 1 156 660
66 97 589 1 109 657
67 206 432 1 217 495
68 207 165 1 169 140
69 140 407 1 151 471
70 151 410 1 162 475
71 160 460 1 172 522
72 121 374 1 132 439
73 137 572 1 149 637
74 198 501 1 207 550
75 224 452 1 236 514
76 210 212 1 191 214
77 183 431 1 194 494
78 148 539 1 161 603
79 180 421 1 191 484
80 125 199 1 134 267
81 195 439 1 207 503
82 160 480 1 171 543
83 221 389 1 231 449
84 174 531 1 186 596
85 172 177 1 163 196
86 174 477 1 184 542
87 68 559 1 80 627
88 112 106 1 121 176
89 188 211 1 178 226
90 84 571 1 96 638
91 195 557 1 208 622
92 119 553 1 132 618
93 88 94 1 97 165
94 84 109 1 93 179
95 141 489 1 153 551
96 228 398 1 238 458
97 197 545 1 210 610
98 124 365 1 135 430
99 122 169 1 131 236
100 86 123 1 95 192
101 150 461 1 162 524
102 198 418 1 209 482
103 241 384 1 248 444
104 134 417 1 144 482
105 161 403 1 172 467
106 259 121 1 261 185
107 112 181 1 120 250
108 287 247 1 289 302
109 170 282 1 178 348
110 139 540 1 151 603
111 225 461 1 236 523
112 128 135 1 135 200
113 139 477 1 151 540
114 145 436 1 156 500
115 171 428 1 181 491
116 133 46 1 140 118
117 121 91 1 129 161
118 147 559 1 160 625
119 144 426 1 155 489
120 160 361 1 170 426
121 205 442 1 216 505
122 184 407 1 195 471
123 183 450 1 194 514
124 168 393 1 179 454
125 194 449 1 206 513
126 124 566 1 136 631
127 296 88 1 292 150
128 234 375 1 243 436
129 138 129 1 144 193
130 183 440 1 194 503
131 88 146 1 98 214
132 226 573 1 239 636
133 218 409 1 229 472
134 103 523 1 116 589
135 97 548 1 109 613
136 222 420 1 233 480
137 209 416 1 219 479
138 204 469 1 216 531
139 44 440 1 55 506
140 255 92 1 256 156
141 137 465 1 149 528
142 124 78 1 131 148
143 206 454 1 217 517
144 136 66 1 144 137
145 173 579 1 187 646
146 274 175 1 275 235
147 125 109 1 133 178
148 126 577 1 138 643
149 135 340 1 146 405
150 27 581 1 39 648
151 292 506 1 297 551
152 306 584 1 314 635
153 118 159 1 127 226
154 104 75 1 112 146
155 158 429 1 170 493
156 239 504 1 246 547
157 255 378 1 262 434
158 150 58 1 156 129
159 215 565 1 228 628
160 169 294 1 179 360
161 113 497 1 125 563
162 32 558 1 44 623
163 196 459 1 208 523
164 141 351 1 152 415
165 163 209 1 171 277
166 135 440 1 146 504
167 98 511 1 109 577
168 215 575 1 228 638
169 163 413 1 174 478
170 289 321 1 292 373
171 145 340 1 156 405
172 225 442 1 236 504
173 192 469 1 205 532
174 295 452 1 300 500
175 268 147 1 269 208
176 137 395 1 148 460
177 261 269 1 265 326
178 148 523 1 160 586
179 148 396 1 158 461
180 252 325 1 255 374
181 162 234 1 170 300
182 186 546 1 199 611
183 285 486 1 287 523
184 284 469 1 285 503
185 307 367 1 309 416
186 137 94 1 144 164
187 250 76 1 252 143
188 268 161 1 270 221
189 334 518 1 338 561
190 255 407 1 264 465
191 230 388 1 239 448
192 322 143 1 317 199
193 161 557 1 173 620
194 290 270 1 292 325
195 285 589 1 297 643
196 245 46 1 246 115
197 117 141 1 125 210
198 320 432 1 323 478
199 170 550 1 183 616
200 174 408 1 185 473
201 249 550 1 261 611
202 159 505 1 170 568
203 325 481 1 329 526
204 315 388 1 318 436
205 262 54 1 262 121
206 250 421 1 259 479
207 271 506 1 279 554
208 127 486 1 139 550
209 278 416 1 284 469
210 149 72 1 156 143
211 236 423 1 247 483
212 334 528 1 338 570
213 252 560 1 264 621
214 317 224 1 315 277
215 329 493 1 333 536
216 308 242 1 307 294
217 296 352 1 300 404
218 291 417 1 298 467
219 158 565 1 171 631
220 244 36 1 245 105
221 260 102 1 261 166
222 267 294 1 272 351
223 327 375 1 328 421
224 126 498 1 138 562
225 259 30 1 258 98
226 218 430 1 228 491
227 277 354 1 282 406
228 268 212 1 271 271
229 325 443 1 328 488
230 310 494 1 316 541
231 323 463 1 326 507
232 329 503 1 334 546
233 134 376 1 144 441
234 309 350 1 311 399
235 303 422 1 308 471
236 256 41 1 256 108
237 264 604 1 277 664
238 246 430 1 256 489
239 147 380 1 158 445
240 293 364 1 297 414
241 320 263 1 319 314
242 227 432 1 238 494
243 256 131 1 258 195
244 293 530 1 301 581
245 326 452 1 330 496
246 306 399 1 309 446
247 293 434 1 299 485
248 301 553 1 308 601
249 306 282 1 307 333
250 280 306 1 284 360
251 257 294 1 262 349
252 133 591 1 146 657
253 323 274 1 322 324
254 223 543 1 236 606
255 173 450 1 184 514
256 305 458 1 311 507
257 271 121 1 271 182
258 315 399 1 318 447
259 270 67 1 269 132
260 282 158 1 282 216
261 302 505 1 309 555
262 298 159 1 296 216
263 281 64 1 278 127
264 285 259 1 288 314
265 303 202 1 302 256
266 326 153 1 320 208
267 282 345 1 285 398
268 195 428 1 206 492
269 309 271 1 310 324
270 259 435 1 268 491
271 330 545 1 336 588
272 168 521 1 180 584
273 296 392 1 300 443
274 267 408 1 274 463
275 309 327 1 311 376
276 293 342 1 296 393
277 277 93 1 275 155
278 325 167 1 321 222
279 265 420 1 274 475
280 260 549 1 271 606
281 306 444 1 311 491
282 320 523 1 326 569
283 213 542 1 226 605
284 306 529 1 313 578
285 245 229 1 251 290
286 289 331 1 293 383
287 248 176 1 252 238
288 299 141 1 296 199
289 319 198 1 316 252
290 171 561 1 185 627
291 291 405 1 297 455
292 297 174 1 296 231
293 314 583 1 323 632
294 286 120 1 284 180
295 309 310 1 310 360
296 236 585 1 249 648
297 274 42 1 272 108
298 311 473 1 317 520
299 276 381 1 282 435
300 267 565 1 279 623
301 331 406 1 332 450
302 215 443 1 226 505
303 251 203 1 255 265
304 310 258 1 310 309
305 290 566 1 300 619
306 251 216 1 255 276
307 266 525 1 277 581
308 200 568 1 213 633
309 281 147 1 280 205
310 265 577 1 277 635
311 278 444 1 285 493
312 322 419 1 325 466
313 265 587 1 277 645
314 328 568 1 335 612
315 319 328 1 320 376
316 241 563 1 254 625
317 262 241 1 266 300
318 296 62 1 291 125
319 234 452 1 245 513
320 290 130 1 288 189
321 329 428 1 333 475
322 240 401 1 250 460
323 301 222 1 301 276
324 272 265 1 275 321
