0 107 286 1 104 329
1 135 442 1 130 484
2 132 614 1 126 657
3 127 582 1 122 625
4 133 500 1 129 542
5 131 455 1 127 498
6 77 238 1 75 282
7 60 353 1 59 398
8 133 490 1 128 532
9 89 604 1 84 646
10 132 479 1 128 520
11 134 420 1 130 462
12 170 309 1 167 352
13 131 537 1 126 580
14 172 343 1 169 386
15 91 559 1 86 601
16 95 443 1 92 485
17 122 598 1 116 640
18 90 579 1 85 621
19 100 399 1 96 441
20 122 413 1 119 454
21 95 479 1 90 521
22 93 497 1 88 539
23 93 538 1 88 580
24 100 381 1 96 424
25 96 411 1 92 453
26 105 512 1 101 555
27 87 178 1 85 223
28 177 607 1 172 649
29 103 538 1 99 580
30 106 551 1 101 593
31 96 458 1 92 500
32 133 409 1 129 451
33 105 564 1 99 607
34 105 500 1 100 542
35 114 381 1 109 424
36 107 444 1 103 486
37 130 375 1 125 417
38 105 479 1 101 521
39 132 600 1 127 642
40 309 515 1 290 523
41 43 525 1 38 568
42 153 542 1 148 582
43 95 469 1 91 511
44 203 553 1 198 596
45 262 520 1 252 549
46 112 196 1 109 241
47 215 564 1 208 597
48 211 433 1 207 475
49 139 374 1 135 415
50 217 360 1 212 402
51 246 433 1 241 474
52 71 119 1 70 165
53 155 62 1 153 110
54 177 518 1 172 558
55 137 158 1 135 200
56 158 610 1 153 653
57 143 454 1 139 497
58 233 490 1 227 531
59 246 423 1 240 462
60 168 578 1 162 620
61 204 414 1 198 453
62 258 506 1 251 545
63 158 527 1 152 566
64 117 455 1 113 497
65 170 444 1 166 486
66 189 465 1 184 506
67 224 457 1 219 499
68 157 432 1 152 474
69 168 436 1 163 478
70 179 487 1 173 527
71 137 399 1 133 441
72 156 601 1 150 643
73 243 478 1 238 518
74 200 456 1 195 498
75 167 568 1 162 609
76 197 446 1 192 488
77 138 222 1 135 267
78 213 464 1 208 506
79 178 507 1 172 548
80 193 559 1 188 601
81 190 503 1 186 546
82 236 421 1 228 458
83 85 588 1 80 631
84 123 130 1 121 176
85 190 434 1 186 476
86 258 560 1 251 597
87 152 590 1 146 631
88 102 600 1 96 643
89 215 584 1 210 627
90 137 582 1 132 624
91 99 118 1 97 164
92 95 133 1 93 179
93 159 517 1 153 556
94 248 500 1 242 539
95 217 572 1 212 615
96 140 390 1 136 432
97 134 192 1 131 236
98 96 147 1 95 192
99 116 550 1 111 594
100 168 489 1 163 529
101 216 504 1 211 545
102 215 443 1 210 485
103 273 545 1 263 573
104 150 443 1 145 485
105 178 429 1 173 470
106 124 205 1 121 250
107 305 270 1 294 306
108 184 306 1 179 349
109 158 569 1 152 609
110 243 487 1 238 527
111 157 505 1 151 545
112 163 462 1 157 504
113 176 527 1 171 567
114 143 69 1 141 117
115 132 114 1 130 160
116 226 504 1 221 545
117 166 588 1 161 630
118 160 452 1 155 493
119 176 385 1 171 428
120 223 467 1 218 509
121 52 543 1 47 584
122 201 431 1 196 474
123 200 476 1 195 517
124 185 420 1 180 458
125 212 475 1 208 517
126 246 35 1 238 83
127 148 152 1 144 193
128 200 465 1 195 507
129 99 170 1 98 214
130 247 602 1 242 643
131 236 433 1 231 475
132 115 576 1 110 618
133 142 593 1 137 636
134 240 445 1 235 485
135 226 441 1 221 482
136 223 495 1 217 536
137 60 467 1 55 509
138 267 111 1 259 155
139 154 493 1 149 532
140 134 101 1 132 147
141 279 556 1 271 591
142 225 480 1 219 521
143 251 400 1 245 439
144 147 89 1 144 136
145 193 608 1 188 651
146 289 197 1 279 237
147 136 132 1 133 178
148 144 607 1 139 649
149 151 365 1 146 406
150 130 182 1 127 226
151 115 99 1 112 145
152 176 455 1 171 496
153 184 475 1 178 514
154 272 405 1 265 440
155 160 80 1 157 128
156 236 594 1 230 635
157 183 317 1 180 361
158 130 524 1 125 567
159 214 485 1 209 527
160 238 500 1 232 540
161 157 375 1 152 417
162 176 232 1 172 277
163 152 467 1 147 508
164 115 539 1 109 581
165 236 604 1 230 645
166 180 439 1 175 481
167 309 347 1 298 380
168 186 448 1 181 489
169 161 365 1 156 406
170 130 467 1 126 510
171 244 468 1 239 508
172 211 495 1 206 536
173 282 168 1 273 208
174 153 420 1 149 462
175 278 294 1 269 330
176 167 552 1 161 592
177 164 421 1 159 463
178 175 257 1 171 300
179 205 574 1 200 616
180 247 550 1 241 589
181 147 117 1 144 163
182 263 96 1 255 141
183 283 181 1 274 222
184 94 569 1 90 611
185 271 34 1 263 82
186 247 413 1 241 452
187 180 585 1 174 626
188 308 295 1 297 330
189 322 354 1 309 386
190 256 66 1 249 113
191 47 591 1 43 630
192 275 509 1 265 536
193 128 165 1 126 209
194 190 578 1 184 621
195 281 351 1 273 389
196 270 579 1 264 618
197 282 30 1 272 77
198 274 73 1 265 119
199 312 420 1 302 452
200 144 513 1 139 555
201 295 50 1 284 96
202 159 95 1 157 142
203 324 452 1 311 481
204 254 449 1 249 488
205 324 366 1 312 398
206 97 548 1 92 591
207 274 591 1 267 629
208 317 324 1 305 357
209 314 433 1 302 465
210 276 83 1 267 129
211 314 337 1 303 370
212 314 446 1 303 477
213 177 594 1 172 636
214 254 55 1 247 102
215 287 84 1 277 128
216 273 121 1 264 165
217 285 319 1 276 355
218 310 492 1 300 523
219 144 524 1 139 566
220 271 48 1 262 95
221 236 454 1 230 495
222 283 234 1 275 274
223 280 422 1 272 457
224 149 401 1 145 443
225 267 59 1 259 106
226 265 457 1 259 495
227 163 405 1 159 447
228 311 219 1 299 256
229 246 457 1 240 498
230 316 479 1 306 511
231 269 152 1 261 195
232 314 390 1 303 423
233 313 183 1 300 221
234 297 491 1 288 525
235 302 139 1 290 180
236 312 379 1 301 411
237 299 332 1 288 366
238 274 319 1 265 354
239 308 69 1 295 114
240 285 141 1 275 182
241 315 111 1 302 153
242 298 179 1 287 217
243 276 248 1 268 287
244 304 283 1 293 318
245 308 79 1 294 123
246 301 372 1 290 405
247 213 452 1 208 495
248 91 350 1 87 396
249 279 461 1 271 498
250 206 506 1 201 548
251 186 548 1 181 589
252 257 409 1 251 449
253 304 246 1 294 282
254 314 370 1 302 401
255 291 112 1 280 154
256 280 497 1 273 534
257 290 60 1 279 106
258 285 447 1 277 482
259 282 580 1 275 616
260 253 490 1 247 530
261 321 225 1 307 262
262 327 583 1 317 612
263 260 251 1 254 292
264 309 358 1 298 390
265 278 195 1 270 236
266 277 436 1 269 473
267 191 590 1 186 632
268 293 277 1 283 314
269 313 195 1 301 233
270 327 592 1 317 622
271 280 112 1 270 154
272 243 574 1 238 613
273 287 398 1 279 435
274 289 597 1 282 633
275 233 469 1 227 509
276 321 252 1 308 287
277 303 430 1 295 464
278 281 220 1 272 259
279 265 225 1 258 266
280 314 600 1 305 632
281 321 421 1 310 451
282 267 238 1 259 278
283 289 555 1 281 591
284 221 597 1 215 639
285 297 167 1 285 206
286 319 560 1 309 590
287 300 471 1 290 504
288 325 537 1 314 567
289 318 238 1 306 274
290 317 409 1 305 441
291 291 585 1 284 619
292 263 592 1 257 632
293 319 571 1 308 600
294 277 265 1 268 302
295 253 478 1 247 517
296 306 150 1 293 190
297 259 426 1 253 465
298 306 556 1 298 589
299 289 289 1 279 325
