0 106 292 1 104 329
1 131 450 1 130 486
2 121 591 1 122 627
3 129 509 1 129 544
4 127 463 1 128 499
5 77 244 1 75 282
6 58 359 1 59 398
7 129 498 1 129 534
8 83 613 1 84 649
9 128 487 1 128 521
10 131 428 1 130 463
11 169 316 1 167 352
12 126 546 1 126 582
13 170 351 1 169 386
14 85 568 1 86 603
15 210 577 1 209 602
16 92 450 1 92 486
17 84 587 1 85 623
18 97 406 1 96 442
19 115 605 1 116 642
20 119 420 1 119 455
21 91 487 1 90 523
22 88 505 1 88 540
23 87 546 1 88 582
24 98 389 1 97 424
25 93 418 1 92 454
26 100 520 1 101 556
27 88 184 1 85 223
28 98 546 1 99 582
29 100 560 1 101 595
30 92 466 1 92 501
31 130 417 1 129 452
32 99 573 1 99 608
33 100 508 1 100 544
34 112 389 1 109 425
35 104 451 1 103 487
36 127 382 1 125 418
37 101 487 1 101 522
38 126 609 1 127 644
39 38 533 1 38 569
40 172 614 1 172 651
41 91 476 1 91 512
42 198 563 1 198 598
43 112 202 1 110 241
44 208 441 1 207 476
45 136 381 1 136 416
46 215 368 1 213 403
47 244 443 1 242 475
48 72 125 1 70 165
49 157 69 1 153 109
50 173 528 1 172 560
51 137 166 1 134 200
52 139 462 1 139 498
53 229 501 1 228 533
54 243 433 1 241 464
55 147 551 1 148 585
56 162 588 1 162 622
57 201 424 1 199 455
58 254 517 1 252 547
59 153 537 1 153 569
60 113 462 1 113 498
61 167 453 1 166 487
62 186 474 1 184 508
63 221 467 1 220 500
64 191 425 1 190 456
65 154 440 1 153 475
66 165 444 1 164 479
67 175 496 1 174 529
68 134 407 1 133 442
69 140 614 1 139 651
70 150 611 1 151 645
71 240 488 1 239 520
72 197 466 1 196 499
73 162 577 1 162 611
74 200 451 1 199 484
75 138 229 1 135 267
76 209 474 1 209 508
77 174 516 1 172 550
78 188 569 1 188 603
79 186 513 1 186 547
80 233 430 1 229 460
81 80 597 1 81 633
82 124 136 1 121 175
83 187 443 1 186 477
84 254 573 1 252 601
85 146 601 1 147 634
86 96 609 1 96 645
87 211 595 1 211 629
88 132 592 1 132 626
89 100 125 1 97 164
90 96 139 1 93 178
91 154 526 1 154 559
92 244 510 1 243 542
93 137 398 1 136 433
94 134 199 1 132 236
95 97 153 1 95 191
96 110 559 1 111 595
97 164 498 1 163 531
98 212 514 1 211 547
99 212 452 1 211 486
100 269 559 1 264 579
101 146 451 1 145 486
102 175 437 1 174 471
103 124 211 1 121 249
104 306 282 1 297 308
105 183 313 1 180 349
106 152 579 1 153 612
107 240 497 1 239 529
108 152 515 1 152 547
109 172 537 1 172 569
110 145 76 1 141 116
111 133 121 1 130 160
112 222 515 1 222 547
113 161 598 1 162 632
114 157 461 1 156 494
115 173 394 1 172 429
116 220 477 1 219 510
117 46 552 1 47 587
118 198 440 1 197 475
119 197 485 1 196 519
120 158 473 1 157 506
121 182 429 1 180 460
122 209 485 1 208 518
123 249 43 1 239 81
124 149 159 1 144 193
125 197 475 1 196 508
126 100 176 1 98 213
127 242 614 1 243 645
128 233 442 1 232 476
129 109 585 1 110 620
130 136 603 1 137 638
131 237 455 1 236 486
132 223 450 1 222 484
133 219 505 1 218 538
134 55 474 1 55 510
135 270 120 1 260 155
136 150 502 1 150 535
137 135 107 1 132 146
138 275 569 1 273 595
139 221 490 1 220 523
140 248 412 1 246 441
141 148 96 1 144 136
142 291 207 1 281 237
143 137 139 1 133 177
144 148 372 1 147 407
145 311 359 1 302 382
146 130 188 1 127 226
147 116 105 1 112 145
148 172 463 1 171 498
149 180 484 1 179 516
150 270 416 1 266 443
151 161 87 1 157 127
152 231 606 1 231 638
153 182 325 1 180 362
154 125 533 1 126 568
155 210 495 1 210 528
156 234 511 1 233 542
157 154 383 1 153 418
158 175 240 1 172 277
159 148 476 1 147 509
160 109 548 1 110 583
161 324 486 1 317 507
162 177 448 1 176 482
163 183 457 1 182 491
164 159 373 1 157 407
165 127 475 1 126 511
166 241 478 1 239 510
167 207 505 1 207 538
168 284 177 1 275 209
169 150 429 1 149 463
170 277 304 1 271 332
171 162 563 1 162 595
172 161 430 1 160 464
173 175 264 1 171 301
174 200 585 1 201 618
175 242 561 1 242 591
176 148 124 1 145 163
177 265 105 1 256 141
178 285 191 1 275 222
179 89 578 1 90 613
180 275 42 1 264 80
181 244 423 1 242 454
182 175 596 1 175 629
183 253 460 1 250 490
184 308 307 1 299 332
185 322 367 1 312 389
186 259 74 1 250 112
187 41 599 1 42 633
188 129 172 1 126 209
189 185 589 1 185 623
190 279 362 1 274 391
191 326 322 1 315 345
192 286 38 1 274 76
193 277 81 1 267 118
194 311 434 1 304 456
195 207 526 1 207 559
196 140 523 1 140 556
197 299 58 1 286 94
198 161 102 1 157 142
199 322 466 1 314 486
200 324 380 1 314 401
201 92 558 1 92 593
202 269 604 1 269 633
203 317 337 1 308 360
204 312 447 1 305 469
205 279 92 1 269 128
206 315 350 1 305 373
207 313 460 1 306 481
208 172 604 1 173 639
209 257 63 1 249 101
210 290 92 1 279 127
211 275 130 1 266 165
212 285 329 1 278 357
213 308 507 1 302 528
214 139 533 1 139 568
215 274 56 1 263 94
216 233 464 1 231 497
217 273 523 1 267 542
218 284 243 1 276 274
219 278 433 1 274 460
220 317 503 1 310 524
221 201 495 1 199 529
222 227 583 1 225 606
223 147 409 1 145 444
224 261 477 1 258 506
225 316 292 1 305 318
226 270 67 1 260 105
227 160 413 1 159 448
228 312 230 1 301 258
229 242 466 1 241 499
230 314 494 1 308 515
231 270 161 1 262 195
232 314 404 1 306 426
233 315 194 1 303 222
234 294 504 1 289 529
235 304 148 1 293 180
236 312 392 1 304 414
237 298 343 1 290 369
238 309 516 1 304 538
239 311 78 1 297 112
240 268 593 1 265 619
241 287 150 1 277 182
242 312 326 1 302 349
243 318 120 1 304 153
244 300 189 1 289 218
245 276 258 1 269 288
246 304 295 1 295 321
247 311 87 1 297 122
248 300 385 1 292 409
249 210 462 1 209 496
250 276 473 1 273 501
251 202 516 1 202 549
252 182 558 1 182 592
253 255 420 1 252 451
254 326 350 1 316 372
255 306 256 1 296 284
256 313 382 1 304 405
257 294 120 1 282 154
258 277 510 1 275 537
259 293 68 1 281 105
260 283 459 1 279 485
261 278 594 1 276 620
262 249 501 1 248 532
263 322 237 1 310 263
264 291 556 1 286 577
265 324 599 1 319 618
266 261 260 1 255 292
267 308 369 1 300 393
268 286 468 1 282 494
269 280 204 1 271 236
270 321 95 1 305 127
271 275 448 1 271 475
272 186 600 1 186 634
273 293 288 1 285 315
274 316 205 1 304 234
275 324 609 1 319 628
276 282 120 1 272 154
277 285 410 1 281 437
278 286 612 1 284 637
279 229 479 1 228 511
280 323 263 1 311 289
281 302 443 1 297 467
282 282 230 1 273 260
283 266 235 1 259 267
284 320 434 1 312 455
285 267 248 1 260 279
286 285 570 1 282 595
287 215 608 1 215 641
288 299 177 1 288 207
289 316 576 1 312 596
290 185 579 1 186 612
291 322 553 1 316 573
292 320 248 1 309 275
293 315 423 1 307 445
294 287 598 1 285 624
295 258 604 1 258 635
296 315 587 1 310 606
297 278 275 1 270 304
298 313 482 1 307 503
299 250 488 1 248 520
300 309 159 1 296 190
301 257 436 1 254 467
302 303 571 1 299 594
303 288 300 1 281 327
