0 101 290 1 104 330
1 126 450 1 131 490
2 114 594 1 123 634
3 123 510 1 130 549
4 122 464 1 129 503
5 72 240 1 75 282
6 53 356 1 59 399
7 123 500 1 129 539
8 124 486 1 129 526
9 126 428 1 131 467
10 120 548 1 127 588
11 78 570 1 86 610
12 39 470 1 45 511
13 324 555 1 326 576
14 86 450 1 92 490
15 77 591 1 85 631
16 91 405 1 96 445
17 108 609 1 117 649
18 114 420 1 120 459
19 84 488 1 91 528
20 81 506 1 88 546
21 81 548 1 88 588
22 92 387 1 97 427
23 237 549 1 240 568
24 87 418 1 92 458
25 165 315 1 168 354
26 94 522 1 101 562
27 119 610 1 128 652
28 83 179 1 86 222
29 92 548 1 99 588
30 97 465 1 103 504
31 93 562 1 101 602
32 86 466 1 92 506
33 125 417 1 130 456
34 92 576 1 99 615
35 94 509 1 100 549
36 107 387 1 110 427
37 98 452 1 103 492
38 122 381 1 126 420
39 95 488 1 102 527
40 101 586 1 111 627
41 85 477 1 91 517
42 108 198 1 110 240
43 97 171 1 98 213
44 262 400 1 264 431
45 44 456 1 50 497
46 204 442 1 209 480
47 194 442 1 199 479
48 210 584 1 218 618
49 131 381 1 137 419
50 211 368 1 215 406
51 240 446 1 245 481
52 68 119 1 70 164
53 155 63 1 154 107
54 167 532 1 174 568
55 262 302 1 296 404
56 133 162 1 134 201
57 134 463 1 140 502
58 225 505 1 231 540
59 240 436 1 244 471
60 142 556 1 149 593
61 156 592 1 164 630
62 294 570 1 294 581
63 250 522 1 256 556
64 147 542 1 154 578
65 108 463 1 114 502
66 162 454 1 168 492
67 181 477 1 186 514
68 226 492 1 231 527
69 217 469 1 222 506
70 148 440 1 154 479
71 160 445 1 165 483
72 169 500 1 175 536
73 129 406 1 134 446
74 247 287 1 266 366
75 236 492 1 242 527
76 168 521 1 174 558
77 193 469 1 198 505
78 155 583 1 163 619
79 196 453 1 201 490
80 108 445 1 113 484
81 134 225 1 136 267
82 205 476 1 211 513
83 183 604 1 189 643
84 183 573 1 190 611
85 223 557 1 223 562
86 181 515 1 188 553
87 229 432 1 232 467
88 72 600 1 81 641
89 120 131 1 121 174
90 182 444 1 188 482
91 250 584 1 256 615
92 140 606 1 148 644
93 216 528 1 223 564
94 202 551 1 203 558
95 125 596 1 133 634
96 96 119 1 97 163
97 92 134 1 93 177
98 148 531 1 155 567
99 240 515 1 246 550
100 251 313 1 266 382
101 132 397 1 137 436
102 131 194 1 132 236
103 93 148 1 95 191
104 104 561 1 112 601
105 158 502 1 165 538
106 208 518 1 214 554
107 208 454 1 213 491
108 309 543 1 312 566
109 266 581 1 271 602
110 141 451 1 147 490
111 170 439 1 176 476
112 120 207 1 122 249
113 309 287 1 305 315
114 179 311 1 181 351
115 146 585 1 154 622
116 236 501 1 242 537
117 185 593 1 193 631
118 147 519 1 153 556
119 288 552 1 289 570
120 167 542 1 173 578
121 142 70 1 142 114
122 130 115 1 130 158
123 218 519 1 225 555
124 155 602 1 163 641
125 83 536 1 90 576
126 152 463 1 157 501
127 169 393 1 173 432
128 239 524 1 246 559
129 216 480 1 221 516
130 192 487 1 198 524
131 153 476 1 159 513
132 178 433 1 182 468
133 205 487 1 211 524
134 329 403 1 325 426
135 250 35 1 243 77
136 144 156 1 144 194
137 192 477 1 198 514
138 230 444 1 235 481
139 219 27 1 213 70
140 198 320 1 214 404
141 129 608 1 139 646
142 234 458 1 239 493
143 219 453 1 225 490
144 214 508 1 221 545
145 49 474 1 55 514
146 271 115 1 265 153
147 145 505 1 151 542
148 132 102 1 132 145
149 249 532 1 256 566
150 334 423 1 331 445
151 217 494 1 223 529
152 145 90 1 145 134
153 293 208 1 288 240
154 133 134 1 134 176
155 144 371 1 148 410
156 314 369 1 311 394
157 292 500 1 294 527
158 126 185 1 128 226
159 112 99 1 113 143
160 168 465 1 173 503
161 175 488 1 181 524
162 305 600 1 309 625
163 269 422 1 271 452
164 159 82 1 158 125
165 178 324 1 182 363
166 119 535 1 126 574
167 206 498 1 212 534
168 227 529 1 233 564
169 230 516 1 236 551
170 149 382 1 154 421
171 172 236 1 174 277
172 143 478 1 149 515
173 102 550 1 110 590
174 325 500 1 326 524
175 172 450 1 178 487
176 178 460 1 184 497
177 154 371 1 158 410
178 121 476 1 127 515
179 237 482 1 242 517
180 202 508 1 209 544
181 195 539 1 203 576
182 267 33 1 260 75
183 286 176 1 281 210
184 145 429 1 151 467
185 156 568 1 163 604
186 156 430 1 161 468
187 171 261 1 173 301
188 239 535 1 245 569
189 145 119 1 145 161
190 267 100 1 261 138
191 278 565 1 278 580
192 287 191 1 282 224
193 82 581 1 90 621
194 278 34 1 270 75
195 242 427 1 245 461
196 169 601 1 177 639
197 250 465 1 254 498
198 312 315 1 308 340
199 326 379 1 322 403
200 260 68 1 254 108
201 293 490 1 296 517
202 246 349 1 248 385
203 125 167 1 126 209
204 257 25 1 249 66
205 331 332 1 325 356
206 290 29 1 280 70
207 279 76 1 272 115
208 312 447 1 312 472
209 277 555 1 277 574
210 203 530 1 210 566
211 134 525 1 141 563
212 304 50 1 294 89
213 158 97 1 158 140
214 203 291 1 220 371
215 325 483 1 324 505
216 266 465 1 269 497
217 328 391 1 324 415
218 85 560 1 92 600
219 286 64 1 278 103
220 300 120 1 292 156
221 321 346 1 317 371
222 314 460 1 314 485
223 279 361 1 279 392
224 282 86 1 275 125
225 319 361 1 315 385
226 166 608 1 175 647
227 259 57 1 253 98
228 294 86 1 286 124
229 308 522 1 310 547
230 133 536 1 140 575
231 277 49 1 269 89
232 335 288 1 328 311
233 229 467 1 234 503
234 285 245 1 282 278
235 277 442 1 279 471
236 318 519 1 319 543
237 70 560 1 77 600
238 195 496 1 201 534
239 141 409 1 146 448
240 257 482 1 262 515
241 320 299 1 315 326
242 272 61 1 265 101
243 155 413 1 160 452
244 283 595 1 289 625
245 302 442 1 303 468
246 318 234 1 310 263
247 239 470 1 244 506
248 315 509 1 317 533
249 212 537 1 218 573
250 288 408 1 290 437
251 271 160 1 267 195
252 316 417 1 315 440
253 323 194 1 313 225
254 293 517 1 296 544
255 314 404 1 313 428
256 161 551 1 168 588
257 300 353 1 298 379
258 309 532 1 312 556
259 304 490 1 304 514
260 292 148 1 284 182
261 316 333 1 312 360
262 293 40 1 283 80
263 325 116 1 314 151
264 305 190 1 298 220
265 277 260 1 275 292
266 308 301 1 303 329
267 317 83 1 306 118
268 301 395 1 300 421
269 206 462 1 211 500
270 197 519 1 204 556
271 177 562 1 184 599
272 252 424 1 256 458
273 332 362 1 327 385
274 309 260 1 304 289
275 316 395 1 314 418
276 311 72 1 300 109
277 275 520 1 280 550
278 298 61 1 289 100
279 281 469 1 284 497
280 275 606 1 282 636
281 246 505 1 252 540
282 328 241 1 320 269
283 306 232 1 300 263
284 305 93 1 295 129
285 260 260 1 259 295
286 311 379 1 308 405
287 285 479 1 288 507
288 281 204 1 277 238
289 273 126 1 271 164
290 273 456 1 276 486
291 296 294 1 294 325
292 320 207 1 313 237
293 276 505 1 280 535
294 285 116 1 278 152
295 303 203 1 298 236
296 315 476 1 314 498
297 286 419 1 287 448
298 297 106 1 288 143
299 226 482 1 231 518
300 329 270 1 322 296
301 304 455 1 305 481
302 294 526 1 297 553
303 283 231 1 279 264
304 266 236 1 264 270
305 269 432 1 271 463
306 323 449 1 322 472
307 220 603 1 226 629
308 267 249 1 265 283
309 282 582 1 288 611
310 303 176 1 296 209
311 317 594 1 320 618
312 180 584 1 188 621
313 156 541 1 163 577
314 325 253 1 318 281
315 317 436 1 316 460
316 285 612 1 291 640
317 297 273 1 293 303
318 279 220 1 276 253
319 316 608 1 319 630
320 278 279 1 276 310
321 315 498 1 315 521
322 247 492 1 252 527
323 335 567 1 339 588
324 314 157 1 305 191
325 244 362 1 247 396
326 264 517 1 269 548
327 254 442 1 258 475
328 307 84 1 296 120
329 278 137 1 273 173
330 289 304 1 287 334
331 289 457 1 291 485
332 255 210 1 253 245
333 307 323 1 303 351
