0 94 318 1 104 331
1 122 480 1 131 492
2 120 542 1 130 552
3 118 494 1 129 505
4 64 268 1 75 282
5 47 385 1 60 399
6 120 531 1 130 542
7 120 517 1 130 528
8 121 458 1 131 469
9 117 580 1 127 591
10 75 604 1 86 614
11 34 502 1 44 513
12 81 481 1 92 492
13 86 435 1 97 447
14 109 450 1 120 460
15 80 519 1 91 530
16 78 538 1 88 549
17 77 582 1 88 591
18 87 417 1 97 429
19 82 448 1 92 460
20 160 342 1 169 354
21 90 610 1 100 619
22 94 531 1 104 542
23 75 208 1 86 222
24 91 554 1 101 565
25 97 415 1 110 429
26 93 496 1 103 507
27 117 611 1 127 621
28 90 595 1 100 605
29 82 497 1 92 508
30 121 446 1 131 458
31 90 541 1 100 552
32 210 604 1 212 584
33 89 582 1 100 592
34 93 482 1 103 494
35 117 410 1 127 422
36 91 519 1 102 530
37 81 508 1 91 519
38 215 587 1 224 596
39 100 226 1 111 240
40 88 199 1 98 213
41 259 427 1 266 435
42 39 488 1 50 499
43 201 471 1 211 482
44 191 471 1 200 481
45 198 590 1 208 600
46 126 410 1 137 421
47 207 395 1 216 407
48 238 475 1 246 485
49 59 148 1 71 163
50 145 90 1 154 106
51 165 564 1 175 573
52 167 530 1 176 540
53 124 190 1 133 201
54 326 412 1 329 414
55 130 494 1 141 504
56 224 535 1 232 544
57 237 464 1 246 474
58 140 589 1 150 598
59 259 417 1 266 424
60 250 553 1 258 561
61 145 575 1 154 583
62 104 493 1 114 504
63 159 483 1 168 494
64 178 507 1 187 517
65 176 547 1 185 556
66 224 522 1 233 531
67 215 499 1 223 509
68 145 470 1 154 481
69 156 474 1 166 485
70 202 537 1 211 548
71 124 436 1 134 447
72 235 521 1 244 531
73 166 552 1 175 561
74 190 498 1 199 508
75 193 482 1 202 492
76 103 475 1 114 486
77 127 253 1 137 267
78 203 505 1 212 516
79 221 570 1 230 579
80 182 605 1 191 615
81 179 475 1 189 485
82 226 462 1 234 471
83 112 159 1 121 174
84 328 424 1 329 424
85 290 609 1 292 602
86 215 559 1 224 568
87 154 613 1 164 624
88 87 147 1 97 162
89 83 162 1 93 177
90 146 564 1 155 572
91 240 545 1 248 554
92 127 427 1 137 438
93 123 222 1 132 236
94 84 176 1 95 190
95 102 592 1 112 604
96 156 534 1 165 542
97 206 548 1 215 558
98 205 483 1 214 494
99 312 577 1 316 576
100 273 175 1 277 186
101 137 481 1 147 492
102 167 468 1 176 478
103 112 235 1 122 249
104 307 314 1 309 319
105 173 339 1 182 351
106 235 532 1 244 541
107 144 552 1 153 560
108 232 589 1 240 596
109 165 574 1 174 583
110 133 97 1 142 113
111 179 615 1 189 625
112 121 143 1 130 157
113 217 550 1 226 558
114 79 569 1 90 579
115 148 494 1 157 504
116 164 422 1 174 433
117 317 328 1 318 331
118 247 582 1 255 590
119 239 555 1 248 563
120 213 509 1 222 519
121 189 517 1 199 527
122 150 508 1 159 516
123 174 464 1 183 471
124 203 517 1 212 527
125 257 47 1 261 61
126 241 59 1 245 74
127 135 183 1 143 194
128 189 507 1 199 517
129 227 473 1 236 483
130 209 53 1 214 67
131 232 488 1 241 497
132 217 483 1 226 493
133 213 539 1 222 548
134 44 506 1 54 517
135 264 140 1 268 152
136 142 538 1 151 546
137 123 129 1 132 144
138 249 563 1 258 571
139 215 523 1 224 533
140 136 118 1 145 133
141 289 234 1 292 242
142 124 161 1 134 176
143 138 400 1 148 412
144 265 582 1 272 587
145 321 385 1 322 385
146 248 572 1 256 580
147 294 533 1 298 535
148 118 212 1 128 226
149 103 127 1 113 142
150 188 559 1 197 569
151 164 495 1 174 506
152 173 520 1 181 528
153 248 495 1 256 503
154 267 452 1 274 458
155 150 109 1 158 124
156 173 351 1 182 364
157 117 567 1 127 578
158 204 528 1 213 538
159 226 560 1 234 569
160 229 546 1 237 555
161 145 411 1 155 423
162 165 263 1 174 277
163 323 395 1 324 396
164 99 583 1 110 593
165 276 308 1 279 313
166 169 479 1 178 490
167 175 490 1 185 500
168 126 604 1 136 614
169 149 400 1 159 411
170 118 507 1 128 518
171 235 511 1 244 520
172 194 571 1 205 580
173 323 481 1 326 481
174 258 58 1 263 73
175 281 201 1 284 211
176 141 459 1 151 469
177 154 602 1 164 609
178 152 459 1 162 470
179 281 402 1 287 408
180 164 289 1 173 302
181 238 565 1 246 573
182 136 146 1 146 161
183 259 125 1 263 137
184 280 607 1 283 596
185 282 217 1 285 226
186 313 399 1 316 401
187 80 615 1 90 625
188 269 58 1 273 72
189 239 456 1 247 465
190 236 348 1 243 357
191 251 93 1 256 107
192 294 522 1 300 524
193 242 377 1 250 387
194 117 195 1 126 208
195 317 447 1 320 448
196 138 503 1 148 513
197 296 510 1 300 513
198 246 49 1 251 64
199 282 52 1 284 66
200 272 100 1 275 113
201 314 479 1 317 480
202 202 560 1 211 570
203 131 557 1 141 567
204 297 72 1 298 86
205 149 124 1 158 139
206 329 518 1 330 517
207 265 496 1 272 502
208 307 411 1 310 413
209 278 88 1 281 101
210 294 145 1 296 155
211 283 40 1 285 55
212 310 340 1 312 345
213 276 390 1 282 396
214 275 111 1 278 124
215 278 367 1 283 373
216 250 81 1 255 96
217 287 109 1 289 122
218 237 576 1 246 584
219 312 545 1 316 545
220 310 556 1 314 556
221 130 568 1 140 578
222 269 72 1 272 86
223 226 496 1 235 506
224 268 264 1 273 273
225 276 472 1 282 477
226 67 594 1 77 604
227 193 526 1 202 537
228 137 438 1 146 449
229 257 513 1 264 520
230 264 85 1 268 99
231 315 354 1 316 357
232 151 442 1 161 453
233 315 364 1 316 366
234 237 500 1 246 509
235 309 557 1 314 557
236 211 569 1 220 577
237 287 438 1 293 442
238 264 185 1 269 196
239 294 549 1 300 552
240 159 584 1 169 593
241 299 382 1 302 385
242 311 184 1 310 192
243 312 567 1 316 566
244 305 523 1 308 523
245 285 172 1 287 183
246 285 62 1 287 77
247 308 55 1 306 69
248 301 215 1 302 222
249 273 286 1 278 294
250 306 330 1 308 333
251 300 426 1 304 428
252 203 492 1 212 503
253 196 548 1 205 559
254 176 594 1 185 604
255 250 453 1 258 461
256 307 286 1 308 293
257 305 94 1 305 106
258 276 552 1 282 556
259 291 85 1 293 98
260 281 499 1 287 504
261 283 273 1 287 281
262 245 536 1 253 544
263 302 259 1 305 265
264 299 115 1 299 127
265 278 573 1 286 580
266 261 95 1 264 108
267 317 469 1 320 469
268 285 510 1 291 514
269 311 103 1 311 116
270 265 150 1 269 162
271 318 424 1 321 427
272 281 414 1 286 420
273 314 457 1 318 458
274 293 322 1 297 328
275 328 536 1 330 535
276 276 537 1 283 542
277 278 139 1 281 152
278 275 150 1 279 161
279 300 229 1 302 238
280 314 302 1 316 307
281 271 485 1 278 491
282 285 449 1 290 453
283 290 130 1 292 141
284 224 512 1 232 521
285 292 500 1 297 502
286 305 487 1 309 489
287 296 559 1 301 561
288 279 258 1 282 266
289 330 601 1 331 596
290 321 374 1 322 376
291 267 462 1 273 468
292 262 276 1 267 285
293 299 201 1 300 210
294 154 574 1 163 582
295 293 483 1 297 485
296 293 300 1 297 306
297 274 245 1 279 255
298 139 513 1 149 523
299 314 469 1 317 469
300 311 556 1 314 554
301 246 522 1 254 531
302 79 591 1 90 601
303 319 435 1 321 436
304 241 390 1 248 399
305 315 495 1 318 494
306 252 470 1 260 479
307 307 447 1 310 448
308 324 549 1 327 548
309 301 106 1 301 118
310 291 569 1 297 571
311 272 161 1 275 173
312 249 235 1 255 246
313 305 354 1 308 356
