0 117 308 1 105 332
1 143 473 1 132 495
2 137 548 1 128 569
3 140 535 1 131 557
4 139 487 1 130 509
5 182 333 1 170 355
6 88 258 1 75 282
7 70 374 1 60 400
8 140 524 1 131 546
9 141 509 1 130 532
10 130 440 1 120 463
11 143 450 1 132 472
12 136 574 1 128 596
13 94 597 1 86 619
14 221 615 1 210 626
15 54 493 1 44 516
16 102 473 1 92 496
17 108 603 1 100 624
18 108 427 1 97 449
19 328 603 1 314 606
20 100 512 1 91 534
21 259 615 1 246 622
22 98 531 1 88 553
23 97 574 1 88 596
24 108 408 1 97 431
25 104 440 1 93 462
26 114 524 1 104 546
27 100 197 1 86 222
28 111 547 1 102 569
29 113 488 1 103 510
30 136 605 1 127 626
31 109 588 1 100 610
32 102 489 1 92 512
33 142 439 1 131 460
34 234 615 1 224 627
35 110 534 1 101 556
36 108 575 1 100 597
37 114 475 1 103 498
38 253 417 1 239 432
39 112 511 1 102 534
40 241 281 1 233 314
41 184 456 1 173 473
42 159 585 1 151 605
43 101 501 1 91 523
44 235 584 1 226 602
45 124 215 1 111 240
46 112 189 1 98 213
47 283 425 1 269 441
48 60 479 1 50 502
49 223 465 1 212 485
50 212 464 1 202 485
51 218 585 1 209 605
52 148 402 1 138 424
53 230 388 1 218 409
54 260 471 1 249 489
55 84 136 1 71 162
56 170 78 1 155 104
57 185 560 1 176 579
58 187 527 1 177 546
59 146 181 1 133 202
60 246 311 1 238 348
61 151 486 1 141 508
62 245 532 1 235 550
63 225 523 1 215 542
64 282 414 1 269 430
65 271 552 1 261 568
66 164 572 1 155 590
67 126 486 1 115 508
68 180 477 1 169 498
69 199 502 1 189 521
70 196 543 1 186 562
71 246 518 1 235 536
72 236 494 1 225 513
73 166 463 1 155 484
74 178 467 1 167 489
75 223 533 1 212 553
76 146 428 1 135 450
77 261 461 1 249 479
78 257 518 1 246 536
79 186 548 1 176 567
80 211 493 1 201 512
81 215 477 1 204 496
82 124 467 1 114 489
83 151 243 1 137 267
84 224 500 1 214 520
85 210 219 1 202 258
86 242 567 1 232 585
87 201 601 1 193 621
88 200 468 1 191 489
89 248 459 1 236 476
90 136 148 1 121 173
91 236 556 1 226 574
92 111 136 1 97 161
93 106 151 1 93 176
94 166 560 1 156 579
95 261 542 1 251 560
96 149 419 1 138 441
97 147 212 1 133 236
98 299 601 1 286 604
99 108 166 1 94 190
100 122 585 1 113 608
101 176 530 1 166 548
102 227 544 1 217 563
103 227 477 1 216 498
104 301 167 1 282 186
105 159 474 1 148 496
106 136 225 1 123 249
107 291 446 1 277 460
108 196 330 1 183 352
109 257 528 1 246 546
110 164 547 1 154 566
111 269 590 1 259 607
112 252 587 1 243 604
113 185 571 1 175 590
114 157 86 1 142 111
115 145 131 1 131 156
116 238 546 1 228 564
117 99 561 1 90 584
118 169 488 1 158 509
119 186 415 1 175 436
120 267 580 1 258 597
121 287 601 1 276 612
122 260 553 1 250 570
123 235 504 1 224 524
124 210 512 1 200 532
125 171 502 1 160 521
126 195 460 1 184 477
127 224 512 1 213 532
128 287 31 1 265 57
129 268 46 1 248 70
130 158 174 1 143 195
131 211 502 1 200 521
132 249 467 1 238 487
133 235 38 1 216 64
134 255 485 1 243 502
135 239 478 1 228 497
136 234 535 1 224 554
137 64 498 1 54 520
138 237 593 1 228 612
139 292 130 1 272 151
140 162 533 1 152 552
141 147 118 1 133 143
142 316 460 1 301 471
143 270 561 1 260 578
144 236 519 1 226 538
145 161 106 1 146 131
146 317 228 1 297 244
147 149 151 1 134 175
148 161 392 1 149 414
149 286 582 1 275 596
150 288 391 1 273 406
151 175 559 1 166 578
152 269 571 1 259 587
153 317 537 1 303 547
154 142 202 1 128 226
155 127 116 1 113 141
156 209 554 1 199 574
157 186 489 1 175 510
158 193 516 1 183 534
159 270 493 1 258 509
160 174 608 1 165 627
161 302 386 1 286 402
162 175 97 1 159 123
163 196 343 1 184 365
164 137 561 1 127 582
165 247 557 1 237 575
166 250 543 1 240 561
167 167 404 1 155 425
168 189 254 1 175 277
169 306 348 1 290 362
170 293 332 1 277 349
171 190 474 1 180 494
172 326 544 1 312 553
173 196 485 1 186 504
174 145 599 1 136 620
175 171 392 1 159 414
176 138 500 1 128 521
177 257 508 1 246 526
178 215 567 1 206 586
179 327 429 1 311 438
180 286 44 1 266 69
181 309 194 1 290 212
182 163 451 1 152 473
183 174 599 1 165 617
184 174 452 1 163 473
185 306 401 1 292 415
186 188 280 1 174 302
187 259 563 1 249 580
188 161 135 1 146 160
189 287 114 1 267 136
190 303 73 1 282 97
191 311 210 1 291 228
192 299 44 1 277 68
193 303 375 1 287 390
194 260 341 1 246 360
195 279 81 1 260 104
196 319 526 1 305 536
197 266 372 1 253 391
198 141 185 1 126 208
199 302 224 1 284 242
200 158 498 1 148 518
201 320 515 1 306 524
202 274 35 1 254 60
203 311 24 1 287 49
204 330 195 1 307 211
205 312 36 1 289 61
206 301 88 1 280 110
207 222 557 1 213 576
208 151 551 1 142 572
209 329 58 1 305 82
210 174 112 1 159 138
211 278 603 1 267 614
212 324 135 1 302 155
213 309 449 1 295 462
214 304 101 1 283 122
215 304 365 1 288 379
216 288 271 1 270 288
217 277 69 1 258 93
218 317 98 1 295 120
219 258 574 1 248 591
220 150 563 1 141 584
221 245 576 1 235 594
222 248 492 1 237 511
223 295 259 1 277 276
224 304 54 1 282 79
225 293 407 1 278 421
226 300 473 1 287 486
227 86 586 1 77 609
228 213 520 1 204 541
229 159 431 1 147 452
230 279 511 1 267 527
231 318 329 1 300 344
232 293 72 1 272 96
233 332 327 1 315 341
234 173 435 1 162 456
235 327 352 1 309 364
236 313 81 1 291 104
237 259 496 1 248 514
238 310 474 1 296 486
239 232 566 1 222 584
240 313 438 1 298 450
241 307 111 1 286 132
242 289 591 1 277 606
243 322 27 1 299 52
244 332 206 1 309 224
245 318 554 1 305 564
246 179 580 1 170 599
247 270 339 1 256 358
248 314 164 1 293 183
249 329 534 1 315 538
250 320 218 1 300 235
251 333 94 1 308 115
252 290 510 1 278 525
253 224 486 1 214 506
254 216 544 1 207 564
255 196 590 1 186 610
256 272 451 1 260 467
257 332 593 1 318 600
258 298 553 1 287 566
259 312 389 1 296 402
260 322 71 1 299 94
261 306 501 1 292 513
262 310 269 1 292 285
263 267 533 1 256 550
264 281 401 1 267 417
265 315 153 1 294 172
266 330 104 1 306 125
267 289 82 1 268 105
268 309 513 1 296 524
269 293 140 1 273 161
270 288 496 1 275 510
271 306 414 1 291 427
272 320 320 1 302 334
273 299 540 1 287 552
274 307 129 1 286 150
275 304 140 1 284 160
276 295 486 1 282 500
277 320 208 1 299 225
278 320 119 1 298 140
279 245 508 1 235 526
280 316 504 1 302 514
281 330 491 1 315 500
282 320 566 1 307 575
283 306 252 1 287 269
284 290 462 1 277 475
285 320 266 1 300 281
286 299 519 1 286 532
287 174 569 1 164 589
288 321 298 1 303 311
289 301 240 1 283 257
290 159 507 1 149 528
291 267 520 1 256 537
292 99 585 1 90 606
293 264 385 1 251 403
294 275 469 1 263 485
295 326 583 1 313 591
296 304 491 1 290 503
297 299 152 1 280 173
298 275 228 1 258 247
