0 91 319 1 105 332
1 116 485 1 132 496
2 110 562 1 128 572
3 113 549 1 131 559
4 112 500 1 130 511
5 156 344 1 170 356
6 62 268 1 75 282
7 110 588 1 128 598
8 43 385 1 60 400
9 113 537 1 131 548
10 113 523 1 131 534
11 103 452 1 121 465
12 115 463 1 132 474
13 65 612 1 86 622
14 25 506 1 44 518
15 74 486 1 92 497
16 80 438 1 97 450
17 72 525 1 91 536
18 69 544 1 88 555
19 68 589 1 88 599
20 81 420 1 97 432
21 76 452 1 93 464
22 81 615 1 100 627
23 124 254 1 138 267
24 86 537 1 104 548
25 74 206 1 86 221
26 83 561 1 102 572
27 85 501 1 103 512
28 80 603 1 100 613
29 74 502 1 92 514
30 115 451 1 131 462
31 82 548 1 101 558
32 80 589 1 100 599
33 87 487 1 104 500
34 226 430 1 241 436
35 84 524 1 102 536
36 215 288 1 232 309
37 293 241 1 301 246
38 157 470 1 173 477
39 132 601 1 151 608
40 73 514 1 91 525
41 174 547 1 192 554
42 208 599 1 227 606
43 99 225 1 111 240
44 86 199 1 98 213
45 257 439 1 271 444
46 31 492 1 49 504
47 196 477 1 213 487
48 175 615 1 194 624
49 191 600 1 210 608
50 121 414 1 138 425
51 203 400 1 218 410
52 234 485 1 250 492
53 59 146 1 71 161
54 146 88 1 155 103
55 158 575 1 176 583
56 160 541 1 178 549
57 120 191 1 132 202
58 124 499 1 142 509
59 218 546 1 236 553
60 199 537 1 216 545
61 256 429 1 271 433
62 227 440 1 240 441
63 245 567 1 262 572
64 137 587 1 156 594
65 98 498 1 115 509
66 153 489 1 170 499
67 172 515 1 189 524
68 219 532 1 236 539
69 210 507 1 226 515
70 139 475 1 156 486
71 151 480 1 168 490
72 196 547 1 213 555
73 119 441 1 135 452
74 147 615 1 165 621
75 235 475 1 251 482
76 230 532 1 247 539
77 159 562 1 177 570
78 184 506 1 201 514
79 97 480 1 114 491
80 198 513 1 215 522
81 185 228 1 202 253
82 216 582 1 234 589
83 173 481 1 191 491
84 222 473 1 238 479
85 111 158 1 122 172
86 318 419 1 329 421
87 209 570 1 227 577
88 288 453 1 300 455
89 86 145 1 97 160
90 81 161 1 93 176
91 138 576 1 157 583
92 235 557 1 252 564
93 122 431 1 138 442
94 121 222 1 133 236
95 83 175 1 94 189
96 94 600 1 113 611
97 318 576 1 331 572
98 149 544 1 167 552
99 200 559 1 218 566
100 200 491 1 217 500
101 278 179 1 284 186
102 131 487 1 148 497
103 111 235 1 123 249
104 265 461 1 279 464
105 171 342 1 184 353
106 231 543 1 247 549
107 136 562 1 155 570
108 307 208 1 311 213
109 242 606 1 261 611
110 225 602 1 244 608
111 158 586 1 176 593
112 133 95 1 142 110
113 329 548 1 341 542
114 120 141 1 131 156
115 212 561 1 229 568
116 70 576 1 90 586
117 142 501 1 159 512
118 159 427 1 176 437
119 241 595 1 259 601
120 234 567 1 252 573
121 208 518 1 225 526
122 322 472 1 333 469
123 183 525 1 201 534
124 144 515 1 161 524
125 168 473 1 185 481
126 197 526 1 214 534
127 264 41 1 267 54
128 245 56 1 250 68
129 132 185 1 143 195
130 184 515 1 201 524
131 280 373 1 291 376
132 223 481 1 239 489
133 211 49 1 217 62
134 308 70 1 309 80
135 228 499 1 244 505
136 212 492 1 229 499
137 208 549 1 225 557
138 36 510 1 54 522
139 210 608 1 229 615
140 269 141 1 275 151
141 198 456 1 213 460
142 134 548 1 152 556
143 123 128 1 133 142
144 291 477 1 304 477
145 244 576 1 262 582
146 210 533 1 227 541
147 308 612 1 321 609
148 136 116 1 146 131
149 124 160 1 134 175
150 134 404 1 149 415
151 260 599 1 277 602
152 262 405 1 275 409
153 148 574 1 166 581
154 243 586 1 260 591
155 308 320 1 315 322
156 116 212 1 128 226
157 103 125 1 113 141
158 182 568 1 200 576
159 158 503 1 175 512
160 165 530 1 183 537
161 244 507 1 260 513
162 276 401 1 289 405
163 316 503 1 327 500
164 150 107 1 159 122
165 169 355 1 184 366
166 109 575 1 128 585
167 220 573 1 238 579
168 223 558 1 241 565
169 140 416 1 156 426
170 163 265 1 176 278
171 281 362 1 292 366
172 268 346 1 279 351
173 163 487 1 180 496
174 301 563 1 316 560
175 169 498 1 187 507
176 117 614 1 137 623
177 145 404 1 160 415
178 110 513 1 128 523
179 231 522 1 248 529
180 188 582 1 207 589
181 303 447 1 314 444
182 264 54 1 268 67
183 286 207 1 292 213
184 136 464 1 152 474
185 146 464 1 163 475
186 281 417 1 294 419
187 162 291 1 175 303
188 233 578 1 250 584
189 291 555 1 306 554
190 137 145 1 147 159
191 264 126 1 269 135
192 281 85 1 285 95
193 287 224 1 294 229
194 277 54 1 280 66
195 327 509 1 338 503
196 278 391 1 290 394
197 234 354 1 247 362
198 256 92 1 261 103
199 294 544 1 308 543
200 240 386 1 254 393
201 278 237 1 286 243
202 131 511 1 149 520
203 295 533 1 309 531
204 251 45 1 256 58
205 289 34 1 290 46
206 245 469 1 260 475
207 290 47 1 292 59
208 278 99 1 283 109
209 196 571 1 214 579
210 321 395 1 330 393
211 313 602 1 327 596
212 123 565 1 142 575
213 295 251 1 302 255
214 150 123 1 159 137
215 302 147 1 306 154
216 284 464 1 297 466
217 282 111 1 286 120
218 278 348 1 289 352
219 263 284 1 272 290
220 305 509 1 318 507
221 254 79 1 260 91
222 294 110 1 298 119
223 231 589 1 250 595
224 122 577 1 141 587
225 218 591 1 236 598
226 328 498 1 339 494
227 222 506 1 238 513
228 270 273 1 279 278
229 281 66 1 285 77
230 267 422 1 280 425
231 304 377 1 313 377
232 275 489 1 289 491
233 186 534 1 205 543
234 132 443 1 148 454
235 293 345 1 303 347
236 270 83 1 275 94
237 146 447 1 162 458
238 304 369 1 313 369
239 291 93 1 294 102
240 233 509 1 249 517
241 285 490 1 299 491
242 205 581 1 223 587
243 311 482 1 323 480
244 285 122 1 289 131
245 263 609 1 279 611
246 300 37 1 302 49
247 274 474 1 288 477
248 293 572 1 308 571
249 209 451 1 224 455
250 322 458 1 332 455
251 245 355 1 257 360
252 310 219 1 313 226
253 291 176 1 296 183
254 328 579 1 340 573
255 304 552 1 317 549
256 297 231 1 303 236
257 305 404 1 316 404
258 264 526 1 280 529
259 198 499 1 214 508
260 318 521 1 330 518
261 189 558 1 208 567
262 168 605 1 187 613
263 310 589 1 323 584
264 273 570 1 289 572
265 288 404 1 298 406
266 300 82 1 302 92
267 280 518 1 295 519
268 286 282 1 295 287
269 240 547 1 257 554
270 255 415 1 268 420
271 292 164 1 297 172
272 309 115 1 310 124
273 266 93 1 271 104
274 284 530 1 299 530
275 270 152 1 276 161
276 262 512 1 277 515
277 281 428 1 293 431
278 256 383 1 269 389
279 297 205 1 302 210
280 296 333 1 305 337
281 298 523 1 311 521
282 274 556 1 289 558
283 284 140 1 289 150
284 281 151 1 286 160
285 308 436 1 318 434
286 270 502 1 285 505
287 319 366 1 327 365
288 297 221 1 303 226
289 298 131 1 301 139
290 219 522 1 236 529
291 302 395 1 312 395
292 321 534 1 333 529
293 295 584 1 310 582
294 282 266 1 290 271
295 295 68 1 297 79
296 265 477 1 279 480
297 296 280 1 304 283
298 273 536 1 288 538
299 146 585 1 165 592
300 308 521 1 322 521
301 298 312 1 306 314
302 277 253 1 286 259
303 132 521 1 150 530
304 267 335 1 279 341
305 275 586 1 292 587
306 241 534 1 258 540
307 70 599 1 90 609
308 239 398 1 252 406
309 308 468 1 319 467
310 273 546 1 289 547
311 249 482 1 265 489
312 301 601 1 316 599
313 257 586 1 275 590
314 295 490 1 308 490
315 279 508 1 293 509
316 311 456 1 322 454
317 276 164 1 283 172
318 250 240 1 259 248
319 307 492 1 319 490
320 277 338 1 289 343
321 295 501 1 308 500
