0 94 321 1 105 332
1 119 487 1 132 497
2 113 563 1 128 572
3 115 550 1 131 559
4 115 501 1 130 511
5 159 346 1 171 356
6 65 269 1 75 282
7 113 590 1 128 599
8 46 386 1 60 400
9 116 539 1 131 548
10 116 524 1 131 534
11 106 454 1 121 465
12 119 464 1 132 474
13 68 614 1 86 623
14 28 507 1 44 518
15 77 487 1 92 498
16 83 440 1 97 451
17 75 526 1 91 536
18 72 546 1 88 555
19 71 590 1 88 599
20 84 421 1 97 432
21 79 453 1 93 464
22 127 255 1 138 267
23 89 539 1 105 548
24 77 208 1 86 221
25 86 563 1 102 572
26 89 502 1 103 512
27 83 605 1 100 614
28 77 504 1 92 514
29 118 452 1 132 462
30 85 549 1 101 559
31 82 591 1 100 600
32 90 489 1 104 500
33 230 432 1 241 436
34 87 526 1 102 536
35 218 289 1 232 309
36 297 243 1 301 246
37 160 472 1 173 477
38 84 615 1 100 628
39 135 603 1 151 609
40 76 515 1 91 525
41 177 549 1 192 554
42 211 601 1 227 607
43 102 227 1 111 240
44 90 200 1 98 213
45 261 441 1 272 445
46 34 493 1 49 504
47 119 614 1 137 623
48 199 479 1 213 487
49 194 602 1 210 609
50 125 415 1 138 425
51 207 402 1 219 410
52 237 487 1 250 492
53 63 147 1 71 161
54 150 90 1 155 103
55 161 577 1 177 583
56 163 543 1 178 550
57 123 193 1 132 202
58 127 501 1 142 510
59 222 548 1 236 554
60 202 538 1 216 545
61 260 431 1 271 434
62 230 441 1 240 442
63 248 569 1 263 573
64 140 589 1 156 595
65 101 500 1 115 510
66 156 491 1 170 500
67 175 517 1 189 524
68 222 534 1 236 540
69 213 509 1 226 516
70 142 477 1 156 486
71 154 482 1 168 491
72 199 549 1 213 556
73 122 442 1 135 452
74 238 477 1 251 482
75 234 534 1 247 540
76 162 564 1 177 571
77 188 507 1 202 515
78 100 481 1 114 491
79 201 515 1 215 522
80 188 229 1 202 252
81 219 584 1 234 589
82 176 483 1 191 491
83 225 475 1 238 480
84 114 159 1 122 172
85 322 422 1 329 422
86 213 572 1 227 578
87 291 455 1 301 456
88 89 147 1 97 160
89 85 162 1 93 176
90 141 578 1 157 583
91 238 559 1 252 564
92 125 432 1 138 442
93 124 223 1 133 236
94 86 177 1 94 189
95 97 602 1 113 611
96 321 579 1 332 573
97 152 546 1 167 552
98 203 560 1 218 567
99 203 492 1 217 500
100 282 180 1 285 187
101 134 488 1 148 498
102 189 470 1 201 475
103 114 236 1 123 249
104 268 463 1 280 465
105 174 343 1 184 353
106 234 545 1 248 550
107 139 564 1 155 570
108 311 210 1 312 213
109 245 608 1 261 612
110 229 604 1 244 608
111 161 588 1 176 594
112 137 97 1 142 110
113 332 551 1 341 544
114 124 143 1 131 156
115 215 563 1 230 568
116 73 577 1 90 587
117 145 503 1 159 512
118 163 428 1 176 437
119 244 597 1 259 601
120 151 615 1 165 622
121 237 569 1 252 574
122 211 520 1 225 526
123 326 475 1 333 470
124 186 527 1 201 534
125 147 517 1 161 524
126 171 475 1 185 481
127 201 528 1 214 534
128 268 42 1 268 54
129 249 57 1 250 68
130 135 186 1 143 195
131 187 517 1 201 524
132 284 375 1 291 376
133 226 482 1 239 489
134 215 49 1 218 61
135 311 71 1 309 80
136 232 500 1 244 506
137 215 494 1 229 500
138 211 551 1 225 557
139 39 511 1 54 522
140 213 611 1 229 616
141 272 143 1 275 150
142 201 458 1 213 461
143 137 549 1 152 556
144 126 129 1 133 142
145 294 479 1 304 478
146 247 578 1 262 582
147 213 535 1 227 541
148 140 118 1 146 131
149 167 608 1 187 614
150 127 162 1 134 174
151 137 405 1 149 415
152 263 601 1 278 603
153 266 407 1 275 410
154 151 576 1 166 582
155 246 588 1 260 592
156 311 322 1 316 322
157 120 214 1 128 226
158 106 127 1 113 140
159 185 569 1 200 577
160 161 504 1 175 512
161 168 532 1 183 538
162 247 509 1 260 513
163 280 403 1 289 406
164 319 506 1 327 501
165 154 109 1 159 122
166 173 356 1 184 366
167 112 577 1 128 585
168 223 575 1 238 579
169 227 560 1 241 565
170 143 417 1 156 427
171 166 267 1 176 278
172 285 364 1 293 366
173 272 348 1 280 351
174 166 489 1 180 496
175 305 565 1 316 561
176 173 500 1 187 507
177 148 405 1 160 415
178 114 514 1 128 524
179 234 523 1 248 529
180 191 584 1 207 590
181 307 449 1 315 445
182 267 56 1 269 66
183 290 208 1 293 213
184 139 466 1 152 475
185 149 466 1 163 475
186 284 419 1 294 419
187 166 292 1 175 303
188 236 581 1 251 585
189 294 558 1 306 555
190 140 146 1 147 159
191 267 127 1 270 135
192 284 86 1 285 95
193 291 225 1 294 229
194 287 330 1 293 332
195 280 55 1 280 65
196 331 511 1 339 504
197 282 393 1 290 394
198 237 356 1 247 362
199 260 93 1 262 103
200 297 547 1 309 544
201 282 239 1 287 243
202 134 513 1 149 521
203 299 535 1 310 532
204 255 46 1 256 57
205 292 35 1 291 46
206 248 471 1 260 476
207 294 48 1 293 58
208 282 100 1 283 109
209 199 573 1 214 579
210 325 397 1 330 394
211 317 605 1 328 598
212 126 567 1 142 575
213 299 253 1 302 256
214 153 124 1 160 137
215 306 148 1 306 154
216 287 467 1 298 467
217 285 112 1 286 120
218 281 350 1 289 353
219 266 286 1 273 290
220 309 511 1 319 508
221 258 80 1 260 91
222 298 111 1 299 119
223 234 591 1 250 595
224 125 579 1 142 587
225 221 593 1 237 598
226 332 501 1 340 495
227 225 508 1 239 514
228 274 274 1 280 278
229 285 67 1 285 76
230 271 423 1 281 426
231 308 379 1 314 378
232 278 491 1 289 491
233 189 536 1 205 543
234 135 444 1 148 454
235 297 347 1 304 348
236 274 85 1 275 94
237 149 449 1 163 458
238 307 371 1 313 369
239 295 94 1 295 102
240 236 512 1 250 517
241 289 493 1 300 492
242 208 583 1 223 588
243 315 484 1 323 481
244 289 123 1 289 131
245 244 387 1 254 393
246 304 38 1 303 49
247 278 477 1 289 478
248 296 575 1 308 572
249 212 453 1 224 456
250 326 461 1 333 456
251 248 356 1 258 360
252 314 221 1 314 226
253 295 178 1 297 183
254 331 582 1 341 574
255 307 555 1 318 551
256 301 233 1 304 236
257 309 406 1 316 405
258 267 528 1 280 530
259 201 501 1 215 508
260 322 524 1 331 519
261 192 560 1 208 567
262 313 592 1 324 585
263 276 572 1 289 573
264 291 406 1 299 406
265 304 83 1 303 92
266 284 520 1 295 520
267 290 284 1 295 287
268 243 549 1 258 554
269 258 417 1 269 420
270 296 166 1 297 172
271 313 117 1 311 123
272 270 94 1 271 104
273 287 533 1 299 531
274 274 153 1 276 161
275 265 514 1 278 515
276 285 430 1 293 432
277 260 385 1 269 389
278 300 206 1 303 210
279 300 335 1 306 337
280 301 525 1 312 522
281 277 559 1 290 559
282 288 142 1 290 150
283 285 153 1 287 160
284 311 438 1 319 435
285 273 504 1 285 505
286 323 368 1 327 366
287 300 223 1 303 226
288 301 132 1 302 139
289 222 524 1 236 530
290 306 397 1 313 396
291 325 537 1 334 531
292 298 587 1 310 583
293 285 268 1 290 271
294 299 69 1 297 79
295 268 479 1 280 480
296 300 281 1 304 284
297 276 538 1 289 538
298 149 587 1 165 593
299 311 523 1 322 522
300 301 313 1 306 315
301 281 254 1 286 259
302 135 523 1 150 531
303 271 337 1 279 341
304 279 589 1 292 588
305 244 536 1 258 541
306 73 601 1 90 610
307 242 401 1 253 406
308 311 471 1 319 468
309 277 548 1 289 548
310 252 484 1 265 489
311 305 604 1 317 600
312 260 588 1 275 590
313 262 611 1 279 612
314 298 493 1 308 491
315 282 510 1 293 510
316 315 458 1 322 455
317 280 165 1 283 172
318 254 242 1 260 249
319 310 494 1 319 491
320 281 340 1 289 343
321 298 503 1 308 501
