0 446 128 1 446 125
1 378 774 1 379 770
2 434 876 1 435 873
3 461 346 1 461 342
4 339 879 1 340 875
5 448 271 1 448 267
6 457 1110 1 457 1106
7 417 531 1 417 527
8 419 865 1 420 861
9 452 809 1 453 804
10 415 286 1 414 283
11 353 292 1 353 289
12 370 1120 1 371 1116
13 418 383 1 418 379
14 339 967 1 340 962
15 448 251 1 448 247
16 428 225 1 428 222
17 77 619 1 77 616
18 381 1082 1 382 1078
19 681 1019 1 681 1015
20 76 552 1 76 549
21 157 1160 1 158 1156
22 654 131 1 652 128
23 458 928 1 458 924
24 417 518 1 417 515
25 73 454 1 74 450
26 409 588 1 409 584
27 72 659 1 72 655
28 141 619 1 141 616
29 414 186 1 413 183
30 514 120 1 514 116
31 400 599 1 400 595
32 403 575 1 403 572
33 674 905 1 674 900
34 368 775 1 369 771
35 143 309 1 142 306
36 68 494 1 67 490
37 453 878 1 454 874
38 407 369 1 406 365
39 369 292 1 369 289
40 147 691 1 146 687
41 415 314 1 415 310
42 462 393 1 462 390
43 89 1118 1 90 1115
44 79 600 1 79 596
45 79 707 1 79 704
46 417 572 1 418 568
47 553 215 1 553 210
48 418 781 1 418 777
49 431 887 1 432 883
50 421 247 1 420 243
51 73 384 1 73 381
52 454 826 1 455 820
53 225 442 1 224 438
54 416 300 1 415 296
55 245 869 1 245 866
56 554 230 1 554 226
57 81 790 1 82 787
58 528 301 1 527 297
59 403 558 1 404 554
60 383 963 1 383 959
61 415 277 1 414 272
62 449 281 1 448 277
63 408 339 1 407 335
64 684 935 1 684 931
65 221 36 1 220 33
66 117 326 1 117 322
67 405 533 1 406 529
68 451 995 1 452 991
69 77 818 1 78 815
70 435 269 1 435 266
71 434 248 1 433 245
72 684 1031 1 684 1027
73 456 1097 1 457 1092
74 377 634 1 378 630
75 437 925 1 438 920
76 475 1113 1 476 1109
77 654 103 1 653 99
78 140 454 1 140 450
79 80 676 1 81 673
80 84 772 1 84 768
81 356 248 1 356 243
82 415 838 1 416 835
83 394 1098 1 394 1093
84 439 912 1 439 908
85 409 203 1 409 200
86 435 280 1 435 277
87 474 1021 1 475 1016
88 381 750 1 381 746
89 354 765 1 354 761
90 155 1119 1 155 1115
91 146 820 1 146 816
92 141 552 1 141 549
93 482 1090 1 482 1086
94 430 800 1 430 796
95 66 433 1 66 430
96 144 330 1 144 326
97 68 512 1 68 509
98 473 292 1 473 289
99 141 596 1 142 593
100 350 452 1 349 449
101 349 382 1 349 379
102 72 294 1 71 290
103 379 1072 1 379 1067
104 284 620 1 284 616
105 85 875 1 85 871
106 354 203 1 354 200
107 396 324 1 395 321
108 85 837 1 86 833
109 138 493 1 138 489
110 420 619 1 420 616
111 349 1037 1 349 1033
112 226 789 1 226 786
113 355 314 1 355 311
114 75 344 1 74 341
115 432 50 1 432 46
116 390 541 1 391 537
117 573 234 1 571 231
118 541 232 1 541 229
119 372 1167 1 372 1164
120 138 293 1 137 290
121 416 480 1 417 476
122 142 660 1 142 656
123 446 976 1 446 971
124 454 408 1 453 404
125 573 219 1 572 216
126 328 987 1 329 984
127 405 485 1 404 481
128 488 1055 1 488 1051
129 368 737 1 368 733
130 357 987 1 357 983
131 433 128 1 433 125
132 450 365 1 451 361
133 459 958 1 460 953
134 349 325 1 349 322
135 657 142 1 656 138
136 472 1053 1 472 1048
137 371 1217 1 371 1212
138 413 403 1 413 400
139 363 927 1 364 923
140 155 1135 1 156 1130
141 250 901 1 250 897
142 282 452 1 283 448
143 139 511 1 139 508
144 137 343 1 137 340
145 122 340 1 122 336
146 138 47 1 137 43
147 456 1016 1 455 1012
148 338 918 1 339 914
149 276 600 1 277 596
150 138 432 1 137 429
151 65 326 1 65 322
152 551 300 1 550 297
153 572 204 1 572 200
154 415 599 1 414 595
155 403 175 1 404 172
156 398 507 1 397 502
157 477 25 1 476 22
158 141 677 1 142 673
159 97 1160 1 99 1157
160 523 203 1 523 199
161 420 885 1 419 882
162 467 320 1 466 315
163 456 133 1 455 130
164 143 708 1 144 705
165 405 519 1 404 515
166 428 365 1 428 362
167 472 1087 1 473 1082
168 676 917 1 675 912
169 65 275 1 64 271
170 410 862 1 410 858
171 94 1216 1 94 1211
172 445 965 1 446 961
173 205 1067 1 206 1064
174 103 1232 1 103 1228
175 92 990 1 92 986
176 410 546 1 410 542
177 556 243 1 555 239
178 221 99 1 220 95
179 412 609 1 412 606
180 287 599 1 287 596
181 408 233 1 408 230
182 556 272 1 556 268
183 286 432 1 286 429
184 411 393 1 411 390
185 575 97 1 575 92
186 382 993 1 383 989
187 349 431 1 348 428
188 462 995 1 462 991
189 296 861 1 296 857
190 134 329 1 133 326
191 528 234 1 528 230
192 77 493 1 77 489
193 410 735 1 410 731
194 434 1069 1 434 1064
195 209 811 1 209 807
196 392 1082 1 392 1078
197 405 300 1 405 296
198 541 301 1 540 298
199 482 312 1 483 309
200 601 273 1 600 270
201 284 1119 1 284 1115
202 51 665 1 51 661
203 509 129 1 508 126
204 409 619 1 409 616
205 56 824 1 57 821
206 462 974 1 462 970
207 368 748 1 369 745
208 452 332 1 453 327
209 620 27 1 619 24
210 537 84 1 535 79
211 572 248 1 572 244
212 137 270 1 137 266
213 451 348 1 451 345
214 99 1134 1 99 1131
215 234 872 1 234 867
216 525 222 1 524 217
217 471 227 1 471 224
218 369 1056 1 369 1053
219 346 1014 1 346 1009
220 137 980 1 138 976
221 483 227 1 483 222
222 357 1173 1 358 1169
223 411 150 1 411 147
224 572 874 1 573 869
225 457 39 1 457 35
226 72 175 1 72 172
227 583 880 1 583 876
228 464 300 1 464 296
229 588 130 1 587 125
230 346 985 1 347 981
231 275 432 1 275 429
232 248 1008 1 249 1004
233 439 836 1 438 833
234 286 782 1 287 779
235 110 978 1 111 974
236 411 848 1 411 845
237 76 433 1 76 430
238 228 48 1 228 44
239 65 977 1 65 974
240 317 1186 1 319 1181
241 226 382 1 225 377
242 527 129 1 526 124
243 261 1002 1 262 999
244 96 1180 1 97 1176
245 272 1019 1 272 1015
246 605 154 1 604 151
247 515 788 1 516 784
248 141 98 1 141 95
249 142 145 1 141 141
250 385 570 1 386 566
251 70 207 1 70 204
252 366 1188 1 367 1183
253 372 763 1 372 759
254 573 186 1 572 182
255 317 765 1 317 761
256 656 1129 1 656 1124
257 47 507 1 47 503
258 672 893 1 672 888
259 467 423 1 467 418
260 384 374 1 383 371
261 417 115 1 416 111
262 284 1134 1 283 1130
263 68 158 1 68 155
264 388 526 1 387 523
265 409 221 1 410 217
266 584 783 1 583 779
267 73 773 1 74 769
268 478 103 1 478 99
269 70 1122 1 71 1119
270 390 619 1 390 616
271 691 50 1 690 46
272 448 297 1 449 293
273 427 313 1 427 310
274 331 623 1 332 620
275 298 825 1 298 822
276 314 1039 1 314 1034
277 381 560 1 382 556
278 360 1044 1 360 1040
279 371 1040 1 371 1035
280 317 843 1 318 840
281 623 952 1 623 949
282 352 279 1 352 275
283 589 272 1 589 269
284 348 340 1 348 336
285 75 274 1 74 271
286 348 403 1 347 400
287 520 185 1 520 182
288 87 929 1 87 925
289 376 857 1 376 853
290 378 610 1 378 607
291 67 96 1 67 92
292 297 845 1 297 842
293 421 151 1 421 148
294 515 752 1 515 748
295 326 754 1 325 750
296 314 1013 1 314 1009
297 417 808 1 418 803
298 379 170 1 379 166
299 70 678 1 71 674
300 598 262 1 598 259
301 448 29 1 447 26
302 103 1216 1 104 1212
303 69 46 1 69 43
304 604 224 1 602 220
305 359 775 1 359 772
306 403 62 1 403 57
307 499 290 1 499 287
308 404 348 1 405 345
309 393 551 1 394 547
310 80 895 1 81 892
311 282 489 1 281 486
312 305 1163 1 306 1158
313 382 1105 1 382 1101
314 298 835 1 299 832
315 249 598 1 250 595
316 338 793 1 339 790
317 329 944 1 330 940
318 187 261 1 186 258
319 351 494 1 352 490
320 72 120 1 72 117
321 245 767 1 246 763
322 65 345 1 64 342
323 345 1229 1 346 1224
324 45 338 1 45 335
325 359 750 1 358 746
326 467 146 1 467 142
327 266 1130 1 266 1126
328 291 711 1 291 707
329 387 335 1 387 331
330 440 771 1 441 767
331 411 40 1 410 36
332 186 275 1 186 271
333 208 778 1 209 775
334 662 34 1 660 30
335 376 869 1 376 865
336 541 288 1 541 284
337 260 894 1 260 890
338 229 809 1 229 806
339 137 204 1 136 201
340 268 614 1 268 611
341 430 401 1 431 397
342 336 1129 1 336 1125
343 555 311 1 554 307
344 244 730 1 245 727
345 419 234 1 418 230
346 330 516 1 330 512
347 423 427 1 423 422
348 331 978 1 331 973
349 428 165 1 428 161
350 562 825 1 562 820
351 415 175 1 414 171
352 410 417 1 410 413
353 339 957 1 339 953
354 281 550 1 282 547
355 327 1042 1 328 1039
356 415 1031 1 416 1027
357 241 927 1 241 923
358 302 782 1 302 779
359 438 1108 1 439 1103
360 349 264 1 349 260
361 249 998 1 249 994
362 603 887 1 603 883
363 183 304 1 184 301
364 390 314 1 390 310
365 482 302 1 483 299
366 392 416 1 391 413
367 367 983 1 367 979
368 195 190 1 195 187
369 252 958 1 252 955
370 72 576 1 72 572
371 230 212 1 230 208
372 357 1146 1 358 1142
373 81 730 1 81 726
374 509 283 1 509 279
375 345 1193 1 345 1189
376 336 908 1 337 904
377 469 380 1 468 376
378 125 293 1 125 290
379 287 819 1 288 816
380 370 325 1 369 322
381 541 777 1 541 773
382 86 817 1 87 814
383 155 911 1 155 906
384 270 943 1 271 939
385 549 129 1 548 125
386 278 1006 1 279 1002
387 318 1146 1 319 1141
388 272 876 1 272 873
389 220 108 1 219 105
390 363 1021 1 363 1018
391 190 171 1 190 168
392 368 601 1 368 598
393 238 38 1 237 34
394 445 63 1 445 59
395 395 1030 1 394 1026
396 436 748 1 436 745
397 463 336 1 462 332
398 236 839 1 236 835
399 75 325 1 75 321
400 643 965 1 643 961
401 369 382 1 370 379
402 420 417 1 420 413
403 259 949 1 259 945
404 553 780 1 554 775
405 395 300 1 395 296
406 530 287 1 530 283
407 143 574 1 144 570
408 327 902 1 327 899
409 163 1181 1 163 1177
410 353 596 1 354 592
411 332 530 1 333 527
412 289 928 1 290 924
413 342 626 1 342 623
414 334 1223 1 334 1218
415 428 1091 1 429 1087
416 357 1001 1 358 997
417 510 613 1 509 610
418 340 996 1 341 992
419 382 592 1 382 589
420 43 163 1 43 159
421 399 496 1 398 492
422 247 948 1 248 945
423 422 609 1 422 606
424 374 421 1 375 417
425 248 806 1 247 803
426 606 286 1 605 281
427 291 528 1 291 524
428 446 847 1 446 843
429 534 598 1 534 594
430 89 952 1 89 948
431 178 935 1 179 932
432 348 1139 1 348 1134
433 397 589 1 397 584
434 621 728 1 621 724
435 299 920 1 300 917
436 183 196 1 183 193
437 98 979 1 100 975
438 326 808 1 327 804
439 396 109 1 395 104
440 394 485 1 395 481
441 600 732 1 599 727
442 253 1181 1 254 1178
443 282 564 1 282 560
444 316 751 1 315 747
445 421 558 1 422 554
446 355 1193 1 354 1189
447 152 706 1 152 702
448 325 796 1 324 793
449 248 432 1 249 429
450 249 403 1 249 400
451 95 1087 1 95 1082
452 426 485 1 427 482
453 231 585 1 231 582
454 227 159 1 226 156
455 397 1045 1 397 1041
456 363 1104 1 363 1099
457 75 408 1 74 405
458 488 241 1 488 237
459 146 729 1 147 725
460 182 958 1 183 954
461 572 1059 1 572 1055
462 237 25 1 237 22
463 339 164 1 339 159
464 471 242 1 470 238
465 241 93 1 240 89
466 336 1027 1 337 1024
467 586 832 1 585 827
468 601 574 1 601 569
469 419 585 1 420 581
470 562 47 1 562 43
471 255 848 1 256 844
472 523 605 1 523 601
473 308 1173 1 308 1169
474 313 1001 1 314 997
475 307 1133 1 308 1129
476 681 1097 1 681 1092
477 300 799 1 301 796
478 245 234 1 244 231
479 237 449 1 236 446
480 561 472 1 562 469
481 110 914 1 111 910
482 333 775 1 334 772
483 164 692 1 164 688
484 354 616 1 354 613
485 321 1099 1 322 1095
486 304 1013 1 304 1010
487 91 1064 1 91 1061
488 308 822 1 308 818
489 312 957 1 313 953
490 348 605 1 348 602
491 421 44 1 421 40
492 554 157 1 554 153
493 268 910 1 268 907
494 78 513 1 78 510
495 364 956 1 364 953
496 259 324 1 259 320
497 47 497 1 46 493
498 281 649 1 281 646
499 393 742 1 393 739
500 237 432 1 236 429
501 600 939 1 600 934
502 228 397 1 228 393
503 430 619 1 430 616
504 322 830 1 323 827
505 219 140 1 219 137
506 462 1087 1 463 1082
507 245 720 1 245 716
508 238 971 1 239 967
509 310 1029 1 310 1025
510 240 848 1 241 845
511 221 426 1 220 422
512 589 929 1 589 925
513 225 599 1 226 595
514 261 968 1 261 964
515 279 480 1 278 476
516 39 433 1 39 429
517 436 850 1 436 846
518 364 1093 1 365 1090
519 326 1017 1 326 1013
520 362 968 1 362 964
521 328 1143 1 329 1138
522 334 1196 1 335 1191
523 311 807 1 311 804
524 406 1034 1 406 1029
525 430 33 1 430 30
526 184 286 1 184 282
527 185 947 1 185 943
528 237 344 1 237 340
529 252 562 1 253 558
530 352 1116 1 353 1112
531 374 947 1 374 943
532 263 927 1 264 924
533 280 631 1 281 627
534 185 994 1 186 990
535 492 752 1 493 748
536 130 1068 1 131 1064
537 316 855 1 316 852
538 367 1138 1 368 1133
539 421 849 1 421 845
540 105 1047 1 105 1044
541 327 934 1 326 930
542 246 838 1 246 834
543 319 1163 1 319 1159
544 526 759 1 526 755
545 37 274 1 37 271
546 344 1158 1 345 1153
547 290 872 1 290 868
548 255 938 1 256 935
549 365 408 1 366 404
550 604 168 1 603 163
551 259 1172 1 259 1168
552 237 510 1 237 507
553 248 72 1 248 69
554 587 214 1 587 210
555 324 1066 1 324 1062
556 526 973 1 526 968
557 265 850 1 265 846
558 583 640 1 583 636
559 694 24 1 693 20
560 513 576 1 513 572
561 587 1165 1 587 1160
562 429 1079 1 429 1075
563 326 1113 1 326 1108
564 447 929 1 448 925
565 303 1117 1 304 1114
566 292 1107 1 292 1103
567 288 1090 1 289 1086
568 548 791 1 549 786
569 164 709 1 165 706
570 230 479 1 229 476
571 55 834 1 56 831
572 321 977 1 321 974
573 453 387 1 452 384
574 461 52 1 461 48
575 616 507 1 616 503
576 203 702 1 204 698
577 406 164 1 405 161
578 250 123 1 250 120
579 298 1053 1 299 1048
580 400 359 1 400 355
581 406 800 1 406 797
582 575 969 1 575 965
583 620 889 1 620 885
584 586 230 1 586 226
585 266 598 1 266 594
586 337 1039 1 338 1036
587 308 181 1 309 177
588 503 100 1 503 96
589 342 616 1 342 612
590 460 364 1 461 360
591 234 494 1 234 490
592 256 536 1 255 533
593 184 915 1 184 912
594 259 1017 1 259 1013
595 266 276 1 267 272
596 550 769 1 550 765
597 599 1040 1 600 1035
598 554 483 1 554 479
599 270 1035 1 271 1030
600 87 1001 1 87 997
601 194 375 1 195 370
602 230 520 1 230 517
603 186 1218 1 187 1215
604 290 540 1 290 537
605 37 771 1 37 768
606 645 1085 1 644 1080
607 406 427 1 407 423
608 487 783 1 488 779
609 534 830 1 534 825
610 236 413 1 236 410
611 330 1056 1 330 1052
612 39 327 1 38 323
613 272 298 1 271 295
614 276 1210 1 276 1205
615 594 493 1 594 488
616 510 512 1 509 508
617 423 1067 1 424 1063
618 237 386 1 236 382
619 280 1045 1 280 1040
620 630 841 1 630 838
621 307 763 1 307 759
622 275 37 1 275 33
623 338 803 1 338 800
624 380 1062 1 381 1057
625 317 1217 1 317 1213
626 288 959 1 288 954
627 642 726 1 642 722
628 423 1164 1 423 1159
629 509 546 1 509 542
630 619 786 1 619 782
631 343 1050 1 343 1045
632 406 788 1 406 785
633 515 820 1 515 816
634 238 615 1 238 611
635 401 850 1 402 846
636 266 525 1 267 522
637 27 299 1 26 294
638 518 272 1 517 268
639 52 674 1 52 671
640 300 1031 1 300 1028
641 513 300 1 513 296
642 212 821 1 212 817
643 538 111 1 538 108
644 598 678 1 598 674
645 145 423 1 144 419
646 245 583 1 246 579
647 269 318 1 270 315
648 198 715 1 198 712
649 587 201 1 587 197
650 72 69 1 72 65
651 48 769 1 49 766
652 386 463 1 386 459
653 397 339 1 397 335
654 308 991 1 309 987
655 353 1129 1 354 1125
656 32 623 1 33 622
657 420 256 1 420 253
658 294 310 1 293 306
659 95 914 1 95 910
660 556 981 1 556 977
661 182 651 1 182 648
662 470 132 1 469 129
663 86 973 1 86 969
664 258 1026 1 258 1022
665 288 244 1 288 241
666 586 1064 1 586 1059
667 574 359 1 574 356
668 240 562 1 239 558
669 678 50 1 678 46
670 309 944 1 310 940
671 223 820 1 223 817
672 242 644 1 241 641
673 334 766 1 333 762
674 387 514 1 388 511
675 67 1181 1 67 1176
676 184 975 1 185 971
677 191 364 1 191 360
678 369 248 1 368 245
679 602 785 1 602 780
680 312 798 1 313 794
681 290 379 1 289 375
682 211 449 1 211 446
683 214 617 1 214 614
684 351 975 1 352 971
685 299 560 1 300 556
686 560 740 1 561 735
687 387 384 1 387 381
688 266 1226 1 267 1221
689 244 988 1 244 984
690 285 915 1 285 912
691 121 1086 1 122 1082
692 201 160 1 201 157
693 571 826 1 571 822
694 35 751 1 36 747
695 36 94 1 36 91
696 313 967 1 313 963
697 54 893 1 54 889
698 300 949 1 300 946
699 199 1223 1 199 1219
700 485 1080 1 486 1076
701 525 452 1 525 449
702 330 1205 1 331 1201
703 257 736 1 257 732
704 685 60 1 683 56
