0 437 150 1 445 119
1 372 794 1 379 765
2 429 896 1 436 867
3 453 366 1 461 336
4 334 899 1 340 870
5 440 291 1 448 261
6 452 1128 1 457 1099
7 410 551 1 417 521
8 414 884 1 421 855
9 446 827 1 453 798
10 406 307 1 414 277
11 346 313 1 353 284
12 366 1138 1 371 1110
13 410 403 1 417 373
14 334 986 1 340 957
15 439 271 1 448 241
16 420 246 1 428 216
17 70 641 1 77 611
18 377 1102 1 382 1072
19 674 1032 1 681 1007
20 69 574 1 76 544
21 153 1183 1 159 1151
22 641 152 1 652 121
23 452 946 1 458 918
24 409 539 1 417 510
25 67 475 1 74 445
26 403 608 1 409 579
27 65 680 1 72 650
28 135 640 1 142 611
29 425 75 1 431 41
30 405 208 1 413 177
31 504 141 1 513 110
32 393 619 1 400 590
33 396 596 1 403 567
34 667 918 1 674 893
35 363 795 1 369 765
36 136 331 1 142 301
37 61 515 1 68 485
38 448 897 1 454 869
39 399 389 1 406 359
40 362 313 1 369 283
41 141 711 1 147 682
42 407 334 1 415 304
43 454 413 1 461 384
44 84 1141 1 91 1109
45 72 621 1 79 591
46 72 729 1 79 699
47 156 1102 1 162 1070
48 411 591 1 418 562
49 543 235 1 553 205
50 412 800 1 418 771
51 425 906 1 432 878
52 412 267 1 420 237
53 66 406 1 73 376
54 448 844 1 455 815
55 218 462 1 225 433
56 408 320 1 415 290
57 239 890 1 246 861
58 544 250 1 554 220
59 76 812 1 82 782
60 518 320 1 527 291
61 397 579 1 404 549
62 377 981 1 383 953
63 406 297 1 414 267
64 440 301 1 448 271
65 400 359 1 407 329
66 677 948 1 684 924
67 213 60 1 220 27
68 110 347 1 117 317
69 398 554 1 406 524
70 446 1014 1 452 986
71 72 840 1 78 810
72 427 290 1 435 260
73 425 269 1 433 239
74 677 1044 1 684 1019
75 452 1115 1 457 1086
76 371 652 1 378 624
77 432 943 1 438 915
78 471 1132 1 476 1103
79 641 124 1 652 92
80 133 476 1 140 445
81 74 698 1 81 668
82 78 793 1 84 763
83 348 268 1 356 238
84 410 858 1 416 829
85 389 1116 1 394 1087
86 433 932 1 440 903
87 401 225 1 409 194
88 427 301 1 435 271
89 470 1035 1 475 1009
90 374 771 1 381 741
91 348 786 1 354 756
92 151 1142 1 156 1110
93 140 842 1 146 812
94 135 574 1 141 544
95 478 1109 1 483 1080
96 424 820 1 430 791
97 60 455 1 66 425
98 137 351 1 144 321
99 62 534 1 69 504
100 465 313 1 473 283
101 135 618 1 142 588
102 343 473 1 349 444
103 342 404 1 349 374
104 65 316 1 71 285
105 374 1092 1 379 1062
106 277 640 1 284 611
107 79 896 1 86 866
108 346 225 1 354 195
109 388 345 1 395 315
110 80 858 1 87 828
111 132 514 1 139 484
112 413 639 1 420 610
113 345 1057 1 350 1028
114 221 809 1 227 780
115 347 336 1 355 306
116 68 366 1 74 336
117 384 562 1 391 532
118 562 255 1 571 225
119 531 253 1 540 223
120 367 1188 1 372 1158
121 130 314 1 137 285
122 409 500 1 417 471
123 135 681 1 142 651
124 440 994 1 446 966
125 446 428 1 453 398
126 562 240 1 571 210
127 324 1008 1 329 978
128 398 506 1 404 476
129 482 1068 1 488 1043
130 361 757 1 368 727
131 352 1006 1 357 977
132 424 150 1 432 119
133 442 385 1 450 355
134 454 976 1 460 947
135 342 347 1 349 317
136 644 163 1 655 132
137 467 1066 1 472 1040
138 366 1237 1 372 1206
139 405 424 1 413 394
140 358 946 1 364 917
141 150 1157 1 157 1125
142 244 920 1 250 891
143 275 473 1 283 443
144 132 533 1 139 503
145 130 365 1 137 335
146 115 361 1 122 331
147 130 70 1 137 38
148 449 1030 1 456 1004
149 333 938 1 339 908
150 270 620 1 277 591
151 131 454 1 137 424
152 59 348 1 65 317
153 541 320 1 550 291
154 562 224 1 571 194
155 408 620 1 414 590
156 395 197 1 403 166
157 390 527 1 398 497
158 467 49 1 476 16
159 135 698 1 142 668
160 92 1183 1 99 1151
161 513 224 1 522 194
162 413 904 1 420 876
163 458 340 1 466 310
164 446 155 1 455 124
165 138 730 1 144 700
166 398 540 1 404 510
167 420 386 1 428 356
168 468 1105 1 473 1076
169 667 930 1 675 904
170 58 297 1 64 266
171 89 1239 1 95 1206
172 461 1128 1 466 1099
173 440 984 1 446 956
174 201 1089 1 207 1058
175 86 1011 1 93 981
176 404 566 1 410 537
177 74 680 1 81 650
178 546 263 1 555 234
179 213 123 1 220 90
180 405 629 1 412 600
181 280 620 1 287 591
182 400 255 1 408 224
183 546 291 1 555 262
184 278 453 1 286 424
185 404 413 1 411 384
186 564 118 1 574 86
187 377 1011 1 384 983
188 341 452 1 348 423
189 456 1014 1 462 985
190 291 881 1 297 852
191 127 351 1 133 321
192 517 253 1 527 224
193 71 514 1 78 484
194 403 754 1 410 725
195 429 1087 1 435 1058
196 202 830 1 209 801
197 387 1103 1 392 1073
198 398 320 1 405 290
199 531 321 1 540 292
200 473 332 1 482 303
201 590 293 1 599 264
202 279 1141 1 284 1110
203 44 686 1 51 657
204 499 151 1 508 119
205 402 639 1 410 610
206 51 846 1 57 816
207 456 993 1 462 965
208 362 769 1 369 740
209 444 352 1 453 322
210 606 50 1 618 17
211 525 105 1 535 73
212 562 269 1 571 239
213 131 291 1 137 261
214 443 369 1 451 339
215 93 1157 1 100 1125
216 229 892 1 235 862
217 514 242 1 523 212
218 462 248 1 470 218
219 365 1077 1 370 1047
220 340 1034 1 347 1004
221 132 1001 1 138 971
222 474 247 1 483 217
223 353 1194 1 359 1163
224 403 172 1 411 141
225 566 890 1 573 863
226 448 61 1 457 29
227 66 198 1 72 167
228 577 896 1 583 870
229 455 320 1 463 290
230 577 151 1 586 119
231 342 1004 1 347 975
232 269 454 1 275 424
233 244 1029 1 249 999
234 433 856 1 439 827
235 281 803 1 288 774
236 105 999 1 112 969
237 406 868 1 412 839
238 70 455 1 76 425
239 220 73 1 227 41
240 59 999 1 66 969
241 313 1207 1 319 1176
242 218 401 1 225 372
243 517 150 1 526 118
244 257 1022 1 263 993
245 91 1204 1 98 1171
246 267 1039 1 273 1010
247 593 175 1 603 145
248 509 806 1 516 778
249 134 121 1 141 90
250 379 590 1 386 561
251 64 230 1 70 199
252 363 1208 1 367 1178
253 366 784 1 372 754
254 562 206 1 571 176
255 311 785 1 318 756
256 649 1139 1 656 1115
257 41 528 1 48 498
258 665 906 1 672 881
259 460 442 1 467 413
260 376 395 1 383 365
261 407 136 1 416 105
262 279 1156 1 284 1125
263 62 181 1 68 150
264 380 547 1 388 518
265 401 242 1 409 211
266 576 800 1 583 773
267 68 794 1 74 764
268 468 124 1 477 93
269 65 1145 1 72 1113
270 383 639 1 390 610
271 676 72 1 689 39
272 440 317 1 449 287
273 546 277 1 556 247
274 418 334 1 427 305
275 404 883 1 410 853
276 325 644 1 332 615
277 292 846 1 298 817
278 309 1059 1 315 1029
279 375 580 1 382 551
280 355 1064 1 360 1034
281 366 1059 1 371 1030
282 312 864 1 318 834
283 617 967 1 623 942
284 344 300 1 351 270
285 579 292 1 589 263
286 341 361 1 348 331
287 68 297 1 74 266
288 341 424 1 347 395
289 510 206 1 520 176
290 81 951 1 87 920
291 370 877 1 377 848
292 691 1111 1 698 1087
293 371 630 1 378 602
294 61 119 1 66 87
295 291 866 1 297 837
296 413 173 1 420 142
297 508 770 1 515 743
298 319 775 1 326 745
299 309 1033 1 315 1003
300 411 827 1 418 798
301 288 1140 1 294 1109
302 370 191 1 378 160
303 65 699 1 71 669
304 588 282 1 597 253
305 687 914 1 695 889
306 437 53 1 447 20
307 98 1240 1 105 1207
308 63 70 1 69 38
309 593 244 1 602 214
310 353 796 1 359 767
311 395 84 1 403 52
312 490 310 1 499 281
313 397 369 1 405 340
314 387 572 1 394 542
315 75 917 1 82 887
316 94 1140 1 101 1108
317 274 510 1 281 481
318 301 1184 1 307 1153
319 377 1124 1 382 1095
320 293 856 1 299 826
321 243 619 1 250 590
322 333 814 1 339 785
323 324 964 1 330 934
324 179 283 1 186 253
325 345 514 1 352 485
326 66 144 1 72 112
327 240 789 1 246 759
328 58 367 1 64 337
329 341 1250 1 346 1218
330 39 361 1 45 330
331 352 770 1 359 741
332 457 167 1 466 136
333 261 1152 1 267 1120
334 284 731 1 291 702
335 380 355 1 387 325
336 434 791 1 441 762
337 402 63 1 410 30
338 180 296 1 186 266
339 202 798 1 209 770
340 647 56 1 659 23
341 370 889 1 376 860
342 532 307 1 541 278
343 254 913 1 260 884
344 223 830 1 229 800
345 130 227 1 136 196
346 261 635 1 268 606
347 423 421 1 430 391
348 332 1151 1 337 1120
349 545 331 1 554 302
350 239 751 1 245 722
351 410 255 1 418 224
352 324 536 1 330 507
353 580 1077 1 585 1051
354 415 446 1 422 417
355 326 998 1 331 968
356 419 186 1 428 155
357 555 841 1 562 814
358 406 196 1 414 165
359 566 1073 1 571 1047
360 403 437 1 410 407
361 275 571 1 282 542
362 323 1063 1 329 1033
363 410 1049 1 416 1021
364 235 947 1 241 918
365 296 803 1 302 774
366 434 1126 1 439 1097
367 288 1157 1 294 1126
368 342 285 1 349 255
369 244 1018 1 250 988
370 595 903 1 602 876
371 177 325 1 184 296
372 382 334 1 390 305
373 473 322 1 482 293
374 384 437 1 391 407
375 362 1003 1 368 974
376 188 213 1 195 182
377 246 979 1 252 949
378 65 597 1 72 567
379 224 234 1 230 203
380 353 1166 1 358 1136
381 75 751 1 82 721
382 500 302 1 509 273
383 340 1214 1 346 1184
384 331 928 1 337 898
385 460 400 1 468 370
386 118 315 1 125 285
387 282 840 1 288 811
388 362 347 1 369 317
389 534 794 1 541 767
390 81 839 1 87 809
391 150 932 1 156 901
392 691 1144 1 699 1120
393 265 963 1 271 933
394 538 151 1 547 119
395 274 1026 1 280 996
396 314 1167 1 319 1136
397 266 896 1 272 867
398 212 132 1 219 100
399 358 1041 1 364 1012
400 184 194 1 190 163
401 361 622 1 368 593
402 230 61 1 237 28
403 436 85 1 445 53
404 390 1049 1 395 1020
405 429 768 1 436 739
406 454 356 1 462 326
407 412 77 1 421 45
408 230 859 1 236 830
409 69 347 1 75 316
410 636 979 1 643 954
411 362 403 1 369 373
412 413 437 1 420 407
413 252 969 1 259 939
414 546 796 1 554 769
415 387 320 1 395 290
416 521 306 1 530 277
417 137 595 1 144 565
418 321 923 1 327 893
419 158 1203 1 164 1171
420 347 616 1 354 587
421 326 551 1 333 522
422 284 948 1 290 919
423 335 647 1 342 618
424 329 1244 1 334 1213
425 424 1109 1 430 1080
426 418 115 1 426 83
427 352 1021 1 358 991
428 502 632 1 509 604
429 336 1016 1 341 986
430 375 613 1 382 584
431 37 186 1 43 154
432 392 517 1 398 487
433 242 969 1 248 939
434 415 629 1 422 601
435 367 441 1 374 411
436 241 827 1 248 797
437 595 305 1 604 275
438 284 548 1 291 519
439 440 867 1 446 838
440 527 616 1 534 588
441 83 974 1 90 943
442 173 956 1 179 926
443 343 1159 1 348 1129
444 390 609 1 397 579
445 612 743 1 621 717
446 294 941 1 301 911
447 176 219 1 183 187
448 93 1000 1 100 970
449 321 828 1 327 799
450 387 130 1 395 99
451 387 505 1 395 475
452 591 748 1 599 721
453 249 1204 1 255 1172
454 275 584 1 282 555
455 310 772 1 315 742
456 415 578 1 422 549
457 350 1213 1 355 1183
458 146 727 1 153 698
459 319 817 1 325 788
460 242 454 1 249 424
461 242 425 1 249 395
462 89 1109 1 96 1077
463 419 506 1 427 476
464 224 606 1 231 577
465 219 182 1 226 151
466 393 1064 1 398 1035
467 358 1124 1 364 1094
468 68 430 1 74 400
469 478 261 1 488 231
470 141 750 1 147 720
471 178 978 1 184 949
472 230 49 1 237 16
473 332 186 1 339 154
474 462 263 1 470 233
475 233 117 1 240 84
476 332 1048 1 337 1018
477 578 848 1 585 821
478 593 590 1 601 563
479 413 605 1 420 576
480 550 69 1 561 36
481 250 868 1 256 838
482 677 931 1 684 906
483 516 623 1 523 595
484 303 1195 1 309 1164
485 308 1022 1 314 992
486 303 1155 1 309 1124
487 675 1108 1 681 1084
488 295 820 1 301 791
489 237 257 1 244 226
490 687 940 1 694 916
491 230 471 1 237 441
492 553 491 1 561 463
493 105 935 1 112 905
494 328 796 1 334 767
495 157 712 1 164 683
496 347 637 1 354 608
497 317 1121 1 323 1090
498 299 1034 1 304 1004
499 85 1087 1 92 1056
500 302 842 1 308 813
501 307 977 1 313 947
502 341 626 1 348 597
503 412 68 1 421 35
504 544 178 1 554 147
505 262 930 1 268 901
506 72 535 1 79 505
507 358 976 1 364 947
508 252 345 1 259 315
509 692 1169 1 699 1145
510 40 518 1 46 488
511 275 670 1 282 641
512 386 762 1 393 733
513 230 454 1 237 424
514 594 954 1 600 927
515 222 418 1 228 388
516 423 639 1 430 610
517 317 851 1 323 822
518 458 1105 1 463 1076
519 239 740 1 245 711
520 233 991 1 239 961
521 304 204 1 308 172
522 212 825 1 218 796
523 305 1049 1 310 1019
524 235 869 1 241 840
525 213 446 1 220 416
526 258 879 1 265 850
527 582 945 1 589 919
528 219 619 1 226 590
529 256 988 1 261 959
530 272 500 1 278 471
531 33 454 1 39 425
532 430 869 1 436 841
533 360 1115 1 365 1084
534 255 998 1 261 969
535 321 1037 1 326 1007
536 356 987 1 362 958
537 324 1164 1 329 1133
538 330 1217 1 336 1186
539 305 828 1 311 799
540 400 1052 1 406 1023
541 421 57 1 430 24
542 178 306 1 184 276
543 180 967 1 185 937
544 230 365 1 236 335
545 246 582 1 253 553
546 584 81 1 594 49
547 348 1137 1 353 1107
548 368 966 1 374 937
549 258 947 1 264 918
550 274 651 1 281 622
551 486 770 1 493 743
552 153 1054 1 159 1024
553 125 1089 1 132 1058
554 310 876 1 316 846
555 363 1158 1 368 1128
556 416 867 1 422 839
557 99 1069 1 106 1039
558 321 954 1 327 924
559 240 857 1 246 828
560 314 1185 1 320 1154
561 266 1012 1 272 983
562 519 777 1 526 749
563 31 297 1 37 266
564 340 1178 1 345 1148
565 284 891 1 290 862
566 250 959 1 256 929
567 37 195 1 42 164
568 358 429 1 366 399
569 592 188 1 602 158
570 254 1194 1 260 1162
571 230 532 1 237 502
572 241 96 1 248 64
573 577 234 1 586 204
574 319 1086 1 324 1056
575 520 989 1 526 962
576 259 870 1 266 840
577 575 657 1 583 630
578 679 47 1 692 14
579 506 594 1 513 566
580 582 1179 1 587 1153
581 424 1098 1 429 1069
582 321 1134 1 326 1103
583 442 947 1 448 919
584 298 1139 1 305 1109
585 287 1129 1 293 1098
586 284 1111 1 290 1080
587 541 808 1 549 780
588 158 730 1 165 701
589 222 500 1 230 471
590 50 856 1 57 826
591 316 998 1 321 968
592 445 408 1 452 378
593 452 75 1 461 42
594 607 523 1 616 496
595 199 722 1 204 693
596 397 186 1 405 155
597 242 146 1 249 115
598 295 1072 1 300 1043
599 393 380 1 400 350
600 400 820 1 406 791
601 569 985 1 575 959
602 613 904 1 620 878
603 690 1133 1 697 1110
604 575 250 1 585 220
605 260 618 1 267 589
606 333 1060 1 338 1030
607 250 539 1 256 509
608 493 121 1 502 90
609 335 636 1 342 607
610 452 385 1 460 355
611 227 515 1 234 485
612 249 557 1 255 528
613 178 936 1 185 907
614 254 1036 1 260 1007
615 259 298 1 267 267
616 543 786 1 550 758
617 593 1053 1 600 1027
618 546 501 1 554 473
619 267 1054 1 272 1025
620 82 1023 1 88 992
621 662 41 1 675 9
622 188 396 1 195 366
623 223 542 1 230 512
624 182 1241 1 188 1209
625 216 162 1 219 132
626 284 561 1 291 532
627 31 793 1 37 763
628 638 1096 1 644 1071
629 399 447 1 406 417
630 481 802 1 488 774
631 528 847 1 535 819
632 230 435 1 236 405
633 325 1076 1 330 1046
634 32 349 1 38 318
635 264 320 1 271 290
636 271 1231 1 277 1200
637 585 510 1 594 482
638 502 530 1 509 502
639 419 1086 1 424 1057
640 229 407 1 236 377
641 276 1064 1 281 1035
642 623 856 1 630 831
643 301 783 1 307 754
644 268 60 1 275 28
645 332 824 1 338 795
646 376 1082 1 381 1052
647 312 1239 1 317 1208
648 220 633 1 227 603
649 283 978 1 289 949
650 634 741 1 642 715
651 419 1184 1 423 1154
652 502 564 1 509 536
653 612 801 1 619 775
654 338 1070 1 344 1040
655 400 808 1 406 780
656 686 72 1 698 40
657 508 837 1 515 810
658 231 635 1 238 606
659 395 869 1 402 841
660 260 547 1 267 517
661 610 1229 1 614 1202
662 508 291 1 517 262
663 45 696 1 52 666
664 295 1052 1 301 1022
665 504 319 1 513 290
666 205 840 1 212 811
667 527 133 1 537 102
668 590 695 1 598 668
669 138 444 1 144 414
670 239 603 1 246 574
671 262 340 1 270 310
672 192 736 1 198 707
673 577 221 1 586 191
674 66 92 1 72 60
675 43 791 1 49 762
676 379 483 1 387 454
677 389 359 1 397 329
678 304 1011 1 309 981
679 397 855 1 403 826
680 349 1149 1 354 1119
681 412 277 1 420 247
682 285 332 1 293 301
683 89 935 1 96 905
684 550 998 1 557 971
685 176 673 1 182 643
686 459 154 1 468 123
687 80 995 1 87 964
688 253 1047 1 259 1017
689 280 266 1 288 236
690 46 1016 1 52 985
691 565 378 1 574 350
692 427 1076 1 432 1048
693 233 583 1 240 553
694 664 72 1 677 39
695 304 964 1 311 935
696 217 840 1 224 811
697 235 665 1 242 636
698 327 786 1 334 757
699 380 535 1 388 506
700 61 1204 1 68 1171
701 180 996 1 186 966
702 360 270 1 368 239
703 594 800 1 601 774
704 306 818 1 313 789
705 282 400 1 289 370
706 204 471 1 211 441
707 207 638 1 214 609
708 213 568 1 219 538
709 346 994 1 353 965
710 293 580 1 300 551
711 598 126 1 609 95
712 553 756 1 561 729
713 380 405 1 387 375
714 262 1248 1 268 1216
715 239 1008 1 245 978
716 280 936 1 286 906
717 116 1108 1 123 1077
718 194 183 1 201 152
719 564 843 1 571 816
720 29 772 1 36 742
721 30 118 1 36 86
722 307 986 1 313 957
723 48 914 1 55 884
724 203 757 1 210 728
725 295 970 1 301 940
726 194 1245 1 200 1213
727 232 655 1 239 625
728 267 906 1 273 876
729 481 1099 1 486 1070
730 516 471 1 524 443
731 326 1227 1 332 1196
732 250 757 1 258 727
733 670 82 1 683 50
