0 435 141 1 445 117
1 371 785 1 379 763
2 427 886 1 436 865
3 452 357 1 461 335
4 332 890 1 340 868
5 438 283 1 448 260
6 450 1118 1 457 1097
7 408 542 1 417 520
8 412 875 1 420 854
9 445 818 1 453 797
10 405 299 1 414 276
11 344 305 1 353 283
12 364 1128 1 372 1108
13 408 394 1 417 372
14 333 976 1 340 955
15 438 263 1 447 240
16 418 238 1 428 215
17 69 632 1 77 610
18 375 1092 1 382 1070
19 671 1021 1 680 1004
20 68 565 1 76 543
21 151 1174 1 159 1150
22 639 144 1 651 120
23 450 937 1 458 916
24 408 530 1 417 508
25 66 466 1 74 444
26 401 599 1 409 578
27 64 671 1 72 649
28 134 631 1 142 610
29 423 66 1 431 40
30 403 199 1 413 176
31 502 133 1 513 108
32 391 610 1 400 588
33 394 587 1 403 565
34 664 908 1 673 890
35 361 786 1 369 764
36 134 322 1 142 300
37 59 506 1 68 484
38 446 887 1 454 867
39 347 260 1 356 237
40 397 380 1 406 358
41 360 305 1 369 282
42 139 703 1 147 681
43 405 325 1 415 303
44 453 405 1 461 383
45 83 1132 1 91 1108
46 71 612 1 79 590
47 71 720 1 79 698
48 155 1092 1 163 1068
49 409 583 1 418 561
50 542 227 1 552 203
51 410 791 1 418 770
52 423 897 1 432 876
53 411 259 1 420 236
54 64 398 1 73 375
55 446 835 1 455 813
56 216 453 1 225 431
57 406 312 1 415 289
58 238 881 1 246 859
59 542 241 1 553 218
60 74 803 1 82 781
61 516 312 1 527 289
62 395 570 1 404 548
63 376 972 1 383 951
64 405 289 1 414 266
65 439 293 1 448 270
66 398 350 1 407 328
67 674 938 1 683 921
68 211 51 1 220 26
69 108 339 1 117 316
70 397 545 1 406 523
71 445 1004 1 452 984
72 70 831 1 78 809
73 426 282 1 435 259
74 424 261 1 433 238
75 674 1033 1 683 1016
76 450 1105 1 457 1084
77 369 642 1 377 622
78 430 934 1 438 913
79 469 1122 1 476 1101
80 639 115 1 652 91
81 131 467 1 140 444
82 73 689 1 81 667
83 76 784 1 85 762
84 408 848 1 416 827
85 387 1106 1 394 1085
86 431 922 1 439 901
87 400 216 1 409 193
88 425 293 1 435 270
89 373 762 1 381 740
90 346 777 1 354 755
91 149 1132 1 156 1109
92 138 833 1 146 810
93 134 565 1 141 543
94 476 1099 1 483 1078
95 422 811 1 430 789
96 58 447 1 66 424
97 135 343 1 144 320
98 465 1055 1 472 1037
99 61 525 1 69 503
100 463 304 1 473 282
101 134 609 1 142 587
102 341 465 1 349 443
103 340 395 1 349 373
104 63 307 1 71 284
105 372 1082 1 379 1060
106 276 632 1 284 610
107 77 887 1 86 865
108 344 217 1 354 194
109 386 336 1 395 314
110 79 849 1 87 827
111 130 505 1 139 483
112 411 630 1 420 609
113 343 1048 1 350 1027
114 219 800 1 227 778
115 345 327 1 354 304
116 66 358 1 74 335
117 382 553 1 391 531
118 560 247 1 570 224
119 529 244 1 540 221
120 366 1178 1 372 1156
121 129 306 1 137 284
122 408 491 1 417 469
123 134 672 1 142 650
124 439 985 1 446 964
125 444 419 1 453 397
126 560 232 1 571 208
127 322 999 1 330 977
128 396 497 1 404 475
129 480 1057 1 488 1039
130 350 997 1 357 976
131 423 142 1 432 117
132 441 376 1 450 354
133 452 967 1 460 946
134 340 338 1 349 315
135 642 155 1 655 131
136 217 393 1 225 371
137 365 1227 1 372 1205
138 403 415 1 413 393
139 356 937 1 364 916
140 149 1147 1 157 1123
141 243 911 1 250 890
142 274 464 1 283 442
143 131 524 1 139 502
144 129 357 1 137 334
145 113 353 1 122 330
146 128 61 1 137 37
147 447 1019 1 455 1002
148 332 928 1 339 907
149 455 1076 1 462 1055
150 268 612 1 277 590
151 129 445 1 137 423
152 57 339 1 65 316
153 539 312 1 549 289
154 560 216 1 571 192
155 406 611 1 414 589
156 394 188 1 403 165
157 389 518 1 397 496
158 465 40 1 475 15
159 134 689 1 142 667
160 91 1174 1 100 1150
161 512 215 1 522 192
162 412 895 1 420 874
163 457 331 1 466 309
164 445 146 1 454 122
165 136 721 1 144 699
166 396 531 1 404 509
167 418 377 1 428 355
168 466 1095 1 473 1074
169 665 919 1 674 902
170 56 288 1 64 265
171 87 1229 1 95 1205
172 459 1118 1 466 1097
173 439 975 1 446 954
174 199 1079 1 207 1057
175 360 748 1 368 726
176 85 1002 1 93 980
177 402 558 1 410 536
178 73 671 1 82 649
179 544 255 1 555 232
180 211 114 1 220 89
181 403 621 1 412 599
182 278 612 1 287 589
183 399 246 1 408 223
184 544 283 1 555 261
185 277 445 1 286 423
186 402 405 1 411 383
187 562 109 1 573 85
188 376 1002 1 384 981
189 340 444 1 348 422
190 455 1004 1 462 984
191 289 872 1 297 851
192 125 343 1 133 320
193 516 245 1 527 222
194 69 505 1 78 483
195 402 746 1 410 724
196 427 1077 1 435 1056
197 201 821 1 209 800
198 385 1093 1 392 1071
199 396 311 1 405 289
200 529 312 1 540 290
201 472 323 1 482 302
202 588 284 1 599 262
203 277 1132 1 284 1109
204 43 677 1 51 655
205 497 142 1 507 118
206 401 631 1 410 609
207 49 837 1 58 815
208 454 984 1 462 963
209 361 760 1 369 738
210 443 343 1 453 321
211 604 42 1 617 16
212 523 97 1 534 72
213 560 260 1 571 237
214 129 283 1 137 260
215 441 360 1 451 338
216 92 1148 1 100 1124
217 227 883 1 235 861
218 513 233 1 523 210
219 460 240 1 470 217
220 363 1067 1 370 1046
221 339 1024 1 347 1002
222 131 992 1 139 969
223 472 238 1 483 215
224 351 1184 1 359 1162
225 401 163 1 411 140
226 563 880 1 572 861
227 446 52 1 457 28
228 64 189 1 72 166
229 574 887 1 583 867
230 454 311 1 463 289
231 575 142 1 586 118
232 340 995 1 347 974
233 267 445 1 275 423
234 243 1019 1 250 997
235 431 846 1 438 825
236 279 794 1 288 773
237 104 990 1 112 968
238 404 859 1 412 838
239 68 446 1 76 424
240 58 990 1 66 967
241 312 1197 1 319 1174
242 515 141 1 525 117
243 255 1013 1 263 991
244 90 1194 1 98 1170
245 266 1030 1 273 1008
246 591 167 1 603 143
247 507 797 1 516 777
248 133 113 1 141 89
249 377 581 1 386 559
250 62 221 1 70 198
251 361 1198 1 368 1176
252 364 775 1 372 752
253 560 198 1 571 175
254 310 776 1 318 754
255 646 1126 1 655 1111
256 40 519 1 48 497
257 662 896 1 671 878
258 458 434 1 467 412
259 374 387 1 383 364
260 406 127 1 416 104
261 277 1147 1 284 1124
262 60 173 1 68 149
263 379 538 1 388 516
264 400 233 1 409 210
265 574 790 1 583 771
266 66 785 1 74 763
267 466 116 1 477 91
268 64 1136 1 72 1112
269 381 630 1 390 609
270 674 63 1 688 38
271 439 309 1 449 286
272 544 269 1 556 246
273 417 325 1 426 304
274 673 909 1 682 892
275 323 635 1 332 614
276 290 837 1 298 815
277 307 1050 1 315 1028
278 373 571 1 382 550
279 353 1054 1 360 1033
280 364 1049 1 371 1028
281 310 855 1 319 833
282 614 957 1 623 939
283 342 291 1 351 269
284 577 283 1 588 261
285 339 352 1 348 330
286 66 288 1 74 265
287 339 416 1 347 394
288 509 197 1 520 174
289 80 942 1 88 919
290 368 868 1 377 846
291 688 1100 1 697 1083
292 369 622 1 378 600
293 59 110 1 66 86
294 289 857 1 297 835
295 411 164 1 420 140
296 506 761 1 515 741
297 318 766 1 326 744
298 307 1024 1 315 1002
299 410 817 1 418 796
300 287 1131 1 294 1108
301 368 183 1 378 159
302 63 690 1 71 668
303 586 273 1 597 251
304 684 903 1 694 886
305 436 44 1 446 19
306 97 1230 1 105 1206
307 61 61 1 69 37
308 591 236 1 601 213
309 351 787 1 359 765
310 489 301 1 499 279
311 395 360 1 405 338
312 385 563 1 394 541
313 74 908 1 82 886
314 92 1130 1 101 1107
315 273 502 1 281 480
316 300 1174 1 307 1151
317 375 1114 1 383 1093
318 291 847 1 299 825
319 241 611 1 250 589
320 331 805 1 339 783
321 323 954 1 330 933
322 178 274 1 186 252
323 343 506 1 352 484
324 237 743 1 245 721
325 64 135 1 72 111
326 238 779 1 246 757
327 56 359 1 64 336
328 340 1239 1 346 1217
329 37 352 1 45 329
330 351 761 1 359 739
331 456 158 1 466 134
332 259 1142 1 267 1119
333 378 346 1 387 324
334 433 782 1 441 760
335 400 54 1 410 29
336 178 287 1 186 264
337 201 789 1 209 768
338 645 48 1 658 22
339 368 879 1 376 858
340 530 298 1 541 276
341 253 904 1 261 883
342 222 821 1 229 799
343 128 218 1 136 195
344 260 626 1 268 604
345 421 412 1 430 390
346 331 1141 1 337 1119
347 543 322 1 553 300
348 409 246 1 418 223
349 322 528 1 330 505
350 577 1065 1 585 1048
351 413 437 1 422 416
352 324 989 1 331 967
353 418 177 1 428 154
354 553 831 1 561 812
355 404 188 1 414 164
356 563 1061 1 571 1044
357 401 428 1 410 406
358 273 562 1 282 540
359 321 1054 1 329 1032
360 234 938 1 242 916
361 294 794 1 302 773
362 432 1116 1 439 1095
363 287 1148 1 294 1125
364 340 276 1 349 253
365 242 1008 1 250 987
366 593 893 1 602 874
367 175 316 1 184 295
368 381 326 1 390 304
369 472 313 1 482 292
370 383 428 1 391 406
371 360 994 1 368 972
372 186 205 1 195 181
373 244 969 1 253 947
374 64 588 1 72 566
375 239 87 1 248 62
376 222 225 1 230 202
377 352 1157 1 359 1134
378 73 742 1 82 720
379 498 294 1 508 271
380 339 1204 1 346 1182
381 330 918 1 337 897
382 459 391 1 468 369
383 116 307 1 125 284
384 280 831 1 288 809
385 360 338 1 369 316
386 532 785 1 541 765
387 79 830 1 88 808
388 148 923 1 156 900
389 688 1131 1 698 1116
390 264 953 1 271 932
391 536 142 1 546 118
392 272 1016 1 280 995
393 312 1157 1 319 1134
394 265 887 1 272 866
395 356 1032 1 364 1010
396 182 186 1 190 162
397 359 613 1 368 592
398 228 52 1 237 27
399 435 76 1 445 52
400 388 1039 1 395 1018
401 428 759 1 436 738
402 453 347 1 462 325
403 411 69 1 420 44
404 228 850 1 236 828
405 67 338 1 75 315
406 634 969 1 642 951
407 360 394 1 369 372
408 411 428 1 420 406
409 251 959 1 259 938
410 545 787 1 553 767
411 386 312 1 395 289
412 519 297 1 529 275
413 136 586 1 144 564
414 320 913 1 327 892
415 232 106 1 240 83
416 156 1193 1 164 1170
417 409 1041 1 416 1019
418 346 607 1 354 586
419 324 543 1 333 521
420 283 939 1 290 917
421 333 638 1 342 616
422 327 1234 1 335 1211
423 422 1099 1 430 1078
424 402 872 1 410 851
425 416 106 1 426 82
426 351 1011 1 358 990
427 500 623 1 509 602
428 334 1006 1 342 985
429 373 604 1 382 583
430 35 177 1 43 153
431 390 508 1 398 486
432 241 959 1 249 938
433 413 621 1 422 599
434 365 432 1 374 410
435 240 817 1 248 796
436 593 296 1 604 274
437 282 540 1 291 518
438 438 857 1 446 836
439 525 607 1 534 586
440 82 965 1 90 942
441 172 946 1 180 925
442 341 1150 1 349 1127
443 388 600 1 397 578
444 610 733 1 620 715
445 293 932 1 301 910
446 175 210 1 183 186
447 92 991 1 100 969
448 319 819 1 327 797
449 385 121 1 395 98
450 386 497 1 395 474
451 589 738 1 599 719
452 248 1194 1 255 1170
453 273 576 1 282 554
454 308 763 1 315 741
455 413 569 1 422 547
456 349 1203 1 355 1181
457 145 719 1 153 696
458 317 808 1 325 786
459 240 445 1 249 423
460 240 416 1 249 394
461 88 1099 1 96 1076
462 418 497 1 426 475
463 223 598 1 231 576
464 218 173 1 226 150
465 391 1054 1 398 1033
466 356 1114 1 364 1092
467 66 421 1 75 399
468 477 252 1 487 230
469 218 67 1 227 40
470 139 741 1 147 719
471 176 969 1 184 947
472 243 1251 1 250 1227
473 228 40 1 237 15
474 330 177 1 339 153
475 460 255 1 470 232
476 330 1038 1 337 1017
477 576 838 1 585 819
478 590 581 1 600 561
479 411 596 1 420 574
480 548 60 1 560 35
481 248 859 1 256 837
482 674 921 1 683 903
483 514 614 1 523 593
484 302 1185 1 309 1162
485 307 1013 1 315 991
486 302 1146 1 309 1123
487 672 1096 1 680 1080
488 293 811 1 301 789
489 235 248 1 244 225
490 684 930 1 694 913
491 228 462 1 237 440
492 551 482 1 561 461
493 104 926 1 112 903
494 326 787 1 334 765
495 156 704 1 164 682
496 345 629 1 354 607
497 316 1111 1 323 1089
498 297 1025 1 305 1003
499 84 1077 1 92 1054
500 300 833 1 308 811
501 305 968 1 313 946
502 339 617 1 348 596
503 411 59 1 421 34
504 542 169 1 553 145
505 260 921 1 268 900
506 70 526 1 79 504
507 357 967 1 364 945
508 250 336 1 259 314
509 688 1156 1 698 1141
510 38 510 1 47 487
511 273 661 1 282 639
512 385 753 1 393 732
513 228 445 1 237 423
514 591 944 1 600 925
515 220 409 1 228 387
516 421 630 1 430 609
517 315 842 1 323 820
518 456 1095 1 463 1074
519 238 732 1 245 710
520 232 981 1 240 960
521 301 195 1 308 171
522 210 816 1 218 794
523 303 1040 1 310 1018
524 233 860 1 241 838
525 212 437 1 220 415
526 257 870 1 265 849
527 580 935 1 588 916
528 218 611 1 226 589
529 254 979 1 262 957
530 270 492 1 278 470
531 31 446 1 39 423
532 428 860 1 436 839
533 358 1104 1 366 1082
534 254 989 1 261 967
535 319 1028 1 327 1006
536 355 978 1 362 956
537 322 1154 1 330 1132
538 329 1207 1 336 1184
539 303 819 1 311 797
540 399 1043 1 406 1022
541 420 48 1 430 23
542 176 298 1 184 275
543 178 957 1 186 935
544 228 356 1 236 334
545 244 573 1 253 552
546 582 73 1 594 48
547 347 1128 1 354 1105
548 367 957 1 374 936
549 256 938 1 264 917
550 273 642 1 281 621
551 484 761 1 493 741
552 152 1044 1 159 1022
553 124 1080 1 132 1057
554 309 867 1 316 845
555 361 1148 1 368 1126
556 414 858 1 422 837
557 98 1060 1 106 1037
558 320 944 1 327 923
559 239 848 1 246 827
560 313 1175 1 320 1152
561 265 1003 1 272 981
562 517 768 1 526 748
563 29 288 1 37 265
564 338 1169 1 345 1146
565 283 882 1 290 861
566 248 949 1 257 928
567 35 186 1 42 163
568 357 420 1 365 398
569 591 180 1 602 156
570 253 1184 1 260 1161
571 228 523 1 237 501
572 575 225 1 586 202
573 317 1077 1 324 1055
574 518 980 1 526 960
575 258 861 1 266 839
576 573 648 1 583 628
577 677 38 1 691 12
578 504 585 1 513 564
579 579 1169 1 586 1150
580 422 1088 1 429 1067
581 319 1124 1 326 1102
582 440 938 1 448 917
583 297 1129 1 305 1107
584 286 1119 1 293 1097
585 282 1101 1 290 1079
586 539 798 1 548 778
587 157 722 1 165 700
588 221 492 1 230 470
589 49 847 1 57 825
590 314 989 1 321 967
591 443 399 1 452 377
592 450 66 1 461 41
593 605 515 1 615 495
594 395 177 1 405 154
595 241 138 1 249 114
596 294 1062 1 300 1041
597 391 371 1 400 349
598 398 811 1 406 790
599 567 975 1 575 956
600 611 894 1 620 876
601 687 1121 1 696 1106
602 574 241 1 585 218
603 258 609 1 267 588
604 331 1051 1 338 1029
605 248 530 1 256 508
606 491 113 1 502 88
607 333 627 1 342 606
608 451 376 1 460 353
609 225 506 1 234 484
610 247 548 1 255 527
611 177 927 1 185 905
612 253 1027 1 260 1005
613 258 289 1 267 266
614 541 776 1 550 757
615 590 1042 1 599 1024
616 544 492 1 554 471
617 265 1045 1 272 1023
618 80 1013 1 88 990
619 660 33 1 674 7
620 186 387 1 195 364
621 221 533 1 230 511
622 181 1231 1 188 1207
623 282 553 1 291 531
624 29 784 1 37 762
625 398 438 1 406 416
626 479 792 1 488 772
627 526 837 1 534 817
628 228 426 1 236 404
629 323 1067 1 330 1045
630 30 340 1 38 317
631 262 312 1 271 289
632 270 1221 1 277 1198
633 583 501 1 593 481
634 500 522 1 509 501
635 417 1076 1 424 1056
636 228 398 1 236 376
637 274 1055 1 281 1033
638 620 846 1 630 828
639 299 774 1 307 752
640 266 52 1 275 26
641 330 815 1 338 793
642 374 1072 1 381 1050
643 311 1229 1 317 1206
644 219 624 1 227 602
645 282 968 1 289 947
646 631 731 1 641 713
647 417 1174 1 424 1152
648 593 1149 1 600 1130
649 500 555 1 509 534
650 394 73 1 403 51
651 609 791 1 618 773
652 336 1061 1 344 1039
653 398 799 1 406 778
654 684 64 1 698 39
655 506 828 1 514 808
656 230 627 1 238 605
657 394 860 1 402 839
658 258 538 1 267 516
659 606 1217 1 614 1199
660 506 283 1 517 260
661 44 687 1 52 665
662 293 1043 1 301 1021
663 502 311 1 513 288
664 526 124 1 537 100
665 588 685 1 598 666
666 136 435 1 145 413
667 238 595 1 246 573
668 261 331 1 270 309
669 191 728 1 198 706
670 575 212 1 586 189
671 64 83 1 72 59
672 41 782 1 50 760
673 378 475 1 386 453
674 388 351 1 396 328
675 302 1002 1 309 980
676 395 846 1 403 825
677 347 1139 1 354 1117
678 410 269 1 420 246
679 284 323 1 293 300
680 88 926 1 96 904
681 548 988 1 556 968
682 174 664 1 182 642
683 458 145 1 468 121
684 79 986 1 87 963
685 252 1037 1 259 1015
686 278 258 1 288 235
687 44 1007 1 52 984
688 563 370 1 574 348
689 425 1066 1 432 1046
690 231 574 1 240 552
691 663 63 1 676 38
692 303 955 1 311 933
693 216 831 1 224 810
694 233 656 1 242 635
695 326 777 1 334 756
696 379 526 1 388 504
697 61 1194 1 68 1170
698 179 986 1 186 964
699 359 261 1 368 238
700 592 791 1 601 771
701 305 809 1 313 787
702 280 391 1 289 368
703 202 462 1 211 440
704 206 630 1 214 608
705 211 559 1 219 537
706 344 985 1 353 964
707 291 571 1 300 549
708 596 117 1 608 93
709 551 747 1 561 727
710 378 396 1 387 374
711 261 1238 1 268 1214
712 237 998 1 245 977
713 279 927 1 286 905
714 115 1098 1 123 1076
715 562 833 1 571 814
716 28 763 1 36 741
717 28 109 1 36 85
718 305 977 1 313 955
719 47 905 1 55 883
720 202 748 1 210 726
721 293 961 1 301 939
722 193 1235 1 200 1211
723 231 646 1 239 624
724 266 896 1 273 875
725 479 1089 1 486 1068
726 514 463 1 524 441
727 325 1217 1 332 1194
728 248 748 1 258 726
729 669 73 1 682 48
