0 457 120 1 443 116
1 391 755 1 379 758
2 445 856 1 435 858
3 474 330 1 460 331
4 352 859 1 340 862
5 461 256 1 447 256
6 466 1085 1 457 1089
7 429 514 1 416 515
8 464 788 1 453 791
9 427 272 1 414 272
10 367 278 1 353 279
11 382 1095 1 372 1099
12 430 367 1 417 368
13 460 236 1 447 236
14 91 602 1 78 606
15 393 1061 1 383 1064
16 352 945 1 341 948
17 683 988 1 676 991
18 90 535 1 77 539
19 171 1139 1 160 1144
20 659 123 1 647 118
21 469 906 1 458 909
22 429 502 1 417 504
23 88 437 1 74 440
24 416 541 1 404 543
25 86 641 1 73 644
26 156 601 1 142 605
27 426 173 1 412 173
28 523 111 1 511 107
29 412 582 1 400 583
30 415 559 1 403 560
31 677 877 1 669 879
32 381 756 1 369 759
33 157 294 1 142 296
34 82 477 1 68 480
35 465 857 1 454 860
36 369 231 1 356 233
37 419 353 1 406 354
38 382 278 1 369 278
39 160 672 1 147 676
40 427 299 1 414 299
41 474 378 1 461 379
42 103 1097 1 92 1102
43 93 582 1 80 586
44 93 690 1 80 693
45 174 1059 1 164 1063
46 430 555 1 417 556
47 563 202 1 550 200
48 429 762 1 418 764
49 442 867 1 432 870
50 433 232 1 420 232
51 87 368 1 73 371
52 465 805 1 454 806
53 428 285 1 415 285
54 258 849 1 246 853
55 563 217 1 551 215
56 96 772 1 83 776
57 537 287 1 525 286
58 441 213 1 427 211
59 394 940 1 384 944
60 427 262 1 413 262
61 461 266 1 447 266
62 420 324 1 406 324
63 686 907 1 679 909
64 131 310 1 117 312
65 418 517 1 406 518
66 236 24 1 220 23
67 462 973 1 452 976
68 92 800 1 79 804
69 448 255 1 434 255
70 446 234 1 432 234
71 685 1000 1 679 1003
72 466 1072 1 457 1076
73 390 612 1 377 615
74 449 904 1 438 906
75 485 1089 1 476 1093
76 659 94 1 647 90
77 154 438 1 140 440
78 95 659 1 82 663
79 98 753 1 85 757
80 427 819 1 416 821
81 404 1073 1 394 1077
82 450 892 1 439 894
83 422 190 1 409 189
84 448 266 1 434 266
85 393 733 1 381 735
86 240 426 1 225 427
87 366 747 1 355 749
88 169 1099 1 158 1103
89 159 802 1 147 805
90 156 536 1 142 539
91 492 1066 1 482 1070
92 441 781 1 430 783
93 81 417 1 67 420
94 158 314 1 144 316
95 83 496 1 69 499
96 485 278 1 472 278
97 156 579 1 143 582
98 363 436 1 349 438
99 362 367 1 348 369
100 86 278 1 72 280
101 390 1050 1 380 1054
102 297 602 1 284 605
103 99 855 1 87 860
104 367 188 1 354 190
105 408 309 1 395 310
106 100 818 1 88 822
107 153 476 1 139 479
108 432 602 1 419 604
109 361 1017 1 350 1020
110 368 299 1 354 300
111 89 328 1 75 331
112 403 525 1 391 526
113 581 223 1 568 220
114 551 220 1 538 218
115 383 1145 1 373 1149
116 152 277 1 138 280
117 429 463 1 416 465
118 156 642 1 143 645
119 456 954 1 446 956
120 466 392 1 453 392
121 421 571 1 409 573
122 341 967 1 330 971
123 417 469 1 404 471
124 368 966 1 358 969
125 443 120 1 430 116
126 463 349 1 450 350
127 471 936 1 460 938
128 363 310 1 349 311
129 662 134 1 650 129
130 381 1193 1 372 1197
131 425 388 1 412 389
132 376 907 1 365 910
133 169 1113 1 158 1117
134 263 880 1 251 883
135 296 435 1 283 437
136 153 495 1 140 498
137 152 327 1 137 330
138 136 323 1 122 326
139 152 31 1 137 33
140 463 985 1 454 989
141 351 898 1 339 901
142 472 1044 1 462 1047
143 290 582 1 277 585
144 152 416 1 138 419
145 80 310 1 66 312
146 431 844 1 420 846
147 560 287 1 548 286
148 581 192 1 569 190
149 427 582 1 414 584
150 417 163 1 402 162
151 410 490 1 397 491
152 496 1021 1 486 1025
153 155 659 1 143 662
154 111 1139 1 101 1144
155 533 192 1 520 189
156 430 865 1 420 867
157 478 305 1 465 305
158 581 208 1 569 205
159 467 125 1 453 121
160 157 691 1 145 694
161 381 1022 1 371 1025
162 417 503 1 404 505
163 440 350 1 427 351
164 482 1062 1 473 1066
165 678 888 1 670 891
166 79 259 1 64 261
167 107 1193 1 97 1198
168 475 1086 1 466 1089
169 456 944 1 446 946
170 219 1047 1 208 1051
171 106 970 1 94 974
172 423 529 1 410 531
173 95 641 1 82 644
174 565 231 1 553 229
175 118 1249 1 108 1254
176 424 592 1 412 594
177 300 582 1 287 585
178 284 997 1 274 1001
179 421 219 1 408 219
180 565 258 1 553 257
181 299 416 1 286 418
182 424 378 1 411 379
183 421 841 1 410 844
184 583 89 1 570 84
185 394 970 1 384 974
186 362 415 1 348 417
187 472 973 1 462 976
188 309 841 1 297 844
189 148 314 1 134 316
190 537 222 1 525 219
191 92 476 1 78 479
192 108 1232 1 98 1238
193 444 1045 1 435 1048
194 430 105 1 415 102
195 403 1061 1 393 1065
196 419 285 1 405 285
197 550 288 1 538 286
198 493 299 1 481 298
199 608 261 1 596 259
200 296 1099 1 285 1103
201 65 647 1 52 651
202 518 121 1 505 116
203 422 602 1 409 604
204 71 806 1 59 810
205 472 953 1 462 955
206 381 731 1 369 733
207 465 317 1 452 317
208 544 77 1 531 71
209 581 237 1 568 234
210 152 254 1 137 256
211 463 333 1 450 334
212 112 1113 1 102 1118
213 248 851 1 236 855
214 534 210 1 521 207
215 482 215 1 469 213
216 381 1036 1 370 1039
217 357 993 1 347 996
218 151 960 1 140 964
219 494 214 1 481 212
220 369 1151 1 359 1155
221 580 850 1 570 852
222 515 1255 1 507 1260
223 87 160 1 72 162
224 590 856 1 581 858
225 476 285 1 462 285
226 596 121 1 583 116
227 359 964 1 348 967
228 289 416 1 275 418
229 261 987 1 250 991
230 450 817 1 438 819
231 299 764 1 288 768
232 124 958 1 113 962
233 91 417 1 77 420
234 79 958 1 67 962
235 329 1164 1 320 1168
236 536 120 1 523 115
237 274 980 1 264 985
238 110 1159 1 100 1164
239 612 144 1 600 141
240 525 768 1 515 770
241 156 84 1 141 86
242 398 553 1 386 555
243 85 192 1 70 194
244 378 1165 1 368 1168
245 384 745 1 372 747
246 581 175 1 568 172
247 330 746 1 318 749
248 656 1088 1 650 1094
249 62 490 1 48 493
250 675 865 1 667 867
251 241 768 1 228 771
252 479 407 1 466 407
253 396 359 1 383 360
254 295 1114 1 285 1118
255 83 143 1 68 145
256 400 510 1 387 512
257 422 207 1 409 207
258 590 761 1 581 763
259 88 754 1 75 758
260 488 96 1 475 90
261 84 1101 1 73 1106
262 402 602 1 390 604
263 692 46 1 682 38
264 461 282 1 448 282
265 565 245 1 554 243
266 439 299 1 426 300
267 118 1232 1 108 1238
268 686 879 1 678 881
269 344 606 1 332 609
270 310 807 1 298 810
271 326 1018 1 315 1021
272 395 543 1 382 545
273 371 1023 1 361 1026
274 362 324 1 348 326
275 330 825 1 319 828
276 628 926 1 620 928
277 365 263 1 351 265
278 597 260 1 586 258
279 386 1243 1 377 1247
280 89 259 1 75 261
281 361 387 1 347 389
282 530 175 1 517 172
283 100 910 1 89 914
284 388 838 1 377 840
285 390 593 1 378 595
286 82 80 1 67 83
287 309 827 1 298 830
288 432 142 1 419 139
289 524 732 1 513 734
290 338 736 1 326 739
291 326 992 1 315 996
292 429 788 1 418 790
293 174 1249 1 164 1254
294 305 1098 1 295 1102
295 391 157 1 378 156
296 85 660 1 72 664
297 606 250 1 594 248
298 422 139 1 409 137
299 117 1194 1 107 1199
300 84 31 1 69 33
301 611 213 1 599 210
302 371 757 1 359 760
303 510 277 1 497 276
304 417 333 1 404 334
305 406 535 1 394 536
306 94 876 1 83 880
307 113 1096 1 102 1101
308 294 472 1 282 475
309 317 1141 1 308 1145
310 393 1080 1 383 1085
311 312 817 1 300 820
312 263 581 1 250 584
313 351 775 1 339 778
314 342 923 1 331 927
315 201 247 1 186 248
316 365 477 1 352 479
317 258 713 1 246 716
318 87 105 1 72 107
319 259 750 1 247 752
320 79 329 1 65 332
321 304 1248 1 295 1252
322 357 1205 1 347 1209
323 60 322 1 46 325
324 371 731 1 359 734
325 477 137 1 464 133
326 278 1109 1 268 1113
327 359 1248 1 349 1252
328 400 320 1 386 320
329 452 753 1 441 754
330 424 27 1 409 26
331 201 259 1 187 261
332 664 31 1 653 23
333 387 849 1 376 852
334 551 275 1 539 273
335 273 873 1 261 877
336 242 790 1 230 793
337 541 1248 1 533 1253
338 151 189 1 136 191
339 281 597 1 268 600
340 443 385 1 430 386
341 396 1238 1 386 1241
342 348 1108 1 338 1112
343 564 298 1 551 296
344 240 365 1 225 367
345 431 219 1 417 219
346 344 499 1 330 501
347 435 410 1 422 411
348 343 957 1 332 960
349 440 152 1 427 151
350 570 802 1 560 804
351 427 161 1 413 161
352 423 401 1 410 401
353 295 533 1 282 536
354 340 1022 1 329 1025
355 353 609 1 342 611
356 253 907 1 242 910
357 315 765 1 302 768
358 449 1083 1 439 1087
359 305 1115 1 295 1119
360 363 248 1 349 249
361 261 976 1 251 980
362 609 863 1 600 864
363 403 298 1 390 299
364 493 289 1 481 288
365 404 401 1 391 402
366 378 962 1 368 966
367 265 936 1 253 940
368 86 558 1 73 562
369 369 1123 1 359 1127
370 95 711 1 83 715
371 519 270 1 506 268
372 356 1170 1 346 1175
373 349 888 1 338 891
374 480 364 1 467 365
375 260 43 1 245 43
376 139 278 1 125 280
377 365 1237 1 356 1242
378 300 801 1 289 804
379 383 310 1 369 311
380 549 756 1 539 758
381 101 799 1 89 803
382 169 891 1 157 895
383 626 24 1 613 16
384 284 922 1 272 925
385 557 121 1 544 116
386 291 984 1 280 988
387 330 1124 1 320 1128
388 285 856 1 273 860
389 374 1000 1 364 1004
390 359 1228 1 350 1233
391 205 157 1 190 158
392 380 585 1 368 587
393 180 1236 1 170 1241
394 459 49 1 444 49
395 406 1007 1 395 1010
396 475 321 1 461 321
397 434 41 1 420 41
398 249 819 1 237 822
399 90 309 1 76 311
400 647 937 1 639 940
401 250 1233 1 240 1238
402 382 367 1 369 368
403 433 401 1 420 402
404 271 927 1 260 931
405 562 758 1 552 760
406 408 285 1 394 285
407 541 274 1 527 272
408 158 557 1 144 560
409 339 883 1 328 886
410 375 1234 1 366 1238
411 427 1008 1 416 1011
412 367 579 1 354 581
413 346 514 1 333 516
414 302 908 1 291 911
415 345 1200 1 335 1204
416 439 1066 1 429 1070
417 440 79 1 425 78
418 369 980 1 359 983
419 520 596 1 508 596
420 353 975 1 342 978
421 394 576 1 382 578
422 58 147 1 43 150
423 411 480 1 398 481
424 261 927 1 249 931
425 192 717 1 180 721
426 434 592 1 421 594
427 387 404 1 374 406
428 260 787 1 249 790
429 553 1248 1 545 1253
430 613 273 1 601 270
431 303 511 1 291 513
432 457 828 1 446 830
433 544 580 1 533 580
434 103 933 1 91 937
435 223 759 1 210 762
436 359 1117 1 349 1121
437 409 571 1 397 573
438 626 706 1 617 706
439 312 901 1 301 904
440 112 959 1 102 963
441 339 789 1 327 792
442 409 92 1 395 94
443 407 468 1 394 470
444 606 710 1 596 711
445 266 1160 1 256 1164
446 295 547 1 282 549
447 328 734 1 316 736
448 434 541 1 421 542
449 366 1170 1 356 1174
450 166 688 1 154 691
451 337 778 1 325 781
452 262 416 1 249 419
453 262 387 1 249 389
454 108 1065 1 97 1070
455 439 469 1 426 470
456 470 26 1 456 25
457 244 569 1 231 571
458 408 1022 1 398 1025
459 374 1082 1 364 1086
460 89 392 1 75 395
461 446 731 1 436 732
462 498 228 1 486 226
463 422 828 1 412 831
464 263 59 1 248 59
465 161 711 1 148 714
466 198 934 1 185 939
467 260 1215 1 251 1220
468 494 1235 1 486 1241
469 354 148 1 339 149
470 482 228 1 469 228
471 277 1228 1 267 1233
472 348 1007 1 338 1010
473 592 808 1 583 810
474 609 555 1 598 555
475 432 567 1 419 569
476 569 43 1 556 35
477 43 403 1 29 406
478 686 890 1 679 892
479 533 587 1 522 587
480 319 1152 1 310 1156
481 326 981 1 315 984
482 319 1113 1 309 1117
483 314 781 1 302 784
484 259 219 1 244 221
485 250 433 1 237 435
486 571 456 1 559 456
487 125 894 1 113 898
488 346 757 1 335 760
489 178 673 1 165 677
490 366 600 1 354 602
491 350 1238 1 341 1242
492 333 1079 1 323 1082
493 316 993 1 305 997
494 104 1044 1 93 1048
495 340 1238 1 330 1242
496 320 803 1 309 806
497 254 77 1 238 78
498 361 588 1 348 591
499 44 414 1 30 417
500 564 146 1 551 143
501 281 890 1 269 893
502 93 497 1 79 500
503 376 935 1 365 939
504 273 308 1 259 310
505 61 480 1 47 483
506 294 632 1 282 634
507 405 724 1 393 727
508 250 416 1 237 419
509 606 913 1 597 915
510 442 602 1 429 604
511 335 812 1 324 815
512 233 1226 1 224 1231
513 199 290 1 184 291
514 472 1062 1 463 1066
515 251 949 1 240 953
516 322 1008 1 311 1012
517 254 829 1 242 833
518 235 410 1 221 411
519 277 839 1 265 842
520 595 905 1 586 907
521 239 581 1 226 584
522 274 946 1 262 950
523 292 463 1 279 465
524 54 416 1 40 419
525 447 831 1 436 833
526 376 1072 1 366 1076
527 273 957 1 262 960
528 338 996 1 327 999
529 299 936 1 289 940
530 340 1121 1 330 1125
531 346 1173 1 336 1177
532 323 789 1 312 792
533 417 1011 1 407 1014
534 179 1216 1 169 1222
535 199 270 1 185 271
536 199 922 1 187 927
537 250 328 1 237 330
538 266 544 1 253 547
539 602 53 1 590 47
540 236 1216 1 226 1220
541 364 1095 1 354 1099
542 312 790 1 301 793
543 385 926 1 375 929
544 277 906 1 265 910
545 294 613 1 281 616
546 307 1228 1 297 1233
547 503 733 1 492 734
548 171 1013 1 160 1016
549 144 1046 1 133 1051
550 328 836 1 317 839
551 379 1115 1 369 1119
552 433 828 1 422 831
553 118 1027 1 107 1031
554 339 914 1 327 917
555 259 817 1 247 820
556 331 1142 1 320 1146
557 420 851 1 409 854
558 535 739 1 524 741
559 52 259 1 37 261
560 356 1136 1 346 1140
561 302 851 1 291 854
562 269 918 1 257 921
563 58 156 1 43 159
564 237 89 1 220 88
565 61 712 1 48 716
566 378 393 1 365 394
567 611 157 1 599 154
568 271 1151 1 261 1154
569 84 1110 1 73 1115
570 250 494 1 237 497
571 596 202 1 583 199
572 336 1045 1 325 1049
573 534 949 1 525 951
574 524 558 1 512 559
575 593 1134 1 584 1138
576 439 1056 1 429 1059
577 337 1092 1 327 1095
578 458 907 1 448 910
579 315 1097 1 305 1101
580 304 1087 1 294 1090
581 301 1069 1 290 1073
582 557 769 1 547 770
583 179 691 1 166 695
584 243 463 1 230 465
585 70 816 1 58 820
586 333 957 1 322 961
587 465 372 1 452 373
588 474 39 1 460 38
589 623 489 1 613 489
590 611 185 1 598 182
591 418 152 1 404 151
592 312 1030 1 301 1034
593 414 343 1 400 344
594 417 781 1 406 784
595 582 944 1 573 947
596 626 864 1 617 866
597 594 218 1 582 215
598 280 580 1 267 583
599 349 1019 1 339 1022
600 270 501 1 256 503
601 512 92 1 499 87
602 354 599 1 342 601
603 473 349 1 460 349
604 247 477 1 234 479
605 269 519 1 256 522
606 197 895 1 186 899
607 299 878 1 288 882
608 281 260 1 267 262
609 559 748 1 549 749
610 604 1008 1 596 1012
611 564 466 1 552 466
612 283 1012 1 273 1017
613 101 980 1 89 985
614 209 358 1 195 360
615 243 504 1 230 506
616 200 1195 1 189 1200
617 303 524 1 291 526
618 51 753 1 38 757
619 419 410 1 406 412
620 498 763 1 487 765
621 543 808 1 533 810
622 250 397 1 237 400
623 341 1035 1 331 1038
624 53 311 1 39 313
625 286 284 1 271 285
626 288 1186 1 278 1191
627 602 476 1 591 475
628 520 495 1 508 495
629 434 1044 1 424 1047
630 250 369 1 236 372
631 293 1022 1 282 1026
632 635 817 1 627 819
633 319 744 1 307 747
634 350 785 1 338 788
635 392 1040 1 382 1044
636 328 1195 1 318 1199
637 240 594 1 228 597
638 92 1237 1 81 1242
639 647 703 1 638 704
640 433 1142 1 424 1145
641 606 1114 1 598 1118
642 520 528 1 508 529
643 625 762 1 616 764
644 354 1029 1 344 1032
645 418 770 1 406 772
646 524 799 1 513 800
647 251 597 1 238 600
648 413 830 1 402 832
649 280 509 1 267 511
650 618 1181 1 611 1186
651 527 259 1 515 257
652 66 657 1 53 661
653 312 1011 1 301 1015
654 524 286 1 511 285
655 385 990 1 375 993
656 547 103 1 534 99
657 606 658 1 595 659
658 159 406 1 145 409
659 259 565 1 246 568
660 283 303 1 270 305
661 434 30 1 420 30
662 596 189 1 583 186
663 87 53 1 72 55
664 63 751 1 51 755
665 399 446 1 386 448
666 410 324 1 396 324
667 321 970 1 310 974
668 414 816 1 403 818
669 365 1107 1 355 1111
670 325 934 1 314 937
671 433 242 1 419 242
672 306 295 1 293 296
673 109 894 1 97 898
674 564 956 1 555 959
675 196 634 1 183 637
676 479 124 1 466 120
677 100 953 1 88 957
678 374 1012 1 363 1015
679 270 1005 1 260 1009
680 301 230 1 288 231
681 65 974 1 53 978
682 583 345 1 571 344
683 442 1034 1 432 1037
684 253 545 1 240 547
685 322 924 1 311 927
686 237 801 1 225 804
687 255 627 1 242 630
688 346 748 1 334 750
689 400 498 1 388 500
690 81 1158 1 70 1164
691 199 951 1 187 956
692 381 234 1 368 234
693 608 762 1 599 763
694 325 779 1 314 782
695 304 362 1 289 364
696 225 433 1 211 435
697 227 600 1 215 603
698 232 530 1 219 532
699 363 954 1 353 957
700 313 542 1 300 545
701 617 96 1 605 92
702 569 719 1 559 720
703 400 369 1 387 370
704 279 1202 1 269 1207
705 257 966 1 246 970
706 298 896 1 287 899
707 134 1065 1 124 1070
708 579 804 1 569 805
709 51 79 1 36 81
710 324 945 1 314 948
711 68 873 1 56 878
712 223 718 1 210 721
713 312 930 1 301 933
714 211 1199 1 201 1204
715 252 616 1 239 619
716 192 1229 1 182 1235
717 286 865 1 274 868
718 495 1057 1 486 1060
719 535 437 1 523 437
720 342 1183 1 332 1187
721 688 54 1 677 48
