0 439 141 1 440 129
1 379 754 1 379 754
2 459 335 1 459 331
3 341 857 1 341 858
4 425 224 1 425 217
5 456 1080 1 456 1081
6 416 515 1 416 513
7 451 787 1 452 787
8 404 542 1 404 541
9 353 283 1 353 279
10 372 1090 1 372 1091
11 416 371 1 416 368
12 446 261 1 446 257
13 411 180 1 411 175
14 445 242 1 445 238
15 435 855 1 435 854
16 80 603 1 79 602
17 383 1057 1 383 1057
18 663 981 1 667 983
19 79 537 1 78 536
20 162 1137 1 162 1138
21 534 230 1 535 224
22 457 903 1 457 904
23 416 503 1 416 501
24 77 439 1 76 438
25 637 142 1 639 131
26 419 237 1 419 234
27 75 642 1 74 641
28 144 602 1 143 602
29 414 277 1 413 273
30 379 617 1 380 623
31 400 582 1 399 581
32 548 269 1 549 262
33 657 873 1 661 874
34 370 755 1 369 755
35 144 297 1 143 295
36 71 479 1 70 477
37 453 855 1 453 855
38 475 1084 1 475 1085
39 150 672 1 149 673
40 413 304 1 413 300
41 460 382 1 460 378
42 95 1096 1 94 1096
43 82 584 1 81 583
44 414 290 1 414 287
45 166 1057 1 165 1057
46 417 555 1 417 554
47 413 267 1 412 263
48 418 760 1 418 760
49 430 865 1 431 865
50 403 560 1 402 558
51 84 690 1 82 690
52 342 942 1 341 942
53 453 803 1 453 802
54 546 213 1 547 206
55 406 517 1 405 516
56 546 227 1 548 221
57 86 772 1 85 772
58 249 849 1 248 848
59 144 537 1 143 536
60 384 938 1 383 938
61 406 328 1 406 324
62 666 902 1 670 903
63 446 276 1 446 267
64 119 312 1 118 310
65 562 235 1 564 227
66 78 372 1 75 369
67 451 969 1 451 970
68 82 800 1 81 800
69 431 241 1 431 236
70 665 992 1 670 994
71 455 1067 1 456 1069
72 142 437 1 141 438
73 637 114 1 640 103
74 84 660 1 84 659
75 88 754 1 87 753
76 394 1068 1 394 1070
77 438 890 1 439 889
78 408 195 1 408 190
79 521 297 1 522 290
80 381 731 1 381 731
81 355 746 1 355 745
82 160 1097 1 159 1097
83 149 802 1 148 801
84 481 1061 1 481 1062
85 429 780 1 429 779
86 69 419 1 68 418
87 145 316 1 145 314
88 72 497 1 71 496
89 470 283 1 470 279
90 145 580 1 144 579
91 350 437 1 349 436
92 505 129 1 507 118
93 74 281 1 73 279
94 380 1047 1 380 1048
95 285 602 1 285 602
96 353 190 1 353 188
97 90 818 1 89 818
98 355 233 1 355 231
99 141 477 1 140 476
100 352 1013 1 351 1014
101 354 301 1 354 299
102 77 331 1 76 329
103 390 525 1 390 524
104 349 369 1 348 366
105 373 1140 1 373 1142
106 140 281 1 138 278
107 416 464 1 416 463
108 145 642 1 144 642
109 445 950 1 446 951
110 451 395 1 452 392
111 408 571 1 409 570
112 331 964 1 331 965
113 404 470 1 404 468
114 90 856 1 89 855
115 448 353 1 449 350
116 459 932 1 459 933
117 368 718 1 369 717
118 349 311 1 349 310
119 372 1188 1 373 1189
120 411 391 1 411 389
121 365 904 1 365 904
122 160 1111 1 160 1111
123 223 31 1 221 27
124 283 436 1 283 435
125 141 496 1 141 495
126 139 330 1 138 328
127 124 326 1 123 324
128 451 979 1 452 981
129 659 885 1 662 885
130 340 896 1 340 896
131 461 1038 1 461 1040
132 278 583 1 278 582
133 140 418 1 139 417
134 68 312 1 67 311
135 449 146 1 449 134
136 419 842 1 420 842
137 543 296 1 544 290
138 640 153 1 643 142
139 414 582 1 414 581
140 397 491 1 397 489
141 144 659 1 144 659
142 103 1137 1 103 1138
143 515 207 1 516 198
144 419 863 1 419 862
145 463 309 1 464 306
146 437 900 1 437 901
147 147 691 1 146 690
148 372 1018 1 371 1019
149 426 354 1 426 351
150 471 1057 1 472 1058
151 386 1236 1 387 1235
152 393 1058 1 393 1059
153 67 262 1 66 260
154 100 1191 1 99 1192
155 445 940 1 445 941
156 465 410 1 465 407
157 97 969 1 96 969
158 410 530 1 409 529
159 85 642 1 84 641
160 548 241 1 549 234
161 111 1246 1 110 1247
162 411 592 1 411 591
163 288 583 1 288 582
164 275 994 1 275 995
165 407 224 1 407 221
166 286 417 1 286 416
167 410 382 1 410 379
168 410 839 1 409 839
169 384 967 1 384 968
170 349 416 1 348 415
171 460 969 1 461 970
172 299 840 1 298 840
173 136 316 1 135 314
174 519 235 1 521 228
175 80 478 1 80 476
176 390 299 1 390 298
177 101 1230 1 100 1231
178 433 1040 1 434 1041
179 404 503 1 404 502
180 210 1043 1 209 1045
181 477 307 1 478 302
182 414 816 1 415 816
183 589 274 1 591 266
184 55 648 1 54 647
185 478 225 1 478 218
186 61 806 1 60 806
187 461 949 1 461 950
188 369 730 1 369 729
189 450 320 1 451 317
190 562 248 1 564 241
191 139 256 1 138 255
192 449 338 1 449 335
193 104 1112 1 103 1112
194 238 850 1 237 850
195 253 878 1 252 878
196 347 931 1 346 931
197 467 224 1 467 218
198 371 1032 1 371 1033
199 348 990 1 348 990
200 142 958 1 141 959
201 394 535 1 393 534
202 359 1146 1 360 1148
203 287 1096 1 286 1097
204 565 847 1 567 847
205 503 1243 1 504 1247
206 74 163 1 73 161
207 575 854 1 577 854
208 461 290 1 461 287
209 574 140 1 576 129
210 348 961 1 348 962
211 276 417 1 276 416
212 228 432 1 226 427
213 437 815 1 438 815
214 289 764 1 289 763
215 405 357 1 405 354
216 413 168 1 412 162
217 79 419 1 78 418
218 70 957 1 69 957
219 321 1160 1 321 1161
220 517 139 1 518 129
221 102 1157 1 101 1158
222 259 55 1 258 50
223 592 159 1 594 151
224 511 767 1 513 766
225 142 87 1 141 85
226 385 553 1 385 552
227 115 958 1 115 957
228 369 1160 1 368 1161
229 521 287 1 523 279
230 372 744 1 373 743
231 319 746 1 319 745
232 635 1076 1 640 1081
233 51 491 1 50 490
234 655 862 1 659 862
235 247 712 1 246 712
236 383 363 1 382 360
237 358 963 1 358 963
238 470 117 1 471 106
239 287 1111 1 286 1112
240 70 146 1 69 144
241 387 510 1 387 509
242 515 225 1 517 216
243 408 213 1 408 209
244 173 1235 1 172 1235
245 574 761 1 576 760
246 78 755 1 77 754
247 77 1100 1 75 1100
248 446 288 1 447 284
249 548 254 1 550 248
250 424 304 1 425 300
251 111 1230 1 110 1231
252 666 875 1 670 875
253 73 194 1 71 193
254 670 46 1 674 31
255 300 806 1 299 806
256 317 1015 1 316 1016
257 382 543 1 382 542
258 361 1019 1 361 1020
259 348 326 1 348 324
260 320 823 1 319 823
261 611 921 1 614 922
262 351 264 1 351 263
263 265 978 1 265 979
264 562 190 1 563 181
265 77 262 1 76 260
266 348 388 1 347 387
267 512 189 1 514 181
268 91 909 1 90 909
269 377 836 1 377 836
270 378 594 1 377 593
271 68 84 1 68 82
272 299 825 1 298 825
273 524 98 1 526 87
274 510 732 1 511 731
275 327 736 1 326 735
276 316 989 1 316 990
277 166 1246 1 166 1247
278 377 168 1 377 162
279 75 661 1 74 660
280 587 262 1 589 255
281 229 814 1 228 814
282 110 1192 1 108 1193
283 688 57 1 692 41
284 360 756 1 360 756
285 250 816 1 249 816
286 494 287 1 494 282
287 404 338 1 403 335
288 85 876 1 84 876
289 105 1094 1 104 1095
290 405 404 1 409 401
291 309 1138 1 309 1139
292 383 1076 1 383 1077
293 301 815 1 300 815
294 251 581 1 251 581
295 340 774 1 340 774
296 533 298 1 534 291
297 332 921 1 331 922
298 347 1167 1 346 1168
299 189 254 1 188 250
300 352 478 1 352 476
301 74 109 1 73 107
302 248 749 1 248 748
303 67 332 1 66 331
304 297 1243 1 296 1244
305 348 1200 1 348 1201
306 48 325 1 47 324
307 359 730 1 359 730
308 417 787 1 418 786
309 269 1106 1 269 1107
310 350 1242 1 350 1244
311 440 751 1 440 750
312 189 267 1 188 263
313 500 141 1 501 130
314 639 60 1 642 44
315 376 847 1 376 847
316 664 75 1 668 64
317 263 871 1 262 872
318 529 1237 1 530 1241
319 137 192 1 137 190
320 269 597 1 269 597
321 429 388 1 429 386
322 339 1104 1 338 1106
323 547 306 1 548 301
324 420 415 1 421 412
325 331 499 1 331 498
326 227 371 1 227 367
327 333 954 1 332 955
328 591 225 1 593 218
329 555 800 1 556 800
330 229 826 1 228 825
331 283 535 1 282 533
332 330 1019 1 330 1020
333 228 853 1 226 853
334 306 1096 1 306 1095
335 303 764 1 303 763
336 438 1078 1 439 1079
337 296 1112 1 296 1113
338 349 250 1 349 248
339 592 860 1 595 859
340 559 108 1 564 98
341 395 327 1 395 324
342 477 298 1 478 292
343 391 404 1 390 402
344 264 942 1 264 944
345 368 960 1 368 960
346 75 560 1 74 559
347 309 156 1 308 152
348 360 1119 1 360 1120
349 85 712 1 84 712
350 501 282 1 503 275
351 338 885 1 338 886
352 466 368 1 466 365
353 105 958 1 103 958
354 127 280 1 126 278
355 356 1232 1 356 1234
356 290 800 1 289 800
357 369 312 1 369 310
358 535 755 1 536 754
359 91 799 1 90 799
360 160 890 1 159 890
361 348 1252 1 348 1253
362 533 287 1 535 279
363 274 920 1 273 920
364 321 1121 1 321 1122
365 209 798 1 208 798
366 579 273 1 580 265
367 364 997 1 364 998
368 351 1223 1 350 1225
369 368 585 1 368 584
370 393 599 1 389 601
371 395 1003 1 395 1004
372 460 325 1 460 322
373 239 818 1 238 818
374 78 311 1 77 309
375 629 932 1 632 933
376 242 1229 1 241 1230
377 369 371 1 369 368
378 245 906 1 243 905
379 547 758 1 549 757
380 253 985 1 252 985
381 146 557 1 146 557
382 329 881 1 328 881
383 366 1228 1 366 1230
384 354 578 1 354 578
385 333 514 1 333 513
386 292 906 1 292 906
387 679 1067 1 684 1072
388 336 1195 1 336 1196
389 385 325 1 385 322
390 428 1061 1 429 1062
391 359 976 1 359 977
392 505 597 1 506 595
393 343 972 1 342 972
394 382 575 1 382 574
395 45 151 1 44 149
396 398 481 1 398 479
397 251 926 1 251 926
398 182 717 1 181 717
399 249 56 1 247 51
400 421 592 1 421 592
401 374 408 1 374 406
402 541 1237 1 542 1241
403 593 284 1 596 277
404 291 511 1 291 510
405 445 826 1 445 826
406 529 582 1 530 580
407 94 932 1 93 932
408 350 1113 1 350 1114
409 396 571 1 396 570
410 608 707 1 611 705
411 302 899 1 302 899
412 328 788 1 328 788
413 252 974 1 252 974
414 394 469 1 394 467
415 589 711 1 591 709
416 258 1155 1 257 1157
417 283 548 1 283 547
418 317 733 1 316 732
419 421 541 1 421 540
420 357 1165 1 356 1166
421 156 688 1 155 688
422 250 418 1 250 416
423 250 389 1 249 387
424 461 157 1 461 146
425 426 470 1 426 469
426 233 569 1 232 568
427 333 930 1 333 931
428 398 1017 1 398 1019
429 85 1244 1 84 1245
430 77 394 1 76 393
431 434 730 1 435 729
432 483 238 1 483 232
433 492 119 1 493 108
434 150 710 1 149 710
435 189 931 1 188 933
436 252 1212 1 252 1213
437 484 1225 1 484 1229
438 339 151 1 339 148
439 467 234 1 467 230
440 269 1224 1 269 1225
441 275 853 1 275 854
442 339 1004 1 338 1005
443 576 807 1 579 806
444 419 568 1 419 567
445 546 70 1 549 56
446 518 589 1 520 586
447 311 1149 1 311 1150
448 311 1110 1 310 1110
449 409 36 1 408 29
450 303 780 1 302 780
451 245 222 1 244 220
452 417 404 1 419 401
453 238 434 1 237 433
454 553 462 1 555 458
455 100 1065 1 99 1065
456 116 893 1 115 893
457 335 756 1 335 756
458 167 674 1 166 674
459 342 1233 1 341 1235
460 324 1076 1 324 1076
461 306 991 1 306 991
462 96 1043 1 95 1043
463 331 1233 1 331 1234
464 310 802 1 309 802
465 348 588 1 348 588
466 32 416 1 31 415
467 545 161 1 546 153
468 271 888 1 270 888
469 82 499 1 81 497
470 260 310 1 259 308
471 50 482 1 49 481
472 393 723 1 393 723
473 238 417 1 237 416
474 590 908 1 593 909
475 213 131 1 212 126
476 325 810 1 324 810
477 577 198 1 579 190
478 187 297 1 186 292
479 461 1056 1 462 1058
480 36 573 1 34 572
481 242 946 1 242 947
482 334 1214 1 334 1216
483 226 1221 1 225 1223
484 249 702 1 248 701
485 312 1005 1 312 1006
486 243 828 1 243 828
487 268 838 1 266 838
488 580 901 1 582 901
489 228 582 1 227 581
490 279 464 1 279 463
491 43 418 1 42 417
492 435 828 1 435 828
493 367 1068 1 366 1069
494 263 954 1 263 955
495 328 993 1 328 994
496 290 934 1 290 935
497 331 1118 1 331 1119
498 337 1169 1 337 1170
499 312 788 1 312 788
500 406 1007 1 406 1008
501 172 1213 1 171 1214
502 619 28 1 622 11
503 188 277 1 186 273
504 37 622 1 36 621
505 171 1180 1 170 1181
506 282 983 1 281 983
507 537 140 1 538 129
508 229 1211 1 228 1213
509 355 1091 1 355 1092
510 302 789 1 302 789
511 267 904 1 266 905
512 298 1224 1 298 1225
513 489 732 1 490 731
514 162 1012 1 162 1011
515 136 1045 1 135 1045
516 317 835 1 317 835
517 370 1111 1 369 1112
518 421 826 1 421 826
519 110 1026 1 109 1026
520 329 911 1 328 912
521 321 1138 1 321 1139
522 409 849 1 408 849
523 521 739 1 522 738
524 40 262 1 39 260
525 346 1132 1 346 1133
526 292 850 1 292 850
527 259 915 1 258 916
528 45 160 1 44 158
529 223 96 1 221 92
530 51 713 1 50 712
531 365 396 1 365 393
532 591 171 1 593 163
533 263 1148 1 262 1148
534 77 1109 1 75 1109
535 238 495 1 238 494
536 326 1041 1 326 1043
537 521 944 1 522 945
538 406 372 1 406 368
539 509 560 1 510 558
540 578 1125 1 580 1128
541 428 1050 1 429 1052
542 328 1088 1 328 1089
543 447 905 1 447 905
544 295 1084 1 295 1084
545 292 1066 1 291 1067
546 542 768 1 544 767
547 231 464 1 231 463
548 61 816 1 60 816
549 323 955 1 323 955
550 450 375 1 451 373
551 604 496 1 607 492
552 302 1026 1 302 1027
553 406 780 1 406 780
554 567 939 1 570 940
555 608 861 1 611 861
556 33 465 1 33 464
557 575 230 1 577 223
558 268 581 1 267 580
559 340 1016 1 339 1016
560 213 786 1 212 786
561 258 503 1 257 501
562 326 778 1 325 777
563 275 967 1 274 968
564 458 352 1 458 350
565 236 478 1 235 477
566 257 521 1 256 520
567 188 894 1 187 894
568 289 877 1 288 877
569 268 263 1 267 261
570 544 747 1 546 746
571 589 1000 1 590 1003
572 547 471 1 549 468
573 93 979 1 91 979
574 196 360 1 196 359
575 231 505 1 231 504
576 305 79 1 304 74
577 291 524 1 291 523
578 41 754 1 40 753
579 505 499 1 506 495
580 485 762 1 486 762
581 529 806 1 530 806
582 238 399 1 237 397
583 332 1032 1 331 1032
584 41 313 1 40 312
585 272 287 1 272 284
586 280 1182 1 279 1184
587 423 1039 1 424 1040
588 237 371 1 237 369
589 282 1020 1 283 1020
590 617 815 1 620 815
591 308 743 1 308 743
592 36 552 1 35 551
593 339 784 1 339 784
594 382 1037 1 382 1037
595 319 1190 1 319 1191
596 36 595 1 36 595
597 229 596 1 229 594
598 85 1235 1 84 1236
599 628 705 1 631 703
600 424 1137 1 424 1138
601 688 107 1 692 96
602 591 1104 1 593 1108
603 505 531 1 506 529
604 607 762 1 610 761
605 345 1026 1 345 1026
606 406 768 1 406 768
607 38 659 1 37 659
608 510 797 1 511 796
609 240 598 1 239 597
610 401 828 1 401 828
611 268 510 1 268 509
612 603 1169 1 606 1174
613 509 271 1 511 264
614 56 658 1 55 657
615 302 1008 1 302 1009
616 375 986 1 375 987
617 317 979 1 316 979
618 147 408 1 146 406
619 248 566 1 247 565
620 271 305 1 270 303
621 74 57 1 73 55
622 53 752 1 52 752
623 386 446 1 386 446
624 311 968 1 311 968
625 403 814 1 403 814
626 355 1103 1 355 1104
627 315 931 1 315 932
628 418 248 1 418 244
629 344 1154 1 343 1154
630 100 893 1 99 893
631 550 951 1 552 952
632 185 635 1 184 634
633 591 200 1 593 191
634 364 1008 1 364 1009
635 261 1002 1 261 1003
636 320 766 1 319 765
637 288 232 1 288 230
638 57 972 1 56 973
639 528 122 1 529 112
640 565 354 1 567 348
641 431 1029 1 432 1031
642 241 546 1 241 545
643 312 922 1 312 922
644 143 55 1 142 54
645 335 747 1 334 746
646 387 499 1 387 497
647 73 1157 1 72 1158
648 191 948 1 190 950
649 367 240 1 367 236
650 591 761 1 594 760
651 314 778 1 314 778
652 259 826 1 258 827
653 213 434 1 212 433
654 216 601 1 215 600
655 220 530 1 220 530
656 353 951 1 353 951
657 301 543 1 300 542
658 196 1192 1 191 1193
659 554 719 1 555 717
660 386 373 1 386 370
661 271 1198 1 270 1199
662 248 964 1 247 964
663 288 894 1 287 894
664 126 1063 1 126 1064
665 563 802 1 565 802
666 39 707 1 38 706
667 38 83 1 37 81
668 59 873 1 58 873
669 212 718 1 211 717
670 240 616 1 240 616
671 185 1225 1 184 1227
672 276 864 1 275 864
673 484 1052 1 484 1053
674 519 441 1 520 438
675 333 1179 1 333 1180
676 374 1211 1 373 1212
