0 375 787 1 380 769
1 448 369 1 457 348
2 338 891 1 342 872
3 456 1112 1 458 1095
4 408 548 1 415 529
5 413 260 1 423 236
6 447 819 1 452 801
7 342 319 1 351 297
8 406 406 1 415 385
9 398 216 1 409 193
10 433 277 1 443 255
11 431 887 1 435 868
12 74 641 1 80 619
13 383 1090 1 385 1072
14 660 1010 1 666 995
15 71 574 1 78 552
16 402 312 1 411 290
17 163 1175 1 164 1153
18 520 265 1 532 242
19 455 935 1 458 918
20 408 536 1 415 517
21 69 477 1 76 454
22 621 179 1 634 152
23 423 50 1 435 25
24 407 273 1 417 251
25 70 679 1 75 657
26 138 638 1 144 618
27 472 1070 1 474 1054
28 372 647 1 380 633
29 392 615 1 399 596
30 535 303 1 546 280
31 653 903 1 660 887
32 365 789 1 370 770
33 134 334 1 143 312
34 63 516 1 70 494
35 450 887 1 454 870
36 144 709 1 149 689
37 402 339 1 412 317
38 450 415 1 458 395
39 95 1134 1 96 1112
40 76 621 1 82 599
41 373 1123 1 374 1106
42 165 1094 1 167 1073
43 409 588 1 417 569
44 403 325 1 412 304
45 413 793 1 418 775
46 427 898 1 432 879
47 395 593 1 402 573
48 340 976 1 343 957
49 449 836 1 454 817
50 474 1116 1 477 1099
51 78 727 1 82 706
52 398 550 1 405 531
53 533 262 1 544 240
54 82 809 1 86 788
55 532 249 1 544 225
56 245 884 1 249 863
57 382 971 1 385 952
58 136 573 1 143 552
59 67 408 1 74 386
60 395 363 1 404 341
61 662 931 1 669 916
62 396 575 1 403 556
63 109 350 1 118 327
64 401 301 1 411 280
65 434 306 1 445 285
66 450 1002 1 452 984
67 78 837 1 82 815
68 86 892 1 90 871
69 419 276 1 429 254
70 663 1021 1 669 1007
71 456 1099 1 458 1083
72 509 331 1 519 308
73 134 473 1 141 454
74 620 151 1 635 125
75 549 270 1 560 247
76 79 697 1 84 675
77 83 791 1 88 769
78 394 1102 1 396 1084
79 435 185 1 447 156
80 376 765 1 382 746
81 350 780 1 355 760
82 160 1134 1 161 1113
83 146 838 1 149 817
84 402 564 1 409 544
85 481 1093 1 483 1076
86 425 812 1 430 794
87 61 457 1 68 435
88 136 354 1 145 331
89 64 535 1 71 513
90 459 318 1 468 297
91 138 617 1 144 595
92 341 471 1 348 451
93 491 168 1 503 140
94 64 319 1 72 296
95 380 1081 1 382 1062
96 279 637 1 285 617
97 341 226 1 351 205
98 86 855 1 91 833
99 133 514 1 140 492
100 455 260 1 465 236
101 351 1047 1 352 1029
102 343 336 1 353 315
103 68 369 1 76 346
104 374 1175 1 375 1156
105 130 318 1 138 295
106 407 498 1 415 478
107 139 679 1 145 657
108 444 982 1 447 965
109 441 429 1 450 408
110 401 605 1 408 586
111 329 999 1 332 980
112 396 504 1 403 484
113 339 403 1 347 382
114 383 558 1 390 539
115 438 387 1 447 366
116 457 965 1 460 947
117 363 752 1 369 732
118 338 346 1 348 326
119 374 1223 1 375 1204
120 421 305 1 430 283
121 212 1081 1 211 1060
122 401 426 1 410 405
123 363 938 1 366 919
124 160 1149 1 162 1127
125 209 71 1 219 47
126 275 471 1 283 451
127 134 533 1 141 511
128 130 367 1 138 345
129 114 363 1 123 341
130 450 1011 1 453 995
131 435 921 1 440 903
132 338 930 1 341 911
133 461 1071 1 463 1054
134 271 618 1 278 597
135 131 455 1 139 433
136 58 350 1 66 328
137 655 914 1 661 898
138 416 875 1 420 856
139 530 331 1 541 308
140 624 190 1 638 163
141 407 616 1 413 597
142 389 525 1 396 505
143 139 696 1 145 675
144 103 1176 1 105 1154
145 502 243 1 513 219
146 416 895 1 420 877
147 452 344 1 462 323
148 434 932 1 438 916
149 142 727 1 147 706
150 371 1052 1 372 1034
151 415 389 1 425 367
152 471 1089 1 473 1072
153 392 1091 1 395 1073
154 57 300 1 65 277
155 100 1231 1 101 1208
156 443 973 1 446 955
157 455 443 1 463 423
158 95 1006 1 98 985
159 79 679 1 84 657
160 535 276 1 546 253
161 343 269 1 354 248
162 396 229 1 406 208
163 404 626 1 411 606
164 281 617 1 288 597
165 132 408 1 139 386
166 395 260 1 405 238
167 277 452 1 285 432
168 400 417 1 409 395
169 406 872 1 410 854
170 382 1001 1 385 982
171 339 451 1 347 430
172 459 1001 1 462 984
173 296 875 1 299 855
174 126 354 1 134 331
175 506 271 1 518 247
176 73 515 1 80 493
177 379 334 1 388 314
178 503 260 1 514 236
179 433 1073 1 436 1055
180 396 537 1 403 517
181 422 181 1 438 152
182 466 343 1 476 320
183 410 848 1 416 831
184 576 309 1 587 285
185 49 685 1 54 664
186 465 261 1 476 237
187 57 843 1 62 822
188 459 981 1 462 964
189 364 763 1 370 744
190 439 355 1 449 334
191 549 283 1 560 260
192 129 294 1 137 272
193 438 372 1 447 351
194 104 1150 1 105 1128
195 235 886 1 238 865
196 250 913 1 254 893
197 345 964 1 348 945
198 287 1131 1 288 1112
199 371 1066 1 372 1047
200 346 1024 1 349 1005
201 140 995 1 143 974
202 386 568 1 393 549
203 361 1181 1 362 1162
204 62 234 1 70 211
205 561 878 1 566 861
206 63 203 1 72 179
207 571 884 1 576 868
208 449 325 1 459 304
209 559 178 1 572 151
210 347 995 1 350 976
211 267 453 1 275 432
212 220 468 1 226 445
213 433 847 1 438 829
214 284 798 1 289 779
215 394 391 1 404 370
216 400 205 1 410 180
217 71 457 1 78 434
218 68 995 1 70 973
219 322 1196 1 323 1176
220 502 178 1 514 150
221 102 1196 1 104 1174
222 507 799 1 513 781
223 378 587 1 385 567
224 113 995 1 116 973
225 370 1194 1 371 1176
226 509 322 1 520 298
227 368 778 1 373 758
228 131 127 1 140 103
229 314 780 1 319 760
230 634 1104 1 639 1092
231 44 529 1 50 507
232 651 892 1 658 876
233 241 747 1 247 727
234 373 398 1 381 377
235 356 997 1 359 978
236 456 157 1 468 128
237 287 1146 1 288 1127
238 59 186 1 68 162
239 379 544 1 387 525
240 370 628 1 377 608
241 396 249 1 406 226
242 569 792 1 575 774
243 73 792 1 78 770
244 544 149 1 560 120
245 76 1139 1 77 1116
246 435 323 1 445 301
247 535 289 1 547 266
248 413 339 1 423 317
249 661 904 1 668 889
250 650 86 1 667 55
251 296 840 1 300 821
252 315 1050 1 318 1031
253 374 577 1 381 557
254 361 1053 1 363 1035
255 338 360 1 347 340
256 316 857 1 320 838
257 608 951 1 614 935
258 340 300 1 350 279
259 264 1014 1 266 994
260 547 226 1 560 201
261 67 300 1 75 277
262 338 423 1 346 403
263 499 227 1 510 201
264 88 946 1 92 925
265 373 869 1 378 851
266 57 124 1 67 100
267 295 860 1 299 840
268 509 138 1 522 110
269 505 764 1 511 746
270 322 770 1 327 750
271 315 1024 1 317 1005
272 364 206 1 375 181
273 69 698 1 74 676
274 574 297 1 586 274
275 225 849 1 229 829
276 110 1232 1 111 1209
277 577 196 1 590 171
278 578 261 1 590 237
279 355 789 1 360 771
280 246 851 1 250 831
281 482 323 1 492 300
282 393 373 1 402 351
283 432 151 1 446 123
284 82 913 1 86 892
285 104 1133 1 106 1111
286 413 820 1 418 801
287 309 1174 1 311 1154
288 383 1109 1 385 1091
289 297 850 1 301 830
290 245 617 1 251 597
291 336 808 1 340 789
292 521 332 1 532 310
293 330 955 1 332 936
294 348 1202 1 348 1182
295 179 293 1 187 268
296 344 512 1 351 492
297 63 149 1 72 125
298 243 784 1 248 764
299 58 370 1 65 348
300 350 1236 1 350 1216
301 39 363 1 47 341
302 355 764 1 360 745
303 61 81 1 70 57
304 269 1142 1 271 1122
305 353 315 1 362 293
306 435 784 1 441 765
307 180 305 1 188 281
308 485 179 1 497 152
309 373 881 1 377 862
310 260 907 1 264 887
311 126 230 1 136 207
312 263 632 1 269 612
313 419 422 1 428 402
314 340 1139 1 340 1120
315 534 341 1 545 319
316 645 114 1 662 87
317 323 534 1 330 514
318 218 408 1 226 385
319 331 989 1 334 970
320 550 832 1 556 814
321 225 862 1 229 841
322 275 570 1 282 549
323 329 1054 1 331 1034
324 224 888 1 228 868
325 411 449 1 420 428
326 299 798 1 304 778
327 439 1111 1 440 1094
328 296 1148 1 298 1128
329 338 285 1 347 264
330 588 890 1 594 873
331 385 362 1 394 341
332 466 333 1 476 310
333 381 439 1 389 418
334 262 978 1 265 959
335 366 993 1 370 975
336 668 96 1 685 66
337 307 1131 1 308 1110
338 68 597 1 74 575
339 297 194 1 307 170
340 414 626 1 420 607
341 361 1154 1 362 1135
342 80 749 1 85 728
343 489 317 1 500 294
344 563 302 1 575 279
345 336 920 1 339 901
346 455 402 1 464 381
347 520 321 1 532 298
348 117 318 1 125 295
349 285 834 1 290 815
350 530 787 1 536 769
351 87 836 1 91 814
352 157 926 1 160 905
353 272 955 1 274 935
354 322 1156 1 323 1137
355 205 834 1 209 813
356 363 1031 1 366 1012
357 361 618 1 368 599
358 395 1036 1 396 1018
359 449 360 1 458 338
360 235 853 1 239 833
361 68 349 1 76 326
362 626 961 1 632 947
363 359 407 1 368 385
364 300 977 1 303 958
365 542 789 1 548 771
366 251 1020 1 253 1000
367 139 594 1 146 573
368 326 915 1 329 896
369 347 612 1 354 593
370 325 549 1 333 529
371 290 941 1 293 921
372 677 1095 1 683 1083
373 338 1230 1 338 1211
374 375 361 1 384 339
375 428 1094 1 431 1076
376 358 1010 1 361 992
377 498 630 1 505 611
378 341 1006 1 344 987
379 375 609 1 382 589
380 35 190 1 43 167
381 390 515 1 397 495
382 249 961 1 252 941
383 177 753 1 182 732
384 236 96 1 245 71
385 365 443 1 373 422
386 620 101 1 636 69
387 580 319 1 592 296
388 284 546 1 291 526
389 441 858 1 446 840
390 521 615 1 529 595
391 91 969 1 94 948
392 350 1148 1 352 1129
393 389 605 1 396 586
394 602 738 1 610 720
395 300 934 1 303 914
396 324 822 1 328 803
397 251 1008 1 253 989
398 386 502 1 393 483
399 583 742 1 590 724
400 258 1192 1 259 1172
401 276 583 1 283 562
402 312 767 1 317 747
403 413 575 1 420 555
404 358 1200 1 359 1181
405 151 725 1 156 704
406 241 453 1 249 432
407 241 424 1 249 403
408 446 196 1 458 168
409 417 504 1 425 484
410 226 605 1 232 584
411 331 964 1 334 945
412 398 1051 1 399 1033
413 103 996 1 105 974
414 69 432 1 76 410
415 429 763 1 435 743
416 470 274 1 481 251
417 296 1130 1 298 1110
418 477 159 1 490 130
419 145 747 1 150 726
420 187 968 1 190 948
421 254 1249 1 254 1229
422 327 187 1 337 165
423 455 270 1 465 248
424 272 888 1 276 869
425 338 1038 1 340 1019
426 572 838 1 578 820
427 242 940 1 245 920
428 411 601 1 419 582
429 530 112 1 544 80
430 511 621 1 519 602
431 312 1184 1 313 1165
432 311 1145 1 312 1126
433 394 73 1 406 48
434 299 815 1 303 795
435 234 259 1 243 237
436 229 470 1 237 449
437 544 495 1 553 474
438 98 1103 1 101 1081
439 113 930 1 116 909
440 330 790 1 336 771
441 162 710 1 167 689
442 324 1111 1 326 1091
443 305 1025 1 307 1006
444 95 1081 1 97 1059
445 306 836 1 310 817
446 246 95 1 256 69
447 341 622 1 348 603
448 24 454 1 31 431
449 530 198 1 543 173
450 74 536 1 81 514
451 250 347 1 258 325
452 42 519 1 49 497
453 388 757 1 394 738
454 229 453 1 237 432
455 587 939 1 592 923
456 202 170 1 211 145
457 321 844 1 325 825
458 562 233 1 575 209
459 178 335 1 185 310
460 461 1089 1 463 1072
461 29 611 1 35 589
462 241 982 1 243 962
463 336 1250 1 336 1231
464 243 737 1 249 717
465 311 1040 1 313 1021
466 240 864 1 244 843
467 264 873 1 268 853
468 577 931 1 582 915
469 222 617 1 228 597
470 271 499 1 279 479
471 34 457 1 42 434
472 431 861 1 436 843
473 367 1103 1 368 1084
474 262 990 1 265 970
475 327 1028 1 329 1009
476 288 969 1 292 949
477 332 1153 1 333 1134
478 339 1205 1 339 1185
479 308 822 1 313 803
480 405 1040 1 408 1022
481 173 1251 1 174 1230
482 516 248 1 526 223
483 600 70 1 616 37
484 178 316 1 186 291
485 172 1218 1 172 1197
486 280 1018 1 283 998
487 522 178 1 534 151
488 230 1249 1 231 1228
489 355 1126 1 356 1107
490 298 823 1 302 804
491 265 940 1 268 920
492 270 1029 1 277 1010
493 485 764 1 490 746
494 161 1048 1 163 1027
495 135 1082 1 137 1061
496 314 869 1 318 850
497 370 1146 1 371 1127
498 417 860 1 422 841
499 109 1063 1 111 1042
500 327 946 1 329 926
501 322 1174 1 323 1154
502 406 882 1 409 864
503 516 770 1 522 752
504 30 301 1 38 277
505 347 1167 1 349 1148
506 289 884 1 293 865
507 34 199 1 43 176
508 210 136 1 220 111
509 46 750 1 51 728
510 356 431 1 364 410
511 577 208 1 589 183
512 263 1184 1 264 1164
513 75 1148 1 77 1125
514 577 235 1 589 211
515 231 531 1 237 510
516 326 1077 1 327 1058
517 519 976 1 523 959
518 396 406 1 405 385
519 501 593 1 509 574
520 579 1155 1 581 1141
521 428 1083 1 430 1066
522 328 1123 1 330 1104
523 444 937 1 448 919
524 295 1119 1 297 1100
525 292 1101 1 293 1082
526 537 799 1 544 782
527 223 500 1 230 479
528 57 853 1 61 832
529 321 989 1 324 970
530 440 410 1 449 389
531 594 529 1 604 508
532 302 1061 1 304 1042
533 402 813 1 406 795
534 565 970 1 570 954
535 604 891 1 610 875
536 26 503 1 33 481
537 561 266 1 574 242
538 261 616 1 267 595
539 339 1050 1 341 1031
540 209 822 1 213 801
541 250 538 1 257 517
542 322 812 1 326 792
543 273 1003 1 275 983
544 447 386 1 457 367
545 228 514 1 235 493
546 250 557 1 256 536
547 186 930 1 188 910
548 286 912 1 290 892
549 257 299 1 266 278
550 539 779 1 545 761
551 587 1030 1 590 1016
552 537 505 1 547 484
553 91 1017 1 93 995
554 187 397 1 195 375
555 224 541 1 231 520
556 292 117 1 302 93
557 284 559 1 291 539
558 37 791 1 41 769
559 496 532 1 505 511
560 481 794 1 486 776
561 525 838 1 530 820
562 229 435 1 237 413
563 331 1066 1 333 1047
564 32 352 1 40 329
565 421 156 1 431 129
566 281 1218 1 281 1199
567 423 1072 1 425 1055
568 228 407 1 236 386
569 283 1055 1 285 1035
570 613 845 1 619 829
571 303 778 1 308 758
572 29 589 1 35 567
573 334 818 1 339 798
574 381 1071 1 384 1052
575 321 1226 1 321 1206
576 30 633 1 36 611
577 223 631 1 229 610
578 621 736 1 629 718
579 425 1170 1 426 1152
580 670 145 1 686 118
581 591 1135 1 594 1120
582 497 564 1 505 544
583 601 793 1 609 776
584 344 1060 1 347 1041
585 402 801 1 406 783
586 32 697 1 37 675
587 506 829 1 512 811
588 233 633 1 239 612
589 398 861 1 402 843
590 260 545 1 268 525
591 605 1200 1 607 1186
592 497 308 1 508 284
593 50 695 1 55 673
594 301 1043 1 304 1024
595 359 196 1 370 172
596 374 1020 1 376 1002
597 259 954 1 260 932
598 314 1013 1 317 994
599 138 445 1 146 423
600 240 602 1 247 581
601 261 341 1 269 320
602 62 97 1 72 73
603 49 789 1 53 768
604 377 481 1 385 461
605 309 1002 1 312 983
606 400 847 1 404 829
607 356 1138 1 357 1119
608 313 966 1 316 947
609 406 283 1 416 261
610 345 1189 1 346 1169
611 97 931 1 100 909
612 548 982 1 552 966
613 179 670 1 184 650
614 363 1042 1 365 1024
615 260 1037 1 263 1018
616 315 800 1 320 780
617 277 269 1 286 247
618 55 1010 1 57 989
619 513 160 1 526 133
620 554 388 1 565 366
621 431 1062 1 433 1045
622 234 582 1 241 561
623 310 956 1 313 937
624 131 95 1 140 72
625 330 781 1 335 761
626 379 532 1 387 513
627 72 1196 1 74 1174
628 190 985 1 192 965
629 586 792 1 593 775
630 310 812 1 315 793
631 256 862 1 259 842
632 204 471 1 212 450
633 210 637 1 216 616
634 213 566 1 220 545
635 352 985 1 355 966
636 293 578 1 300 558
637 548 751 1 555 732
638 377 409 1 385 387
639 272 1235 1 272 1215
640 202 1232 1 203 1211
641 246 999 1 249 979
642 286 929 1 289 909
643 125 1101 1 128 1080
644 559 833 1 565 816
645 35 745 1 39 722
646 27 123 1 36 99
647 56 911 1 59 889
648 207 754 1 212 733
649 330 974 1 332 955
650 234 652 1 240 632
651 273 899 1 276 879
652 484 1084 1 486 1067
653 509 475 1 518 454
654 335 1215 1 336 1195
655 375 1246 1 376 1227
