0 393 754 1 377 768
1 464 336 1 455 350
2 414 183 1 406 195
3 357 857 1 340 872
4 475 1075 1 455 1093
5 422 240 1 414 253
6 425 515 1 413 529
7 465 785 1 450 801
8 429 228 1 420 239
9 358 287 1 349 298
10 422 373 1 412 386
11 151 444 1 139 454
12 449 244 1 441 257
13 450 852 1 433 867
14 92 609 1 78 619
15 402 1055 1 382 1071
16 676 971 1 661 993
17 89 543 1 76 552
18 417 280 1 408 292
19 184 1139 1 162 1152
20 536 233 1 528 246
21 473 900 1 455 917
22 425 503 1 413 517
23 86 446 1 74 455
24 635 147 1 629 159
25 668 867 1 654 886
26 436 259 1 427 272
27 88 648 1 73 657
28 491 1034 1 471 1052
29 419 572 1 406 586
30 359 235 1 351 249
31 410 582 1 397 596
32 551 271 1 543 284
33 383 755 1 368 769
34 150 303 1 141 313
35 80 485 1 68 494
36 468 852 1 451 869
37 390 611 1 376 628
38 163 677 1 147 688
39 418 306 1 409 319
40 466 383 1 455 396
41 116 1099 1 94 1111
42 94 589 1 80 599
43 393 1086 1 372 1104
44 186 1059 1 165 1072
45 427 555 1 414 569
46 418 293 1 409 306
47 431 759 1 416 774
48 446 863 1 430 878
49 412 560 1 399 573
50 156 608 1 142 618
51 359 941 1 341 956
52 467 801 1 451 816
53 493 1079 1 474 1097
54 97 695 1 81 705
55 415 517 1 402 532
56 548 230 1 541 244
57 101 777 1 84 787
58 547 216 1 540 229
59 265 850 1 247 863
60 401 936 1 382 951
61 154 542 1 141 552
62 84 377 1 72 386
63 412 330 1 401 343
64 678 894 1 664 914
65 413 542 1 401 556
66 125 319 1 116 328
67 417 268 1 408 282
68 450 273 1 442 286
69 469 966 1 450 983
70 98 805 1 80 815
71 106 859 1 88 870
72 435 243 1 427 256
73 679 982 1 664 1004
74 549 1231 1 528 1253
75 475 1062 1 455 1081
76 525 298 1 516 312
77 500 1056 1 480 1074
78 635 119 1 630 132
79 564 238 1 556 251
80 98 665 1 82 675
81 103 758 1 86 769
82 414 1065 1 394 1082
83 562 1231 1 541 1253
84 450 154 1 443 163
85 395 731 1 379 745
86 134 1234 1 110 1247
87 368 746 1 353 760
88 181 1099 1 159 1112
89 165 806 1 147 816
90 419 530 1 406 545
91 78 426 1 66 435
92 152 322 1 143 332
93 82 504 1 69 513
94 474 285 1 466 299
95 156 585 1 142 595
96 357 439 1 346 451
97 505 1220 1 484 1240
98 80 288 1 70 297
99 399 1045 1 380 1061
100 296 605 1 283 617
101 356 193 1 349 206
102 106 822 1 89 833
103 150 483 1 138 493
104 470 228 1 462 239
105 370 1012 1 350 1028
106 359 303 1 350 316
107 84 338 1 74 347
108 394 1138 1 373 1155
109 145 287 1 136 296
110 424 465 1 412 479
111 157 647 1 142 657
112 462 947 1 444 964
113 458 396 1 447 409
114 349 964 1 330 979
115 412 471 1 400 484
116 355 370 1 345 383
117 400 525 1 387 539
118 418 393 1 408 406
119 454 354 1 444 368
120 475 929 1 457 946
121 381 718 1 367 732
122 394 1185 1 373 1202
123 437 272 1 427 285
124 382 903 1 364 918
125 181 1114 1 160 1126
126 224 39 1 217 49
127 291 439 1 280 451
128 151 502 1 139 511
129 146 336 1 136 346
130 130 332 1 121 342
131 443 778 1 427 793
132 468 973 1 450 992
133 454 886 1 437 902
134 357 895 1 339 910
135 480 1034 1 460 1052
136 289 585 1 275 597
137 148 423 1 137 433
138 74 320 1 64 328
139 478 965 1 459 983
140 434 840 1 418 855
141 546 298 1 538 312
142 638 158 1 632 170
143 424 584 1 411 597
144 406 491 1 394 505
145 157 664 1 143 674
146 125 1140 1 103 1153
147 517 212 1 509 224
148 435 861 1 417 876
149 468 311 1 459 325
150 453 897 1 436 915
151 490 1051 1 470 1070
152 160 695 1 144 706
153 390 1016 1 370 1032
154 431 356 1 422 369
155 412 1055 1 392 1072
156 72 270 1 63 278
157 455 28 1 450 40
158 123 1194 1 99 1207
159 462 937 1 444 954
160 471 410 1 461 424
161 116 973 1 96 984
162 98 647 1 83 657
163 550 243 1 542 257
164 411 196 1 403 210
165 299 585 1 285 597
166 147 376 1 137 386
167 411 228 1 402 240
168 294 420 1 283 432
169 425 838 1 408 853
170 234 1046 1 209 1059
171 401 965 1 383 981
172 356 418 1 345 431
173 589 265 1 581 278
174 315 841 1 297 854
175 142 322 1 132 332
176 522 240 1 514 252
177 354 314 1 345 326
178 90 484 1 78 493
179 395 301 1 386 315
180 519 228 1 510 240
181 452 1036 1 433 1053
182 413 503 1 401 517
183 671 876 1 656 897
184 414 170 1 407 183
185 407 1233 1 385 1250
186 482 311 1 473 323
187 591 276 1 583 289
188 68 654 1 53 663
189 481 229 1 473 241
190 77 811 1 60 821
191 477 946 1 459 963
192 383 730 1 367 744
193 455 322 1 446 336
194 564 251 1 556 264
195 144 263 1 135 272
196 454 339 1 444 353
197 126 1115 1 104 1127
198 255 852 1 236 865
199 364 930 1 345 944
200 307 1096 1 286 1111
201 390 1030 1 370 1046
202 366 989 1 347 1004
203 403 535 1 390 549
204 381 1144 1 360 1161
205 76 203 1 68 212
206 578 842 1 563 860
207 78 171 1 70 180
208 588 848 1 572 866
209 465 292 1 456 306
210 573 147 1 568 158
211 366 960 1 347 975
212 284 421 1 273 432
213 451 813 1 436 829
214 303 765 1 287 778
215 410 359 1 401 372
216 506 134 1 499 146
217 88 426 1 76 435
218 89 961 1 69 972
219 342 1159 1 321 1175
220 517 147 1 510 157
221 125 1160 1 102 1173
222 592 229 1 585 242
223 525 764 1 509 780
224 395 554 1 383 567
225 134 961 1 114 972
226 145 95 1 138 105
227 390 1157 1 368 1174
228 524 290 1 517 303
229 386 744 1 371 758
230 333 747 1 317 760
231 650 1062 1 633 1087
232 61 498 1 48 507
233 667 855 1 653 875
234 389 365 1 379 378
235 376 962 1 357 977
236 471 127 1 464 136
237 307 1111 1 286 1126
238 73 155 1 66 163
239 396 511 1 384 525
240 161 961 1 141 973
241 411 216 1 403 229
242 586 757 1 572 774
243 93 760 1 76 770
244 559 117 1 555 128
245 98 1104 1 76 1115
246 451 290 1 442 303
247 551 257 1 544 270
248 429 306 1 421 319
249 525 1235 1 504 1256
250 664 55 1 661 65
251 315 807 1 298 820
252 335 1015 1 316 1030
253 392 543 1 379 557
254 236 436 1 225 446
255 354 328 1 344 340
256 335 823 1 318 838
257 625 913 1 609 934
258 355 267 1 347 280
259 284 979 1 264 993
260 563 194 1 556 206
261 294 935 1 274 948
262 82 269 1 73 278
263 354 390 1 344 403
264 514 195 1 507 206
265 109 913 1 90 924
266 392 835 1 375 850
267 71 93 1 65 101
268 314 826 1 297 840
269 109 1240 1 84 1252
270 523 729 1 508 746
271 341 736 1 325 750
272 335 989 1 315 1004
273 449 123 1 443 131
274 380 175 1 372 185
275 88 666 1 72 676
276 243 816 1 227 828
277 133 1195 1 109 1208
278 592 164 1 586 176
279 374 756 1 358 770
280 497 291 1 488 304
281 409 340 1 399 353
282 260 715 1 245 727
283 103 880 1 84 891
284 126 1098 1 104 1110
285 431 785 1 416 801
286 330 1138 1 308 1153
287 403 1072 1 382 1089
288 316 816 1 299 830
289 262 585 1 249 597
290 354 774 1 338 788
291 536 300 1 528 313
292 349 921 1 330 935
293 368 1165 1 346 1181
294 195 262 1 186 271
295 360 479 1 349 492
296 84 591 1 69 601
297 77 117 1 70 126
298 262 751 1 246 763
299 74 339 1 64 348
300 370 1197 1 348 1214
301 55 333 1 45 341
302 373 730 1 357 745
303 74 49 1 68 58
304 289 1107 1 268 1121
305 368 283 1 359 295
306 453 750 1 438 765
307 428 815 1 413 830
308 196 275 1 186 283
309 500 149 1 494 159
310 380 1018 1 360 1033
311 392 846 1 375 861
312 141 199 1 133 208
313 280 600 1 267 612
314 266 1228 1 243 1243
315 360 1104 1 338 1119
316 550 308 1 542 322
317 611 496 1 600 510
318 340 501 1 328 514
319 401 330 1 392 343
320 351 954 1 331 969
321 567 796 1 552 814
322 244 828 1 227 840
323 293 537 1 280 549
324 349 1019 1 329 1033
325 243 854 1 226 867
326 427 416 1 417 430
327 318 764 1 301 778
328 457 1074 1 438 1092
329 317 1112 1 296 1127
330 353 252 1 345 265
331 605 854 1 590 872
332 421 594 1 408 607
333 234 377 1 224 386
334 482 301 1 473 313
335 398 407 1 387 420
336 386 958 1 367 974
337 681 65 1 679 76
338 327 1096 1 306 1109
339 86 566 1 73 575
340 312 162 1 305 173
341 523 109 1 518 118
342 380 1117 1 359 1133
343 99 717 1 83 727
344 505 285 1 497 298
345 579 270 1 571 283
346 355 885 1 337 900
347 472 369 1 461 383
348 536 290 1 528 302
349 133 287 1 123 296
350 304 801 1 288 814
351 692 1052 1 676 1078
352 548 752 1 533 769
353 107 803 1 89 814
354 177 893 1 158 905
355 291 920 1 272 934
356 342 1120 1 321 1136
357 224 801 1 207 813
358 383 996 1 364 1011
359 379 585 1 365 599
360 196 1238 1 171 1251
361 414 1000 1 394 1017
362 465 326 1 456 340
363 255 820 1 237 833
364 84 319 1 75 327
365 643 924 1 627 945
366 436 390 1 425 404
367 376 374 1 365 387
368 320 942 1 301 957
369 559 754 1 545 771
370 271 985 1 252 999
371 157 562 1 144 573
372 345 881 1 327 895
373 270 878 1 252 892
374 365 579 1 352 593
375 343 516 1 330 529
376 309 907 1 291 920
377 208 935 1 189 947
378 359 1193 1 336 1210
379 391 329 1 382 341
380 448 1057 1 428 1074
381 377 975 1 358 991
382 515 596 1 502 611
383 361 971 1 342 986
384 392 576 1 379 589
385 49 159 1 41 167
386 406 482 1 394 495
387 269 926 1 250 940
388 195 721 1 180 732
389 250 63 1 243 73
390 381 411 1 370 424
391 318 1222 1 294 1238
392 633 70 1 630 79
393 596 287 1 588 300
394 301 513 1 289 526
395 460 824 1 443 839
396 538 581 1 526 596
397 112 936 1 92 947
398 371 1112 1 349 1128
399 406 572 1 394 586
400 618 703 1 605 720
401 319 899 1 301 913
402 342 789 1 326 802
403 270 973 1 252 988
404 402 469 1 391 483
405 599 707 1 586 724
406 293 551 1 280 563
407 331 734 1 314 747
408 430 542 1 418 555
409 378 1162 1 356 1179
410 169 692 1 154 703
411 282 943 1 264 958
412 258 421 1 247 433
413 257 392 1 246 404
414 462 165 1 455 175
415 433 471 1 422 485
416 244 573 1 230 584
417 350 930 1 332 945
418 417 1015 1 397 1032
419 124 962 1 103 973
420 85 401 1 74 410
421 447 729 1 433 743
422 485 242 1 478 254
423 317 1094 1 296 1109
424 492 128 1 486 138
425 164 715 1 148 726
426 341 154 1 334 167
427 470 237 1 462 250
428 436 281 1 427 295
429 291 854 1 274 868
430 357 1004 1 338 1018
431 589 802 1 574 820
432 261 906 1 243 920
433 429 568 1 416 582
434 544 82 1 540 90
435 37 333 1 26 342
436 248 1220 1 226 1236
437 528 587 1 515 603
438 332 1148 1 311 1164
439 306 973 1 287 987
440 331 1109 1 310 1124
441 408 39 1 403 52
442 317 781 1 301 794
443 248 227 1 241 238
444 355 1234 1 332 1250
445 246 438 1 235 449
446 560 462 1 550 477
447 120 1068 1 99 1080
448 349 757 1 333 771
449 180 678 1 165 689
450 344 1075 1 324 1090
451 325 991 1 305 1005
452 116 1046 1 95 1058
453 397 1234 1 374 1251
454 325 803 1 308 816
455 359 589 1 346 603
456 389 1224 1 367 1243
457 545 167 1 539 179
458 34 269 1 25 277
459 92 505 1 79 514
460 265 314 1 256 326
461 60 489 1 47 497
462 406 723 1 391 737
463 604 902 1 588 921
464 217 138 1 209 147
465 339 811 1 323 825
466 578 218 1 571 230
467 194 304 1 184 312
468 480 1052 1 461 1070
469 47 580 1 33 589
470 261 947 1 242 961
471 356 1213 1 334 1229
472 262 705 1 247 717
473 331 1006 1 311 1020
474 259 830 1 242 843
475 37 318 1 27 326
476 113 957 1 93 969
477 283 839 1 266 853
478 594 895 1 578 913
479 239 585 1 226 597
480 287 1223 1 264 1239
481 288 465 1 276 479
482 52 426 1 40 434
483 450 826 1 433 842
484 386 1067 1 366 1083
485 346 993 1 327 1008
486 41 434 1 29 443
487 352 1117 1 331 1132
488 359 1167 1 337 1184
489 327 788 1 311 802
490 425 1004 1 405 1020
491 531 215 1 523 227
492 613 40 1 610 48
493 194 285 1 184 294
494 193 1180 1 171 1195
495 299 983 1 281 997
496 536 147 1 530 158
497 252 1211 1 229 1227
498 375 1090 1 354 1106
499 316 790 1 300 804
500 284 905 1 266 919
501 502 730 1 487 746
502 182 1013 1 161 1026
503 156 1047 1 135 1060
504 333 835 1 316 849
505 390 1109 1 369 1125
506 436 825 1 419 840
507 130 1029 1 109 1041
508 346 911 1 327 926
509 397 96 1 390 109
510 343 1137 1 321 1153
511 424 847 1 407 863
512 533 736 1 519 752
513 46 270 1 36 278
514 367 1131 1 346 1147
515 49 168 1 41 177
516 224 104 1 218 114
517 65 719 1 49 728
518 372 399 1 362 411
519 38 343 1 27 351
520 591 175 1 585 188
521 284 1148 1 262 1162
522 98 1112 1 75 1124
523 247 499 1 235 510
524 34 236 1 25 244
525 346 1041 1 325 1056
526 537 939 1 520 958
527 412 374 1 402 387
528 518 560 1 506 574
529 208 1226 1 184 1240
530 596 1115 1 577 1137
531 447 1047 1 428 1064
532 348 1087 1 327 1103
533 463 902 1 445 918
534 315 1084 1 294 1098
535 311 1066 1 291 1081
536 555 764 1 540 781
537 240 468 1 228 480
538 34 279 1 25 288
539 77 821 1 59 831
540 341 955 1 322 969
541 456 377 1 446 390
542 34 222 1 25 230
543 29 72 1 22 81
544 322 1025 1 302 1041
545 578 202 1 570 214
546 583 933 1 566 952
547 621 854 1 606 874
548 283 954 1 263 969
549 43 472 1 31 481
550 394 924 1 375 939
551 279 583 1 265 595
552 358 1015 1 339 1030
553 228 789 1 211 801
554 267 506 1 255 518
555 340 778 1 324 791
556 293 968 1 273 982
557 464 354 1 454 368
558 245 482 1 233 493
559 267 524 1 254 536
560 205 897 1 187 909
561 305 878 1 287 891
562 272 267 1 264 278
563 557 744 1 542 761
564 604 992 1 586 1013
565 554 471 1 543 486
566 111 983 1 91 994
567 203 365 1 193 376
568 241 508 1 229 520
569 306 84 1 299 95
570 301 526 1 288 539
571 56 760 1 40 769
572 513 498 1 501 513
573 498 760 1 483 776
574 542 802 1 527 819
575 351 1031 1 331 1046
576 48 321 1 38 329
577 435 125 1 428 135
578 302 1181 1 279 1197
579 442 1036 1 423 1053
580 244 375 1 234 386
581 303 1019 1 283 1034
582 630 809 1 615 828
583 322 745 1 306 758
584 47 558 1 33 567
585 353 784 1 337 798
586 401 1035 1 381 1051
587 342 1189 1 319 1205
588 49 602 1 34 611
589 241 599 1 227 610
590 34 257 1 26 266
591 637 701 1 624 719
592 444 1133 1 423 1150
593 685 112 1 681 125
594 608 1095 1 590 1117
595 514 531 1 502 545
596 618 757 1 604 775
597 364 1025 1 344 1040
598 420 767 1 404 783
599 51 666 1 36 675
600 524 794 1 508 810
601 251 600 1 237 612
602 416 827 1 400 842
603 278 513 1 265 525
604 622 1158 1 603 1182
605 513 276 1 505 288
606 69 664 1 53 673
607 321 1009 1 302 1023
608 374 163 1 367 175
609 393 985 1 374 1001
610 278 920 1 258 931
611 334 978 1 315 993
612 154 413 1 143 423
613 258 570 1 245 581
614 277 309 1 267 320
615 75 66 1 69 74
616 68 757 1 52 767
617 394 447 1 383 461
618 329 968 1 310 982
619 418 813 1 401 828
620 376 1102 1 355 1117
621 333 931 1 314 946
622 422 250 1 414 263
623 365 1152 1 343 1168
624 118 898 1 98 908
625 198 638 1 182 649
626 383 1007 1 363 1022
627 280 1002 1 261 1017
628 334 766 1 318 780
629 293 236 1 284 248
630 77 976 1 56 988
631 527 129 1 522 140
632 570 355 1 561 369
633 450 1025 1 431 1043
634 252 549 1 239 561
635 329 922 1 311 936
636 145 64 1 138 73
637 645 111 1 640 122
638 348 747 1 333 761
639 396 500 1 384 513
640 95 1160 1 72 1173
641 210 951 1 190 964
642 603 757 1 589 774
643 35 247 1 26 255
644 275 828 1 257 841
645 222 439 1 210 450
646 229 604 1 214 616
647 231 534 1 218 546
648 371 950 1 353 965
649 311 546 1 298 558
650 565 716 1 551 732
651 393 376 1 383 389
652 293 1197 1 270 1213
653 224 1195 1 201 1209
654 266 964 1 247 978
655 305 895 1 287 908
656 147 1066 1 126 1079
657 576 798 1 561 815
658 54 713 1 37 722
659 41 92 1 34 100
660 36 307 1 26 315
661 76 878 1 57 888
662 226 721 1 210 733
663 349 938 1 330 954
664 252 619 1 238 631
665 292 865 1 274 878
666 300 1225 1 276 1240
667 526 442 1 515 456
668 355 1178 1 333 1194
669 395 1207 1 373 1225
