0 409 765 1 375 767
1 478 349 1 452 351
2 427 196 1 404 197
3 374 869 1 337 871
4 492 1085 1 453 1091
5 436 253 1 411 254
6 440 527 1 410 529
7 495 1034 1 456 1039
8 482 796 1 447 800
9 442 241 1 418 242
10 372 300 1 346 299
11 437 386 1 410 387
12 167 458 1 137 454
13 462 257 1 438 258
14 466 863 1 430 866
15 109 622 1 76 618
16 420 1066 1 380 1069
17 691 977 1 656 988
18 106 556 1 74 552
19 431 293 1 406 293
20 202 1151 1 160 1151
21 548 246 1 525 249
22 490 910 1 453 915
23 440 515 1 410 517
24 102 460 1 72 455
25 645 161 1 625 164
26 683 874 1 649 883
27 450 272 1 425 273
28 105 661 1 71 657
29 564 284 1 539 286
30 508 1044 1 469 1049
31 434 583 1 403 586
32 373 248 1 349 249
33 400 767 1 365 768
34 165 317 1 138 313
35 97 499 1 66 494
36 485 863 1 448 867
37 179 690 1 145 688
38 432 319 1 406 320
39 480 395 1 453 396
40 134 1112 1 93 1110
41 377 951 1 338 954
42 111 603 1 78 599
43 411 1097 1 370 1101
44 204 1071 1 163 1070
45 442 567 1 411 569
46 432 306 1 407 307
47 448 770 1 413 774
48 462 874 1 427 877
49 428 572 1 397 573
50 172 621 1 140 617
51 483 812 1 449 815
52 511 1089 1 471 1094
53 114 708 1 79 705
54 430 529 1 399 532
55 560 243 1 537 246
56 118 790 1 82 787
57 560 229 1 536 232
58 282 862 1 245 862
59 418 946 1 380 949
60 99 392 1 71 386
61 431 1075 1 392 1079
62 693 901 1 659 911
63 428 555 1 398 556
64 141 333 1 114 328
65 431 282 1 405 283
66 464 286 1 439 288
67 485 976 1 447 981
68 115 817 1 78 814
69 124 872 1 86 870
70 449 256 1 424 258
71 694 988 1 659 1000
72 566 1239 1 525 1248
73 492 1072 1 453 1078
74 538 311 1 513 314
75 517 1066 1 477 1072
76 645 134 1 625 137
77 576 251 1 553 254
78 115 678 1 81 675
79 120 771 1 84 768
80 579 1239 1 538 1248
81 462 170 1 441 168
82 411 743 1 377 745
83 152 1246 1 108 1245
84 385 758 1 350 759
85 199 1111 1 157 1110
86 182 818 1 146 815
87 434 542 1 404 545
88 459 1021 1 420 1027
89 94 440 1 64 435
90 167 337 1 141 332
91 98 518 1 67 513
92 488 298 1 463 300
93 172 598 1 140 595
94 372 451 1 343 451
95 523 1228 1 481 1236
96 95 303 1 68 297
97 417 1056 1 377 1059
98 313 617 1 281 617
99 370 206 1 346 206
100 171 556 1 139 552
101 124 835 1 87 832
102 166 496 1 136 493
103 483 241 1 459 242
104 388 1023 1 348 1026
105 374 316 1 348 316
106 100 353 1 72 347
107 412 1149 1 371 1152
108 160 301 1 134 296
109 439 477 1 410 479
110 174 660 1 140 657
111 479 957 1 442 962
112 472 408 1 445 410
113 366 975 1 328 978
114 428 483 1 398 484
115 370 383 1 342 383
116 415 537 1 385 539
117 433 405 1 405 407
118 468 367 1 442 369
119 492 939 1 455 944
120 398 730 1 364 731
121 412 1196 1 371 1200
122 451 285 1 425 286
123 399 915 1 361 917
124 199 1126 1 158 1125
125 238 55 1 215 51
126 307 452 1 278 451
127 167 515 1 137 511
128 161 350 1 134 346
129 146 346 1 119 342
130 459 788 1 425 792
131 471 897 1 435 901
132 374 907 1 337 909
133 497 1044 1 458 1050
134 305 598 1 273 597
135 164 437 1 135 434
136 90 334 1 63 329
137 495 976 1 457 981
138 451 850 1 415 854
139 559 311 1 534 314
140 648 171 1 628 174
141 421 504 1 391 505
142 174 677 1 140 674
143 143 1152 1 101 1151
144 529 225 1 506 227
145 482 324 1 456 326
146 441 848 1 405 852
147 507 1062 1 468 1068
148 177 708 1 142 705
149 447 825 1 411 829
150 425 594 1 394 595
151 446 368 1 419 369
152 425 343 1 399 344
153 429 1066 1 390 1071
154 88 285 1 61 278
155 468 43 1 447 43
156 141 1206 1 97 1206
157 436 595 1 408 597
158 479 947 1 441 952
159 486 422 1 458 425
160 406 1027 1 368 1030
161 134 985 1 94 983
162 452 870 1 415 875
163 114 661 1 81 657
164 563 256 1 539 259
165 424 210 1 401 211
166 315 597 1 283 597
167 163 390 1 135 386
168 424 241 1 400 241
169 309 433 1 281 432
170 418 976 1 381 979
171 371 430 1 342 431
172 601 278 1 577 281
173 332 852 1 295 853
174 158 337 1 130 332
175 534 253 1 511 255
176 368 326 1 343 327
177 106 498 1 76 493
178 410 314 1 383 315
179 468 823 1 433 827
180 531 242 1 507 244
181 469 1046 1 431 1051
182 428 515 1 398 517
183 686 884 1 651 894
184 425 185 1 405 184
185 425 1243 1 382 1248
186 495 323 1 470 325
187 603 289 1 579 292
188 85 667 1 51 663
189 493 242 1 470 244
190 95 824 1 58 821
191 494 956 1 457 961
192 399 741 1 365 743
193 469 334 1 443 337
194 576 264 1 553 267
195 159 277 1 133 273
196 468 352 1 442 354
197 144 1127 1 102 1126
198 381 941 1 343 943
199 324 1108 1 284 1109
200 408 1042 1 368 1044
201 383 1000 1 345 1002
202 419 548 1 388 549
203 398 1155 1 358 1159
204 92 218 1 66 212
205 594 851 1 559 858
206 271 864 1 234 863
207 93 187 1 68 181
208 603 857 1 569 864
209 479 305 1 453 307
210 584 161 1 564 163
211 383 971 1 345 974
212 299 433 1 270 432
213 319 777 1 285 777
214 425 371 1 398 372
215 518 150 1 496 151
216 104 440 1 75 435
217 106 974 1 67 971
218 360 1171 1 319 1173
219 528 162 1 507 162
220 143 1172 1 100 1171
221 604 242 1 581 245
222 540 774 1 506 779
223 469 911 1 433 913
224 411 566 1 380 567
225 151 973 1 112 971
226 159 111 1 136 105
227 408 1168 1 366 1172
228 537 303 1 513 305
229 402 756 1 368 757
230 349 759 1 315 759
231 77 512 1 46 507
232 681 862 1 648 872
233 403 378 1 376 379
234 393 973 1 355 975
235 483 143 1 461 142
236 325 1123 1 284 1124
237 88 170 1 64 164
238 179 974 1 139 972
239 425 230 1 401 230
240 601 766 1 568 773
241 110 773 1 74 769
242 570 132 1 551 133
243 116 1116 1 74 1114
244 465 303 1 440 304
245 563 269 1 540 272
246 443 319 1 418 320
247 542 1243 1 501 1251
248 673 70 1 655 72
249 331 819 1 296 819
250 352 1027 1 313 1028
251 407 556 1 376 557
252 251 449 1 223 447
253 368 341 1 342 340
254 352 835 1 316 837
255 640 921 1 605 931
256 370 280 1 344 280
257 301 990 1 263 991
258 574 208 1 552 210
259 311 945 1 272 947
260 98 284 1 71 278
261 369 403 1 341 403
262 526 209 1 503 210
263 127 925 1 88 923
264 409 846 1 373 849
265 86 109 1 63 102
266 331 838 1 295 839
267 127 1252 1 82 1251
268 538 740 1 505 745
269 357 748 1 322 749
270 352 1001 1 313 1002
271 300 954 1 262 956
272 461 139 1 440 137
273 393 189 1 370 188
274 105 679 1 71 676
275 151 1207 1 107 1206
276 604 178 1 582 180
277 390 768 1 355 770
278 510 304 1 485 306
279 424 353 1 397 354
280 277 727 1 242 726
281 120 893 1 82 890
282 143 1110 1 102 1109
283 448 796 1 413 800
284 347 1149 1 306 1151
285 420 1082 1 380 1087
286 333 828 1 297 829
287 278 597 1 247 596
288 371 786 1 336 787
289 549 312 1 525 315
290 366 932 1 328 934
291 386 1176 1 344 1179
292 210 277 1 184 272
293 376 491 1 346 492
294 100 604 1 68 601
295 91 133 1 68 126
296 279 763 1 244 763
297 90 354 1 62 348
298 388 1209 1 346 1212
299 71 348 1 43 341
300 389 742 1 355 744
301 89 65 1 66 59
302 307 1119 1 266 1120
303 383 296 1 357 296
304 469 762 1 435 764
305 211 289 1 184 284
306 512 163 1 490 163
307 397 1029 1 358 1032
308 409 858 1 373 860
309 261 838 1 225 839
310 156 214 1 131 209
311 297 613 1 265 612
312 284 1239 1 241 1241
313 377 1115 1 336 1117
314 563 320 1 538 324
315 355 514 1 325 514
316 415 343 1 389 344
317 368 966 1 329 967
318 583 805 1 549 812
319 309 550 1 278 549
320 366 1030 1 327 1032
321 260 866 1 224 866
322 442 428 1 414 431
323 334 777 1 299 777
324 475 1084 1 435 1089
325 334 1124 1 293 1125
326 367 265 1 342 265
327 621 862 1 586 870
328 400 1017 1 361 1020
329 495 314 1 470 315
330 412 419 1 384 420
331 403 969 1 365 972
332 690 81 1 673 83
333 345 1107 1 304 1108
334 103 579 1 71 575
335 326 177 1 303 175
336 534 124 1 514 124
337 398 1129 1 357 1132
338 116 730 1 81 727
339 591 282 1 567 286
340 372 897 1 335 899
341 486 382 1 459 384
342 548 302 1 525 305
343 148 301 1 121 296
344 317 526 1 286 526
345 321 813 1 286 814
346 563 762 1 530 768
347 124 816 1 88 813
348 194 905 1 156 904
349 308 931 1 271 933
350 360 1132 1 318 1134
351 242 812 1 206 812
352 400 1007 1 361 1009
353 394 597 1 363 598
354 214 1250 1 169 1249
355 431 1010 1 392 1015
356 272 832 1 236 832
357 100 333 1 73 327
358 657 931 1 622 941
359 450 403 1 422 404
360 390 387 1 363 388
361 337 953 1 299 955
362 575 764 1 542 770
363 288 996 1 250 997
364 173 575 1 142 573
365 362 892 1 325 894
366 287 890 1 250 891
367 381 592 1 349 592
368 358 528 1 328 529
369 326 918 1 289 919
370 225 946 1 187 945
371 376 1205 1 334 1208
372 405 342 1 379 342
373 465 1067 1 426 1072
374 394 986 1 356 989
375 378 982 1 340 985
376 408 588 1 377 589
377 64 175 1 39 168
378 422 494 1 392 495
379 286 938 1 248 939
380 263 79 1 241 75
381 396 424 1 368 424
382 336 1234 1 292 1236
383 643 86 1 625 87
384 608 300 1 584 303
385 476 835 1 441 838
386 553 592 1 523 596
387 130 948 1 91 946
388 388 1123 1 347 1126
389 422 584 1 391 586
390 632 712 1 601 719
391 336 911 1 299 912
392 447 141 1 425 140
393 664 1065 1 627 1081
394 359 800 1 324 801
395 418 482 1 388 483
396 614 716 1 582 723
397 309 563 1 278 563
398 347 746 1 312 746
399 446 554 1 415 555
400 396 1174 1 354 1177
401 186 705 1 152 703
402 273 434 1 245 433
403 272 406 1 244 404
404 474 180 1 452 179
405 448 483 1 419 485
406 260 585 1 228 584
407 368 941 1 330 943
408 434 1025 1 395 1030
409 142 974 1 101 972
410 101 415 1 72 410
411 463 740 1 430 742
412 499 255 1 475 257
413 334 1106 1 294 1108
414 504 143 1 483 143
415 181 728 1 146 725
416 355 168 1 332 167
417 484 250 1 459 251
418 450 294 1 424 296
419 55 406 1 26 400
420 308 866 1 272 867
421 375 1015 1 336 1017
422 604 811 1 571 818
423 279 918 1 241 918
424 444 580 1 413 582
425 554 98 1 536 97
426 52 348 1 24 342
427 267 1232 1 224 1233
428 543 598 1 512 602
429 350 1160 1 308 1162
430 323 984 1 285 986
431 348 1121 1 308 1123
432 421 54 1 400 54
433 334 793 1 299 794
434 263 241 1 238 238
435 374 1246 1 330 1248
436 261 451 1 232 449
437 574 473 1 546 477
438 138 1080 1 97 1078
439 365 769 1 331 770
440 197 690 1 163 689
441 362 1086 1 321 1089
442 342 1002 1 303 1004
443 134 1058 1 93 1057
444 415 1244 1 372 1248
445 341 814 1 306 815
446 374 602 1 343 602
447 407 1235 1 364 1240
448 557 181 1 535 182
449 50 284 1 23 277
450 108 518 1 77 514
451 261 827 1 226 827
452 279 328 1 254 326
453 400 955 1 362 958
454 76 503 1 45 497
455 422 735 1 389 737
456 620 910 1 584 918
457 231 153 1 208 149
458 356 822 1 321 824
459 590 231 1 567 234
460 209 318 1 182 314
461 497 1062 1 458 1068
462 64 594 1 31 589
463 278 957 1 240 960
464 375 1224 1 332 1227
465 278 717 1 244 716
466 348 1017 1 309 1019
467 276 842 1 240 842
468 52 332 1 25 326
469 131 969 1 91 968
470 240 769 1 205 769
471 610 903 1 574 911
472 256 598 1 224 597
473 305 1234 1 262 1237
474 303 478 1 274 479
475 68 440 1 38 434
476 466 837 1 431 841
477 404 1078 1 364 1081
478 364 1005 1 325 1006
479 57 449 1 27 443
480 369 1128 1 329 1130
481 377 1179 1 335 1182
482 343 800 1 308 801
483 543 229 1 519 231
484 622 57 1 605 57
485 209 299 1 183 295
486 211 1192 1 169 1193
487 317 994 1 279 996
488 548 162 1 527 163
489 270 1223 1 227 1224
490 392 1101 1 352 1104
491 333 802 1 298 803
492 604 232 1 581 235
493 258 1250 1 214 1251
494 518 740 1 485 745
495 199 1026 1 159 1025
496 174 1059 1 133 1058
497 349 847 1 314 848
498 408 1120 1 367 1124
499 452 836 1 417 839
500 148 1041 1 107 1039
501 363 923 1 325 924
502 410 110 1 388 110
503 360 1149 1 319 1151
504 281 829 1 245 830
505 440 858 1 404 862
506 549 746 1 516 751
507 61 285 1 35 279
508 385 1143 1 344 1145
509 64 184 1 39 177
510 239 120 1 216 116
511 83 732 1 47 728
512 387 411 1 359 411
513 53 357 1 25 351
514 603 189 1 581 192
515 302 1160 1 260 1161
516 116 1125 1 74 1123
517 151 911 1 113 909
518 263 511 1 233 510
519 49 251 1 23 244
520 363 1053 1 323 1055
521 554 949 1 517 955
522 427 386 1 400 387
523 533 571 1 503 574
524 226 1237 1 183 1238
525 613 1123 1 574 1133
526 464 1056 1 425 1062
527 366 1099 1 325 1101
528 479 912 1 443 916
529 333 1095 1 292 1097
530 329 1078 1 289 1079
531 570 773 1 537 780
532 255 481 1 226 480
533 50 294 1 23 288
534 94 834 1 57 830
535 358 966 1 320 968
536 471 389 1 444 391
537 49 237 1 23 230
538 43 88 1 20 81
539 339 1036 1 300 1039
540 589 215 1 566 218
541 599 941 1 563 949
542 636 862 1 602 871
543 394 996 1 355 998
544 60 486 1 29 481
545 410 934 1 373 937
546 294 596 1 263 595
547 376 1026 1 337 1029
548 245 800 1 210 800
549 282 519 1 252 517
550 356 790 1 322 791
551 310 978 1 271 980
552 478 366 1 451 369
553 261 495 1 231 493
554 283 537 1 252 536
555 322 889 1 285 890
556 286 281 1 261 279
557 572 754 1 539 759
558 619 998 1 582 1009
559 567 483 1 540 487
560 129 995 1 90 993
561 219 379 1 191 376
562 257 522 1 227 520
563 319 99 1 297 97
564 74 772 1 38 768
565 527 510 1 498 513
566 514 770 1 480 775
567 232 1202 1 189 1203
568 558 812 1 524 818
569 369 1042 1 329 1045
570 65 336 1 36 330
571 320 1193 1 277 1195
572 459 1045 1 420 1050
573 259 388 1 232 386
574 55 416 1 26 410
575 644 817 1 610 826
576 338 757 1 304 757
577 64 572 1 31 567
578 370 796 1 335 797
579 324 861 1 288 863
580 360 1200 1 317 1203
581 66 616 1 33 611
582 257 611 1 225 610
583 50 273 1 24 266
584 651 709 1 620 718
585 462 1144 1 421 1148
586 694 127 1 675 130
587 625 1102 1 586 1112
588 528 542 1 499 546
589 632 766 1 600 774
590 381 1036 1 342 1039
591 436 779 1 401 782
592 68 679 1 34 674
593 540 804 1 505 809
594 267 613 1 235 612
595 44 73 1 20 65
596 294 526 1 263 525
597 638 1165 1 599 1176
598 526 289 1 501 291
599 86 677 1 52 673
600 339 1020 1 299 1022
601 388 178 1 365 177
602 411 996 1 372 999
603 325 944 1 287 945
604 352 990 1 313 992
605 170 427 1 141 423
606 274 582 1 243 581
607 291 322 1 264 321
608 90 82 1 67 75
609 86 770 1 50 767
610 409 460 1 380 461
611 346 979 1 308 981
612 434 824 1 399 827
613 394 1113 1 353 1116
614 350 942 1 312 944
615 436 264 1 411 265
616 383 1164 1 341 1166
617 135 910 1 97 907
618 57 435 1 27 429
619 213 651 1 180 649
620 297 1013 1 259 1015
621 350 778 1 315 779
622 306 250 1 282 249
623 94 989 1 54 987
624 71 715 1 36 712
625 582 367 1 557 371
626 467 1036 1 428 1041
627 267 562 1 237 561
628 346 933 1 309 935
629 159 80 1 136 74
630 655 125 1 635 128
631 365 759 1 330 760
632 411 512 1 382 513
633 114 1173 1 71 1171
634 228 961 1 189 962
635 617 766 1 585 773
636 50 262 1 24 256
637 292 839 1 256 840
638 237 452 1 208 450
639 245 617 1 212 615
640 247 547 1 216 546
641 388 961 1 350 963
642 327 559 1 296 558
643 580 725 1 548 731
644 408 389 1 380 390
645 311 1208 1 269 1211
646 242 1206 1 199 1207
647 283 976 1 245 977
648 322 906 1 285 907
649 165 1079 1 124 1077
650 592 807 1 558 814
651 71 726 1 36 722
652 56 109 1 32 101
653 51 322 1 24 315
654 94 891 1 56 887
655 243 733 1 208 732
656 366 949 1 328 952
657 268 632 1 236 631
658 309 876 1 272 877
659 318 1236 1 275 1238
660 540 453 1 512 457
661 373 1189 1 331 1192
662 413 1218 1 371 1222
