0 521 1000 1 450 1022
1 436 747 1 371 765
2 396 232 1 345 249
3 493 842 1 426 861
4 501 331 1 447 350
5 449 179 1 399 197
6 401 850 1 334 868
7 519 1063 1 448 1085
8 459 236 1 407 254
9 465 509 1 406 527
10 522 1012 1 452 1034
11 508 775 1 443 796
12 464 224 1 413 242
13 396 284 1 342 299
14 460 369 1 405 386
15 192 443 1 134 453
16 458 1052 1 386 1067
17 485 240 1 433 258
18 136 607 1 73 617
19 447 1046 1 376 1065
20 132 541 1 71 551
21 454 275 1 401 293
22 231 1132 1 157 1148
23 570 228 1 519 249
24 516 890 1 448 911
25 464 498 1 406 516
26 127 445 1 69 454
27 664 142 1 616 166
28 472 255 1 420 273
29 132 645 1 68 655
30 585 265 1 533 286
31 534 1021 1 464 1044
32 426 749 1 361 766
33 189 303 1 135 312
34 123 484 1 63 493
35 206 673 1 142 686
36 455 302 1 402 320
37 503 377 1 448 395
38 164 1093 1 90 1107
39 403 931 1 335 949
40 137 587 1 75 597
41 438 1074 1 366 1095
42 233 1053 1 160 1068
43 467 549 1 407 567
44 455 289 1 402 306
45 474 751 1 409 771
46 489 854 1 423 873
47 453 554 1 393 571
48 199 606 1 136 616
49 509 791 1 444 811
50 537 1066 1 466 1088
51 141 692 1 76 703
52 581 225 1 531 247
53 146 774 1 79 785
54 581 211 1 530 232
55 445 925 1 376 944
56 124 377 1 67 385
57 454 512 1 395 530
58 453 537 1 394 554
59 165 318 1 110 327
60 454 265 1 401 283
61 487 269 1 434 287
62 463 1247 1 387 1268
63 143 801 1 75 812
64 152 855 1 83 867
65 471 239 1 419 257
66 592 1212 1 519 1238
67 518 1050 1 448 1073
68 559 293 1 507 313
69 544 1043 1 472 1066
70 663 115 1 616 139
71 596 233 1 546 254
72 142 663 1 77 673
73 148 755 1 81 766
74 605 1211 1 532 1238
75 483 153 1 435 171
76 437 725 1 373 742
77 182 1226 1 105 1242
78 411 740 1 347 757
79 228 1093 1 154 1107
80 209 801 1 142 813
81 459 525 1 399 543
82 486 999 1 416 1021
83 119 426 1 61 434
84 191 322 1 137 332
85 124 503 1 64 512
86 510 280 1 458 300
87 198 582 1 137 594
88 397 435 1 339 450
89 549 1201 1 476 1225
90 119 289 1 65 296
91 338 600 1 277 615
92 444 1036 1 373 1055
93 414 1005 1 344 1023
94 392 190 1 342 206
95 196 540 1 136 550
96 152 819 1 84 830
97 192 481 1 133 491
98 505 224 1 453 242
99 397 300 1 344 315
100 124 338 1 69 346
101 473 806 1 407 825
102 440 1128 1 367 1148
103 184 287 1 130 295
104 463 460 1 406 478
105 201 644 1 137 655
106 506 936 1 437 957
107 496 390 1 440 409
108 493 804 1 429 824
109 394 956 1 324 974
110 452 466 1 394 483
111 394 367 1 338 382
112 440 520 1 381 537
113 456 387 1 401 406
114 491 349 1 437 368
115 518 918 1 450 939
116 424 712 1 360 729
117 440 1174 1 367 1195
118 474 268 1 420 286
119 426 895 1 357 914
120 229 1107 1 155 1122
121 259 40 1 211 52
122 331 436 1 274 450
123 192 500 1 133 510
124 186 335 1 130 345
125 170 332 1 115 341
126 485 769 1 420 789
127 497 877 1 430 897
128 401 888 1 333 905
129 523 1023 1 453 1044
130 330 581 1 269 595
131 189 422 1 131 433
132 115 321 1 59 328
133 580 292 1 528 313
134 667 153 1 619 176
135 36 973 1 -35 983
136 446 486 1 387 504
137 201 661 1 137 672
138 173 1134 1 98 1149
139 550 208 1 499 228
140 304 793 1 238 809
141 505 306 1 451 326
142 534 1039 1 463 1062
143 204 692 1 139 704
144 469 351 1 415 369
145 448 326 1 394 343
146 112 271 1 58 278
147 488 26 1 442 45
148 171 1187 1 94 1203
149 505 926 1 437 947
150 509 404 1 453 424
151 163 967 1 91 980
152 478 850 1 411 870
153 141 645 1 78 655
154 584 238 1 533 259
155 447 193 1 396 211
156 340 581 1 279 595
157 188 375 1 132 385
158 447 224 1 395 241
159 334 417 1 277 431
160 446 955 1 377 975
161 395 414 1 338 430
162 622 259 1 570 281
163 482 122 1 434 140
164 359 833 1 291 850
165 182 322 1 127 331
166 555 235 1 504 256
167 391 310 1 338 326
168 132 483 1 73 492
169 433 298 1 379 314
170 467 828 1 401 847
171 552 224 1 501 245
172 464 149 1 416 166
173 496 1024 1 426 1045
174 453 498 1 394 516
175 464 817 1 397 836
176 453 1221 1 378 1242
177 517 305 1 465 325
178 623 270 1 572 292
179 112 652 1 48 661
180 515 225 1 464 245
181 123 808 1 55 819
182 521 935 1 452 956
183 425 724 1 361 741
184 492 317 1 439 336
185 183 1241 1 106 1257
186 597 246 1 546 268
187 183 263 1 130 272
188 491 334 1 437 353
189 173 1108 1 99 1123
190 466 838 1 400 858
191 353 1089 1 280 1106
192 435 1022 1 364 1040
193 434 1006 1 364 1026
194 448 1059 1 376 1081
195 443 530 1 384 547
196 310 842 1 242 858
197 427 1134 1 354 1154
198 115 205 1 63 212
199 618 828 1 553 852
200 298 845 1 231 860
201 116 173 1 65 180
202 627 833 1 562 858
203 501 287 1 448 307
204 604 143 1 556 165
205 411 952 1 341 970
206 324 417 1 267 431
207 477 829 1 411 849
208 346 760 1 281 775
209 448 354 1 394 372
210 538 133 1 490 153
211 129 425 1 71 434
212 136 956 1 64 969
213 388 1151 1 315 1169
214 548 145 1 500 165
215 173 1153 1 97 1168
216 624 223 1 574 246
217 565 753 1 501 775
218 495 890 1 429 909
219 436 548 1 376 565
220 180 956 1 109 969
221 182 97 1 132 105
222 436 1147 1 362 1167
223 559 285 1 507 305
224 429 738 1 364 755
225 376 741 1 311 757
226 104 498 1 43 506
227 411 980 1 341 998
228 427 361 1 372 378
229 420 953 1 351 971
230 353 1104 1 280 1121
231 111 157 1 61 164
232 207 956 1 136 969
233 447 213 1 396 230
234 625 743 1 561 767
235 146 1097 1 71 1111
236 663 658 1 602 684
237 488 285 1 435 304
238 585 251 1 534 272
239 466 302 1 413 320
240 33 920 1 -38 929
241 39 985 1 -34 995
242 568 1215 1 496 1241
243 358 801 1 292 817
244 381 1008 1 310 1025
245 432 538 1 372 555
246 477 778 1 409 796
247 276 433 1 220 445
248 392 324 1 338 340
249 379 817 1 312 834
250 664 895 1 598 922
251 393 263 1 340 279
252 330 970 1 259 987
253 594 190 1 545 211
254 122 270 1 68 278
255 393 386 1 337 402
256 547 191 1 497 211
257 155 908 1 85 921
258 435 827 1 369 845
259 108 96 1 59 102
260 358 821 1 291 836
261 158 1232 1 79 1248
262 563 719 1 499 740
263 383 731 1 319 747
264 380 982 1 309 999
265 33 934 1 -38 943
266 329 933 1 259 951
267 415 173 1 366 189
268 132 664 1 67 674
269 504 891 1 438 912
270 181 1188 1 104 1203
271 623 159 1 574 182
272 416 750 1 351 767
273 331 792 1 265 807
274 138 756 1 71 767
275 532 286 1 480 306
276 447 336 1 392 353
277 303 711 1 239 725
278 148 876 1 79 888
279 173 1091 1 99 1106
280 376 1130 1 303 1148
281 360 810 1 293 826
282 304 581 1 243 595
283 397 768 1 332 785
284 571 294 1 518 315
285 393 913 1 324 931
286 414 1155 1 340 1174
287 234 262 1 181 272
288 400 475 1 342 491
289 127 589 1 65 599
290 114 120 1 65 126
291 306 746 1 240 761
292 114 340 1 58 348
293 96 334 1 40 341
294 416 725 1 351 742
295 111 52 1 63 59
296 336 1100 1 263 1117
297 406 279 1 353 295
298 495 742 1 431 761
299 34 954 1 -37 963
300 235 273 1 181 284
301 532 147 1 484 166
302 424 1008 1 354 1028
303 435 838 1 369 857
304 289 819 1 222 836
305 416 1186 1 342 1207
306 48 1076 1 -26 1088
307 179 199 1 128 208
308 322 596 1 261 610
309 313 1218 1 238 1236
310 405 1095 1 332 1114
311 585 302 1 532 323
312 380 497 1 321 513
313 438 326 1 385 343
314 395 947 1 326 964
315 607 783 1 543 807
316 417 1247 1 341 1267
317 334 533 1 274 548
318 394 1011 1 323 1028
319 288 847 1 221 863
320 466 411 1 410 429
321 361 759 1 295 775
322 502 1061 1 431 1083
323 362 1105 1 290 1122
324 390 249 1 338 265
325 644 837 1 579 863
326 427 997 1 357 1016
327 517 296 1 465 315
328 436 402 1 380 419
329 430 950 1 361 968
330 373 1088 1 300 1105
331 129 564 1 68 574
332 338 923 1 269 942
333 553 107 1 507 127
334 426 1108 1 353 1127
335 144 714 1 78 725
336 611 264 1 560 286
337 399 878 1 331 895
338 509 364 1 454 383
339 570 284 1 518 305
340 172 287 1 118 296
341 343 510 1 283 525
342 348 796 1 282 811
343 322 1198 1 246 1217
344 588 740 1 524 763
345 152 800 1 85 811
346 223 888 1 153 901
347 336 912 1 267 929
348 388 1112 1 315 1131
349 428 986 1 357 1005
350 243 1228 1 166 1245
351 458 989 1 388 1010
352 413 1235 1 337 1254
353 393 923 1 326 940
354 124 319 1 69 327
355 680 905 1 614 932
356 473 385 1 418 403
357 414 370 1 359 387
358 599 742 1 536 765
359 316 977 1 246 993
360 200 560 1 138 571
361 389 874 1 321 891
362 315 871 1 247 887
363 406 574 1 345 591
364 383 511 1 324 527
365 354 900 1 285 916
366 405 1183 1 330 1203
367 429 325 1 375 342
368 492 1044 1 421 1066
369 422 966 1 352 985
370 406 963 1 336 981
371 433 570 1 372 588
372 87 162 1 36 168
373 446 476 1 388 494
374 315 918 1 245 935
375 284 64 1 238 76
376 420 406 1 364 423
377 364 1213 1 289 1232
378 659 69 1 615 92
379 628 280 1 577 303
380 502 815 1 436 835
381 576 571 1 517 593
382 158 930 1 87 943
383 541 281 1 489 301
384 416 1103 1 343 1122
385 447 566 1 387 584
386 655 688 1 594 714
387 364 892 1 295 909
388 468 124 1 420 142
389 386 783 1 320 799
390 442 465 1 384 482
391 637 694 1 575 718
392 335 546 1 275 561
393 374 728 1 308 744
394 470 535 1 411 554
395 424 1153 1 350 1172
396 213 689 1 149 701
397 298 419 1 241 432
398 296 390 1 240 403
399 494 164 1 446 181
400 473 465 1 415 484
401 285 569 1 225 582
402 461 1004 1 391 1025
403 171 957 1 98 970
404 127 401 1 69 409
405 520 238 1 469 257
406 362 1088 1 290 1105
407 524 126 1 476 145
408 208 711 1 143 723
409 325 943 1 255 960
410 556 1250 1 482 1277
411 377 152 1 328 167
412 506 232 1 454 251
413 473 277 1 419 295
414 80 392 1 23 399
415 402 995 1 332 1013
416 628 787 1 564 812
417 306 900 1 237 915
418 469 562 1 409 580
419 573 82 1 528 102
420 77 334 1 21 341
421 296 1210 1 221 1229
422 566 578 1 507 600
423 379 1140 1 305 1159
424 352 965 1 282 982
425 377 1102 1 304 1120
426 442 38 1 396 55
427 361 775 1 295 791
428 286 226 1 235 238
429 402 1225 1 326 1244
430 596 453 1 540 475
431 167 1061 1 94 1076
432 392 751 1 327 768
433 224 674 1 160 687
434 490 720 1 426 740
435 390 1067 1 318 1085
436 370 983 1 299 1001
437 163 1040 1 90 1054
438 443 1222 1 368 1243
439 368 796 1 302 813
440 31 908 1 -39 917
441 435 1213 1 361 1234
442 577 163 1 528 184
443 74 270 1 20 277
444 134 504 1 74 513
445 289 809 1 222 824
446 427 935 1 358 954
447 102 488 1 42 496
448 429 1222 1 354 1243
449 448 717 1 384 734
450 643 885 1 578 911
451 378 79 1 331 95
452 257 960 1 186 978
453 383 805 1 317 821
454 610 213 1 560 235
455 234 303 1 179 313
456 524 1039 1 453 1062
457 91 579 1 28 587
458 403 1203 1 328 1222
459 305 700 1 241 714
460 376 998 1 305 1015
461 77 319 1 21 325
462 160 952 1 88 965
463 267 751 1 202 766
464 634 878 1 568 904
465 282 582 1 220 595
466 334 1213 1 258 1232
467 328 462 1 270 478
468 93 426 1 35 434
469 493 818 1 426 837
470 432 1058 1 360 1077
471 392 985 1 321 1003
472 82 435 1 24 442
473 398 1109 1 325 1127
474 405 1159 1 331 1178
475 370 783 1 305 799
476 506 124 1 459 142
477 564 211 1 513 231
478 639 41 1 595 62
479 234 283 1 180 295
480 333 882 1 264 898
481 346 974 1 276 992
482 567 144 1 520 165
483 299 1202 1 224 1220
484 420 1081 1 348 1100
485 360 784 1 294 800
486 624 213 1 574 236
487 288 1228 1 211 1246
488 543 720 1 479 741
489 228 1007 1 156 1022
490 203 1041 1 130 1055
491 377 829 1 310 845
492 435 1100 1 363 1119
493 478 816 1 412 835
494 177 1022 1 104 1036
495 390 903 1 321 921
496 432 93 1 383 110
497 389 1129 1 315 1148
498 308 811 1 242 827
499 573 725 1 510 747
500 86 272 1 31 278
501 413 1122 1 340 1141
502 87 171 1 36 177
503 110 716 1 44 726
504 411 394 1 355 410
505 78 343 1 22 350
506 623 170 1 574 193
507 330 1141 1 256 1158
508 146 1106 1 71 1120
509 180 893 1 110 906
510 289 495 1 229 509
511 73 238 1 20 244
512 391 1034 1 319 1052
513 579 925 1 511 949
514 450 369 1 395 386
515 557 551 1 497 572
516 255 1216 1 180 1233
517 637 1096 1 567 1123
518 491 1034 1 421 1056
519 394 1079 1 321 1097
520 361 1076 1 289 1094
521 358 1059 1 285 1076
522 595 752 1 531 775
523 281 465 1 222 478
524 74 281 1 20 287
525 122 817 1 54 828
526 385 947 1 316 965
527 494 371 1 439 390
528 73 224 1 20 230
529 231 1228 1 154 1245
530 66 76 1 17 81
531 75 286 1 21 293
532 609 197 1 559 219
533 623 917 1 556 942
534 659 837 1 595 863
535 421 975 1 351 994
536 86 472 1 26 480
537 325 911 1 256 928
538 438 915 1 369 933
539 320 580 1 259 593
540 404 1007 1 333 1025
541 272 782 1 206 797
542 308 502 1 249 516
543 383 772 1 318 788
544 501 348 1 446 368
545 286 479 1 227 492
546 309 520 1 248 534
547 350 871 1 282 887
548 310 265 1 257 278
549 596 732 1 533 755
550 590 463 1 534 485
551 158 977 1 87 990
552 244 364 1 188 376
553 283 506 1 223 519
554 254 925 1 185 943
555 102 757 1 35 766
556 550 491 1 493 511
557 540 750 1 475 771
558 261 1182 1 186 1199
559 583 790 1 518 813
560 457 1042 1 385 1061
561 396 1023 1 325 1041
562 88 323 1 33 329
563 348 1172 1 274 1190
564 486 1024 1 416 1045
565 427 1247 1 351 1267
566 607 1232 1 533 1259
567 81 402 1 23 409
568 666 792 1 603 819
569 365 739 1 300 755
570 90 557 1 28 566
571 397 778 1 331 795
572 388 1179 1 314 1198
573 93 601 1 29 609
574 283 595 1 222 608
575 74 259 1 20 266
576 673 686 1 612 711
577 489 1123 1 417 1144
578 649 1075 1 579 1102
579 552 522 1 493 543
580 330 897 1 262 914
581 655 742 1 593 767
582 409 1017 1 338 1035
583 462 759 1 397 779
584 96 664 1 31 673
585 565 782 1 500 804
586 293 597 1 231 610
587 66 60 1 17 65
588 319 509 1 260 524
589 547 271 1 495 291
590 113 662 1 48 671
591 367 1001 1 296 1019
592 410 161 1 360 177
593 438 976 1 368 995
594 379 971 1 309 988
595 195 412 1 138 422
596 610 228 1 560 249
597 300 565 1 239 579
598 315 306 1 260 320
599 319 897 1 250 915
600 112 69 1 64 75
601 114 754 1 47 765
602 374 961 1 304 978
603 422 1093 1 349 1112
604 611 273 1 560 295
605 458 247 1 407 264
606 411 1143 1 337 1162
607 164 892 1 94 905
608 82 421 1 24 428
609 240 635 1 177 647
610 377 761 1 312 777
611 329 234 1 278 248
612 123 971 1 51 984
613 98 700 1 33 710
614 604 348 1 551 370
615 494 1013 1 424 1035
616 293 546 1 233 559
617 374 915 1 305 931
618 181 66 1 133 75
619 673 107 1 626 130
620 392 741 1 326 758
621 436 495 1 378 512
622 91 569 1 28 576
623 144 1153 1 68 1168
624 256 940 1 187 957
625 641 742 1 578 767
626 74 249 1 20 255
627 262 437 1 204 449
628 270 601 1 208 614
629 273 531 1 213 544
630 415 941 1 346 959
631 352 541 1 292 557
632 319 798 1 253 814
633 604 703 1 542 727
634 431 372 1 376 389
635 340 1187 1 265 1206
636 271 1185 1 196 1203
637 312 956 1 242 973
638 350 888 1 281 904
639 195 1060 1 121 1075
640 616 784 1 551 808
641 99 710 1 33 720
642 78 96 1 29 101
643 76 308 1 21 315
644 122 874 1 53 885
645 269 716 1 205 730
646 243 1203 1 167 1221
647 336 857 1 269 873
648 346 1215 1 271 1234
649 563 434 1 506 455
650 401 1169 1 327 1187
651 441 1197 1 367 1217
