0 521 999 1 450 1021
1 436 748 1 370 764
2 397 233 1 344 249
3 493 842 1 425 860
4 502 332 1 446 350
5 450 180 1 398 197
6 401 850 1 333 867
7 519 1062 1 447 1084
8 459 237 1 406 254
9 466 510 1 405 527
10 522 1012 1 451 1033
11 508 775 1 442 795
12 464 225 1 412 242
13 397 284 1 342 299
14 461 369 1 404 386
15 193 443 1 133 453
16 458 1051 1 385 1067
17 486 240 1 432 258
18 491 854 1 422 872
19 137 607 1 72 616
20 448 1046 1 376 1064
21 133 542 1 71 550
22 455 276 1 401 293
23 232 1132 1 156 1147
24 570 228 1 518 249
25 516 890 1 447 910
26 465 498 1 405 515
27 128 445 1 68 453
28 664 143 1 615 166
29 473 255 1 419 273
30 133 645 1 68 655
31 586 266 1 532 286
32 535 1021 1 463 1043
33 427 749 1 361 766
34 190 303 1 134 312
35 124 485 1 62 493
36 207 673 1 142 686
37 456 303 1 401 320
38 504 378 1 447 395
39 164 1093 1 89 1107
40 403 931 1 334 949
41 138 588 1 74 597
42 438 1074 1 365 1094
43 233 1052 1 159 1067
44 468 550 1 406 567
45 456 289 1 401 306
46 474 752 1 408 770
47 454 554 1 392 571
48 200 606 1 136 616
49 510 791 1 443 811
50 537 1066 1 466 1087
51 142 692 1 75 703
52 582 225 1 530 247
53 147 774 1 79 784
54 581 212 1 529 232
55 445 925 1 375 943
56 125 378 1 67 385
57 455 513 1 394 530
58 454 537 1 393 554
59 166 319 1 109 327
60 454 265 1 400 282
61 488 269 1 433 287
62 463 1247 1 386 1267
63 144 801 1 75 812
64 153 855 1 83 867
65 472 240 1 418 257
66 592 1210 1 518 1236
67 560 293 1 506 313
68 544 1043 1 472 1065
69 663 117 1 615 140
70 597 234 1 545 254
71 143 663 1 77 673
72 149 755 1 81 766
73 605 1210 1 531 1236
74 483 154 1 434 171
75 437 725 1 372 742
76 183 1226 1 104 1241
77 412 741 1 346 757
78 228 1093 1 154 1107
79 210 801 1 142 813
80 459 525 1 399 543
81 486 999 1 415 1020
82 120 426 1 61 434
83 192 323 1 137 331
84 125 503 1 63 511
85 511 281 1 457 299
86 199 583 1 136 593
87 398 435 1 339 450
88 549 1200 1 475 1224
89 121 289 1 65 296
90 339 601 1 276 615
91 444 1036 1 373 1055
92 414 1005 1 343 1022
93 393 190 1 341 206
94 197 541 1 135 550
95 152 819 1 83 830
96 193 481 1 132 491
97 398 300 1 343 315
98 125 339 1 68 346
99 473 806 1 406 825
100 440 1128 1 366 1147
101 185 287 1 129 295
102 464 461 1 405 477
103 201 644 1 136 655
104 506 936 1 436 956
105 497 391 1 439 409
106 394 956 1 323 974
107 453 466 1 393 483
108 395 367 1 338 382
109 441 520 1 380 537
110 457 388 1 400 406
111 492 350 1 436 368
112 519 918 1 449 938
113 425 712 1 360 729
114 440 1174 1 366 1194
115 474 268 1 419 286
116 426 895 1 357 913
117 229 1107 1 154 1121
118 260 41 1 211 52
119 332 436 1 274 450
120 193 500 1 133 510
121 187 336 1 130 345
122 172 332 1 115 341
123 486 769 1 420 788
124 498 877 1 429 896
125 402 888 1 332 905
126 523 1022 1 452 1043
127 331 581 1 269 595
128 190 423 1 131 432
129 116 321 1 59 328
130 454 499 1 393 516
131 519 1050 1 447 1072
132 581 293 1 527 313
133 667 154 1 618 176
134 37 973 1 -36 982
135 447 487 1 386 503
136 202 661 1 137 672
137 174 1133 1 98 1148
138 550 208 1 498 228
139 305 792 1 237 808
140 505 307 1 450 325
141 534 1039 1 462 1061
142 205 692 1 138 703
143 469 352 1 414 368
144 449 326 1 394 343
145 113 271 1 57 278
146 489 27 1 441 45
147 171 1187 1 94 1202
148 505 926 1 436 946
149 510 405 1 452 424
150 163 967 1 90 980
151 479 850 1 410 869
152 142 645 1 77 655
153 584 238 1 532 259
154 448 194 1 395 211
155 341 581 1 279 595
156 189 376 1 131 385
157 447 225 1 394 241
158 334 417 1 276 431
159 244 1227 1 165 1244
160 446 955 1 376 974
161 396 414 1 338 430
162 622 259 1 569 281
163 483 123 1 433 140
164 360 833 1 291 849
165 183 322 1 126 331
166 555 236 1 503 256
167 393 310 1 338 326
168 133 483 1 72 492
169 433 298 1 378 314
170 552 224 1 500 244
171 464 149 1 415 166
172 496 1023 1 425 1044
173 464 817 1 397 835
174 453 1221 1 378 1241
175 518 306 1 464 325
176 623 270 1 571 292
177 113 652 1 47 661
178 516 226 1 463 244
179 124 808 1 54 818
180 521 935 1 451 955
181 426 724 1 360 740
182 493 318 1 438 336
183 184 1241 1 105 1256
184 597 246 1 545 268
185 184 263 1 129 272
186 492 335 1 436 353
187 494 805 1 428 823
188 174 1108 1 98 1123
189 466 838 1 399 857
190 353 1089 1 279 1106
191 435 1022 1 363 1040
192 434 1006 1 363 1025
193 448 1059 1 375 1079
194 444 530 1 383 547
195 310 842 1 241 857
196 427 1134 1 353 1153
197 116 205 1 62 212
198 618 827 1 552 851
199 298 845 1 230 860
200 117 174 1 64 180
201 627 832 1 561 856
202 502 288 1 448 306
203 604 144 1 555 165
204 411 952 1 341 969
205 325 418 1 266 431
206 477 826 1 410 848
207 347 760 1 281 775
208 449 355 1 393 371
209 538 134 1 489 153
210 130 426 1 71 434
211 136 956 1 63 968
212 388 1151 1 314 1169
213 548 146 1 499 165
214 173 1153 1 96 1168
215 624 224 1 573 246
216 565 753 1 500 774
217 495 890 1 428 908
218 437 548 1 375 565
219 180 956 1 109 968
220 183 98 1 132 105
221 436 1147 1 362 1166
222 559 285 1 506 305
223 429 738 1 363 754
224 376 741 1 310 756
225 419 1165 1 343 1186
226 105 498 1 43 506
227 411 980 1 340 998
228 428 362 1 371 378
229 421 953 1 350 971
230 354 1104 1 279 1121
231 113 157 1 60 163
232 208 956 1 136 969
233 448 214 1 395 230
234 624 743 1 560 766
235 146 1097 1 70 1111
236 662 658 1 601 683
237 488 286 1 434 304
238 585 252 1 533 272
239 467 302 1 413 320
240 34 920 1 -38 929
241 39 985 1 -34 994
242 568 1214 1 495 1239
243 359 802 1 291 816
244 381 1008 1 309 1024
245 433 539 1 372 555
246 478 778 1 408 796
247 277 433 1 219 445
248 393 325 1 337 340
249 379 817 1 311 833
250 663 895 1 596 920
251 394 264 1 340 279
252 595 191 1 544 211
253 123 271 1 67 278
254 394 387 1 337 402
255 547 192 1 496 211
256 156 908 1 85 921
257 436 827 1 368 845
258 110 96 1 59 102
259 358 820 1 290 836
260 158 1232 1 79 1247
261 563 719 1 498 739
262 384 731 1 318 746
263 380 982 1 309 998
264 34 934 1 -38 943
265 329 933 1 258 950
266 416 174 1 365 189
267 133 664 1 67 674
268 505 891 1 437 911
269 181 1188 1 104 1203
270 623 160 1 573 182
271 417 750 1 351 767
272 331 792 1 264 807
273 139 756 1 71 767
274 532 287 1 478 306
275 448 336 1 392 353
276 303 711 1 238 724
277 149 876 1 78 888
278 174 1091 1 99 1105
279 376 1130 1 302 1147
280 360 811 1 292 826
281 305 581 1 242 594
282 398 768 1 331 784
283 571 294 1 517 315
284 393 913 1 324 930
285 414 1155 1 339 1173
286 235 262 1 180 272
287 401 475 1 341 490
288 128 589 1 64 599
289 116 120 1 64 126
290 307 746 1 240 760
291 116 340 1 58 347
292 97 334 1 39 341
293 416 725 1 350 741
294 112 53 1 62 59
295 336 1100 1 262 1116
296 407 280 1 352 295
297 496 742 1 430 760
298 35 954 1 -38 963
299 236 273 1 181 284
300 532 147 1 482 166
301 425 1008 1 354 1027
302 300 675 1 234 688
303 436 838 1 368 856
304 290 819 1 222 835
305 417 1186 1 341 1206
306 49 1076 1 -27 1088
307 180 200 1 127 208
308 323 596 1 260 610
309 313 1218 1 237 1236
310 406 1095 1 331 1113
311 585 302 1 531 323
312 381 497 1 321 512
313 439 327 1 384 343
314 396 946 1 325 963
315 607 783 1 542 805
316 417 1247 1 340 1266
317 335 533 1 274 547
318 395 1011 1 323 1028
319 289 847 1 220 862
320 467 411 1 409 429
321 362 760 1 295 775
322 502 1061 1 430 1082
323 363 1105 1 289 1122
324 391 250 1 337 264
325 644 837 1 578 861
326 427 997 1 356 1015
327 518 297 1 464 315
328 437 402 1 379 419
329 430 949 1 360 968
330 373 1088 1 299 1105
331 130 564 1 67 573
332 338 923 1 268 941
333 554 108 1 506 127
334 426 1108 1 353 1126
335 144 714 1 77 725
336 611 265 1 559 286
337 399 878 1 330 895
338 509 364 1 453 383
339 571 284 1 517 304
340 173 287 1 117 296
341 343 510 1 282 525
342 349 796 1 281 811
343 322 1198 1 245 1216
344 331 970 1 259 986
345 587 740 1 523 762
346 152 800 1 84 811
347 223 888 1 152 901
348 336 912 1 266 928
349 388 1112 1 314 1130
350 428 986 1 357 1004
351 458 989 1 387 1009
352 413 1234 1 336 1253
353 393 922 1 325 939
354 126 319 1 69 327
355 680 903 1 613 930
356 474 386 1 417 403
357 415 371 1 358 386
358 469 794 1 401 810
359 599 741 1 535 764
360 317 976 1 246 993
361 200 560 1 138 571
362 390 874 1 321 890
363 316 871 1 246 887
364 406 575 1 344 591
365 384 512 1 323 527
366 354 900 1 284 916
367 374 1213 1 297 1231
368 405 1183 1 330 1202
369 430 326 1 374 342
370 492 1044 1 420 1064
371 422 966 1 352 984
372 406 963 1 335 980
373 434 571 1 372 587
374 89 163 1 36 168
375 447 477 1 387 494
376 315 918 1 244 934
377 577 572 1 516 592
378 421 407 1 363 423
379 364 1212 1 288 1231
380 659 70 1 613 92
381 628 281 1 575 303
382 503 815 1 435 834
383 159 930 1 87 943
384 541 282 1 488 301
385 416 1104 1 343 1121
386 448 566 1 386 583
387 655 688 1 592 712
388 364 892 1 295 909
389 469 125 1 419 142
390 386 783 1 319 798
391 443 465 1 383 482
392 637 693 1 574 717
393 335 546 1 274 560
394 374 728 1 308 744
395 471 536 1 410 553
396 424 1152 1 350 1171
397 213 688 1 148 701
398 483 813 1 415 832
399 299 419 1 240 431
400 297 390 1 240 403
401 495 164 1 445 182
402 473 466 1 414 483
403 286 569 1 224 582
404 506 223 1 453 242
405 461 1004 1 390 1024
406 242 1173 1 165 1188
407 171 957 1 98 969
408 127 401 1 68 409
409 521 238 1 468 257
410 363 1087 1 289 1104
411 525 127 1 475 146
412 208 712 1 142 723
413 325 942 1 254 959
414 556 1249 1 481 1275
415 378 152 1 327 167
416 507 233 1 454 251
417 474 277 1 418 295
418 81 392 1 22 399
419 402 995 1 331 1013
420 628 787 1 563 811
421 307 900 1 237 915
422 470 562 1 408 580
423 573 83 1 526 102
424 78 335 1 21 341
425 297 1210 1 220 1228
426 379 1140 1 304 1158
427 352 964 1 281 981
428 377 1102 1 304 1119
429 443 39 1 395 55
430 361 776 1 294 791
431 287 227 1 234 238
432 402 1225 1 326 1244
433 597 453 1 539 475
434 168 1061 1 94 1075
435 392 751 1 326 767
436 225 674 1 159 686
437 490 721 1 425 739
438 390 1067 1 317 1085
439 370 983 1 299 1000
440 163 1040 1 90 1053
441 443 1222 1 367 1242
442 369 797 1 301 812
443 32 908 1 -40 917
444 436 1213 1 360 1233
445 577 164 1 527 184
446 75 271 1 19 277
447 135 504 1 73 512
448 290 808 1 222 823
449 427 935 1 358 953
450 103 488 1 41 496
451 429 1222 1 353 1242
452 449 717 1 384 734
453 643 884 1 576 909
454 379 79 1 330 95
455 257 959 1 185 977
456 383 805 1 316 821
457 610 213 1 559 234
458 235 303 1 179 313
459 524 1039 1 453 1061
460 92 579 1 28 587
461 403 1203 1 328 1221
462 305 700 1 240 714
463 376 998 1 305 1015
464 78 319 1 21 325
465 160 952 1 87 965
466 267 751 1 201 765
467 634 878 1 567 902
468 282 582 1 220 595
469 334 1213 1 258 1232
470 329 463 1 270 478
471 94 426 1 34 433
472 493 818 1 426 837
473 432 1058 1 359 1076
474 392 985 1 321 1002
475 83 435 1 23 442
476 398 1109 1 324 1126
477 406 1159 1 331 1177
478 371 783 1 304 799
479 507 125 1 458 143
480 565 212 1 512 231
481 639 42 1 593 63
482 234 284 1 179 294
483 333 882 1 263 898
484 346 974 1 275 991
485 568 145 1 518 165
486 300 1201 1 223 1219
487 420 1081 1 348 1099
488 360 784 1 293 800
489 624 214 1 572 236
490 288 1228 1 211 1246
491 543 719 1 479 740
492 228 1007 1 156 1021
493 204 1040 1 130 1055
494 377 829 1 309 845
495 436 1100 1 362 1119
496 177 1022 1 104 1036
497 390 904 1 320 920
498 433 94 1 383 110
499 389 1129 1 315 1147
500 309 811 1 241 826
501 574 725 1 509 746
502 87 272 1 31 278
503 413 1122 1 340 1140
504 492 828 1 425 847
505 88 171 1 35 177
506 111 716 1 44 725
507 412 394 1 354 410
508 79 344 1 21 350
509 623 171 1 573 193
510 331 1141 1 256 1157
511 146 1106 1 70 1120
512 180 893 1 109 906
513 289 496 1 229 508
514 74 238 1 19 244
515 391 1034 1 319 1051
516 579 925 1 510 948
517 451 369 1 394 386
518 557 551 1 496 571
519 256 1216 1 179 1233
520 637 1095 1 566 1121
521 491 1034 1 420 1055
522 394 1079 1 321 1097
523 362 1076 1 288 1093
524 358 1059 1 285 1076
525 595 752 1 530 774
526 281 465 1 222 478
527 76 281 1 19 287
528 123 817 1 53 828
529 386 947 1 315 964
530 495 372 1 438 390
531 74 224 1 19 230
532 231 1228 1 153 1244
533 67 76 1 16 81
534 77 287 1 20 293
535 609 198 1 558 219
536 93 591 1 28 598
537 623 916 1 555 940
538 659 836 1 593 862
539 421 975 1 350 993
540 87 472 1 25 479
541 325 910 1 255 927
542 438 915 1 368 933
543 320 580 1 258 593
544 404 1007 1 332 1024
545 273 783 1 206 796
546 308 502 1 248 516
547 384 772 1 317 788
548 502 349 1 445 368
549 287 479 1 226 492
550 309 521 1 248 534
551 350 871 1 281 887
552 311 266 1 257 278
553 596 732 1 532 754
554 591 463 1 532 484
555 159 977 1 86 990
556 245 364 1 187 375
557 283 506 1 222 519
558 255 924 1 184 941
559 103 757 1 34 766
560 551 491 1 492 511
561 540 750 1 475 770
562 262 1182 1 185 1198
563 583 790 1 517 812
564 457 1041 1 384 1060
565 397 1023 1 324 1041
566 90 323 1 32 329
567 349 1172 1 273 1190
568 487 1024 1 415 1044
569 427 1246 1 350 1266
570 607 1232 1 532 1258
571 82 403 1 22 409
572 666 792 1 601 817
573 366 739 1 299 755
574 91 558 1 28 565
575 397 778 1 330 794
576 388 1179 1 313 1197
577 93 601 1 29 609
578 284 595 1 221 608
579 75 260 1 20 266
580 673 685 1 610 710
581 490 1123 1 416 1143
582 649 1074 1 578 1100
583 552 523 1 493 543
584 655 742 1 591 766
585 409 1017 1 338 1034
586 463 760 1 396 778
587 96 664 1 30 672
588 565 782 1 499 803
589 294 597 1 231 610
590 67 61 1 16 65
591 319 510 1 259 523
592 547 271 1 494 291
593 114 662 1 48 671
594 367 1001 1 295 1018
595 411 162 1 360 177
596 438 976 1 367 994
597 380 971 1 309 988
598 196 412 1 137 422
599 611 229 1 559 249
600 300 566 1 238 579
601 315 307 1 260 320
602 319 897 1 249 914
603 114 69 1 63 75
604 114 755 1 46 764
605 374 961 1 304 977
606 422 1093 1 349 1111
607 611 273 1 559 294
608 459 247 1 406 264
609 411 1143 1 337 1161
610 164 893 1 93 905
611 83 421 1 23 428
612 241 635 1 176 647
613 377 761 1 311 777
614 330 235 1 277 248
615 124 971 1 51 983
616 99 700 1 32 709
617 604 349 1 549 370
618 494 1013 1 423 1034
619 294 547 1 232 559
620 374 915 1 304 931
621 182 67 1 132 74
622 673 108 1 625 131
623 392 741 1 326 757
624 437 495 1 377 511
625 91 569 1 28 576
626 144 1153 1 67 1168
627 257 940 1 186 956
628 641 742 1 577 766
629 75 249 1 20 255
630 262 437 1 203 449
631 271 601 1 207 613
632 274 531 1 212 544
633 416 941 1 346 959
634 353 542 1 291 556
635 320 798 1 253 814
636 604 703 1 540 726
637 432 372 1 375 388
638 340 1187 1 265 1205
639 272 1185 1 196 1202
640 312 956 1 241 972
641 350 888 1 280 903
642 195 1060 1 120 1074
643 616 784 1 550 807
644 99 710 1 32 720
645 80 96 1 28 101
646 77 308 1 20 315
647 123 874 1 52 885
648 270 717 1 204 730
649 244 1203 1 167 1220
650 337 857 1 268 873
651 347 1215 1 271 1233
652 563 435 1 505 455
653 401 1169 1 326 1187
654 340 894 1 270 908
655 442 1196 1 367 1216
