0 518 999 1 449 1020
1 434 747 1 369 764
2 397 233 1 343 248
3 491 841 1 424 860
4 501 332 1 445 349
5 449 180 1 397 197
6 399 850 1 332 866
7 517 1061 1 446 1082
8 459 237 1 405 254
9 464 510 1 404 527
10 520 1011 1 450 1032
11 506 775 1 441 795
12 464 225 1 411 242
13 396 284 1 341 299
14 460 369 1 403 386
15 192 442 1 132 453
16 485 240 1 431 258
17 488 853 1 421 872
18 135 606 1 72 616
19 445 1045 1 375 1064
20 132 541 1 70 550
21 454 276 1 400 293
22 229 1131 1 156 1147
23 569 228 1 516 249
24 514 889 1 446 909
25 464 498 1 404 515
26 127 444 1 67 453
27 663 144 1 613 166
28 472 255 1 418 272
29 132 644 1 67 654
30 584 266 1 531 286
31 532 1020 1 462 1042
32 425 748 1 360 765
33 190 302 1 134 312
34 122 484 1 62 492
35 205 672 1 141 685
36 455 303 1 400 320
37 503 378 1 446 395
38 162 1092 1 88 1106
39 401 930 1 333 948
40 137 587 1 74 597
41 436 1073 1 364 1093
42 231 1052 1 159 1067
43 466 549 1 406 566
44 455 289 1 401 306
45 473 751 1 407 769
46 452 554 1 391 571
47 198 605 1 135 615
48 508 791 1 442 810
49 535 1065 1 465 1086
50 140 691 1 75 702
51 581 226 1 529 246
52 145 773 1 78 784
53 580 212 1 528 232
54 443 924 1 375 942
55 125 377 1 66 385
56 453 513 1 394 529
57 452 537 1 392 554
58 165 318 1 109 327
59 454 265 1 399 282
60 487 269 1 433 287
61 456 1050 1 385 1066
62 460 1246 1 385 1266
63 142 800 1 74 811
64 151 854 1 82 866
65 471 240 1 417 257
66 589 1209 1 517 1234
67 559 293 1 505 313
68 541 1042 1 471 1064
69 662 117 1 613 140
70 596 234 1 543 254
71 141 662 1 76 672
72 147 754 1 80 766
73 602 1209 1 530 1234
74 483 154 1 433 171
75 436 725 1 371 741
76 180 1225 1 104 1241
77 410 740 1 345 756
78 226 1092 1 153 1106
79 208 800 1 141 813
80 458 525 1 398 542
81 483 998 1 415 1019
82 120 425 1 60 434
83 192 322 1 136 331
84 124 502 1 63 511
85 510 281 1 456 299
86 198 582 1 135 593
87 397 435 1 338 450
88 546 1198 1 474 1222
89 120 288 1 64 296
90 337 600 1 276 614
91 442 1036 1 372 1054
92 411 1004 1 343 1021
93 393 190 1 341 205
94 196 540 1 135 550
95 151 818 1 83 829
96 192 480 1 131 491
97 397 300 1 342 315
98 125 338 1 67 346
99 471 805 1 405 824
100 437 1128 1 366 1146
101 185 286 1 129 295
102 463 460 1 404 477
103 200 643 1 136 655
104 504 935 1 436 955
105 496 391 1 438 408
106 392 955 1 323 973
107 452 466 1 392 482
108 394 367 1 337 382
109 439 520 1 379 537
110 456 388 1 399 405
111 491 349 1 435 367
112 516 918 1 449 937
113 423 712 1 359 728
114 438 1173 1 365 1193
115 473 268 1 418 285
116 424 895 1 356 912
117 226 1106 1 154 1121
118 260 40 1 210 52
119 331 436 1 273 449
120 192 499 1 132 510
121 186 335 1 129 345
122 171 332 1 114 341
123 484 768 1 419 788
124 495 877 1 429 895
125 399 887 1 331 904
126 521 1021 1 451 1042
127 330 581 1 268 595
128 189 422 1 130 432
129 115 320 1 58 328
130 452 498 1 393 515
131 516 1049 1 446 1071
132 580 293 1 526 313
133 666 154 1 616 176
134 35 972 1 -36 982
135 445 486 1 386 503
136 200 660 1 136 672
137 171 1132 1 97 1147
138 549 208 1 497 228
139 303 791 1 236 807
140 505 307 1 450 325
141 531 1038 1 461 1059
142 203 691 1 138 703
143 469 351 1 413 368
144 448 326 1 393 342
145 113 270 1 57 278
146 489 27 1 440 45
147 169 1186 1 93 1202
148 503 926 1 435 945
149 509 405 1 451 423
150 161 966 1 90 979
151 477 849 1 409 868
152 141 644 1 76 654
153 583 238 1 530 259
154 447 194 1 394 211
155 340 581 1 278 595
156 188 375 1 130 385
157 447 224 1 394 241
158 334 417 1 275 431
159 240 1225 1 165 1243
160 443 954 1 375 973
161 395 414 1 337 429
162 621 259 1 568 281
163 482 123 1 432 140
164 358 832 1 290 849
165 182 322 1 125 331
166 554 236 1 502 256
167 392 310 1 337 326
168 132 482 1 72 491
169 432 298 1 377 314
170 336 923 1 268 941
171 551 224 1 498 244
172 464 149 1 414 166
173 494 1022 1 425 1043
174 462 816 1 396 835
175 451 1220 1 377 1240
176 622 271 1 569 292
177 111 651 1 47 661
178 122 807 1 54 818
179 518 934 1 451 954
180 424 723 1 359 740
181 492 318 1 437 336
182 181 1240 1 105 1256
183 596 246 1 544 267
184 184 263 1 128 272
185 491 335 1 435 353
186 491 804 1 427 822
187 171 1107 1 98 1122
188 475 866 1 407 885
189 464 837 1 398 856
190 351 1089 1 279 1105
191 433 1021 1 363 1039
192 432 1006 1 363 1024
193 445 1058 1 375 1078
194 443 530 1 382 547
195 308 841 1 241 857
196 424 1133 1 353 1153
197 116 204 1 62 211
198 616 826 1 551 850
199 297 844 1 230 859
200 117 173 1 64 180
201 625 831 1 560 855
202 501 288 1 447 306
203 603 144 1 553 165
204 409 952 1 340 969
205 324 417 1 265 431
206 516 225 1 462 244
207 474 825 1 409 847
208 345 759 1 280 774
209 448 354 1 392 371
210 537 134 1 487 153
211 129 425 1 70 434
212 134 955 1 63 968
213 386 1150 1 314 1168
214 548 146 1 498 165
215 170 1152 1 96 1167
216 623 224 1 571 246
217 518 307 1 463 324
218 563 752 1 499 773
219 493 889 1 427 907
220 435 548 1 375 565
221 178 955 1 108 968
222 183 97 1 131 105
223 433 1146 1 361 1165
224 558 285 1 505 305
225 427 737 1 363 754
226 375 741 1 309 756
227 416 1164 1 343 1184
228 103 497 1 42 505
229 409 979 1 340 997
230 427 361 1 370 378
231 418 952 1 350 970
232 351 1104 1 279 1120
233 113 157 1 60 163
234 206 955 1 135 968
235 447 214 1 394 230
236 622 742 1 559 765
237 144 1096 1 70 1110
238 660 657 1 600 681
239 488 285 1 433 303
240 584 252 1 532 272
241 466 302 1 412 319
242 32 919 1 -39 929
243 37 984 1 -35 994
244 565 1212 1 494 1237
245 357 801 1 291 816
246 378 1007 1 308 1024
247 432 538 1 371 555
248 476 778 1 408 795
249 276 432 1 219 445
250 392 325 1 336 339
251 377 817 1 311 833
252 661 893 1 595 919
253 393 264 1 339 279
254 594 191 1 543 210
255 123 270 1 67 277
256 393 387 1 336 402
257 546 192 1 495 211
258 154 907 1 84 920
259 434 826 1 368 844
260 109 95 1 58 102
261 356 820 1 290 835
262 155 1231 1 78 1246
263 561 718 1 498 739
264 382 730 1 317 746
265 378 981 1 308 998
266 32 933 1 -39 943
267 326 931 1 257 949
268 415 173 1 364 189
269 131 663 1 66 673
270 503 890 1 436 910
271 178 1186 1 103 1202
272 622 161 1 572 182
273 415 750 1 350 766
274 329 791 1 264 806
275 137 755 1 70 766
276 531 286 1 477 306
277 447 336 1 391 353
278 302 710 1 238 724
279 147 875 1 78 887
280 171 1090 1 98 1105
281 373 1129 1 301 1147
282 358 810 1 292 826
283 304 581 1 242 594
284 396 768 1 331 784
285 570 294 1 516 314
286 391 912 1 323 930
287 411 1154 1 339 1173
288 235 261 1 180 271
289 400 475 1 341 490
290 127 588 1 63 598
291 115 119 1 63 126
292 305 746 1 239 760
293 115 339 1 57 347
294 303 1040 1 231 1055
295 96 333 1 38 340
296 414 724 1 350 741
297 112 52 1 62 59
298 334 1099 1 262 1116
299 406 279 1 351 295
300 494 742 1 429 759
301 33 953 1 -38 963
302 235 273 1 180 284
303 532 147 1 481 166
304 422 1008 1 353 1027
305 298 674 1 234 687
306 434 837 1 367 855
307 288 818 1 221 834
308 414 1185 1 341 1205
309 46 1075 1 -27 1087
310 180 199 1 127 208
311 321 595 1 260 609
312 310 1217 1 237 1235
313 403 1095 1 331 1112
314 584 302 1 530 323
315 380 497 1 320 512
316 438 326 1 383 343
317 393 945 1 324 963
318 605 782 1 541 804
319 415 1246 1 339 1265
320 334 532 1 273 547
321 392 1010 1 322 1027
322 287 846 1 220 862
323 466 410 1 408 428
324 360 759 1 294 774
325 499 1060 1 429 1081
326 360 1105 1 289 1121
327 391 250 1 337 264
328 642 836 1 577 860
329 425 996 1 356 1014
330 517 297 1 463 315
331 436 402 1 379 418
332 428 949 1 360 967
333 371 1088 1 299 1104
334 129 563 1 66 573
335 553 108 1 504 127
336 423 1107 1 352 1126
337 143 713 1 77 724
338 610 265 1 557 286
339 397 877 1 330 894
340 508 364 1 452 382
341 570 284 1 516 304
342 172 286 1 116 296
343 342 510 1 281 524
344 347 795 1 281 810
345 319 1197 1 245 1215
346 328 969 1 258 985
347 586 739 1 522 761
348 151 799 1 83 810
349 221 887 1 152 900
350 334 911 1 266 928
351 385 1112 1 314 1129
352 425 986 1 356 1004
353 456 988 1 386 1008
354 411 1234 1 336 1253
355 391 921 1 324 938
356 125 318 1 68 326
357 677 902 1 612 928
358 473 386 1 416 403
359 414 370 1 357 386
360 466 793 1 400 809
361 597 741 1 533 763
362 314 975 1 245 992
363 199 559 1 137 570
364 387 873 1 320 890
365 313 869 1 246 886
366 405 575 1 344 590
367 383 511 1 322 527
368 352 899 1 284 915
369 371 1211 1 296 1230
370 402 1182 1 329 1201
371 429 325 1 373 341
372 489 1043 1 420 1063
373 420 966 1 351 984
374 403 962 1 334 979
375 432 571 1 371 587
376 88 161 1 35 168
377 446 476 1 386 493
378 313 917 1 244 933
379 575 571 1 515 592
380 420 406 1 362 422
381 361 1211 1 288 1230
382 657 71 1 611 92
383 627 281 1 574 302
384 500 814 1 435 833
385 157 929 1 86 942
386 540 281 1 486 301
387 414 1103 1 342 1121
388 653 687 1 591 711
389 362 892 1 294 908
390 468 125 1 418 142
391 385 782 1 319 798
392 442 465 1 383 482
393 634 692 1 573 716
394 334 546 1 273 560
395 372 728 1 307 743
396 470 536 1 409 553
397 421 1152 1 349 1170
398 212 688 1 147 700
399 480 812 1 414 831
400 298 418 1 240 431
401 297 390 1 239 402
402 494 164 1 444 182
403 472 466 1 413 483
404 285 568 1 223 582
405 505 222 1 452 242
406 459 1003 1 389 1023
407 239 1171 1 164 1188
408 169 956 1 97 969
409 127 400 1 68 409
410 520 238 1 467 257
411 360 1087 1 289 1104
412 524 127 1 474 146
413 207 711 1 142 723
414 322 941 1 253 958
415 553 1247 1 480 1273
416 378 152 1 326 167
417 506 233 1 453 251
418 473 277 1 418 295
419 81 391 1 22 398
420 400 995 1 331 1012
421 625 786 1 562 809
422 305 899 1 236 914
423 468 562 1 408 579
424 572 83 1 525 102
425 78 334 1 20 341
426 294 1209 1 220 1227
427 376 1140 1 304 1157
428 350 963 1 280 980
429 375 1102 1 303 1119
430 443 39 1 394 55
431 359 775 1 294 790
432 287 226 1 233 238
433 399 1225 1 325 1243
434 595 453 1 538 474
435 165 1060 1 93 1075
436 391 751 1 326 767
437 223 673 1 158 686
438 488 720 1 424 738
439 388 1067 1 316 1084
440 368 983 1 298 999
441 161 1039 1 89 1053
442 441 1221 1 367 1241
443 367 796 1 301 812
444 30 907 1 -40 917
445 433 1212 1 359 1232
446 577 164 1 526 184
447 75 270 1 19 276
448 134 503 1 73 512
449 288 807 1 221 823
450 425 935 1 357 953
451 102 487 1 41 496
452 426 1221 1 352 1241
453 447 716 1 383 733
454 640 883 1 575 907
455 379 79 1 329 95
456 255 958 1 185 975
457 382 804 1 315 820
458 609 213 1 557 234
459 234 303 1 178 313
460 521 1038 1 452 1059
461 91 578 1 27 587
462 401 1202 1 327 1220
463 304 699 1 240 713
464 374 998 1 304 1014
465 77 318 1 20 325
466 158 951 1 87 964
467 266 750 1 200 765
468 631 877 1 565 901
469 281 581 1 219 594
470 331 1212 1 257 1231
471 328 463 1 269 477
472 93 425 1 34 433
473 491 817 1 425 836
474 429 1058 1 358 1076
475 390 984 1 320 1001
476 82 434 1 23 441
477 395 1108 1 324 1125
478 403 1158 1 330 1176
479 369 782 1 303 798
480 506 125 1 457 143
481 564 212 1 511 231
482 638 43 1 591 63
483 234 283 1 178 294
484 331 881 1 263 897
485 344 973 1 274 990
486 567 145 1 517 165
487 297 1200 1 223 1218
488 418 1080 1 347 1099
489 359 784 1 293 800
490 623 214 1 571 235
491 285 1227 1 210 1245
492 541 719 1 478 739
493 226 1006 1 155 1021
494 201 1039 1 129 1054
495 375 828 1 309 844
496 433 1099 1 362 1118
497 175 1021 1 103 1035
498 388 903 1 320 920
499 433 94 1 382 110
500 386 1129 1 314 1146
501 307 810 1 240 825
502 572 724 1 508 745
503 86 271 1 30 278
504 410 1122 1 339 1140
505 490 827 1 424 846
506 88 170 1 35 177
507 110 715 1 43 725
508 411 394 1 354 410
509 79 343 1 21 350
510 622 172 1 571 193
511 328 1140 1 255 1156
512 143 1105 1 70 1119
513 178 892 1 109 905
514 288 495 1 228 508
515 74 237 1 18 244
516 388 1033 1 318 1050
517 577 924 1 510 947
518 450 369 1 393 386
519 555 551 1 495 571
520 253 1215 1 179 1232
521 634 1093 1 565 1119
522 489 1033 1 419 1054
523 392 1078 1 320 1096
524 359 1075 1 287 1092
525 355 1058 1 284 1075
526 593 751 1 529 773
527 281 465 1 221 478
528 75 280 1 19 287
529 121 816 1 53 827
530 383 946 1 315 963
531 494 372 1 437 389
532 73 223 1 18 230
533 228 1227 1 153 1243
534 67 75 1 16 81
535 76 286 1 19 293
536 608 198 1 557 218
537 91 589 1 28 598
538 620 915 1 554 939
539 656 835 1 592 860
540 419 975 1 350 992
541 86 471 1 25 479
542 323 909 1 255 926
543 436 914 1 368 932
544 319 579 1 258 593
545 401 1006 1 332 1024
546 272 782 1 205 796
547 308 502 1 248 515
548 382 772 1 316 787
549 501 349 1 444 368
550 286 479 1 226 491
551 308 520 1 247 534
552 348 870 1 280 886
553 310 266 1 256 278
554 594 731 1 531 753
555 589 463 1 531 484
556 156 976 1 86 989
557 244 363 1 186 375
558 283 505 1 222 518
559 253 923 1 184 940
560 101 756 1 34 766
561 550 490 1 491 510
562 538 750 1 474 770
563 259 1181 1 185 1197
564 581 789 1 516 811
565 454 1040 1 384 1060
566 394 1023 1 324 1040
567 89 322 1 32 329
568 346 1170 1 273 1189
569 484 1022 1 414 1042
570 424 1245 1 350 1265
571 604 1230 1 531 1256
572 81 402 1 22 409
573 663 791 1 600 816
574 364 739 1 299 754
575 90 557 1 27 565
576 395 777 1 330 794
577 385 1178 1 312 1196
578 92 600 1 28 609
579 282 594 1 220 607
580 75 259 1 19 265
581 670 684 1 609 709
582 487 1122 1 415 1142
583 646 1073 1 577 1098
584 551 522 1 492 542
585 652 741 1 590 765
586 407 1016 1 337 1034
587 461 759 1 396 777
588 95 662 1 30 672
589 563 781 1 498 802
590 292 596 1 230 610
591 67 59 1 16 65
592 318 509 1 258 523
593 546 271 1 493 291
594 112 661 1 47 670
595 364 1001 1 295 1017
596 410 162 1 359 177
597 436 975 1 366 993
598 377 970 1 308 987
599 195 412 1 137 422
600 610 229 1 558 249
601 299 565 1 238 579
602 315 306 1 259 320
603 317 896 1 249 913
604 114 68 1 63 75
605 113 754 1 46 764
606 372 960 1 303 977
607 419 1092 1 348 1110
608 610 273 1 558 294
609 459 247 1 405 264
610 409 1142 1 336 1160
611 162 892 1 93 904
612 82 420 1 23 428
613 239 634 1 176 647
614 375 761 1 310 776
615 330 234 1 276 248
616 122 970 1 50 983
617 97 699 1 32 709
618 603 348 1 548 369
619 492 1012 1 422 1033
620 293 546 1 232 558
621 372 914 1 304 930
622 182 66 1 132 74
623 672 108 1 623 131
624 390 741 1 325 757
625 436 495 1 376 511
626 90 568 1 27 576
627 142 1152 1 67 1167
628 255 938 1 186 954
629 638 741 1 576 765
630 75 248 1 19 255
631 262 437 1 203 449
632 269 600 1 207 613
633 272 531 1 211 543
634 414 941 1 345 958
635 352 541 1 291 556
636 318 797 1 252 813
637 602 702 1 539 725
638 431 371 1 374 388
639 337 1186 1 264 1205
640 269 1184 1 195 1201
641 348 887 1 280 903
642 193 1059 1 120 1073
643 613 783 1 549 806
644 98 709 1 31 719
645 80 95 1 28 101
646 77 307 1 20 314
647 121 873 1 52 884
648 268 716 1 203 729
649 241 1202 1 166 1220
650 335 856 1 268 872
651 344 1214 1 270 1232
652 562 435 1 504 454
653 399 1168 1 325 1186
654 337 892 1 269 908
655 439 1195 1 366 1215
