0 425 738 1 355 756
1 495 828 1 427 845
2 502 333 1 428 349
3 435 1228 1 372 1250
4 387 837 1 318 856
5 509 980 1 444 997
6 495 1043 1 430 1062
7 461 505 1 389 522
8 500 994 1 433 1013
9 494 765 1 424 783
10 401 284 1 326 299
11 583 276 1 508 289
12 559 1180 1 496 1200
13 195 430 1 120 450
14 490 244 1 414 259
15 475 841 1 405 859
16 134 590 1 60 611
17 133 525 1 58 546
18 458 277 1 383 293
19 211 1111 1 144 1137
20 498 876 1 430 894
21 462 494 1 389 511
22 131 430 1 56 450
23 471 69 1 392 85
24 477 258 1 401 273
25 129 627 1 56 649
26 511 1004 1 445 1022
27 570 240 1 495 253
28 657 168 1 583 177
29 415 739 1 345 757
30 197 292 1 121 311
31 125 469 1 50 489
32 404 230 1 328 248
33 202 658 1 129 680
34 458 304 1 384 320
35 509 969 1 442 987
36 146 1070 1 77 1097
37 136 571 1 62 592
38 210 1084 1 142 1110
39 459 291 1 384 306
40 463 742 1 392 760
41 495 1033 1 430 1051
42 196 590 1 123 611
43 495 780 1 426 798
44 512 1047 1 448 1066
45 136 674 1 64 696
46 581 238 1 506 251
47 139 755 1 67 777
48 581 224 1 506 237
49 416 1052 1 350 1072
50 131 363 1 54 383
51 451 532 1 377 549
52 173 306 1 97 325
53 215 1032 1 147 1057
54 458 266 1 383 283
55 491 272 1 415 287
56 503 377 1 429 393
57 135 782 1 63 805
58 476 243 1 400 259
59 142 836 1 71 859
60 450 508 1 378 525
61 557 302 1 483 315
62 593 248 1 520 259
63 138 645 1 65 667
64 141 737 1 69 759
65 492 336 1 418 352
66 519 1024 1 453 1043
67 499 982 1 432 1002
68 571 1179 1 509 1199
69 487 173 1 412 183
70 196 525 1 122 546
71 495 390 1 421 406
72 427 715 1 356 733
73 160 1202 1 93 1230
74 401 730 1 331 749
75 209 1072 1 141 1096
76 200 784 1 129 806
77 124 411 1 48 431
78 198 312 1 124 330
79 481 865 1 413 882
80 126 487 1 51 508
81 513 285 1 438 300
82 197 568 1 123 589
83 397 429 1 323 447
84 129 276 1 52 295
85 450 495 1 377 511
86 395 988 1 329 1009
87 401 188 1 326 205
88 547 225 1 474 235
89 143 799 1 71 822
90 194 468 1 119 487
91 619 255 1 545 266
92 387 912 1 320 933
93 518 1167 1 455 1188
94 494 320 1 420 336
95 132 325 1 56 344
96 275 41 1 197 57
97 658 145 1 583 153
98 417 1110 1 352 1130
99 193 276 1 116 294
100 462 456 1 388 473
101 197 629 1 124 650
102 486 921 1 419 940
103 136 488 1 61 509
104 569 1238 1 507 1259
105 450 462 1 377 479
106 397 362 1 322 379
107 437 514 1 364 532
108 483 875 1 415 893
109 220 1202 1 154 1228
110 492 351 1 418 366
111 499 904 1 432 922
112 415 702 1 344 721
113 427 906 1 360 925
114 415 1154 1 351 1176
115 477 271 1 402 286
116 477 795 1 408 812
117 458 387 1 383 403
118 410 881 1 342 901
119 376 942 1 309 962
120 486 911 1 419 929
121 333 428 1 259 446
122 194 486 1 120 506
123 192 324 1 116 343
124 178 320 1 102 339
125 472 759 1 403 777
126 507 310 1 432 325
127 328 569 1 256 587
128 386 873 1 318 893
129 472 350 1 397 367
130 501 1005 1 435 1023
131 193 410 1 118 429
132 123 307 1 46 326
133 218 1253 1 153 1279
134 660 179 1 586 188
135 471 304 1 395 319
136 444 482 1 370 499
137 197 645 1 124 666
138 154 1111 1 86 1137
139 197 676 1 125 698
140 465 981 1 399 1000
141 451 325 1 377 342
142 394 1239 1 330 1262
143 122 258 1 45 277
144 554 251 1 479 261
145 149 1163 1 82 1191
146 158 1164 1 92 1192
147 507 405 1 434 421
148 455 782 1 385 799
149 424 1021 1 358 1041
150 462 814 1 393 832
151 139 628 1 65 649
152 583 250 1 508 263
153 455 196 1 378 212
154 193 363 1 118 383
155 414 1005 1 348 1026
156 336 410 1 261 428
157 222 1243 1 157 1270
158 396 409 1 322 426
159 616 273 1 542 285
160 347 817 1 277 838
161 190 310 1 113 330
162 396 306 1 322 324
163 135 468 1 60 488
164 514 1250 1 452 1272
165 487 902 1 420 920
166 500 913 1 433 931
167 474 1004 1 409 1024
168 438 696 1 367 714
169 428 938 1 360 957
170 427 1200 1 363 1221
171 617 285 1 544 295
172 109 634 1 35 656
173 678 829 1 612 842
174 114 788 1 43 811
175 416 714 1 345 732
176 672 839 1 608 854
177 403 296 1 327 314
178 593 260 1 519 272
179 192 252 1 116 271
180 155 1086 1 87 1112
181 332 1072 1 266 1095
182 392 1165 1 327 1188
183 191 144 1 114 163
184 127 192 1 50 211
185 596 814 1 528 830
186 681 985 1 619 1001
187 129 162 1 52 180
188 603 818 1 536 834
189 504 292 1 429 307
190 600 168 1 526 177
191 326 410 1 251 428
192 337 748 1 266 768
193 134 411 1 58 431
194 450 805 1 381 823
195 122 935 1 52 960
196 365 1133 1 301 1155
197 548 167 1 474 177
198 153 1130 1 85 1157
199 460 853 1 392 872
200 619 241 1 546 251
201 518 313 1 443 326
202 515 1239 1 453 1260
203 549 743 1 480 759
204 583 262 1 509 275
205 262 777 1 191 797
206 166 935 1 97 960
207 197 89 1 119 107
208 412 1128 1 347 1149
209 419 728 1 348 746
210 367 729 1 296 749
211 403 1236 1 340 1259
212 106 481 1 31 502
213 393 964 1 326 984
214 347 787 1 277 807
215 332 1087 1 266 1110
216 125 145 1 47 164
217 193 935 1 124 959
218 454 217 1 378 232
219 603 733 1 535 747
220 394 1143 1 329 1165
221 128 1074 1 59 1101
222 491 289 1 416 304
223 160 1215 1 93 1243
224 483 732 1 413 749
225 535 1182 1 474 1202
226 687 822 1 621 836
227 362 991 1 295 1013
228 425 181 1 348 195
229 404 1116 1 339 1137
230 396 320 1 321 338
231 367 804 1 297 824
232 634 877 1 568 892
233 399 260 1 324 278
234 592 208 1 518 218
235 678 937 1 614 953
236 132 258 1 55 277
237 395 381 1 321 399
238 548 208 1 472 219
239 143 888 1 73 912
240 422 814 1 353 833
241 287 827 1 218 849
242 124 85 1 46 103
243 135 1207 1 68 1235
244 548 710 1 478 726
245 374 720 1 303 739
246 516 238 1 442 249
247 276 105 1 198 122
248 477 30 1 399 45
249 128 646 1 55 668
250 510 76 1 434 85
251 405 694 1 333 713
252 428 360 1 355 376
253 406 740 1 336 758
254 438 971 1 371 991
255 131 737 1 59 760
256 487 147 1 411 155
257 296 698 1 224 718
258 138 856 1 67 880
259 155 1069 1 87 1095
260 479 1041 1 413 1061
261 353 1113 1 288 1135
262 348 797 1 278 817
263 387 757 1 317 776
264 568 304 1 494 316
265 377 899 1 309 919
266 244 256 1 169 273
267 400 468 1 326 487
268 129 109 1 51 127
269 297 733 1 226 754
270 122 326 1 45 346
271 460 836 1 393 854
272 285 1022 1 218 1045
273 104 319 1 27 339
274 406 715 1 335 733
275 128 41 1 49 60
276 315 1083 1 249 1105
277 411 280 1 336 296
278 548 239 1 476 250
279 245 269 1 169 285
280 533 168 1 458 178
281 293 661 1 221 681
282 422 825 1 353 843
283 379 931 1 311 951
284 389 942 1 321 962
285 522 248 1 447 261
286 190 189 1 114 208
287 290 1194 1 225 1219
288 383 1078 1 317 1100
289 490 43 1 412 58
290 581 311 1 507 324
291 449 292 1 374 307
292 389 694 1 318 713
293 379 490 1 306 508
294 669 831 1 604 845
295 476 827 1 408 845
296 587 771 1 519 787
297 333 523 1 259 542
298 376 995 1 309 1016
299 464 411 1 391 426
300 351 748 1 280 767
301 399 912 1 331 931
302 341 1089 1 276 1111
303 397 246 1 322 263
304 619 822 1 552 838
305 406 995 1 339 1014
306 440 326 1 367 342
307 437 400 1 363 416
308 352 1072 1 286 1094
309 129 548 1 55 569
310 321 895 1 253 915
311 138 696 1 65 719
312 606 278 1 532 290
313 385 864 1 316 883
314 568 296 1 493 307
315 181 275 1 104 294
316 338 783 1 267 803
317 298 1175 1 233 1200
318 31 1047 1 -38 1074
319 570 730 1 501 746
320 257 154 1 179 171
321 210 869 1 140 892
322 306 531 1 232 549
323 374 888 1 306 908
324 366 1096 1 300 1118
325 284 285 1 208 302
326 409 970 1 342 990
327 397 1090 1 332 1111
328 156 936 1 86 960
329 452 826 1 383 844
330 473 400 1 400 416
331 314 912 1 246 933
332 133 305 1 56 325
333 649 884 1 583 899
334 473 385 1 399 401
335 416 368 1 342 384
336 581 732 1 512 748
337 328 793 1 258 813
338 579 1238 1 517 1259
339 199 546 1 125 566
340 375 859 1 306 879
341 389 1221 1 325 1244
342 403 1201 1 338 1223
343 381 504 1 308 523
344 340 884 1 271 905
345 349 1190 1 284 1214
346 380 1163 1 316 1186
347 452 162 1 377 173
348 469 1024 1 404 1043
349 669 820 1 604 834
350 404 950 1 337 970
351 101 149 1 23 168
352 519 1227 1 457 1248
353 421 404 1 347 420
354 280 24 1 201 40
355 341 502 1 267 520
356 621 294 1 548 306
357 487 804 1 419 822
358 146 909 1 75 934
359 538 292 1 465 304
360 633 681 1 564 695
361 350 877 1 281 898
362 375 770 1 305 790
363 616 686 1 548 700
364 333 537 1 260 555
365 364 717 1 293 737
366 313 845 1 244 866
367 400 1133 1 335 1154
368 208 672 1 136 694
369 300 410 1 226 428
370 301 381 1 225 400
371 497 184 1 423 193
372 85 261 1 7 280
373 441 986 1 374 1006
374 580 286 1 507 298
375 132 386 1 56 406
376 400 1252 1 336 1274
377 342 1071 1 276 1093
378 450 761 1 380 779
379 202 696 1 130 716
380 423 1011 1 356 1031
381 343 678 1 271 697
382 594 286 1 519 297
383 444 471 1 371 489
384 388 149 1 311 167
385 476 280 1 401 295
386 87 376 1 10 396
387 501 353 1 427 367
388 384 980 1 317 1000
389 606 775 1 538 791
390 293 883 1 224 904
391 289 806 1 219 827
392 572 115 1 497 122
393 85 319 1 8 339
394 274 1186 1 208 1211
395 356 1123 1 290 1146
396 455 46 1 377 61
397 350 763 1 280 783
398 295 219 1 220 237
399 376 1207 1 312 1230
400 519 303 1 443 316
401 150 1039 1 82 1065
402 382 740 1 312 759
403 219 658 1 146 680
404 509 365 1 435 381
405 369 1051 1 303 1073
406 352 967 1 285 988
407 147 1018 1 78 1043
408 417 1200 1 353 1222
409 357 784 1 287 804
410 392 952 1 325 973
411 409 1191 1 345 1212
412 85 256 1 7 275
413 88 423 1 12 444
414 284 558 1 211 577
415 307 510 1 234 529
416 411 921 1 343 940
417 105 472 1 30 492
418 295 776 1 225 795
419 439 708 1 368 726
420 616 867 1 550 883
421 391 78 1 314 96
422 293 502 1 219 521
423 372 792 1 302 812
424 431 326 1 357 341
425 243 297 1 167 313
426 145 930 1 76 955
427 501 1021 1 435 1039
428 91 561 1 16 582
429 298 686 1 227 706
430 358 982 1 291 1003
431 86 304 1 8 323
432 260 734 1 189 755
433 609 862 1 542 878
434 293 925 1 225 947
435 329 457 1 255 474
436 99 410 1 22 430
437 372 959 1 305 979
438 374 969 1 306 990
439 87 418 1 11 439
440 382 1140 1 317 1162
441 360 771 1 290 790
442 631 83 1 558 88
443 243 279 1 167 295
444 93 608 1 19 630
445 580 1179 1 518 1198
446 566 167 1 492 177
447 276 1178 1 211 1203
448 399 1065 1 333 1086
449 349 772 1 279 792
450 619 231 1 545 242
451 89 469 1 14 489
452 264 1203 1 199 1229
453 530 711 1 459 728
454 211 988 1 143 1011
455 187 1018 1 118 1043
456 86 373 1 9 393
457 413 1082 1 348 1103
458 363 968 1 295 990
459 161 1000 1 92 1025
460 443 95 1 366 112
461 650 107 1 577 113
462 92 608 1 18 630
463 558 716 1 488 732
464 96 258 1 19 277
465 299 892 1 230 914
466 476 816 1 408 833
467 101 158 1 23 177
468 106 697 1 32 719
469 413 391 1 338 407
470 86 328 1 9 348
471 620 190 1 545 201
472 310 1191 1 245 1215
473 127 1083 1 59 1110
474 169 873 1 98 896
475 288 485 1 215 504
476 84 223 1 6 243
477 371 1018 1 305 1039
478 557 909 1 490 926
479 460 110 1 383 125
480 451 368 1 377 384
481 234 1190 1 168 1217
482 144 782 1 72 805
483 373 1062 1 307 1084
484 341 1059 1 275 1081
485 338 1042 1 271 1064
486 576 741 1 507 757
487 286 34 1 207 50
488 84 266 1 7 286
489 114 797 1 42 821
490 369 932 1 301 952
491 85 210 1 6 229
492 90 534 1 15 556
493 454 229 1 378 245
494 449 61 1 371 78
495 83 63 1 3 82
496 85 272 1 8 291
497 606 214 1 532 225
498 91 572 1 16 594
499 597 899 1 531 915
500 352 96 1 274 112
501 414 934 1 345 954
502 89 455 1 13 476
503 461 765 1 392 783
504 296 936 1 228 959
505 561 224 1 489 237
506 385 991 1 318 1012
507 308 493 1 234 511
508 373 760 1 303 780
509 453 519 1 382 537
510 287 469 1 213 488
511 588 456 1 515 470
512 400 1224 1 336 1247
513 336 856 1 267 876
514 317 259 1 242 277
515 470 462 1 397 479
516 144 955 1 75 980
517 485 133 1 409 145
518 208 1178 1 142 1204
519 96 736 1 23 760
520 544 490 1 472 505
521 525 740 1 456 758
522 240 1157 1 174 1183
523 564 778 1 496 794
524 440 461 1 367 478
525 515 228 1 441 241
526 377 1007 1 310 1028
527 97 308 1 20 327
528 691 990 1 629 1006
529 85 199 1 7 218
530 465 1005 1 399 1023
531 572 1201 1 510 1221
532 86 386 1 10 407
533 640 779 1 572 793
534 378 677 1 306 696
535 91 540 1 16 561
536 385 766 1 316 786
537 364 1158 1 299 1181
538 523 1214 1 461 1236
539 379 1181 1 315 1203
540 85 245 1 7 264
541 648 678 1 580 691
542 465 1107 1 401 1127
543 615 1047 1 552 1065
544 631 732 1 563 746
545 390 1002 1 323 1022
546 450 750 1 380 768
547 93 644 1 19 667
548 548 771 1 479 788
549 83 47 1 4 66
550 319 500 1 245 519
551 412 1040 1 346 1061
552 545 283 1 471 294
553 110 643 1 36 665
554 421 166 1 343 181
555 419 959 1 352 979
556 92 632 1 18 654
557 362 955 1 295 976
558 199 400 1 124 419
559 607 243 1 533 255
560 441 84 1 363 101
561 129 58 1 50 76
562 107 735 1 35 758
563 357 945 1 290 966
564 235 1176 1 169 1201
565 400 1075 1 334 1097
566 606 287 1 533 298
567 463 250 1 388 265
568 388 1125 1 323 1147
569 88 405 1 11 425
570 236 621 1 164 641
571 132 942 1 61 966
572 449 795 1 380 813
573 367 749 1 297 769
574 276 525 1 202 544
575 110 948 1 40 973
576 94 686 1 20 708
577 598 357 1 525 369
578 472 994 1 406 1013
579 197 57 1 119 76
580 667 136 1 592 145
581 382 730 1 311 749
582 380 1154 1 315 1176
583 91 550 1 16 572
584 339 668 1 268 687
585 124 1129 1 56 1157
586 619 732 1 551 747
587 85 234 1 7 254
588 407 1051 1 341 1072
589 265 426 1 190 446
590 398 925 1 331 944
591 350 532 1 277 551
592 359 899 1 290 919
593 587 695 1 517 710
594 433 370 1 359 386
595 317 1165 1 252 1189
596 250 1161 1 184 1186
597 336 872 1 267 892
598 178 1039 1 109 1064
599 668 105 1 594 110
600 594 772 1 526 788
601 94 691 1 20 713
602 95 84 1 16 102
603 85 293 1 8 313
604 112 853 1 41 877
605 357 812 1 287 832
606 296 841 1 227 863
607 221 1178 1 155 1204
608 325 840 1 255 861
609 322 1192 1 258 1216
610 557 437 1 484 451
611 479 713 1 408 730
612 90 488 1 14 509
613 416 1176 1 352 1198
