0 393 725 1 351 756
1 460 816 1 422 846
2 477 326 1 423 352
3 353 823 1 315 856
4 470 966 1 440 997
5 456 1029 1 425 1061
6 393 1210 1 368 1248
7 433 494 1 385 524
8 461 981 1 429 1012
9 460 753 1 420 784
10 378 274 1 322 302
11 557 274 1 502 295
12 514 1164 1 491 1196
13 170 413 1 117 451
14 467 237 1 410 264
15 439 829 1 401 859
16 172 1092 1 141 1136
17 106 572 1 58 612
18 434 296 1 379 324
19 105 507 1 56 547
20 435 269 1 379 297
21 462 864 1 425 894
22 434 483 1 385 512
23 106 411 1 53 451
24 454 251 1 397 277
25 100 609 1 53 650
26 472 990 1 441 1021
27 545 238 1 489 260
28 172 641 1 126 680
29 631 172 1 575 189
30 383 725 1 342 758
31 175 275 1 118 313
32 99 450 1 47 490
33 382 218 1 324 250
34 470 955 1 438 986
35 108 1050 1 75 1096
36 108 552 1 60 593
37 172 1065 1 139 1109
38 358 973 1 325 1008
39 436 283 1 380 310
40 430 730 1 388 760
41 456 1019 1 426 1050
42 167 573 1 120 611
43 460 768 1 421 798
44 472 1033 1 443 1065
45 106 656 1 61 697
46 556 236 1 500 258
47 107 736 1 64 778
48 557 222 1 499 244
49 377 1036 1 346 1071
50 107 344 1 52 384
51 150 288 1 94 327
52 423 497 1 374 526
53 178 1013 1 144 1056
54 435 258 1 379 287
55 467 264 1 411 291
56 478 369 1 424 396
57 102 763 1 60 805
58 109 817 1 68 859
59 492 1165 1 469 1199
60 381 203 1 322 236
61 108 627 1 62 667
62 110 718 1 66 759
63 467 328 1 413 355
64 480 1011 1 449 1042
65 461 969 1 428 1001
66 526 1164 1 503 1196
67 464 174 1 407 194
68 169 508 1 119 547
69 469 381 1 417 409
70 395 703 1 353 734
71 120 1182 1 90 1228
72 369 716 1 327 749
73 171 1053 1 139 1095
74 168 766 1 126 806
75 99 392 1 46 432
76 176 294 1 121 332
77 445 852 1 408 882
78 99 468 1 49 509
79 489 278 1 433 304
80 168 551 1 120 589
81 371 416 1 320 448
82 106 257 1 49 297
83 422 484 1 373 512
84 380 175 1 322 207
85 110 781 1 69 822
86 167 450 1 116 489
87 592 255 1 538 274
88 351 897 1 316 932
89 474 1151 1 450 1185
90 470 312 1 415 339
91 109 306 1 53 346
92 452 236 1 396 263
93 258 28 1 194 62
94 567 208 1 511 227
95 633 150 1 575 164
96 422 521 1 373 550
97 377 1094 1 348 1129
98 170 258 1 113 296
99 435 446 1 384 475
100 167 611 1 121 650
101 108 469 1 58 509
102 524 1222 1 501 1255
103 424 451 1 373 480
104 373 349 1 318 381
105 409 503 1 360 533
106 447 862 1 411 893
107 180 1182 1 152 1227
108 467 342 1 414 369
109 463 891 1 428 922
110 383 690 1 341 721
111 391 892 1 356 925
112 375 1137 1 348 1174
113 454 262 1 397 289
114 443 783 1 404 813
115 432 377 1 379 406
116 375 867 1 338 901
117 340 927 1 306 961
118 450 899 1 415 929
119 307 414 1 256 448
120 167 469 1 117 507
121 169 307 1 113 344
122 155 302 1 99 341
123 438 747 1 399 778
124 300 554 1 253 588
125 351 859 1 314 893
126 447 341 1 392 370
127 686 817 1 652 837
128 168 393 1 115 431
129 100 288 1 43 328
130 176 1233 1 150 1278
131 416 793 1 377 824
132 634 183 1 577 199
133 447 296 1 391 323
134 167 628 1 121 667
135 115 1091 1 84 1136
136 483 303 1 427 329
137 167 659 1 122 698
138 426 967 1 394 999
139 530 298 1 477 321
140 351 1221 1 326 1260
141 100 239 1 42 278
142 528 249 1 473 270
143 110 1143 1 80 1190
144 119 1144 1 89 1191
145 480 397 1 429 424
146 420 769 1 381 799
147 386 1006 1 354 1040
148 427 801 1 389 832
149 109 609 1 62 650
150 558 248 1 502 270
151 590 284 1 536 303
152 441 803 1 403 833
153 169 346 1 115 384
154 376 990 1 345 1025
155 310 396 1 258 429
156 181 1223 1 154 1268
157 415 471 1 366 501
158 371 396 1 319 428
159 436 990 1 404 1023
160 589 273 1 535 293
161 568 246 1 513 267
162 313 802 1 274 838
163 167 294 1 110 331
164 373 293 1 318 326
165 109 449 1 57 489
166 469 1232 1 447 1268
167 451 889 1 416 920
168 463 900 1 428 931
169 459 24 1 395 51
170 407 683 1 364 714
171 391 924 1 357 957
172 385 1183 1 359 1219
173 79 614 1 33 656
174 637 822 1 603 844
175 82 768 1 40 811
176 383 701 1 341 732
177 631 832 1 600 855
178 380 284 1 324 316
179 566 259 1 513 280
180 170 235 1 113 273
181 117 1066 1 84 1112
182 294 1056 1 263 1094
183 351 1148 1 324 1186
184 171 126 1 111 164
185 107 173 1 47 213
186 558 805 1 522 831
187 635 975 1 609 1000
188 109 143 1 49 182
189 565 810 1 530 835
190 480 284 1 424 311
191 575 171 1 519 188
192 300 395 1 248 429
193 304 733 1 263 768
194 109 392 1 56 432
195 493 308 1 438 332
196 87 915 1 49 959
197 325 1116 1 297 1154
198 524 169 1 467 188
199 114 1110 1 82 1156
200 593 241 1 539 260
201 470 1221 1 448 1256
202 514 733 1 475 760
203 558 260 1 503 282
204 230 760 1 189 798
205 131 917 1 94 959
206 178 72 1 116 109
207 372 1112 1 344 1148
208 427 823 1 389 854
209 334 715 1 292 749
210 361 1218 1 336 1257
211 79 462 1 28 503
212 356 949 1 322 983
213 450 908 1 415 939
214 314 772 1 274 807
215 293 1070 1 263 1109
216 106 126 1 44 166
217 158 917 1 121 959
218 567 725 1 529 749
219 354 1126 1 326 1163
220 90 1054 1 56 1100
221 467 281 1 411 308
222 120 1195 1 91 1242
223 450 720 1 409 750
224 645 815 1 612 837
225 325 976 1 292 1012
226 403 175 1 344 202
227 364 1100 1 335 1136
228 373 307 1 318 339
229 333 790 1 294 824
230 594 867 1 561 892
231 377 248 1 320 280
232 451 64 1 388 94
233 634 928 1 605 953
234 110 239 1 52 278
235 371 368 1 318 401
236 524 207 1 466 228
237 109 869 1 70 912
238 388 801 1 349 833
239 254 811 1 215 849
240 106 65 1 43 105
241 95 1186 1 65 1234
242 514 701 1 473 727
243 342 706 1 300 739
244 493 234 1 437 256
245 257 91 1 195 126
246 309 41 1 246 73
247 98 627 1 52 669
248 373 681 1 330 713
249 404 350 1 351 379
250 374 726 1 332 759
251 401 957 1 367 990
252 99 718 1 56 760
253 264 682 1 221 718
254 104 837 1 64 880
255 117 1049 1 84 1094
256 440 1027 1 409 1059
257 315 1096 1 285 1134
258 315 783 1 275 817
259 354 743 1 313 776
260 173 24 1 110 63
261 342 884 1 306 918
262 373 456 1 322 488
263 111 89 1 48 129
264 265 717 1 223 754
265 99 307 1 43 347
266 523 223 1 468 244
267 249 1005 1 215 1044
268 80 300 1 24 340
269 374 701 1 332 733
270 276 1065 1 246 1104
271 388 270 1 332 300
272 510 169 1 452 189
273 262 646 1 218 682
274 387 811 1 349 843
275 343 916 1 307 951
276 352 927 1 317 961
277 497 245 1 442 268
278 170 172 1 111 210
279 250 1175 1 222 1218
280 345 1062 1 314 1099
281 223 243 1 166 277
282 555 308 1 501 330
283 606 92 1 548 105
284 426 284 1 370 311
285 357 680 1 314 713
286 352 477 1 302 509
287 628 824 1 595 846
288 434 189 1 374 216
289 441 814 1 403 845
290 551 763 1 512 788
291 426 315 1 373 345
292 305 510 1 256 544
293 339 979 1 305 1015
294 438 402 1 387 429
295 319 733 1 277 767
296 363 897 1 328 931
297 302 1072 1 272 1110
298 376 233 1 318 265
299 580 814 1 545 839
300 368 980 1 335 1013
301 415 316 1 363 345
302 411 390 1 359 419
303 523 238 1 470 259
304 314 1056 1 282 1093
305 462 990 1 430 1022
306 102 529 1 52 570
307 285 879 1 250 915
308 108 677 1 62 719
309 579 278 1 525 298
310 349 849 1 312 883
311 424 840 1 387 872
312 542 295 1 487 315
313 159 258 1 101 296
314 305 768 1 264 803
315 258 1157 1 230 1198
316 535 722 1 495 748
317 237 141 1 176 175
318 175 851 1 137 892
319 278 516 1 229 551
320 375 1026 1 343 1060
321 339 874 1 303 908
322 327 1079 1 297 1116
323 261 272 1 205 306
324 358 1074 1 328 1110
325 121 917 1 83 959
326 278 896 1 243 933
327 418 813 1 379 844
328 447 391 1 395 420
329 110 287 1 53 326
330 608 876 1 575 900
331 448 376 1 395 404
332 391 358 1 338 388
333 545 724 1 506 749
334 294 777 1 254 813
335 533 1221 1 512 1255
336 171 529 1 122 567
337 340 845 1 303 879
338 347 1203 1 321 1242
339 361 1183 1 335 1221
340 354 491 1 305 524
341 304 868 1 267 904
342 308 1173 1 281 1212
343 340 1147 1 313 1185
344 430 1009 1 399 1041
345 629 813 1 595 835
346 368 935 1 333 970
347 81 129 1 20 170
348 475 1210 1 452 1245
349 594 294 1 541 314
350 110 1180 1 81 1227
351 453 792 1 414 822
352 111 890 1 73 934
353 513 289 1 459 311
354 483 28 1 419 56
355 597 676 1 557 698
356 314 862 1 278 897
357 342 756 1 302 790
358 580 680 1 541 703
359 305 523 1 257 557
360 332 703 1 290 737
361 279 830 1 241 866
362 360 1117 1 332 1152
363 177 656 1 133 694
364 275 395 1 223 430
365 276 366 1 222 401
366 474 183 1 417 204
367 62 241 1 4 282
368 403 971 1 370 1005
369 554 285 1 500 306
370 108 368 1 53 408
371 357 1234 1 333 1272
372 303 1054 1 272 1092
373 416 748 1 376 780
374 171 678 1 127 717
375 385 996 1 353 1030
376 312 664 1 268 698
377 567 284 1 512 305
378 416 460 1 367 491
379 368 137 1 307 170
380 453 272 1 397 299
381 62 356 1 7 397
382 476 345 1 422 370
383 347 964 1 314 1000
384 568 767 1 531 792
385 258 866 1 221 904
386 256 790 1 216 827
387 62 300 1 5 340
388 234 1167 1 205 1210
389 317 1107 1 287 1145
390 219 714 1 176 752
391 437 39 1 373 67
392 318 748 1 277 783
393 274 204 1 216 240
394 335 1190 1 308 1228
395 494 298 1 438 322
396 508 237 1 453 259
397 113 1020 1 79 1064
398 350 726 1 308 759
399 189 642 1 144 680
400 483 358 1 430 385
401 331 1035 1 300 1072
402 316 952 1 282 988
403 376 1183 1 349 1220
404 324 770 1 284 804
405 356 937 1 321 972
406 368 1174 1 342 1210
407 62 236 1 4 277
408 62 404 1 9 445
409 373 955 1 338 989
410 256 542 1 208 578
411 280 496 1 231 531
412 374 906 1 339 940
413 78 452 1 27 493
414 263 759 1 222 796
415 407 695 1 364 726
416 576 858 1 543 883
417 373 65 1 310 98
418 266 487 1 216 522
419 338 777 1 298 812
420 407 317 1 353 346
421 221 283 1 164 317
422 110 911 1 73 955
423 461 1006 1 430 1038
424 62 541 1 13 583
425 267 671 1 224 707
426 321 967 1 288 1003
427 689 82 1 631 93
428 63 284 1 6 325
429 569 853 1 535 878
430 258 909 1 222 947
431 303 443 1 252 475
432 73 391 1 20 432
433 336 943 1 301 979
434 337 954 1 303 989
435 62 399 1 8 440
436 342 1123 1 313 1160
437 327 756 1 286 791
438 314 488 1 264 521
439 221 265 1 165 299
440 63 589 1 16 631
441 535 1164 1 512 1195
442 252 897 1 216 935
443 542 169 1 485 188
444 236 1159 1 208 1201
445 360 1049 1 330 1084
446 317 757 1 276 792
447 593 232 1 538 251
448 63 449 1 11 490
449 225 1184 1 196 1227
450 175 970 1 141 1011
451 150 1000 1 116 1042
452 62 353 1 7 395
453 374 1067 1 344 1102
454 326 953 1 292 989
455 125 981 1 90 1025
456 425 84 1 362 115
457 469 29 1 405 57
458 74 238 1 16 279
459 264 876 1 227 914
460 81 139 1 20 179
461 387 714 1 345 746
462 75 677 1 30 720
463 387 381 1 335 410
464 63 308 1 6 349
465 595 191 1 538 210
466 270 1173 1 242 1213
467 89 1063 1 56 1109
468 134 854 1 95 896
469 261 470 1 212 505
470 63 203 1 3 244
471 334 1002 1 301 1038
472 518 898 1 485 926
473 426 360 1 373 388
474 193 1171 1 165 1215
475 112 763 1 70 805
476 334 1046 1 304 1083
477 303 1043 1 271 1080
478 300 1026 1 268 1063
479 541 733 1 502 759
480 62 246 1 4 287
481 81 778 1 39 821
482 333 917 1 298 952
483 64 190 1 4 231
484 62 515 1 12 556
485 432 220 1 374 249
486 64 42 1 0 84
487 581 214 1 525 234
488 63 553 1 14 594
489 558 889 1 525 915
490 390 398 1 339 428
491 377 920 1 342 953
492 63 436 1 10 477
493 427 753 1 388 783
494 260 920 1 225 958
495 537 222 1 482 245
496 347 976 1 315 1011
497 281 479 1 231 513
498 340 746 1 299 780
499 676 145 1 619 160
500 424 508 1 378 539
501 260 454 1 209 489
502 558 452 1 509 475
503 358 1207 1 333 1245
504 302 840 1 264 876
505 296 245 1 239 279
506 443 452 1 393 481
507 109 935 1 72 979
508 169 1158 1 139 1202
509 64 717 1 20 760
510 514 483 1 466 508
511 491 731 1 451 759
512 201 1138 1 171 1181
513 528 769 1 490 795
514 413 449 1 363 479
515 492 224 1 435 248
516 339 992 1 307 1027
517 74 288 1 18 329
518 643 979 1 618 1004
519 64 178 1 4 219
520 426 990 1 394 1022
521 347 1231 1 323 1269
522 528 1184 1 505 1218
523 62 367 1 7 408
524 601 772 1 565 795
525 346 664 1 303 696
526 63 520 1 13 562
527 352 753 1 312 786
528 324 1141 1 296 1179
529 479 1197 1 455 1232
530 338 1164 1 311 1202
531 63 225 1 4 266
532 611 674 1 572 695
533 425 1092 1 397 1125
534 572 1034 1 545 1063
535 593 725 1 556 748
536 353 986 1 320 1021
537 417 737 1 377 768
538 63 625 1 16 667
539 512 762 1 474 789
540 65 26 1 1 68
541 292 486 1 242 520
542 461 149 1 405 168
543 519 281 1 464 303
544 80 624 1 34 666
545 484 1147 1 460 1180
546 178 96 1 116 134
547 401 158 1 339 187
548 382 945 1 348 979
549 63 612 1 16 655
550 326 939 1 291 975
551 174 383 1 121 420
552 581 243 1 526 263
553 423 73 1 359 104
554 111 38 1 47 78
555 76 715 1 32 758
556 321 929 1 286 965
557 195 1157 1 166 1200
558 361 1060 1 331 1095
559 579 287 1 526 306
560 441 242 1 384 270
561 349 1109 1 319 1146
562 62 385 1 8 426
563 207 605 1 161 642
564 96 922 1 59 966
565 414 782 1 376 813
566 335 735 1 293 769
567 247 509 1 199 545
568 499 258 1 444 281
569 63 666 1 18 708
570 686 801 1 652 821
571 570 354 1 518 375
572 179 40 1 116 79
573 641 142 1 584 157
574 349 717 1 308 750
575 340 1137 1 312 1175
576 63 531 1 13 573
577 309 654 1 265 688
578 86 1109 1 54 1156
579 583 725 1 544 749
580 63 214 1 4 255
581 362 911 1 328 944
582 322 519 1 274 552
583 324 883 1 287 919
584 552 688 1 511 713
585 407 361 1 355 390
586 277 1147 1 249 1187
587 210 1142 1 181 1185
588 301 857 1 263 892
589 141 1020 1 106 1063
590 641 114 1 584 126
591 63 671 1 18 714
592 76 63 1 13 104
593 62 273 1 5 314
594 78 833 1 38 877
595 323 798 1 284 832
596 262 826 1 224 863
597 182 1158 1 153 1202
598 290 824 1 252 861
599 282 1174 1 255 1214
600 528 431 1 479 455
601 446 701 1 404 731
602 63 468 1 12 510
603 376 1159 1 348 1196
