0 75 524 1 52 549
1 436 259 1 403 271
2 362 741 1 346 757
3 428 832 1 416 847
4 323 839 1 310 857
5 424 1044 1 419 1060
6 364 1224 1 363 1245
7 401 513 1 379 527
8 430 995 1 423 1012
9 428 771 1 414 786
10 482 1175 1 482 1194
11 139 431 1 113 453
12 141 1068 1 135 1095
13 408 845 1 395 860
14 142 1109 1 137 1135
15 75 589 1 54 614
16 441 981 1 433 997
17 402 291 1 373 304
18 417 201 1 386 207
19 431 880 1 419 895
20 402 502 1 379 515
21 76 429 1 49 454
22 402 318 1 373 331
23 421 274 1 391 285
24 70 626 1 49 651
25 441 1005 1 434 1021
26 510 265 1 480 272
27 142 658 1 122 682
28 592 206 1 563 207
29 352 742 1 337 759
30 144 294 1 114 316
31 69 468 1 43 492
32 350 237 1 319 253
33 522 300 1 493 307
34 78 1067 1 71 1095
35 78 570 1 56 595
36 142 1082 1 136 1108
37 328 988 1 320 1008
38 398 746 1 382 762
39 425 1034 1 419 1050
40 137 591 1 116 613
41 429 785 1 415 800
42 441 1047 1 437 1064
43 76 673 1 57 698
44 439 970 1 433 986
45 77 753 1 61 778
46 444 347 1 417 359
47 389 538 1 368 553
48 347 1051 1 341 1070
49 76 363 1 48 387
50 480 1232 1 481 1251
51 403 306 1 374 318
52 120 307 1 90 330
53 149 1030 1 140 1056
54 402 280 1 373 293
55 435 286 1 405 298
56 444 390 1 418 401
57 72 779 1 57 805
58 521 265 1 491 270
59 79 833 1 65 859
60 461 1177 1 461 1196
61 349 222 1 317 239
62 595 216 1 565 217
63 78 644 1 58 669
64 79 735 1 62 760
65 435 350 1 407 362
66 448 1025 1 442 1042
67 494 1175 1 495 1193
68 138 526 1 115 549
69 437 402 1 411 414
70 364 719 1 347 735
71 455 301 1 426 312
72 90 1199 1 87 1227
73 338 733 1 322 750
74 138 782 1 122 806
75 69 410 1 42 435
76 145 313 1 116 335
77 283 820 1 269 839
78 69 486 1 45 511
79 273 574 1 248 591
80 138 568 1 116 591
81 340 434 1 314 450
82 556 284 1 528 288
83 428 984 1 421 1001
84 77 275 1 45 300
85 530 312 1 503 317
86 349 195 1 317 211
87 80 797 1 65 823
88 610 855 1 602 865
89 137 468 1 112 491
90 345 293 1 316 309
91 321 913 1 311 933
92 443 1163 1 443 1183
93 508 325 1 481 333
94 78 325 1 49 349
95 594 184 1 563 184
96 347 1108 1 343 1128
97 140 277 1 109 299
98 403 465 1 379 479
99 137 628 1 117 651
100 410 820 1 397 835
101 79 487 1 54 512
102 492 1232 1 493 1252
103 341 368 1 313 383
104 530 275 1 503 280
105 415 878 1 405 894
106 138 325 1 109 347
107 553 312 1 526 317
108 352 706 1 336 723
109 399 399 1 373 412
110 360 908 1 350 926
111 345 1152 1 343 1172
112 521 250 1 491 256
113 411 799 1 398 814
114 391 514 1 369 529
115 344 883 1 333 901
116 310 942 1 301 961
117 418 914 1 409 930
118 276 432 1 251 450
119 137 487 1 113 509
120 125 321 1 95 343
121 407 764 1 393 779
122 321 875 1 309 894
123 414 363 1 386 375
124 646 833 1 638 842
125 137 411 1 111 433
126 70 306 1 40 331
127 385 810 1 371 825
128 415 318 1 385 330
129 136 645 1 117 668
130 86 1108 1 80 1135
131 137 676 1 118 699
132 396 982 1 388 999
133 322 1235 1 322 1257
134 434 364 1 407 375
135 70 257 1 38 282
136 493 278 1 464 284
137 81 1160 1 76 1189
138 90 1161 1 86 1189
139 447 418 1 423 429
140 389 786 1 375 801
141 356 1021 1 349 1039
142 396 818 1 382 835
143 79 626 1 59 651
144 490 247 1 460 252
145 597 848 1 588 858
146 139 364 1 111 387
147 346 1005 1 340 1024
148 280 414 1 253 432
149 152 1240 1 151 1267
150 228 52 1 190 69
151 340 414 1 314 430
152 405 1005 1 398 1022
153 552 302 1 525 306
154 136 312 1 106 334
155 353 717 1 336 734
156 341 312 1 313 329
157 79 467 1 53 491
158 151 1199 1 148 1225
159 419 905 1 409 921
160 413 867 1 402 883
161 431 916 1 422 931
162 393 528 1 372 542
163 375 700 1 358 715
164 429 207 1 398 213
165 361 940 1 351 957
166 148 1250 1 146 1277
167 437 335 1 409 346
168 356 1197 1 354 1217
169 49 632 1 29 658
170 599 839 1 591 848
171 52 785 1 36 812
172 140 254 1 109 276
173 420 283 1 391 296
174 87 1083 1 80 1111
175 392 468 1 367 483
176 264 1071 1 258 1093
177 321 1163 1 319 1184
178 141 145 1 106 168
179 77 192 1 43 217
180 533 286 1 504 292
181 595 988 1 594 1001
182 80 162 1 45 186
183 530 826 1 520 838
184 447 307 1 417 318
185 536 204 1 508 207
186 418 88 1 382 101
187 270 413 1 243 432
188 274 749 1 259 768
189 390 501 1 368 515
190 79 410 1 52 435
191 57 932 1 45 959
192 84 1127 1 79 1155
193 556 270 1 528 274
194 440 1232 1 440 1253
195 523 287 1 494 294
196 101 933 1 90 959
197 148 92 1 111 114
198 343 1127 1 339 1146
199 303 732 1 287 750
200 332 1232 1 331 1254
201 49 480 1 24 505
202 326 964 1 317 983
203 419 923 1 409 940
204 384 489 1 361 504
205 283 788 1 269 808
206 264 1087 1 258 1108
207 76 145 1 40 169
208 532 744 1 519 754
209 60 1071 1 53 1099
210 434 304 1 405 316
211 90 1213 1 87 1240
212 459 261 1 429 269
213 418 737 1 403 752
214 607 832 1 599 842
215 295 992 1 287 1012
216 248 937 1 237 958
217 334 1115 1 330 1135
218 370 972 1 362 990
219 81 42 1 43 66
220 341 326 1 313 342
221 303 806 1 289 825
222 80 1198 1 77 1226
223 346 267 1 315 283
224 297 1131 1 293 1153
225 448 326 1 420 336
226 597 943 1 592 955
227 80 258 1 48 282
228 339 387 1 312 403
229 488 237 1 457 243
230 79 885 1 66 912
231 357 817 1 344 834
232 223 827 1 210 850
233 76 84 1 39 109
234 65 1204 1 62 1233
235 480 719 1 465 731
236 497 324 1 469 332
237 311 722 1 295 740
238 522 275 1 493 281
239 486 203 1 457 207
240 441 1247 1 442 1267
241 128 933 1 117 958
242 68 645 1 48 670
243 544 312 1 516 319
244 342 697 1 325 714
245 493 263 1 464 270
246 343 743 1 327 760
247 69 735 1 52 761
248 458 333 1 430 342
249 233 699 1 217 719
250 74 854 1 60 880
251 88 1066 1 81 1093
252 409 1041 1 403 1059
253 285 1112 1 281 1133
254 323 759 1 308 777
255 143 44 1 105 67
256 311 899 1 301 919
257 532 236 1 502 242
258 341 473 1 317 490
259 81 109 1 44 133
260 235 734 1 218 754
261 68 325 1 39 350
262 218 1021 1 211 1043
263 50 318 1 20 343
264 343 718 1 326 735
265 419 260 1 389 271
266 247 1082 1 241 1103
267 394 839 1 383 856
268 473 203 1 442 208
269 321 495 1 297 512
270 232 663 1 213 683
271 356 828 1 343 845
272 312 932 1 302 951
273 371 203 1 337 213
274 322 942 1 312 961
275 392 107 1 356 121
276 140 191 1 106 213
277 448 251 1 416 261
278 220 1191 1 218 1216
279 315 1078 1 309 1098
280 519 334 1 493 341
281 326 697 1 309 715
282 666 655 1 654 659
283 409 831 1 397 847
284 401 181 1 367 194
285 516 780 1 504 792
286 274 528 1 251 547
287 337 993 1 330 1013
288 288 749 1 272 768
289 332 913 1 323 932
290 273 1088 1 268 1109
291 344 252 1 313 268
292 545 831 1 535 842
293 677 113 1 647 107
294 395 1005 1 388 1022
295 284 1072 1 278 1092
296 431 1005 1 424 1022
297 71 546 1 48 571
298 448 1209 1 448 1229
299 256 895 1 246 916
300 78 694 1 59 720
301 319 865 1 307 884
302 393 856 1 382 873
303 372 371 1 345 385
304 129 276 1 97 299
305 274 784 1 260 804
306 229 1173 1 226 1196
307 501 740 1 487 752
308 206 162 1 171 181
309 146 868 1 133 892
310 432 25 1 393 32
311 247 534 1 225 553
312 344 1040 1 338 1059
313 308 889 1 298 909
314 298 1095 1 292 1115
315 142 33 1 104 56
316 329 1089 1 324 1109
317 90 933 1 80 959
318 250 912 1 238 934
319 457 174 1 425 179
320 387 830 1 373 845
321 415 413 1 389 425
322 80 305 1 49 329
323 571 891 1 564 903
324 482 751 1 467 764
325 475 263 1 445 272
326 511 742 1 498 753
327 264 794 1 250 814
328 502 1232 1 503 1251
329 465 271 1 434 280
330 310 861 1 298 880
331 318 1218 1 317 1240
332 332 1198 1 330 1219
333 322 508 1 300 525
334 274 884 1 263 905
335 279 1188 1 276 1210
336 311 1162 1 308 1183
337 399 1024 1 393 1041
338 591 830 1 583 840
339 372 990 1 365 1005
340 337 951 1 328 970
341 658 172 1 628 169
342 51 148 1 16 174
343 378 412 1 353 425
344 444 1221 1 444 1241
345 558 884 1 550 895
346 557 322 1 531 327
347 421 809 1 408 823
348 606 832 1 598 842
349 81 907 1 69 934
350 193 278 1 161 297
351 450 55 1 412 65
352 33 308 1 2 333
353 561 695 1 546 705
354 284 878 1 273 898
355 311 773 1 297 791
356 329 1249 1 329 1271
357 302 720 1 285 738
358 648 659 1 634 665
359 249 847 1 236 867
360 331 1131 1 327 1151
361 147 673 1 129 696
362 244 413 1 218 432
363 245 385 1 218 404
364 435 55 1 399 66
365 77 386 1 50 410
366 274 1070 1 268 1091
367 385 765 1 371 781
368 355 1011 1 347 1030
369 281 681 1 263 700
370 384 479 1 361 494
371 337 158 1 302 174
372 33 470 1 7 496
373 420 294 1 390 305
374 457 93 1 422 99
375 317 980 1 309 999
376 534 785 1 522 796
377 229 883 1 217 904
378 226 806 1 212 828
379 519 311 1 491 318
380 205 1183 1 201 1208
381 287 1123 1 283 1143
382 189 731 1 172 753
383 405 64 1 367 76
384 287 765 1 272 784
385 244 225 1 212 243
386 306 1205 1 304 1227
387 460 324 1 430 333
388 259 642 1 240 661
389 83 1037 1 76 1064
390 319 742 1 303 760
391 159 659 1 140 682
392 450 380 1 424 391
393 286 968 1 277 987
394 346 1197 1 344 1218
395 293 786 1 279 805
396 361 381 1 334 395
397 339 1188 1 337 1208
398 342 970 1 333 989
399 236 151 1 201 168
400 225 560 1 203 580
401 249 514 1 226 534
402 344 922 1 334 940
403 48 470 1 23 496
404 375 712 1 359 728
405 544 874 1 533 886
406 342 85 1 305 102
407 308 794 1 293 813
408 150 62 1 111 84
409 190 305 1 160 324
410 80 928 1 70 955
411 430 1020 1 424 1038
412 278 66 1 241 82
413 237 688 1 219 708
414 291 983 1 283 1002
415 646 123 1 615 119
416 199 778 1 185 800
417 535 869 1 526 881
418 307 990 1 299 1009
419 43 409 1 16 434
420 610 870 1 604 881
421 305 959 1 296 979
422 307 969 1 298 989
423 296 773 1 282 791
424 33 267 1 1 293
425 281 833 1 267 853
426 190 290 1 161 307
427 503 1175 1 504 1192
428 33 291 1 2 317
429 222 913 1 212 935
430 504 203 1 475 207
431 207 1175 1 204 1200
432 330 1064 1 325 1084
433 286 774 1 271 793
434 556 261 1 528 265
435 583 163 1 553 161
436 502 251 1 472 258
437 195 1200 1 192 1225
438 146 985 1 137 1010
439 120 1016 1 112 1042
440 344 1081 1 339 1101
441 296 969 1 287 989
442 96 998 1 86 1024
443 68 572 1 46 596
444 33 246 1 0 272
445 44 257 1 12 282
446 664 839 1 658 847
447 234 892 1 223 914
448 253 89 1 216 106
449 51 157 1 16 183
450 356 730 1 339 747
451 45 694 1 26 721
452 591 152 1 561 149
453 241 1188 1 238 1211
454 60 1080 1 53 1108
455 105 871 1 92 896
456 34 483 1 8 509
457 304 1018 1 297 1037
458 485 914 1 477 927
459 580 1197 1 582 1213
460 460 1221 1 460 1240
461 164 1187 1 161 1213
462 81 780 1 66 805
463 305 1062 1 299 1082
464 33 257 1 0 282
465 271 91 1 233 106
466 273 1058 1 267 1079
467 270 1041 1 263 1063
468 51 795 1 36 821
469 303 932 1 293 952
470 524 1129 1 523 1145
471 545 700 1 531 709
472 35 61 1 -3 87
473 545 243 1 515 248
474 358 420 1 333 434
475 347 936 1 337 954
476 396 770 1 382 785
477 231 936 1 221 958
478 318 991 1 310 1011
479 250 497 1 227 516
480 309 762 1 294 781
481 636 179 1 606 179
482 291 55 1 253 70
483 230 472 1 205 492
484 523 475 1 500 483
485 329 1221 1 328 1243
486 271 857 1 260 877
487 265 266 1 234 283
488 411 471 1 388 485
489 78 952 1 69 979
490 194 266 1 162 285
491 140 696 1 123 718
492 140 1175 1 136 1201
493 481 504 1 459 515
494 172 1154 1 167 1180
495 495 786 1 482 799
496 458 251 1 428 260
497 309 1007 1 302 1027
498 44 307 1 14 332
499 58 1159 1 53 1187
500 604 992 1 602 1006
501 289 801 1 275 820
502 33 635 1 12 661
503 564 790 1 554 800
504 315 680 1 298 698
505 322 769 1 307 787
506 294 1156 1 291 1178
507 309 1178 1 306 1200
508 574 694 1 560 702
509 395 1106 1 391 1124
510 325 953 1 316 972
511 646 41 1 615 31
512 557 744 1 545 754
513 322 1001 1 315 1021
514 386 754 1 371 770
515 439 210 1 408 215
516 479 779 1 466 792
517 35 46 1 -2 72
518 33 541 1 9 567
519 488 1247 1 490 1265
520 483 310 1 455 316
521 50 641 1 30 667
522 454 1158 1 452 1177
523 148 116 1 111 138
524 352 961 1 343 979
525 296 955 1 287 975
526 144 400 1 117 423
527 544 272 1 516 277
528 253 804 1 239 825
529 414 397 1 388 410
530 319 1245 1 318 1267
531 81 58 1 43 82
532 46 733 1 29 759
533 509 1132 1 508 1149
534 291 945 1 282 965
535 166 1172 1 163 1198
536 331 1075 1 326 1094
537 531 501 1 510 509
538 308 1142 1 304 1163
539 176 622 1 157 644
540 66 939 1 55 966
541 383 798 1 370 815
542 304 751 1 288 770
543 216 526 1 194 547
544 466 284 1 436 292
545 646 818 1 638 826
546 535 379 1 509 386
547 320 1131 1 316 1152
548 136 547 1 113 570
549 602 176 1 571 177
550 319 733 1 303 751
551 310 1152 1 307 1173
552 278 671 1 260 690
553 56 1126 1 50 1155
554 280 497 1 256 515
555 332 927 1 322 944
556 291 537 1 269 556
557 294 899 1 282 919
558 518 706 1 503 718
559 375 383 1 349 396
560 248 1162 1 244 1186
561 181 1158 1 177 1184
562 293 730 1 277 748
563 270 873 1 259 893
564 111 1036 1 102 1062
565 231 1063 1 225 1086
566 34 694 1 15 721
567 535 149 1 503 151
568 46 83 1 9 108
569 239 521 1 216 541
570 48 850 1 35 877
571 33 321 1 2 346
572 293 814 1 279 833
573 233 843 1 220 863
574 153 1175 1 149 1201
575 390 94 1 354 109
576 261 841 1 247 862
577 253 1189 1 250 1213
578 414 718 1 398 733
579 346 1173 1 343 1194
