0 105 533 1 50 549
1 458 264 1 401 274
2 394 744 1 344 757
3 462 834 1 414 847
4 357 843 1 308 857
5 462 1044 1 417 1059
6 405 1226 1 361 1244
7 430 516 1 377 528
8 467 996 1 420 1011
9 461 772 1 412 786
10 183 1115 1 136 1134
11 522 1174 1 479 1192
12 166 439 1 111 454
13 181 1074 1 133 1094
14 442 847 1 393 860
15 106 598 1 53 614
16 477 982 1 431 996
17 426 296 1 371 306
18 465 881 1 417 895
19 430 505 1 377 516
20 103 440 1 48 455
21 426 323 1 371 333
22 444 278 1 388 287
23 101 635 1 48 652
24 532 269 1 477 276
25 173 666 1 121 682
26 611 210 1 558 214
27 385 745 1 335 759
28 169 304 1 113 317
29 97 478 1 42 493
30 373 242 1 317 254
31 544 303 1 490 311
32 118 1074 1 70 1095
33 108 579 1 54 595
34 182 1088 1 134 1108
35 365 991 1 319 1007
36 477 1006 1 432 1020
37 431 749 1 380 762
38 552 315 1 499 322
39 462 1035 1 417 1049
40 168 599 1 114 613
41 462 787 1 413 801
42 479 1048 1 434 1063
43 109 681 1 56 699
44 476 971 1 430 985
45 111 761 1 59 779
46 468 351 1 414 361
47 385 1052 1 339 1069
48 103 373 1 46 388
49 520 1230 1 478 1249
50 427 311 1 371 320
51 145 317 1 88 331
52 188 1036 1 139 1055
53 426 285 1 370 296
54 458 290 1 402 300
55 469 394 1 416 403
56 107 788 1 55 805
57 543 269 1 488 275
58 114 841 1 63 859
59 500 1176 1 458 1194
60 371 228 1 315 240
61 614 221 1 560 224
62 110 653 1 57 669
63 113 743 1 61 760
64 459 354 1 404 364
65 485 1026 1 439 1041
66 534 1174 1 491 1191
67 168 534 1 114 549
68 462 405 1 408 416
69 396 722 1 345 736
70 479 305 1 424 314
71 132 1205 1 85 1226
72 371 737 1 320 750
73 172 790 1 121 806
74 96 421 1 40 436
75 170 323 1 115 336
76 317 824 1 267 839
77 98 496 1 43 512
78 532 1231 1 490 1249
79 168 576 1 115 591
80 367 439 1 312 451
81 578 288 1 524 294
82 465 985 1 419 1000
83 101 287 1 44 301
84 371 200 1 315 212
85 481 1162 1 440 1181
86 115 805 1 63 823
87 642 853 1 597 866
88 165 477 1 111 492
89 369 299 1 314 311
90 357 916 1 309 933
91 467 59 1 409 69
92 531 329 1 477 337
93 104 336 1 47 350
94 612 188 1 558 191
95 164 287 1 107 300
96 430 468 1 376 480
97 168 636 1 115 652
98 466 907 1 419 921
99 443 822 1 395 835
100 108 497 1 53 512
101 386 1110 1 341 1127
102 366 372 1 311 384
103 552 279 1 500 285
104 450 880 1 403 894
105 164 334 1 108 348
106 575 316 1 522 322
107 425 404 1 370 414
108 396 910 1 348 925
109 385 1154 1 341 1171
110 542 253 1 487 261
111 444 802 1 395 815
112 419 518 1 367 530
113 379 886 1 331 901
114 346 946 1 299 961
115 454 915 1 407 929
116 303 438 1 249 451
117 165 495 1 111 510
118 150 331 1 93 344
119 440 766 1 391 780
120 478 111 1 421 118
121 356 879 1 307 893
122 439 367 1 384 377
123 677 832 1 633 843
124 164 420 1 109 434
125 95 317 1 38 332
126 168 653 1 115 668
127 126 1114 1 79 1135
128 365 674 1 313 687
129 438 93 1 380 103
130 169 683 1 117 699
131 432 983 1 386 998
132 364 1238 1 320 1256
133 459 368 1 405 377
134 94 269 1 37 283
135 515 284 1 460 290
136 122 1166 1 75 1188
137 468 257 1 413 265
138 131 1167 1 84 1189
139 473 421 1 420 432
140 393 1024 1 347 1039
141 111 635 1 57 652
142 511 252 1 456 258
143 629 847 1 583 859
144 165 374 1 109 387
145 384 1008 1 338 1024
146 306 420 1 251 432
147 194 1245 1 149 1266
148 247 62 1 188 72
149 418 812 1 369 825
150 366 419 1 312 431
151 442 1006 1 396 1022
152 574 305 1 521 311
153 161 322 1 104 335
154 385 721 1 334 734
155 366 317 1 311 330
156 107 477 1 52 492
157 192 1204 1 146 1224
158 448 868 1 400 883
159 467 917 1 420 931
160 407 703 1 356 716
161 450 215 1 395 220
162 397 942 1 349 957
163 190 1255 1 144 1276
164 461 339 1 406 349
165 396 1199 1 352 1216
166 81 641 1 28 658
167 385 710 1 334 723
168 631 837 1 586 849
169 87 794 1 35 812
170 164 263 1 107 277
171 443 287 1 389 298
172 127 1090 1 79 1110
173 419 471 1 365 484
174 303 1075 1 257 1092
175 429 819 1 380 835
176 163 156 1 105 169
177 100 204 1 41 218
178 554 290 1 501 296
179 629 985 1 588 1000
180 102 174 1 43 187
181 563 826 1 517 839
182 470 312 1 415 321
183 296 420 1 241 433
184 492 210 1 439 215
185 307 754 1 257 769
186 418 505 1 366 516
187 106 421 1 50 436
188 94 940 1 44 959
189 578 255 1 524 261
190 422 788 1 373 801
191 125 1133 1 77 1154
192 578 274 1 524 280
193 480 1231 1 438 1250
194 546 290 1 491 298
195 139 940 1 89 959
196 168 103 1 110 116
197 382 1129 1 337 1145
198 421 187 1 364 196
199 336 736 1 286 750
200 373 1235 1 329 1253
201 78 490 1 23 506
202 455 924 1 407 939
203 411 493 1 359 505
204 317 793 1 267 808
205 303 1090 1 257 1107
206 98 157 1 39 171
207 123 1044 1 74 1063
208 562 744 1 516 755
209 100 1078 1 51 1099
210 362 1167 1 317 1183
211 458 308 1 402 318
212 132 1218 1 86 1240
213 450 739 1 401 753
214 638 831 1 593 843
215 332 995 1 285 1011
216 284 941 1 236 957
217 374 1117 1 328 1134
218 407 975 1 360 990
219 101 55 1 41 68
220 366 331 1 311 343
221 337 810 1 287 825
222 363 965 1 315 983
223 369 272 1 313 284
224 337 1135 1 291 1152
225 438 210 1 383 214
226 471 329 1 418 339
227 630 940 1 587 955
228 104 269 1 47 283
229 365 392 1 310 404
230 509 243 1 454 249
231 115 893 1 65 912
232 391 820 1 342 834
233 347 1208 1 302 1226
234 259 833 1 209 850
235 97 97 1 37 110
236 107 1210 1 60 1232
237 520 328 1 466 336
238 343 727 1 293 740
239 544 279 1 490 286
240 505 210 1 454 214
241 482 1246 1 440 1265
242 165 940 1 116 958
243 100 654 1 47 670
244 566 316 1 512 324
245 373 701 1 323 714
246 515 269 1 460 275
247 376 746 1 325 760
248 103 744 1 51 761
249 482 338 1 427 346
250 266 705 1 215 719
251 110 861 1 59 880
252 128 1073 1 79 1093
253 447 1042 1 400 1058
254 324 1115 1 279 1132
255 356 763 1 306 777
256 162 55 1 103 68
257 347 903 1 299 918
258 552 241 1 498 248
259 369 478 1 315 490
260 102 121 1 43 134
261 268 739 1 216 755
262 94 337 1 37 351
263 256 1025 1 210 1043
264 76 330 1 19 344
265 442 265 1 387 274
266 286 1086 1 240 1103
267 334 636 1 282 649
268 427 842 1 380 856
269 349 500 1 295 512
270 264 669 1 212 684
271 391 831 1 341 845
272 349 935 1 300 950
273 392 210 1 335 218
274 358 945 1 310 961
275 411 112 1 354 123
276 163 201 1 105 214
277 261 1195 1 216 1215
278 354 1081 1 307 1097
279 542 338 1 489 345
280 358 701 1 307 715
281 694 654 1 648 662
282 443 833 1 395 847
283 444 687 1 393 699
284 548 781 1 500 793
285 303 534 1 250 548
286 321 754 1 271 768
287 369 916 1 321 931
288 312 1092 1 266 1108
289 367 257 1 311 269
290 577 830 1 531 843
291 693 118 1 641 118
292 457 60 1 396 70
293 432 1006 1 386 1021
294 323 1075 1 276 1091
295 467 1006 1 422 1021
296 102 556 1 47 572
297 487 1207 1 445 1226
298 111 703 1 57 720
299 354 869 1 305 883
300 427 858 1 379 873
301 397 376 1 343 387
302 153 286 1 95 301
303 307 789 1 258 804
304 122 1204 1 75 1225
305 533 741 1 484 753
306 227 171 1 170 183
307 182 874 1 132 892
308 449 31 1 390 38
309 276 541 1 223 554
310 344 893 1 296 908
311 337 1098 1 291 1115
312 161 44 1 102 58
313 511 720 1 462 732
314 128 941 1 78 959
315 286 916 1 237 934
316 476 183 1 421 187
317 421 832 1 371 845
318 441 417 1 387 427
319 105 316 1 48 330
320 604 890 1 560 903
321 514 752 1 464 764
322 555 209 1 504 214
323 497 268 1 442 276
324 299 799 1 248 814
325 542 1230 1 500 1249
326 487 276 1 431 284
327 345 865 1 296 880
328 359 1221 1 315 1239
329 372 1199 1 328 1218
330 351 513 1 298 526
331 310 889 1 261 905
332 320 1191 1 274 1209
333 351 1164 1 306 1182
334 437 1025 1 391 1040
335 623 829 1 578 841
336 409 992 1 362 1004
337 675 176 1 622 177
338 74 161 1 15 175
339 404 416 1 351 427
340 484 1221 1 442 1239
341 591 883 1 546 895
342 438 323 1 382 332
343 579 326 1 527 332
344 455 810 1 406 824
345 637 830 1 593 842
346 118 915 1 68 933
347 257 275 1 200 286
348 217 288 1 160 299
349 58 320 1 0 334
350 590 696 1 542 706
351 319 883 1 271 898
352 544 743 1 495 754
353 345 777 1 295 791
354 370 1250 1 327 1269
355 334 724 1 283 738
356 284 852 1 234 867
357 370 1133 1 325 1150
358 179 680 1 127 696
359 271 420 1 216 433
360 271 391 1 216 405
361 374 722 1 324 735
362 104 396 1 48 411
363 313 1074 1 266 1091
364 418 768 1 369 782
365 392 1014 1 345 1029
366 313 686 1 262 700
367 412 483 1 359 495
368 357 163 1 300 175
369 62 480 1 5 496
370 443 298 1 388 308
371 476 100 1 419 105
372 354 983 1 307 999
373 566 785 1 518 797
374 264 888 1 215 904
375 261 812 1 210 828
376 542 315 1 487 323
377 246 1187 1 200 1207
378 326 1126 1 281 1143
379 222 738 1 170 754
380 256 31 1 196 41
381 321 769 1 270 784
382 268 233 1 210 245
383 102 45 1 42 59
384 290 647 1 238 661
385 352 747 1 301 761
386 190 666 1 138 682
387 475 384 1 421 393
388 323 971 1 275 987
389 375 960 1 328 975
390 386 1199 1 342 1217
391 327 790 1 277 805
392 386 386 1 332 397
393 379 1190 1 335 1207
394 379 973 1 331 989
395 258 161 1 200 171
396 254 567 1 202 581
397 278 521 1 224 535
398 380 924 1 332 940
399 77 480 1 22 496
400 407 715 1 357 728
401 270 1176 1 224 1195
402 578 873 1 530 886
403 361 91 1 303 103
404 342 798 1 292 813
405 170 74 1 110 86
406 117 935 1 68 955
407 467 1021 1 421 1037
408 269 694 1 217 709
409 328 986 1 281 1002
410 663 128 1 610 128
411 234 784 1 183 800
412 568 868 1 522 881
413 344 993 1 297 1009
414 71 420 1 15 435
415 642 868 1 599 882
416 342 962 1 295 978
417 238 1031 1 190 1048
418 344 972 1 296 988
419 330 777 1 280 791
420 57 280 1 0 294
421 315 837 1 265 853
422 543 1173 1 501 1190
423 58 303 1 0 318
424 259 919 1 210 935
425 248 1179 1 203 1199
426 369 1067 1 323 1083
427 319 778 1 269 793
428 577 265 1 524 271
429 601 169 1 547 170
430 523 256 1 469 263
431 237 1204 1 191 1224
432 244 77 1 185 87
433 184 991 1 135 1010
434 159 1023 1 111 1041
435 383 1084 1 337 1100
436 333 972 1 285 988
437 134 1004 1 85 1024
438 98 581 1 44 597
439 57 258 1 0 273
440 69 269 1 11 283
441 270 898 1 221 914
442 73 170 1 15 184
443 388 734 1 337 748
444 78 703 1 25 721
445 609 159 1 556 160
446 282 1192 1 236 1210
447 100 1087 1 51 1107
448 63 494 1 7 510
449 342 1021 1 295 1037
450 520 913 1 474 927
451 618 1192 1 578 1210
452 500 1219 1 457 1238
453 206 1192 1 160 1212
454 60 410 1 3 425
455 116 788 1 64 805
456 343 1065 1 297 1081
457 57 269 1 0 283
458 290 99 1 232 110
459 312 1062 1 265 1079
460 309 1045 1 262 1062
461 86 803 1 34 821
462 339 936 1 291 952
463 562 1127 1 519 1143
464 60 378 1 3 393
465 575 700 1 527 711
466 55 75 1 -4 88
467 169 29 1 109 42
468 565 248 1 511 254
469 385 424 1 331 436
470 383 938 1 335 953
471 429 772 1 380 785
472 268 941 1 220 958
473 355 994 1 308 1010
474 342 767 1 292 781
475 654 183 1 601 186
476 310 64 1 251 73
477 258 479 1 203 493
478 549 478 1 497 486
479 370 1223 1 326 1241
480 307 861 1 258 877
481 288 273 1 232 284
482 508 507 1 456 517
483 116 959 1 68 979
484 218 275 1 160 287
485 173 703 1 122 718
486 181 1179 1 134 1200
487 491 749 1 442 761
488 212 1159 1 166 1179
489 527 787 1 479 799
490 480 257 1 425 264
491 347 1010 1 300 1026
492 383 906 1 336 922
493 99 1165 1 52 1186
494 637 988 1 596 1005
495 164 93 1 105 106
496 323 806 1 273 820
497 65 644 1 11 662
498 596 790 1 549 801
499 347 685 1 296 699
500 355 773 1 305 787
501 334 1159 1 290 1177
502 350 1181 1 305 1199
503 604 694 1 556 704
504 435 1108 1 389 1123
505 542 487 1 491 496
506 362 957 1 314 972
507 660 49 1 608 45
508 588 744 1 541 755
509 360 1004 1 313 1020
510 419 757 1 369 770
511 460 218 1 405 223
512 512 780 1 463 792
513 56 60 1 -4 74
514 63 551 1 8 567
515 529 1245 1 487 1263
516 506 315 1 452 322
517 82 651 1 29 667
518 493 1158 1 449 1175
519 169 127 1 110 139
520 406 211 1 350 218
521 388 963 1 341 978
522 333 959 1 285 975
523 171 409 1 115 424
524 566 275 1 512 282
525 287 809 1 237 825
526 440 401 1 386 412
527 360 1247 1 316 1266
528 102 70 1 42 84
529 79 741 1 27 759
530 547 1131 1 504 1147
531 328 949 1 280 965
532 207 1177 1 161 1197
533 558 504 1 507 512
534 347 1145 1 302 1162
535 208 629 1 155 644
536 103 946 1 54 966
537 417 801 1 368 815
538 337 756 1 286 770
539 245 533 1 193 547
540 488 289 1 433 297
541 677 816 1 632 827
542 559 382 1 505 390
543 162 1033 1 114 1052
544 359 1133 1 314 1150
545 165 556 1 111 571
546 351 737 1 301 751
547 350 1155 1 305 1172
548 309 677 1 258 691
549 97 1133 1 49 1154
550 421 253 1 365 264
551 308 503 1 254 516
552 368 930 1 320 944
553 320 543 1 267 557
554 330 903 1 281 919
555 548 707 1 499 719
556 401 388 1 346 399
557 288 1166 1 243 1185
558 222 1162 1 176 1183
559 326 734 1 275 749
560 306 877 1 257 892
561 150 1043 1 101 1062
562 270 1067 1 223 1085
563 67 703 1 14 721
564 554 156 1 499 159
565 68 96 1 8 110
566 60 428 1 4 443
567 268 528 1 214 542
568 85 858 1 33 877
569 58 332 1 1 347
570 327 819 1 277 833
571 267 848 1 218 863
572 194 1179 1 148 1200
573 409 99 1 352 111
574 295 846 1 246 862
575 294 1192 1 249 1211
576 446 721 1 396 733
577 387 1175 1 341 1193
