0 142 543 1 49 550
1 433 749 1 342 757
2 502 837 1 411 847
3 500 776 1 409 786
4 398 847 1 306 856
5 505 1047 1 414 1057
6 451 1229 1 359 1241
7 465 521 1 374 529
8 509 999 1 418 1010
9 228 1121 1 134 1133
10 212 674 1 119 682
11 565 1231 1 475 1245
12 566 1175 1 476 1188
13 202 449 1 110 454
14 225 1080 1 132 1093
15 483 850 1 391 860
16 145 608 1 51 614
17 519 984 1 428 995
18 457 302 1 368 308
19 484 824 1 393 834
20 506 884 1 414 894
21 465 510 1 375 517
22 139 450 1 46 455
23 488 270 1 398 276
24 140 644 1 46 652
25 562 274 1 474 280
26 202 314 1 111 318
27 639 216 1 554 220
28 206 606 1 113 613
29 134 488 1 41 493
30 404 248 1 315 255
31 163 1081 1 69 1094
32 146 589 1 53 595
33 227 1094 1 133 1107
34 520 1008 1 429 1019
35 583 320 1 496 326
36 505 1038 1 415 1047
37 502 791 1 410 800
38 522 1050 1 432 1061
39 148 691 1 55 699
40 518 974 1 428 984
41 152 770 1 58 778
42 501 356 1 412 363
43 428 1055 1 337 1067
44 138 384 1 45 389
45 458 329 1 369 335
46 231 1043 1 137 1054
47 459 317 1 369 322
48 179 327 1 86 332
49 577 1232 1 487 1245
50 457 291 1 368 298
51 489 296 1 400 302
52 575 309 1 487 314
53 503 399 1 413 405
54 148 796 1 54 805
55 573 274 1 485 278
56 156 849 1 62 859
57 545 1177 1 455 1190
58 402 234 1 313 241
59 642 226 1 556 230
60 150 662 1 56 669
61 154 752 1 60 760
62 492 359 1 402 366
63 528 1028 1 437 1039
64 578 1175 1 488 1188
65 205 543 1 112 549
66 495 410 1 406 417
67 435 727 1 343 735
68 510 310 1 421 316
69 179 1211 1 84 1225
70 410 742 1 319 750
71 406 694 1 314 701
72 212 797 1 119 806
73 409 996 1 317 1006
74 132 431 1 39 436
75 454 524 1 365 531
76 357 829 1 265 839
77 135 506 1 42 512
78 206 585 1 113 592
79 401 444 1 310 451
80 607 293 1 520 298
81 508 988 1 416 999
82 134 298 1 42 302
83 37 911 1 -57 921
84 502 827 1 411 836
85 401 207 1 313 213
86 526 1163 1 437 1178
87 156 814 1 62 823
88 680 853 1 592 865
89 201 486 1 109 492
90 401 306 1 312 313
91 399 921 1 307 932
92 541 260 1 453 263
93 640 193 1 554 197
94 138 347 1 46 351
95 492 884 1 401 893
96 35 857 1 -59 867
97 193 332 1 103 336
98 458 409 1 368 415
99 197 297 1 106 301
100 465 473 1 374 480
101 207 644 1 113 652
102 507 910 1 416 920
103 204 333 1 113 337
104 144 507 1 51 513
105 430 1114 1 339 1125
106 400 378 1 309 385
107 582 284 1 496 289
108 197 344 1 106 349
109 605 320 1 518 326
110 438 914 1 346 924
111 430 1158 1 339 1169
112 572 259 1 484 265
113 484 805 1 393 814
114 421 891 1 329 900
115 389 950 1 297 960
116 496 918 1 404 928
117 338 444 1 247 451
118 202 504 1 109 510
119 184 341 1 92 345
120 480 770 1 389 779
121 398 883 1 305 893
122 472 373 1 382 379
123 376 1000 1 284 1010
124 199 429 1 107 435
125 129 329 1 37 332
126 465 101 1 378 105
127 174 1120 1 77 1134
128 603 827 1 513 838
129 207 661 1 114 668
130 340 24 1 252 26
131 403 679 1 311 687
132 453 510 1 364 516
133 475 283 1 386 289
134 208 691 1 115 699
135 337 75 1 249 77
136 410 1241 1 318 1254
137 492 372 1 402 379
138 127 280 1 35 284
139 545 290 1 457 294
140 168 1173 1 73 1187
141 498 263 1 411 268
142 177 1174 1 83 1187
143 507 426 1 417 433
144 447 24 1 358 27
145 437 1028 1 345 1038
146 150 644 1 56 652
147 484 837 1 392 847
148 470 824 1 378 834
149 476 987 1 384 997
150 667 847 1 579 858
151 35 872 1 -59 882
152 199 383 1 107 388
153 427 1012 1 336 1022
154 340 426 1 249 433
155 241 1251 1 148 1264
156 275 73 1 186 75
157 458 816 1 367 825
158 42 966 1 -53 977
159 582 270 1 494 275
160 400 424 1 310 431
161 485 1009 1 394 1020
162 604 310 1 518 315
163 424 726 1 332 734
164 419 1121 1 327 1132
165 143 487 1 50 492
166 239 1210 1 145 1222
167 489 872 1 398 882
168 508 920 1 417 930
169 446 707 1 354 716
170 479 224 1 392 226
171 493 344 1 404 350
172 442 1202 1 350 1214
173 468 754 1 378 762
174 120 651 1 26 658
175 424 714 1 332 723
176 198 151 1 108 154
177 128 803 1 34 811
178 432 824 1 340 834
179 196 274 1 105 278
180 475 293 1 386 300
181 172 1097 1 77 1109
182 347 760 1 255 768
183 454 476 1 363 485
184 347 1080 1 255 1091
185 450 978 1 358 988
186 193 167 1 103 170
187 43 978 1 -52 989
188 131 216 1 40 219
189 668 984 1 583 997
190 133 186 1 42 188
191 502 317 1 412 323
192 40 944 1 -55 954
193 330 426 1 240 433
194 521 219 1 436 221
195 142 431 1 49 436
196 138 947 1 43 958
197 607 260 1 520 265
198 462 792 1 371 801
199 170 1140 1 76 1153
200 460 835 1 369 845
201 525 1232 1 435 1246
202 576 295 1 487 302
203 395 962 1 303 973
204 181 948 1 87 958
205 198 115 1 108 117
206 427 1132 1 335 1144
207 38 927 1 -56 937
208 451 193 1 362 199
209 376 742 1 284 750
210 420 1238 1 328 1251
211 115 501 1 22 506
212 497 928 1 404 938
213 454 203 1 366 208
214 447 498 1 356 506
215 357 799 1 266 808
216 347 1096 1 255 1106
217 129 170 1 37 172
218 301 840 1 207 849
219 168 1051 1 73 1063
220 601 746 1 512 755
221 145 1085 1 50 1098
222 407 1171 1 315 1182
223 490 314 1 400 320
224 179 1225 1 84 1238
225 607 869 1 519 880
226 489 744 1 398 752
227 676 831 1 589 842
228 327 946 1 234 957
229 49 1057 1 -47 1069
230 130 68 1 40 69
231 399 337 1 309 344
232 377 816 1 285 825
233 405 970 1 314 982
234 400 278 1 311 285
235 382 1139 1 289 1151
236 468 220 1 380 220
237 503 334 1 415 341
238 670 940 1 582 953
239 137 280 1 45 284
240 398 397 1 308 404
241 539 250 1 451 253
242 158 901 1 64 911
243 475 39 1 388 42
244 393 1212 1 300 1224
245 514 344 1 425 349
246 572 321 1 484 327
247 127 110 1 36 112
248 154 1217 1 59 1231
249 383 732 1 291 740
250 574 284 1 486 289
251 533 218 1 450 220
252 527 1247 1 437 1261
253 506 121 1 418 123
254 208 947 1 114 957
255 127 25 1 37 27
256 139 663 1 46 670
257 596 321 1 508 328
258 412 706 1 321 714
259 545 275 1 457 279
260 415 752 1 323 760
261 144 753 1 50 761
262 439 946 1 347 955
263 305 711 1 213 719
264 152 870 1 58 879
265 173 1080 1 78 1092
266 490 1045 1 398 1056
267 369 1120 1 277 1131
268 399 324 1 309 331
269 396 768 1 304 777
270 191 67 1 102 69
271 389 908 1 297 918
272 608 281 1 521 284
273 582 247 1 494 252
274 404 483 1 313 491
275 132 134 1 41 136
276 307 745 1 215 754
277 128 348 1 36 352
278 610 330 1 523 336
279 110 341 1 18 345
280 199 137 1 108 140
281 330 1091 1 238 1102
282 372 641 1 280 649
283 468 845 1 378 855
284 385 505 1 293 513
285 302 676 1 210 684
286 431 835 1 339 844
287 391 940 1 299 950
288 422 218 1 333 221
289 401 950 1 308 960
290 440 118 1 352 124
291 194 212 1 103 215
292 307 1200 1 215 1213
293 357 1097 1 264 1107
294 399 1085 1 306 1096
295 426 1191 1 333 1205
296 574 342 1 486 348
297 397 706 1 305 715
298 482 691 1 391 699
299 587 783 1 497 792
300 361 760 1 269 768
301 411 920 1 319 930
302 451 992 1 360 1003
303 398 264 1 309 270
304 475 1009 1 384 1020
305 367 1080 1 274 1090
306 510 1009 1 419 1020
307 139 566 1 46 572
308 532 1208 1 442 1223
309 464 690 1 373 699
310 150 712 1 56 720
311 396 874 1 304 883
312 430 382 1 341 389
313 186 297 1 94 301
314 348 795 1 256 803
315 571 744 1 481 753
316 258 182 1 168 185
317 224 881 1 130 891
318 313 548 1 221 555
319 385 898 1 294 908
320 360 38 1 272 43
321 189 56 1 100 59
322 550 723 1 459 732
323 172 948 1 77 958
324 329 922 1 235 933
325 505 192 1 418 193
326 411 1095 1 319 1106
327 474 422 1 384 429
328 139 327 1 46 331
329 458 806 1 366 814
330 552 755 1 461 764
331 583 216 1 500 220
332 527 274 1 439 280
333 339 805 1 246 813
334 587 1230 1 497 1245
335 517 282 1 428 287
336 386 870 1 294 879
337 405 1225 1 313 1237
338 387 519 1 296 526
339 352 894 1 259 904
340 480 1027 1 389 1038
341 661 829 1 573 840
342 105 174 1 13 176
343 438 423 1 348 428
344 631 883 1 542 894
345 469 329 1 380 334
346 495 814 1 404 823
347 675 830 1 588 841
348 161 923 1 66 933
349 289 284 1 199 288
350 250 298 1 159 302
351 92 332 1 0 335
352 627 698 1 538 707
353 361 887 1 269 897
354 582 745 1 491 754
355 385 782 1 293 791
356 411 931 1 319 943
357 416 1254 1 325 1267
358 373 729 1 281 738
359 326 857 1 233 867
360 219 688 1 126 696
361 305 427 1 215 434
362 305 399 1 214 405
363 413 727 1 322 735
364 139 407 1 47 412
365 289 141 1 200 145
366 357 1079 1 264 1089
367 458 772 1 366 781
368 436 1018 1 343 1028
369 351 692 1 260 700
370 415 1135 1 323 1148
371 447 488 1 357 495
372 387 170 1 298 176
373 99 491 1 4 497
374 475 304 1 386 310
375 562 334 1 474 340
376 397 988 1 305 998
377 604 787 1 515 797
378 306 894 1 213 903
379 302 819 1 209 828
380 418 1204 1 326 1216
381 291 1192 1 198 1205
382 534 199 1 448 200
383 284 43 1 194 44
384 361 775 1 269 784
385 299 241 1 208 246
386 130 58 1 41 61
387 328 654 1 236 661
388 324 846 1 232 855
389 391 752 1 300 760
390 230 674 1 137 682
391 508 388 1 419 395
392 366 976 1 274 986
393 417 963 1 326 974
394 367 795 1 275 804
395 419 393 1 330 399
396 422 977 1 329 987
397 288 170 1 198 174
398 292 574 1 200 581
399 314 528 1 223 535
400 114 491 1 20 497
401 447 719 1 355 728
402 316 1181 1 223 1194
403 364 1196 1 273 1208
404 389 98 1 301 104
405 382 804 1 290 812
406 198 85 1 108 87
407 161 943 1 67 954
408 510 1023 1 419 1035
409 102 591 1 8 598
410 308 700 1 216 709
411 371 991 1 279 1001
412 162 890 1 67 900
413 688 135 1 604 137
414 275 791 1 182 800
415 338 34 1 249 36
416 387 998 1 295 1008
417 94 410 1 1 415
418 107 431 1 14 436
419 681 868 1 594 880
420 385 967 1 293 977
421 282 1036 1 189 1047
422 386 977 1 295 987
423 370 783 1 278 791
424 91 292 1 -1 295
425 356 843 1 264 852
426 587 1174 1 498 1187
427 92 316 1 0 319
428 301 924 1 208 934
429 294 1184 1 201 1197
430 413 1071 1 321 1082
431 360 784 1 268 793
432 607 271 1 520 275
433 627 177 1 542 178
434 273 87 1 183 89
435 203 1029 1 109 1040
436 427 1088 1 335 1099
437 376 978 1 284 987
438 178 1012 1 84 1023
439 137 591 1 43 597
440 91 272 1 -1 274
441 102 281 1 9 284
442 242 1184 1 147 1198
443 313 904 1 219 913
444 105 183 1 13 185
445 428 738 1 335 747
446 118 713 1 24 721
447 452 234 1 364 238
448 634 168 1 551 168
449 381 1103 1 289 1113
450 327 1196 1 235 1209
451 145 1094 1 50 1106
452 537 334 1 449 338
453 100 505 1 6 510
454 385 1026 1 293 1036
455 561 915 1 471 926
456 662 1191 1 573 1206
457 544 1220 1 454 1234
458 252 1197 1 158 1211
459 95 421 1 2 426
460 157 796 1 63 805
461 387 1069 1 295 1080
462 90 281 1 -1 284
463 356 1067 1 263 1078
464 352 1051 1 260 1061
465 127 812 1 33 821
466 382 941 1 289 951
467 605 1127 1 516 1140
468 94 389 1 1 394
469 195 31 1 106 35
470 291 60 1 202 62
471 612 703 1 523 711
472 86 90 1 -6 90
473 197 41 1 107 44
474 595 253 1 508 258
475 419 431 1 329 437
476 425 942 1 333 952
477 468 776 1 378 785
478 312 947 1 218 957
479 336 904 1 243 914
480 529 245 1 441 249
481 398 999 1 306 1009
482 382 772 1 291 781
483 681 188 1 596 192
484 519 295 1 430 300
485 347 520 1 256 526
486 583 481 1 494 488
487 416 1227 1 324 1239
488 348 867 1 256 876
489 320 280 1 230 285
490 543 511 1 453 518
491 251 285 1 159 290
492 212 712 1 120 718
493 228 1185 1 133 1198
494 530 752 1 440 761
495 444 92 1 355 98
496 258 1164 1 165 1177
497 566 789 1 476 799
498 358 97 1 269 102
499 510 263 1 422 268
500 391 1015 1 299 1025
501 425 910 1 334 921
502 145 1172 1 51 1185
503 676 987 1 590 1001
504 193 104 1 103 107
505 364 811 1 272 820
506 482 997 1 391 1007
507 104 654 1 10 662
508 634 791 1 545 801
509 386 690 1 294 699
510 424 928 1 332 939
511 395 778 1 303 787
512 379 1164 1 288 1175
513 395 1185 1 303 1197
514 640 696 1 552 705
515 479 1110 1 387 1122
516 577 491 1 488 498
517 404 961 1 312 971
518 682 59 1 601 57
519 626 746 1 537 755
520 404 1009 1 311 1019
521 458 761 1 367 770
522 489 227 1 402 228
523 551 783 1 461 792
524 636 1227 1 546 1241
525 86 75 1 -5 75
526 101 561 1 7 568
527 576 1245 1 484 1259
528 537 321 1 449 325
529 121 660 1 27 667
530 538 1159 1 447 1172
531 102 601 1 8 607
532 436 219 1 348 222
533 431 967 1 339 977
534 375 964 1 283 974
535 206 419 1 114 424
536 596 280 1 509 286
537 328 815 1 236 825
538 473 406 1 383 413
539 407 1250 1 315 1263
540 131 83 1 40 85
541 120 751 1 26 759
542 591 1131 1 501 1144
543 370 954 1 278 964
544 94 400 1 1 404
545 592 507 1 503 514
546 378 1116 1 286 1126
547 393 1149 1 301 1161
548 644 890 1 555 901
549 147 954 1 53 965
550 376 761 1 285 770
551 282 541 1 191 548
552 99 481 1 5 487
553 590 386 1 502 393
554 206 1039 1 112 1051
555 404 1137 1 312 1149
556 203 565 1 110 571
557 391 742 1 299 751
558 396 1159 1 303 1171
559 348 683 1 256 691
560 143 1140 1 47 1153
561 325 902 1 233 912
562 452 259 1 363 265
563 37 898 1 -57 908
564 344 510 1 252 517
565 103 330 1 11 334
566 357 550 1 265 557
567 371 908 1 279 918
568 587 710 1 496 719
569 434 394 1 344 400
570 333 1171 1 241 1183
571 268 1168 1 175 1181
572 365 740 1 273 748
573 348 883 1 255 892
574 195 1050 1 99 1061
575 314 1073 1 222 1084
576 107 712 1 12 721
577 581 164 1 495 165
578 98 110 1 6 111
579 96 439 1 2 444
580 304 535 1 212 542
581 128 866 1 32 876
582 93 344 1 0 348
583 367 824 1 276 833
584 309 853 1 216 863
585 437 105 1 349 112
586 336 851 1 244 861
587 339 1197 1 247 1210
588 485 724 1 394 733
589 432 1179 1 339 1191
