0 142 561 1 48 550
1 435 763 1 340 757
2 505 850 1 410 846
3 501 789 1 408 785
4 446 28 1 365 14
5 401 862 1 305 856
6 510 1059 1 413 1056
7 458 1243 1 357 1239
8 514 1011 1 416 1008
9 234 1137 1 133 1132
10 212 691 1 118 682
11 572 1242 1 473 1242
12 400 265 1 314 256
13 572 1186 1 474 1185
14 200 466 1 109 454
15 230 1096 1 131 1092
16 485 863 1 389 859
17 145 625 1 50 614
18 523 996 1 426 993
19 452 317 1 367 309
20 485 837 1 391 833
21 509 897 1 413 893
22 454 332 1 367 323
23 138 468 1 45 455
24 466 36 1 387 23
25 483 285 1 396 277
26 141 662 1 45 651
27 556 289 1 471 282
28 199 332 1 110 319
29 631 232 1 550 223
30 460 534 1 373 529
31 206 623 1 112 613
32 132 506 1 40 494
33 168 1098 1 68 1093
34 146 606 1 52 595
35 232 1110 1 132 1106
36 524 1021 1 427 1017
37 510 1050 1 413 1046
38 503 804 1 409 800
39 527 1063 1 430 1059
40 149 708 1 54 698
41 521 986 1 426 982
42 154 787 1 57 778
43 497 370 1 410 363
44 433 1068 1 335 1065
45 135 402 1 44 389
46 454 344 1 367 336
47 236 1060 1 136 1053
48 463 523 1 373 517
49 175 345 1 85 332
50 583 1243 1 485 1242
51 452 307 1 366 299
52 484 310 1 398 303
53 569 324 1 484 316
54 150 813 1 53 805
55 567 288 1 482 280
56 159 867 1 61 858
57 550 1188 1 453 1187
58 397 250 1 311 241
59 634 242 1 553 233
60 150 679 1 55 669
61 155 769 1 59 760
62 532 1040 1 435 1037
63 584 1185 1 486 1185
64 204 560 1 111 549
65 492 425 1 404 418
66 436 741 1 342 735
67 505 325 1 419 317
68 186 1229 1 83 1224
69 411 756 1 317 750
70 407 708 1 313 701
71 215 814 1 118 806
72 414 1010 1 315 1005
73 130 450 1 38 436
74 360 844 1 264 838
75 134 524 1 41 512
76 206 601 1 112 592
77 399 459 1 309 451
78 601 308 1 517 300
79 512 1000 1 415 997
80 131 316 1 41 302
81 41 929 1 -58 921
82 503 840 1 409 835
83 395 223 1 311 213
84 531 1175 1 435 1175
85 159 831 1 61 822
86 680 864 1 588 863
87 200 503 1 108 492
88 397 322 1 311 314
89 403 935 1 306 931
90 534 275 1 451 265
91 632 209 1 550 200
92 135 365 1 45 351
93 495 897 1 399 892
94 38 876 1 -60 867
95 190 349 1 102 337
96 455 424 1 366 416
97 183 25 1 99 8
98 462 487 1 373 481
99 207 661 1 112 652
100 510 923 1 415 919
101 201 350 1 112 337
102 143 525 1 50 513
103 436 1127 1 338 1124
104 397 393 1 308 385
105 499 412 1 411 405
106 194 362 1 105 349
107 600 335 1 516 328
108 194 315 1 105 301
109 441 928 1 344 923
110 436 1172 1 337 1168
111 566 274 1 481 267
112 486 819 1 391 813
113 424 905 1 328 899
114 392 965 1 296 959
115 499 931 1 403 927
116 335 460 1 246 451
117 200 521 1 108 510
118 578 335 1 493 327
119 181 359 1 90 345
120 481 783 1 387 779
121 400 897 1 304 892
122 468 387 1 380 380
123 380 1014 1 282 1009
124 197 446 1 106 435
125 126 347 1 36 333
126 179 1137 1 76 1133
127 604 839 1 511 837
128 495 73 1 412 63
129 207 678 1 113 668
130 332 42 1 250 28
131 403 693 1 310 687
132 452 524 1 362 516
133 469 298 1 384 290
134 184 41 1 100 25
135 599 325 1 515 317
136 488 387 1 401 380
137 124 299 1 34 284
138 539 305 1 455 296
139 174 1190 1 73 1186
140 578 298 1 494 291
141 493 279 1 409 270
142 184 1191 1 82 1187
143 504 440 1 416 433
144 438 42 1 356 29
145 442 1041 1 344 1037
146 150 662 1 55 651
147 486 850 1 391 846
148 472 838 1 376 833
149 479 1000 1 382 995
150 667 857 1 575 856
151 38 891 1 -60 882
152 196 401 1 106 388
153 431 1026 1 334 1021
154 338 442 1 248 433
155 269 92 1 185 77
156 460 829 1 365 824
157 46 985 1 -54 976
158 576 285 1 492 277
159 398 439 1 308 432
160 489 1022 1 392 1019
161 367 1235 1 266 1230
162 425 740 1 331 734
163 425 1135 1 325 1131
164 142 504 1 50 493
165 246 1226 1 144 1221
166 491 885 1 396 881
167 511 933 1 416 929
168 308 59 1 224 44
169 447 721 1 353 715
170 473 242 1 390 229
171 489 359 1 402 351
172 449 1216 1 349 1212
173 469 767 1 376 762
174 121 668 1 26 658
175 424 729 1 330 723
176 193 169 1 107 155
177 131 820 1 33 811
178 434 838 1 338 833
179 193 292 1 104 278
180 470 308 1 385 301
181 178 1114 1 77 1108
182 349 775 1 254 768
183 452 491 1 361 485
184 352 1096 1 254 1090
185 454 991 1 356 987
186 188 186 1 102 171
187 47 997 1 -53 989
188 127 235 1 39 219
189 209 708 1 114 699
190 670 993 1 578 994
191 129 205 1 41 189
192 497 332 1 411 324
193 44 963 1 -56 954
194 328 443 1 238 434
195 417 1255 1 317 1252
196 513 236 1 433 224
197 140 449 1 48 436
198 141 965 1 42 958
199 600 276 1 517 267
200 464 805 1 369 800
201 176 1157 1 75 1152
202 462 848 1 367 844
203 532 1244 1 433 1243
204 570 310 1 485 303
205 398 977 1 301 972
206 185 965 1 86 957
207 192 134 1 107 118
208 433 1146 1 333 1142
209 42 946 1 -57 937
210 445 209 1 361 200
211 377 756 1 282 750
212 427 1253 1 326 1249
213 114 519 1 21 506
214 119 29 1 34 11
215 448 219 1 364 209
216 445 512 1 355 506
217 359 813 1 264 808
218 353 1111 1 254 1106
219 124 189 1 36 172
220 303 855 1 206 849
221 173 1068 1 72 1062
222 601 758 1 509 755
223 151 1103 1 49 1097
224 414 1185 1 314 1180
225 485 329 1 398 321
226 186 1242 1 83 1237
227 608 881 1 516 879
228 491 757 1 397 752
229 676 841 1 585 841
230 331 961 1 233 956
231 54 1076 1 -48 1068
232 125 88 1 39 70
233 395 352 1 307 344
234 380 830 1 284 824
235 409 984 1 312 981
236 396 293 1 310 285
237 388 1154 1 288 1149
238 461 238 1 378 224
239 499 349 1 413 342
240 671 950 1 578 950
241 134 299 1 44 284
242 396 413 1 307 405
243 161 918 1 63 911
244 467 57 1 386 45
245 400 1227 1 299 1223
246 509 358 1 422 350
247 566 336 1 481 328
248 121 130 1 35 112
249 161 1235 1 58 1230
250 384 746 1 290 740
251 568 298 1 484 291
252 498 137 1 416 126
253 211 963 1 113 957
254 121 45 1 36 28
255 140 681 1 45 670
256 590 336 1 506 330
257 413 721 1 319 714
258 539 290 1 455 281
259 416 765 1 322 759
260 146 770 1 49 761
261 442 959 1 345 954
262 307 727 1 212 719
263 155 887 1 57 879
264 178 1097 1 77 1091
265 495 1058 1 397 1055
266 375 1135 1 276 1130
267 395 340 1 308 331
268 398 783 1 303 777
269 185 87 1 101 70
270 392 922 1 296 917
271 601 295 1 518 286
272 575 262 1 492 255
273 402 498 1 312 491
274 127 153 1 40 136
275 309 761 1 214 754
276 126 366 1 35 352
277 605 345 1 520 338
278 107 360 1 17 345
279 193 155 1 107 141
280 500 942 1 403 937
281 336 1106 1 237 1101
282 371 656 1 279 649
283 470 859 1 377 854
284 383 520 1 292 513
285 303 691 1 209 684
286 433 848 1 338 844
287 395 954 1 297 949
288 417 235 1 331 223
289 404 964 1 307 959
290 434 134 1 350 125
291 189 230 1 102 216
292 339 947 1 242 942
293 314 1216 1 214 1212
294 362 1112 1 263 1106
295 404 1099 1 304 1094
296 432 1205 1 331 1203
297 569 357 1 483 350
298 398 721 1 304 714
299 482 704 1 389 699
300 587 795 1 495 792
301 362 774 1 267 768
302 414 934 1 317 929
303 455 1005 1 359 1002
304 393 279 1 307 271
305 486 374 1 400 367
306 479 1021 1 382 1018
307 372 1095 1 273 1089
308 514 1022 1 417 1018
309 139 583 1 45 572
310 539 1220 1 440 1220
311 464 704 1 372 698
312 151 729 1 55 720
313 398 887 1 302 882
314 427 397 1 339 390
315 182 315 1 93 302
316 350 809 1 255 803
317 571 756 1 479 752
318 227 898 1 129 891
319 312 564 1 220 555
320 389 912 1 293 907
321 353 55 1 270 44
322 183 76 1 99 60
323 550 736 1 457 732
324 176 965 1 76 958
325 332 937 1 234 932
326 497 209 1 416 196
327 417 1110 1 318 1105
328 471 437 1 383 429
329 456 24 1 375 11
330 136 346 1 45 332
331 459 819 1 364 814
332 553 767 1 459 764
333 576 233 1 497 223
334 522 290 1 437 282
335 342 820 1 245 813
336 593 1242 1 494 1242
337 512 298 1 426 289
338 385 534 1 294 526
339 355 909 1 258 903
340 96 40 1 11 23
341 484 1040 1 387 1037
342 661 840 1 570 839
343 101 194 1 12 177
344 435 438 1 347 429
345 632 894 1 539 892
346 465 344 1 378 335
347 496 827 1 402 822
348 675 841 1 584 840
349 164 940 1 65 932
350 285 302 1 197 289
351 247 316 1 158 303
352 90 351 1 -1 335
353 626 709 1 535 706
354 364 902 1 268 896
355 582 757 1 489 754
356 386 797 1 292 790
357 415 945 1 317 942
358 374 744 1 280 738
359 328 873 1 232 866
360 220 705 1 125 696
361 303 443 1 213 434
362 302 415 1 213 405
363 414 741 1 321 735
364 137 425 1 46 412
365 284 159 1 198 146
366 362 1094 1 263 1089
367 440 1031 1 342 1027
368 352 707 1 259 700
369 420 1150 1 322 1147
370 445 502 1 356 496
371 381 186 1 297 177
372 97 509 1 3 497
373 470 319 1 384 311
374 557 349 1 472 341
375 401 1002 1 304 997
376 604 798 1 512 796
377 309 909 1 212 903
378 425 1218 1 325 1214
379 298 1208 1 197 1204
380 527 216 1 445 204
381 534 35 1 454 23
382 277 62 1 193 46
383 363 790 1 267 783
384 526 235 1 442 222
385 294 258 1 207 247
386 125 78 1 40 61
387 328 669 1 235 661
388 327 861 1 231 854
389 393 766 1 298 760
390 231 691 1 136 682
391 504 402 1 417 395
392 370 990 1 272 985
393 421 977 1 324 973
394 369 810 1 274 804
395 416 408 1 328 399
396 505 288 1 420 278
397 426 991 1 328 986
398 283 188 1 197 175
399 313 544 1 222 535
400 545 191 1 464 178
401 113 509 1 19 497
402 447 733 1 353 728
403 322 1196 1 222 1192
404 104 423 1 12 410
405 371 1210 1 271 1206
406 382 115 1 300 105
407 384 818 1 288 812
408 193 104 1 107 88
409 164 960 1 66 953
410 102 609 1 7 598
411 309 716 1 215 708
412 376 1005 1 278 1000
413 164 907 1 67 900
414 678 152 1 600 141
415 277 807 1 181 799
416 331 52 1 248 38
417 391 1012 1 294 1007
418 92 429 1 0 415
419 105 449 1 13 436
420 682 879 1 590 879
421 389 981 1 292 976
422 287 1052 1 188 1046
423 390 991 1 293 987
424 372 797 1 277 791
425 88 311 1 -2 296
426 358 858 1 262 851
427 593 1185 1 495 1184
428 89 334 1 -1 319
429 305 940 1 207 934
430 301 1200 1 200 1196
431 418 1085 1 320 1080
432 362 799 1 266 792
433 600 285 1 517 278
434 618 194 1 539 183
435 267 106 1 182 91
436 208 1046 1 108 1040
437 586 1206 1 487 1205
438 432 1102 1 334 1097
439 380 992 1 282 986
440 183 1029 1 83 1022
441 137 609 1 42 597
442 87 290 1 -2 274
443 99 300 1 8 285
444 248 1200 1 146 1197
445 316 919 1 218 912
446 483 145 1 403 131
447 100 202 1 12 186
448 428 752 1 334 747
449 119 731 1 23 721
450 446 252 1 362 241
451 625 185 1 547 173
452 386 1117 1 288 1112
453 334 1212 1 234 1207
454 150 1111 1 49 1106
455 522 1035 1 425 1031
456 531 349 1 446 340
457 99 523 1 5 510
458 390 1040 1 292 1035
459 564 928 1 469 925
460 667 1200 1 570 1202
461 551 1231 1 452 1231
462 258 1213 1 157 1209
463 93 439 1 1 426
464 159 813 1 62 804
465 392 1084 1 294 1079
466 87 301 1 -2 285
467 361 1082 1 262 1077
468 357 1066 1 259 1060
469 130 830 1 32 821
470 385 955 1 288 950
471 610 1137 1 513 1137
472 92 408 1 0 394
473 188 51 1 105 36
474 284 78 1 201 64
475 611 714 1 520 711
476 191 60 1 106 45
477 434 32 1 354 18
478 416 446 1 327 438
479 429 956 1 331 951
480 469 790 1 376 785
481 315 962 1 217 956
482 339 919 1 242 913
483 523 261 1 439 252
484 402 1013 1 305 1008
485 384 787 1 289 780
486 672 204 1 592 196
487 513 310 1 428 302
488 346 535 1 255 526
489 580 495 1 491 489
490 423 1241 1 323 1237
491 351 881 1 255 875
492 316 297 1 229 286
493 541 525 1 451 519
494 247 303 1 158 291
495 213 728 1 119 718
496 234 1201 1 132 1197
497 531 765 1 438 760
498 436 109 1 353 99
499 264 1180 1 164 1176
500 567 801 1 474 798
501 351 114 1 267 103
502 395 1030 1 297 1024
503 429 924 1 333 920
504 152 1189 1 50 1184
505 677 995 1 586 998
506 187 123 1 102 108
507 366 825 1 270 819
508 486 1009 1 389 1006
509 105 672 1 9 661
510 634 802 1 542 800
511 387 705 1 292 699
512 427 942 1 331 938
513 397 792 1 302 786
514 386 1178 1 287 1174
515 401 1200 1 302 1196
516 639 708 1 548 704
517 485 1124 1 386 1120
518 573 504 1 485 498
519 408 975 1 311 970
520 670 79 1 596 64
521 625 758 1 534 754
522 408 1023 1 310 1018
523 459 775 1 365 769
524 483 244 1 400 232
525 552 795 1 459 791
526 642 1236 1 544 1237
527 80 95 1 -6 76
528 101 579 1 6 568
529 532 337 1 447 327
530 122 678 1 26 667
531 543 1170 1 445 1170
532 102 619 1 7 607
533 430 236 1 346 225
534 435 980 1 338 976
535 379 978 1 282 973
536 204 436 1 113 424
537 330 830 1 234 824
538 470 421 1 382 414
539 125 103 1 39 86
540 122 769 1 25 758
541 596 1143 1 499 1142
542 374 968 1 277 963
543 92 418 1 0 404
544 589 520 1 501 515
545 384 1130 1 285 1125
546 399 1164 1 299 1159
547 596 169 1 516 157
548 645 901 1 552 900
549 151 971 1 52 964
550 378 775 1 283 769
551 281 557 1 190 548
552 98 500 1 4 487
553 586 400 1 499 394
554 211 1056 1 111 1050
555 410 1151 1 311 1147
556 202 581 1 109 571
557 461 116 1 376 107
558 392 757 1 298 750
559 402 1174 1 302 1169
560 349 697 1 255 690
561 149 1157 1 47 1152
562 329 918 1 232 911
563 447 274 1 362 266
564 41 917 1 -58 907
565 342 525 1 251 517
566 100 349 1 10 334
567 356 565 1 264 557
568 375 922 1 278 917
569 586 722 1 493 719
570 431 409 1 343 401
571 340 1186 1 240 1182
572 274 1184 1 174 1180
573 367 755 1 272 748
574 351 898 1 254 891
575 200 1066 1 98 1060
576 320 1089 1 221 1083
577 108 731 1 11 721
578 573 181 1 492 169
579 92 130 1 5 112
580 94 457 1 2 444
581 303 552 1 211 542
582 130 884 1 31 876
583 90 363 1 0 348
584 370 838 1 274 832
585 312 868 1 215 862
586 431 121 1 348 113
587 339 866 1 243 860
588 346 1213 1 246 1208
589 486 737 1 392 732
590 438 1192 1 338 1189
