0 128 578 1 46 550
1 415 1040 1 323 1020
2 423 776 1 338 756
3 494 862 1 407 844
4 490 801 1 405 784
5 424 47 1 361 19
6 391 875 1 302 855
7 505 1022 1 413 1006
8 228 1153 1 132 1131
9 201 708 1 116 681
10 566 1250 1 469 1237
11 382 280 1 311 257
12 565 1194 1 470 1180
13 185 483 1 107 455
14 224 1113 1 129 1091
15 132 643 1 49 614
16 515 1007 1 423 991
17 434 333 1 364 310
18 475 850 1 388 832
19 499 909 1 410 892
20 436 348 1 365 324
21 123 486 1 44 456
22 444 55 1 384 27
23 464 300 1 394 278
24 128 679 1 44 651
25 536 305 1 467 284
26 183 350 1 108 319
27 609 248 1 545 227
28 193 639 1 110 613
29 118 524 1 38 494
30 454 1253 1 355 1236
31 475 875 1 387 858
32 162 1116 1 66 1091
33 134 624 1 51 595
34 226 1127 1 130 1104
35 516 1031 1 424 1015
36 502 1070 1 410 1053
37 449 537 1 371 517
38 492 816 1 406 798
39 519 1073 1 427 1057
40 138 725 1 52 698
41 513 997 1 423 980
42 143 804 1 55 777
43 479 385 1 407 364
44 181 417 1 105 388
45 424 1081 1 333 1063
46 120 420 1 42 389
47 437 360 1 364 337
48 229 1076 1 135 1052
49 159 363 1 84 333
50 577 1251 1 481 1237
51 434 322 1 364 300
52 466 326 1 395 304
53 550 338 1 480 318
54 140 831 1 51 804
55 547 304 1 478 282
56 150 884 1 59 857
57 544 1197 1 449 1183
58 379 265 1 309 242
59 612 259 1 547 237
60 138 697 1 53 669
61 145 786 1 57 759
62 524 1050 1 432 1035
63 503 1060 1 410 1043
64 577 1194 1 482 1180
65 190 577 1 109 549
66 475 439 1 401 419
67 487 340 1 416 319
68 181 1247 1 82 1222
69 400 769 1 315 749
70 394 722 1 310 701
71 205 830 1 116 805
72 581 323 1 512 303
73 406 1024 1 313 1004
74 115 468 1 36 437
75 424 754 1 340 734
76 350 858 1 262 837
77 120 542 1 39 512
78 193 618 1 110 591
79 384 474 1 307 452
80 503 1012 1 412 995
81 115 335 1 40 303
82 32 948 1 -60 920
83 493 852 1 406 834
84 377 239 1 309 214
85 525 1184 1 431 1170
86 149 848 1 60 821
87 665 872 1 582 860
88 186 520 1 106 492
89 394 948 1 303 929
90 514 292 1 446 268
91 609 226 1 545 204
92 120 383 1 43 351
93 485 908 1 396 890
94 29 895 1 -62 866
95 174 367 1 100 337
96 438 439 1 364 417
97 162 44 1 97 9
98 447 501 1 370 481
99 195 678 1 111 651
100 500 934 1 412 917
101 185 368 1 110 338
102 129 542 1 49 513
103 430 1140 1 335 1122
104 380 408 1 306 385
105 482 426 1 408 406
106 178 380 1 103 350
107 579 350 1 511 331
108 177 333 1 103 302
109 439 534 1 360 516
110 431 940 1 342 921
111 431 1184 1 335 1165
112 474 831 1 389 812
113 414 918 1 325 898
114 384 978 1 294 958
115 489 943 1 400 926
116 320 476 1 244 452
117 187 539 1 107 510
118 558 350 1 489 330
119 165 376 1 89 346
120 469 796 1 384 778
121 391 911 1 302 891
122 451 402 1 377 381
123 373 1028 1 280 1008
124 182 464 1 105 435
125 110 366 1 34 333
126 450 842 1 363 823
127 173 1154 1 75 1131
128 591 849 1 506 835
129 473 90 1 409 66
130 195 694 1 111 668
131 391 707 1 308 686
132 451 314 1 381 292
133 312 61 1 248 30
134 164 60 1 99 26
135 473 374 1 399 352
136 579 340 1 510 320
137 471 402 1 398 381
138 107 318 1 33 285
139 520 322 1 450 299
140 169 1208 1 71 1184
141 557 313 1 489 294
142 474 296 1 405 272
143 178 1209 1 81 1185
144 487 454 1 413 434
145 434 1054 1 341 1035
146 138 679 1 53 651
147 476 862 1 388 844
148 461 850 1 373 832
149 471 1011 1 379 993
150 654 866 1 570 854
151 29 910 1 -62 881
152 322 458 1 246 433
153 249 111 1 183 79
154 38 1004 1 -55 976
155 555 301 1 487 280
156 382 454 1 306 432
157 481 1033 1 389 1016
158 519 35 1 460 10
159 363 1250 1 264 1228
160 413 753 1 328 733
161 419 1148 1 323 1129
162 128 522 1 48 493
163 241 1243 1 143 1219
164 482 897 1 394 880
165 501 944 1 413 927
166 288 78 1 222 47
167 435 734 1 351 715
168 453 260 1 386 233
169 444 1228 1 346 1210
170 458 780 1 374 761
171 417 62 1 353 33
172 109 686 1 24 657
173 412 742 1 328 722
174 175 188 1 105 156
175 121 837 1 31 810
176 344 957 1 254 935
177 423 851 1 336 832
178 176 310 1 102 279
179 452 324 1 382 302
180 172 1131 1 75 1107
181 338 789 1 252 767
182 437 504 1 359 485
183 346 1110 1 252 1089
184 445 1003 1 353 985
185 170 204 1 100 171
186 580 301 1 512 280
187 329 834 1 243 812
188 39 1016 1 -54 988
189 110 254 1 37 220
190 197 724 1 112 698
191 657 999 1 571 988
192 111 224 1 39 190
193 479 347 1 408 325
194 35 982 1 -58 953
195 313 458 1 236 434
196 493 254 1 429 228
197 125 467 1 46 437
198 134 982 1 40 957
199 579 291 1 512 271
200 452 818 1 367 799
201 171 1175 1 74 1151
202 451 860 1 365 843
203 551 325 1 481 306
204 390 990 1 299 970
205 177 981 1 85 956
206 174 153 1 105 119
207 427 1159 1 331 1140
208 34 965 1 -59 936
209 426 226 1 358 202
210 366 770 1 280 749
211 100 537 1 19 506
212 99 49 1 32 12
213 430 235 1 361 211
214 430 527 1 352 506
215 349 827 1 262 807
216 347 1125 1 252 1104
217 106 208 1 35 173
218 293 870 1 204 848
219 166 1086 1 70 1060
220 586 769 1 505 753
221 492 374 1 419 352
222 144 1120 1 48 1095
223 409 1198 1 312 1178
224 468 344 1 395 323
225 596 890 1 512 876
226 479 770 1 394 751
227 661 850 1 579 838
228 323 976 1 231 954
229 47 1095 1 -49 1067
230 544 290 1 477 269
231 105 108 1 37 71
232 378 367 1 305 345
233 369 844 1 282 823
234 401 997 1 310 979
235 378 309 1 307 286
236 382 1168 1 286 1148
237 441 256 1 374 228
238 658 957 1 572 946
239 117 317 1 43 285
240 380 427 1 305 405
241 152 935 1 61 910
242 445 76 1 383 49
243 395 1241 1 297 1221
244 325 989 1 233 967
245 547 352 1 477 331
246 103 150 1 33 113
247 257 982 1 165 960
248 156 1253 1 57 1228
249 372 761 1 288 739
250 548 314 1 480 293
251 204 979 1 112 956
252 101 65 1 34 28
253 128 698 1 43 670
254 570 351 1 501 332
255 401 735 1 317 713
256 518 308 1 451 284
257 405 779 1 320 759
258 135 788 1 47 760
259 433 971 1 343 952
260 146 904 1 55 878
261 171 1114 1 75 1090
262 487 1069 1 394 1052
263 369 1149 1 274 1128
264 378 355 1 306 332
265 387 796 1 301 776
266 165 106 1 99 71
267 383 935 1 294 915
268 580 311 1 513 289
269 554 278 1 487 258
270 387 513 1 310 491
271 109 172 1 38 137
272 298 776 1 212 753
273 110 385 1 33 352
274 584 360 1 515 340
275 92 379 1 15 346
276 175 174 1 105 142
277 330 1120 1 235 1099
278 359 671 1 277 649
279 369 535 1 290 513
280 291 707 1 207 683
281 423 861 1 336 842
282 386 966 1 295 947
283 397 254 1 329 226
284 395 977 1 305 958
285 414 150 1 348 127
286 171 248 1 100 217
287 331 962 1 240 941
288 310 1231 1 212 1210
289 356 1126 1 261 1105
290 397 1112 1 302 1093
291 427 1218 1 329 1200
292 297 741 1 210 718
293 386 735 1 302 714
294 680 160 1 622 137
295 469 717 1 386 698
296 575 805 1 491 790
297 351 789 1 265 767
298 405 947 1 315 928
299 447 1017 1 356 999
300 376 295 1 305 271
301 469 389 1 397 368
302 293 44 1 229 12
303 471 1033 1 380 1016
304 366 1109 1 271 1088
305 321 951 1 232 930
306 125 601 1 43 572
307 533 1230 1 437 1215
308 452 717 1 369 698
309 140 747 1 53 719
310 402 1229 1 305 1209
311 389 901 1 300 881
312 166 333 1 91 302
313 340 824 1 253 802
314 558 767 1 475 751
315 218 914 1 128 890
316 298 579 1 218 555
317 379 926 1 291 905
318 333 73 1 268 45
319 164 95 1 97 61
320 537 747 1 454 731
321 428 270 1 359 244
322 476 229 1 412 201
323 410 1123 1 316 1103
324 455 451 1 380 430
325 433 44 1 372 15
326 257 35 1 193 2
327 119 364 1 44 332
328 448 831 1 362 813
329 540 779 1 456 762
330 554 250 1 492 227
331 502 307 1 433 284
332 70 291 1 -4 256
333 587 1250 1 490 1236
334 493 314 1 422 292
335 371 549 1 292 526
336 346 923 1 256 902
337 77 61 1 9 23
338 378 898 1 289 878
339 476 1051 1 384 1034
340 647 849 1 564 836
341 83 213 1 11 177
342 419 453 1 344 430
343 619 903 1 534 889
344 448 359 1 375 336
345 491 953 1 400 935
346 485 839 1 399 821
347 661 850 1 578 837
348 156 956 1 64 931
349 269 320 1 196 291
350 230 334 1 156 304
351 73 369 1 -2 336
352 611 721 1 530 705
353 355 917 1 266 895
354 569 768 1 485 752
355 376 810 1 289 790
356 406 958 1 315 940
357 363 758 1 278 737
358 318 886 1 230 865
359 208 721 1 123 696
360 288 460 1 211 434
361 287 431 1 211 406
362 402 754 1 319 734
363 400 986 1 308 967
364 122 443 1 44 412
365 265 177 1 196 147
366 356 1108 1 261 1087
367 567 284 1 500 262
368 340 722 1 256 699
369 415 1163 1 320 1145
370 430 516 1 353 496
371 362 203 1 294 178
372 83 528 1 2 497
373 452 334 1 381 312
374 538 364 1 468 343
375 393 1015 1 302 995
376 591 809 1 508 794
377 300 924 1 210 901
378 420 1231 1 323 1212
379 293 1223 1 196 1201
380 510 54 1 450 28
381 352 804 1 265 782
382 504 253 1 438 227
383 276 275 1 205 247
384 105 98 1 38 62
385 316 684 1 233 661
386 317 875 1 229 853
387 381 780 1 296 759
388 218 707 1 134 682
389 487 417 1 414 396
390 362 1004 1 270 984
391 413 990 1 322 971
392 359 824 1 272 803
393 400 424 1 326 400
394 485 304 1 417 281
395 417 1004 1 326 985
396 264 207 1 195 177
397 299 560 1 220 535
398 522 210 1 459 183
399 99 528 1 18 497
400 435 746 1 351 727
401 317 1211 1 220 1190
402 89 442 1 11 410
403 367 1224 1 269 1204
404 363 132 1 297 106
405 373 832 1 286 811
406 512 282 1 445 259
407 156 977 1 65 952
408 89 627 1 5 597
409 297 731 1 213 708
410 368 1019 1 276 999
411 156 924 1 65 899
412 653 170 1 593 147
413 267 823 1 179 798
414 311 71 1 245 41
415 384 1026 1 292 1006
416 77 447 1 0 416
417 90 468 1 11 436
418 668 887 1 584 875
419 381 995 1 289 975
420 279 1067 1 186 1045
421 383 1005 1 291 985
422 432 1044 1 340 1025
423 506 1033 1 414 1016
424 361 811 1 275 790
425 477 157 1 413 130
426 71 330 1 -3 296
427 348 872 1 260 850
428 586 1193 1 491 1179
429 73 353 1 -2 320
430 296 955 1 205 932
431 296 1215 1 198 1194
432 412 1098 1 318 1079
433 351 813 1 264 791
434 527 1251 1 429 1238
435 594 213 1 532 188
436 247 125 1 180 93
437 465 32 1 404 6
438 201 1062 1 107 1038
439 579 1214 1 484 1201
440 426 1115 1 332 1095
441 372 1006 1 280 985
442 176 1045 1 81 1021
443 124 626 1 41 597
444 70 309 1 -4 275
445 82 319 1 7 285
446 243 1216 1 144 1194
447 307 934 1 216 911
448 462 164 1 399 136
449 83 222 1 11 186
450 417 765 1 332 746
451 108 748 1 21 720
452 418 1253 1 320 1234
453 601 204 1 540 179
454 380 1131 1 286 1111
455 329 1227 1 232 1205
456 144 1129 1 48 1104
457 513 1045 1 422 1029
458 512 365 1 442 343
459 85 541 1 3 510
460 383 1054 1 290 1033
461 553 938 1 465 922
462 658 1205 1 564 1195
463 545 1240 1 448 1226
464 254 1229 1 156 1207
465 78 458 1 0 426
466 149 830 1 61 804
467 386 1097 1 292 1077
468 70 320 1 -4 285
469 355 1096 1 260 1075
470 350 1079 1 257 1059
471 120 847 1 30 820
472 376 969 1 286 949
473 602 1145 1 509 1132
474 77 427 1 0 394
475 169 70 1 103 37
476 264 98 1 199 66
477 596 726 1 516 710
478 171 79 1 104 46
479 412 51 1 350 22
480 400 461 1 325 438
481 420 969 1 329 950
482 459 802 1 373 783
483 307 977 1 215 954
484 328 933 1 240 912
485 502 278 1 435 255
486 394 1026 1 303 1006
487 373 801 1 287 779
488 649 221 1 586 200
489 495 326 1 425 304
490 331 550 1 253 526
491 562 508 1 487 490
492 341 896 1 253 874
493 298 313 1 227 286
494 524 538 1 448 519
495 230 321 1 157 292
496 202 744 1 117 717
497 229 1218 1 131 1195
498 518 777 1 434 759
499 415 125 1 350 101
500 259 1196 1 162 1174
501 555 813 1 470 797
502 331 131 1 265 104
503 388 1043 1 295 1023
504 420 937 1 330 918
505 146 1207 1 48 1183
506 664 1002 1 579 992
507 168 142 1 100 109
508 356 840 1 268 818
509 477 1021 1 386 1004
510 93 690 1 7 661
511 620 812 1 537 798
512 374 719 1 290 698
513 418 955 1 329 936
514 386 806 1 300 785
515 380 1192 1 285 1172
516 397 1213 1 299 1193
517 623 719 1 543 703
518 478 1137 1 383 1118
519 557 518 1 481 499
520 643 102 1 588 74
521 611 768 1 529 753
522 400 1036 1 308 1017
523 448 788 1 363 769
524 463 263 1 396 236
525 540 806 1 455 790
526 635 1243 1 539 1232
527 62 116 1 -7 77
528 87 597 1 4 567
529 512 352 1 442 330
530 110 696 1 25 667
531 537 1180 1 441 1165
532 89 637 1 5 607
533 85 555 1 3 524
534 426 993 1 335 974
535 371 992 1 280 972
536 188 453 1 111 425
537 320 844 1 232 823
538 453 436 1 379 415
539 107 123 1 38 87
540 111 786 1 24 758
541 589 1151 1 495 1137
542 366 982 1 275 962
543 77 437 1 0 405
544 572 533 1 497 515
545 378 1144 1 283 1124
546 393 1177 1 297 1157
547 573 188 1 510 163
548 632 909 1 547 896
549 143 988 1 50 963
550 367 790 1 281 768
551 268 574 1 188 548
552 84 518 1 3 487
553 567 415 1 495 396
554 204 1073 1 110 1049
555 405 1164 1 309 1145
556 189 598 1 107 571
557 380 771 1 295 750
558 396 1187 1 300 1167
559 337 713 1 253 690
560 143 1175 1 45 1150
561 319 931 1 230 910
562 429 291 1 359 267
563 32 935 1 -60 907
564 327 541 1 249 517
565 85 367 1 9 334
566 88 612 1 4 582
567 366 937 1 276 916
568 572 733 1 489 718
569 414 425 1 340 402
570 335 1200 1 238 1180
571 269 1199 1 172 1178
572 355 769 1 270 747
573 341 912 1 252 890
574 192 1083 1 97 1059
575 313 1103 1 219 1081
576 97 749 1 10 720
577 551 200 1 487 174
578 74 150 1 4 113
579 80 476 1 0 444
580 289 567 1 209 542
581 120 901 1 30 875
582 74 382 1 -2 349
583 360 853 1 272 831
584 302 883 1 213 861
585 411 137 1 346 114
586 329 880 1 241 859
587 341 1226 1 244 1206
588 90 637 1 6 608
589 474 750 1 390 732
590 433 1206 1 336 1187
