0 85 585 1 43 549
1 376 786 1 333 754
2 444 871 1 401 842
3 441 811 1 399 782
4 386 68 1 355 27
5 342 884 1 298 852
6 365 1048 1 319 1017
7 447 918 1 404 888
8 453 1030 1 407 1001
9 155 715 1 113 680
10 509 1198 1 462 1171
11 173 1120 1 126 1088
12 176 1161 1 128 1128
13 342 292 1 307 258
14 87 648 1 45 614
15 463 1015 1 417 986
16 394 347 1 358 313
17 430 112 1 399 74
18 142 489 1 103 455
19 81 492 1 41 456
20 407 76 1 377 35
21 426 345 1 391 311
22 83 685 1 41 650
23 425 885 1 381 855
24 147 583 1 106 549
25 494 324 1 459 289
26 143 358 1 105 320
27 426 840 1 383 810
28 120 1255 1 72 1220
29 425 859 1 382 829
30 76 530 1 35 494
31 141 424 1 101 389
32 562 109 1 537 61
33 395 362 1 359 327
34 283 643 1 243 611
35 93 732 1 49 697
36 110 1122 1 63 1089
37 600 869 1 560 842
38 89 630 1 47 595
39 174 1134 1 127 1102
40 464 1039 1 418 1010
41 450 1077 1 404 1048
42 405 549 1 366 517
43 443 825 1 400 796
44 467 1081 1 421 1052
45 462 1005 1 417 975
46 96 810 1 52 776
47 437 399 1 401 366
48 147 646 1 107 612
49 79 427 1 39 390
50 394 375 1 358 340
51 119 370 1 80 334
52 373 1087 1 328 1057
53 367 689 1 326 656
54 343 955 1 299 925
55 662 862 1 624 836
56 506 357 1 472 322
57 92 836 1 48 803
58 504 323 1 470 287
59 101 889 1 56 856
60 489 1201 1 442 1173
61 340 277 1 304 243
62 642 858 1 603 832
63 567 282 1 536 245
64 93 702 1 50 668
65 98 793 1 54 758
66 641 858 1 602 831
67 521 1198 1 474 1171
68 188 1251 1 139 1217
69 432 452 1 395 420
70 178 1083 1 131 1050
71 352 779 1 310 748
72 348 731 1 306 699
73 157 837 1 113 804
74 536 343 1 503 308
75 355 1032 1 309 1000
76 73 474 1 33 437
77 376 764 1 335 733
78 302 866 1 258 834
79 77 548 1 36 512
80 148 626 1 107 591
81 341 485 1 302 452
82 451 1020 1 406 990
83 75 341 1 36 304
84 443 861 1 401 831
85 381 947 1 336 917
86 451 952 1 407 923
87 470 1188 1 424 1161
88 101 854 1 56 820
89 610 881 1 570 854
90 143 527 1 103 492
91 452 275 1 420 236
92 384 538 1 347 506
93 80 389 1 40 352
94 564 271 1 534 235
95 134 374 1 96 338
96 421 808 1 379 776
97 129 52 1 93 12
98 403 513 1 365 481
99 149 685 1 107 650
100 450 943 1 406 913
101 423 316 1 388 281
102 145 376 1 107 339
103 86 548 1 46 513
104 378 1147 1 331 1117
105 339 419 1 301 386
106 439 440 1 403 407
107 507 345 1 473 310
108 138 387 1 100 350
109 535 370 1 501 335
110 447 355 1 410 321
111 138 340 1 99 303
112 395 546 1 355 516
113 378 1191 1 331 1160
114 412 338 1 376 304
115 365 926 1 321 895
116 439 951 1 394 922
117 278 485 1 240 452
118 143 545 1 103 510
119 513 369 1 480 334
120 125 384 1 85 347
121 391 1234 1 342 1204
122 277 75 1 243 35
123 342 919 1 297 888
124 409 416 1 372 382
125 322 1036 1 276 1005
126 395 452 1 358 418
127 141 471 1 101 435
128 70 372 1 31 334
129 276 625 1 234 592
130 393 337 1 358 302
131 121 1161 1 72 1129
132 150 701 1 107 667
133 345 717 1 303 685
134 470 320 1 436 285
135 536 330 1 503 295
136 411 329 1 376 294
137 383 1061 1 337 1031
138 130 68 1 95 28
139 431 388 1 393 355
140 285 624 1 244 591
141 534 360 1 501 325
142 428 415 1 392 382
143 68 324 1 29 286
144 476 341 1 442 305
145 116 1216 1 68 1181
146 433 313 1 398 277
147 125 1216 1 77 1182
148 443 468 1 407 435
149 406 264 1 372 225
150 92 685 1 50 650
151 471 1059 1 426 1030
152 426 871 1 382 841
153 419 1019 1 374 988
154 83 989 1 37 955
155 663 884 1 624 858
156 388 177 1 355 141
157 450 332 1 415 296
158 280 467 1 242 434
159 215 123 1 179 83
160 563 254 1 532 217
161 512 320 1 478 285
162 339 465 1 301 432
163 429 1040 1 383 1011
164 482 59 1 452 18
165 366 763 1 324 731
166 366 1155 1 319 1125
167 85 528 1 45 493
168 430 907 1 388 877
169 385 528 1 348 496
170 260 692 1 218 659
171 387 745 1 346 713
172 412 281 1 378 241
173 260 810 1 216 777
174 410 790 1 369 759
175 366 752 1 323 721
176 63 692 1 21 657
177 138 196 1 102 157
178 73 843 1 28 809
179 400 851 1 358 820
180 294 965 1 250 933
181 375 860 1 331 830
182 338 249 1 304 215
183 137 317 1 99 280
184 120 1137 1 72 1104
185 291 798 1 248 766
186 393 516 1 354 485
187 294 1118 1 248 1086
188 410 859 1 367 829
189 394 1011 1 348 981
190 133 212 1 97 173
191 536 321 1 503 285
192 281 842 1 239 810
193 72 260 1 34 221
194 150 731 1 109 697
195 74 231 1 36 191
196 335 986 1 289 955
197 437 362 1 401 328
198 271 468 1 232 434
199 396 166 1 363 130
200 294 1134 1 248 1101
201 83 473 1 43 437
202 130 113 1 95 73
203 535 312 1 503 276
204 404 827 1 362 797
205 118 1182 1 70 1148
206 403 870 1 359 840
207 448 390 1 412 356
208 340 999 1 295 967
209 138 161 1 102 121
210 435 1075 1 388 1047
211 318 779 1 276 748
212 57 543 1 16 506
213 65 55 1 29 14
214 301 836 1 258 805
215 69 214 1 31 175
216 245 877 1 200 845
217 230 332 1 192 294
218 115 1092 1 67 1058
219 535 780 1 496 751
220 92 1127 1 45 1093
221 375 1166 1 327 1136
222 426 359 1 389 325
223 667 1007 1 627 981
224 606 859 1 566 832
225 273 983 1 227 951
226 349 1236 1 300 1204
227 71 114 1 34 73
228 337 379 1 300 345
229 437 250 1 403 209
230 351 1005 1 306 976
231 338 320 1 303 287
232 330 1175 1 282 1144
233 430 100 1 398 61
234 602 964 1 560 938
235 78 324 1 39 286
236 338 438 1 300 405
237 104 941 1 58 908
238 275 995 1 229 964
239 282 674 1 240 641
240 67 156 1 30 115
241 208 988 1 162 957
242 326 770 1 283 738
243 505 333 1 472 298
244 584 229 1 555 189
245 451 1067 1 404 1038
246 462 275 1 428 235
247 154 986 1 109 953
248 67 71 1 31 30
249 83 704 1 40 669
250 526 371 1 492 337
251 354 744 1 313 712
252 594 1007 1 553 983
253 436 917 1 391 887
254 403 151 1 370 114
255 357 788 1 315 757
256 88 793 1 44 759
257 383 979 1 338 949
258 97 910 1 52 876
259 120 1120 1 72 1087
260 317 1157 1 270 1125
261 337 366 1 301 333
262 339 806 1 296 774
263 344 523 1 305 491
264 73 179 1 35 139
265 251 784 1 208 752
266 69 391 1 30 353
267 539 379 1 505 345
268 192 333 1 153 295
269 51 384 1 12 346
270 139 182 1 102 144
271 278 1129 1 231 1096
272 313 680 1 272 648
273 325 545 1 285 513
274 245 715 1 203 682
275 336 975 1 291 945
276 661 122 1 639 78
277 346 985 1 300 955
278 376 164 1 343 129
279 134 256 1 97 218
280 281 970 1 236 938
281 257 1237 1 208 1205
282 305 1134 1 257 1102
283 374 1224 1 324 1194
284 249 750 1 206 717
285 433 45 1 402 3
286 339 745 1 297 713
287 293 143 1 261 106
288 634 190 1 607 150
289 422 728 1 381 697
290 523 816 1 482 787
291 122 993 1 76 960
292 206 971 1 161 939
293 304 798 1 261 766
294 355 955 1 310 924
295 396 1025 1 351 995
296 336 306 1 301 272
297 427 403 1 391 370
298 675 219 1 648 182
299 259 58 1 225 17
300 519 108 1 493 60
301 419 1040 1 374 1011
302 315 1117 1 267 1085
303 272 958 1 228 926
304 82 607 1 40 572
305 159 750 1 114 716
306 405 728 1 364 697
307 94 752 1 50 718
308 351 1205 1 303 1172
309 340 909 1 296 878
310 658 200 1 631 162
311 292 832 1 249 800
312 267 624 1 226 591
313 430 780 1 388 749
314 675 101 1 653 54
315 168 920 1 124 888
316 254 588 1 214 555
317 330 934 1 286 903
318 508 778 1 467 748
319 129 103 1 94 63
320 487 758 1 447 729
321 334 945 1 289 913
322 359 1131 1 311 1099
323 411 464 1 374 431
324 397 64 1 366 23
325 223 48 1 189 7
326 80 370 1 40 333
327 399 840 1 357 811
328 490 789 1 449 760
329 511 272 1 479 235
330 461 325 1 425 289
331 31 296 1 -7 257
332 358 269 1 323 231
333 287 87 1 254 46
334 327 559 1 288 526
335 296 931 1 252 899
336 42 67 1 6 25
337 329 906 1 285 875
338 425 1058 1 378 1029
339 593 859 1 552 831
340 150 1068 1 104 1035
341 42 590 1 0 555
342 288 1233 1 240 1201
343 46 219 1 8 179
344 376 465 1 339 431
345 406 374 1 370 338
346 321 859 1 278 828
347 138 131 1 103 93
348 605 859 1 566 832
349 106 962 1 61 929
350 191 345 1 153 307
351 33 375 1 -5 337
352 559 733 1 520 703
353 306 924 1 262 893
354 519 779 1 477 750
355 328 819 1 285 788
356 356 967 1 310 937
357 316 767 1 274 736
358 380 870 1 337 840
359 246 469 1 207 434
360 245 441 1 207 406
361 343 1121 1 298 1089
362 355 764 1 314 733
363 186 1196 1 138 1164
364 42 591 1 0 555
365 350 995 1 304 964
366 81 449 1 41 413
367 304 1116 1 257 1084
368 523 304 1 490 268
369 294 731 1 252 698
370 362 1170 1 315 1140
371 40 513 1 -1 476
372 40 533 1 0 497
373 411 349 1 375 314
374 343 1023 1 297 992
375 540 819 1 499 790
376 251 931 1 206 899
377 367 1238 1 318 1207
378 241 1229 1 192 1197
379 529 286 1 496 251
380 501 310 1 469 274
381 343 1250 1 294 1216
382 71 104 1 34 64
383 270 692 1 229 660
384 269 882 1 225 850
385 675 229 1 649 192
386 334 789 1 292 758
387 173 714 1 130 681
388 312 1012 1 266 981
389 363 998 1 317 968
390 311 833 1 268 801
391 358 436 1 320 402
392 444 322 1 409 286
393 367 1012 1 321 981
394 255 569 1 216 535
395 481 233 1 449 193
396 56 533 1 15 497
397 388 757 1 346 726
398 264 1218 1 216 1186
399 48 448 1 7 411
400 313 1231 1 265 1199
401 327 144 1 293 108
402 326 841 1 282 809
403 470 302 1 436 265
404 106 983 1 62 950
405 379 81 1 347 41
406 480 327 1 446 291
407 45 632 1 2 597
408 315 1246 1 266 1214
409 371 438 1 335 404
410 107 930 1 62 897
411 607 199 1 579 159
412 333 1034 1 288 1003
413 36 453 1 -3 416
414 48 473 1 8 437
415 611 896 1 571 869
416 330 1003 1 285 972
417 227 160 1 191 120
418 229 1074 1 182 1042
419 332 1013 1 287 982
420 381 1052 1 335 1022
421 454 1041 1 408 1011
422 313 820 1 270 788
423 565 911 1 524 884
424 438 176 1 405 137
425 32 335 1 -6 297
426 300 879 1 256 848
427 261 918 1 217 886
428 530 1198 1 483 1170
429 33 359 1 -5 321
430 247 962 1 202 930
431 243 1222 1 195 1189
432 360 1106 1 313 1075
433 303 822 1 260 790
434 642 845 1 604 818
435 550 239 1 520 200
436 428 55 1 397 14
437 532 1254 1 484 1226
438 524 1219 1 476 1191
439 373 1123 1 327 1091
440 322 1013 1 276 982
441 125 1051 1 78 1018
442 80 632 1 38 597
443 32 315 1 -7 276
444 476 1245 1 428 1218
445 44 325 1 4 286
446 423 187 1 391 145
447 46 228 1 7 188
448 369 776 1 327 745
449 62 753 1 18 719
450 556 231 1 527 191
451 329 1139 1 282 1108
452 277 1233 1 228 1200
453 92 1135 1 45 1101
454 372 196 1 339 162
455 461 1052 1 415 1023
456 517 349 1 483 313
457 42 547 1 0 510
458 332 1062 1 285 1030
459 501 946 1 458 918
460 201 1235 1 153 1203
461 37 463 1 -3 426
462 101 836 1 57 802
463 334 1105 1 288 1074
464 31 325 1 -7 286
465 50 736 1 6 701
466 217 142 1 181 100
467 397 307 1 362 270
468 72 852 1 27 818
469 327 977 1 282 946
470 36 432 1 -3 395
471 135 80 1 99 39
472 545 738 1 506 708
473 279 1006 1 233 974
474 376 71 1 344 30
475 358 474 1 319 440
476 369 977 1 324 947
477 595 878 1 555 852
478 411 812 1 368 781
479 257 983 1 211 951
480 280 940 1 236 909
481 460 297 1 427 261
482 344 1035 1 298 1003
483 325 810 1 283 778
484 53 793 1 9 759
485 322 215 1 289 179
486 288 559 1 249 527
487 515 524 1 479 491
488 664 899 1 625 873
489 432 187 1 400 145
490 259 324 1 223 287
491 46 668 1 2 633
492 469 787 1 428 757
493 378 142 1 345 104
494 207 1202 1 159 1170
495 504 823 1 463 794
496 337 1051 1 291 1020
497 370 945 1 325 915
498 93 1215 1 45 1180
499 604 1006 1 564 981
500 270 833 1 226 801
501 133 149 1 97 111
502 451 285 1 418 246
503 308 848 1 264 817
504 426 1028 1 381 999
505 47 695 1 4 660
506 567 822 1 527 794
507 328 728 1 286 697
508 338 815 1 295 784
509 328 1199 1 280 1167
510 344 1221 1 295 1189
511 570 731 1 532 701
512 426 1144 1 378 1114
513 510 533 1 473 500
514 597 136 1 571 91
515 558 779 1 519 750
516 350 1044 1 303 1014
517 400 798 1 357 767
518 422 283 1 388 244
519 490 817 1 448 787
520 26 121 1 -11 79
521 44 603 1 1 567
522 64 701 1 22 666
523 331 216 1 297 180
524 45 642 1 2 607
525 41 560 1 0 524
526 353 702 1 312 670
527 321 1000 1 275 969
528 272 852 1 228 821
529 410 449 1 373 416
530 72 130 1 34 89
531 65 792 1 20 757
532 533 1156 1 487 1129
533 316 990 1 271 959
534 36 442 1 -4 405
535 326 1152 1 279 1120
536 341 1184 1 293 1153
537 386 732 1 345 700
538 578 918 1 536 890
539 93 994 1 47 961
540 320 798 1 277 767
541 42 523 1 0 487
542 522 432 1 486 399
543 153 1079 1 106 1046
544 408 98 1 376 56
545 457 342 1 424 308
546 270 640 1 228 607
547 333 780 1 291 748
548 344 1195 1 296 1163
549 290 721 1 249 689
550 90 1182 1 42 1147
551 176 1225 1 128 1192
552 221 827 1 176 796
553 507 221 1 477 180
554 284 550 1 245 517
555 45 373 1 5 335
556 44 617 1 1 581
557 316 944 1 271 913
558 522 745 1 481 716
559 282 1206 1 234 1175
560 217 1206 1 168 1173
561 308 778 1 266 746
562 292 920 1 248 887
563 140 1090 1 94 1056
564 262 1111 1 215 1078
565 50 754 1 7 719
566 38 156 1 1 115
567 38 481 1 -2 445
568 245 576 1 205 542
569 72 907 1 27 873
570 33 387 1 -5 349
571 312 861 1 268 829
572 254 891 1 209 859
573 374 152 1 341 116
574 281 888 1 237 857
575 45 642 1 3 607
576 380 1212 1 331 1182
