0 69 524 1 35 551
1 357 722 1 322 753
2 364 27 1 341 52
3 420 747 1 386 780
4 425 851 1 390 883
5 324 818 1 287 849
6 347 977 1 308 1011
7 381 1184 1 339 1221
8 140 653 1 105 680
9 160 1050 1 118 1083
10 164 1089 1 120 1122
11 65 433 1 33 458
12 72 588 1 38 614
13 441 945 1 403 978
14 406 775 1 370 807
15 373 294 1 345 323
16 405 818 1 368 851
17 408 61 1 384 90
18 125 430 1 94 457
19 384 35 1 362 61
20 405 292 1 377 321
21 68 624 1 33 651
22 468 279 1 441 306
23 125 300 1 96 325
24 371 186 1 346 210
25 373 311 1 346 337
26 110 1180 1 64 1214
27 494 1167 1 456 1206
28 404 794 1 369 826
29 60 470 1 27 496
30 483 1116 1 445 1154
31 520 107 1 503 122
32 321 424 1 291 454
33 266 581 1 233 611
34 99 1052 1 55 1084
35 131 523 1 97 550
36 74 569 1 40 596
37 162 1063 1 119 1096
38 442 968 1 404 1002
39 428 1004 1 390 1038
40 373 324 1 345 350
41 421 761 1 386 794
42 444 1008 1 407 1042
43 132 586 1 98 613
44 424 805 1 388 837
45 440 934 1 402 968
46 507 302 1 482 327
47 62 368 1 31 393
48 179 1230 1 134 1265
49 337 962 1 298 995
50 78 669 1 42 697
51 102 311 1 72 338
52 348 627 1 314 657
53 621 799 1 592 831
54 82 746 1 44 775
55 78 773 1 40 801
56 478 278 1 451 305
57 88 825 1 49 853
58 422 303 1 395 332
59 603 795 1 574 827
60 326 887 1 288 920
61 78 641 1 42 668
62 84 730 1 46 757
63 602 794 1 573 826
64 676 824 1 648 858
65 443 279 1 418 304
66 494 1116 1 456 1154
67 176 1176 1 131 1210
68 411 397 1 382 427
69 675 803 1 647 836
70 165 1013 1 123 1045
71 334 715 1 300 746
72 330 668 1 295 699
73 142 774 1 105 802
74 320 359 1 290 389
75 57 414 1 25 440
76 284 801 1 248 832
77 61 488 1 29 514
78 611 621 1 584 650
79 132 564 1 98 592
80 108 1091 1 64 1123
81 430 949 1 392 983
82 58 283 1 28 308
83 123 365 1 92 392
84 422 795 1 387 828
85 362 879 1 324 912
86 321 234 1 295 263
87 87 790 1 49 818
88 573 816 1 542 848
89 126 467 1 94 494
90 358 700 1 323 732
91 62 331 1 32 356
92 532 237 1 509 262
93 117 316 1 88 342
94 464 1118 1 425 1156
95 134 623 1 99 650
96 429 875 1 392 908
97 355 1014 1 316 1048
98 376 993 1 337 1027
99 127 318 1 98 343
100 70 488 1 38 514
101 359 1074 1 320 1109
102 417 385 1 389 414
103 120 328 1 91 354
104 447 1107 1 409 1144
105 366 479 1 335 509
106 120 281 1 91 307
107 418 885 1 381 917
108 408 268 1 383 294
109 653 798 1 623 831
110 390 285 1 363 314
111 384 490 1 353 520
112 347 859 1 310 891
113 260 425 1 229 454
114 127 485 1 94 512
115 107 325 1 77 350
116 372 1157 1 330 1193
117 306 966 1 266 1000
118 410 226 1 386 249
119 124 412 1 92 438
120 53 313 1 23 338
121 258 563 1 224 593
122 266 778 1 229 808
123 372 284 1 345 312
124 257 25 1 233 51
125 134 639 1 99 667
126 326 654 1 292 685
127 431 959 1 394 993
128 324 853 1 287 884
129 507 290 1 482 315
130 534 246 1 511 272
131 409 216 1 385 239
132 429 884 1 393 918
133 267 562 1 234 592
134 504 317 1 479 344
135 407 361 1 378 390
136 50 265 1 21 290
137 449 300 1 423 325
138 106 1142 1 60 1175
139 115 1142 1 70 1176
140 421 413 1 392 443
141 78 624 1 42 651
142 449 986 1 412 1021
143 399 948 1 361 981
144 71 922 1 30 951
145 621 819 1 592 852
146 384 320 1 356 348
147 346 688 1 312 720
148 262 407 1 231 436
149 119 1194 1 73 1229
150 425 287 1 398 313
151 321 405 1 290 435
152 408 969 1 370 1003
153 361 1115 1 320 1151
154 652 816 1 623 850
155 325 638 1 291 668
156 69 469 1 37 495
157 679 913 1 651 948
158 470 328 1 446 354
159 365 469 1 336 499
160 243 630 1 208 659
161 369 682 1 334 713
162 408 335 1 379 364
163 243 746 1 207 775
164 390 726 1 356 758
165 349 1082 1 308 1116
166 49 631 1 14 657
167 381 99 1 356 128
168 119 136 1 93 163
169 59 779 1 21 807
170 96 917 1 54 946
171 356 795 1 320 827
172 319 191 1 293 221
173 119 258 1 90 285
174 294 1182 1 251 1218
175 109 1067 1 64 1099
176 274 734 1 238 764
177 373 457 1 342 488
178 279 1047 1 238 1081
179 391 793 1 354 825
180 114 152 1 87 178
181 506 281 1 481 306
182 405 806 1 369 838
183 375 396 1 345 425
184 53 201 1 26 227
185 136 668 1 100 697
186 401 743 1 366 774
187 55 171 1 28 197
188 318 918 1 279 950
189 275 120 1 250 147
190 252 408 1 222 437
191 173 193 1 147 218
192 404 309 1 375 336
193 279 1062 1 238 1096
194 398 93 1 373 122
195 67 414 1 35 440
196 110 52 1 86 80
197 396 64 1 373 94
198 657 928 1 628 963
199 374 942 1 336 974
200 384 763 1 350 795
201 108 1109 1 63 1142
202 385 350 1 357 379
203 334 938 1 295 971
204 678 930 1 649 965
205 336 680 1 302 711
206 335 630 1 303 659
207 118 102 1 93 129
208 413 1002 1 375 1038
209 41 483 1 8 508
210 388 80 1 363 108
211 414 850 1 378 883
212 284 771 1 248 803
213 674 199 1 654 224
214 50 155 1 23 181
215 74 731 1 36 759
216 506 719 1 476 750
217 122 1218 1 75 1253
218 81 1057 1 38 1088
219 356 1091 1 316 1127
220 93 1185 1 47 1219
221 625 932 1 594 967
222 382 805 1 347 837
223 367 124 1 342 153
224 569 795 1 539 828
225 289 84 1 265 114
226 507 261 1 482 287
227 50 54 1 25 80
228 318 319 1 289 349
229 274 85 1 250 114
230 446 316 1 419 342
231 319 262 1 291 291
232 314 1102 1 272 1137
233 411 840 1 375 873
234 566 894 1 534 928
235 60 265 1 31 291
236 319 378 1 289 408
237 227 814 1 192 842
238 506 327 1 481 353
239 242 39 1 219 65
240 264 612 1 230 642
241 47 96 1 22 122
242 194 920 1 154 951
243 90 876 1 50 905
244 308 706 1 273 737
245 388 361 1 359 390
246 429 994 1 391 1029
247 140 919 1 101 949
248 497 329 1 471 355
249 339 725 1 304 756
250 253 815 1 216 847
251 84 845 1 44 873
252 108 1050 1 65 1082
253 445 1174 1 406 1212
254 302 1084 1 260 1119
255 198 90 1 173 116
256 509 235 1 485 260
257 374 234 1 350 253
258 356 411 1 326 438
259 553 932 1 523 967
260 325 462 1 294 493
261 53 119 1 27 146
262 52 332 1 22 357
263 509 336 1 484 363
264 34 326 1 4 350
265 233 564 1 200 593
266 170 1189 1 125 1224
267 263 1057 1 222 1091
268 295 618 1 262 648
269 306 484 1 274 515
270 228 653 1 194 682
271 319 908 1 280 940
272 615 115 1 599 133
273 328 917 1 290 949
274 356 105 1 331 135
275 489 1201 1 449 1240
276 115 197 1 88 223
277 679 189 1 659 214
278 243 1161 1 200 1196
279 289 1063 1 248 1096
280 321 681 1 287 712
281 374 24 1 351 48
282 84 865 1 44 894
283 409 1215 1 367 1253
284 593 169 1 574 191
285 402 665 1 368 697
286 496 753 1 464 785
287 418 324 1 390 352
288 109 926 1 68 957
289 193 904 1 154 934
290 434 1215 1 392 1254
291 287 733 1 251 764
292 400 1230 1 357 1267
293 377 954 1 339 988
294 317 247 1 289 277
295 406 350 1 377 379
296 635 192 1 614 216
297 348 699 1 312 730
298 216 151 1 190 177
299 349 1206 1 306 1243
300 481 107 1 463 121
301 399 969 1 361 1003
302 299 1046 1 257 1080
303 352 1193 1 309 1230
304 66 546 1 32 573
305 143 687 1 106 716
306 385 665 1 352 696
307 301 716 1 266 746
308 322 613 1 289 643
309 322 843 1 285 875
310 455 265 1 430 292
311 618 176 1 597 199
312 275 768 1 239 798
313 249 562 1 215 592
314 410 717 1 375 748
315 625 99 1 609 115
316 274 674 1 239 704
317 155 854 1 116 885
318 479 300 1 454 327
319 313 867 1 276 899
320 482 717 1 450 748
321 109 42 1 85 69
322 463 697 1 430 729
323 452 36 1 429 63
324 317 878 1 279 909
325 183 187 1 156 212
326 342 1058 1 301 1093
327 478 312 1 453 339
328 450 1159 1 411 1197
329 80 690 1 42 717
330 116 1241 1 70 1276
331 62 311 1 32 337
332 256 914 1 218 946
333 466 727 1 433 759
334 335 1130 1 293 1165
335 360 224 1 335 249
336 337 224 1 310 249
337 321 308 1 290 337
338 122 1228 1 76 1263
339 333 1159 1 290 1195
340 308 498 1 277 528
341 280 865 1 242 896
342 418 272 1 392 298
343 312 840 1 274 872
344 404 986 1 365 1020
345 557 795 1 527 826
346 138 998 1 96 1030
347 28 530 1 -6 556
348 273 1157 1 231 1192
349 27 160 1 0 185
350 555 127 1 537 144
351 531 209 1 510 230
352 279 897 1 240 929
353 304 794 1 267 826
354 278 186 1 251 213
355 118 71 1 93 99
356 568 795 1 538 827
357 94 896 1 53 926
358 435 252 1 411 275
359 337 1192 1 295 1229
360 260 90 1 235 116
361 529 675 1 497 705
362 289 858 1 252 889
363 277 49 1 252 77
364 492 718 1 459 749
365 68 642 1 32 670
366 338 899 1 299 932
367 506 271 1 480 297
368 298 704 1 263 735
369 531 188 1 511 210
370 361 805 1 325 836
371 228 409 1 197 437
372 227 381 1 197 409
373 326 1049 1 288 1083
374 191 880 1 152 910
375 337 701 1 303 732
376 174 1121 1 130 1155
377 28 531 1 -6 556
378 64 390 1 33 416
379 105 1024 1 63 1056
380 289 1045 1 248 1079
381 494 263 1 470 289
382 355 487 1 324 517
383 263 1155 1 219 1191
384 404 155 1 382 177
385 25 474 1 -7 499
386 390 296 1 362 324
387 234 26 1 210 51
388 354 1147 1 314 1183
389 511 757 1 479 788
390 236 865 1 197 895
391 349 1160 1 307 1196
392 228 1153 1 184 1188
393 327 1173 1 284 1209
394 50 44 1 25 70
395 253 630 1 219 660
396 329 1107 1 287 1142
397 635 203 1 614 227
398 316 726 1 281 756
399 157 654 1 122 681
400 295 944 1 256 976
401 345 930 1 306 962
402 294 768 1 258 799
403 337 383 1 308 410
404 118 920 1 77 950
405 348 942 1 310 975
406 338 1205 1 295 1241
407 238 509 1 206 538
408 333 927 1 293 959
409 40 473 1 7 499
410 264 541 1 232 570
411 370 693 1 335 725
412 251 1142 1 207 1177
413 31 389 1 0 414
414 298 1154 1 256 1190
415 306 84 1 281 114
416 308 776 1 272 807
417 443 263 1 418 287
418 356 39 1 333 64
419 214 1004 1 173 1037
420 299 1168 1 256 1204
421 351 384 1 322 412
422 94 865 1 54 894
423 316 964 1 277 997
424 33 415 1 1 440
425 574 829 1 544 862
426 313 934 1 275 967
427 315 944 1 277 977
428 363 982 1 324 1016
429 296 755 1 260 786
430 534 844 1 501 877
431 359 1235 1 316 1273
432 283 814 1 246 845
433 245 852 1 208 883
434 503 1115 1 465 1153
435 261 522 1 228 551
436 231 895 1 193 926
437 230 1146 1 186 1181
438 676 839 1 648 873
439 286 757 1 250 788
440 603 782 1 574 814
441 361 1158 1 321 1195
442 339 1097 1 298 1131
443 504 1167 1 466 1206
444 178 1147 1 134 1181
445 356 1050 1 316 1084
446 305 945 1 266 977
447 113 983 1 71 1014
448 320 217 1 293 247
449 350 679 1 316 708
450 347 1183 1 305 1220
451 25 266 1 -3 291
452 26 169 1 0 194
453 351 711 1 316 744
454 48 691 1 11 718
455 519 208 1 498 230
456 312 1067 1 271 1101
457 434 1225 1 391 1263
458 81 1065 1 37 1096
459 353 138 1 327 168
460 563 1120 1 528 1158
461 445 1219 1 403 1258
462 26 487 1 -6 513
463 315 992 1 275 1025
464 202 725 1 165 755
465 453 1149 1 414 1186
466 161 1245 1 115 1280
467 189 1159 1 145 1194
468 88 772 1 50 801
469 318 1034 1 277 1068
470 230 685 1 194 716
471 119 124 1 92 150
472 59 789 1 20 816
473 112 861 1 72 890
474 515 679 1 485 709
475 354 30 1 330 55
476 450 204 1 428 225
477 234 720 1 198 751
478 338 419 1 307 447
479 300 36 1 276 66
480 560 814 1 529 846
481 391 748 1 355 780
482 242 915 1 202 946
483 265 873 1 226 905
484 258 860 1 220 891
485 190 852 1 152 882
486 327 965 1 288 998
487 308 745 1 272 776
488 150 670 1 114 699
489 39 730 1 2 758
490 303 156 1 277 185
491 270 501 1 238 530
492 488 473 1 460 501
493 622 832 1 593 866
494 242 264 1 212 293
495 395 249 1 370 272
496 344 1034 1 304 1068
497 446 725 1 413 756
498 277 838 1 239 869
499 195 1128 1 151 1162
500 218 1169 1 174 1204
501 493 304 1 467 331
502 320 981 1 281 1014
503 84 1142 1 38 1174
504 563 931 1 533 965
505 254 769 1 217 799
506 113 90 1 88 117
507 291 783 1 254 814
508 405 957 1 367 991
509 32 634 1 -2 660
510 534 760 1 504 791
511 310 666 1 275 697
512 375 224 1 349 249
513 448 1183 1 409 1222
514 538 674 1 508 704
515 408 1071 1 366 1106
516 483 481 1 455 509
517 265 532 1 233 560
518 245 925 1 206 956
519 333 975 1 293 1008
520 381 734 1 345 765
521 474 194 1 452 216
522 69 932 1 28 961
523 29 543 1 -5 568
524 391 417 1 361 446
525 50 640 1 14 666
526 312 157 1 286 186
527 30 581 1 -4 607
528 26 500 1 -7 526
529 335 640 1 301 670
530 304 931 1 265 964
531 210 138 1 185 164
532 255 788 1 219 818
533 431 313 1 405 339
534 326 1116 1 284 1151
535 337 887 1 299 919
536 51 69 1 26 96
537 51 729 1 13 756
538 505 1076 1 468 1113
539 299 922 1 261 954
540 181 152 1 154 176
541 397 78 1 374 106
542 398 34 1 376 60
543 364 910 1 326 943
544 367 669 1 333 700
545 544 850 1 512 883
546 81 928 1 40 957
547 302 735 1 267 765
548 25 464 1 -7 489
549 357 333 1 329 360
550 653 784 1 626 816
551 141 1010 1 99 1041
552 81 1110 1 36 1143
553 433 298 1 407 323
554 251 579 1 218 608
555 315 716 1 280 747
556 92 1240 1 45 1275
557 241 380 1 211 408
558 272 29 1 248 58
559 165 1149 1 120 1183
560 32 617 1 -3 643
561 266 491 1 234 520
562 28 557 1 -5 582
563 299 877 1 261 909
564 494 685 1 463 716
565 268 1132 1 225 1166
566 204 1131 1 160 1165
567 237 824 1 199 855
568 291 714 1 255 745
569 276 853 1 238 884
570 674 218 1 655 244
571 247 1039 1 206 1072
572 37 692 1 0 718
573 85 918 1 43 947
574 59 843 1 19 871
575 294 795 1 258 827
576 265 823 1 227 853
577 31 582 1 -3 608
578 360 1135 1 320 1172
