0 33 533 1 33 552
1 316 737 1 318 754
2 378 764 1 381 781
3 381 867 1 386 884
4 281 832 1 284 849
5 337 51 1 336 60
6 472 327 1 475 335
7 301 991 1 305 1011
8 444 302 1 445 311
9 331 1198 1 336 1219
10 573 29 1 578 21
11 101 664 1 102 681
12 393 960 1 398 978
13 341 329 1 341 341
14 113 1060 1 115 1082
15 30 441 1 30 460
16 34 597 1 35 615
17 95 597 1 95 614
18 363 791 1 366 808
19 341 313 1 341 327
20 433 303 1 435 312
21 100 782 1 102 802
22 91 440 1 92 459
23 358 60 1 357 69
24 372 312 1 373 325
25 115 1101 1 118 1121
26 437 1215 1 444 1237
27 380 83 1 380 95
28 94 311 1 93 327
29 341 210 1 341 218
30 60 1191 1 62 1213
31 444 1182 1 450 1204
32 24 479 1 25 497
33 433 1131 1 439 1152
34 486 145 1 491 140
35 287 439 1 288 455
36 341 342 1 341 354
37 228 595 1 230 612
38 51 1063 1 53 1083
39 94 533 1 95 551
40 36 578 1 37 597
41 114 1074 1 116 1095
42 361 810 1 365 827
43 381 1019 1 386 1038
44 379 778 1 382 795
45 355 211 1 355 222
46 380 821 1 384 838
47 393 950 1 398 968
48 395 982 1 400 1001
49 29 377 1 29 395
50 128 1243 1 131 1264
51 38 678 1 39 697
52 70 321 1 69 340
53 362 835 1 364 852
54 574 820 1 582 833
55 41 755 1 42 775
56 37 782 1 38 801
57 398 1022 1 402 1041
58 45 834 1 46 853
59 92 495 1 92 513
60 556 816 1 564 830
61 282 901 1 284 920
62 474 265 1 477 270
63 39 650 1 40 668
64 43 739 1 44 757
65 555 815 1 563 829
66 626 847 1 636 860
67 444 1131 1 450 1152
68 126 1188 1 129 1209
69 626 826 1 636 839
70 390 325 1 391 336
71 293 729 1 296 747
72 289 683 1 292 700
73 286 374 1 287 391
74 568 645 1 575 655
75 242 814 1 245 832
76 25 497 1 26 515
77 309 1029 1 312 1047
78 60 1102 1 62 1122
79 27 292 1 26 310
80 90 375 1 89 394
81 379 812 1 383 828
82 118 1025 1 120 1044
83 291 249 1 292 265
84 45 799 1 46 818
85 526 836 1 534 850
86 91 477 1 92 496
87 318 715 1 320 733
88 30 340 1 30 358
89 29 632 1 31 651
90 498 265 1 501 271
91 85 327 1 85 344
92 414 1133 1 419 1154
93 683 866 1 693 879
94 94 632 1 96 651
95 384 891 1 388 908
96 329 1007 1 333 1026
97 96 329 1 96 345
98 35 498 1 35 516
99 311 1088 1 316 1108
100 382 405 1 384 417
101 309 642 1 310 659
102 411 303 1 412 311
103 88 338 1 88 356
104 397 1122 1 403 1143
105 330 495 1 332 511
106 89 291 1 88 309
107 373 900 1 377 917
108 376 290 1 378 300
109 604 820 1 613 833
110 358 305 1 359 317
111 347 507 1 349 522
112 303 873 1 306 891
113 653 214 1 660 216
114 447 324 1 448 333
115 225 439 1 226 456
116 415 325 1 417 333
117 75 335 1 74 352
118 323 1172 1 327 1192
119 371 867 1 374 883
120 260 980 1 263 999
121 379 252 1 379 258
122 90 422 1 90 440
123 348 765 1 351 780
124 220 576 1 221 594
125 340 303 1 341 316
126 291 976 1 295 994
127 95 649 1 96 667
128 287 669 1 289 686
129 384 974 1 389 993
130 280 867 1 283 885
131 346 280 1 347 287
132 472 315 1 475 323
133 499 275 1 503 281
134 378 243 1 379 249
135 385 900 1 389 918
136 230 575 1 231 593
137 469 342 1 473 351
138 373 380 1 374 394
139 56 1153 1 58 1174
140 68 1206 1 70 1228
141 66 1154 1 67 1175
142 386 432 1 388 446
143 228 421 1 228 438
144 39 633 1 40 651
145 401 1002 1 407 1020
146 353 963 1 357 980
147 25 931 1 27 951
148 573 840 1 582 854
149 351 339 1 352 351
150 306 703 1 309 720
151 317 893 1 320 912
152 392 310 1 393 320
153 286 420 1 287 436
154 291 324 1 286 339
155 312 1128 1 316 1150
156 604 839 1 613 852
157 285 652 1 288 669
158 34 478 1 34 496
159 628 934 1 639 948
160 436 353 1 439 361
161 204 642 1 205 660
162 328 697 1 331 713
163 375 354 1 374 368
164 202 759 1 204 776
165 349 742 1 352 759
166 352 119 1 352 133
167 370 115 1 369 127
168 51 927 1 52 946
169 342 260 1 343 264
170 383 964 1 388 982
171 314 810 1 316 827
172 290 207 1 289 223
173 88 269 1 87 287
174 245 1195 1 248 1217
175 233 747 1 235 765
176 232 1060 1 235 1080
177 231 1075 1 235 1095
178 368 856 1 371 873
179 178 54 1 176 68
180 25 210 1 23 229
181 331 485 1 332 501
182 27 180 1 25 200
183 96 678 1 98 697
184 248 137 1 246 151
185 376 416 1 377 430
186 219 421 1 219 438
187 145 208 1 144 222
188 371 329 1 370 340
189 33 423 1 33 442
190 85 63 1 83 82
191 369 87 1 368 99
192 607 949 1 618 963
193 329 956 1 332 974
194 342 778 1 346 795
195 59 1120 1 61 1141
196 352 369 1 352 382
197 289 951 1 291 970
198 626 950 1 637 965
199 296 694 1 298 712
200 296 645 1 299 661
201 367 1017 1 371 1037
202 486 242 1 489 243
203 337 475 1 338 490
204 448 54 1 452 47
205 414 313 1 415 320
206 637 234 1 643 236
207 32 740 1 34 759
208 252 36 1 249 49
209 33 1066 1 35 1087
210 307 1105 1 312 1126
211 60 1078 1 62 1098
212 43 1196 1 45 1218
213 498 230 1 500 229
214 574 952 1 584 967
215 339 821 1 343 837
216 523 816 1 531 830
217 263 100 1 261 116
218 473 288 1 475 295
219 25 63 1 23 82
220 286 334 1 286 351
221 248 100 1 246 117
222 411 340 1 413 349
223 288 277 1 288 293
224 266 1115 1 269 1136
225 453 338 1 455 347
226 517 912 1 525 928
227 30 274 1 29 293
228 285 393 1 286 410
229 185 826 1 189 843
230 361 821 1 364 839
231 217 57 1 215 71
232 226 625 1 227 643
233 150 932 1 152 951
234 46 886 1 48 905
235 267 720 1 270 737
236 354 379 1 354 393
237 24 164 1 21 183
238 461 354 1 464 362
239 302 1206 1 306 1228
240 301 1095 1 304 1115
241 298 739 1 301 756
242 274 921 1 277 940
243 211 828 1 213 848
244 24 106 1 19 125
245 41 854 1 42 874
246 61 1061 1 62 1081
247 395 1188 1 401 1210
248 254 1098 1 257 1118
249 403 276 1 405 284
250 321 428 1 322 442
251 504 951 1 513 967
252 290 477 1 291 494
253 26 128 1 24 148
254 474 362 1 477 370
255 341 415 1 341 428
256 120 1201 1 122 1223
257 216 1070 1 219 1090
258 273 931 1 276 950
259 506 29 1 511 22
260 271 498 1 271 516
261 188 666 1 191 683
262 306 246 1 305 256
263 283 931 1 286 949
264 329 122 1 328 138
265 86 208 1 85 225
266 642 224 1 648 226
267 195 1174 1 197 1195
268 242 1076 1 245 1096
269 281 696 1 283 713
270 347 48 1 346 57
271 40 875 1 42 894
272 359 1230 1 363 1251
273 558 203 1 563 204
274 362 682 1 364 698
275 453 772 1 458 786
276 385 344 1 386 356
277 64 936 1 66 956
278 149 915 1 151 934
279 89 135 1 90 153
280 383 1231 1 388 1252
281 246 747 1 248 764
282 350 1245 1 354 1266
283 331 969 1 335 988
284 286 263 1 286 279
285 372 370 1 373 382
286 599 225 1 604 227
287 307 714 1 309 731
288 188 166 1 186 181
289 299 1220 1 303 1241
290 449 144 1 452 140
291 353 984 1 357 1002
292 252 1059 1 254 1079
293 385 295 1 387 304
294 29 555 1 30 574
295 345 681 1 348 698
296 260 729 1 262 747
297 284 628 1 285 644
298 279 857 1 282 875
299 582 210 1 587 211
300 233 781 1 236 799
301 211 575 1 213 593
302 368 733 1 371 749
303 589 140 1 596 134
304 234 687 1 236 705
305 111 865 1 113 885
306 69 1189 1 71 1211
307 664 948 1 676 962
308 269 881 1 272 899
309 439 736 1 444 750
310 84 53 1 82 72
311 421 716 1 425 730
312 198 822 1 200 840
313 273 891 1 276 909
314 154 201 1 153 216
315 294 1072 1 298 1092
316 443 335 1 447 345
317 399 1173 1 406 1195
318 40 699 1 40 718
319 65 1253 1 67 1275
320 31 320 1 30 339
321 211 927 1 215 946
322 423 745 1 428 760
323 329 245 1 330 256
324 343 115 1 343 129
325 71 1240 1 74 1262
326 423 291 1 424 299
327 272 512 1 274 529
328 236 878 1 239 896
329 662 215 1 669 215
330 268 854 1 271 872
331 357 1000 1 361 1019
332 511 815 1 519 828
333 92 1009 1 93 1029
334 224 1170 1 228 1191
335 339 145 1 338 158
336 521 164 1 525 161
337 496 240 1 500 242
338 429 43 1 430 51
339 262 808 1 264 826
340 249 203 1 247 217
341 92 82 1 91 101
342 395 347 1 396 357
343 522 816 1 530 829
344 49 906 1 51 926
345 288 1205 1 292 1227
346 233 107 1 232 121
347 485 696 1 490 708
348 245 871 1 249 889
349 250 67 1 249 81
350 449 737 1 453 751
351 29 651 1 30 670
352 383 1009 1 386 1029
353 471 297 1 473 305
354 258 717 1 260 735
355 498 219 1 502 222
356 318 820 1 321 837
357 197 577 1 197 594
358 194 422 1 194 438
359 230 49 1 228 62
360 147 892 1 149 910
361 297 715 1 300 732
362 554 37 1 559 30
363 31 399 1 30 418
364 58 1035 1 60 1055
365 242 1058 1 245 1078
366 319 502 1 320 519
367 213 1168 1 216 1190
368 284 1142 1 288 1162
369 357 315 1 358 327
370 209 43 1 206 57
371 305 1161 1 310 1182
372 466 776 1 472 790
373 193 877 1 194 895
374 179 1165 1 181 1187
375 86 161 1 85 180
376 278 1187 1 281 1208
377 362 984 1 366 1003
378 25 53 1 23 72
379 214 643 1 216 660
380 281 1120 1 284 1141
381 599 237 1 603 238
382 91 115 1 90 132
383 118 665 1 119 682
384 658 250 1 665 252
385 250 957 1 253 976
386 300 944 1 303 962
387 252 781 1 254 800
388 303 400 1 304 414
389 471 352 1 474 359
390 73 930 1 75 950
391 303 956 1 306 975
392 288 1218 1 292 1240
393 201 523 1 203 539
394 288 940 1 290 959
395 227 555 1 228 572
396 329 708 1 331 725
397 202 1154 1 204 1176
398 385 30 1 385 38
399 249 1168 1 253 1189
400 280 100 1 278 117
401 266 790 1 268 807
402 410 287 1 412 295
403 169 82 1 168 96
404 168 1016 1 171 1036
405 250 1182 1 253 1203
406 317 402 1 318 416
407 51 874 1 52 894
408 204 32 1 203 45
409 271 977 1 274 997
410 527 850 1 535 864
411 662 846 1 672 859
412 269 948 1 272 966
413 316 995 1 320 1015
414 487 863 1 494 878
415 309 1250 1 313 1271
416 241 827 1 243 845
417 202 864 1 205 883
418 453 1130 1 459 1151
419 224 536 1 225 552
420 181 1158 1 183 1179
421 627 861 1 637 875
422 245 771 1 247 788
423 557 804 1 565 817
424 313 1173 1 317 1193
425 291 1110 1 295 1130
426 453 1182 1 460 1204
427 129 1158 1 132 1180
428 260 958 1 263 977
429 66 993 1 68 1013
430 290 233 1 290 249
431 310 693 1 312 710
432 185 598 1 186 616
433 297 1197 1 301 1219
434 172 107 1 170 121
435 379 40 1 379 48
436 422 301 1 423 311
437 310 726 1 312 744
438 390 246 1 391 250
439 265 1080 1 268 1100
440 383 1240 1 388 1261
441 33 1075 1 35 1096
442 325 155 1 324 171
443 511 1135 1 520 1155
444 394 1234 1 399 1256
445 269 1005 1 272 1024
446 161 737 1 162 755
447 402 1163 1 408 1184
448 140 1171 1 142 1193
449 557 47 1 563 40
450 271 1048 1 274 1067
451 190 696 1 191 716
452 482 1049 1 488 1068
453 301 421 1 302 435
454 448 366 1 451 374
455 200 784 1 202 802
456 68 871 1 70 891
457 472 699 1 477 713
458 205 841 1 207 858
459 327 55 1 326 63
460 418 232 1 421 236
461 193 733 1 195 751
462 302 436 1 303 450
463 275 53 1 273 69
464 514 834 1 521 848
465 676 297 1 684 297
466 197 927 1 199 946
467 221 886 1 223 905
468 215 873 1 217 891
469 147 863 1 149 882
470 465 738 1 470 752
471 110 681 1 111 700
472 403 318 1 406 327
473 275 171 1 274 187
474 234 515 1 235 531
475 450 495 1 454 506
476 574 853 1 583 867
477 211 279 1 209 295
478 516 227 1 520 230
479 363 274 1 364 281
480 297 1048 1 301 1067
481 404 741 1 408 757
482 193 394 1 194 411
483 234 851 1 236 869
484 146 1139 1 148 1160
485 168 1181 1 171 1203
486 457 329 1 460 337
487 274 995 1 277 1014
488 34 1152 1 35 1173
489 513 950 1 523 965
490 213 783 1 214 800
491 87 101 1 85 119
492 249 796 1 251 815
493 359 973 1 363 990
494 489 781 1 496 794
495 270 680 1 272 698
496 166 429 1 166 445
497 196 587 1 198 604
498 343 246 1 344 256
499 397 1197 1 403 1219
500 495 695 1 500 707
501 330 65 1 329 74
502 445 502 1 449 514
503 229 546 1 230 562
504 195 114 1 194 128
505 200 937 1 203 956
506 287 988 1 290 1007
507 338 750 1 341 766
508 442 223 1 445 227
509 24 940 1 26 961
510 356 436 1 357 449
511 283 173 1 282 189
512 296 654 1 298 671
513 259 945 1 262 964
514 214 801 1 216 819
515 397 335 1 399 346
516 278 1130 1 281 1150
517 293 901 1 296 919
518 26 78 1 23 98
519 280 1062 1 284 1082
520 456 1093 1 462 1112
521 254 935 1 257 954
522 153 165 1 151 180
523 370 100 1 369 111
524 371 60 1 370 68
525 579 155 1 586 151
526 319 923 1 322 943
527 327 685 1 329 701
528 498 869 1 505 884
529 36 937 1 37 957
530 386 51 1 386 60
531 261 748 1 263 766
532 324 351 1 325 364
533 605 806 1 615 818
534 94 1020 1 96 1040
535 32 1121 1 34 1142
536 213 591 1 215 609
537 274 730 1 277 748
538 40 1252 1 43 1274
539 207 392 1 208 409
540 661 824 1 671 838
541 115 1160 1 118 1182
542 428 322 1 430 332
543 230 505 1 231 521
544 300 1150 1 304 1171
545 653 374 1 660 379
546 255 891 1 258 909
547 452 705 1 457 719
548 220 1144 1 222 1165
549 156 1143 1 158 1164
550 194 837 1 196 855
551 250 727 1 252 745
552 232 867 1 235 884
553 637 253 1 644 255
554 200 1052 1 203 1071
555 39 927 1 41 947
556 252 807 1 254 824
557 188 58 1 187 71
558 221 836 1 224 854
559 464 946 1 472 963
560 311 1150 1 317 1170
