0 301 750 1 317 754
1 363 778 1 379 782
2 367 880 1 384 884
3 267 846 1 282 850
4 80 610 1 94 614
5 455 344 1 472 339
6 288 1006 1 303 1010
7 427 319 1 442 315
8 318 1212 1 334 1219
9 552 53 1 573 32
10 86 679 1 101 681
11 379 974 1 396 978
12 99 1076 1 114 1082
13 320 71 1 334 65
14 348 805 1 364 809
15 416 320 1 433 316
16 85 797 1 101 802
17 324 345 1 340 344
18 340 78 1 354 73
19 356 327 1 371 327
20 102 1116 1 116 1121
21 424 1228 1 441 1236
22 362 100 1 378 98
23 325 228 1 339 223
24 73 391 1 88 395
25 46 1207 1 61 1212
26 430 1195 1 447 1203
27 420 1144 1 437 1151
28 468 168 1 486 151
29 271 453 1 286 456
30 324 357 1 339 356
31 213 609 1 228 613
32 37 1078 1 52 1083
33 77 456 1 91 459
34 100 1089 1 115 1095
35 346 824 1 363 828
36 367 1033 1 384 1038
37 78 549 1 93 552
38 364 792 1 380 795
39 338 229 1 353 225
40 366 835 1 382 838
41 379 963 1 396 968
42 381 995 1 398 1001
43 185 74 1 198 72
44 78 326 1 92 328
45 211 454 1 225 457
46 24 695 1 38 698
47 347 848 1 363 852
48 557 834 1 578 835
49 26 770 1 41 775
50 385 1036 1 400 1041
51 30 849 1 45 854
52 77 510 1 91 514
53 540 830 1 560 831
54 268 915 1 283 920
55 456 283 1 474 276
56 24 665 1 39 669
57 28 754 1 43 758
58 609 860 1 631 861
59 325 330 1 339 329
60 430 1144 1 448 1151
61 112 1203 1 127 1209
62 609 839 1 631 840
63 374 340 1 389 339
64 278 744 1 295 747
65 325 24 1 339 16
66 397 24 1 412 16
67 270 389 1 285 391
68 228 829 1 243 833
69 455 332 1 472 327
70 295 1042 1 310 1047
71 46 1118 1 61 1122
72 59 349 1 73 353
73 364 826 1 381 829
74 104 1040 1 119 1044
75 275 264 1 290 266
76 31 814 1 45 818
77 510 850 1 530 851
78 75 492 1 90 497
79 302 729 1 318 733
80 118 916 1 133 920
81 480 283 1 498 276
82 69 342 1 84 345
83 400 1145 1 417 1153
84 665 878 1 688 880
85 79 647 1 95 652
86 370 904 1 386 909
87 316 1021 1 331 1026
88 80 344 1 94 347
89 366 420 1 382 419
90 294 657 1 309 659
91 393 320 1 410 315
92 72 353 1 87 357
93 275 698 1 290 701
94 213 56 1 225 56
95 73 307 1 87 310
96 359 914 1 375 917
97 588 833 1 609 835
98 341 320 1 357 319
99 332 521 1 348 523
100 289 888 1 305 892
101 633 233 1 655 222
102 430 340 1 445 336
103 398 342 1 414 337
104 310 1186 1 325 1191
105 56 1254 1 73 1261
106 356 880 1 372 884
107 68 36 1 82 39
108 362 271 1 377 264
109 74 437 1 89 441
110 333 779 1 350 781
111 205 591 1 220 594
112 324 319 1 339 318
113 277 989 1 293 994
114 80 664 1 95 668
115 271 683 1 287 686
116 370 988 1 387 993
117 266 881 1 282 885
118 329 298 1 345 292
119 481 292 1 499 286
120 361 261 1 376 254
121 370 914 1 387 918
122 214 589 1 230 593
123 452 359 1 470 355
124 356 395 1 372 396
125 43 1169 1 57 1174
126 54 1223 1 69 1227
127 52 1169 1 66 1175
128 369 448 1 386 448
129 212 436 1 227 439
130 24 647 1 39 652
131 387 1015 1 405 1020
132 384 1136 1 401 1142
133 339 977 1 355 980
134 557 854 1 578 855
135 335 355 1 350 354
136 290 717 1 307 721
137 303 907 1 319 912
138 376 327 1 390 323
139 270 434 1 285 437
140 300 1142 1 314 1149
141 357 343 1 368 343
142 587 852 1 608 853
143 270 666 1 286 669
144 611 947 1 634 949
145 419 370 1 436 366
146 189 657 1 204 660
147 313 711 1 329 714
148 356 371 1 372 370
149 424 306 1 441 301
150 470 81 1 488 61
151 334 756 1 351 759
152 336 136 1 350 135
153 352 131 1 367 130
154 37 942 1 51 946
155 368 977 1 386 982
156 299 824 1 314 828
157 273 222 1 288 224
158 72 284 1 86 288
159 232 1211 1 247 1216
160 218 761 1 233 765
161 219 1074 1 234 1080
162 218 1090 1 234 1095
163 353 870 1 369 873
164 161 71 1 175 71
165 362 110 1 377 107
166 263 956 1 278 961
167 315 499 1 331 502
168 81 692 1 96 697
169 230 154 1 245 154
170 360 431 1 376 431
171 129 224 1 142 225
172 292 1119 1 311 1125
173 69 79 1 82 83
174 591 961 1 613 964
175 315 970 1 331 974
176 327 793 1 344 796
177 45 1136 1 59 1141
178 335 385 1 350 384
179 274 966 1 290 970
180 610 963 1 632 966
181 281 709 1 297 712
182 281 659 1 298 661
183 200 954 1 215 958
184 468 262 1 485 250
185 320 489 1 337 491
186 429 79 1 448 58
187 397 330 1 413 325
188 618 253 1 638 242
189 202 437 1 217 439
190 471 61 1 490 41
191 341 330 1 356 329
192 235 54 1 248 52
193 46 1094 1 61 1098
194 29 1213 1 44 1218
195 478 249 1 496 236
196 559 964 1 580 968
197 324 835 1 341 838
198 506 830 1 527 832
199 302 1103 1 315 1108
200 456 305 1 472 300
201 270 349 1 284 352
202 232 116 1 245 118
203 395 357 1 411 353
204 272 292 1 286 294
205 253 1130 1 267 1136
206 436 355 1 452 351
207 502 926 1 522 929
208 269 408 1 284 411
209 171 840 1 187 843
210 347 835 1 363 839
211 200 74 1 214 73
212 211 640 1 226 643
213 136 946 1 150 951
214 279 1124 1 294 1130
215 32 901 1 47 905
216 253 734 1 268 738
217 338 394 1 353 395
218 331 102 1 345 98
219 228 799 1 243 803
220 363 119 1 378 117
221 444 371 1 461 366
222 289 1221 1 304 1227
223 287 1109 1 303 1115
224 283 753 1 299 757
225 326 132 1 341 131
226 259 935 1 276 940
227 381 33 1 396 28
228 26 869 1 41 874
229 47 1076 1 61 1081
230 382 1202 1 398 1209
231 241 1112 1 256 1118
232 386 294 1 402 289
233 305 444 1 320 444
234 74 413 1 89 418
235 488 964 1 509 968
236 274 492 1 289 495
237 31 796 1 47 801
238 457 378 1 474 374
239 324 430 1 339 430
240 106 1217 1 121 1223
241 203 1084 1 218 1090
242 259 945 1 274 950
243 486 53 1 506 34
244 255 513 1 270 517
245 173 680 1 189 684
246 289 262 1 303 260
247 269 945 1 285 949
248 312 138 1 326 140
249 70 223 1 84 227
250 622 243 1 643 232
251 181 1188 1 195 1194
252 229 1090 1 243 1095
253 266 709 1 282 713
254 330 67 1 344 61
255 25 890 1 40 894
256 346 1244 1 361 1251
257 539 223 1 559 211
258 197 844 1 211 848
259 437 786 1 455 788
260 368 359 1 383 359
261 50 951 1 65 956
262 135 929 1 150 934
263 73 151 1 88 154
264 371 1244 1 387 1251
265 231 760 1 247 765
266 317 983 1 333 988
267 270 278 1 284 280
268 355 385 1 371 384
269 580 244 1 600 233
270 292 728 1 307 732
271 286 1234 1 301 1241
272 430 168 1 448 150
273 339 998 1 355 1003
274 238 1073 1 253 1079
275 369 311 1 385 308
276 330 695 1 346 698
277 245 743 1 261 747
278 268 642 1 284 645
279 264 871 1 280 875
280 563 225 1 583 213
281 219 794 1 234 799
282 196 590 1 211 593
283 354 747 1 370 750
284 569 163 1 590 144
285 219 701 1 234 705
286 97 880 1 112 885
287 55 1205 1 70 1210
288 647 960 1 671 963
289 255 895 1 271 899
290 424 750 1 442 751
291 352 1031 1 369 1037
292 67 69 1 80 73
293 406 730 1 423 732
294 183 836 1 198 840
295 259 905 1 274 909
296 137 217 1 151 218
297 280 1086 1 296 1091
298 426 351 1 444 348
299 386 1186 1 403 1194
300 25 714 1 39 718
301 667 162 1 692 143
302 198 941 1 213 946
303 408 759 1 425 762
304 312 262 1 328 259
305 405 307 1 421 303
306 257 526 1 272 529
307 222 892 1 238 896
308 642 234 1 663 222
309 254 868 1 269 872
310 343 1014 1 359 1019
311 496 829 1 515 830
312 78 1024 1 92 1029
313 211 1184 1 227 1191
314 322 161 1 336 160
315 502 185 1 521 170
316 478 260 1 496 249
317 412 62 1 427 56
318 247 822 1 263 826
319 232 219 1 246 220
320 76 99 1 89 102
321 378 363 1 394 360
322 506 830 1 526 831
323 35 921 1 50 926
324 275 1220 1 290 1227
325 469 711 1 487 711
326 231 885 1 247 889
327 233 84 1 247 84
328 433 751 1 451 753
329 369 1022 1 384 1029
330 547 42 1 569 19
331 407 25 1 422 17
332 454 314 1 470 309
333 243 731 1 259 735
334 188 774 1 203 777
335 480 239 1 498 229
336 304 834 1 320 837
337 181 591 1 196 594
338 178 436 1 193 439
339 213 67 1 226 65
340 133 906 1 148 911
341 281 729 1 298 733
342 533 61 1 554 41
343 44 1050 1 59 1055
344 75 1183 1 91 1189
345 228 1073 1 243 1078
346 173 155 1 188 155
347 303 516 1 319 519
348 200 1183 1 215 1189
349 271 1156 1 287 1162
350 192 61 1 205 60
351 452 791 1 470 792
352 178 891 1 193 896
353 165 1180 1 180 1186
354 162 37 1 175 34
355 70 177 1 83 182
356 265 1202 1 280 1207
357 349 998 1 364 1003
358 199 657 1 214 661
359 268 1135 1 283 1140
360 579 256 1 599 245
361 74 130 1 89 133
362 102 679 1 118 682
363 639 269 1 660 258
364 236 971 1 252 976
365 285 958 1 301 962
366 287 416 1 303 416
367 454 368 1 471 364
368 58 945 1 74 950
369 289 970 1 305 975
370 275 1233 1 291 1239
371 186 537 1 201 540
372 274 955 1 288 959
373 212 570 1 227 572
374 314 722 1 330 726
375 189 1169 1 203 1175
376 367 49 1 383 43
377 236 1182 1 251 1189
378 263 115 1 276 118
379 251 804 1 267 808
380 393 304 1 409 299
381 154 99 1 167 99
382 154 1031 1 169 1036
383 237 1197 1 252 1202
384 301 418 1 316 418
385 36 889 1 51 894
386 187 50 1 201 48
387 257 992 1 273 997
388 511 863 1 531 865
389 645 859 1 667 861
390 247 995 1 261 999
391 303 1009 1 319 1015
392 472 877 1 491 879
393 226 842 1 242 846
394 188 879 1 203 883
395 439 1144 1 456 1150
396 71 24 1 84 26
397 209 550 1 224 553
398 245 959 1 261 964
399 168 1173 1 182 1179
400 610 875 1 632 876
401 230 785 1 246 789
402 540 818 1 561 818
403 300 1187 1 316 1193
404 180 922 1 195 927
405 440 1195 1 457 1203
406 116 1173 1 131 1179
407 246 972 1 261 977
408 53 1008 1 67 1013
409 274 248 1 288 250
410 295 707 1 310 710
411 170 613 1 185 617
412 285 1212 1 300 1218
413 182 559 1 196 561
414 156 124 1 169 124
415 362 58 1 377 53
416 179 115 1 192 115
417 405 317 1 421 314
418 295 740 1 311 745
419 373 264 1 388 256
420 251 1094 1 267 1100
421 370 1253 1 386 1261
422 308 170 1 322 172
423 497 1148 1 516 1155
424 381 1248 1 397 1255
425 223 926 1 238 931
426 255 1019 1 271 1024
427 146 751 1 161 755
428 389 1176 1 406 1183
429 451 1221 1 469 1230
430 147 1180 1 161 1186
431 127 1187 1 141 1192
432 537 71 1 558 51
433 428 26 1 444 18
434 174 711 1 190 715
435 467 1061 1 485 1067
436 285 436 1 300 437
437 431 383 1 448 378
438 186 799 1 201 803
439 54 886 1 69 891
440 456 714 1 474 715
441 190 855 1 206 858
442 311 73 1 324 68
443 401 251 1 417 242
444 178 747 1 194 751
445 286 452 1 302 452
446 498 848 1 517 849
447 655 315 1 678 304
448 183 941 1 198 946
449 206 901 1 222 905
450 200 887 1 216 891
451 133 877 1 148 882
452 450 752 1 467 754
453 95 696 1 110 700
454 387 334 1 403 331
455 258 186 1 272 189
456 219 531 1 234 533
457 434 510 1 451 508
458 558 867 1 579 869
459 195 294 1 208 296
460 497 246 1 516 237
461 284 1062 1 299 1067
462 389 756 1 406 759
463 178 408 1 192 412
464 219 866 1 235 869
465 133 1154 1 147 1160
466 155 1196 1 170 1202
467 440 345 1 457 341
468 260 1008 1 276 1014
469 498 963 1 519 966
470 198 797 1 212 801
471 70 117 1 83 121
472 234 810 1 249 815
473 345 986 1 361 990
474 474 795 1 493 795
475 255 695 1 270 698
476 150 444 1 165 446
477 181 602 1 196 604
478 327 262 1 342 259
479 384 1210 1 401 1218
480 478 710 1 497 709
481 312 83 1 327 79
482 429 517 1 446 516
483 214 560 1 228 563
484 179 132 1 192 131
485 186 951 1 202 956
486 273 1003 1 288 1007
487 323 764 1 340 767
488 424 242 1 441 233
489 202 58 1 214 56
490 340 451 1 355 451
491 267 188 1 281 190
492 280 669 1 296 672
493 136 207 1 150 210
494 200 816 1 214 819
495 381 352 1 397 349
496 264 1144 1 279 1150
497 278 915 1 294 920
498 238 796 1 253 800
499 266 1076 1 283 1082
500 240 949 1 256 954
501 137 183 1 150 182
502 353 117 1 367 114
503 353 78 1 368 73
504 559 177 1 580 160
505 304 937 1 321 943
506 312 699 1 328 702
507 482 883 1 501 885
508 84 874 1 98 878
509 368 70 1 383 65
510 246 762 1 262 766
511 368 135 1 384 132
512 308 366 1 323 366
513 589 820 1 611 820
514 80 1035 1 95 1040
515 269 1187 1 285 1194
516 198 606 1 214 609
517 259 744 1 276 748
518 512 1211 1 532 1220
519 191 407 1 206 410
520 643 838 1 666 839
521 101 1176 1 117 1182
522 411 338 1 427 335
523 214 520 1 230 522
524 287 1165 1 303 1171
525 634 391 1 655 384
526 241 905 1 256 909
527 436 719 1 454 720
528 206 1159 1 221 1165
529 142 1158 1 156 1164
530 179 852 1 195 856
531 235 741 1 251 746
532 218 880 1 234 884
533 617 271 1 639 261
534 187 1066 1 202 1071
535 25 942 1 40 947
536 237 820 1 253 825
537 310 126 1 324 129
538 172 75 1 185 74
539 207 850 1 223 854
540 449 960 1 468 964
541 298 1164 1 315 1170
