0 308 754 1 315 755
1 370 782 1 378 783
2 374 884 1 382 885
3 274 849 1 281 850
4 86 614 1 93 615
5 459 350 1 469 343
6 295 1009 1 302 1010
7 432 325 1 440 319
8 327 1215 1 333 1218
9 555 64 1 568 43
10 93 683 1 100 682
11 111 1058 1 116 1058
12 387 977 1 395 979
13 355 809 1 363 809
14 85 554 1 92 553
15 107 1079 1 113 1082
16 325 78 1 332 70
17 421 326 1 430 320
18 93 801 1 100 803
19 339 524 1 346 524
20 345 86 1 353 78
21 361 332 1 369 329
22 110 1120 1 115 1121
23 432 1230 1 439 1236
24 367 106 1 376 101
25 354 827 1 362 828
26 80 396 1 87 396
27 54 1211 1 60 1212
28 438 1197 1 445 1202
29 427 1146 1 435 1151
30 471 179 1 483 161
31 277 457 1 285 457
32 330 363 1 337 358
33 219 613 1 227 613
34 46 1082 1 51 1083
35 83 460 1 90 460
36 109 1093 1 114 1095
37 587 265 1 601 254
38 375 1036 1 382 1038
39 371 796 1 379 796
40 343 235 1 351 229
41 372 838 1 380 839
42 387 966 1 394 968
43 389 999 1 396 1001
44 190 81 1 197 75
45 84 331 1 91 330
46 217 458 1 223 458
47 31 699 1 37 698
48 354 851 1 361 853
49 562 837 1 574 837
50 33 775 1 40 776
51 392 1039 1 399 1041
52 25 499 1 31 498
53 38 854 1 44 854
54 83 515 1 90 515
55 545 833 1 557 833
56 275 919 1 281 921
57 461 290 1 471 281
58 31 670 1 38 670
59 35 758 1 42 758
60 615 863 1 627 863
61 330 335 1 338 331
62 439 1146 1 446 1151
63 121 1207 1 126 1208
64 25 517 1 31 516
65 614 842 1 627 842
66 329 351 1 338 346
67 329 32 1 338 22
68 400 32 1 410 22
69 24 466 1 30 465
70 28 598 1 34 597
71 235 832 1 242 833
72 460 338 1 469 331
73 303 1045 1 309 1047
74 377 345 1 387 341
75 55 1121 1 60 1122
76 65 354 1 72 354
77 371 830 1 379 830
78 112 1044 1 118 1044
79 280 269 1 289 268
80 38 819 1 44 819
81 516 853 1 527 853
82 82 497 1 89 497
83 309 733 1 317 734
84 277 394 1 284 392
85 127 919 1 133 920
86 484 290 1 495 281
87 75 347 1 83 346
88 408 1147 1 415 1153
89 670 881 1 683 882
90 87 652 1 94 652
91 377 908 1 384 909
92 323 1024 1 330 1026
93 86 349 1 93 348
94 371 425 1 381 421
95 301 661 1 307 660
96 398 326 1 407 319
97 79 358 1 86 358
98 281 701 1 289 701
99 217 63 1 224 59
100 79 312 1 86 311
101 593 836 1 605 836
102 346 325 1 355 322
103 376 103 1 385 97
104 296 891 1 303 892
105 636 241 1 650 229
106 435 346 1 443 340
107 378 917 1 385 918
108 403 348 1 412 341
109 366 917 1 374 918
110 24 444 1 30 443
111 73 42 1 81 40
112 81 442 1 87 441
113 339 782 1 348 782
114 212 595 1 219 595
115 329 324 1 337 321
116 285 993 1 292 994
117 87 669 1 94 668
118 278 687 1 286 687
119 378 991 1 386 993
120 273 884 1 281 885
121 335 305 1 343 297
122 486 299 1 496 291
123 366 269 1 374 260
124 221 594 1 228 594
125 330 236 1 337 227
126 456 365 1 467 359
127 362 400 1 370 398
128 51 1173 1 56 1174
129 63 1226 1 68 1227
130 60 1173 1 65 1174
131 375 453 1 384 450
132 218 440 1 226 440
133 31 652 1 38 653
134 395 1018 1 403 1020
135 392 1138 1 399 1142
136 346 980 1 353 981
137 563 857 1 574 857
138 340 360 1 348 356
139 310 910 1 317 913
140 364 884 1 370 884
141 28 801 1 34 801
142 276 439 1 284 438
143 308 1146 1 313 1149
144 362 348 1 371 344
145 593 855 1 604 855
146 355 839 1 361 840
147 616 950 1 630 950
148 424 376 1 434 370
149 65 1252 1 70 1254
150 320 715 1 328 714
151 361 376 1 371 372
152 29 1087 1 35 1089
153 429 312 1 438 305
154 473 93 1 485 72
155 341 760 1 349 760
156 45 946 1 50 946
157 376 980 1 384 983
158 306 828 1 313 828
159 278 227 1 286 225
160 78 289 1 85 289
161 240 1214 1 246 1216
162 225 765 1 232 765
163 227 1078 1 233 1079
164 226 1093 1 233 1095
165 360 873 1 368 874
166 166 78 1 173 73
167 366 116 1 375 111
168 271 960 1 277 961
169 321 503 1 329 503
170 88 697 1 95 698
171 366 436 1 374 433
172 135 230 1 141 227
173 343 399 1 351 397
174 299 1122 1 309 1125
175 74 85 1 81 85
176 597 964 1 609 965
177 322 973 1 329 974
178 334 796 1 343 796
179 53 1140 1 59 1141
180 341 390 1 349 386
181 282 969 1 289 970
182 616 965 1 628 967
183 288 712 1 296 713
184 287 663 1 296 662
185 208 957 1 214 958
186 360 751 1 368 751
187 287 746 1 293 748
188 352 133 1 361 128
189 472 270 1 482 257
190 326 494 1 335 492
191 433 90 1 444 69
192 402 337 1 411 329
193 621 260 1 634 249
194 208 441 1 216 440
195 474 73 1 486 52
196 346 335 1 354 332
197 239 60 1 246 55
198 54 1097 1 60 1098
199 38 1216 1 43 1218
200 482 257 1 493 244
201 565 967 1 576 969
202 332 838 1 340 838
203 512 833 1 524 833
204 276 495 1 288 496
205 460 311 1 470 304
206 114 1224 1 120 1226
207 275 353 1 283 353
208 299 721 1 306 721
209 399 364 1 408 357
210 277 296 1 285 295
211 261 1133 1 266 1135
212 441 361 1 450 355
213 508 929 1 518 930
214 275 413 1 283 412
215 178 844 1 186 844
216 205 81 1 212 76
217 217 644 1 224 644
218 386 31 1 396 20
219 144 949 1 150 951
220 286 1126 1 292 1130
221 40 905 1 46 905
222 259 738 1 267 738
223 381 334 1 388 327
224 334 108 1 343 102
225 235 803 1 242 804
226 318 1188 1 324 1191
227 367 125 1 376 120
228 449 377 1 459 370
229 297 1224 1 303 1227
230 295 1112 1 302 1115
231 290 756 1 298 757
232 330 138 1 339 133
233 267 938 1 274 940
234 385 41 1 394 33
235 34 873 1 40 874
236 55 1080 1 60 1081
237 390 1204 1 396 1208
238 249 1116 1 255 1117
239 311 449 1 319 446
240 80 418 1 88 418
241 494 967 1 505 969
242 39 800 1 46 801
243 461 384 1 471 378
244 330 434 1 338 432
245 29 611 1 35 610
246 210 1088 1 216 1090
247 267 949 1 273 950
248 489 65 1 502 45
249 179 685 1 188 684
250 295 269 1 302 263
251 277 948 1 284 950
252 317 143 1 325 141
253 76 229 1 83 228
254 625 251 1 639 239
255 189 1192 1 194 1194
256 236 1093 1 242 1095
257 273 713 1 280 714
258 335 74 1 342 65
259 33 894 1 39 895
260 355 1246 1 360 1250
261 543 232 1 555 218
262 204 848 1 210 849
263 443 790 1 453 789
264 374 364 1 382 361
265 58 956 1 64 956
266 143 933 1 149 935
267 79 157 1 87 156
268 379 1247 1 385 1250
269 238 764 1 245 765
270 324 986 1 332 988
271 275 282 1 283 281
272 361 390 1 369 387
273 298 732 1 306 732
274 583 251 1 596 240
275 259 520 1 268 518
276 295 1237 1 300 1240
277 434 179 1 445 160
278 346 1001 1 353 1003
279 246 1077 1 252 1079
280 374 317 1 383 311
281 409 324 1 419 318
282 337 699 1 345 699
283 251 747 1 260 748
284 275 646 1 282 646
285 28 558 1 36 559
286 567 233 1 579 220
287 226 798 1 233 799
288 202 594 1 210 594
289 447 1197 1 455 1202
290 571 173 1 585 155
291 226 706 1 233 706
292 105 884 1 111 885
293 63 1209 1 69 1210
294 653 962 1 667 964
295 195 660 1 203 660
296 262 898 1 270 899
297 431 754 1 439 752
298 360 1035 1 367 1037
299 73 76 1 79 75
300 412 734 1 421 733
301 191 840 1 197 841
302 266 909 1 273 909
303 289 1089 1 295 1091
304 431 357 1 442 352
305 394 1188 1 401 1193
306 32 719 1 38 719
307 669 172 1 686 153
308 205 945 1 212 946
309 415 763 1 423 763
310 318 269 1 326 263
311 281 959 1 287 959
312 410 314 1 419 307
313 263 530 1 271 530
314 229 896 1 236 896
315 645 242 1 659 229
316 261 872 1 268 872
317 351 1017 1 357 1019
318 502 833 1 512 832
319 86 1028 1 91 1029
320 220 1188 1 225 1190
321 326 167 1 334 163
322 505 196 1 517 179
323 482 268 1 493 256
324 416 69 1 425 60
325 254 825 1 261 827
326 237 225 1 244 222
327 383 369 1 392 363
328 43 925 1 49 926
329 283 1222 1 289 1226
330 475 715 1 484 713
331 239 889 1 246 890
332 237 90 1 246 86
333 440 755 1 449 754
334 376 1025 1 383 1029
335 549 54 1 564 31
336 410 33 1 420 23
337 459 320 1 468 313
338 250 735 1 257 736
339 195 778 1 201 778
340 483 247 1 495 236
341 311 837 1 318 838
342 188 595 1 195 595
343 184 441 1 192 440
344 217 74 1 225 68
345 235 161 1 243 156
346 141 910 1 147 911
347 288 733 1 297 734
348 536 72 1 550 52
349 53 1054 1 58 1055
350 84 1187 1 90 1189
351 236 1076 1 242 1078
352 179 161 1 186 158
353 310 521 1 317 520
354 209 1186 1 214 1189
355 240 1203 1 245 1206
356 279 1159 1 286 1162
357 198 68 1 204 63
358 272 874 1 279 875
359 185 895 1 192 896
360 174 1184 1 179 1186
361 167 45 1 174 38
362 75 183 1 82 183
363 273 1205 1 279 1207
364 356 1001 1 362 1003
365 206 662 1 213 661
366 276 1137 1 281 1140
367 80 136 1 88 135
368 110 684 1 117 683
369 642 276 1 656 265
370 293 421 1 301 418
371 459 375 1 468 368
372 66 949 1 73 950
373 297 973 1 303 975
374 284 1235 1 289 1239
375 192 542 1 200 541
376 219 574 1 226 573
377 321 726 1 328 726
378 198 1173 1 202 1175
379 371 56 1 381 47
380 244 1185 1 250 1188
381 268 120 1 275 119
382 258 807 1 266 808
383 398 311 1 407 304
384 159 106 1 166 101
385 163 1034 1 168 1036
386 30 956 1 36 957
387 306 423 1 315 420
388 44 893 1 50 894
389 193 57 1 200 52
390 518 867 1 528 867
391 650 862 1 663 862
392 255 998 1 260 999
393 311 1013 1 317 1015
394 479 880 1 488 880
395 233 845 1 240 846
396 195 883 1 202 884
397 447 1146 1 454 1150
398 76 30 1 83 27
399 215 555 1 223 554
400 253 963 1 259 964
401 176 1177 1 181 1179
402 615 877 1 628 878
403 237 789 1 244 789
404 546 821 1 557 820
405 293 961 1 300 962
406 308 1189 1 314 1192
407 188 925 1 194 927
408 124 1177 1 130 1179
409 254 975 1 260 977
410 61 1012 1 66 1013
411 279 252 1 287 251
412 301 711 1 309 711
413 176 617 1 183 617
414 293 1215 1 299 1218
415 188 563 1 195 562
416 366 66 1 375 58
417 184 121 1 191 117
418 302 744 1 309 745
419 377 272 1 386 262
420 259 1098 1 266 1100
421 313 175 1 321 173
422 505 1149 1 514 1154
423 389 1250 1 395 1254
424 230 930 1 237 931
425 263 1022 1 269 1024
426 153 755 1 160 756
427 397 1178 1 404 1183
428 459 1223 1 467 1229
429 155 1183 1 160 1185
430 135 1190 1 140 1192
431 539 83 1 553 62
432 431 34 1 441 24
433 181 714 1 188 715
434 474 1064 1 483 1067
435 291 441 1 299 439
436 436 389 1 445 382
437 193 802 1 200 803
438 62 890 1 68 891
439 462 718 1 472 717
440 198 858 1 205 859
441 29 1173 1 34 1174
442 315 80 1 322 72
443 405 259 1 415 249
444 186 751 1 193 752
445 292 457 1 300 454
446 504 851 1 514 851
447 659 322 1 673 310
448 191 945 1 197 946
449 214 904 1 221 905
450 208 891 1 215 892
451 141 881 1 147 883
452 456 756 1 464 756
453 102 701 1 109 701
454 392 341 1 401 335
455 263 191 1 271 190
456 226 535 1 232 534
457 440 515 1 449 511
458 563 870 1 575 870
459 200 299 1 207 298
460 501 254 1 512 243
461 159 116 1 166 111
462 291 1065 1 298 1067
463 396 760 1 404 760
464 183 413 1 191 413
465 227 869 1 233 870
466 141 1158 1 146 1160
467 163 1199 1 169 1202
468 445 351 1 455 345
469 268 1012 1 275 1014
470 236 122 1 243 120
471 504 965 1 515 967
472 205 801 1 211 801
473 76 123 1 82 122
474 241 814 1 248 815
475 352 989 1 360 991
476 480 798 1 490 797
477 262 699 1 269 699
478 156 448 1 163 447
479 207 935 1 213 936
480 188 606 1 195 605
481 332 269 1 340 263
482 392 1213 1 399 1218
483 266 995 1 272 997
484 484 714 1 494 712
485 317 90 1 326 83
486 434 523 1 444 519
487 220 565 1 227 564
488 183 139 1 191 134
489 194 954 1 201 956
490 281 1006 1 287 1007
491 330 767 1 338 767
492 429 249 1 439 239
493 206 65 1 213 60
494 345 456 1 353 453
495 271 193 1 279 191
496 392 301 1 400 293
497 287 673 1 295 673
498 141 213 1 149 212
499 207 820 1 213 820
500 386 358 1 395 353
501 272 1147 1 278 1149
502 286 919 1 293 920
503 245 800 1 252 800
504 274 1079 1 282 1081
505 141 188 1 149 185
506 357 123 1 365 118
507 357 85 1 366 77
508 562 187 1 576 169
509 312 940 1 319 943
510 319 703 1 326 703
511 489 886 1 498 886
512 91 878 1 97 878
513 372 77 1 381 69
514 253 766 1 261 767
515 373 141 1 382 135
516 313 371 1 321 368
517 594 823 1 607 822
518 205 166 1 212 163
519 89 1039 1 94 1040
520 278 1190 1 284 1193
521 205 610 1 213 610
522 267 748 1 274 749
523 519 1212 1 529 1219
524 197 411 1 205 411
525 648 841 1 662 841
526 111 1179 1 116 1182
527 416 345 1 425 339
528 221 524 1 229 524
529 295 1167 1 301 1170
530 637 398 1 651 389
531 249 908 1 255 910
532 443 723 1 452 722
533 315 190 1 323 189
534 215 1162 1 220 1164
535 151 1161 1 155 1163
536 187 855 1 194 856
537 242 746 1 250 746
538 225 883 1 233 884
539 621 279 1 635 268
540 195 1069 1 201 1071
541 33 946 1 39 947
542 245 824 1 251 825
543 315 131 1 323 130
544 177 83 1 184 78
545 214 854 1 221 855
546 456 963 1 465 965
547 307 1167 1 314 1170
