0 345 1235 1 324 1211
1 317 780 1 306 755
2 378 805 1 368 782
3 384 905 1 372 882
4 451 387 1 454 360
5 311 1032 1 293 1006
6 364 833 1 353 808
7 527 129 1 542 96
8 340 553 1 337 527
9 102 715 1 93 682
10 399 996 1 384 974
11 81 1217 1 59 1185
12 91 587 1 86 555
13 125 1107 1 106 1078
14 405 127 1 414 96
15 339 151 1 346 120
16 285 874 1 273 849
17 415 363 1 418 335
18 105 831 1 93 802
19 424 363 1 427 335
20 317 84 1 327 49
21 94 649 1 86 616
22 365 875 1 351 851
23 358 366 1 359 338
24 129 1148 1 109 1117
25 279 487 1 276 460
26 447 1241 1 427 1221
27 317 759 1 308 734
28 358 314 1 362 284
29 76 1240 1 53 1208
30 452 1208 1 433 1189
31 441 1159 1 422 1139
32 451 240 1 462 206
33 364 851 1 352 827
34 226 642 1 219 614
35 64 1111 1 45 1079
36 46 808 1 34 775
37 127 1121 1 107 1091
38 336 172 1 341 143
39 568 309 1 577 282
40 388 1054 1 372 1031
41 84 432 1 80 399
42 379 819 1 368 796
43 668 879 1 663 864
44 382 861 1 370 837
45 398 985 1 384 963
46 401 1018 1 386 996
47 331 348 1 333 317
48 86 368 1 84 335
49 219 490 1 215 460
50 42 732 1 32 699
51 559 853 1 553 835
52 451 364 1 454 337
53 395 375 1 398 347
54 405 1057 1 388 1035
55 31 534 1 25 500
56 52 884 1 38 853
57 89 549 1 83 517
58 544 850 1 537 832
59 370 454 1 370 428
60 41 703 1 32 670
61 47 790 1 36 758
62 609 876 1 603 861
63 451 1158 1 433 1139
64 142 1234 1 120 1204
65 87 496 1 83 463
66 31 552 1 25 518
67 608 857 1 602 841
68 335 133 1 342 100
69 386 82 1 397 49
70 29 501 1 25 468
71 36 632 1 28 599
72 129 1083 1 110 1054
73 451 375 1 454 349
74 74 1150 1 54 1118
75 67 390 1 65 358
76 361 432 1 360 405
77 380 852 1 369 828
78 129 1071 1 112 1040
79 328 383 1 328 356
80 51 850 1 38 818
81 516 870 1 508 851
82 87 531 1 83 500
83 276 423 1 275 396
84 374 906 1 361 882
85 143 946 1 128 918
86 306 688 1 298 662
87 472 331 1 478 304
88 78 384 1 76 351
89 422 1160 1 403 1141
90 288 943 1 274 918
91 95 684 1 87 653
92 387 929 1 374 906
93 338 1044 1 321 1021
94 88 385 1 87 352
95 245 858 1 235 832
96 289 729 1 280 702
97 81 395 1 79 362
98 80 349 1 79 316
99 137 1251 1 114 1220
100 588 851 1 583 835
101 278 301 1 280 273
102 308 915 1 295 890
103 614 284 1 624 258
104 378 938 1 364 914
105 397 387 1 399 359
106 343 358 1 345 330
107 29 480 1 25 446
108 275 387 1 274 357
109 69 84 1 74 48
110 87 474 1 81 445
111 96 700 1 87 669
112 314 1134 1 293 1109
113 521 308 1 530 281
114 37 654 1 29 622
115 299 1016 1 284 990
116 285 714 1 277 688
117 673 229 1 689 200
118 390 1010 1 375 988
119 286 909 1 273 883
120 474 340 1 479 314
121 327 394 1 328 368
122 318 1067 1 301 1041
123 30 685 1 21 652
124 227 624 1 220 595
125 327 739 1 319 715
126 404 362 1 406 334
127 72 1202 1 50 1169
128 81 1202 1 60 1170
129 451 397 1 454 370
130 24 840 1 11 807
131 221 471 1 217 443
132 40 686 1 32 653
133 407 1036 1 393 1014
134 406 1151 1 388 1130
135 85 1255 1 62 1222
136 560 872 1 553 855
137 340 74 1 351 39
138 322 933 1 309 910
139 393 361 1 396 332
140 41 833 1 28 800
141 278 469 1 275 441
142 359 998 1 344 976
143 50 832 1 39 800
144 325 1167 1 305 1142
145 589 869 1 582 853
146 613 958 1 605 943
147 419 413 1 421 386
148 275 269 1 278 239
149 48 1117 1 29 1085
150 230 109 1 238 75
151 451 158 1 464 123
152 349 784 1 340 760
153 389 938 1 375 915
154 61 976 1 44 944
155 388 1000 1 374 978
156 316 852 1 304 827
157 329 369 1 328 341
158 79 326 1 78 294
159 260 1238 1 238 1210
160 235 792 1 224 765
161 244 1103 1 225 1075
162 394 401 1 396 373
163 244 1118 1 225 1090
164 285 984 1 269 958
165 323 532 1 320 506
166 99 728 1 88 698
167 365 466 1 364 440
168 429 415 1 431 388
169 662 956 1 656 942
170 328 359 1 328 330
171 329 466 1 328 439
172 70 127 1 73 91
173 595 972 1 586 957
174 336 994 1 320 970
175 343 820 1 333 796
176 73 1169 1 53 1136
177 502 849 1 495 831
178 612 973 1 603 959
179 296 739 1 287 713
180 223 981 1 208 955
181 296 772 1 285 747
182 297 993 1 280 967
183 375 482 1 373 457
184 210 110 1 217 75
185 414 158 1 427 121
186 338 393 1 338 365
187 211 473 1 208 443
188 452 141 1 465 105
189 343 368 1 344 341
190 73 1127 1 54 1094
191 59 1246 1 37 1213
192 39 752 1 31 719
193 360 408 1 360 381
194 564 976 1 555 961
195 341 862 1 331 837
196 428 383 1 430 355
197 512 851 1 506 832
198 36 982 1 20 950
199 359 382 1 360 354
200 204 689 1 195 661
201 340 423 1 339 395
202 306 747 1 297 721
203 275 328 1 276 300
204 279 1156 1 258 1130
205 441 403 1 442 376
206 276 443 1 274 415
207 349 145 1 356 115
208 224 673 1 217 645
209 373 82 1 383 48
210 368 776 1 358 751
211 160 976 1 145 948
212 304 1149 1 284 1124
213 55 935 1 40 903
214 268 765 1 259 738
215 369 355 1 371 327
216 349 807 1 339 782
217 246 829 1 234 803
218 335 1208 1 315 1183
219 184 126 1 190 91
220 371 894 1 358 871
221 359 164 1 366 135
222 442 413 1 444 387
223 129 1093 1 111 1064
224 317 1244 1 295 1219
225 299 783 1 289 757
226 280 962 1 266 937
227 372 89 1 382 57
228 48 904 1 34 872
229 74 1109 1 54 1077
230 267 1140 1 247 1113
231 25 606 1 18 573
232 368 50 1 380 15
233 76 267 1 76 233
234 496 977 1 486 960
235 454 420 1 456 394
236 211 67 1 220 34
237 228 1114 1 209 1086
238 280 972 1 265 947
239 428 373 1 431 345
240 296 689 1 288 664
241 291 310 1 293 279
242 290 972 1 276 946
243 307 1246 1 285 1220
244 604 292 1 614 267
245 210 1215 1 188 1187
246 254 1118 1 234 1091
247 48 924 1 33 893
248 281 38 1 292 2
249 222 916 1 208 889
250 216 875 1 204 847
251 448 811 1 440 789
252 306 758 1 297 732
253 74 985 1 58 954
254 159 959 1 144 931
255 248 792 1 237 764
256 338 1007 1 323 983
257 273 314 1 274 286
258 221 945 1 206 918
259 359 423 1 359 395
260 327 521 1 326 495
261 564 294 1 573 267
262 263 549 1 260 521
263 417 241 1 427 206
264 188 664 1 180 635
265 263 1102 1 244 1075
266 177 152 1 182 118
267 84 451 1 80 420
268 344 725 1 335 700
269 58 925 1 44 893
270 261 774 1 252 747
271 35 592 1 28 559
272 510 943 1 501 925
273 546 280 1 556 252
274 236 825 1 225 798
275 461 1208 1 442 1188
276 545 231 1 558 200
277 456 317 1 464 288
278 118 912 1 105 883
279 188 839 1 177 811
280 85 1238 1 63 1206
281 648 970 1 640 956
282 275 923 1 262 897
283 435 776 1 427 754
284 374 1053 1 357 1031
285 391 351 1 394 323
286 69 117 1 72 81
287 417 757 1 409 735
288 203 867 1 190 839
289 160 121 1 166 86
290 313 480 1 310 453
291 78 175 1 81 142
292 636 227 1 652 198
293 350 72 1 359 38
294 420 786 1 412 763
295 279 932 1 265 907
296 313 309 1 317 279
297 421 350 1 425 323
298 198 57 1 206 23
299 670 889 1 665 875
300 267 560 1 262 532
301 242 921 1 229 894
302 622 285 1 632 259
303 273 896 1 260 870
304 364 1035 1 348 1013
305 310 1009 1 294 983
306 103 1056 1 86 1026
307 232 996 1 216 969
308 135 271 1 135 237
309 169 84 1 174 49
310 442 60 1 454 28
311 275 260 1 277 231
312 175 203 1 179 169
313 403 114 1 413 83
314 265 852 1 253 825
315 233 263 1 236 232
316 317 1255 1 292 1232
317 323 120 1 332 87
318 58 955 1 43 924
319 350 872 1 337 847
320 202 166 1 207 132
321 182 1051 1 164 1022
322 251 914 1 238 887
323 443 777 1 436 755
324 264 1223 1 243 1197
325 522 123 1 538 87
326 396 83 1 407 50
327 259 763 1 249 735
328 370 399 1 371 372
329 206 806 1 195 777
330 321 861 1 309 837
331 188 473 1 184 443
332 201 840 1 189 812
333 156 937 1 142 908
334 510 138 1 525 103
335 217 625 1 211 596
336 70 1084 1 52 1052
337 45 1170 1 25 1138
338 104 1215 1 83 1184
339 253 1100 1 234 1073
340 333 199 1 338 169
341 240 1209 1 218 1183
342 663 391 1 673 368
343 298 1181 1 278 1155
344 368 320 1 374 288
345 284 898 1 271 873
346 199 921 1 185 894
347 265 944 1 251 918
348 34 991 1 18 959
349 451 348 1 455 320
350 213 690 1 205 662
351 74 222 1 75 188
352 187 876 1 175 848
353 292 1227 1 271 1201
354 369 1020 1 353 997
355 120 715 1 111 684
356 619 318 1 629 293
357 294 455 1 292 426
358 305 128 1 312 94
359 451 411 1 453 385
360 82 979 1 66 948
361 310 997 1 295 971
362 198 574 1 193 544
363 469 294 1 477 265
364 328 752 1 319 727
365 218 1196 1 197 1168
366 359 104 1 369 71
367 263 1208 1 243 1181
368 269 834 1 257 807
369 323 268 1 326 238
370 179 1061 1 162 1032
371 180 28 1 188 -9
372 46 986 1 30 955
373 355 1008 1 339 984
374 307 456 1 306 428
375 313 113 1 321 80
376 384 62 1 395 28
377 518 883 1 510 864
378 642 875 1 637 860
379 326 246 1 329 217
380 269 1022 1 252 996
381 349 155 1 356 124
382 325 1035 1 309 1011
383 327 84 1 337 50
384 482 897 1 473 877
385 245 871 1 233 845
386 313 1234 1 291 1208
387 689 1126 1 679 1117
388 460 1157 1 442 1138
389 71 72 1 76 36
390 220 586 1 215 557
391 267 987 1 252 961
392 610 890 1 603 874
393 247 816 1 236 788
394 544 838 1 537 820
395 307 983 1 292 959
396 326 1209 1 306 1185
397 302 1235 1 280 1208
398 359 1019 1 344 996
399 203 951 1 188 924
400 145 1202 1 124 1173
401 78 1041 1 61 1010
402 276 285 1 278 256
403 183 648 1 176 618
404 194 595 1 188 565
405 355 113 1 364 80
406 310 942 1 295 916
407 310 770 1 301 745
408 269 998 1 253 972
409 277 1122 1 258 1095
410 337 123 1 345 90
411 461 145 1 473 110
412 513 1156 1 497 1139
413 244 955 1 229 928
414 278 1046 1 261 1020
415 472 1231 1 453 1212
416 176 1207 1 154 1179
417 156 1215 1 134 1186
418 417 83 1 427 51
419 668 868 1 663 853
420 369 144 1 378 113
421 278 993 1 263 967
422 483 1075 1 468 1057
423 292 474 1 290 446
424 511 309 1 520 282
425 76 920 1 62 889
426 463 742 1 457 720
427 383 367 1 386 339
428 211 885 1 198 857
429 351 61 1 361 29
430 49 1203 1 28 1170
431 396 305 1 401 275
432 195 780 1 185 751
433 330 182 1 335 152
434 636 362 1 645 338
435 206 970 1 191 943
436 227 930 1 213 903
437 155 910 1 141 881
438 398 70 1 408 37
439 218 180 1 223 146
440 458 778 1 450 757
441 112 732 1 102 701
442 387 380 1 389 351
443 258 226 1 262 196
444 229 566 1 225 537
445 184 48 1 191 12
446 299 954 1 285 928
447 561 885 1 554 867
448 199 333 1 199 303
449 309 1122 1 290 1097
450 484 251 1 495 219
451 155 140 1 161 105
452 308 1087 1 290 1062
453 409 1201 1 390 1181
454 402 783 1 393 760
455 185 446 1 183 416
456 239 895 1 226 868
457 161 1183 1 140 1154
458 185 1224 1 163 1195
459 438 388 1 441 361
460 283 1035 1 267 1010
461 505 975 1 495 958
462 216 829 1 204 801
463 252 841 1 240 814
464 365 1009 1 350 985
465 482 818 1 475 797
466 269 726 1 261 700
467 221 959 1 206 932
468 195 635 1 188 607
469 256 934 1 242 908
470 408 1224 1 388 1204
471 280 1019 1 264 993
472 483 737 1 478 716
473 308 137 1 316 104
474 105 978 1 90 948
475 225 596 1 219 567
476 320 1022 1 304 997
477 210 981 1 194 953
478 340 792 1 329 767
479 418 296 1 424 266
480 345 487 1 343 460
481 267 227 1 270 197
482 526 278 1 536 249
483 275 1136 1 256 1109
484 140 254 1 142 220
485 218 847 1 206 819
486 381 396 1 383 367
487 290 1170 1 270 1144
488 299 941 1 285 917
489 256 826 1 244 799
490 291 1102 1 274 1077
491 206 816 1 194 788
492 262 156 1 267 125
493 201 877 1 188 849
494 348 131 1 355 99
495 113 1093 1 95 1063
496 539 242 1 550 211
497 325 961 1 310 939
498 492 902 1 482 883
499 105 907 1 91 877
500 361 123 1 370 91
501 257 1000 1 242 974
502 364 179 1 371 149
503 312 405 1 312 377
504 589 839 1 584 822
505 106 1067 1 88 1037
506 311 1109 1 292 1083
507 294 982 1 279 956
508 297 1212 1 276 1186
509 276 775 1 266 748
510 528 1215 1 511 1200
511 199 444 1 197 414
512 209 938 1 194 910
513 641 855 1 635 840
514 189 713 1 180 685
515 131 1205 1 110 1176
516 474 739 1 469 716
517 389 1044 1 373 1022
518 265 1012 1 248 986
519 619 434 1 625 410
520 293 382 1 294 352
521 446 747 1 439 724
522 309 225 1 313 196
523 233 1185 1 213 1158
524 171 1186 1 149 1157
525 405 1213 1 385 1194
526 251 773 1 241 746
527 238 908 1 225 882
528 601 320 1 610 295
529 212 1095 1 194 1067
530 49 977 1 33 945
531 256 851 1 244 824
532 307 166 1 313 136
533 227 880 1 214 853
534 460 975 1 449 957
535 313 894 1 300 868
536 325 1187 1 305 1162
