0 320 860 1 347 806
1 270 1060 1 289 1003
2 273 808 1 301 753
3 334 832 1 362 780
4 341 931 1 366 879
5 43 580 1 79 517
6 41 1252 1 56 1183
7 46 619 1 82 554
8 85 1140 1 103 1075
9 400 419 1 445 364
10 357 1020 1 378 969
11 353 164 1 406 101
12 243 903 1 268 846
13 320 877 1 346 824
14 364 396 1 410 338
15 62 863 1 89 800
16 374 395 1 419 338
17 266 124 1 320 57
18 309 398 1 353 340
19 48 661 1 81 598
20 90 1180 1 105 1114
21 322 483 1 364 429
22 41 527 1 79 463
23 265 163 1 316 97
24 307 350 1 354 290
25 288 186 1 340 124
26 400 1180 1 415 1131
27 321 902 1 346 848
28 136 162 1 185 95
29 24 1145 1 42 1076
30 58 746 1 90 682
31 87 1153 1 104 1088
32 50 680 1 83 615
33 512 344 1 564 289
34 347 1079 1 366 1027
35 335 846 1 362 793
36 615 898 1 647 858
37 338 887 1 364 835
38 356 1011 1 377 959
39 37 464 1 76 399
40 359 1043 1 379 991
41 273 788 1 303 732
42 279 415 1 322 357
43 173 520 1 211 460
44 397 281 1 449 217
45 88 1115 1 106 1051
46 307 188 1 359 127
47 510 875 1 541 830
48 399 398 1 445 341
49 345 408 1 390 350
50 364 1082 1 382 1030
51 275 112 1 330 44
52 229 453 1 270 396
53 182 674 1 214 614
54 495 873 1 526 827
55 558 897 1 589 855
56 410 1179 1 425 1131
57 421 376 1 469 319
58 556 878 1 588 835
59 284 170 1 335 106
60 334 122 1 389 57
61 366 1174 1 381 1123
62 35 427 1 75 362
63 231 517 1 271 460
64 629 97 1 697 34
65 400 408 1 445 353
66 652 201 1 717 143
67 467 177 1 527 110
68 36 1185 1 50 1115
69 312 463 1 354 407
70 336 879 1 363 826
71 89 1103 1 108 1038
72 410 1229 1 425 1180
73 467 893 1 497 846
74 42 563 1 79 500
75 39 401 1 81 335
76 330 932 1 355 879
77 102 976 1 124 914
78 261 717 1 293 661
79 31 416 1 72 351
80 382 1182 1 396 1133
81 245 970 1 268 914
82 51 715 1 83 652
83 278 1090 1 295 1036
84 344 955 1 368 902
85 346 422 1 391 363
86 203 887 1 230 830
87 245 758 1 275 700
88 33 381 1 75 317
89 225 346 1 269 287
90 538 873 1 570 830
91 230 333 1 275 274
92 266 943 1 290 887
93 274 1069 1 293 1012
94 345 964 1 369 912
95 54 761 1 85 697
96 227 418 1 269 358
97 296 1070 1 315 1016
98 52 731 1 84 668
99 467 344 1 517 287
100 258 1044 1 279 987
101 241 743 1 273 686
102 332 427 1 376 370
103 609 269 1 670 211
104 244 938 1 268 880
105 279 425 1 322 369
106 182 653 1 216 595
107 283 768 1 314 713
108 353 395 1 398 337
109 396 44 1 455 -22
110 32 1237 1 47 1166
111 41 1237 1 56 1167
112 399 430 1 445 374
113 24 426 1 61 359
114 174 503 1 213 443
115 273 1164 1 289 1105
116 366 1061 1 386 1009
117 511 894 1 541 849
118 289 114 1 343 46
119 280 960 1 303 906
120 342 394 1 388 336
121 231 499 1 271 441
122 317 1024 1 338 971
123 287 1194 1 300 1138
124 90 1125 1 108 1062
125 539 891 1 570 847
126 284 1066 1 304 1007
127 563 977 1 591 935
128 369 446 1 412 389
129 226 300 1 273 240
130 41 417 1 83 353
131 182 145 1 233 79
132 280 382 1 325 322
133 628 289 1 688 233
134 394 203 1 451 136
135 305 812 1 334 758
136 286 60 1 343 -9
137 438 37 1 500 -29
138 273 880 1 299 825
139 280 400 1 322 342
140 32 359 1 74 294
141 181 159 1 232 93
142 192 822 1 220 763
143 204 1133 1 221 1073
144 204 1148 1 221 1088
145 345 435 1 388 376
146 539 862 1 571 817
147 244 1012 1 264 955
148 277 562 1 315 506
149 317 497 1 358 441
150 379 448 1 422 391
151 611 974 1 639 933
152 280 392 1 322 332
153 281 498 1 322 440
154 370 45 1 430 -23
155 546 991 1 573 949
156 294 1021 1 315 966
157 299 848 1 328 794
158 33 1203 1 49 1134
159 657 272 1 719 215
160 454 873 1 485 826
161 563 992 1 589 951
162 252 768 1 282 712
163 630 335 1 688 281
164 106 189 1 156 121
165 343 36 1 402 -32
166 253 801 1 280 746
167 256 1021 1 276 964
168 127 236 1 175 172
169 327 513 1 367 458
170 359 203 1 414 135
171 347 1026 1 368 973
172 290 424 1 333 366
173 164 504 1 204 444
174 395 186 1 452 118
175 294 400 1 338 342
176 332 415 1 376 357
177 92 289 1 138 222
178 33 1160 1 50 1092
179 359 45 1 417 -21
180 312 439 1 354 383
181 668 429 1 723 379
182 516 995 1 542 953
183 299 889 1 325 834
184 377 415 1 422 358
185 463 874 1 495 827
186 310 414 1 354 356
187 159 719 1 191 660
188 291 454 1 333 396
189 262 776 1 292 720
190 228 360 1 271 300
191 241 1186 1 254 1127
192 389 436 1 433 379
193 416 333 1 465 272
194 229 473 1 269 415
195 644 758 1 685 717
196 161 147 1 212 79
197 179 703 1 212 644
198 321 122 1 376 56
199 324 804 1 352 749
200 119 1006 1 141 944
201 319 389 1 364 330
202 306 834 1 333 779
203 203 859 1 230 801
204 298 1235 1 310 1178
205 328 921 1 352 869
206 308 199 1 359 138
207 391 446 1 435 390
208 676 1120 1 702 1086
209 234 44 1 290 -26
210 256 811 1 284 755
211 333 34 1 392 -34
212 239 990 1 262 934
213 321 128 1 375 63
214 264 436 1 306 378
215 33 1142 1 51 1075
216 228 1169 1 242 1110
217 401 359 1 452 295
218 139 215 1 188 149
219 316 90 1 372 24
220 29 300 1 72 234
221 448 997 1 474 951
222 129 187 1 178 121
223 631 112 1 700 50
224 402 453 1 447 397
225 368 33 1 428 -34
226 162 101 1 215 36
227 189 1144 1 205 1083
228 239 1001 1 260 944
229 377 405 1 422 349
230 364 334 1 413 274
231 251 719 1 283 663
232 413 362 1 463 304
233 249 1000 1 271 943
234 678 822 1 716 783
235 299 180 1 350 118
236 547 328 1 600 273
237 171 1247 1 184 1183
238 215 1149 1 230 1088
239 232 1227 1 246 1167
240 231 79 1 286 9
241 180 945 1 203 887
242 266 148 1 319 82
243 175 904 1 199 845
244 262 787 1 292 731
245 33 1017 1 54 952
246 118 989 1 140 928
247 204 821 1 233 763
248 180 974 1 202 915
249 311 454 1 353 396
250 280 552 1 321 495
251 507 330 1 560 273
252 217 579 1 255 521
253 362 283 1 415 217
254 144 694 1 176 634
255 224 1131 1 240 1072
256 37 483 1 76 419
257 299 753 1 330 699
258 495 335 1 547 277
259 218 804 1 247 746
260 659 231 1 722 174
261 463 965 1 490 918
262 348 1037 1 369 984
263 275 1240 1 288 1182
264 194 855 1 221 797
265 641 70 1 711 5
266 421 1229 1 434 1180
267 76 944 1 101 881
268 146 869 1 172 809
269 598 987 1 625 947
270 233 952 1 257 894
271 389 802 1 419 751
272 333 1079 1 352 1026
273 340 386 1 386 327
274 371 784 1 402 733
275 161 896 1 186 837
276 266 511 1 304 454
277 574 268 1 633 209
278 298 112 1 352 46
279 375 812 1 405 761
280 237 960 1 260 904
281 264 344 1 310 283
282 370 384 1 417 326
283 617 908 1 649 868
284 201 950 1 225 892
285 563 322 1 617 266
286 231 925 1 256 868
287 323 1060 1 342 1008
288 269 1036 1 289 980
289 63 1088 1 82 1023
290 192 1025 1 212 966
291 87 305 1 131 240
292 388 100 1 445 36
293 227 291 1 272 232
294 351 151 1 405 89
295 222 881 1 249 823
296 306 899 1 331 845
297 153 201 1 202 135
298 142 1082 1 160 1020
299 209 943 1 234 885
300 397 804 1 428 753
301 226 1253 1 239 1193
302 462 169 1 522 102
303 344 123 1 398 58
304 215 792 1 245 734
305 321 431 1 364 373
306 163 835 1 190 776
307 279 889 1 304 834
308 142 504 1 180 443
309 159 870 1 185 810
310 115 967 1 138 905
311 451 183 1 510 117
312 172 655 1 206 596
313 30 1116 1 49 1050
314 257 970 1 280 914
315 65 1250 1 80 1181
316 214 1130 1 230 1071
317 283 234 1 332 173
318 390 57 1 449 -9
319 645 881 1 678 842
320 203 1239 1 214 1179
321 603 425 1 656 374
322 260 1209 1 273 1151
323 317 355 1 365 294
324 242 927 1 266 871
325 157 951 1 181 891
326 224 973 1 246 916
327 273 318 1 320 256
328 273 303 1 320 242
329 162 252 1 210 187
330 169 720 1 201 661
331 26 255 1 71 189
332 145 905 1 170 845
333 328 1046 1 347 993
334 75 746 1 107 683
335 561 353 1 614 299
336 294 479 1 335 422
337 276 123 1 330 57
338 254 165 1 306 100
339 399 443 1 444 388
340 41 1011 1 63 946
341 269 1024 1 290 968
342 152 605 1 188 544
343 275 206 1 326 144
344 284 781 1 314 725
345 179 1227 1 193 1165
346 308 142 1 362 77
347 226 1237 1 238 1177
348 249 55 1 306 -15
349 226 863 1 253 805
350 491 316 1 543 259
351 139 1092 1 158 1030
352 313 1034 1 333 980
353 259 488 1 300 429
354 123 117 1 175 49
355 331 102 1 388 36
356 298 46 1 355 -23
357 151 148 1 202 80
358 328 45 1 386 -23
359 470 906 1 498 859
360 591 895 1 622 854
361 224 793 1 254 737
362 229 1051 1 248 993
363 298 190 1 350 128
364 225 757 1 256 699
365 304 56 1 361 -13
366 436 920 1 464 872
367 203 900 1 228 842
368 638 1138 1 662 1103
369 419 1179 1 434 1130
370 175 617 1 210 557
371 226 1016 1 247 958
372 558 910 1 589 868
373 204 845 1 232 786
374 495 861 1 526 815
375 266 1012 1 287 955
376 289 1237 1 301 1180
377 123 252 1 170 187
378 318 1046 1 338 992
379 153 1098 1 171 1040
380 106 1234 1 120 1169
381 440 53 1 501 -12
382 242 345 1 287 283
383 37 1074 1 57 1007
384 228 316 1 273 257
385 149 625 1 184 565
386 318 53 1 377 -15
387 303 150 1 357 86
388 268 969 1 290 913
389 266 798 1 296 744
390 228 1027 1 248 969
391 238 1151 1 254 1092
392 286 160 1 338 96
393 403 191 1 460 124
394 203 984 1 225 926
395 239 1075 1 257 1017
396 253 1190 1 268 1131
397 431 1250 1 445 1202
398 136 1239 1 150 1175
399 117 1247 1 131 1181
400 364 122 1 419 58
401 614 887 1 647 847
402 319 180 1 371 118
403 238 1022 1 258 964
404 278 36 1 336 -33
405 245 505 1 284 446
406 457 346 1 508 289
407 343 341 1 391 280
408 35 951 1 59 887
409 415 768 1 448 718
410 333 401 1 378 343
411 169 915 1 194 854
412 152 809 1 181 750
413 280 216 1 329 155
414 577 396 1 629 344
415 165 999 1 186 940
416 186 959 1 209 900
417 113 940 1 137 878
418 345 110 1 400 45
419 169 214 1 218 149
420 411 804 1 442 754
421 143 50 1 197 -18
422 68 763 1 98 700
423 210 258 1 257 197
424 184 596 1 220 537
425 598 377 1 652 324
426 511 906 1 541 861
427 152 365 1 194 304
428 269 1150 1 285 1093
429 428 291 1 482 229
430 107 175 1 156 108
431 269 1115 1 285 1059
432 357 810 1 386 758
433 139 477 1 179 416
434 197 923 1 221 866
435 122 1214 1 136 1150
436 387 421 1 432 364
437 243 1064 1 262 1007
438 457 995 1 483 950
439 174 858 1 200 798
440 209 870 1 236 812
441 324 1034 1 344 981
442 434 842 1 465 793
443 372 1213 1 386 1161
444 181 988 1 202 929
445 150 666 1 183 606
446 214 962 1 237 905
447 368 1246 1 381 1195
448 240 1048 1 259 990
449 434 764 1 468 713
450 258 175 1 310 110
451 158 1233 1 172 1170
452 632 821 1 668 781
453 64 1009 1 86 946
454 180 627 1 215 567
455 279 1049 1 299 994
456 169 1010 1 190 950
457 295 820 1 324 765
458 265 99 1 320 29
459 658 437 1 713 388
460 297 517 1 337 461
461 218 259 1 265 198
462 470 315 1 523 257
463 236 1165 1 252 1106
464 176 876 1 202 817
465 109 84 1 162 17
466 213 856 1 239 798
467 252 1131 1 269 1073
468 163 845 1 190 786
469 212 189 1 262 126
470 158 906 1 184 847
471 296 169 1 348 105
472 73 1126 1 91 1061
473 481 283 1 535 221
474 98 787 1 127 725
475 445 925 1 473 878
476 63 939 1 87 875
477 311 160 1 363 97
478 217 1030 1 237 971
479 314 214 1 365 153
480 66 1098 1 84 1034
481 271 1137 1 287 1080
482 253 1010 1 274 953
483 277 344 1 323 283
484 331 56 1 389 -12
485 232 804 1 261 747
486 485 1233 1 500 1189
487 153 475 1 193 414
488 167 967 1 190 907
489 589 875 1 621 834
490 145 744 1 175 684
491 93 1238 1 107 1172
492 425 765 1 460 714
493 347 1069 1 366 1017
494 224 1041 1 244 983
495 562 465 1 610 414
496 245 414 1 288 354
497 398 773 1 431 722
498 130 67 1 183 -3
499 195 1215 1 209 1154
500 132 1217 1 146 1153
501 365 1236 1 378 1185
502 208 802 1 237 744
503 196 937 1 221 880
504 544 356 1 596 302
505 172 1125 1 190 1064
506 213 880 1 239 822
507 95 154 1 146 86
508 140 144 1 190 74
509 487 273 1 543 210
510 185 909 1 210 851
511 414 995 1 438 948
512 296 1034 1 318 979
513 270 922 1 294 866
514 193 1241 1 206 1180
515 287 1215 1 300 1158
