0 284 1033 1 282 998
1 294 787 1 294 751
2 409 1227 1 406 1194
3 353 812 1 353 777
4 357 909 1 358 874
5 451 347 1 462 304
6 338 838 1 339 803
7 540 184 1 553 137
8 392 388 1 399 346
9 74 593 1 76 554
10 100 1108 1 98 1070
11 426 413 1 433 373
12 370 996 1 369 962
13 338 855 1 338 820
14 387 160 1 395 115
15 402 388 1 408 346
16 262 879 1 261 843
17 278 1171 1 274 1136
18 310 278 1 317 236
19 310 1042 1 308 1008
20 325 385 1 330 347
21 76 653 1 77 615
22 339 385 1 344 345
23 75 636 1 76 598
24 371 1018 1 371 984
25 338 347 1 344 303
26 407 1150 1 404 1117
27 360 418 1 366 377
28 338 879 1 338 844
29 83 720 1 84 680
30 102 1121 1 99 1083
31 534 348 1 545 304
32 342 180 1 349 136
33 260 497 1 264 461
34 354 825 1 354 790
35 617 880 1 624 849
36 356 865 1 356 831
37 382 388 1 388 345
38 291 1062 1 288 1027
39 294 766 1 296 730
40 102 1147 1 100 1109
41 55 1215 1 51 1178
42 202 499 1 204 461
43 374 414 1 380 372
44 422 291 1 433 241
45 104 1084 1 101 1047
46 116 1232 1 111 1196
47 519 856 1 523 823
48 423 217 1 434 165
49 425 392 1 433 350
50 373 401 1 379 360
51 376 1055 1 373 1022
52 300 157 1 308 111
53 258 435 1 263 398
54 208 651 1 208 613
55 324 178 1 331 134
56 564 879 1 569 846
57 360 1053 1 357 1018
58 447 374 1 455 331
59 563 860 1 568 827
60 319 166 1 326 119
61 374 1143 1 371 1109
62 649 119 1 668 66
63 425 404 1 433 362
64 668 220 1 686 170
65 492 193 1 506 140
66 354 857 1 354 822
67 105 1072 1 103 1034
68 416 1197 1 414 1164
69 478 872 1 482 838
70 284 696 1 286 660
71 78 704 1 78 667
72 389 1151 1 386 1119
73 77 689 1 78 651
74 360 932 1 359 897
75 350 470 1 355 432
76 296 935 1 296 900
77 223 862 1 224 826
78 267 736 1 268 699
79 392 291 1 400 242
80 260 479 1 263 442
81 477 855 1 479 820
82 274 1018 1 272 982
83 257 328 1 262 290
84 491 348 1 500 303
85 546 855 1 551 823
86 507 855 1 509 820
87 284 918 1 283 883
88 60 82 1 66 38
89 288 1044 1 286 1008
90 347 908 1 347 874
91 73 540 1 74 501
92 61 136 1 67 92
93 73 554 1 74 517
94 60 98 1 65 53
95 264 721 1 266 685
96 49 1150 1 45 1113
97 625 284 1 641 235
98 261 912 1 261 877
99 340 439 1 344 401
100 405 426 1 411 386
101 208 631 1 209 594
102 305 747 1 306 712
103 49 1109 1 46 1071
104 430 51 1 442 1
105 287 1133 1 282 1098
106 75 378 1 75 338
107 425 424 1 432 383
108 204 482 1 206 444
109 294 1033 1 292 997
110 378 1036 1 377 1001
111 519 874 1 523 841
112 481 348 1 491 304
113 109 1242 1 105 1204
114 36 927 1 34 889
115 344 899 1 344 864
116 370 389 1 377 346
117 312 112 1 320 63
118 331 998 1 330 964
119 263 945 1 262 909
120 298 1165 1 293 1129
121 58 1237 1 53 1200
122 546 872 1 551 839
123 78 734 1 79 696
124 566 954 1 570 923
125 260 283 1 266 243
126 272 995 1 269 959
127 405 398 1 411 357
128 326 111 1 334 63
129 49 1125 1 46 1088
130 430 28 1 443 -23
131 644 301 1 659 255
132 38 1109 1 35 1071
133 425 1196 1 423 1164
134 323 64 1 333 13
135 415 27 1 427 -24
136 472 45 1 485 -5
137 293 857 1 292 821
138 55 1201 1 51 1163
139 213 798 1 213 761
140 263 317 1 267 277
141 218 1105 1 215 1068
142 39 977 1 38 939
143 217 1120 1 215 1083
144 372 427 1 377 385
145 547 844 1 552 810
146 38 991 1 36 953
147 296 335 1 302 292
148 325 792 1 326 755
149 344 482 1 349 444
150 74 503 1 73 464
151 310 414 1 314 374
152 405 51 1 417 0
153 60 44 1 66 -1
154 551 967 1 554 936
155 75 396 1 77 355
156 110 1252 1 104 1215
157 176 25 1 183 -20
158 670 288 1 687 239
159 466 853 1 470 819
160 565 968 1 569 937
161 645 346 1 660 300
162 379 43 1 390 -8
163 274 779 1 273 744
164 309 402 1 314 362
165 164 221 1 169 178
166 389 217 1 399 164
167 295 423 1 299 383
168 320 411 1 324 371
169 47 1238 1 43 1200
170 194 483 1 197 445
171 424 201 1 435 148
172 361 407 1 366 365
173 49 1168 1 45 1131
174 394 51 1 405 1
175 677 437 1 692 395
176 522 970 1 524 940
177 317 866 1 317 830
178 221 130 1 226 86
179 122 946 1 120 909
180 340 401 1 345 362
181 183 695 1 184 659
182 199 133 1 205 89
183 284 754 1 285 718
184 260 342 1 264 303
185 252 1157 1 248 1121
186 415 428 1 421 387
187 357 447 1 362 406
188 441 333 1 450 288
189 45 1078 1 43 1041
190 258 454 1 262 416
191 395 439 1 401 399
192 648 748 1 657 714
193 145 175 1 151 129
194 204 681 1 206 643
195 356 122 1 365 74
196 139 975 1 136 938
197 405 438 1 411 398
198 223 835 1 223 799
199 307 1204 1 303 1169
200 322 825 1 320 791
201 343 191 1 350 147
202 417 439 1 423 398
203 241 145 1 248 104
204 274 45 1 282 -5
205 277 790 1 277 753
206 255 965 1 255 930
207 240 1141 1 236 1104
208 352 91 1 362 42
209 354 501 1 358 461
210 650 134 1 670 81
211 427 445 1 435 405
212 403 40 1 415 -11
213 202 1115 1 199 1078
214 115 1179 1 111 1143
215 377 122 1 387 75
216 255 975 1 254 940
217 309 994 1 307 959
218 393 333 1 400 288
219 275 698 1 275 662
220 247 665 1 247 629
221 168 842 1 167 805
222 266 974 1 264 938
223 676 809 1 686 776
224 567 333 1 580 289
225 183 1213 1 178 1176
226 228 1120 1 224 1083
227 340 426 1 345 387
228 309 482 1 314 443
229 104 1166 1 101 1128
230 270 77 1 278 27
231 199 918 1 197 883
232 307 533 1 313 496
233 195 878 1 194 841
234 283 765 1 285 729
235 138 959 1 136 922
236 429 357 1 437 311
237 226 798 1 226 761
238 285 1255 1 281 1220
239 309 156 1 317 110
240 609 951 1 615 920
241 530 333 1 542 288
242 368 379 1 375 337
243 237 1104 1 233 1067
244 436 378 1 443 335
245 179 113 1 186 69
246 321 734 1 322 697
247 518 336 1 529 293
248 239 781 1 240 744
249 673 249 1 691 200
250 473 942 1 475 908
251 362 1011 1 361 976
252 106 1094 1 103 1056
253 481 197 1 492 144
254 214 831 1 214 794
255 660 94 1 680 40
256 74 480 1 76 440
257 288 1241 1 284 1205
258 33 958 1 28 921
259 599 965 1 604 935
260 251 926 1 250 890
261 406 784 1 409 748
262 346 1052 1 343 1018
263 390 765 1 392 730
264 182 870 1 181 834
265 689 808 1 700 774
266 359 1001 1 359 966
267 617 318 1 631 273
268 227 1103 1 224 1066
269 591 282 1 607 233
270 393 793 1 395 758
271 278 1243 1 274 1208
272 254 934 1 254 900
273 182 35 1 190 -10
274 286 1230 1 282 1195
275 471 197 1 484 144
276 619 890 1 625 858
277 291 495 1 296 457
278 219 924 1 218 888
279 584 327 1 596 283
280 56 981 1 55 943
281 336 1034 1 334 1000
282 284 1010 1 282 975
283 80 1056 1 77 1018
284 207 997 1 206 961
285 422 101 1 433 53
286 260 274 1 265 235
287 274 1235 1 270 1199
288 385 148 1 394 103
289 242 857 1 242 820
290 369 41 1 380 -10
291 164 39 1 171 -9
292 199 982 1 197 946
293 264 1228 1 260 1192
294 229 917 1 228 881
295 168 173 1 173 130
296 213 265 1 218 222
297 236 1221 1 233 1185
298 237 769 1 238 732
299 350 418 1 355 379
300 185 810 1 185 773
301 336 104 1 345 55
302 297 866 1 297 830
303 171 483 1 173 445
304 320 440 1 325 400
305 180 844 1 179 807
306 75 460 1 77 421
307 374 1212 1 372 1179
308 68 186 1 73 144
309 198 633 1 200 595
310 273 944 1 273 909
311 79 1215 1 75 1176
312 170 1065 1 167 1030
313 317 222 1 324 180
314 324 813 1 325 776
315 645 865 1 652 833
316 214 1208 1 208 1171
317 618 429 1 631 387
318 258 985 1 257 949
319 260 902 1 259 867
320 343 782 1 344 747
321 241 947 1 240 912
322 54 1250 1 50 1212
323 197 238 1 203 195
324 278 1112 1 275 1076
325 194 697 1 195 660
326 179 76 1 186 29
327 166 879 1 165 842
328 341 1020 1 339 985
329 136 937 1 134 900
330 100 720 1 102 681
331 296 412 1 300 372
332 580 358 1 593 314
333 322 464 1 327 425
334 290 160 1 298 114
335 353 1220 1 350 1185
336 439 363 1 448 318
337 284 998 1 283 962
338 247 27 1 255 -18
339 180 583 1 182 545
340 189 187 1 196 144
341 305 759 1 307 723
342 345 138 1 352 92
343 236 1206 1 232 1169
344 288 55 1 297 4
345 246 839 1 246 802
346 161 1052 1 158 1016
347 514 321 1 524 276
348 155 1062 1 152 1025
349 327 1009 1 326 974
350 163 105 1 169 59
351 433 41 1 445 -8
352 368 102 1 377 53
353 336 51 1 345 0
354 190 135 1 196 90
355 199 178 1 206 134
356 480 884 1 483 850
357 595 878 1 601 845
358 193 167 1 199 122
359 276 1201 1 271 1165
360 246 771 1 247 735
361 244 1025 1 241 988
362 247 734 1 249 697
363 340 61 1 350 9
364 448 899 1 451 864
365 641 911 1 648 880
366 202 596 1 204 558
367 242 990 1 241 953
368 564 891 1 569 859
369 225 821 1 225 784
370 505 843 1 509 809
371 281 985 1 280 950
372 298 1206 1 294 1171
373 332 1019 1 330 985
374 415 414 1 421 372
375 120 1199 1 116 1162
376 473 60 1 486 10
377 275 335 1 279 292
378 176 604 1 178 566
379 339 146 1 347 100
380 288 777 1 289 742
381 233 1235 1 228 1197
382 631 273 1 647 225
383 250 1123 1 247 1086
384 321 156 1 329 109
385 431 205 1 443 152
386 224 983 1 222 947
387 131 267 1 132 227
388 287 64 1 296 13
389 253 1049 1 250 1012
390 264 1162 1 261 1125
391 435 1216 1 433 1184
392 149 1205 1 145 1168
393 131 1211 1 126 1174
394 617 871 1 623 838
395 273 489 1 277 449
396 373 339 1 380 294
397 494 337 1 504 293
398 432 751 1 436 715
399 388 405 1 394 364
400 174 785 1 175 748
401 382 340 1 389 296
402 594 400 1 607 357
403 183 971 1 181 934
404 205 932 1 203 896
405 379 111 1 389 62
406 205 202 1 211 158
407 428 786 1 430 751
408 670 863 1 680 831
409 92 736 1 93 699
410 244 241 1 250 200
411 211 576 1 214 538
412 614 383 1 627 340
413 520 886 1 523 853
414 185 346 1 188 307
415 177 1054 1 175 1017
416 146 161 1 151 117
417 285 1206 1 281 1171
418 303 314 1 309 270
419 170 456 1 172 417
420 216 898 1 215 862
421 364 51 1 375 0
422 257 1037 1 256 1002
423 413 212 1 424 160
424 289 46 1 299 -5
425 464 968 1 466 936
426 195 832 1 194 795
427 229 846 1 229 810
428 338 1008 1 336 973
429 448 824 1 452 788
430 379 1179 1 377 1146
431 197 960 1 196 924
432 176 643 1 177 606
433 255 1021 1 252 985
434 450 747 1 454 711
435 294 169 1 301 123
436 170 1200 1 167 1163
437 634 808 1 642 774
438 83 980 1 81 942
439 206 606 1 209 567
440 293 1023 1 292 988
441 315 798 1 316 763
442 302 98 1 311 49
443 667 444 1 682 402
444 252 242 1 258 202
445 493 321 1 504 275
446 249 1137 1 245 1101
447 196 850 1 196 814
448 233 832 1 233 795
449 264 1104 1 263 1067
450 184 820 1 184 783
451 179 879 1 178 843
452 331 165 1 339 118
453 89 1094 1 86 1056
454 504 293 1 515 244
455 121 761 1 121 723
456 456 903 1 459 869
457 83 909 1 82 872
458 345 156 1 353 111
459 233 1003 1 231 967
460 348 204 1 355 162
461 83 1066 1 80 1029
462 681 1044 1 688 1016
463 269 984 1 267 948
464 309 335 1 314 292
465 366 62 1 377 10
466 487 1199 1 485 1168
467 183 454 1 186 416
468 185 938 1 185 902
469 594 859 1 599 826
470 169 719 1 170 682
471 106 1202 1 102 1165
472 442 748 1 447 712
473 239 1014 1 238 979
474 309 245 1 316 203
475 276 400 1 281 360
476 416 756 1 419 720
477 170 55 1 178 8
478 145 1184 1 141 1146
479 372 1202 1 369 1169
480 229 779 1 230 742
481 215 912 1 215 876
482 564 360 1 575 316
483 186 1095 1 184 1058
484 461 41 1 474 -8
485 233 855 1 233 819
486 136 139 1 141 94
487 509 285 1 521 236
488 204 883 1 204 847
489 347 352 1 354 307
490 310 1008 1 310 972
491 288 897 1 287 861
492 204 1208 1 200 1172
493 275 1254 1 271 1218
