0 443 334 1 456 312
1 284 764 1 292 751
2 272 1008 1 279 997
3 394 1198 1 403 1190
4 346 885 1 354 873
5 333 365 1 341 348
6 531 173 1 546 147
7 300 107 1 310 82
8 67 570 1 74 555
9 90 1081 1 96 1069
10 416 396 1 428 378
11 358 971 1 366 960
12 327 832 1 335 820
13 381 144 1 391 122
14 394 370 1 404 351
15 343 792 1 350 777
16 328 815 1 336 802
17 266 1144 1 272 1133
18 298 1017 1 305 1006
19 253 855 1 259 842
20 68 612 1 74 598
21 359 994 1 367 982
22 330 331 1 340 310
23 384 370 1 395 351
24 393 1122 1 401 1113
25 64 480 1 71 465
26 328 856 1 335 843
27 92 1094 1 97 1082
28 68 628 1 75 615
29 524 335 1 538 312
30 337 160 1 346 141
31 253 475 1 262 462
32 343 802 1 351 790
33 599 859 1 615 848
34 345 842 1 353 830
35 280 1036 1 286 1025
36 285 743 1 293 730
37 92 1119 1 98 1107
38 45 1187 1 50 1175
39 195 477 1 202 462
40 366 397 1 376 377
41 412 282 1 427 253
42 105 1203 1 110 1192
43 374 370 1 384 350
44 504 834 1 516 822
45 414 208 1 428 177
46 417 376 1 428 356
47 363 1030 1 370 1020
48 294 140 1 305 118
49 252 412 1 260 399
50 199 628 1 206 614
51 366 385 1 375 365
52 481 184 1 498 154
53 263 993 1 270 981
54 76 695 1 83 681
55 548 857 1 561 845
56 347 908 1 356 896
57 348 1027 1 354 1016
58 438 358 1 450 337
59 547 839 1 561 826
60 314 148 1 323 126
61 318 365 1 327 350
62 360 1115 1 368 1105
63 637 113 1 657 81
64 417 387 1 428 367
65 654 213 1 675 184
66 343 450 1 352 434
67 362 408 1 374 389
68 344 833 1 351 821
69 95 1045 1 101 1032
70 318 158 1 328 139
71 401 1168 1 410 1160
72 464 849 1 476 837
73 276 673 1 283 661
74 70 680 1 76 667
75 376 1123 1 383 1115
76 107 1244 1 112 1233
77 69 665 1 76 651
78 286 911 1 293 899
79 213 838 1 222 826
80 258 713 1 266 699
81 383 281 1 396 253
82 253 457 1 261 443
83 463 833 1 474 820
84 94 1057 1 99 1045
85 252 306 1 259 291
86 481 335 1 494 311
87 530 834 1 545 822
88 492 833 1 503 819
89 273 894 1 280 882
90 56 58 1 64 40
91 305 262 1 314 241
92 336 884 1 344 873
93 66 516 1 72 501
94 57 111 1 65 94
95 330 268 1 341 246
96 66 530 1 72 518
97 55 73 1 63 56
98 274 1249 1 279 1238
99 255 698 1 263 685
100 39 1123 1 44 1111
101 353 390 1 363 370
102 611 275 1 631 247
103 251 888 1 259 876
104 333 419 1 341 403
105 200 608 1 207 595
106 296 724 1 303 712
107 39 1081 1 45 1069
108 424 38 1 437 11
109 69 355 1 73 339
110 416 406 1 427 388
111 197 459 1 204 445
112 282 1007 1 289 996
113 365 1011 1 374 999
114 504 852 1 517 840
115 352 401 1 362 382
116 472 335 1 485 312
117 98 1213 1 103 1201
118 27 901 1 33 889
119 333 875 1 341 863
120 307 96 1 317 71
121 195 113 1 203 94
122 319 973 1 327 962
123 253 920 1 259 908
124 285 1138 1 290 1127
125 47 1208 1 52 1197
126 530 851 1 545 839
127 70 710 1 77 696
128 549 931 1 563 920
129 341 460 1 346 446
130 254 262 1 263 245
131 261 970 1 266 957
132 321 95 1 331 71
133 39 1098 1 44 1086
134 630 292 1 649 265
135 29 1081 1 34 1069
136 410 1167 1 419 1159
137 318 50 1 329 23
138 466 32 1 479 5
139 282 833 1 289 821
140 44 1173 1 49 1161
141 363 373 1 373 352
142 204 774 1 211 761
143 257 295 1 265 278
144 207 1078 1 213 1066
145 30 951 1 36 938
146 303 382 1 311 365
147 206 1094 1 213 1081
148 531 823 1 545 809
149 29 965 1 35 952
150 290 317 1 299 297
151 315 769 1 323 755
152 333 409 1 342 390
153 400 37 1 412 11
154 534 943 1 547 934
155 69 373 1 75 357
156 98 1223 1 103 1212
157 656 279 1 676 251
158 452 832 1 465 819
159 548 945 1 562 935
160 631 335 1 650 310
161 374 29 1 386 2
162 265 755 1 271 744
163 159 200 1 167 182
164 306 843 1 315 830
165 381 208 1 394 178
166 288 402 1 296 385
167 313 391 1 321 374
168 37 1209 1 42 1197
169 187 460 1 195 446
170 414 193 1 428 163
171 38 1140 1 44 1128
172 388 38 1 400 11
173 660 427 1 680 403
174 506 946 1 518 937
175 113 920 1 119 908
176 333 382 1 342 365
177 175 91 1 183 73
178 176 672 1 182 659
179 335 1254 1 341 1244
180 275 731 1 282 718
181 254 320 1 261 304
182 562 482 1 576 463
183 406 411 1 417 392
184 433 336 1 445 312
185 36 1051 1 41 1039
186 252 432 1 259 417
187 386 420 1 397 402
188 630 730 1 647 715
189 141 153 1 149 133
190 196 658 1 203 644
191 350 106 1 361 82
192 129 948 1 135 937
193 396 408 1 407 390
194 396 420 1 407 402
195 147 83 1 155 63
196 214 811 1 221 798
197 295 1176 1 301 1166
198 312 802 1 318 790
199 337 172 1 347 152
200 408 422 1 419 402
201 571 314 1 588 291
202 269 30 1 279 3
203 267 766 1 275 753
204 245 940 1 253 929
205 228 1114 1 234 1103
206 303 395 1 311 377
207 347 76 1 358 51
208 522 318 1 535 296
209 638 127 1 659 96
210 418 428 1 430 410
211 160 817 1 166 805
212 398 26 1 410 0
213 191 1089 1 197 1077
214 104 1152 1 109 1140
215 371 107 1 383 83
216 245 950 1 251 939
217 297 969 1 305 957
218 385 318 1 396 295
219 196 908 1 201 895
220 238 642 1 245 629
221 255 950 1 262 937
222 656 790 1 675 776
223 557 320 1 572 297
224 172 1185 1 176 1173
225 217 1094 1 222 1082
226 302 461 1 311 446
227 93 1139 1 99 1127
228 265 61 1 275 36
229 353 1232 1 360 1222
230 185 853 1 192 840
231 274 1105 1 279 1096
232 274 742 1 282 729
233 128 932 1 134 921
234 187 168 1 194 148
235 217 774 1 224 761
236 272 1226 1 278 1216
237 303 139 1 314 117
238 591 928 1 606 917
239 408 1184 1 417 1175
240 361 362 1 372 342
241 268 318 1 277 297
242 226 1078 1 231 1066
243 426 363 1 438 342
244 312 711 1 319 697
245 508 323 1 522 301
246 230 757 1 238 744
247 659 241 1 680 213
248 458 918 1 470 906
249 96 1067 1 101 1055
250 470 189 1 485 158
251 205 806 1 212 794
252 648 89 1 669 56
253 68 456 1 75 441
254 226 112 1 234 94
255 275 1213 1 282 1203
256 24 932 1 29 919
257 581 942 1 596 932
258 241 902 1 248 889
259 395 762 1 405 748
260 333 1027 1 340 1016
261 396 361 1 407 341
262 308 166 1 317 149
263 379 744 1 388 730
264 396 380 1 407 361
265 362 85 1 373 61
266 669 788 1 688 775
267 347 977 1 356 965
268 604 308 1 622 283
269 216 1078 1 222 1065
270 578 273 1 597 245
271 382 771 1 391 758
272 266 1215 1 272 1205
273 189 55 1 197 37
274 273 1203 1 279 1193
275 460 188 1 477 158
276 601 869 1 616 857
277 284 475 1 294 459
278 301 512 1 310 497
279 266 675 1 273 662
280 47 955 1 53 942
281 324 1009 1 331 998
282 273 985 1 279 973
283 70 1029 1 76 1017
284 273 1180 1 278 1168
285 416 86 1 428 62
286 255 251 1 262 237
287 379 132 1 390 110
288 233 833 1 240 820
289 364 27 1 376 0
290 433 320 1 445 297
291 188 957 1 195 945
292 251 1201 1 257 1190
293 219 892 1 225 880
294 353 1241 1 360 1232
295 208 244 1 216 226
296 225 1193 1 231 1182
297 274 1239 1 279 1228
298 177 786 1 183 773
299 331 88 1 342 64
300 287 842 1 294 830
301 164 460 1 171 446
302 312 419 1 322 403
303 171 819 1 177 807
304 68 437 1 75 422
305 360 1183 1 368 1175
306 63 162 1 71 145
307 190 610 1 197 596
308 263 920 1 270 908
309 68 1186 1 73 1175
310 137 68 1 144 48
311 313 789 1 322 776
312 626 844 1 643 832
313 202 1181 1 206 1169
314 604 417 1 622 394
315 248 960 1 255 948
316 250 877 1 257 866
317 333 759 1 341 747
318 231 923 1 237 911
319 44 1221 1 49 1209
320 266 1086 1 272 1074
321 186 673 1 192 660
322 156 854 1 163 841
323 329 994 1 336 983
324 126 911 1 132 899
325 688 915 1 709 905
326 93 695 1 100 682
327 289 392 1 298 375
328 569 345 1 585 322
329 315 444 1 324 428
330 285 143 1 295 120
331 340 1192 1 347 1182
332 273 973 1 281 961
333 334 1233 1 340 1222
334 296 737 1 304 723
335 228 745 1 235 732
336 339 122 1 349 99
337 224 1179 1 230 1167
338 284 40 1 294 14
339 237 815 1 244 802
340 151 1026 1 157 1014
341 503 309 1 517 285
342 144 1036 1 150 1023
343 262 1175 1 268 1163
344 316 983 1 323 972
345 158 83 1 167 63
346 427 29 1 440 1
347 240 1131 1 245 1119
348 173 131 1 181 113
349 330 37 1 341 10
350 186 115 1 194 95
351 196 158 1 203 138
352 578 856 1 593 844
353 237 746 1 245 735
354 233 999 1 239 987
355 239 711 1 247 697
356 335 47 1 346 20
357 435 876 1 446 863
358 188 124 1 196 104
359 622 890 1 638 878
360 677 666 1 698 649
361 232 965 1 238 952
362 419 51 1 431 24
363 163 152 1 171 134
364 548 870 1 562 858
365 216 797 1 223 784
366 491 821 1 503 808
367 271 961 1 277 949
368 286 1178 1 292 1168
369 176 235 1 184 214
370 320 994 1 327 983
371 407 396 1 416 377
372 109 1171 1 114 1160
373 466 48 1 480 21
374 334 129 1 344 107
375 279 753 1 286 741
376 220 1208 1 226 1196
377 617 266 1 637 237
378 239 1097 1 245 1085
379 147 66 1 154 47
380 422 196 1 437 166
381 213 959 1 220 946
382 283 48 1 293 23
383 242 1023 1 248 1011
384 253 1134 1 259 1123
385 419 1186 1 428 1179
386 138 1177 1 144 1165
387 120 1183 1 124 1172
388 599 849 1 615 837
389 266 468 1 274 451
390 567 451 1 582 430
391 365 324 1 376 302
392 484 323 1 498 300
393 420 730 1 431 716
394 160 1040 1 165 1028
395 316 138 1 326 116
396 166 761 1 172 748
397 374 325 1 385 303
398 582 387 1 598 365
399 172 945 1 179 933
400 268 47 1 277 22
401 374 95 1 385 71
402 273 1167 1 281 1156
403 416 764 1 426 751
404 650 843 1 669 831
405 84 712 1 91 699
406 239 218 1 247 202
407 145 51 1 153 34
408 601 371 1 618 348
409 504 864 1 517 852
410 179 324 1 185 308
411 166 1028 1 173 1016
412 141 140 1 149 121
413 297 298 1 306 276
414 295 62 1 305 38
415 206 874 1 213 862
416 358 38 1 371 10
417 247 1012 1 253 1000
418 404 203 1 418 173
419 448 943 1 460 933
420 185 808 1 192 795
421 436 802 1 447 788
422 365 1151 1 373 1143
423 187 935 1 194 923
424 168 621 1 175 606
425 244 996 1 250 984
426 438 727 1 449 712
427 159 1172 1 165 1161
428 616 788 1 633 775
429 74 954 1 79 941
430 199 582 1 206 568
431 282 998 1 289 987
432 298 125 1 308 102
433 305 775 1 313 762
434 651 434 1 671 410
435 355 150 1 365 128
436 247 220 1 255 204
437 483 308 1 498 284
438 419 342 1 432 319
439 237 1111 1 243 1099
440 188 826 1 194 813
441 224 808 1 230 795
442 253 1078 1 260 1066
443 176 796 1 182 783
444 243 1181 1 249 1169
445 326 147 1 336 125
446 79 1067 1 84 1055
447 189 895 1 195 882
448 442 880 1 454 868
449 75 884 1 81 871
450 340 139 1 350 117
451 222 978 1 228 966
452 343 185 1 352 166
453 73 1040 1 78 1027
454 659 1020 1 677 1011
455 258 959 1 265 947
456 361 48 1 373 21
457 469 1169 1 480 1162
458 176 431 1 184 417
459 176 913 1 183 901
460 577 837 1 591 825
461 161 696 1 168 683
462 97 1174 1 101 1163
463 430 727 1 442 713
464 229 989 1 235 977
465 304 225 1 313 207
466 270 380 1 278 363
467 405 734 1 415 720
468 358 1173 1 365 1165
469 220 755 1 228 742
470 204 887 1 212 875
471 553 347 1 568 324
472 175 1068 1 182 1057
473 455 29 1 469 2
474 224 831 1 230 819
475 131 118 1 139 98
476 497 276 1 513 248
477 195 859 1 202 846
478 299 983 1 307 971
479 278 873 1 285 861
480 192 1181 1 198 1170
481 262 1225 1 268 1215
