0 454 320 1 459 308
1 293 743 1 294 742
2 279 987 1 281 987
3 399 1175 1 402 1179
4 355 865 1 356 864
5 355 1006 1 355 1007
6 543 159 1 549 145
7 314 90 1 316 78
8 79 548 1 79 546
9 344 346 1 345 341
10 99 1058 1 98 1059
11 428 379 1 431 373
12 365 950 1 367 951
13 336 812 1 337 812
14 394 127 1 396 117
15 406 353 1 407 345
16 352 772 1 353 769
17 336 795 1 338 794
18 273 1121 1 273 1123
19 306 995 1 306 996
20 261 834 1 261 833
21 79 590 1 78 589
22 366 973 1 368 973
23 395 352 1 399 345
24 398 1100 1 401 1103
25 76 459 1 76 456
26 336 835 1 337 835
27 343 314 1 344 305
28 100 1070 1 99 1071
29 264 455 1 266 453
30 352 782 1 353 781
31 604 841 1 614 840
32 353 822 1 355 822
33 287 1015 1 287 1015
34 294 723 1 296 722
35 100 1095 1 100 1097
36 53 1162 1 52 1164
37 207 456 1 206 454
38 424 268 1 430 252
39 112 1179 1 111 1181
40 385 352 1 388 344
41 511 816 1 516 815
42 426 195 1 431 176
43 428 359 1 431 351
44 370 1009 1 371 1011
45 80 609 1 79 606
46 264 393 1 265 391
47 210 607 1 209 605
48 377 368 1 379 360
49 493 171 1 501 154
50 270 971 1 271 972
51 375 380 1 379 372
52 86 673 1 86 671
53 554 838 1 561 837
54 355 887 1 358 887
55 449 342 1 453 333
56 553 821 1 560 819
57 327 131 1 328 121
58 366 1093 1 368 1095
59 648 101 1 659 82
60 428 370 1 432 362
61 664 201 1 676 183
62 373 390 1 377 384
63 103 1022 1 103 1022
64 331 140 1 333 133
65 406 1145 1 410 1150
66 471 830 1 477 829
67 286 653 1 286 653
68 81 659 1 80 658
69 381 1101 1 383 1105
70 114 1219 1 114 1221
71 80 643 1 79 642
72 373 989 1 375 990
73 294 889 1 295 890
74 223 816 1 224 817
75 268 692 1 269 691
76 395 267 1 399 251
77 265 437 1 265 435
78 470 814 1 474 812
79 355 431 1 356 427
80 102 1033 1 101 1035
81 265 286 1 264 283
82 492 320 1 496 307
83 537 816 1 544 815
84 499 814 1 503 812
85 282 873 1 282 873
86 70 36 1 70 32
87 318 243 1 318 235
88 345 864 1 346 865
89 78 495 1 76 493
90 71 90 1 71 85
91 343 252 1 346 241
92 78 509 1 76 509
93 69 52 1 70 47
94 279 1224 1 280 1227
95 265 678 1 266 677
96 47 1099 1 46 1100
97 364 372 1 366 364
98 621 263 1 632 247
99 260 867 1 261 867
100 345 400 1 345 396
101 211 588 1 211 586
102 306 704 1 306 703
103 48 1058 1 47 1059
104 82 334 1 78 331
105 427 390 1 431 383
106 349 142 1 351 135
107 209 439 1 208 436
108 290 986 1 291 987
109 331 347 1 331 343
110 510 833 1 517 832
111 364 383 1 366 376
112 483 320 1 487 309
113 106 1188 1 105 1190
114 37 878 1 36 879
115 342 854 1 343 855
116 321 79 1 323 67
117 534 321 1 540 309
118 327 952 1 328 953
119 262 898 1 261 899
120 292 1115 1 291 1117
121 55 1183 1 54 1185
122 536 832 1 544 831
123 81 688 1 80 686
124 555 912 1 562 912
125 268 241 1 268 238
126 269 949 1 268 948
127 335 78 1 336 67
128 48 1074 1 46 1075
129 640 279 1 650 264
130 37 1057 1 36 1058
131 415 1145 1 418 1149
132 332 34 1 335 20
133 291 813 1 291 812
134 52 1148 1 51 1150
135 283 1084 1 280 1086
136 374 356 1 377 347
137 214 753 1 214 752
138 270 275 1 270 271
139 214 1056 1 214 1057
140 39 928 1 39 928
141 315 363 1 315 359
142 214 1071 1 214 1072
143 538 804 1 545 802
144 38 942 1 37 942
145 302 299 1 304 291
146 325 749 1 326 747
147 344 390 1 346 383
148 540 924 1 546 926
149 82 352 1 80 348
150 106 1198 1 104 1200
151 665 268 1 677 251
152 460 813 1 465 811
153 553 925 1 560 927
154 640 322 1 651 308
155 274 735 1 273 735
156 172 181 1 172 175
157 314 822 1 317 821
158 393 194 1 398 177
159 300 384 1 300 379
160 325 372 1 325 367
161 45 1184 1 44 1186
162 199 440 1 199 437
163 427 179 1 431 162
164 47 1116 1 46 1117
165 668 414 1 680 401
166 511 926 1 517 929
167 123 898 1 121 898
168 346 364 1 346 358
169 186 651 1 185 650
170 340 1230 1 342 1233
171 285 711 1 285 710
172 267 300 1 266 297
173 571 466 1 578 459
174 417 394 1 420 387
175 444 320 1 448 309
176 402 24 1 405 8
177 45 1028 1 44 1028
178 264 412 1 264 409
179 398 403 1 401 397
180 636 714 1 646 710
181 154 134 1 154 126
182 438 24 1 441 8
183 138 925 1 137 927
184 408 391 1 411 384
185 364 90 1 367 78
186 161 63 1 161 56
187 223 790 1 223 789
188 301 1153 1 301 1156
189 321 782 1 320 782
190 351 153 1 352 146
191 419 406 1 422 397
192 581 300 1 590 289
193 276 745 1 277 744
194 253 919 1 255 919
195 236 1092 1 235 1093
196 315 376 1 315 370
197 361 59 1 363 47
198 210 95 1 209 87
199 533 303 1 538 293
200 649 116 1 661 96
201 429 412 1 433 405
202 169 795 1 169 796
203 199 1066 1 198 1067
204 112 1128 1 111 1129
205 385 90 1 388 79
206 253 928 1 253 929
207 305 948 1 306 948
208 397 303 1 399 291
209 204 886 1 203 886
210 249 622 1 248 621
211 263 928 1 264 928
212 661 774 1 672 770
213 279 1202 1 279 1205
214 567 305 1 574 294
215 179 1161 1 178 1163
216 224 1072 1 223 1072
217 313 442 1 315 439
218 280 43 1 281 31
219 358 1208 1 360 1211
220 194 832 1 194 831
221 284 722 1 285 721
222 137 910 1 137 911
223 200 148 1 199 141
224 226 753 1 227 752
225 317 121 1 319 112
226 596 909 1 604 909
227 413 1161 1 417 1164
228 373 346 1 375 337
229 280 299 1 281 291
230 233 1055 1 232 1056
231 438 347 1 442 337
232 322 691 1 322 689
233 520 308 1 525 297
234 240 736 1 241 735
235 669 229 1 681 212
236 465 898 1 470 897
237 104 1044 1 103 1045
238 482 177 1 488 158
239 215 785 1 215 785
240 660 77 1 671 57
241 80 435 1 79 432
242 240 93 1 240 86
243 281 1189 1 282 1192
244 33 909 1 32 909
245 586 923 1 594 924
246 250 880 1 250 880
247 404 743 1 407 741
248 341 1005 1 341 1006
249 407 344 1 410 336
250 321 148 1 322 142
251 102 1115 1 101 1116
252 407 362 1 411 356
253 376 68 1 378 57
254 673 772 1 686 769
255 355 956 1 357 956
256 615 294 1 624 281
257 223 1055 1 223 1056
258 588 261 1 598 244
259 391 752 1 393 750
260 272 1192 1 272 1194
261 203 35 1 203 29
262 279 1180 1 280 1182
263 606 851 1 615 850
264 295 456 1 297 452
265 276 655 1 276 654
266 57 932 1 56 932
267 331 988 1 332 989
268 79 1006 1 78 1007
269 279 1156 1 279 1158
270 430 70 1 433 58
271 268 232 1 267 229
272 393 115 1 395 105
273 242 812 1 242 811
274 444 304 1 448 293
275 197 935 1 197 935
276 258 1178 1 258 1180
277 228 871 1 228 871
278 359 1217 1 360 1221
279 220 224 1 221 219
280 231 1169 1 231 1172
281 280 1214 1 280 1217
282 186 765 1 186 764
283 344 72 1 347 59
284 296 822 1 296 821
285 176 440 1 175 437
286 324 401 1 326 396
287 180 797 1 180 797
288 81 416 1 80 413
289 366 1160 1 368 1164
290 77 141 1 77 137
291 201 589 1 201 587
292 272 899 1 272 899
293 76 1162 1 75 1164
294 150 47 1 151 41
295 323 769 1 325 768
296 631 827 1 641 825
297 209 1157 1 207 1158
298 613 403 1 622 391
299 256 938 1 257 939
300 258 856 1 259 857
301 342 739 1 344 739
302 414 24 1 417 8
303 52 1195 1 50 1198
304 273 1064 1 274 1065
305 196 652 1 196 651
306 80 1016 1 80 1017
307 166 832 1 166 832
308 337 973 1 337 974
309 135 888 1 135 889
310 691 897 1 705 897
311 103 674 1 103 673
312 301 373 1 302 368
313 391 725 1 391 723
314 579 331 1 587 319
315 327 426 1 328 421
316 299 125 1 300 115
317 346 1170 1 347 1172
318 281 951 1 282 952
319 340 1210 1 341 1212
320 306 716 1 307 715
321 238 724 1 238 723
322 352 105 1 354 94
323 231 1155 1 231 1157
324 246 794 1 246 793
325 407 403 1 410 396
326 159 1003 1 159 1004
327 514 295 1 520 282
328 153 1013 1 152 1014
329 269 1152 1 269 1153
330 323 962 1 324 963
331 247 1108 1 246 1109
332 186 112 1 187 106
333 200 95 1 200 88
334 584 838 1 592 837
335 247 725 1 248 726
336 241 978 1 241 977
337 249 690 1 250 689
338 349 31 1 352 16
339 442 856 1 447 855
340 202 105 1 202 98
341 626 872 1 636 871
342 682 651 1 695 645
343 240 943 1 240 943
344 432 35 1 436 21
345 177 133 1 177 126
346 554 851 1 561 850
347 226 776 1 226 775
348 498 802 1 503 801
349 279 939 1 279 940
350 292 1155 1 292 1158
351 190 216 1 189 208
352 327 973 1 329 974
353 418 379 1 420 372
354 117 1147 1 116 1149
355 480 32 1 485 18
356 348 112 1 349 102
357 288 733 1 289 733
358 227 1184 1 227 1186
359 627 254 1 638 236
360 246 1074 1 246 1075
361 161 45 1 161 39
362 434 183 1 440 165
363 222 937 1 222 937
364 297 31 1 299 18
365 250 1001 1 250 1001
366 260 1111 1 260 1113
367 424 1163 1 428 1168
368 146 1153 1 145 1155
369 127 1159 1 126 1161
370 604 831 1 614 830
371 278 448 1 278 444
372 576 436 1 584 426
373 377 308 1 379 297
374 496 308 1 501 297
375 429 711 1 433 709
376 168 1017 1 167 1017
377 329 120 1 331 111
378 176 739 1 176 739
379 387 309 1 389 298
380 592 373 1 599 362
381 181 923 1 181 924
382 282 29 1 283 17
383 387 78 1 390 67
384 280 1144 1 282 1146
385 424 745 1 427 744
386 654 826 1 666 824
387 95 690 1 94 689
388 253 199 1 252 194
389 160 29 1 160 25
390 610 357 1 619 345
391 511 845 1 517 844
392 192 304 1 190 300
393 174 1006 1 175 1006
394 155 119 1 155 114
395 309 45 1 311 34
396 215 853 1 215 852
397 255 991 1 255 991
398 416 190 1 421 172
399 454 923 1 460 924
400 195 787 1 195 786
401 443 783 1 448 781
402 371 1128 1 373 1132
403 196 913 1 196 913
404 179 600 1 179 598
405 252 974 1 252 974
406 446 708 1 451 705
407 166 1148 1 166 1150
408 622 771 1 631 768
409 210 562 1 210 560
410 290 977 1 291 977
411 312 108 1 313 97
412 315 755 1 316 754
413 659 421 1 671 408
414 368 132 1 370 123
415 260 200 1 261 196
416 495 293 1 500 281
417 245 1088 1 244 1089
418 197 805 1 197 804
419 233 787 1 233 786
420 260 1056 1 261 1056
421 186 774 1 185 774
422 249 1157 1 250 1159
423 339 130 1 341 120
424 87 1044 1 86 1045
425 198 873 1 198 872
426 449 860 1 454 860
427 84 861 1 83 862
428 353 122 1 355 112
429 231 957 1 230 957
430 356 167 1 357 160
431 662 1001 1 674 1003
432 266 938 1 267 938
433 375 32 1 378 18
434 473 1146 1 479 1152
435 189 411 1 188 408
436 185 891 1 185 891
437 583 819 1 591 818
438 171 675 1 171 674
439 104 1149 1 102 1152
440 438 709 1 443 706
441 237 967 1 237 968
442 317 206 1 318 200
443 282 361 1 282 356
444 414 715 1 417 713
445 363 1150 1 365 1154
446 230 734 1 231 733
447 213 866 1 215 866
448 564 333 1 570 321
449 183 1045 1 183 1047
450 233 810 1 233 810
451 145 97 1 145 91
452 507 263 1 515 247
453 204 837 1 205 837
454 307 962 1 309 962
455 199 1158 1 199 1159
456 269 1201 1 269 1204
