0 451 320 1 457 312
1 289 741 1 293 744
2 273 984 1 280 988
3 391 1172 1 401 1179
4 349 862 1 355 866
5 348 1003 1 354 1008
6 541 161 1 547 150
7 312 90 1 315 81
8 75 545 1 78 548
9 92 1054 1 97 1060
10 424 379 1 430 375
11 359 948 1 366 953
12 393 127 1 395 120
13 331 141 1 332 136
14 346 769 1 352 770
15 331 792 1 338 795
16 266 1117 1 272 1124
17 77 604 1 79 608
18 299 992 1 306 997
19 256 831 1 261 835
20 75 587 1 78 590
21 359 970 1 368 974
22 392 352 1 397 348
23 391 1097 1 399 1104
24 73 455 1 75 458
25 331 833 1 336 836
26 340 313 1 343 309
27 93 1067 1 98 1073
28 261 452 1 265 455
29 347 780 1 352 783
30 597 841 1 611 842
31 348 820 1 354 823
32 281 1011 1 286 1016
33 290 720 1 295 723
34 93 1091 1 99 1098
35 46 1157 1 51 1165
36 204 454 1 205 456
37 331 809 1 336 813
38 420 269 1 428 256
39 382 352 1 387 347
40 504 814 1 514 816
41 424 196 1 429 181
42 425 359 1 430 354
43 363 1006 1 370 1011
44 360 1090 1 367 1096
45 261 390 1 264 393
46 206 604 1 208 607
47 374 368 1 378 363
48 490 173 1 498 159
49 264 968 1 271 973
50 372 379 1 378 375
51 82 670 1 86 673
52 547 837 1 559 839
53 349 885 1 357 888
54 446 343 1 451 336
55 546 819 1 558 821
56 325 130 1 327 124
57 645 105 1 655 87
58 424 370 1 430 365
59 661 204 1 672 188
60 370 390 1 376 387
61 97 1018 1 102 1023
62 399 1142 1 409 1150
63 465 829 1 475 831
64 281 651 1 286 654
65 374 1099 1 382 1105
66 342 252 1 344 245
67 77 655 1 79 659
68 107 1215 1 113 1222
69 76 639 1 79 643
70 366 986 1 374 991
71 288 887 1 294 891
72 264 690 1 268 692
73 392 268 1 398 256
74 262 434 1 264 437
75 464 813 1 473 814
76 351 429 1 355 429
77 96 1029 1 101 1036
78 262 284 1 263 285
79 488 320 1 494 311
80 531 815 1 542 816
81 493 813 1 502 813
82 276 871 1 282 874
83 69 33 1 70 34
84 316 242 1 317 237
85 339 861 1 345 866
86 75 492 1 76 494
87 70 86 1 70 88
88 74 506 1 75 510
89 68 48 1 69 49
90 272 1221 1 279 1228
91 261 676 1 266 678
92 40 1094 1 45 1101
93 361 371 1 365 367
94 617 266 1 628 251
95 254 864 1 260 868
96 320 80 1 321 71
97 341 399 1 344 399
98 207 585 1 210 588
99 301 701 1 306 705
100 42 1053 1 46 1060
101 80 330 1 78 333
102 424 389 1 429 385
103 347 141 1 350 138
104 206 436 1 208 438
105 328 346 1 330 345
106 342 346 1 344 344
107 504 832 1 515 834
108 480 321 1 486 312
109 99 1184 1 104 1191
110 32 875 1 36 880
111 336 852 1 342 856
112 530 322 1 538 312
113 321 949 1 327 954
114 256 896 1 261 900
115 285 1112 1 291 1118
116 49 1178 1 54 1186
117 530 831 1 542 833
118 77 684 1 80 688
119 548 910 1 560 913
120 266 239 1 268 239
121 263 946 1 268 949
122 41 1070 1 46 1076
123 636 282 1 647 268
124 31 1053 1 36 1059
125 408 1142 1 417 1150
126 331 34 1 334 24
127 286 810 1 291 813
128 46 1143 1 51 1151
129 276 1081 1 280 1087
130 371 355 1 375 350
131 209 750 1 213 753
132 268 273 1 269 273
133 208 1053 1 214 1058
134 34 924 1 38 929
135 312 362 1 315 361
136 207 1068 1 213 1073
137 296 383 1 299 381
138 532 803 1 543 804
139 33 937 1 37 943
140 300 298 1 303 294
141 320 747 1 325 749
142 105 1174 1 111 1182
143 341 389 1 345 385
144 532 922 1 544 927
145 80 349 1 80 350
146 99 1194 1 104 1201
147 217 816 1 223 818
148 661 270 1 673 255
149 454 811 1 464 813
150 546 924 1 558 928
151 636 324 1 648 312
152 269 732 1 273 736
153 171 179 1 172 177
154 309 820 1 316 823
155 390 196 1 396 182
156 322 371 1 325 369
157 38 1179 1 43 1187
158 196 438 1 198 439
159 40 1111 1 45 1118
160 663 416 1 677 405
161 504 925 1 515 930
162 118 894 1 121 900
163 343 362 1 345 361
164 182 648 1 185 652
165 333 1227 1 341 1234
166 280 709 1 285 711
167 264 298 1 265 298
168 567 466 1 576 461
169 414 394 1 419 389
170 440 321 1 446 312
171 401 24 1 404 13
172 39 1023 1 43 1030
173 261 410 1 263 411
174 394 402 1 399 399
175 349 957 1 357 957
176 629 714 1 643 712
177 153 131 1 154 128
178 436 25 1 440 13
179 133 922 1 137 928
180 404 390 1 409 387
181 362 90 1 365 81
182 160 60 1 160 58
183 218 787 1 223 791
184 294 1150 1 301 1157
185 316 779 1 319 783
186 349 152 1 351 149
187 416 405 1 421 400
188 578 302 1 587 292
189 272 743 1 277 746
190 248 916 1 254 921
191 333 79 1 335 70
192 229 1089 1 234 1094
193 312 374 1 314 373
194 360 59 1 362 51
195 209 92 1 208 90
196 529 304 1 535 297
197 646 119 1 658 102
198 426 411 1 432 407
199 164 792 1 168 797
200 193 1063 1 198 1068
201 105 1124 1 111 1130
202 383 90 1 387 83
203 248 925 1 253 931
204 299 945 1 305 949
205 394 303 1 398 295
206 199 883 1 203 887
207 245 620 1 247 622
208 257 925 1 263 929
209 653 773 1 669 772
210 271 1198 1 278 1206
211 564 307 1 572 297
212 172 1157 1 177 1164
213 218 1068 1 223 1073
214 310 441 1 314 441
215 278 43 1 280 35
216 351 1205 1 359 1212
217 189 828 1 194 832
218 279 719 1 285 722
219 132 906 1 136 912
220 198 146 1 199 143
221 221 750 1 226 753
222 316 121 1 318 115
223 588 908 1 602 910
224 405 1158 1 416 1165
225 365 1127 1 372 1133
226 278 298 1 280 294
227 227 1052 1 232 1057
228 435 347 1 440 340
229 317 688 1 321 691
230 516 309 1 523 301
231 235 734 1 240 737
232 665 232 1 677 217
233 433 181 1 438 170
234 458 896 1 468 899
235 98 1040 1 102 1046
236 479 179 1 486 163
237 210 782 1 214 786
238 656 81 1 667 63
239 77 431 1 79 434
240 274 1186 1 282 1193
241 28 905 1 32 910
242 579 922 1 592 925
243 244 877 1 250 881
244 399 742 1 406 742
245 334 1002 1 341 1007
246 404 344 1 409 339
247 320 147 1 321 144
248 95 1111 1 100 1117
249 404 362 1 409 358
250 375 68 1 377 61
251 666 771 1 683 771
252 610 296 1 621 285
253 217 1052 1 223 1057
254 585 263 1 595 249
255 385 750 1 392 752
256 265 1188 1 271 1195
257 202 33 1 202 32
258 272 1176 1 279 1183
259 599 850 1 612 851
260 292 454 1 297 454
261 271 652 1 275 656
262 51 928 1 55 933
263 325 985 1 331 990
264 73 1002 1 78 1008
265 272 1153 1 279 1159
266 428 70 1 432 62
267 266 230 1 267 231
268 391 114 1 394 108
269 237 808 1 242 812
270 441 304 1 447 297
271 191 931 1 196 937
272 251 1174 1 258 1181
273 222 868 1 227 873
274 351 1214 1 359 1221
275 219 223 1 220 221
276 224 1166 1 231 1173
277 272 1211 1 279 1218
278 181 762 1 185 765
279 343 72 1 346 63
280 291 819 1 296 822
281 321 399 1 325 398
282 175 794 1 179 799
283 78 412 1 79 415
284 358 1157 1 367 1165
285 75 138 1 76 139
286 197 586 1 200 589
287 266 896 1 271 900
288 69 1157 1 74 1165
289 423 181 1 429 167
290 150 45 1 150 43
291 317 767 1 324 769
292 624 826 1 638 826
293 202 1153 1 207 1159
294 608 404 1 620 395
295 250 935 1 256 940
296 253 853 1 258 859
297 337 737 1 343 740
298 413 25 1 416 12
299 45 1191 1 50 1199
300 266 1061 1 273 1066
301 192 649 1 195 653
302 74 1012 1 80 1018
303 161 829 1 165 833
304 331 971 1 336 975
305 130 885 1 134 891
306 683 896 1 701 898
307 99 670 1 103 674
308 298 371 1 301 370
309 385 723 1 389 724
310 575 332 1 584 323
311 324 424 1 327 423
312 297 125 1 299 118
313 339 1167 1 347 1173
314 275 948 1 282 953
315 332 1207 1 340 1213
316 301 714 1 306 716
317 233 722 1 238 725
318 351 104 1 353 98
319 224 1151 1 230 1158
320 241 791 1 246 795
321 404 402 1 409 399
322 153 1000 1 158 1005
323 511 296 1 518 286
324 147 1009 1 151 1015
325 262 1148 1 269 1155
326 317 959 1 324 964
327 240 1105 1 246 1110
328 186 110 1 186 108
329 239 90 1 240 89
330 199 93 1 199 91
331 577 837 1 590 838
332 243 723 1 247 728
333 235 975 1 240 979
334 245 688 1 249 690
335 348 31 1 351 21
336 436 854 1 445 857
337 201 103 1 201 100
338 619 871 1 633 872
339 676 652 1 692 647
340 234 940 1 240 944
341 431 36 1 434 25
342 176 131 1 177 129
343 547 849 1 559 852
344 221 773 1 225 776
345 492 801 1 501 802
346 273 936 1 278 941
347 285 1152 1 292 1159
348 188 215 1 189 211
349 321 970 1 328 975
350 415 379 1 418 374
351 110 1142 1 115 1150
352 478 34 1 483 22
353 347 111 1 348 105
354 283 731 1 288 734
355 220 1181 1 226 1187
356 623 256 1 635 241
357 239 1071 1 245 1076
358 160 43 1 160 42
359 216 934 1 221 938
360 296 31 1 298 22
361 244 998 1 249 1002
362 253 1108 1 259 1114
363 416 1160 1 426 1169
364 139 1148 1 144 1156
365 121 1154 1 125 1162
366 597 830 1 611 832
367 274 446 1 278 446
368 572 437 1 581 429
369 173 437 1 175 439
370 492 309 1 499 300
371 424 710 1 431 711
372 162 1013 1 167 1018
373 327 120 1 330 114
374 171 736 1 175 740
375 384 309 1 387 302
376 587 374 1 597 366
377 176 920 1 181 925
378 281 29 1 282 21
379 386 79 1 389 70
380 273 1140 1 281 1147
381 419 743 1 426 746
382 647 825 1 663 826
383 91 687 1 94 691
384 370 345 1 374 340
385 159 27 1 159 27
386 606 359 1 616 349
387 504 844 1 515 845
388 189 301 1 190 302
389 168 1002 1 174 1007
390 154 117 1 154 117
391 308 45 1 310 37
392 209 850 1 215 854
393 249 988 1 254 992
394 413 191 1 420 177
395 447 921 1 458 925
396 190 784 1 195 788
397 437 781 1 446 782
398 190 910 1 196 914
399 175 597 1 178 600
400 246 971 1 251 976
401 440 707 1 449 707
402 159 1145 1 165 1151
403 615 771 1 629 770
404 284 974 1 290 978
405 310 107 1 312 101
406 309 753 1 315 756
407 654 422 1 668 412
408 366 132 1 369 126
409 258 198 1 260 198
410 490 294 1 498 285
411 238 1085 1 244 1090
412 192 802 1 196 805
413 228 784 1 232 787
414 254 1052 1 261 1057
415 181 771 1 185 775
416 242 1154 1 249 1160
417 338 129 1 340 123
418 81 1040 1 86 1046
419 192 870 1 197 874
420 443 859 1 453 861
421 79 857 1 83 863
422 353 122 1 354 115
423 225 954 1 230 958
424 354 166 1 356 163
425 654 999 1 671 1003
426 260 935 1 266 939
427 373 32 1 377 22
428 465 1143 1 477 1152
429 186 408 1 187 410
430 180 888 1 185 892
431 577 819 1 588 820
432 168 672 1 170 675
433 98 1145 1 102 1153
434 433 708 1 442 707
435 231 964 1 236 969
436 315 204 1 317 202
437 279 360 1 282 358
438 409 714 1 416 715
439 356 1147 1 364 1155
440 226 732 1 230 735
441 208 863 1 214 867
442 560 334 1 567 324
443 177 1042 1 183 1048
444 228 807 1 232 811
445 144 95 1 144 93
446 504 265 1 512 252
447 199 834 1 204 838
448 301 958 1 308 963
449 192 1154 1 198 1160
450 262 1198 1 268 1205
