0 292 361 1 340 319
1 223 1026 1 278 992
2 36 880 1 92 852
3 41 1069 1 99 1039
4 236 778 1 291 748
5 295 808 1 349 774
6 336 1195 1 396 1166
7 336 1135 1 396 1106
8 347 396 1 394 356
9 295 1041 1 352 1011
10 296 902 1 353 869
11 306 987 1 364 956
12 277 849 1 333 817
13 214 492 1 263 460
14 226 1049 1 284 1019
15 397 385 1 446 346
16 346 1136 1 407 1106
17 307 1009 1 365 977
18 341 1211 1 398 1181
19 27 490 1 74 463
20 47 1217 1 110 1184
21 493 216 1 541 163
22 377 403 1 426 362
23 346 1180 1 405 1152
24 286 183 1 329 144
25 280 830 1 335 799
26 37 1093 1 96 1063
27 271 136 1 312 93
28 349 172 1 392 130
29 594 162 1 646 103
30 377 424 1 426 384
31 403 367 1 452 323
32 403 851 1 459 817
33 38 1131 1 98 1101
34 336 394 1 383 355
35 32 705 1 84 677
36 204 869 1 259 839
37 267 376 1 313 334
38 296 860 1 351 827
39 223 312 1 267 278
40 304 470 1 352 435
41 30 367 1 76 338
42 492 950 1 553 916
43 376 434 1 425 394
44 440 368 1 491 323
45 25 525 1 74 499
46 492 878 1 552 843
47 42 1055 1 101 1027
48 26 542 1 74 515
49 314 414 1 362 376
50 325 422 1 375 383
51 325 410 1 374 371
52 218 771 1 271 741
53 267 806 1 321 774
54 37 1107 1 97 1076
55 608 260 1 663 203
56 543 883 1 604 846
57 376 414 1 426 374
58 158 473 1 206 443
59 410 867 1 470 835
60 221 1123 1 278 1090
61 215 430 1 262 398
62 156 640 1 207 611
63 210 1156 1 270 1126
64 26 675 1 77 648
65 29 86 1 68 56
66 296 818 1 349 787
67 345 317 1 393 269
68 29 123 1 69 94
69 479 872 1 537 837
70 41 1233 1 103 1203
71 231 690 1 283 659
72 30 31 1 68 1
73 213 1001 1 270 970
74 373 319 1 422 270
75 214 472 1 262 442
76 149 622 1 199 593
77 295 1250 1 357 1223
78 305 1127 1 364 1098
79 29 69 1 68 40
80 131 685 1 183 656
81 320 1137 1 378 1107
82 439 852 1 496 818
83 385 37 1 426 -12
84 478 856 1 537 821
85 566 318 1 619 265
86 348 444 1 396 407
87 515 509 1 570 470
88 311 1045 1 367 1014
89 272 1053 1 331 1022
90 449 950 1 511 916
91 259 858 1 313 827
92 450 872 1 509 838
93 156 491 1 203 461
94 605 140 1 658 80
95 287 777 1 340 744
96 222 279 1 265 245
97 213 713 1 264 683
98 434 380 1 484 336
99 233 747 1 282 716
100 158 1092 1 216 1061
101 159 623 1 208 592
102 316 107 1 358 62
103 158 786 1 211 758
104 359 75 1 399 26
105 377 248 1 423 197
106 396 53 1 438 2
107 389 959 1 449 927
108 153 1106 1 212 1075
109 213 726 1 266 697
110 48 1255 1 112 1225
111 278 869 1 334 840
112 164 819 1 219 790
113 241 1189 1 298 1160
114 268 784 1 323 753
115 82 354 1 127 323
116 394 76 1 435 26
117 366 437 1 415 398
118 162 1224 1 225 1191
119 217 324 1 261 291
120 445 357 1 494 313
121 393 368 1 441 323
122 219 1229 1 280 1196
123 466 358 1 517 312
124 34 173 1 75 144
125 301 1189 1 361 1156
126 217 451 1 261 416
127 29 719 1 78 692
128 224 907 1 280 878
129 219 1179 1 279 1149
130 430 369 1 480 325
131 271 1016 1 329 985
132 345 246 1 391 197
133 481 383 1 533 338
134 202 933 1 259 903
135 205 87 1 245 52
136 275 411 1 322 376
137 491 962 1 553 930
138 229 1013 1 288 982
139 245 983 1 303 953
140 286 893 1 340 860
141 125 217 1 170 184
142 275 439 1 322 404
143 297 426 1 342 392
144 217 1217 1 277 1186
145 226 781 1 275 750
146 283 1208 1 344 1176
147 319 137 1 362 93
148 512 384 1 565 339
149 136 40 1 174 2
150 238 857 1 293 826
151 597 175 1 648 118
152 492 890 1 553 855
153 542 873 1 604 836
154 274 386 1 319 346
155 278 1043 1 338 1010
156 78 908 1 133 879
157 557 452 1 612 406
158 170 787 1 224 757
159 571 308 1 626 255
160 78 941 1 135 916
161 316 452 1 364 414
162 195 657 1 246 627
163 373 1134 1 434 1103
164 624 936 1 691 902
165 522 878 1 583 842
166 305 155 1 347 113
167 113 171 1 152 136
168 254 422 1 297 387
169 512 361 1 563 314
170 331 83 1 373 36
171 367 398 1 414 360
172 108 1049 1 165 1021
173 349 1196 1 412 1166
174 298 926 1 354 892
175 233 339 1 278 302
176 185 103 1 224 67
177 31 143 1 71 113
178 377 1109 1 438 1078
179 543 893 1 605 855
180 471 382 1 522 337
181 36 163 1 76 133
182 522 961 1 585 928
183 127 925 1 183 896
184 37 1149 1 99 1121
185 127 973 1 184 943
186 181 977 1 239 947
187 607 319 1 663 269
188 234 923 1 292 895
189 145 1196 1 206 1165
190 230 1149 1 288 1121
191 229 889 1 285 858
192 185 1145 1 244 1113
193 608 466 1 667 416
194 348 162 1 390 118
195 278 1249 1 338 1216
196 131 800 1 183 769
197 182 88 1 220 52
198 235 847 1 288 817
199 302 117 1 343 74
200 222 268 1 265 236
201 435 68 1 478 18
202 148 788 1 202 759
203 311 210 1 353 171
204 199 895 1 256 862
205 435 88 1 478 35
206 93 1046 1 152 1017
207 101 81 1 138 44
208 189 1036 1 247 1006
209 36 382 1 78 356
210 203 906 1 258 872
211 455 317 1 505 266
212 450 886 1 509 849
213 170 973 1 227 944
214 253 340 1 300 302
215 380 457 1 428 416
216 599 819 1 660 777
217 461 344 1 512 297
218 79 921 1 133 894
219 119 772 1 173 744
220 176 768 1 228 739
221 626 879 1 693 843
222 231 1192 1 291 1161
223 286 163 1 329 121
224 197 129 1 237 89
225 208 961 1 261 933
226 224 1091 1 283 1063
227 143 124 1 183 88
228 156 1062 1 214 1032
229 279 126 1 318 82
230 206 1190 1 267 1158
231 171 905 1 225 876
232 301 967 1 358 935
233 271 284 1 315 245
234 122 234 1 163 197
235 171 809 1 225 779
236 351 1206 1 413 1176
237 199 1083 1 257 1052
238 116 98 1 154 61
239 165 853 1 222 822
240 260 64 1 300 18
241 112 160 1 152 125
242 145 135 1 184 96
243 133 30 1 170 -7
244 289 1052 1 348 1022
245 268 93 1 308 50
246 182 758 1 236 729
247 317 1025 1 375 994
248 196 956 1 252 924
249 157 59 1 194 23
250 82 1187 1 143 1158
251 346 778 1 402 747
252 142 872 1 197 842
253 164 96 1 202 57
254 189 1205 1 251 1174
255 116 1197 1 175 1166
256 126 473 1 173 444
257 205 1132 1 264 1102
258 352 85 1 393 37
259 347 347 1 394 305
260 111 88 1 149 51
261 169 1182 1 230 1152
262 584 334 1 638 282
263 176 75 1 215 43
264 124 1080 1 181 1051
265 221 690 1 273 660
266 588 866 1 654 830
267 409 1182 1 472 1153
268 154 99 1 193 58
269 254 165 1 296 124
270 148 475 1 197 444
271 257 254 1 300 220
272 97 1203 1 160 1173
273 60 923 1 116 894
274 163 1081 1 221 1051
275 46 1149 1 106 1122
276 533 948 1 594 914
277 145 923 1 200 894
278 528 352 1 580 304
279 268 151 1 309 111
280 592 709 1 653 668
281 201 1096 1 259 1060
282 669 241 1 727 180
283 214 237 1 257 205
284 271 1031 1 330 1000
285 174 923 1 229 893
286 445 320 1 497 269
287 129 1175 1 190 1145
288 477 842 1 537 808
289 177 1076 1 236 1045
290 267 297 1 312 260
291 41 900 1 97 873
292 401 325 1 449 278
293 76 898 1 131 869
294 115 863 1 169 834
295 348 1151 1 408 1121
296 65 901 1 122 873
297 521 860 1 582 824
298 136 818 1 193 792
299 104 1185 1 164 1155
300 195 1145 1 256 1115
301 286 903 1 342 870
302 172 1203 1 232 1172
303 98 1036 1 157 1008
304 261 136 1 301 95
305 66 1195 1 127 1166
306 619 697 1 682 655
