0 304 394 1 336 332
1 46 906 1 90 857
2 412 402 1 446 337
3 344 1205 1 394 1153
4 292 315 1 322 257
5 305 834 1 346 780
6 305 110 1 330 42
7 344 1220 1 393 1168
8 345 1160 1 392 1108
9 357 428 1 390 367
10 304 1067 1 349 1015
11 306 928 1 350 875
12 247 805 1 289 753
13 287 875 1 331 822
14 315 1034 1 362 981
15 225 520 1 260 467
16 45 1118 1 94 1068
17 386 456 1 421 395
18 355 1161 1 403 1109
19 282 171 1 308 107
20 315 1013 1 360 960
21 349 1236 1 399 1183
22 213 895 1 256 844
23 55 1244 1 107 1192
24 44 731 1 82 683
25 347 425 1 379 366
26 354 1205 1 405 1152
27 411 877 1 454 823
28 50 1094 1 98 1044
29 407 420 1 441 359
30 295 210 1 322 148
31 599 203 1 636 125
32 549 908 1 596 852
33 46 1131 1 95 1080
34 303 120 1 327 53
35 318 1071 1 364 1018
36 314 499 1 349 443
37 289 857 1 332 805
38 235 1075 1 282 1023
39 47 1157 1 96 1106
40 500 251 1 534 180
41 296 940 1 340 888
42 42 895 1 86 846
43 359 206 1 388 143
44 278 409 1 309 348
45 507 50 1 535 -26
46 480 404 1 516 339
47 485 883 1 530 827
48 387 435 1 421 374
49 235 341 1 264 286
50 305 844 1 346 793
51 42 395 1 75 346
52 499 975 1 546 921
53 386 446 1 421 385
54 335 442 1 370 383
55 457 899 1 503 844
56 37 515 1 70 466
57 449 402 1 485 338
58 51 1081 1 99 1031
59 270 884 1 311 832
60 498 886 1 544 830
61 38 702 1 76 654
62 487 987 1 535 932
63 228 797 1 268 746
64 507 40 1 535 -37
65 499 905 1 545 849
66 343 51 1 367 -21
67 458 882 1 502 827
68 386 466 1 420 406
69 411 887 1 455 833
70 613 298 1 652 223
71 169 501 1 203 450
72 289 898 1 331 845
73 219 1182 1 268 1130
74 226 458 1 259 405
75 531 407 1 568 339
76 167 667 1 204 617
77 421 895 1 465 841
78 43 117 1 66 65
79 250 1021 1 295 969
80 355 355 1 387 288
81 43 154 1 67 102
82 242 717 1 281 665
83 44 64 1 66 10
84 222 1027 1 268 975
85 225 500 1 260 448
86 160 649 1 196 599
87 446 879 1 491 824
88 44 46 1 65 -6
89 313 1152 1 361 1101
90 44 102 1 66 49
91 38 569 1 72 521
92 328 1162 1 375 1110
93 277 832 1 319 779
94 395 77 1 421 6
95 571 355 1 609 284
96 358 474 1 392 417
97 37 718 1 76 670
98 305 215 1 332 153
99 142 711 1 181 662
100 224 754 1 264 702
101 329 145 1 355 78
102 307 304 1 336 245
103 386 287 1 417 217
104 281 1078 1 328 1026
105 456 976 1 504 921
106 487 387 1 523 321
107 307 951 1 351 897
108 294 918 1 337 865
109 315 1046 1 362 992
110 490 405 1 527 339
111 167 518 1 201 467
112 297 803 1 337 750
113 611 182 1 647 102
114 233 309 1 263 253
115 442 414 1 478 350
116 167 1118 1 214 1066
117 169 649 1 206 599
118 145 1127 1 194 1075
119 141 825 1 181 775
120 348 40 1 371 -33
121 43 644 1 79 596
122 168 813 1 209 763
123 589 370 1 628 299
124 485 897 1 530 843
125 369 113 1 395 43
126 332 472 1 365 413
127 405 93 1 432 20
128 612 360 1 652 287
129 397 984 1 443 931
130 37 499 1 71 450
131 162 1132 1 210 1079
132 222 740 1 261 689
133 207 995 1 250 943
134 175 846 1 217 795
135 171 1132 1 219 1079
136 249 1215 1 299 1162
137 278 812 1 320 759
138 95 385 1 125 333
139 404 114 1 430 43
140 376 468 1 410 409
141 309 1215 1 359 1163
142 170 1252 1 222 1196
143 178 46 1 200 -12
144 453 391 1 488 327
145 416 412 1 452 349
146 601 216 1 638 139
147 264 371 1 297 313
148 474 392 1 510 326
149 48 203 1 73 152
150 234 933 1 277 883
151 228 353 1 259 298
152 410 78 1 437 5
153 280 1042 1 326 990
154 384 477 1 419 418
155 225 1038 1 270 986
156 489 417 1 526 352
157 359 1221 1 409 1168
158 286 441 1 319 385
159 332 431 1 365 371
160 435 268 1 469 196
161 218 118 1 242 61
162 387 53 1 411 -21
163 498 988 1 546 934
164 213 960 1 256 908
165 286 468 1 319 413
166 228 1252 1 278 1200
167 671 1154 1 726 1101
168 246 953 1 289 900
169 225 1243 1 275 1189
170 417 43 1 443 -31
171 390 91 1 417 21
172 236 808 1 277 756
173 402 402 1 435 338
174 232 1059 1 278 1006
175 292 1235 1 342 1180
176 520 418 1 558 353
177 439 403 1 474 339
178 149 74 1 172 14
179 248 883 1 291 832
180 43 624 1 80 576
181 500 917 1 546 861
182 284 418 1 316 359
183 286 1069 1 335 1014
184 89 934 1 132 884
185 563 485 1 603 420
186 613 499 1 656 431
187 510 60 1 539 -17
188 181 813 1 222 763
189 313 154 1 339 89
190 387 272 1 417 202
191 44 763 1 85 715
192 88 967 1 134 921
193 326 483 1 360 425
194 381 1158 1 430 1106
195 304 1020 1 349 968
196 628 962 1 679 907
197 157 178 1 182 120
198 379 101 1 405 32
199 174 106 1 198 48
200 529 904 1 575 848
201 315 190 1 343 127
202 519 395 1 556 328
203 214 1232 1 264 1179
204 274 1024 1 318 972
205 376 430 1 410 370
206 118 1074 1 164 1025
207 534 386 1 572 319
208 303 160 1 330 95
209 587 1108 1 639 1055
210 280 129 1 305 65
211 600 1062 1 652 1007
212 198 137 1 222 78
213 45 173 1 69 121
214 385 1135 1 433 1081
215 550 920 1 598 865
216 256 1009 1 300 957
217 478 416 1 515 351
218 49 193 1 75 142
219 530 988 1 578 933
220 281 150 1 307 84
221 190 30 1 212 -28
222 137 950 1 181 901
223 46 1176 1 97 1125
224 138 998 1 183 948
225 191 1004 1 237 952
226 281 314 1 312 256
227 223 1159 1 272 1107
228 664 1044 1 719 989
229 153 1222 1 204 1169
230 239 1176 1 288 1123
231 156 64 1 177 5
232 240 915 1 283 864
233 652 293 1 693 215
234 193 1171 1 242 1117
235 549 899 1 595 842
236 376 51 1 401 -22
237 487 907 1 533 852
238 358 196 1 386 132
239 247 375 1 275 313
240 376 455 1 409 396
241 280 187 1 306 125
242 664 786 1 714 726
243 258 49 1 280 -20
244 193 119 1 218 62
245 245 874 1 286 823
246 234 298 1 262 244
247 344 391 1 376 330
248 444 107 1 472 35
249 403 385 1 436 321
250 158 814 1 200 764
251 322 243 1 350 181
252 209 921 1 254 867
253 444 126 1 472 55
254 167 152 1 192 93
255 103 1072 1 150 1022
256 114 115 1 137 56
257 198 1062 1 245 1010
258 48 411 1 77 363
259 290 1059 1 335 1006
260 394 158 1 422 91
261 462 355 1 497 285
262 617 324 1 657 249
263 126 202 1 150 147
264 218 1192 1 268 1140
265 179 999 1 224 948
266 627 783 1 676 724
267 390 489 1 423 427
268 577 345 1 615 274
269 469 379 1 505 313
270 344 122 1 369 53
271 244 925 1 287 874
272 452 412 1 488 349
273 130 799 1 171 750
274 186 795 1 226 744
275 630 906 1 681 849
276 366 464 1 400 406
277 239 1217 1 289 1164
278 299 198 1 326 134
279 210 164 1 235 102
280 38 476 1 70 428
281 233 1117 1 280 1066
282 156 158 1 181 100
283 165 1088 1 212 1036
284 205 684 1 243 633
285 182 932 1 223 881
286 397 272 1 428 202
287 397 125 1 423 55
288 364 28 1 388 -45
289 310 993 1 355 940
290 221 1169 1 270 1116
291 135 266 1 162 209
292 181 836 1 223 785
293 447 868 1 491 812
294 203 836 1 245 785
295 199 42 1 221 -18
296 605 395 1 646 324
297 359 1231 1 409 1179
298 207 1109 1 255 1056
299 130 131 1 153 73
300 176 879 1 219 827
301 190 959 1 234 907
302 439 38 1 466 -37
303 232 719 1 271 667
304 272 101 1 297 35
305 559 442 1 598 376
306 271 111 1 295 45
307 126 192 1 151 135
308 158 168 1 182 109
309 564 737 1 609 678
310 243 69 1 266 2
311 53 1233 1 105 1182
312 146 64 1 169 4
313 293 108 1 318 40
314 298 1078 1 345 1026
315 192 784 1 234 734
316 326 1051 1 372 998
317 206 982 1 250 929
318 168 92 1 192 34
319 90 1214 1 141 1162
320 152 897 1 195 847
321 177 132 1 200 70
322 214 1219 1 265 1162
323 198 1232 1 249 1178
324 240 976 1 284 924
325 124 1223 1 174 1170
326 137 500 1 171 451
327 154 95 1 176 36
328 213 1158 1 262 1106
329 362 124 1 389 55
330 124 120 1 147 62
331 179 1209 1 228 1156
332 228 1204 1 276 1153
333 596 727 1 642 667
334 358 50 1 381 -23
335 133 1106 1 179 1055
336 594 893 1 644 836
337 417 1205 1 467 1154
338 167 133 1 191 72
339 376 175 1 404 108
340 612 844 1 661 786
341 132 900 1 175 851
342 267 199 1 293 137
343 532 417 1 570 351
344 358 104 1 384 34
345 627 939 1 678 883
346 268 284 1 297 228
347 107 1229 1 159 1177
348 160 856 1 202 806
349 71 948 1 115 899
350 361 1136 1 409 1084
351 172 1107 1 219 1055
352 55 1176 1 104 1126
353 155 949 1 198 899
354 538 351 1 575 281
355 234 322 1 264 268
356 307 103 1 332 32
357 597 738 1 643 677
358 283 277 1 312 218
359 211 1122 1 258 1069
360 671 281 1 713 202
361 227 267 1 255 212
362 281 1056 1 327 1004
363 183 949 1 227 898
364 454 356 1 489 288
365 137 1201 1 188 1149
366 158 24 1 178 -37
367 485 869 1 530 815
368 186 1102 1 233 1050
369 284 923 1 327 871
370 279 330 1 309 271
371 587 468 1 628 401
372 51 927 1 95 878
373 297 82 1 321 14
374 165 1183 1 214 1130
375 179 29 1 201 -28
376 409 362 1 442 295
377 137 150 1 161 92
378 86 923 1 130 874
379 126 889 1 168 840
380 356 1177 1 404 1123
381 76 927 1 120 878
382 89 946 1 132 897
383 527 886 1 574 830
384 354 162 1 381 97
385 113 1210 1 163 1159
386 168 31 1 190 -28
387 205 1171 1 253 1119
388 296 929 1 340 875
389 181 1229 1 230 1176
390 109 1062 1 155 1012
391 272 173 1 298 110
392 256 97 1 279 31
393 222 972 1 266 920
394 75 1222 1 126 1169
395 169 217 1 195 161
396 623 727 1 670 665
