0 304 404 1 322 367
1 279 179 1 296 139
2 320 918 1 338 887
3 308 320 1 326 285
4 360 1196 1 379 1169
5 261 801 1 279 770
6 278 222 1 294 183
7 360 1179 1 380 1152
8 294 321 1 311 286
9 332 1001 1 349 971
10 280 189 1 296 149
11 297 142 1 313 101
12 302 867 1 320 837
13 303 850 1 321 820
14 385 460 1 404 425
15 317 827 1 335 795
16 360 1139 1 379 1111
17 234 521 1 251 488
18 72 1152 1 89 1120
19 69 1115 1 87 1082
20 347 479 1 365 445
21 58 847 1 75 816
22 366 1212 1 385 1184
23 230 890 1 247 859
24 73 1090 1 91 1058
25 59 732 1 76 701
26 254 1062 1 272 1032
27 371 1178 1 391 1150
28 416 862 1 435 834
29 331 1022 1 350 991
30 385 440 1 404 405
31 574 222 1 599 180
32 331 1132 1 348 1104
33 544 887 1 567 859
34 70 1128 1 88 1094
35 335 1057 1 353 1028
36 320 1053 1 338 1024
37 373 1125 1 392 1097
38 486 265 1 508 225
39 311 930 1 329 900
40 62 895 1 79 863
41 355 218 1 373 180
42 241 1019 1 259 988
43 317 836 1 335 808
44 343 1141 1 362 1112
45 472 412 1 492 375
46 385 450 1 404 416
47 240 344 1 255 310
48 293 222 1 310 184
49 52 402 1 68 369
50 499 952 1 521 925
51 180 668 1 196 636
52 459 881 1 481 853
53 49 521 1 64 488
54 66 906 1 83 874
55 488 952 1 510 925
56 406 409 1 426 374
57 441 411 1 462 374
58 50 558 1 66 526
59 335 460 1 353 425
60 24 1219 1 40 1186
61 81 1239 1 99 1205
62 336 448 1 355 414
63 497 867 1 519 839
64 233 503 1 250 470
65 385 469 1 403 435
66 240 1190 1 257 1158
67 53 704 1 70 672
68 489 963 1 511 936
69 487 65 1 509 21
70 289 296 1 305 260
71 498 885 1 520 857
72 459 865 1 480 836
73 486 865 1 507 837
74 416 871 1 436 843
75 589 311 1 614 272
76 178 504 1 195 471
77 301 890 1 320 859
78 56 803 1 73 772
79 48 461 1 64 429
80 233 460 1 250 427
81 548 489 1 572 453
82 517 413 1 540 376
83 359 478 1 377 444
84 346 430 1 365 396
85 425 878 1 445 850
86 46 129 1 59 93
87 268 1010 1 285 980
88 461 965 1 482 938
89 348 371 1 368 334
90 46 165 1 60 129
91 254 715 1 271 683
92 305 299 1 322 264
93 46 76 1 59 40
94 340 188 1 357 149
95 449 863 1 470 834
96 45 59 1 58 22
97 46 113 1 60 77
98 50 573 1 66 541
99 301 1065 1 318 1035
100 383 101 1 402 58
101 550 367 1 574 329
102 53 720 1 69 688
103 297 1030 1 315 1000
104 308 310 1 324 275
105 375 307 1 396 268
106 172 650 1 188 619
107 24 1206 1 41 1172
108 460 952 1 481 925
109 477 395 1 498 359
110 331 1032 1 351 1003
111 480 412 1 502 376
112 374 471 1 394 438
113 177 521 1 193 489
114 228 922 1 245 891
115 403 430 1 422 392
116 583 203 1 609 160
117 237 312 1 253 278
118 74 1077 1 92 1046
119 250 928 1 268 897
120 189 1112 1 205 1080
121 289 365 1 305 328
122 182 650 1 197 618
123 168 1122 1 186 1089
124 156 821 1 174 791
125 469 422 1 491 387
126 336 69 1 354 25
127 435 421 1 456 385
128 57 647 1 73 615
129 260 1129 1 278 1098
130 568 379 1 593 342
131 486 879 1 507 852
132 332 80 1 350 36
133 360 133 1 378 92
134 303 223 1 320 187
135 394 114 1 413 71
136 588 371 1 614 332
137 241 795 1 259 763
138 396 410 1 416 374
139 402 961 1 423 934
140 48 504 1 64 472
141 184 1126 1 202 1094
142 156 712 1 173 680
143 261 1165 1 278 1133
144 654 1107 1 682 1086
145 224 987 1 242 956
146 507 413 1 529 376
147 193 1126 1 211 1093
148 272 1202 1 289 1171
149 135 185 1 149 148
150 198 1240 1 216 1207
151 465 401 1 486 363
152 216 1161 1 234 1130
153 241 1170 1 259 1138
154 292 806 1 310 775
155 104 395 1 119 361
156 355 429 1 375 397
157 393 134 1 412 92
158 327 1192 1 347 1164
159 247 976 1 264 945
160 291 471 1 308 438
161 424 864 1 445 836
162 446 399 1 466 363
163 411 420 1 431 384
164 238 750 1 254 720
165 233 355 1 249 322
166 184 812 1 201 780
167 577 234 1 601 193
168 235 738 1 252 706
169 289 40 1 307 -3
170 177 38 1 192 2
171 397 100 1 417 58
172 60 743 1 75 712
173 243 1030 1 261 999
174 479 424 1 501 388
175 310 908 1 326 878
176 174 943 1 191 912
177 332 437 1 351 402
178 421 289 1 443 249
179 229 952 1 247 921
180 292 444 1 308 410
181 217 126 1 232 89
182 262 49 1 278 5
183 373 81 1 392 37
184 499 964 1 521 937
185 236 1235 1 254 1204
186 241 1154 1 258 1122
187 162 40 1 177 0
188 137 245 1 153 210
189 323 938 1 340 909
190 309 798 1 326 766
191 107 318 1 122 283
192 294 1001 1 311 971
193 168 988 1 185 957
194 243 1004 1 260 973
195 291 826 1 308 795
196 403 71 1 422 26
197 251 804 1 268 773
198 80 1229 1 98 1195
199 310 919 1 329 888
200 148 82 1 162 43
201 284 876 1 300 846
202 151 894 1 168 864
203 509 424 1 531 389
204 432 411 1 453 375
205 52 215 1 66 180
206 57 627 1 73 596
207 229 999 1 247 967
208 499 897 1 521 869
209 229 965 1 246 933
210 592 500 1 618 466
211 490 84 1 513 40
212 196 811 1 213 780
213 309 171 1 326 132
214 259 943 1 279 911
215 374 294 1 396 253
216 109 928 1 126 897
217 31 987 1 48 955
218 61 764 1 78 732
219 109 960 1 126 930
220 379 114 1 399 71
221 264 877 1 281 846
222 668 296 1 698 254
223 394 1133 1 414 1106
224 219 1212 1 236 1180
225 614 933 1 640 907
226 169 215 1 184 178
227 369 122 1 388 80
228 382 307 1 402 268
229 276 206 1 292 168
230 526 884 1 549 856
231 313 203 1 330 165
232 161 194 1 176 157
233 507 401 1 529 365
234 183 24 1 197 -13
235 194 53 1 209 15
236 290 1013 1 308 982
237 521 392 1 544 357
238 323 161 1 340 122
239 374 445 1 393 410
240 592 1028 1 617 1003
241 176 54 1 191 18
242 48 184 1 62 149
243 398 1111 1 417 1083
244 545 898 1 568 871
245 273 998 1 290 968
246 671 285 1 701 242
247 250 1050 1 268 1018
248 376 1196 1 394 1169
249 54 204 1 68 169
250 529 962 1 551 936
251 101 1210 1 119 1179
252 188 43 1 203 5
253 157 943 1 174 914
254 72 1171 1 90 1138
255 158 992 1 175 961
256 575 667 1 598 636
257 178 1214 1 196 1181
258 256 909 1 273 878
259 622 308 1 649 268
260 249 43 1 265 0
261 543 878 1 567 850
262 363 79 1 382 36
263 488 890 1 510 861
264 354 208 1 372 170
265 163 282 1 178 246
266 284 286 1 300 250
267 128 69 1 142 32
268 248 146 1 264 106
269 237 303 1 252 269
270 248 1133 1 266 1102
271 137 150 1 152 113
272 396 394 1 416 358
273 158 905 1 175 874
274 175 812 1 191 781
275 232 1009 1 250 978
276 167 154 1 182 117
277 431 145 1 451 103
278 211 999 1 228 967
279 125 1067 1 143 1035
280 56 1099 1 73 1068
281 298 912 1 316 882
282 221 1037 1 239 1006
283 218 1055 1 236 1024
284 375 458 1 394 424
285 197 149 1 213 112
286 57 418 1 70 386
287 117 155 1 132 118
288 307 1045 1 324 1017
289 386 172 1 405 133
290 447 369 1 470 331
291 593 336 1 619 297
292 129 213 1 143 178
293 269 380 1 286 345
294 247 987 1 264 955
295 610 766 1 636 738
296 245 954 1 262 923
297 220 1029 1 237 997
298 641 768 1 670 740
299 555 357 1 580 319
300 281 272 1 297 236
301 278 167 1 295 128
302 188 933 1 205 902
303 335 142 1 353 101
304 260 919 1 278 888
305 445 420 1 466 385
306 146 798 1 163 767
307 223 974 1 241 943
308 615 880 1 641 854
309 167 56 1 182 19
310 413 965 1 434 938
311 262 1204 1 280 1173
312 297 211 1 313 173
313 48 482 1 63 450
314 170 974 1 187 943
315 159 171 1 173 134
316 187 1081 1 204 1050
317 285 51 1 302 7
318 78 1188 1 96 1156
319 131 224 1 145 188
320 217 683 1 234 651
321 144 1218 1 162 1186
322 199 927 1 215 896
323 385 293 1 406 253
324 55 919 1 72 887
325 386 144 1 404 103
326 352 58 1 370 13
327 157 921 1 174 890
328 197 833 1 214 801
329 449 852 1 470 823
330 220 832 1 236 801
331 583 403 1 609 366
332 376 1207 1 395 1179
333 228 1100 1 246 1069
334 259 1143 1 276 1112
335 239 31 1 255 -11
336 153 93 1 168 55
337 280 850 1 297 819
338 423 65 1 444 21
339 245 717 1 261 685
340 268 122 1 285 81
341 238 1218 1 255 1188
342 544 447 1 567 412
343 246 425 1 262 391
344 253 1008 1 271 977
345 267 131 1 283 90
346 248 1143 1 266 1112
347 162 1164 1 180 1132
348 554 725 1 577 695
349 185 192 1 199 155
350 243 1116 1 261 1084
351 239 94 1 255 52
352 191 1192 1 209 1160
353 226 1233 1 244 1201
354 326 142 1 343 101
355 172 144 1 187 107
356 287 211 1 304 173
357 174 190 1 189 154
358 169 105 1 184 69
359 116 1205 1 134 1173
360 111 972 1 128 941
361 305 180 1 322 141
362 431 124 1 452 83
363 223 1223 1 241 1191
364 152 971 1 169 940
365 173 279 1 188 242
366 154 109 1 168 72
367 225 59 1 241 20
368 188 165 1 203 129
369 354 144 1 372 103
370 145 882 1 161 853
371 201 1198 1 220 1166
372 581 715 1 607 685
373 187 966 1 205 935
374 131 235 1 146 199
375 232 1029 1 250 997
376 345 79 1 364 34
377 213 52 1 228 14
378 156 1100 1 173 1068
379 220 951 1 237 920
380 583 870 1 608 843
381 254 76 1 269 33
382 256 1022 1 273 991
383 253 654 1 270 622
384 370 190 1 388 150
385 598 823 1 623 796
386 115 181 1 129 144
387 193 874 1 210 843
388 221 1010 1 238 978
389 379 1138 1 398 1110
390 205 1010 1 223 978
391 46 36 1 59 0
392 608 309 1 634 269
393 519 423 1 542 387
394 350 125 1 368 83
395 613 912 1 639 886
396 208 956 1 225 923
397 36 1063 1 54 1030
398 376 60 1 395 15
399 271 287 1 287 253
400 135 1219 1 152 1187
401 122 50 1 136 14
402 177 854 1 194 822
403 206 782 1 225 752
404 376 1115 1 395 1087
405 194 1099 1 211 1068
406 656 1244 1 684 1225
407 271 269 1 287 234
408 519 364 1 543 326
409 238 326 1 254 292
410 134 85 1 148 47
411 583 724 1 607 695
412 220 906 1 237 875
413 231 1114 1 249 1082
414 229 272 1 245 237
415 211 982 1 228 950
416 297 1043 1 316 1013
417 186 976 1 203 945
418 252 1197 1 270 1166
419 441 371 1 463 333
420 568 769 1 593 740
421 307 1084 1 324 1051
422 163 1191 1 180 1159
423 320 250 1 338 214
424 330 132 1 348 91
425 485 852 1 506 825
426 207 1095 1 225 1063
427 199 1207 1 217 1175
428 249 133 1 265 92
429 569 471 1 594 437
430 226 202 1 242 166
431 248 1226 1 266 1195
432 71 925 1 88 893
433 291 103 1 308 63
434 189 1173 1 206 1141
435 399 375 1 420 338
436 303 34 1 320 -9
437 106 919 1 123 888
438 371 1154 1 390 1126
439 96 923 1 114 893
440 239 41 1 256 -2
441 109 940 1 126 910
442 525 867 1 547 840
443 140 271 1 155 236
444 131 201 1 146 165
445 223 1085 1 240 1054
446 137 1201 1 155 1170
447 227 1171 1 244 1140
448 204 1218 1 222 1186
449 501 57 1 524 12
450 648 1006 1 676 983
451 206 1142 1 224 1110
452 175 177 1 189 140
453 239 965 1 257 934
454 274 65 1 291 22
455 83 1180 1 101 1148
456 321 231 1 339 193
457 605 713 1 631 683
458 531 460 1 554 425
