0 284 418 1 318 375
1 260 194 1 292 148
2 309 1030 1 346 993
3 288 333 1 322 292
4 337 1204 1 375 1168
5 238 812 1 276 774
6 308 1009 1 345 972
7 258 237 1 290 191
8 337 1186 1 375 1150
9 274 335 1 307 293
10 260 204 1 292 158
11 278 159 1 309 111
12 279 877 1 316 840
13 281 860 1 318 823
14 364 473 1 399 432
15 295 837 1 331 799
16 336 1147 1 374 1111
17 213 532 1 248 493
18 48 1163 1 87 1123
19 45 1125 1 85 1085
20 31 678 1 66 641
21 35 857 1 72 820
22 297 929 1 335 890
23 343 1220 1 381 1184
24 207 900 1 244 862
25 50 1100 1 89 1061
26 37 741 1 74 706
27 231 1070 1 269 1034
28 347 1185 1 386 1149
29 392 872 1 429 835
30 338 490 1 373 450
31 364 453 1 399 412
32 551 242 1 589 191
33 307 1140 1 344 1104
34 326 492 1 361 451
35 518 896 1 559 860
36 47 1138 1 86 1098
37 325 443 1 360 402
38 345 1146 1 383 1110
39 297 1063 1 334 1026
40 349 1133 1 388 1097
41 465 282 1 500 235
42 158 678 1 193 640
43 39 904 1 76 867
44 335 233 1 368 188
45 218 1029 1 256 991
46 295 846 1 332 811
47 320 1148 1 358 1112
48 363 463 1 399 422
49 219 356 1 252 316
50 273 236 1 306 193
51 160 51 1 189 9
52 31 413 1 66 375
53 475 959 1 513 925
54 310 1043 1 347 1005
55 435 890 1 474 854
56 28 530 1 62 493
57 43 915 1 81 877
58 464 960 1 503 925
59 385 424 1 420 381
60 419 426 1 455 382
61 29 568 1 64 531
62 314 473 1 349 432
63 56 1250 1 97 1209
64 315 461 1 351 420
65 473 877 1 512 840
66 212 514 1 247 475
67 307 1062 1 343 1025
68 216 1199 1 254 1160
69 32 714 1 67 677
70 465 971 1 503 936
71 233 725 1 268 687
72 467 86 1 502 33
73 268 308 1 301 267
74 473 894 1 513 857
75 435 874 1 474 838
76 462 874 1 500 838
77 392 880 1 430 844
78 565 330 1 603 282
79 157 514 1 192 476
80 279 900 1 317 862
81 33 813 1 70 776
82 28 471 1 62 434
83 212 471 1 247 432
84 288 24 1 317 -28
85 494 428 1 532 384
86 28 87 1 57 47
87 401 888 1 439 851
88 245 1021 1 282 983
89 27 140 1 57 100
90 436 973 1 475 938
91 327 388 1 361 342
92 27 175 1 58 136
93 285 312 1 319 270
94 320 204 1 353 158
95 425 872 1 463 835
96 27 70 1 56 29
97 28 124 1 57 84
98 29 583 1 64 546
99 270 245 1 303 202
100 277 1074 1 314 1037
101 364 119 1 396 69
102 526 384 1 565 338
103 31 729 1 67 692
104 274 1039 1 312 1002
105 230 234 1 262 191
106 447 427 1 484 383
107 288 323 1 321 282
108 354 324 1 389 278
109 150 660 1 185 623
110 305 1199 1 343 1163
111 134 722 1 170 684
112 436 960 1 474 925
113 454 410 1 491 366
114 82 365 1 113 324
115 457 427 1 494 383
116 156 532 1 190 494
117 205 932 1 243 894
118 381 444 1 417 399
119 560 223 1 599 172
120 217 324 1 250 284
121 293 345 1 326 301
122 363 483 1 398 442
123 50 1087 1 90 1049
124 227 938 1 265 900
125 165 1122 1 203 1083
126 268 378 1 301 336
127 160 660 1 195 622
128 144 1132 1 183 1093
129 135 831 1 171 795
130 447 437 1 484 394
131 318 89 1 349 38
132 413 436 1 449 393
133 35 657 1 71 620
134 237 1139 1 275 1100
135 544 396 1 583 350
136 461 888 1 500 853
137 313 451 1 346 409
138 313 100 1 345 49
139 340 151 1 373 102
140 284 238 1 316 195
141 375 132 1 407 83
142 563 388 1 604 341
143 218 805 1 256 767
144 374 424 1 410 382
145 379 969 1 417 933
146 28 515 1 62 477
147 160 1136 1 199 1097
148 237 1174 1 276 1135
149 625 1111 1 669 1080
150 201 997 1 239 959
151 484 428 1 521 384
152 169 1136 1 208 1097
153 248 1211 1 286 1173
154 116 197 1 147 156
155 174 1251 1 213 1210
156 443 416 1 479 371
157 193 1171 1 231 1133
158 217 1179 1 256 1140
159 270 816 1 306 778
160 120 259 1 150 217
161 85 405 1 117 367
162 373 151 1 406 102
163 224 985 1 261 948
164 271 483 1 305 444
165 401 873 1 439 837
166 424 414 1 459 370
167 389 435 1 425 392
168 215 759 1 251 724
169 213 367 1 246 328
170 161 822 1 198 784
171 553 254 1 591 204
172 212 748 1 249 711
173 271 455 1 304 416
174 271 59 1 302 9
175 378 119 1 411 69
176 38 753 1 73 716
177 220 1039 1 258 1002
178 457 439 1 493 395
179 287 918 1 322 881
180 151 952 1 188 915
181 399 308 1 435 260
182 207 961 1 244 923
183 384 90 1 416 39
184 198 138 1 230 96
185 244 67 1 273 17
186 353 101 1 386 50
187 474 972 1 513 937
188 217 1164 1 255 1125
189 213 1245 1 252 1205
190 144 53 1 175 9
191 669 716 1 714 677
192 678 1138 1 724 1107
193 291 250 1 324 207
194 287 809 1 323 770
195 88 330 1 120 290
196 271 1010 1 308 974
197 145 997 1 182 960
198 220 1013 1 258 976
199 269 836 1 305 798
200 228 814 1 265 777
201 56 1240 1 96 1199
202 130 94 1 160 51
203 261 886 1 297 849
204 129 904 1 166 867
205 486 440 1 523 396
206 411 426 1 446 382
207 33 225 1 64 187
208 35 637 1 71 600
209 206 1009 1 244 971
210 474 906 1 513 869
211 206 974 1 243 937
212 162 136 1 192 93
213 470 105 1 505 52
214 352 483 1 389 444
215 174 822 1 211 784
216 290 187 1 321 141
217 355 311 1 389 264
218 87 937 1 123 900
219 268 368 1 300 325
220 39 774 1 75 737
221 87 968 1 123 932
222 360 131 1 393 82
223 241 887 1 278 849
224 641 317 1 684 265
225 371 1141 1 409 1105
226 195 1222 1 233 1183
227 587 940 1 629 906
228 150 228 1 181 186
229 350 139 1 382 91
230 361 325 1 395 278
231 256 221 1 288 176
232 501 893 1 541 857
233 293 218 1 326 174
234 143 206 1 173 165
235 113 186 1 142 143
236 485 417 1 522 372
237 175 65 1 206 22
238 267 1022 1 305 985
239 498 408 1 536 364
240 304 177 1 336 131
241 353 458 1 388 417
242 268 226 1 300 181
243 565 1035 1 607 1001
244 122 233 1 153 192
245 158 67 1 188 25
246 29 194 1 60 155
247 374 1117 1 412 1082
248 520 907 1 560 871
249 250 1008 1 287 971
250 644 306 1 687 254
251 352 1203 1 390 1168
252 35 214 1 66 175
253 504 970 1 543 936
254 78 1221 1 117 1182
255 170 56 1 200 13
256 110 294 1 141 253
257 48 1182 1 88 1142
258 134 1001 1 173 964
259 550 679 1 589 639
260 154 1224 1 193 1184
261 233 919 1 270 882
262 596 328 1 638 278
263 232 61 1 261 11
264 518 887 1 558 850
265 284 1057 1 321 1019
266 464 899 1 503 862
267 334 224 1 367 178
268 144 294 1 176 253
269 264 299 1 297 257
270 110 80 1 140 39
271 230 161 1 260 115
272 217 314 1 249 275
273 225 1143 1 263 1104
274 115 111 1 145 69
275 119 162 1 149 121
276 135 914 1 172 877
277 152 823 1 189 785
278 210 1018 1 248 981
279 148 167 1 179 125
280 411 162 1 445 114
281 188 1009 1 225 971
282 102 1077 1 141 1039
283 32 1110 1 71 1071
284 275 921 1 312 885
285 198 1047 1 236 1009
286 195 1065 1 234 1027
287 354 471 1 389 430
288 178 162 1 210 119
289 37 428 1 68 392
290 28 48 1 57 5
291 366 189 1 399 142
292 99 168 1 129 126
293 425 386 1 462 340
294 568 354 1 608 306
295 110 226 1 141 185
296 249 393 1 282 351
297 224 996 1 262 958
298 583 777 1 625 739
299 222 964 1 260 926
300 197 1039 1 235 1000
301 614 778 1 657 741
302 531 374 1 570 328
303 261 284 1 294 243
304 260 182 1 291 137
305 165 943 1 202 905
306 316 159 1 348 112
307 238 929 1 275 892
308 423 435 1 459 392
309 124 809 1 161 771
310 200 984 1 238 946
311 588 889 1 630 853
312 149 69 1 179 26
313 389 973 1 428 937
314 239 1213 1 277 1175
315 278 226 1 309 181
316 28 492 1 61 455
317 147 983 1 185 946
318 141 184 1 170 142
319 163 1091 1 201 1053
320 267 69 1 297 19
321 54 1199 1 94 1159
322 112 236 1 143 195
323 195 694 1 231 656
324 120 1228 1 160 1189
325 138 1199 1 178 1161
326 177 937 1 212 899
327 365 311 1 399 263
328 32 929 1 70 891
329 366 162 1 399 114
330 333 77 1 365 26
331 102 49 1 131 6
332 135 930 1 172 893
333 114 121 1 145 79
334 174 843 1 211 805
335 426 861 1 464 825
336 197 842 1 234 805
337 559 419 1 599 374
338 352 1215 1 391 1179
339 205 1110 1 243 1072
340 236 1153 1 273 1114
341 135 106 1 165 63
342 257 860 1 294 822
343 404 86 1 437 34
344 219 49 1 248 0
345 222 727 1 258 689
346 550 24 1 585 -31
347 250 138 1 281 91
348 214 1227 1 253 1189
349 520 462 1 559 418
350 225 437 1 259 397
351 230 1017 1 268 980
352 248 146 1 279 100
353 225 1153 1 264 1114
354 138 1174 1 177 1135
355 529 736 1 568 698
356 166 206 1 196 163
357 220 1126 1 259 1087
358 222 110 1 251 63
359 168 1201 1 207 1162
360 285 52 1 315 1
361 203 1243 1 242 1203
362 307 159 1 339 111
363 154 157 1 184 115
364 99 177 1 129 135
365 156 203 1 186 161
366 151 119 1 181 77
367 93 1215 1 132 1176
368 286 196 1 318 150
369 412 142 1 446 94
370 199 1234 1 238 1194
371 129 980 1 166 943
372 154 291 1 185 250
373 136 122 1 166 80
374 208 72 1 238 28
375 170 178 1 200 136
376 334 161 1 367 113
377 122 892 1 159 855
378 178 1207 1 217 1168
379 556 726 1 596 688
380 165 976 1 202 938
381 112 247 1 143 206
382 209 1038 1 247 1000
383 327 98 1 358 47
384 194 65 1 225 21
385 132 1110 1 171 1071
386 197 960 1 234 923
387 557 879 1 598 843
388 233 1032 1 270 994
389 231 664 1 267 626
390 349 206 1 383 159
391 571 833 1 613 796
392 96 193 1 127 152
393 170 884 1 207 847
394 198 1019 1 235 982
395 355 1145 1 393 1109
396 182 1019 1 220 981
397 583 327 1 623 279
398 496 438 1 534 394
399 330 143 1 362 94
400 586 920 1 628 884
401 184 966 1 223 927
402 357 80 1 389 28
403 250 300 1 284 259
404 111 1228 1 149 1189
405 104 61 1 134 20
406 154 864 1 191 826
407 183 792 1 222 756
408 352 1123 1 390 1087
409 171 1108 1 209 1070
410 627 1245 1 671 1216
411 252 282 1 284 241
412 495 381 1 533 335
413 218 337 1 251 298
414 115 96 1 145 55
415 557 735 1 597 697
416 91 1195 1 129 1156
417 197 916 1 235 879
418 208 1123 1 247 1085
419 209 284 1 242 244
420 188 991 1 226 953
421 275 1052 1 313 1015
422 163 986 1 201 948
423 228 1206 1 267 1168
424 419 387 1 455 342
425 351 149 1 383 101
426 543 780 1 583 742
427 284 1094 1 322 1055
428 301 263 1 334 221
429 311 149 1 343 101
430 460 862 1 499 826
431 254 1243 1 293 1204
432 176 1216 1 214 1177
433 230 148 1 261 102
434 545 487 1 584 443
435 207 214 1 239 173
436 224 1236 1 263 1197
437 48 934 1 86 897
438 273 121 1 303 73
439 165 1183 1 204 1143
440 378 391 1 413 346
441 84 928 1 121 891
442 348 1162 1 386 1126
443 74 934 1 111 896
444 222 60 1 252 10
445 87 949 1 124 912
446 500 877 1 540 840
447 121 283 1 152 242
448 113 213 1 144 172
449 200 1095 1 238 1057
450 114 1212 1 153 1172
451 203 1182 1 242 1143
452 181 1228 1 220 1189
453 481 78 1 516 25
454 620 1012 1 664 979
455 183 1153 1 222 1114
456 156 190 1 186 148
457 216 975 1 254 937
458 256 83 1 286 33
459 302 245 1 335 201
460 97 144 1 127 101
461 578 725 1 620 686
462 507 476 1 545 432
