0 297 168 1 286 177
1 354 984 1 340 1002
2 381 1151 1 367 1171
3 283 771 1 270 787
4 381 1133 1 368 1153
5 313 302 1 300 314
6 322 391 1 311 399
7 353 964 1 338 982
8 99 1117 1 82 1134
9 297 179 1 286 187
10 313 137 1 302 144
11 324 836 1 310 851
12 313 314 1 301 326
13 387 1167 1 374 1188
14 380 1096 1 367 1115
15 97 1080 1 80 1096
16 77 641 1 62 655
17 84 817 1 68 832
18 342 886 1 328 901
19 327 301 1 315 313
20 327 819 1 312 835
21 253 858 1 239 874
22 85 704 1 69 719
23 420 398 1 409 406
24 432 829 1 420 845
25 577 222 1 571 228
26 352 1090 1 338 1109
27 391 1131 1 378 1151
28 102 1056 1 84 1073
29 339 797 1 325 811
30 260 320 1 245 334
31 389 1095 1 376 1114
32 310 210 1 298 220
33 343 1016 1 328 1034
34 393 1083 1 380 1102
35 496 258 1 487 266
36 203 640 1 188 654
37 110 1201 1 93 1220
38 89 864 1 72 880
39 371 204 1 360 214
40 365 1098 1 351 1117
41 331 878 1 316 892
42 98 1092 1 81 1109
43 46 1204 1 28 1223
44 74 380 1 62 392
45 511 913 1 500 931
46 54 1182 1 36 1200
47 356 997 1 341 1015
48 473 847 1 462 863
49 277 1024 1 264 1042
50 73 496 1 59 510
51 93 875 1 76 890
52 501 914 1 490 931
53 454 398 1 444 407
54 74 533 1 60 546
55 44 1081 1 27 1097
56 401 173 1 391 182
57 508 833 1 498 849
58 294 206 1 284 217
59 352 1016 1 337 1033
60 265 1151 1 249 1169
61 79 677 1 63 691
62 501 924 1 491 942
63 277 686 1 262 701
64 496 65 1 488 71
65 589 309 1 584 315
66 307 276 1 294 288
67 509 850 1 500 866
68 307 351 1 295 360
69 473 832 1 462 847
70 498 832 1 488 847
71 432 838 1 420 854
72 275 1196 1 260 1216
73 324 858 1 310 874
74 82 774 1 66 789
75 72 438 1 57 450
76 254 434 1 241 448
77 526 400 1 518 409
78 339 807 1 325 823
79 65 55 1 53 68
80 440 845 1 429 861
81 291 976 1 276 992
82 66 107 1 53 120
83 474 926 1 464 944
84 67 143 1 53 155
85 324 279 1 312 291
86 64 38 1 52 50
87 66 92 1 53 105
88 329 219 1 317 230
89 75 548 1 59 561
90 324 1028 1 308 1046
91 224 1204 1 208 1223
92 267 985 1 251 1002
93 105 1214 1 87 1232
94 488 384 1 478 392
95 47 1119 1 30 1136
96 396 98 1 387 104
97 553 360 1 547 368
98 78 692 1 63 706
99 48 1096 1 30 1113
100 320 993 1 306 1010
101 268 207 1 256 217
102 480 399 1 472 408
103 326 291 1 314 303
104 46 1168 1 27 1186
105 350 1146 1 336 1166
106 179 684 1 165 698
107 473 913 1 463 931
108 123 333 1 110 344
109 462 830 1 452 845
110 490 399 1 481 408
111 53 962 1 36 978
112 252 890 1 237 906
113 417 414 1 407 423
114 585 204 1 579 209
115 257 289 1 244 302
116 102 1043 1 85 1061
117 273 896 1 259 912
118 215 1077 1 198 1094
119 205 623 1 189 637
120 194 1086 1 178 1104
121 248 953 1 233 970
122 481 409 1 471 419
123 350 71 1 340 76
124 421 386 1 411 395
125 448 409 1 438 417
126 82 621 1 66 635
127 284 1092 1 269 1109
128 289 362 1 276 373
129 572 370 1 566 379
130 498 845 1 488 862
131 346 82 1 337 87
132 362 366 1 353 373
133 374 128 1 364 135
134 32 1210 1 13 1229
135 407 109 1 397 117
136 150 195 1 137 207
137 590 364 1 585 371
138 264 765 1 250 780
139 72 480 1 58 493
140 210 1090 1 194 1108
141 285 1126 1 270 1144
142 651 1056 1 646 1076
143 260 721 1 246 737
144 516 399 1 507 409
145 219 1090 1 203 1108
146 296 1162 1 281 1181
147 155 168 1 143 179
148 477 387 1 467 396
149 266 1129 1 251 1148
150 315 775 1 300 791
151 160 229 1 146 239
152 267 970 1 252 986
153 47 1136 1 29 1154
154 406 127 1 396 135
155 271 942 1 256 959
156 440 831 1 429 846
157 458 386 1 448 395
158 425 408 1 414 417
159 253 331 1 240 345
160 208 782 1 193 797
161 579 234 1 573 240
162 257 709 1 243 724
163 244 38 1 232 51
164 330 769 1 316 783
165 311 421 1 298 435
166 241 1124 1 226 1143
167 410 97 1 401 104
168 43 1051 1 25 1068
169 85 716 1 70 730
170 490 411 1 480 420
171 211 24 1 195 37
172 431 289 1 423 295
173 254 918 1 239 934
174 414 71 1 405 77
175 235 103 1 223 116
176 279 49 1 268 55
177 385 83 1 377 88
178 510 925 1 500 942
179 285 207 1 273 216
180 265 1115 1 250 1134
181 173 168 1 160 179
182 57 1203 1 38 1222
183 130 299 1 116 311
184 316 966 1 302 984
185 689 680 1 686 693
186 193 953 1 178 970
187 273 1210 1 257 1229
188 314 795 1 299 810
189 274 774 1 259 789
190 109 1191 1 91 1209
191 274 1144 1 258 1163
192 166 63 1 155 75
193 308 1242 1 293 1261
194 519 411 1 509 420
195 446 399 1 435 407
196 72 194 1 60 206
197 384 302 1 374 308
198 82 601 1 66 615
199 254 965 1 239 982
200 417 922 1 407 939
201 253 931 1 238 948
202 195 624 1 180 637
203 499 84 1 491 90
204 325 340 1 313 348
205 220 781 1 205 797
206 306 341 1 294 350
207 86 735 1 71 750
208 393 109 1 384 116
209 287 845 1 272 861
210 660 299 1 657 303
211 413 1089 1 401 1109
212 245 1174 1 228 1192
213 615 894 1 609 911
214 189 198 1 177 209
215 383 116 1 373 124
216 536 850 1 527 866
217 331 190 1 319 200
218 181 178 1 169 188
219 307 40 1 295 46
220 152 157 1 138 168
221 517 388 1 508 398
222 66 1030 1 48 1047
223 313 977 1 299 994
224 52 1214 1 33 1233
225 339 152 1 328 161
226 172 95 1 161 105
227 171 118 1 158 128
228 596 984 1 589 1003
229 162 203 1 148 214
230 69 162 1 56 175
231 553 863 1 545 879
232 296 963 1 281 980
233 263 1203 1 247 1222
234 662 289 1 660 293
235 396 1151 1 382 1171
236 75 182 1 61 195
237 161 81 1 150 92
238 539 924 1 529 942
239 130 1171 1 113 1190
240 150 264 1 137 275
241 136 894 1 120 910
242 184 957 1 168 974
243 314 198 1 302 208
244 355 179 1 345 187
245 205 1175 1 188 1194
246 279 877 1 265 893
247 620 306 1 616 312
248 267 43 1 256 49
249 552 843 1 543 859
250 329 1011 1 315 1028
251 501 855 1 491 871
252 370 195 1 359 205
253 303 266 1 290 278
254 269 922 1 254 938
255 145 47 1 134 60
256 266 137 1 255 145
257 257 279 1 243 293
258 272 1095 1 257 1114
259 193 36 1 183 48
260 157 134 1 145 144
261 183 873 1 168 889
262 199 783 1 183 798
263 257 975 1 242 991
264 444 138 1 434 146
265 194 101 1 182 113
266 153 1032 1 136 1050
267 85 1064 1 67 1081
268 246 1003 1 230 1020
269 243 1021 1 228 1037
270 80 395 1 64 409
271 181 1174 1 164 1193
272 55 1013 1 37 1029
273 401 162 1 390 171
274 138 138 1 125 149
275 294 194 1 282 203
276 595 330 1 588 338
277 162 180 1 149 191
278 270 952 1 256 970
279 611 738 1 604 752
280 245 994 1 229 1011
281 639 740 1 634 753
282 559 352 1 552 359
283 296 159 1 285 166
284 231 33 1 219 45
285 136 925 1 121 942
286 350 137 1 340 144
287 284 886 1 269 903
288 457 408 1 447 417
289 101 1134 1 83 1152
290 171 769 1 155 784
291 616 845 1 610 861
292 428 926 1 418 944
293 287 1164 1 271 1183
294 264 932 1 249 948
295 72 458 1 57 471
296 196 940 1 180 957
297 179 156 1 166 166
298 212 1047 1 196 1064
299 301 50 1 291 56
300 240 655 1 226 670
301 172 1178 1 155 1198
302 190 1150 1 173 1170
303 223 894 1 207 911
304 82 888 1 65 904
305 398 138 1 389 146
306 365 59 1 356 65
307 179 862 1 162 878
308 152 83 1 140 96
309 221 803 1 206 818
310 140 33 1 129 46
311 464 819 1 453 835
312 586 394 1 580 402
313 397 1163 1 383 1182
314 253 1064 1 238 1082
315 282 1105 1 268 1123
316 134 264 1 120 274
317 248 941 1 233 957
318 303 818 1 288 835
319 434 66 1 425 72
320 254 32 1 244 37
321 267 688 1 252 703
322 387 293 1 379 298
323 286 115 1 275 123
324 336 325 1 325 333
325 270 74 1 260 80
326 266 403 1 253 416
327 284 123 1 273 131
328 608 636 1 601 648
329 189 1127 1 172 1144
330 560 699 1 552 712
331 268 1079 1 253 1097
332 257 89 1 246 96
333 218 1153 1 202 1172
334 318 34 1 308 40
335 253 1194 1 236 1213
336 176 779 1 160 795
337 191 130 1 179 140
338 300 25 1 289 28
339 145 1166 1 128 1185
340 322 170 1 311 179
341 444 118 1 435 126
342 249 1185 1 233 1204
343 264 355 1 251 366
344 152 217 1 139 228
345 368 138 1 358 146
346 228 1158 1 212 1177
347 182 790 1 167 807
348 585 689 1 578 702
349 208 103 1 196 117
350 212 933 1 197 950
351 388 60 1 379 66
352 257 994 1 241 1011
353 359 80 1 349 85
354 182 1065 1 165 1082
355 587 836 1 580 851
356 280 988 1 264 1005
357 276 625 1 261 640
358 383 179 1 374 188
359 600 792 1 594 806
360 136 164 1 123 175
361 217 843 1 202 859
362 245 976 1 230 992
363 399 1095 1 386 1114
364 230 977 1 214 993
365 608 305 1 602 312
366 528 410 1 519 419
367 364 119 1 354 127
368 614 874 1 608 891
369 232 924 1 217 939
370 163 1179 1 145 1198
371 202 823 1 186 838
372 229 753 1 216 769
373 396 1073 1 383 1092
374 219 1063 1 203 1080
375 127 309 1 114 320
376 197 92 1 185 105
377 652 1181 1 648 1205
378 291 246 1 278 260
379 524 358 1 517 365
380 258 302 1 245 316
381 152 63 1 140 76
382 587 698 1 579 711
383 143 1146 1 125 1164
384 245 874 1 229 890
385 257 1077 1 241 1095
386 249 248 1 236 262
387 235 948 1 220 965
388 189 1077 1 173 1094
389 277 1157 1 262 1176
390 451 365 1 442 372
391 384 126 1 374 133
392 574 740 1 566 754
393 338 232 1 327 243
394 346 127 1 335 134
395 497 819 1 487 836
396 555 376 1 548 385
397 225 1168 1 209 1187
398 267 125 1 256 133
399 244 179 1 232 192
400 106 1153 1 89 1171
401 273 1185 1 257 1205
402 307 99 1 296 109
403 215 1134 1 199 1153
404 412 368 1 403 375
405 215 1173 1 198 1192
406 279 972 1 263 989
407 392 1112 1 379 1131
408 124 892 1 107 908
409 535 833 1 526 850
410 152 184 1 140 195
411 248 1050 1 232 1068
412 93 1168 1 75 1186
413 165 1164 1 148 1182
414 151 1022 1 135 1039
415 230 1178 1 214 1198
416 509 58 1 502 64
417 645 961 1 640 980
418 232 1106 1 216 1124
419 194 162 1 182 172
420 291 63 1 280 69
421 162 119 1 149 129
422 339 215 1 327 226
423 606 688 1 600 701
424 188 245 1 175 255
