0 297 1166 1 361 1157
1 271 1000 1 333 988
2 204 805 1 266 795
3 297 1184 1 361 1175
4 252 340 1 310 326
5 243 871 1 305 859
6 408 38 1 467 9
7 224 212 1 280 194
8 173 892 1 235 882
9 297 1130 1 361 1120
10 269 1050 1 332 1040
11 223 222 1 280 205
12 308 1164 1 371 1156
13 260 918 1 323 908
14 196 1058 1 259 1048
15 494 275 1 557 250
16 349 865 1 412 853
17 230 314 1 289 301
18 245 433 1 304 415
19 265 1248 1 329 1240
20 258 831 1 320 819
21 246 854 1 307 843
22 235 252 1 293 236
23 237 185 1 296 164
24 252 353 1 310 339
25 237 342 1 295 327
26 184 355 1 241 344
27 181 756 1 241 746
28 270 1123 1 332 1114
29 271 1022 1 334 1008
30 423 871 1 488 857
31 424 947 1 490 938
32 297 248 1 354 230
33 26 1236 1 90 1225
34 248 912 1 311 900
35 123 673 1 184 663
36 238 353 1 296 339
37 268 1180 1 330 1171
38 311 1117 1 374 1107
39 184 1024 1 247 1009
40 444 445 1 507 426
41 466 891 1 531 878
42 327 219 1 385 200
43 235 1002 1 297 990
44 389 868 1 453 856
45 178 469 1 237 458
46 258 841 1 320 831
47 210 1010 1 272 999
48 251 330 1 309 316
49 244 891 1 305 881
50 112 1120 1 175 1111
51 506 361 1 570 336
52 141 1241 1 204 1229
53 413 883 1 478 870
54 183 1186 1 245 1175
55 131 1112 1 194 1101
56 417 307 1 477 285
57 125 656 1 186 645
58 420 119 1 478 94
59 171 923 1 233 914
60 197 721 1 258 710
61 174 965 1 234 955
62 405 28 1 463 0
63 251 59 1 307 34
64 506 413 1 571 391
65 406 429 1 468 409
66 249 320 1 307 304
67 272 132 1 328 109
68 470 410 1 534 388
69 504 270 1 567 244
70 265 197 1 322 179
71 232 830 1 294 819
72 284 413 1 344 393
73 191 1248 1 253 1236
74 100 717 1 161 706
75 342 430 1 403 411
76 77 234 1 133 221
77 239 1025 1 301 1017
78 183 325 1 240 313
79 232 460 1 293 446
80 141 815 1 201 804
81 241 1062 1 303 1052
82 339 125 1 397 100
83 49 367 1 107 356
84 396 432 1 457 413
85 115 656 1 176 646
86 214 402 1 271 387
87 347 961 1 410 950
88 203 1161 1 266 1151
89 183 1152 1 246 1140
90 269 177 1 328 155
91 214 1197 1 276 1186
92 296 238 1 352 221
93 264 271 1 321 257
94 194 248 1 251 232
95 193 1232 1 256 1221
96 465 881 1 530 868
97 378 431 1 439 411
98 299 175 1 357 155
99 193 929 1 255 919
100 187 722 1 248 711
101 327 209 1 385 190
102 187 795 1 246 788
103 314 1185 1 376 1176
104 434 445 1 497 426
105 136 1125 1 199 1115
106 241 242 1 297 224
107 334 147 1 393 126
108 321 147 1 379 125
109 397 52 1 456 23
110 493 48 1 554 17
111 198 1022 1 260 1012
112 234 810 1 295 799
113 330 158 1 389 138
114 342 32 1 399 2
115 95 100 1 151 89
116 496 288 1 559 262
117 178 366 1 236 355
118 249 383 1 307 366
119 319 157 1 376 136
120 212 249 1 268 232
121 191 1222 1 253 1211
122 463 901 1 533 887
123 559 1089 1 630 1079
124 314 50 1 371 22
125 181 1166 1 246 1154
126 186 1112 1 249 1103
127 436 456 1 499 437
128 207 1127 1 265 1116
129 87 266 1 142 253
130 509 386 1 573 363
131 508 31 1 570 0
132 55 334 1 113 323
133 350 344 1 412 317
134 60 298 1 117 287
135 197 35 1 252 10
136 332 958 1 399 946
137 117 26 1 171 12
138 160 1161 1 222 1149
139 603 1109 1 676 1100
140 324 117 1 382 92
141 181 744 1 239 732
142 205 100 1 262 78
143 259 1050 1 322 1040
144 331 1240 1 395 1231
145 525 930 1 594 918
146 251 800 1 312 791
147 450 886 1 516 874
148 435 434 1 497 415
149 474 399 1 538 376
150 508 1018 1 576 1008
151 535 358 1 600 334
152 453 959 1 519 948
153 212 117 1 268 97
154 493 71 1 554 42
155 369 167 1 427 146
156 209 883 1 268 869
157 212 997 1 277 987
158 310 167 1 368 145
159 79 1217 1 142 1206
160 102 906 1 164 896
161 275 1156 1 338 1147
162 248 1045 1 310 1034
163 360 342 1 420 318
164 79 250 1 136 241
165 24 1190 1 86 1178
166 75 303 1 134 288
167 143 1098 1 206 1088
168 162 1055 1 224 1044
169 293 116 1 348 88
170 182 315 1 239 303
171 596 724 1 667 706
172 289 165 1 347 147
173 203 921 1 265 910
174 573 354 1 639 328
175 367 187 1 426 166
176 87 237 1 145 227
177 126 1127 1 189 1116
178 154 1000 1 216 990
179 96 1210 1 160 1199
180 162 1178 1 224 1167
181 330 176 1 388 155
182 90 802 1 152 792
183 500 255 1 566 233
184 527 883 1 595 869
185 352 60 1 412 30
186 465 911 1 530 898
187 115 1169 1 178 1159
188 92 173 1 147 158
189 158 1069 1 220 1059
190 162 1127 1 225 1117
191 130 1080 1 192 1071
192 160 688 1 222 678
193 89 1214 1 152 1204
194 107 1187 1 170 1176
195 145 1204 1 205 1193
196 422 139 1 481 113
197 98 896 1 158 885
198 210 1173 1 273 1164
199 120 856 1 182 846
200 604 1121 1 676 1113
201 331 1124 1 394 1114
202 127 1210 1 189 1199
203 386 29 1 445 -1
204 101 80 1 156 66
205 106 1111 1 169 1101
206 102 1143 1 164 1134
207 231 158 1 288 137
208 414 857 1 477 844
209 223 202 1 279 184
210 522 781 1 590 763
211 58 977 1 120 967
212 489 419 1 552 398
213 504 830 1 569 816
214 249 216 1 306 197
215 96 813 1 157 803
216 306 1205 1 371 1196
217 473 70 1 534 40
218 170 1099 1 234 1089
219 78 223 1 134 209
220 61 1203 1 124 1191
221 141 929 1 203 918
222 498 38 1 559 6
223 296 63 1 353 36
224 185 1097 1 248 1087
225 446 455 1 509 436
226 138 878 1 198 866
227 188 392 1 246 379
228 145 1194 1 208 1183
229 430 115 1 491 88
230 284 131 1 342 109
231 52 927 1 117 918
232 203 1140 1 264 1129
233 196 660 1 257 649
234 197 649 1 257 640
235 289 183 1 344 162
236 171 692 1 232 681
237 273 1166 1 337 1157
238 52 344 1 110 332
239 279 1055 1 342 1044
240 125 126 1 180 114
241 113 86 1 169 73
242 184 337 1 241 326
243 103 1163 1 165 1153
244 499 738 1 566 723
245 552 997 1 622 986
246 82 169 1 141 158
247 203 407 1 261 393
248 175 283 1 232 272
249 100 1098 1 162 1088
250 165 281 1 221 270
251 659 747 1 733 728
252 472 424 1 535 403
253 154 1045 1 216 1035
254 480 914 1 547 901
255 321 71 1 379 44
256 449 872 1 515 858
257 460 869 1 526 856
258 148 1214 1 211 1204
259 150 1141 1 212 1131
260 83 204 1 139 193
261 516 729 1 584 713
262 343 88 1 401 62
