0 284 1163 1 357 1160
1 211 227 1 277 215
2 212 217 1 277 206
3 191 804 1 263 800
4 259 998 1 330 993
5 284 1182 1 358 1179
6 238 342 1 306 335
7 230 870 1 302 865
8 248 919 1 320 914
9 294 1161 1 367 1159
10 394 49 1 461 28
11 336 866 1 407 860
12 223 256 1 289 247
13 160 891 1 232 887
14 224 344 1 292 336
15 284 1127 1 357 1124
16 256 1048 1 328 1044
17 475 69 1 543 47
18 283 252 1 350 241
19 479 284 1 549 266
20 183 1055 1 256 1053
21 218 316 1 286 310
22 232 436 1 301 426
23 252 1245 1 326 1243
24 404 137 1 473 120
25 226 191 1 292 178
26 231 854 1 304 849
27 238 355 1 306 348
28 401 312 1 471 298
29 169 1183 1 242 1179
30 246 830 1 317 825
31 256 1121 1 328 1118
32 214 444 1 282 436
33 171 356 1 238 351
34 168 757 1 239 752
35 110 673 1 182 669
36 329 434 1 398 423
37 225 356 1 293 348
38 255 1177 1 327 1175
39 297 1114 1 370 1111
40 450 890 1 525 885
41 445 949 1 518 945
42 313 224 1 380 212
43 222 1000 1 294 995
44 165 469 1 234 464
45 183 721 1 255 716
46 244 841 1 317 837
47 423 30 1 490 6
48 231 890 1 303 887
49 99 1120 1 173 1115
50 490 368 1 562 351
51 128 1240 1 202 1234
52 197 1009 1 269 1004
53 272 1245 1 345 1243
54 335 60 1 401 39
55 111 655 1 183 651
56 398 882 1 473 876
57 375 868 1 448 862
58 146 1159 1 219 1154
59 118 1111 1 192 1106
60 217 334 1 285 326
61 193 1046 1 265 1041
62 407 871 1 482 864
63 219 829 1 291 824
64 413 49 1 481 28
65 363 434 1 434 423
66 406 127 1 473 110
67 158 923 1 230 919
68 257 219 1 323 208
69 391 40 1 457 20
70 490 420 1 563 405
71 392 434 1 462 422
72 236 322 1 303 313
73 258 140 1 324 125
74 454 417 1 526 402
75 488 278 1 559 260
76 251 203 1 318 192
77 271 419 1 339 407
78 170 1150 1 243 1145
79 235 911 1 308 905
80 87 717 1 159 712
81 403 30 1 470 8
82 350 436 1 420 426
83 174 1251 1 247 1248
84 170 326 1 237 320
85 127 815 1 199 810
86 292 132 1 358 115
87 36 369 1 105 365
88 381 436 1 451 425
89 226 245 1 293 236
90 189 1138 1 261 1134
91 226 224 1 291 213
92 333 959 1 405 956
93 189 1159 1 263 1156
94 49 326 1 117 320
95 256 183 1 324 169
96 167 1001 1 240 997
97 201 1195 1 274 1191
98 283 242 1 349 232
99 194 62 1 258 47
100 181 252 1 248 243
101 322 156 1 388 141
102 180 1230 1 253 1226
103 450 880 1 524 875
104 225 1025 1 298 1022
105 200 406 1 268 397
106 542 1084 1 621 1083
107 321 955 1 394 952
108 286 181 1 353 169
109 313 214 1 380 202
110 64 236 1 131 230
111 227 1061 1 300 1057
112 74 268 1 140 262
113 300 1183 1 372 1179
114 178 1240 1 252 1237
115 124 1124 1 197 1119
116 87 156 1 154 150
117 167 744 1 237 738
118 118 46 1 183 40
119 383 64 1 449 43
120 477 59 1 546 37
121 308 154 1 374 140
122 221 810 1 292 805
123 169 1194 1 243 1191
124 325 132 1 392 116
125 89 907 1 162 902
126 193 106 1 259 94
127 180 929 1 252 924
128 169 1241 1 242 1238
129 328 44 1 393 23
130 481 296 1 551 278
131 236 388 1 303 378
132 199 253 1 265 244
133 165 367 1 233 362
134 69 208 1 137 202
135 83 104 1 149 98
136 153 972 1 226 967
137 178 1220 1 251 1215
138 447 900 1 521 895
139 301 61 1 365 42
140 171 1161 1 244 1158
141 194 1125 1 267 1121
142 152 140 1 217 135
143 493 393 1 565 377
144 239 66 1 303 51
145 306 164 1 372 151
146 492 44 1 561 20
147 318 167 1 385 152
148 43 337 1 111 332
149 237 211 1 303 200
150 47 299 1 115 296
151 185 44 1 249 28
152 510 881 1 587 876
153 270 170 1 335 157
154 103 28 1 169 22
155 518 366 1 591 350
156 584 1104 1 664 1104
157 216 58 1 280 42
158 311 125 1 377 109
159 346 60 1 412 40
160 168 1211 1 241 1208
161 58 171 1 123 165
162 206 241 1 272 229
163 300 121 1 366 105
164 245 1048 1 319 1045
165 317 1235 1 391 1234
166 200 29 1 264 13
167 509 929 1 586 924
168 55 184 1 121 178
169 236 247 1 303 237
170 238 800 1 309 797
171 436 886 1 510 881
172 189 80 1 254 66
173 420 439 1 491 426
174 459 405 1 531 390
175 68 169 1 134 163
176 103 65 1 169 59
177 157 1159 1 229 1155
178 67 256 1 133 251
179 244 236 1 311 226
180 227 43 1 291 27
181 166 1229 1 241 1225
182 492 1015 1 568 1013
183 221 100 1 286 86
184 182 101 1 247 87
185 215 85 1 280 70
186 149 1210 1 222 1205
187 199 125 1 265 112
188 477 83 1 546 62
189 99 160 1 166 153
190 355 173 1 422 160
191 199 996 1 274 992
192 296 173 1 363 159
193 181 1186 1 254 1182
194 66 1216 1 139 1210
195 208 103 1 273 90
196 222 152 1 287 139
197 234 93 1 299 78
198 261 1153 1 335 1151
199 234 1044 1 307 1039
200 345 349 1 414 334
201 295 1192 1 369 1189
202 102 657 1 174 652
203 131 1097 1 204 1093
204 148 1054 1 222 1049
205 169 316 1 236 310
206 578 727 1 655 717
207 198 168 1 264 157
208 180 1199 1 253 1195
209 94 229 1 161 222
210 204 50 1 268 34
211 190 920 1 262 916
212 555 363 1 629 345
213 218 462 1 290 455
214 279 122 1 345 105
215 141 981 1 214 977
216 354 193 1 421 180
217 75 241 1 142 236
218 52 154 1 118 149
219 114 1126 1 186 1121
220 175 77 1 239 63
221 141 999 1 213 995
222 69 129 1 135 125
223 636 44 1 712 10
224 84 1209 1 158 1204
225 190 1198 1 263 1194
226 51 202 1 117 196
227 149 1176 1 222 1172
228 316 182 1 384 169
229 77 802 1 149 798
230 484 264 1 555 246
231 171 1112 1 246 1108
232 108 42 1 173 35
233 338 70 1 406 50
234 450 909 1 524 904
235 172 54 1 235 38
236 102 1168 1 176 1164
237 79 176 1 145 169
238 144 1068 1 217 1064
239 149 1125 1 223 1121
240 117 1080 1 190 1076
241 96 199 1 162 193
242 30 1207 1 104 1203
243 147 689 1 219 684
244 76 1214 1 150 1208
245 95 1185 1 167 1180
246 228 64 1 293 48
247 156 1230 1 230 1225
248 407 147 1 474 129
249 85 896 1 156 891
250 197 1171 1 270 1168
251 107 856 1 180 851
252 585 1115 1 665 1116
253 114 1208 1 187 1203
254 372 41 1 438 19
255 88 83 1 154 77
256 105 238 1 171 231
257 94 1111 1 167 1106
258 544 1205 1 623 1207
259 89 1143 1 162 1139
260 219 163 1 285 151
261 247 227 1 312 216
262 174 1170 1 246 1168
263 68 141 1 135 137
264 162 46 1 225 29
265 111 162 1 178 156
266 506 782 1 581 775
267 142 1190 1 215 1185
268 251 275 1 318 267
269 46 976 1 118 972
270 473 425 1 545 411
271 486 830 1 562 823
272 236 221 1 303 210
273 82 813 1 154 809
274 294 1202 1 367 1199
275 61 158 1 127 151
276 215 41 1 279 25
277 458 81 1 526 59
278 157 1099 1 231 1093
279 65 224 1 132 219
280 49 1201 1 123 1197
281 129 928 1 200 924
282 482 50 1 551 26
283 283 75 1 348 56
284 173 1097 1 246 1092
285 97 283 1 164 277
286 124 877 1 196 872
287 133 1192 1 206 1188
288 313 50 1 378 29
289 272 140 1 337 125
290 149 951 1 221 946
291 53 1067 1 126 1062
292 153 1084 1 226 1079
293 183 660 1 254 655
294 184 650 1 255 646
295 325 57 1 388 36
296 505 366 1 578 350
297 275 189 1 340 176
298 103 189 1 169 183
299 295 49 1 360 29
300 483 730 1 558 722
301 158 691 1 229 687
302 152 1200 1 226 1195
303 248 28 1 312 11
304 327 70 1 393 50
305 97 76 1 162 71
306 269 229 1 335 217
307 260 1163 1 333 1161
308 40 346 1 108 341
309 266 1053 1 339 1049
310 112 128 1 178 123
311 101 88 1 167 82
312 417 122 1 485 105
313 185 163 1 251 152
314 170 338 1 238 333
315 531 782 1 607 774
316 90 1161 1 163 1157
317 483 740 1 558 732
318 282 139 1 348 124
319 535 995 1 613 992
320 174 91 1 238 78
321 190 410 1 258 403
322 162 284 1 229 280
323 87 1097 1 160 1092
324 226 1229 1 300 1226
325 151 282 1 218 277
326 537 1097 1 615 1096
327 638 749 1 719 739
328 456 430 1 528 417
329 233 76 1 298 62
330 141 1045 1 214 1040
331 465 912 1 540 908
332 308 81 1 374 63
333 464 784 1 538 777
334 435 871 1 509 865
335 215 139 1 280 127
336 477 689 1 551 680
337 222 127 1 288 114
338 445 868 1 519 863
339 215 306 1 284 299
340 346 127 1 413 111
341 135 1213 1 208 1208
342 194 178 1 260 167
343 137 1140 1 210 1136
344 62 325 1 129 320
345 249 372 1 317 360
346 501 731 1 576 723
347 155 1248 1 228 1244
348 330 97 1 396 80
