0 348 1142 1 355 1164
1 263 219 1 275 230
2 252 790 1 261 807
3 348 1161 1 355 1183
4 293 332 1 304 345
5 320 980 1 328 999
6 278 184 1 290 193
7 310 902 1 318 920
8 358 1141 1 365 1163
9 348 1108 1 355 1128
10 440 44 1 456 50
11 396 850 1 404 867
12 223 876 1 230 893
13 279 333 1 290 347
14 307 816 1 314 832
15 295 839 1 301 855
16 520 62 1 537 69
17 335 243 1 347 254
18 528 274 1 543 283
19 54 836 1 61 851
20 68 1097 1 73 1114
21 248 1038 1 255 1058
22 317 1223 1 324 1246
23 272 307 1 284 320
24 292 854 1 300 871
25 293 345 1 304 358
26 235 1164 1 240 1184
27 319 1031 1 326 1050
28 321 1101 1 326 1122
29 288 427 1 299 439
30 270 434 1 280 447
31 454 129 1 468 138
32 226 345 1 236 360
33 364 214 1 377 226
34 171 661 1 179 676
35 447 425 1 458 435
36 279 345 1 291 358
37 319 1156 1 325 1178
38 275 249 1 287 260
39 361 1095 1 368 1115
40 83 1217 1 87 1237
41 508 872 1 520 891
42 503 931 1 514 951
43 402 325 1 415 336
44 221 457 1 232 472
45 243 708 1 253 724
46 307 826 1 314 843
47 468 25 1 484 30
48 293 875 1 300 893
49 165 1103 1 171 1121
50 540 358 1 556 366
51 195 1220 1 200 1239
52 260 992 1 267 1010
53 336 1223 1 343 1246
54 383 57 1 398 62
55 172 643 1 181 658
56 458 865 1 469 883
57 435 851 1 445 869
58 212 1140 1 217 1159
59 184 1094 1 189 1111
60 272 323 1 283 336
61 452 303 1 467 313
62 54 725 1 62 740
63 276 354 1 287 368
64 256 1028 1 263 1047
65 281 814 1 289 831
66 459 44 1 476 50
67 417 423 1 430 435
68 453 119 1 468 128
69 221 908 1 228 925
70 467 852 1 478 871
71 308 211 1 321 222
72 436 35 1 452 41
73 228 743 1 237 759
74 541 408 1 556 420
75 290 310 1 301 324
76 506 406 1 521 417
77 537 269 1 553 278
78 34 134 1 47 148
79 285 983 1 292 1001
80 303 195 1 316 206
81 325 412 1 337 422
82 148 704 1 157 719
83 449 26 1 465 31
84 404 425 1 416 438
85 240 1231 1 245 1252
86 224 314 1 235 329
87 34 119 1 47 133
88 189 801 1 197 817
89 342 126 1 355 134
90 93 362 1 104 375
91 279 237 1 291 249
92 253 1120 1 259 1139
93 278 216 1 289 227
94 393 941 1 402 961
95 255 1141 1 261 1160
96 105 318 1 116 330
97 231 984 1 238 1002
98 266 1175 1 272 1195
99 334 233 1 346 245
100 244 60 1 257 67
101 292 322 1 304 335
102 234 244 1 246 256
103 309 175 1 322 184
104 75 1084 1 80 1101
105 371 149 1 385 158
106 246 1210 1 251 1230
107 507 863 1 519 881
108 288 1008 1 296 1027
109 255 396 1 266 408
110 599 1062 1 613 1085
111 381 937 1 391 957
112 298 894 1 306 911
113 336 174 1 350 184
114 364 205 1 377 216
115 118 229 1 130 241
116 291 1043 1 298 1062
117 128 261 1 139 273
118 245 1220 1 250 1241
119 435 424 1 447 438
120 140 149 1 152 162
121 228 730 1 234 745
122 167 39 1 181 52
123 33 65 1 46 78
124 429 59 1 445 65
125 523 52 1 540 59
126 357 146 1 371 157
127 282 795 1 290 812
128 236 1175 1 241 1195
129 375 126 1 388 134
130 153 892 1 160 908
131 244 102 1 257 111
132 243 913 1 250 930
133 235 1222 1 240 1242
134 375 41 1 390 46
135 530 286 1 545 295
136 252 245 1 263 257
137 220 356 1 231 370
138 182 66 1 196 80
139 123 201 1 135 214
140 134 97 1 147 110
141 217 956 1 224 973
142 244 1200 1 249 1220
143 505 882 1 517 901
144 74 1060 1 80 1077
145 72 1152 1 76 1169
146 236 1142 1 242 1163
147 305 250 1 318 262
148 258 1107 1 264 1126
149 202 130 1 215 144
150 543 382 1 559 393
151 287 62 1 301 70
152 356 156 1 369 167
153 537 37 1 555 43
154 368 159 1 381 168
155 100 329 1 110 342
156 65 892 1 71 908
157 363 1161 1 370 1183
158 309 136 1 321 143
159 102 294 1 113 306
160 566 863 1 580 883
161 320 163 1 333 173
162 568 356 1 584 367
163 236 1132 1 241 1150
164 640 1080 1 656 1105
165 265 55 1 279 62
166 190 1108 1 195 1125
167 174 200 1 185 213
168 360 119 1 374 127
169 393 56 1 408 62
170 234 1192 1 239 1212
171 110 165 1 122 177
172 258 209 1 270 218
173 258 232 1 270 243
174 349 116 1 363 124
175 308 1030 1 317 1050
176 168 130 1 181 144
177 382 1213 1 388 1236
178 249 28 1 263 34
179 77 1165 1 80 1184
180 566 910 1 579 930
181 108 178 1 120 190
182 289 239 1 301 250
183 80 1207 1 84 1226
184 494 868 1 505 887
185 239 77 1 253 85
186 50 1050 1 55 1068
187 510 394 1 525 406
188 121 163 1 133 175
189 153 57 1 167 70
190 222 1141 1 227 1160
191 121 249 1 132 262
192 297 227 1 309 239
193 275 41 1 290 47
194 233 1209 1 239 1230
195 550 995 1 563 1017
196 271 96 1 284 104
197 564 1213 1 576 1240
198 232 98 1 246 106
199 264 81 1 278 88
200 215 1190 1 220 1210
201 250 120 1 263 129
202 522 76 1 540 83
203 153 153 1 164 165
204 403 38 1 419 42
205 404 164 1 418 175
206 263 978 1 272 998
207 347 166 1 360 175
208 347 57 1 363 63
209 247 1167 1 252 1187
210 134 1197 1 138 1215
211 258 99 1 271 107
212 272 146 1 286 155
213 269 237 1 280 248
214 284 88 1 297 96
215 326 1133 1 333 1154
216 298 1026 1 305 1045
217 397 342 1 411 351
218 360 1171 1 367 1193
219 196 1080 1 202 1098
220 213 1037 1 220 1055
221 224 305 1 234 319
222 630 711 1 646 727
223 250 162 1 262 172
224 246 1180 1 251 1200
225 148 221 1 160 234
226 253 48 1 267 55
227 252 905 1 260 922
228 603 354 1 621 363
229 328 116 1 342 124
230 205 965 1 212 983
231 404 185 1 418 195
232 129 233 1 141 247
233 104 149 1 116 161
234 179 1108 1 184 1127
235 225 76 1 238 82
236 205 983 1 211 1000
237 510 422 1 523 431
238 120 121 1 133 135
239 676 41 1 700 41
240 153 1189 1 156 1209
241 348 342 1 360 352
242 256 1178 1 261 1198
243 104 196 1 115 208
244 121 289 1 133 302
245 216 1158 1 220 1177
246 366 174 1 381 184
247 140 789 1 147 804
248 533 254 1 549 264
249 158 35 1 171 47
250 508 890 1 519 910
251 531 341 1 546 351
252 221 53 1 234 59
253 159 1232 1 163 1253
254 169 1149 1 174 1168
255 290 203 1 302 214
256 209 1051 1 215 1069
257 215 1108 1 221 1127
258 33 44 1 47 58
259 183 1063 1 188 1081
260 150 192 1 161 204
261 99 1188 1 103 1207
262 208 676 1 217 691
263 144 1194 1 148 1213
264 161 1166 1 166 1185
265 277 60 1 292 67
266 223 1210 1 228 1230
267 455 139 1 470 147
268 149 881 1 155 898
269 263 1153 1 268 1173
270 170 841 1 178 858
271 119 110 1 132 124
272 640 1091 1 656 1117
273 37 1050 1 42 1066
274 297 784 1 306 804
275 289 380 1 302 391
276 181 1189 1 185 1209
277 418 36 1 434 42
278 139 77 1 152 89
279 159 231 1 170 243
280 160 1094 1 165 1111
281 602 1180 1 616 1207
282 155 1125 1 160 1144
283 270 156 1 283 166
284 298 219 1 310 230
285 239 1150 1 245 1171
286 387 65 1 402 72
287 120 133 1 133 147
288 212 44 1 225 50
289 164 154 1 176 167
290 195 1197 1 200 1216
291 561 765 1 575 783
292 208 1170 1 213 1190
293 304 264 1 316 277
294 112 961 1 117 978
295 524 413 1 539 425
296 543 813 1 556 831
297 288 213 1 300 224
298 145 799 1 153 816
299 358 1181 1 365 1203
300 114 152 1 126 164
301 263 39 1 277 45
302 503 74 1 520 81
303 119 217 1 131 230
304 117 1182 1 122 1201
305 192 913 1 198 930
306 199 63 1 212 77
307 528 42 1 545 49
308 331 72 1 346 77
309 112 76 1 124 90
310 237 1080 1 243 1098
311 152 276 1 163 288
312 188 863 1 194 878
313 212 208 1 224 222
314 199 1174 1 204 1193
315 360 47 1 375 52
316 345 67 1 360 73
317 322 135 1 335 143
318 213 935 1 220 952
319 119 1051 1 124 1068
320 218 1067 1 224 1085
321 242 647 1 252 662
322 244 637 1 252 652
323 371 54 1 385 59
324 555 356 1 571 366
325 325 182 1 337 191
326 157 182 1 168 194
327 342 46 1 357 51
328 539 714 1 552 731
329 218 677 1 227 693
330 219 1181 1 224 1200
331 296 26 1 310 32
332 375 66 1 390 72
333 148 70 1 161 82
334 324 1142 1 331 1164
335 96 338 1 107 351
336 329 1035 1 336 1054
337 163 120 1 176 134
338 152 81 1 165 94
339 465 114 1 480 123
340 236 158 1 249 167
341 225 327 1 236 342
342 585 765 1 600 782
343 156 1143 1 162 1162
344 127 174 1 138 186
345 538 725 1 552 741
346 332 133 1 345 142
347 592 974 1 605 996
348 225 89 1 237 96
349 246 401 1 256 413
350 342 138 1 356 146
351 215 274 1 227 288
352 153 1080 1 158 1098
353 292 1209 1 297 1230
354 205 271 1 216 286
355 242 1093 1 248 1112
356 594 1073 1 608 1098
357 688 733 1 708 749
358 283 73 1 296 81
359 205 1028 1 211 1046
360 146 165 1 157 176
361 375 333 1 389 342
362 523 894 1 535 913
363 119 238 1 131 250
364 355 77 1 371 83
365 520 768 1 533 785
366 493 853 1 504 871
367 265 134 1 278 143
368 532 674 1 546 690
369 273 122 1 286 131
370 504 851 1 515 869
371 270 296 1 282 310
372 395 120 1 409 129
373 268 333 1 280 346
374 245 172 1 258 182
375 203 1123 1 208 1141
376 117 317 1 128 330
377 556 715 1 570 732
378 221 1229 1 226 1249
379 378 92 1 392 99
