0 357 1140 1 355 1164
1 268 220 1 275 232
2 260 790 1 260 808
3 357 1160 1 355 1183
4 329 979 1 327 1000
5 283 185 1 290 196
6 318 902 1 317 921
7 367 1139 1 364 1163
8 357 1106 1 354 1129
9 444 46 1 455 54
10 403 849 1 403 868
11 303 838 1 301 856
12 231 876 1 230 894
13 285 333 1 289 349
14 314 815 1 314 833
15 524 63 1 535 73
16 341 243 1 347 256
17 533 275 1 542 287
18 62 836 1 61 852
19 279 307 1 283 322
20 78 1097 1 72 1115
21 257 1037 1 254 1059
22 299 333 1 303 347
23 327 1222 1 323 1246
24 299 345 1 303 360
25 447 424 1 457 437
26 244 1164 1 240 1185
27 327 1030 1 326 1050
28 301 853 1 299 872
29 329 1100 1 326 1123
30 295 428 1 298 441
31 276 434 1 280 449
32 459 129 1 467 141
33 233 345 1 236 361
34 370 215 1 377 229
35 178 661 1 179 677
36 285 345 1 290 360
37 328 1155 1 325 1179
38 280 250 1 287 262
39 370 1093 1 367 1116
40 93 1217 1 87 1238
41 516 871 1 519 892
42 511 929 1 513 951
43 408 325 1 415 339
44 228 457 1 231 474
45 251 708 1 253 725
46 314 825 1 314 844
47 472 27 1 483 35
48 301 874 1 300 894
49 174 1102 1 170 1122
50 545 358 1 554 369
51 205 1219 1 199 1240
52 269 991 1 267 1011
53 346 1222 1 342 1246
54 387 58 1 397 66
55 179 643 1 181 660
56 465 864 1 468 884
57 442 849 1 444 870
58 221 1140 1 217 1160
59 193 1094 1 189 1113
60 278 323 1 282 338
61 458 303 1 466 316
62 62 725 1 62 741
63 282 355 1 286 370
64 265 1027 1 262 1048
65 289 813 1 288 832
66 463 45 1 474 54
67 423 423 1 429 438
68 458 119 1 467 131
69 229 908 1 228 926
70 474 852 1 477 872
71 314 211 1 320 224
72 441 37 1 451 45
73 236 743 1 236 760
74 546 408 1 555 422
75 296 310 1 300 326
76 511 406 1 519 420
77 542 269 1 551 281
78 40 136 1 46 150
79 293 982 1 291 1002
80 309 196 1 315 209
81 331 412 1 337 425
82 156 704 1 156 720
83 453 27 1 464 35
84 410 425 1 416 440
85 249 1230 1 245 1253
86 230 315 1 234 331
87 40 121 1 47 135
88 173 40 1 180 54
89 198 801 1 196 818
90 347 128 1 355 138
91 100 363 1 103 377
92 284 238 1 291 251
93 262 1119 1 258 1140
94 283 217 1 288 230
95 401 940 1 401 962
96 264 1140 1 261 1161
97 112 319 1 116 332
98 240 984 1 237 1003
99 276 1174 1 271 1196
100 340 233 1 345 247
101 249 62 1 257 70
102 298 322 1 303 337
103 240 245 1 246 258
104 315 176 1 321 187
105 84 1084 1 79 1102
106 376 150 1 384 161
107 255 1209 1 251 1231
108 515 861 1 518 883
109 297 1007 1 295 1028
110 607 1060 1 612 1086
111 389 936 1 390 958
112 307 893 1 305 912
113 342 175 1 349 187
114 369 205 1 376 219
115 125 230 1 129 243
116 300 1042 1 298 1063
117 134 261 1 139 275
118 254 1219 1 250 1242
119 146 151 1 152 164
120 235 730 1 234 746
121 39 66 1 46 80
122 433 60 1 444 69
123 527 53 1 538 63
124 363 148 1 370 160
125 290 794 1 290 813
126 245 1175 1 240 1196
127 379 127 1 388 138
128 161 891 1 160 909
129 249 104 1 257 115
130 252 913 1 250 931
131 244 1220 1 240 1243
132 379 43 1 389 50
133 535 286 1 544 298
134 258 246 1 262 259
135 226 356 1 230 372
136 188 67 1 196 82
137 129 203 1 135 216
138 140 98 1 147 112
139 226 956 1 223 974
140 253 1199 1 248 1221
141 513 881 1 516 902
142 83 1060 1 79 1078
143 81 1152 1 75 1171
144 245 1141 1 241 1164
145 311 250 1 318 264
146 267 1106 1 264 1127
147 208 131 1 214 146
148 549 382 1 557 395
149 292 64 1 301 74
150 361 158 1 368 170
151 541 37 1 553 47
152 373 160 1 381 171
153 106 330 1 109 344
154 73 892 1 71 909
155 372 1160 1 369 1183
156 314 137 1 321 147
157 109 295 1 113 308
158 574 861 1 579 884
159 263 397 1 265 410
160 325 164 1 332 176
161 573 356 1 582 370
162 244 1131 1 241 1151
163 647 1077 1 654 1105
164 270 57 1 278 66
165 199 1107 1 194 1126
166 179 200 1 185 215
167 365 120 1 373 131
168 397 58 1 407 66
169 243 1191 1 239 1213
170 116 167 1 122 179
171 263 209 1 269 221
172 264 234 1 270 246
173 354 117 1 363 127
174 317 1030 1 317 1051
175 174 131 1 181 146
176 390 1211 1 388 1237
177 254 30 1 262 38
178 86 1165 1 79 1185
179 572 908 1 578 931
180 114 179 1 120 192
181 294 239 1 300 252
182 90 1206 1 84 1227
183 502 867 1 504 888
184 245 79 1 252 88
185 60 1050 1 55 1069
186 516 395 1 524 408
187 127 164 1 133 177
188 231 1140 1 227 1161
189 127 251 1 132 264
190 302 228 1 309 242
191 280 43 1 289 51
192 243 1209 1 238 1231
193 558 993 1 561 1018
194 276 97 1 284 107
195 572 1210 1 575 1239
196 237 100 1 245 109
197 269 83 1 278 92
198 225 1190 1 220 1211
199 256 121 1 263 132
200 527 77 1 539 87
201 159 154 1 164 167
202 407 40 1 418 47
203 409 165 1 417 178
204 271 978 1 272 999
205 352 166 1 360 178
206 352 59 1 362 67
207 256 1166 1 252 1188
208 144 1196 1 137 1216
209 263 101 1 271 111
210 278 147 1 285 158
211 274 237 1 280 251
212 289 90 1 296 100
213 335 1132 1 332 1155
214 307 1025 1 304 1046
215 402 342 1 410 354
216 369 1170 1 366 1194
217 205 1080 1 201 1099
218 222 1037 1 219 1056
219 230 305 1 233 321
220 636 710 1 644 729
221 255 163 1 262 175
222 255 1179 1 251 1201
223 154 222 1 159 236
224 258 50 1 266 58
225 261 905 1 259 923
226 608 353 1 619 366
227 333 117 1 342 127
228 214 965 1 212 984
229 409 185 1 417 198
230 136 235 1 141 249
231 109 150 1 116 163
232 188 1108 1 184 1128
233 230 77 1 237 86
234 214 982 1 211 1001
235 126 122 1 132 137
236 679 42 1 697 46
237 162 1189 1 156 1210
238 353 343 1 359 355
239 265 1177 1 261 1199
240 109 197 1 115 210
241 127 290 1 132 304
242 225 1157 1 219 1178
243 371 175 1 380 187
244 516 420 1 522 433
245 147 789 1 147 805
246 538 255 1 548 267
247 163 36 1 171 50
248 516 890 1 518 911
249 482 25 1 493 32
250 537 340 1 545 354
251 226 55 1 234 63
252 169 1231 1 163 1253
253 179 1148 1 174 1169
254 295 204 1 301 217
255 218 1051 1 215 1070
256 224 1108 1 220 1128
257 39 46 1 46 60
258 192 1063 1 188 1082
259 156 193 1 161 207
260 108 1188 1 102 1208
261 216 676 1 216 693
262 153 1193 1 148 1214
263 171 1165 1 165 1186
264 282 62 1 291 71
265 232 1209 1 227 1231
266 460 139 1 469 151
267 158 882 1 155 899
268 272 1152 1 268 1174
269 179 841 1 177 859
270 125 111 1 132 125
271 648 1089 1 654 1117
272 46 1050 1 41 1068
273 305 783 1 306 805
274 295 380 1 301 393
275 190 1189 1 185 1210
276 422 38 1 433 46
277 145 78 1 152 91
278 164 231 1 169 245
279 169 1093 1 165 1112
280 610 1177 1 614 1206
281 164 1124 1 160 1145
282 276 157 1 283 169
283 304 220 1 309 232
284 248 1150 1 244 1172
285 392 67 1 401 76
286 126 134 1 132 148
287 217 47 1 224 54
288 169 154 1 175 169
289 205 1196 1 199 1217
290 568 764 1 573 784
291 217 1169 1 213 1191
292 310 264 1 315 279
293 121 960 1 117 979
294 550 811 1 554 832
295 294 214 1 300 227
296 153 799 1 153 817
297 367 1179 1 364 1203
298 120 153 1 126 166
299 268 41 1 277 49
300 508 75 1 519 85
301 125 218 1 130 232
302 127 1181 1 121 1202
303 201 913 1 198 931
304 204 63 1 212 79
305 532 43 1 543 53
306 336 73 1 345 81
307 117 77 1 123 92
308 246 1079 1 243 1099
309 158 277 1 162 290
310 196 863 1 194 879
311 218 209 1 223 223
312 208 1173 1 203 1194
313 364 49 1 375 57
314 350 69 1 359 77
315 327 136 1 334 146
316 222 934 1 219 953
317 128 1051 1 124 1069
318 227 1066 1 224 1086
319 250 646 1 251 664
320 251 636 1 252 654
321 376 56 1 384 63
322 560 356 1 570 369
323 330 183 1 337 194
324 347 48 1 357 56
325 546 713 1 551 732
326 226 677 1 226 695
327 228 1180 1 223 1201
328 301 28 1 310 36
329 380 68 1 389 76
330 153 71 1 160 85
331 333 1141 1 331 1165
332 103 339 1 107 353
333 337 1034 1 336 1055
334 168 121 1 175 136
335 157 82 1 164 96
336 469 115 1 479 126
337 242 159 1 249 170
338 230 327 1 235 343
339 592 764 1 598 784
340 166 1142 1 161 1163
341 132 175 1 138 188
342 545 723 1 551 742
343 337 135 1 345 145
344 599 972 1 604 997
345 230 91 1 237 99
346 253 401 1 256 415
347 347 140 1 355 150
348 221 274 1 226 290
349 162 1079 1 158 1099
350 301 1208 1 297 1231
351 211 272 1 215 288
352 251 1093 1 248 1113
353 602 1071 1 606 1098
354 190 360 1 193 374
355 277 207 1 283 219
356 288 75 1 296 84
357 214 1028 1 211 1047
358 151 165 1 157 178
359 332 211 1 339 224
360 381 334 1 388 345
361 531 893 1 534 914
362 125 239 1 131 252
363 360 79 1 370 87
364 528 766 1 532 786
365 500 852 1 503 872
366 271 135 1 278 146
367 539 673 1 544 692
368 278 123 1 285 134
369 511 850 1 513 870
370 276 297 1 281 312
371 400 121 1 408 132
372 275 333 1 279 348
373 251 173 1 258 185
374 212 1122 1 207 1142
375 123 318 1 127 332
376 562 714 1 568 733
377 231 1228 1 226 1250
378 382 93 1 391 103
