0 360 1145 1 353 1165
1 270 229 1 273 238
2 264 796 1 259 811
3 361 1165 1 353 1184
4 332 985 1 326 1002
5 284 195 1 288 202
6 321 908 1 316 923
7 371 1144 1 363 1164
8 360 1112 1 353 1130
9 444 57 1 452 62
10 406 854 1 401 870
11 306 844 1 300 859
12 235 882 1 229 897
13 287 341 1 288 352
14 318 821 1 312 835
15 523 74 1 532 81
16 342 252 1 345 261
17 533 284 1 539 293
18 66 843 1 60 855
19 281 314 1 282 326
20 82 1103 1 71 1117
21 260 1043 1 253 1061
22 301 340 1 302 351
23 330 1227 1 322 1247
24 283 258 1 285 267
25 301 353 1 302 364
26 83 1117 1 72 1130
27 331 1035 1 324 1052
28 304 859 1 298 874
29 333 1105 1 324 1124
30 249 1170 1 239 1187
31 279 442 1 278 453
32 459 139 1 465 148
33 235 352 1 234 364
34 297 437 1 297 445
35 371 224 1 375 234
36 182 667 1 178 680
37 332 1160 1 323 1180
38 373 1099 1 366 1117
39 97 1223 1 86 1239
40 517 876 1 516 894
41 513 934 1 511 953
42 410 334 1 412 344
43 273 189 1 276 197
44 231 464 1 230 477
45 254 714 1 251 728
46 318 831 1 313 847
47 304 880 1 298 897
48 178 1108 1 169 1124
49 545 366 1 551 375
50 209 1226 1 198 1242
51 273 997 1 266 1013
52 349 1227 1 341 1247
53 387 70 1 395 74
54 183 650 1 179 662
55 468 870 1 466 886
56 444 855 1 441 872
57 226 1146 1 216 1162
58 197 1100 1 188 1115
59 281 331 1 281 342
60 459 312 1 463 322
61 66 732 1 61 744
62 284 362 1 285 374
63 269 1033 1 261 1049
64 292 820 1 287 835
65 463 57 1 472 62
66 424 431 1 427 442
67 458 130 1 465 138
68 233 914 1 227 928
69 477 857 1 475 874
70 316 220 1 319 229
71 440 49 1 448 53
72 239 749 1 235 762
73 546 417 1 551 428
74 471 40 1 480 44
75 298 319 1 299 330
76 512 415 1 516 425
77 541 279 1 548 288
78 43 144 1 45 154
79 297 988 1 290 1004
80 310 205 1 314 214
81 333 422 1 335 430
82 40 24 1 44 32
83 159 711 1 155 723
84 453 39 1 461 44
85 412 433 1 413 444
86 254 1236 1 244 1254
87 233 322 1 233 334
88 43 129 1 46 139
89 175 49 1 179 58
90 201 807 1 195 820
91 348 138 1 353 145
92 103 370 1 102 380
93 286 247 1 289 256
94 267 1125 1 257 1142
95 285 226 1 287 235
96 259 1214 1 250 1232
97 268 1145 1 260 1163
98 115 327 1 115 336
99 244 990 1 236 1005
100 280 1180 1 270 1198
101 341 242 1 344 252
102 250 73 1 255 77
103 300 330 1 302 341
104 242 254 1 245 263
105 316 186 1 320 193
106 88 1090 1 78 1104
107 377 159 1 382 167
108 403 946 1 399 964
109 516 867 1 515 885
110 301 1013 1 294 1030
111 607 1064 1 608 1086
112 392 942 1 388 960
113 310 900 1 304 915
114 344 184 1 347 193
115 371 214 1 375 224
116 127 238 1 128 247
117 304 1048 1 296 1065
118 137 270 1 138 279
119 258 1224 1 249 1243
120 239 736 1 233 749
121 42 75 1 45 84
122 433 71 1 441 77
123 526 64 1 535 71
124 364 158 1 369 166
125 294 801 1 288 815
126 249 1180 1 239 1198
127 380 137 1 385 144
128 165 898 1 159 911
129 251 115 1 256 121
130 255 919 1 249 934
131 249 1226 1 239 1244
132 379 55 1 387 59
133 535 295 1 541 304
134 259 255 1 261 264
135 229 363 1 229 375
136 190 76 1 194 86
137 131 211 1 134 220
138 142 107 1 146 116
139 230 962 1 222 977
140 257 1205 1 247 1223
141 149 25 1 153 35
142 515 886 1 513 904
143 87 1066 1 78 1080
144 85 1157 1 74 1173
145 249 1147 1 240 1165
146 313 258 1 316 269
147 271 1112 1 263 1129
148 210 139 1 213 150
149 549 390 1 554 401
150 294 75 1 299 81
151 362 168 1 366 175
152 540 49 1 550 55
153 374 170 1 379 177
154 109 338 1 109 348
155 77 899 1 70 911
156 375 1165 1 368 1185
157 315 148 1 319 153
158 112 303 1 112 312
159 574 867 1 575 886
160 265 404 1 264 414
161 460 26 1 469 29
162 573 365 1 579 376
163 248 1136 1 240 1153
164 647 1081 1 649 1105
165 272 68 1 277 73
166 203 1113 1 193 1128
167 182 209 1 184 219
168 366 131 1 371 138
169 397 70 1 405 74
170 118 176 1 121 184
171 265 219 1 268 226
172 265 242 1 268 251
173 356 127 1 361 134
174 176 139 1 180 150
175 393 1215 1 386 1237
176 255 42 1 261 46
177 90 1171 1 78 1187
178 574 913 1 574 933
179 116 188 1 119 196
180 296 248 1 299 257
181 94 1213 1 83 1229
182 504 872 1 501 890
183 246 90 1 251 95
184 248 1216 1 237 1233
185 64 1056 1 54 1071
186 516 403 1 521 414
187 129 173 1 132 181
188 235 1146 1 226 1163
189 130 259 1 131 268
190 304 237 1 307 247
191 282 55 1 288 59
192 559 998 1 558 1019
193 277 108 1 282 114
194 574 1214 1 571 1239
195 240 110 1 244 116
196 271 94 1 276 99
197 229 1196 1 218 1213
198 289 352 1 289 364
199 257 132 1 262 138
200 526 88 1 535 94
201 161 162 1 163 172
202 407 52 1 416 55
203 411 174 1 415 184
204 275 984 1 270 1001
205 353 176 1 358 184
206 353 71 1 360 75
207 260 1172 1 251 1189
208 148 1202 1 136 1218
209 265 112 1 269 117
210 280 157 1 284 164
211 276 246 1 278 255
212 290 100 1 295 107
213 338 1137 1 331 1156
214 310 1031 1 303 1048
215 404 352 1 407 360
216 372 1175 1 364 1195
217 209 1085 1 200 1101
218 226 1042 1 218 1058
219 157 208 1 160 218
220 233 312 1 232 324
221 635 716 1 643 731
222 257 173 1 260 180
223 259 1185 1 250 1202
224 156 231 1 158 240
225 259 62 1 265 66
226 264 911 1 258 925
227 606 363 1 614 372
228 334 128 1 340 134
229 218 971 1 210 986
230 410 194 1 415 204
231 138 243 1 140 253
232 112 159 1 115 168
233 193 1114 1 183 1130
234 232 88 1 236 93
235 218 989 1 210 1004
236 129 130 1 131 140
237 676 56 1 691 57
238 166 1195 1 155 1212
239 269 1183 1 260 1201
240 112 205 1 114 214
241 130 298 1 131 308
242 229 1163 1 218 1180
243 373 184 1 378 193
244 354 351 1 357 360
245 151 795 1 146 808
246 538 265 1 544 273
247 165 45 1 170 54
248 159 33 1 163 44
249 517 895 1 515 913
250 481 37 1 490 41
251 537 350 1 542 359
252 228 67 1 233 70
253 173 1237 1 162 1255
254 183 1154 1 173 1171
255 297 213 1 300 222
256 222 1057 1 214 1072
257 228 1114 1 219 1130
258 42 55 1 46 64
259 195 1069 1 186 1084
260 112 1194 1 102 1210
261 219 682 1 215 695
262 157 1199 1 147 1216
263 175 1172 1 165 1188
264 284 73 1 290 78
265 237 1216 1 226 1233
266 460 149 1 466 157
267 162 888 1 154 901
268 275 1157 1 266 1175
269 182 847 1 176 861
270 127 119 1 130 129
271 648 1092 1 650 1117
272 50 1057 1 40 1070
273 149 159 1 151 168
274 308 790 1 304 807
275 297 389 1 300 398
276 194 1195 1 184 1212
277 422 50 1 431 54
278 167 240 1 168 249
279 173 1099 1 164 1115
280 611 1181 1 610 1206
281 169 1130 1 159 1146
282 306 228 1 308 237
283 252 1155 1 243 1173
284 392 79 1 399 84
285 128 142 1 131 152
286 219 57 1 223 62
287 172 163 1 174 173
288 209 1202 1 198 1219
289 569 770 1 570 787
290 222 1175 1 212 1193
291 312 272 1 314 284
292 125 967 1 116 981
293 551 817 1 551 834
294 157 806 1 152 819
295 370 1184 1 363 1205
296 270 53 1 276 57
297 556 30 1 567 35
298 507 86 1 516 92
299 246 58 1 251 62
300 128 227 1 129 236
301 131 1187 1 120 1204
302 204 919 1 197 933
303 206 72 1 210 83
304 531 55 1 540 61
305 337 85 1 343 89
306 119 85 1 122 95
307 251 1085 1 242 1101
308 161 286 1 161 295
309 199 869 1 192 882
310 221 216 1 222 227
311 213 1179 1 202 1196
312 365 62 1 372 65
313 350 81 1 357 85
314 328 146 1 333 153
315 225 941 1 218 956
316 133 1057 1 123 1071
317 231 1072 1 222 1088
318 253 653 1 250 667
319 255 643 1 251 656
320 376 67 1 382 71
321 560 365 1 566 375
322 332 192 1 335 200
323 348 60 1 355 64
324 546 720 1 547 736
325 229 684 1 225 697
326 233 1187 1 222 1203
327 302 40 1 308 44
328 380 80 1 387 84
329 155 79 1 159 89
330 337 1146 1 329 1166
331 106 347 1 106 357
332 341 1040 1 334 1057
333 171 129 1 174 140
334 159 91 1 163 100
335 470 125 1 476 133
336 244 169 1 247 176
337 592 770 1 595 787
338 170 1149 1 160 1165
339 135 184 1 137 193
340 546 730 1 548 746
341 338 145 1 343 152
342 600 977 1 600 998
343 232 101 1 236 106
344 255 409 1 255 419
345 347 150 1 353 156
346 224 281 1 225 293
347 295 223 1 297 232
348 165 1085 1 157 1101
349 305 1214 1 296 1232
350 213 279 1 214 291
351 255 1099 1 247 1115
352 603 1076 1 603 1099
353 193 367 1 192 378
354 278 216 1 281 225
355 289 86 1 294 91
356 218 1034 1 210 1049
357 154 174 1 156 183
358 333 219 1 337 229
359 491 27 1 500 31
360 381 343 1 386 351
361 533 898 1 531 916
362 128 247 1 130 256
363 361 90 1 368 95
364 529 772 1 529 789
365 502 858 1 501 874
366 272 145 1 276 152
367 539 680 1 541 695
368 279 133 1 284 140
369 512 855 1 511 873
370 278 304 1 280 316
371 400 132 1 406 139
372 277 341 1 278 352
373 253 182 1 257 190
374 216 1128 1 206 1144
375 126 326 1 127 336
376 563 721 1 565 737
377 235 1234 1 225 1252
378 383 104 1 389 110
