0 342 1162 1 349 1167
1 252 253 1 270 248
2 247 815 1 256 816
3 342 1182 1 350 1187
4 315 1003 1 322 1006
5 267 220 1 285 213
6 303 926 1 313 927
7 352 1161 1 359 1166
8 341 1128 1 349 1133
9 424 88 1 446 78
10 386 873 1 397 874
11 288 862 1 297 863
12 265 281 1 282 276
13 218 900 1 226 901
14 270 362 1 285 360
15 300 839 1 309 840
16 324 275 1 341 270
17 51 876 1 59 874
18 511 310 1 531 305
19 49 861 1 57 860
20 264 335 1 279 333
21 64 1122 1 69 1122
22 243 1060 1 250 1064
23 51 907 1 59 905
24 284 361 1 299 359
25 312 1244 1 318 1249
26 501 104 1 524 96
27 341 27 1 363 13
28 284 373 1 299 372
29 65 1135 1 70 1135
30 313 1053 1 321 1056
31 314 1122 1 321 1127
32 231 1188 1 236 1191
33 261 463 1 275 461
34 286 877 1 295 879
35 439 167 1 459 160
36 219 372 1 232 371
37 287 383 1 301 381
38 278 459 1 293 454
39 353 248 1 370 244
40 164 686 1 175 685
41 448 887 1 460 890
42 354 1115 1 362 1120
43 80 1243 1 84 1243
44 255 1014 1 263 1017
45 496 894 1 510 898
46 492 951 1 505 957
47 390 357 1 408 354
48 255 213 1 272 207
49 214 484 1 227 483
50 237 733 1 249 733
51 300 850 1 309 852
52 489 439 1 509 435
53 161 1127 1 167 1128
54 523 392 1 543 386
55 192 1245 1 196 1247
56 331 1244 1 337 1249
57 367 101 1 389 90
58 166 668 1 177 668
59 424 874 1 436 876
60 208 1164 1 213 1166
61 180 1118 1 185 1119
62 438 337 1 457 332
63 49 751 1 59 749
64 267 383 1 282 381
65 252 1051 1 258 1053
66 274 838 1 284 840
67 270 210 1 286 205
68 438 157 1 459 151
69 456 875 1 469 878
70 298 244 1 315 240
71 314 1178 1 320 1182
72 420 80 1 442 69
73 222 768 1 232 768
74 287 898 1 295 901
75 449 71 1 473 60
76 281 340 1 296 337
77 317 24 1 339 10
78 519 305 1 540 300
79 28 164 1 43 161
80 279 1006 1 287 1008
81 293 229 1 310 224
82 313 446 1 330 441
83 25 45 1 42 41
84 143 729 1 153 728
85 431 71 1 454 60
86 443 88 1 465 78
87 216 341 1 230 341
88 28 150 1 44 146
89 159 71 1 177 67
90 184 826 1 193 825
91 329 165 1 348 158
92 87 391 1 100 388
93 249 1142 1 255 1146
94 268 424 1 284 421
95 157 30 1 174 25
96 156 40 1 174 36
97 242 1233 1 247 1236
98 251 1164 1 257 1166
99 99 348 1 113 344
100 226 1008 1 234 1009
101 262 1199 1 267 1201
102 217 933 1 224 933
103 233 101 1 252 92
104 283 351 1 298 349
105 225 277 1 242 272
106 298 210 1 316 204
107 71 1108 1 76 1108
108 358 185 1 377 179
109 384 964 1 394 967
110 495 885 1 509 889
111 283 1031 1 291 1034
112 372 959 1 383 963
113 292 918 1 301 919
114 325 210 1 343 204
115 353 238 1 370 234
116 111 260 1 126 255
117 286 1066 1 293 1069
118 545 50 1 570 38
119 241 1243 1 246 1246
120 248 427 1 261 423
121 222 755 1 230 754
122 26 96 1 43 92
123 413 102 1 435 92
124 504 94 1 527 86
125 345 184 1 364 178
126 276 820 1 285 820
127 361 164 1 380 157
128 148 916 1 156 916
129 233 141 1 252 134
130 238 937 1 246 938
131 231 1245 1 236 1248
132 360 86 1 381 75
133 513 322 1 533 316
134 584 1078 1 599 1087
135 242 278 1 258 273
136 213 383 1 226 382
137 231 1198 1 237 1201
138 173 98 1 192 95
139 115 232 1 132 228
140 127 129 1 143 125
141 212 980 1 220 981
142 240 1224 1 245 1226
143 134 48 1 151 44
144 494 904 1 507 908
145 69 1085 1 76 1085
146 68 1177 1 72 1177
147 296 281 1 313 278
148 254 1130 1 260 1133
149 269 271 1 286 266
150 194 160 1 211 157
151 526 416 1 546 412
152 276 103 1 295 94
153 343 193 1 362 187
154 517 81 1 541 71
155 355 196 1 374 189
156 93 359 1 107 355
157 60 917 1 68 916
158 356 1182 1 364 1187
159 297 175 1 315 167
160 97 323 1 110 320
161 552 885 1 567 890
162 90 27 1 108 21
163 439 57 1 462 46
164 549 391 1 570 387
165 231 1155 1 237 1156
166 622 1096 1 638 1105
167 254 96 1 273 87
168 185 1132 1 191 1133
169 165 230 1 181 227
170 378 100 1 399 90
171 102 197 1 119 193
172 248 243 1 265 237
173 249 265 1 265 261
174 160 160 1 177 157
175 375 1232 1 382 1239
176 238 72 1 257 61
177 72 1190 1 76 1190
178 551 931 1 566 936
179 101 209 1 117 205
180 279 271 1 295 267
181 76 1232 1 81 1233
182 482 890 1 496 894
183 229 118 1 248 109
184 230 1234 1 235 1236
185 46 1075 1 53 1075
186 494 429 1 513 424
187 114 194 1 130 190
188 218 1165 1 223 1167
189 114 280 1 129 276
190 287 260 1 303 256
191 264 84 1 284 74
192 229 1220 1 234 1223
193 537 1015 1 551 1021
194 281 54 1 302 44
195 235 1170 1 240 1175
196 552 1228 1 564 1238
197 223 137 1 241 129
198 254 121 1 273 112
199 212 1215 1 216 1217
200 271 373 1 286 371
201 240 158 1 258 150
202 504 118 1 528 110
203 243 1126 1 249 1128
204 387 83 1 409 72
205 392 200 1 410 195
206 257 1002 1 267 1005
207 335 201 1 353 196
208 334 101 1 355 91
209 242 1190 1 248 1192
210 130 1221 1 134 1222
211 248 139 1 266 130
212 262 181 1 280 176
213 258 269 1 275 265
214 320 1155 1 327 1159
215 292 1049 1 300 1051
216 266 250 1 283 245
217 383 377 1 401 372
218 354 1192 1 361 1197
219 192 1105 1 198 1105
220 208 1061 1 216 1062
221 141 229 1 157 226
222 216 332 1 229 330
223 610 737 1 631 738
224 240 197 1 257 191
225 242 1203 1 247 1206
226 548 41 1 574 28
227 242 90 1 261 80
228 247 929 1 255 930
229 582 390 1 604 385
230 316 154 1 335 147
231 200 989 1 208 990
232 391 219 1 410 215
233 122 264 1 137 260
234 97 181 1 113 176
235 175 1133 1 180 1134
236 214 116 1 233 107
237 200 1007 1 207 1008
238 121 292 1 136 288
239 112 151 1 129 148
240 647 93 1 677 79
241 148 1214 1 153 1216
242 252 1201 1 257 1204
243 96 227 1 112 222
244 115 320 1 129 316
245 211 1182 1 216 1184
246 354 210 1 373 204
247 134 814 1 143 813
248 515 291 1 537 286
249 143 56 1 161 52
250 496 913 1 509 917
251 459 69 1 483 58
252 211 95 1 230 85
253 165 1173 1 170 1174
254 280 236 1 296 232
255 205 1075 1 211 1077
256 211 1132 1 217 1134
257 27 76 1 43 72
258 178 1087 1 184 1089
259 95 1213 1 100 1214
260 202 701 1 213 701
261 140 1218 1 144 1220
262 158 1190 1 162 1192
263 266 101 1 286 92
264 220 1235 1 224 1237
265 440 177 1 460 170
266 144 906 1 152 906
267 258 1176 1 264 1178
268 165 866 1 174 866
269 112 139 1 128 137
270 623 1107 1 639 1117
271 33 1075 1 38 1074
272 356 25 1 378 11
273 291 808 1 301 812
274 279 412 1 296 407
275 177 1214 1 181 1216
276 402 81 1 424 71
277 150 261 1 166 257
278 156 1118 1 161 1119
279 588 1195 1 601 1205
280 146 46 1 164 42
281 60 938 1 67 937
282 151 1149 1 157 1150
283 288 252 1 304 248
284 373 109 1 393 99
285 112 162 1 129 160
286 192 1221 1 196 1222
287 545 789 1 562 792
288 205 1194 1 209 1196
289 294 294 1 310 292
290 107 985 1 114 985
291 283 67 1 303 57
292 529 836 1 543 839
293 140 825 1 149 824
294 352 1202 1 359 1207
295 252 82 1 272 72
296 533 63 1 558 52
297 486 116 1 508 108
298 228 86 1 247 76
299 112 248 1 127 244
300 114 1207 1 118 1207
301 188 938 1 194 938
302 190 94 1 208 91
303 225 45 1 245 33
304 508 86 1 532 77
305 318 115 1 338 104
306 103 106 1 120 103
307 233 1103 1 239 1105
308 182 887 1 190 887
309 203 238 1 219 235
310 196 1198 1 200 1199
311 346 93 1 367 81
312 332 110 1 352 100
313 309 173 1 328 166
314 208 959 1 216 960
315 115 1075 1 121 1075
316 214 1091 1 220 1092
317 236 672 1 247 672
318 237 662 1 248 662
319 144 90 1 162 87
320 272 130 1 291 122
321 356 98 1 376 87
322 537 391 1 558 386
323 313 218 1 331 212
324 328 91 1 349 80
325 127 254 1 142 250
326 524 740 1 540 742
327 212 703 1 222 703
328 215 1205 1 220 1207
329 360 110 1 381 100
330 140 101 1 157 97
331 318 1164 1 326 1168
332 90 367 1 104 364
333 323 1057 1 331 1061
334 155 151 1 172 147
335 143 113 1 161 109
336 449 153 1 470 146
337 227 193 1 244 187
338 568 789 1 586 792
339 153 1167 1 158 1168
340 119 206 1 135 201
341 524 750 1 540 751
342 319 172 1 338 165
343 576 993 1 591 1000
344 214 128 1 233 120
345 329 177 1 348 169
346 207 302 1 222 300
347 277 246 1 294 242
348 149 1104 1 154 1105
349 126 1063 1 132 1064
350 287 1232 1 293 1235
351 196 299 1 211 298
352 238 1116 1 244 1119
353 579 1091 1 594 1099
354 177 389 1 189 386
355 308 201 1 326 195
356 261 239 1 278 235
357 271 114 1 290 104
358 201 1051 1 207 1053
359 137 197 1 153 192
360 316 243 1 333 239
361 468 59 1 492 48
362 222 94 1 240 85
363 511 916 1 524 920
364 112 268 1 127 264
365 342 118 1 363 109
366 507 791 1 522 794
367 482 876 1 495 879
368 255 171 1 273 164
369 517 700 1 534 702
370 262 159 1 280 152
371 491 873 1 505 877
372 261 326 1 277 323
373 202 39 1 222 27
374 260 362 1 275 360
375 236 207 1 253 201
376 199 1147 1 204 1148
377 110 347 1 124 343
378 540 741 1 557 743
379 218 1253 1 222 1255
380 363 132 1 384 124
381 262 133 1 280 125
