0 347 1169 1 346 1169
1 251 824 1 254 819
2 347 1189 1 346 1189
3 319 1011 1 320 1009
4 252 293 1 265 283
5 265 235 1 282 222
6 289 888 1 292 883
7 357 1168 1 356 1168
8 347 1136 1 346 1135
9 419 104 1 441 89
10 308 935 1 310 931
11 222 910 1 224 905
12 252 269 1 267 256
13 55 887 1 57 878
14 507 323 1 525 314
15 53 872 1 56 863
16 70 1132 1 67 1125
17 248 1069 1 248 1067
18 303 849 1 307 844
19 56 917 1 57 909
20 269 374 1 282 366
21 261 476 1 272 466
22 73 1170 1 70 1162
23 496 120 1 518 107
24 336 46 1 358 27
25 322 286 1 338 277
26 290 872 1 294 867
27 283 373 1 296 365
28 74 1109 1 72 1101
29 284 385 1 296 377
30 71 1146 1 68 1138
31 317 1061 1 318 1059
32 320 1130 1 318 1129
33 237 1197 1 234 1193
34 219 383 1 229 376
35 286 394 1 298 387
36 351 260 1 367 251
37 167 696 1 173 689
38 387 880 1 393 878
39 450 895 1 456 893
40 388 223 1 405 212
41 360 1123 1 359 1122
42 260 1023 1 260 1020
43 498 902 1 504 901
44 494 959 1 500 960
45 389 369 1 404 361
46 254 226 1 269 215
47 278 469 1 290 461
48 240 743 1 246 737
49 263 347 1 276 339
50 167 1137 1 165 1131
51 519 404 1 537 395
52 223 764 1 228 758
53 363 118 1 384 102
54 263 293 1 279 283
55 168 679 1 175 672
56 426 881 1 432 880
57 214 1174 1 211 1169
58 185 1128 1 184 1122
59 436 349 1 452 340
60 24 59 1 40 47
61 52 762 1 57 753
62 267 394 1 279 387
63 256 1060 1 256 1056
64 278 848 1 282 843
65 268 224 1 283 213
66 303 860 1 307 855
67 435 172 1 454 161
68 458 883 1 464 882
69 296 258 1 312 247
70 319 1185 1 317 1184
71 225 778 1 230 771
72 444 88 1 467 73
73 280 351 1 293 343
74 312 43 1 334 24
75 515 318 1 534 309
76 27 178 1 42 167
77 284 1014 1 285 1011
78 291 243 1 307 232
79 313 460 1 326 448
80 146 740 1 151 732
81 426 88 1 449 72
82 179 319 1 191 309
83 437 104 1 459 89
84 216 353 1 228 346
85 27 163 1 42 152
86 290 908 1 293 905
87 157 85 1 175 74
88 188 835 1 191 829
89 88 404 1 99 393
90 268 435 1 281 427
91 416 94 1 437 80
92 154 44 1 172 32
93 231 119 1 249 102
94 248 1241 1 245 1238
95 257 1172 1 255 1169
96 99 361 1 111 350
97 231 1017 1 231 1012
98 268 1207 1 265 1204
99 221 942 1 222 936
100 282 362 1 296 355
101 225 290 1 239 279
102 77 1119 1 74 1112
103 355 199 1 373 188
104 387 971 1 390 970
105 497 892 1 504 892
106 288 1039 1 288 1037
107 375 967 1 379 966
108 297 926 1 298 923
109 323 223 1 340 212
110 350 251 1 367 242
111 291 1075 1 291 1071
112 538 66 1 563 51
113 326 182 1 344 168
114 248 439 1 258 429
115 25 110 1 41 98
116 409 118 1 429 104
117 499 110 1 521 97
118 280 828 1 283 824
119 358 179 1 376 167
120 153 926 1 154 920
121 231 157 1 249 143
122 242 946 1 244 942
123 352 209 1 370 198
124 263 416 1 275 406
125 355 104 1 376 87
126 509 335 1 527 325
127 585 1083 1 591 1088
128 241 290 1 255 280
129 213 394 1 224 386
130 237 1207 1 234 1204
131 172 111 1 190 101
132 295 225 1 312 213
133 114 246 1 130 234
134 125 143 1 141 131
135 217 990 1 218 985
136 132 62 1 149 50
137 496 912 1 502 911
138 75 1095 1 74 1089
139 295 294 1 310 285
140 260 1139 1 258 1135
141 268 283 1 283 273
142 192 172 1 208 163
143 523 427 1 540 419
144 341 207 1 358 196
145 512 97 1 535 83
146 93 372 1 105 361
147 273 119 1 291 104
148 65 928 1 66 920
149 362 1189 1 361 1189
150 108 198 1 122 184
151 294 190 1 311 176
152 97 337 1 108 326
153 74 1188 1 71 1181
154 552 892 1 561 893
155 87 41 1 106 28
156 433 75 1 456 59
157 545 403 1 563 396
158 237 1163 1 235 1159
159 622 1099 1 630 1106
160 251 113 1 270 97
161 191 1141 1 189 1136
162 164 244 1 179 233
163 374 116 1 394 101
164 84 1188 1 80 1180
165 243 65 1 262 45
166 159 173 1 175 163
167 381 1239 1 379 1240
168 236 89 1 254 72
169 79 1199 1 75 1193
170 552 937 1 560 939
171 277 284 1 292 274
172 83 1243 1 79 1236
173 144 51 1 162 37
174 485 898 1 491 898
175 297 1058 1 298 1054
176 227 134 1 245 119
177 237 1243 1 232 1239
178 52 1085 1 51 1078
179 491 441 1 507 432
180 133 100 1 149 89
181 224 1174 1 221 1170
182 415 192 1 433 181
183 286 273 1 300 263
184 261 101 1 280 85
185 235 1230 1 232 1226
186 540 1021 1 545 1023
187 277 72 1 298 55
188 240 1179 1 238 1177
189 555 1232 1 557 1238
190 288 47 1 309 28
191 221 153 1 238 138
192 252 137 1 269 122
193 218 1224 1 214 1220
194 271 384 1 283 377
195 238 173 1 255 159
196 499 133 1 521 121
197 249 1135 1 247 1131
198 203 40 1 223 22
199 383 100 1 404 85
200 389 213 1 406 203
201 262 1010 1 265 1008
202 332 215 1 350 204
203 330 118 1 350 102
204 264 264 1 280 253
205 137 1231 1 132 1225
206 245 153 1 263 139
207 228 46 1 248 29
208 326 1162 1 324 1161
209 279 425 1 293 414
210 381 391 1 396 380
211 360 1199 1 358 1199
212 197 1114 1 196 1109
213 214 1070 1 214 1066
214 140 242 1 155 232
215 216 344 1 227 335
216 608 746 1 622 743
217 238 212 1 254 200
218 248 1211 1 245 1209
219 541 58 1 566 43
220 240 107 1 258 91
221 251 938 1 253 933
222 577 402 1 597 394
223 313 170 1 332 157
224 205 999 1 206 993
225 388 233 1 406 223
226 97 195 1 111 183
227 181 1142 1 179 1137
228 212 132 1 230 117
229 205 1016 1 205 1011
230 112 164 1 127 153
231 638 111 1 666 94
232 154 1224 1 151 1219
233 258 1210 1 255 1207
234 96 240 1 110 228
235 115 333 1 127 322
236 217 1190 1 214 1187
237 351 223 1 370 213
238 328 128 1 348 112
239 138 824 1 142 817
240 511 305 1 530 295
241 141 69 1 159 59
242 498 920 1 504 920
243 454 86 1 477 70
244 209 112 1 227 96
245 171 1183 1 168 1177
246 211 1085 1 209 1080
247 368 169 1 387 157
248 25 90 1 42 78
249 184 1097 1 182 1092
250 217 40 1 236 22
251 101 1223 1 98 1216
252 260 197 1 277 184
253 205 711 1 211 705
254 147 1228 1 143 1223
255 164 1199 1 160 1195
256 264 118 1 282 103
257 226 1244 1 222 1240
258 436 191 1 455 179
259 149 915 1 150 909
260 264 1184 1 261 1181
261 169 875 1 172 870
262 110 153 1 126 142
263 624 1111 1 631 1117
264 38 1086 1 37 1078
265 351 44 1 373 25
266 245 1231 1 241 1226
267 294 818 1 299 816
268 195 122 1 213 112
269 183 1223 1 179 1219
270 398 98 1 419 83
271 150 274 1 164 264
272 162 1127 1 159 1122
273 144 61 1 162 49
274 64 949 1 65 940
275 286 266 1 301 255
276 369 125 1 389 110
277 112 176 1 127 165
278 198 1230 1 194 1225
279 545 797 1 556 796
280 211 1203 1 207 1199
281 293 306 1 307 298
282 113 995 1 112 988
283 279 83 1 299 68
284 530 843 1 537 843
285 143 835 1 147 828
286 358 1209 1 356 1209
287 527 80 1 551 65
288 480 132 1 502 119
289 226 103 1 244 87
290 112 261 1 125 250
291 192 948 1 192 941
292 188 106 1 206 97
293 223 63 1 242 45
294 503 102 1 526 89
295 315 131 1 334 116
296 101 119 1 118 109
297 239 1112 1 237 1108
298 187 897 1 188 890
299 201 250 1 217 241
300 202 1207 1 198 1202
301 341 109 1 362 93
302 306 189 1 324 175
303 212 968 1 213 963
304 121 1086 1 119 1079
305 219 1099 1 218 1095
306 238 682 1 245 676
307 239 671 1 246 666
308 143 104 1 160 93
309 270 146 1 288 132
310 352 115 1 372 99
311 534 403 1 551 395
312 311 232 1 327 220
313 126 266 1 140 256
314 154 55 1 172 43
315 524 748 1 534 746
316 214 713 1 220 707
317 222 1214 1 218 1210
318 378 173 1 395 161
319 356 126 1 377 111
320 138 114 1 155 104
321 199 1218 1 196 1214
322 324 1171 1 323 1170
323 90 380 1 102 370
324 328 1065 1 328 1063
325 154 163 1 169 153
326 141 127 1 159 115
327 342 172 1 360 159
328 445 167 1 465 156
329 225 208 1 241 195
330 568 797 1 579 796
331 159 1177 1 156 1171
332 118 218 1 133 208
333 523 758 1 534 756
334 577 999 1 584 1002
335 212 144 1 230 129
336 326 192 1 345 179
337 207 313 1 220 305
338 269 129 1 287 114
339 275 260 1 291 249
340 131 1073 1 130 1067
341 295 1241 1 290 1238
342 196 311 1 209 303
343 244 1126 1 242 1122
344 581 1095 1 587 1100
345 177 401 1 187 391
346 306 215 1 323 203
347 206 1061 1 205 1056
348 118 208 1 128 197
349 314 256 1 330 247
350 463 76 1 486 61
351 219 111 1 237 95
352 512 923 1 519 923
353 112 281 1 125 270
354 339 134 1 358 120
355 508 800 1 516 798
356 483 884 1 490 882
357 253 185 1 270 173
358 517 709 1 528 707
359 259 173 1 277 161
360 493 881 1 500 880
361 261 338 1 274 329
362 200 57 1 219 39
363 235 221 1 251 209
364 205 1156 1 202 1151
365 110 360 1 122 349
366 539 749 1 550 747
367 193 40 1 212 20
368 360 148 1 380 134
369 259 149 1 277 134
