0 322 1150 1 344 1170
1 233 251 1 265 261
2 227 807 1 253 822
3 322 1170 1 345 1190
4 246 218 1 280 227
5 233 277 1 263 288
6 265 871 1 290 885
7 294 992 1 318 1011
8 332 1149 1 353 1169
9 321 1117 1 344 1137
10 401 92 1 437 97
11 284 917 1 308 933
12 198 892 1 223 907
13 31 868 1 56 881
14 487 311 1 521 320
15 30 853 1 55 866
16 45 1114 1 66 1127
17 223 1051 1 246 1069
18 279 832 1 305 846
19 32 899 1 56 911
20 249 357 1 280 370
21 240 459 1 270 471
22 48 1151 1 69 1164
23 477 108 1 514 115
24 319 33 1 354 36
25 303 270 1 336 282
26 263 356 1 294 369
27 49 1090 1 71 1103
28 263 369 1 294 381
29 46 1127 1 67 1140
30 293 1043 1 317 1061
31 266 854 1 292 869
32 295 1112 1 316 1131
33 212 1178 1 233 1195
34 199 366 1 228 379
35 266 378 1 297 390
36 263 346 1 294 359
37 332 245 1 365 256
38 145 679 1 172 692
39 363 862 1 390 880
40 425 878 1 453 896
41 369 209 1 403 218
42 334 1104 1 357 1124
43 237 1005 1 259 1022
44 472 885 1 501 904
45 369 354 1 401 366
46 235 210 1 267 221
47 257 454 1 288 465
48 217 726 1 245 740
49 51 1079 1 73 1091
50 244 331 1 275 343
51 143 1118 1 164 1134
52 498 391 1 533 400
53 200 746 1 227 761
54 345 105 1 381 110
55 244 277 1 277 288
56 146 661 1 174 675
57 402 865 1 429 882
58 160 1109 1 182 1125
59 207 998 1 230 1014
60 30 743 1 56 756
61 247 378 1 278 391
62 232 1041 1 254 1058
63 234 240 1 265 249
64 416 335 1 449 346
65 249 208 1 281 218
66 280 843 1 305 858
67 416 158 1 451 167
68 266 892 1 291 907
69 433 866 1 461 884
70 277 242 1 310 252
71 294 1166 1 315 1185
72 28 1066 1 50 1080
73 202 760 1 229 774
74 259 997 1 283 1013
75 426 76 1 463 81
76 260 334 1 291 347
77 295 31 1 331 33
78 495 306 1 530 315
79 272 227 1 305 237
80 292 445 1 323 454
81 123 722 1 150 735
82 408 76 1 445 81
83 159 302 1 189 313
84 419 91 1 456 97
85 196 335 1 227 349
86 139 66 1 173 78
87 165 818 1 190 831
88 68 385 1 97 397
89 248 419 1 279 431
90 398 81 1 434 88
91 136 24 1 171 37
92 233 1153 1 253 1171
93 213 103 1 247 109
94 223 1222 1 243 1240
95 79 342 1 110 353
96 471 943 1 497 962
97 243 1188 1 264 1206
98 197 924 1 221 939
99 239 994 1 264 1010
100 206 273 1 237 284
101 52 1100 1 73 1114
102 337 185 1 371 194
103 362 954 1 388 972
104 472 876 1 500 894
105 263 1021 1 287 1039
106 255 830 1 280 846
107 304 208 1 337 218
108 332 236 1 364 247
109 267 1056 1 289 1073
110 351 950 1 376 968
111 307 168 1 341 175
112 518 58 1 558 61
113 227 422 1 257 433
114 390 105 1 426 111
115 480 99 1 517 105
116 256 812 1 282 827
117 339 165 1 374 173
118 129 908 1 153 922
119 213 141 1 247 150
120 219 928 1 242 944
121 334 194 1 368 204
122 243 400 1 273 411
123 338 91 1 373 95
124 489 322 1 523 331
125 557 1065 1 587 1089
126 221 274 1 253 285
127 193 376 1 223 390
128 212 1188 1 233 1206
129 154 93 1 188 105
130 277 210 1 310 219
131 107 123 1 140 135
132 193 971 1 216 987
133 114 43 1 148 55
134 143 230 1 178 238
135 470 895 1 499 913
136 276 278 1 308 289
137 235 1120 1 257 1137
138 249 267 1 281 277
139 174 153 1 207 166
140 501 415 1 536 425
141 323 192 1 356 201
142 493 86 1 531 91
143 73 354 1 104 365
144 255 104 1 289 111
145 41 909 1 65 922
146 336 1170 1 359 1190
147 396 31 1 433 34
148 88 178 1 121 188
149 275 175 1 309 183
150 77 318 1 107 330
151 49 1169 1 69 1183
152 526 876 1 557 895
153 415 63 1 452 67
154 365 90 1 401 93
155 523 391 1 559 402
156 212 1144 1 234 1161
157 295 157 1 329 163
158 594 1081 1 625 1106
159 234 98 1 268 104
160 166 1123 1 188 1138
161 355 103 1 391 109
162 59 1168 1 79 1182
163 225 50 1 260 53
164 274 907 1 297 925
165 354 1219 1 376 1241
166 219 74 1 252 79
167 54 1180 1 74 1195
168 525 921 1 555 941
169 258 268 1 290 279
170 142 155 1 174 167
171 126 31 1 161 42
172 459 882 1 488 900
173 272 1040 1 296 1056
174 209 119 1 243 125
175 211 1223 1 231 1241
176 114 81 1 148 93
177 199 1155 1 220 1172
178 396 178 1 430 187
179 267 257 1 299 268
180 210 1210 1 230 1228
181 513 1004 1 541 1025
182 261 57 1 296 63
183 235 220 1 267 230
184 216 1160 1 236 1179
185 527 1212 1 553 1238
186 271 33 1 306 37
187 203 138 1 236 145
188 233 122 1 267 129
189 193 1205 1 213 1222
190 251 368 1 281 381
191 220 157 1 253 165
192 481 121 1 517 128
193 224 1116 1 246 1133
194 186 26 1 221 30
195 370 199 1 403 209
196 314 201 1 347 210
197 312 105 1 348 110
198 246 248 1 278 258
199 112 1211 1 131 1227
200 227 138 1 261 146
201 211 31 1 246 36
202 300 1143 1 322 1162
203 259 409 1 290 419
204 361 377 1 393 386
205 59 1223 1 79 1236
206 334 1180 1 356 1201
207 246 87 1 279 94
208 173 1095 1 195 1111
209 189 1052 1 212 1068
210 196 326 1 226 339
211 582 731 1 616 747
212 220 196 1 252 205
213 223 1192 1 243 1210
214 523 48 1 561 52
215 222 92 1 256 98
216 227 920 1 252 936
217 555 390 1 592 400
218 182 981 1 205 996
219 369 219 1 403 229
220 78 176 1 110 187
221 156 1124 1 177 1140
222 195 117 1 228 124
223 181 998 1 204 1013
224 93 144 1 126 157
225 617 104 1 660 105
226 130 1205 1 150 1221
227 232 1191 1 253 1209
228 77 221 1 109 233
229 96 314 1 126 325
230 192 1172 1 213 1189
231 333 208 1 367 218
232 310 114 1 345 119
233 192 37 1 228 41
234 115 806 1 140 819
235 491 292 1 526 302
236 473 904 1 501 922
237 436 74 1 473 79
238 146 1164 1 167 1179
239 186 1067 1 208 1082
240 349 155 1 384 163
241 430 32 1 468 36
242 159 1079 1 181 1094
243 200 25 1 234 29
244 242 181 1 275 190
245 182 693 1 209 707
246 121 1208 1 141 1225
247 139 1181 1 159 1197
248 246 103 1 280 110
249 200 1225 1 221 1242
250 417 177 1 452 186
251 125 898 1 148 911
252 146 858 1 171 872
253 92 133 1 125 146
254 595 1092 1 626 1118
255 204 1168 1 224 1184
256 333 31 1 370 34
257 219 1211 1 239 1228
258 271 800 1 297 819
259 179 103 1 212 116
260 158 1205 1 178 1221
261 379 86 1 416 91
262 130 256 1 162 268
263 137 1109 1 158 1124
264 126 41 1 161 53
265 40 930 1 64 943
266 267 250 1 299 260
267 350 112 1 385 118
268 92 156 1 126 169
269 81 1201 1 101 1217
270 173 1211 1 193 1227
271 520 782 1 551 799
272 186 1184 1 206 1201
273 274 290 1 306 302
274 89 977 1 111 990
275 263 69 1 297 76
276 504 828 1 534 845
277 120 816 1 146 831
278 332 1190 1 354 1210
279 289 198 1 321 209
280 259 217 1 292 227
281 508 69 1 547 74
282 461 120 1 498 126
283 208 88 1 242 94
284 92 243 1 124 254
285 168 930 1 191 944
286 356 33 1 393 35
287 205 48 1 240 53
288 484 90 1 521 96
289 297 117 1 331 123
290 83 99 1 117 112
291 214 1094 1 236 1110
292 106 144 1 138 154
293 163 879 1 187 893
294 181 232 1 216 245
295 176 1187 1 197 1204
296 324 97 1 359 102
297 220 1201 1 240 1218
298 189 950 1 212 965
299 216 664 1 244 679
300 217 654 1 245 668
301 96 1066 1 118 1081
302 125 85 1 158 97
303 252 131 1 285 138
304 333 102 1 369 107
305 512 390 1 547 401
306 292 216 1 325 226
307 106 248 1 138 260
308 136 35 1 170 47
309 500 733 1 531 749
310 192 695 1 219 709
311 196 1196 1 217 1212
312 359 159 1 393 167
313 338 113 1 374 119
314 120 96 1 153 108
315 174 1199 1 194 1216
316 299 1152 1 321 1172
317 303 1048 1 327 1065
318 135 145 1 168 157
319 124 107 1 158 119
320 324 158 1 357 166
321 426 154 1 462 163
322 207 191 1 240 201
323 542 782 1 574 799
324 71 24 1 105 33
325 82 1188 1 102 1203
326 499 743 1 530 759
327 314 94 1 349 99
328 550 982 1 580 1003
329 194 129 1 228 136
330 307 178 1 342 185
331 188 295 1 219 308
332 251 113 1 285 121
333 256 244 1 289 254
334 107 1054 1 129 1069
335 268 1221 1 289 1240
336 177 293 1 208 306
337 219 1107 1 240 1124
338 107 70 1 141 81
339 156 384 1 186 395
340 33 1100 1 55 1113
341 124 224 1 154 236
342 182 1043 1 204 1059
343 295 241 1 328 252
344 445 64 1 482 69
345 202 96 1 235 102
346 487 906 1 515 925
347 93 263 1 124 274
348 288 174 1 322 182
349 483 784 1 513 801
350 458 867 1 487 885
351 235 170 1 268 178
352 493 695 1 524 710
353 241 158 1 275 167
354 133 211 1 164 223
355 468 865 1 496 883
356 242 322 1 272 333
357 183 42 1 217 47
358 216 205 1 249 214
359 180 1138 1 201 1154
360 91 342 1 121 353
361 114 1211 1 133 1226
362 98 228 1 129 239
363 515 734 1 546 751
364 177 25 1 211 29
365 342 134 1 377 141
366 241 134 1 275 141
