0 317 1155 1 343 1171
1 234 256 1 264 264
2 224 811 1 252 823
3 317 1175 1 344 1191
4 247 224 1 279 230
5 234 283 1 263 290
6 262 876 1 290 886
7 291 997 1 317 1012
8 327 1154 1 352 1170
9 316 1122 1 343 1137
10 403 100 1 436 101
11 280 922 1 308 934
12 195 896 1 222 909
13 28 871 1 55 882
14 487 319 1 519 323
15 27 856 1 54 867
16 40 1117 1 66 1128
17 219 1055 1 246 1070
18 276 837 1 304 847
19 29 902 1 56 913
20 250 362 1 279 372
21 240 465 1 269 473
22 43 1154 1 68 1165
23 479 117 1 513 119
24 321 42 1 353 41
25 304 276 1 335 284
26 264 362 1 293 371
27 44 1093 1 70 1105
28 264 374 1 294 383
29 41 1130 1 66 1141
30 289 1048 1 316 1062
31 263 858 1 292 871
32 290 1117 1 315 1131
33 207 1183 1 232 1196
34 237 217 1 267 223
35 199 370 1 227 381
36 266 383 1 296 392
37 264 352 1 293 361
38 332 252 1 364 259
39 143 683 1 172 693
40 360 868 1 389 881
41 399 871 1 428 883
42 422 885 1 451 897
43 370 215 1 402 221
44 329 1109 1 356 1125
45 233 1009 1 258 1023
46 469 891 1 499 905
47 369 361 1 400 368
48 257 459 1 287 468
49 215 730 1 244 741
50 46 1082 1 72 1093
51 244 335 1 274 345
52 138 1122 1 163 1135
53 498 399 1 531 403
54 197 750 1 226 762
55 347 113 1 379 114
56 144 665 1 173 676
57 155 1113 1 182 1126
58 203 1002 1 229 1015
59 27 746 1 55 757
60 247 383 1 277 393
61 227 1046 1 254 1059
62 235 246 1 264 252
63 416 342 1 448 348
64 250 214 1 280 221
65 276 848 1 304 859
66 417 166 1 449 170
67 263 897 1 291 908
68 430 872 1 460 885
69 279 248 1 309 255
70 289 1170 1 314 1186
71 200 764 1 228 775
72 255 1001 1 282 1014
73 428 85 1 461 85
74 24 1071 1 49 1081
75 261 339 1 291 349
76 298 39 1 330 38
77 495 314 1 528 318
78 274 233 1 304 240
79 292 451 1 322 456
80 121 726 1 149 736
81 410 84 1 444 85
82 159 306 1 189 315
83 421 100 1 454 101
84 197 340 1 226 351
85 141 71 1 173 81
86 162 822 1 189 833
87 159 882 1 186 894
88 68 390 1 97 399
89 379 623 1 399 646
90 248 424 1 278 433
91 400 89 1 432 92
92 139 29 1 170 39
93 228 1157 1 253 1172
94 216 110 1 246 113
95 217 1226 1 243 1241
96 80 346 1 109 355
97 467 949 1 496 963
98 237 1192 1 263 1207
99 193 928 1 220 940
100 235 999 1 263 1011
101 206 279 1 237 286
102 47 1104 1 73 1115
103 305 216 1 336 221
104 338 192 1 370 197
105 358 959 1 386 973
106 468 882 1 499 896
107 259 1026 1 286 1040
108 251 835 1 279 847
109 332 242 1 363 249
110 262 1061 1 289 1074
111 347 955 1 375 969
112 309 174 1 340 179
113 520 67 1 556 65
114 227 428 1 256 435
115 129 24 1 160 32
116 392 113 1 424 115
117 482 107 1 515 109
118 277 30 1 308 30
119 254 816 1 281 828
120 341 172 1 372 176
121 126 912 1 153 923
122 215 147 1 246 153
123 215 933 1 242 945
124 335 201 1 367 207
125 243 406 1 272 413
126 340 98 1 372 99
127 489 330 1 521 334
128 552 1071 1 585 1089
129 222 280 1 253 287
130 193 381 1 222 391
131 207 1193 1 232 1207
132 156 98 1 188 108
133 278 216 1 309 221
134 109 128 1 140 137
135 189 976 1 216 988
136 117 48 1 147 57
137 467 901 1 497 915
138 277 284 1 307 291
139 230 1125 1 256 1138
140 250 273 1 280 280
141 176 158 1 206 168
142 501 421 1 534 428
143 324 199 1 354 204
144 495 94 1 529 95
145 73 357 1 103 367
146 258 111 1 288 115
147 38 912 1 64 923
148 331 1175 1 358 1191
149 397 39 1 431 38
150 90 182 1 120 191
151 278 182 1 308 186
152 44 1173 1 69 1184
153 522 882 1 555 896
154 417 72 1 450 72
155 367 98 1 399 97
156 78 323 1 107 332
157 523 399 1 557 405
158 207 1149 1 233 1162
159 297 163 1 328 167
160 589 1087 1 622 1106
161 237 104 1 267 108
162 161 1127 1 187 1139
163 357 112 1 389 113
164 53 1172 1 79 1184
165 228 57 1 259 58
166 271 912 1 296 926
167 349 1224 1 375 1241
168 221 81 1 251 83
169 48 1184 1 73 1196
170 521 927 1 553 941
171 259 274 1 289 281
172 143 159 1 173 169
173 129 36 1 160 44
174 456 888 1 486 901
175 268 1044 1 295 1057
176 211 125 1 242 129
177 206 1228 1 231 1242
178 117 85 1 147 95
179 194 1160 1 219 1173
180 397 186 1 428 190
181 268 263 1 298 270
182 205 1215 1 230 1229
183 110 1195 1 134 1207
184 508 1009 1 539 1025
185 263 64 1 294 67
186 236 227 1 266 233
187 211 1165 1 235 1180
188 521 1218 1 552 1238
189 274 40 1 305 41
190 205 143 1 235 148
191 236 128 1 266 132
192 187 1210 1 212 1223
193 251 373 1 281 383
194 222 163 1 252 168
195 482 130 1 516 132
196 219 1121 1 245 1135
197 189 33 1 220 34
198 371 206 1 402 212
199 316 207 1 346 213
200 314 112 1 346 114
201 247 254 1 277 261
202 106 1215 1 131 1228
203 229 144 1 260 149
204 215 37 1 245 40
205 295 1147 1 321 1163
206 260 414 1 290 421
207 360 384 1 392 389
208 53 1226 1 78 1237
209 328 1185 1 355 1201
210 248 93 1 278 97
211 169 1099 1 194 1112
212 185 1056 1 212 1069
213 196 330 1 225 340
214 579 739 1 613 749
215 221 202 1 252 208
216 218 1197 1 243 1211
217 524 57 1 559 57
218 225 98 1 255 102
219 224 925 1 251 937
220 554 398 1 589 403
221 178 985 1 204 997
222 371 225 1 402 231
223 80 180 1 109 189
224 151 1128 1 177 1141
225 197 123 1 227 127
226 177 1002 1 203 1014
227 94 148 1 125 159
228 618 114 1 656 110
229 227 1196 1 253 1210
230 78 225 1 108 235
231 232 41 1 262 42
232 96 319 1 126 327
233 187 1177 1 212 1190
234 334 215 1 366 221
235 312 122 1 344 123
236 196 44 1 227 45
237 112 810 1 140 820
238 491 301 1 525 305
239 469 909 1 499 923
240 438 82 1 471 83
241 181 1071 1 207 1083
242 351 162 1 383 166
243 433 41 1 466 41
244 154 1083 1 180 1095
245 127 56 1 158 64
246 202 30 1 233 33
247 244 187 1 274 193
248 180 697 1 209 709
249 116 1212 1 141 1226
250 134 1184 1 158 1197
251 249 110 1 279 113
252 195 1230 1 220 1243
253 419 185 1 451 189
254 122 901 1 148 913
255 143 862 1 170 873
256 94 137 1 124 148
257 590 1098 1 623 1118
258 198 1172 1 224 1185
259 336 40 1 368 39
260 213 1216 1 239 1229
261 268 805 1 296 820
262 181 107 1 211 118
263 304 137 1 334 138
264 152 1209 1 178 1222
265 381 94 1 414 95
266 132 1113 1 158 1126
267 129 46 1 160 56
268 37 933 1 64 944
269 268 256 1 298 263
270 352 120 1 384 122
271 95 160 1 125 171
272 75 1205 1 100 1218
273 167 1215 1 192 1228
274 517 789 1 550 801
275 181 1188 1 205 1202
276 275 295 1 305 304
277 85 980 1 111 991
278 265 76 1 296 79
279 501 834 1 532 847
280 117 820 1 145 832
281 327 1195 1 353 1211
282 290 205 1 320 211
283 260 223 1 291 229
284 510 78 1 545 78
285 463 128 1 497 130
286 211 95 1 241 98
287 94 247 1 123 256
288 164 934 1 191 945
289 359 41 1 392 40
290 119 32 1 150 40
291 209 55 1 239 57
292 486 98 1 520 100
293 299 125 1 330 127
294 85 103 1 116 114
295 209 1098 1 235 1111
296 107 148 1 137 156
297 389 61 1 421 61
298 171 1192 1 196 1205
299 327 104 1 358 106
300 214 1206 1 239 1219
301 185 954 1 211 966
302 214 669 1 243 680
303 215 658 1 244 670
304 91 1070 1 117 1082
305 127 90 1 158 99
306 254 138 1 284 142
307 336 109 1 367 111
308 512 398 1 545 403
309 293 223 1 324 229
310 108 252 1 138 262
311 139 40 1 170 49
312 497 740 1 529 751
313 190 699 1 218 711
314 191 1200 1 216 1213
315 360 166 1 391 171
316 340 121 1 372 123
317 121 100 1 153 110
318 169 1203 1 194 1217
319 294 1157 1 320 1172
320 299 1053 1 326 1066
321 137 149 1 168 159
322 126 111 1 157 121
323 325 165 1 356 169
324 428 162 1 460 166
325 209 198 1 239 204
326 539 789 1 572 801
327 74 28 1 104 36
328 76 1192 1 101 1204
329 496 749 1 528 761
330 316 102 1 347 103
331 545 988 1 578 1004
332 196 135 1 227 139
333 309 184 1 341 189
334 188 299 1 218 310
335 253 120 1 284 124
336 257 250 1 288 257
337 103 1058 1 129 1070
338 263 1226 1 288 1241
339 177 298 1 207 308
340 214 1111 1 240 1125
341 109 74 1 141 83
342 157 388 1 185 397
343 28 1103 1 54 1114
344 125 228 1 153 238
345 177 1047 1 204 1060
346 296 247 1 327 254
347 446 73 1 480 73
348 205 102 1 235 106
349 483 913 1 514 926
350 94 267 1 124 276
351 290 180 1 321 185
352 480 791 1 511 803
353 455 874 1 485 886
354 237 175 1 267 181
355 490 701 1 522 712
356 243 164 1 274 170
357 135 216 1 164 225
358 464 871 1 495 884
359 242 327 1 272 335
360 88 1216 1 113 1228
361 186 49 1 216 51
362 217 210 1 248 217
363 175 1142 1 200 1155
364 91 346 1 121 355
365 108 1215 1 133 1227
366 99 231 1 128 241
367 512 741 1 544 752
368 179 32 1 210 33
369 343 142 1 376 144
370 243 140 1 274 144
