0 336 1183 1 340 1173
1 258 283 1 262 263
2 245 840 1 250 828
3 336 563 1 344 569
4 336 1203 1 341 1193
5 352 539 1 360 548
6 425 140 1 431 116
7 62 1182 1 66 1170
8 255 317 1 260 300
9 239 1086 1 243 1074
10 311 1026 1 315 1016
11 346 1182 1 349 1172
12 336 1150 1 340 1140
13 300 950 1 305 939
14 215 925 1 220 913
15 286 393 1 291 378
16 272 260 1 276 241
17 49 898 1 53 887
18 48 884 1 52 872
19 244 559 1 255 564
20 258 293 1 261 274
21 59 1144 1 64 1133
22 263 496 1 267 480
23 298 866 1 302 852
24 49 929 1 54 918
25 272 394 1 277 379
26 499 157 1 507 133
27 64 1121 1 68 1109
28 344 85 1 349 58
29 327 310 1 332 293
30 286 888 1 289 875
31 260 252 1 264 233
32 286 405 1 291 391
33 60 1158 1 64 1146
34 308 1076 1 313 1065
35 252 1039 1 256 1027
36 310 1145 1 313 1135
37 225 1211 1 230 1200
38 409 527 1 414 539
39 275 1031 1 280 1019
40 221 400 1 225 387
41 288 414 1 293 400
42 286 383 1 290 368
43 355 286 1 360 269
44 164 711 1 169 699
45 380 897 1 385 886
46 419 900 1 424 888
47 442 914 1 447 902
48 392 251 1 398 232
49 349 1138 1 353 1128
50 283 903 1 287 891
51 488 921 1 494 909
52 390 395 1 396 378
53 280 492 1 284 476
54 269 548 1 280 553
55 243 571 1 254 575
56 298 877 1 302 864
57 266 367 1 271 353
58 157 1150 1 161 1139
59 257 553 1 268 557
60 218 779 1 224 767
61 370 153 1 375 129
62 166 693 1 171 682
63 175 1141 1 180 1130
64 223 1030 1 227 1020
65 518 431 1 525 414
66 49 774 1 53 762
67 270 414 1 274 400
68 247 1074 1 251 1063
69 437 377 1 443 359
70 505 355 1 513 335
71 438 204 1 445 183
72 283 925 1 288 913
73 449 902 1 455 890
74 301 283 1 306 265
75 45 1096 1 48 1085
76 307 1199 1 311 1189
77 221 793 1 226 781
78 449 126 1 456 101
79 369 529 1 376 538
80 284 371 1 288 357
81 322 83 1 326 56
82 515 351 1 522 330
83 206 44 1 209 17
84 142 754 1 147 741
85 296 269 1 301 250
86 182 339 1 187 323
87 436 529 1 441 535
88 442 140 1 449 116
89 432 125 1 438 100
90 219 371 1 224 357
91 166 106 1 170 90
92 183 850 1 187 838
93 179 910 1 184 899
94 92 420 1 95 406
95 66 1110 1 70 1098
96 421 130 1 427 107
97 227 54 1 230 27
98 280 1056 1 284 1044
99 247 1186 1 250 1175
100 240 148 1 243 126
101 164 65 1 168 48
102 104 377 1 107 363
103 272 457 1 276 441
104 486 978 1 492 967
105 257 1221 1 261 1211
106 214 956 1 218 945
107 255 1027 1 260 1015
108 358 629 1 365 634
109 230 312 1 234 295
110 66 1131 1 71 1120
111 361 228 1 366 209
112 378 988 1 383 977
113 488 912 1 494 900
114 237 1255 1 240 1244
115 273 250 1 277 231
116 484 583 1 484 595
117 182 132 1 185 116
118 281 1089 1 286 1078
119 367 983 1 372 973
120 595 771 1 604 756
121 539 110 1 548 83
122 250 458 1 253 443
123 217 59 1 220 32
124 332 214 1 337 192
125 154 58 1 158 42
126 413 154 1 420 130
127 502 147 1 509 124
128 300 72 1 304 46
129 274 845 1 278 833
130 363 210 1 368 189
131 147 939 1 151 928
132 328 251 1 333 232
133 235 961 1 239 950
134 357 237 1 363 218
135 265 439 1 270 423
136 362 139 1 367 115
137 509 367 1 515 346
138 570 1100 1 578 1091
139 246 313 1 250 296
140 215 411 1 220 398
141 226 1221 1 230 1210
142 301 251 1 306 233
143 134 161 1 138 146
144 209 1004 1 214 993
145 392 589 1 398 594
146 486 930 1 492 919
147 404 135 1 409 110
148 299 317 1 304 300
149 215 74 1 218 50
150 249 1153 1 254 1142
151 273 306 1 277 289
152 237 60 1 240 34
153 199 190 1 204 176
154 346 235 1 351 216
155 515 135 1 523 111
156 273 864 1 277 852
157 97 389 1 101 374
158 281 149 1 285 128
159 58 939 1 63 928
160 350 1203 1 355 1193
161 419 83 1 426 56
162 115 216 1 118 200
163 300 219 1 305 199
164 62 1200 1 67 1189
165 541 913 1 548 901
166 438 113 1 445 88
167 389 138 1 394 113
168 101 355 1 105 340
169 226 1177 1 231 1166
170 320 200 1 325 179
171 543 437 1 550 416
172 180 1155 1 185 1144
173 379 151 1 385 128
174 72 1199 1 77 1188
175 252 98 1 256 73
176 80 1224 1 84 1212
177 141 82 1 145 66
178 367 1253 1 372 1244
179 302 59 1 307 34
180 396 638 1 402 642
181 67 1211 1 71 1200
182 540 957 1 547 945
183 140 849 1 144 837
184 282 308 1 286 291
185 167 190 1 171 176
186 154 71 1 158 54
187 476 917 1 481 906
188 287 1073 1 293 1062
189 236 163 1 240 142
190 213 1188 1 217 1177
191 418 223 1 424 202
192 290 297 1 295 280
193 223 1243 1 227 1233
194 128 1222 1 132 1211
195 527 1039 1 533 1028
196 287 105 1 291 82
197 259 262 1 263 244
198 230 1192 1 233 1182
199 539 1246 1 546 1239
200 297 83 1 302 57
201 260 167 1 264 145
202 205 1239 1 210 1227
203 274 405 1 278 390
204 246 200 1 250 180
205 502 169 1 510 146
206 238 1150 1 243 1139
207 255 107 1 259 82
208 393 242 1 398 223
209 232 82 1 235 58
210 635 159 1 646 129
211 270 288 1 275 271
212 124 1243 1 129 1232
213 253 182 1 257 161
214 314 1175 1 319 1166
215 283 447 1 287 431
216 291 940 1 294 931
217 141 119 1 145 103
218 348 1214 1 352 1204
219 271 132 1 276 110
220 187 1128 1 192 1116
221 204 1084 1 209 1073
222 219 360 1 223 347
223 283 53 1 287 24
224 245 237 1 249 219
225 236 1226 1 241 1215
226 543 100 1 552 74
227 249 138 1 252 115
228 244 953 1 249 942
229 198 1013 1 202 1001
230 392 261 1 398 242
231 104 214 1 108 198
232 170 1156 1 175 1145
233 221 162 1 225 140
234 197 1030 1 201 1019
235 119 181 1 123 166
236 280 41 1 284 14
237 256 82 1 259 57
238 120 350 1 124 335
239 205 1205 1 210 1194
240 356 251 1 362 232
241 336 161 1 340 138
242 222 85 1 225 61
243 225 41 1 228 14
244 133 837 1 138 825
245 511 337 1 518 317
246 489 939 1 495 928
247 459 124 1 465 99
248 71 1255 1 76 1243
249 201 1099 1 205 1088
250 373 200 1 379 179
251 453 84 1 460 58
252 173 1111 1 178 1100
253 151 90 1 156 73
254 227 72 1 230 48
255 267 223 1 271 204
256 202 726 1 206 714
257 135 1240 1 139 1230
258 153 1213 1 157 1201
259 272 149 1 276 127
260 440 222 1 446 201
261 143 929 1 146 917
262 164 889 1 168 878
263 118 169 1 122 155
264 217 1201 1 222 1189
265 359 83 1 364 57
266 232 1244 1 237 1234
267 289 835 1 294 825
268 204 140 1 209 125
269 326 177 1 331 153
270 171 1237 1 175 1226
271 151 1141 1 156 1130
272 241 187 1 244 165
273 57 960 1 62 949
274 290 291 1 295 273
275 95 1233 1 99 1222
276 185 1243 1 190 1232
277 536 820 1 543 807
278 199 1217 1 203 1206
279 297 327 1 302 312
280 106 1007 1 109 996
281 289 116 1 293 93
282 519 864 1 526 852
283 600 255 1 610 228
284 346 1223 1 350 1213
285 283 258 1 288 240
286 530 120 1 538 94
287 484 168 1 491 145
288 185 961 1 188 950
289 381 85 1 387 58
290 144 66 1 148 50
291 233 96 1 236 72
292 506 139 1 513 115
293 228 1126 1 233 1116
294 132 182 1 136 165
295 410 103 1 416 77
296 190 1220 1 194 1209
297 348 145 1 354 121
298 232 1235 1 237 1224
299 205 982 1 209 971
300 236 698 1 241 686
301 237 686 1 242 675
302 111 1097 1 115 1087
303 298 41 1 302 13
304 277 176 1 282 155
305 358 150 1 363 126
306 315 258 1 321 240
307 132 284 1 136 270
308 163 75 1 168 58
309 516 771 1 523 757
310 211 728 1 216 716
311 209 1229 1 214 1218
312 382 203 1 387 183
313 363 161 1 368 138
314 188 1232 1 192 1221
315 380 536 1 386 543
316 313 1185 1 317 1175
317 319 1081 1 323 1070
318 368 615 1 375 622
319 151 145 1 155 130
320 347 202 1 352 181
321 449 200 1 455 179
322 233 233 1 236 214
323 557 820 1 565 807
324 99 63 1 103 46
325 95 1219 1 99 1208
326 516 781 1 522 767
327 339 142 1 343 118
328 563 1018 1 571 1007
329 221 173 1 225 152
330 210 330 1 216 316
331 277 158 1 281 137
332 280 284 1 285 267
333 123 1086 1 127 1075
334 200 328 1 205 314
335 233 1140 1 237 1129
336 135 109 1 139 92
337 178 419 1 183 405
338 47 1131 1 52 1119
339 197 1075 1 201 1064
340 319 281 1 324 264
341 467 115 1 474 90
342 229 142 1 232 119
343 502 942 1 508 931
344 118 299 1 122 284
345 312 218 1 318 198
346 499 821 1 506 808
347 474 903 1 480 890
348 260 212 1 264 193
349 510 733 1 517 719
350 267 201 1 271 181
351 158 249 1 162 234
352 484 901 1 490 889
353 265 357 1 269 343
354 107 1244 1 111 1233
355 211 91 1 214 67
356 242 246 1 246 228
357 193 1170 1 198 1159
358 126 1243 1 131 1232
359 123 264 1 126 249
360 531 773 1 538 759
361 205 75 1 208 49
362 366 179 1 372 158
363 267 178 1 271 157
