0 336 1183 1 338 1177
1 258 283 1 260 272
2 245 840 1 248 833
3 336 563 1 343 561
4 336 1203 1 339 1196
5 352 539 1 359 539
6 425 140 1 428 127
7 62 1182 1 65 1174
8 255 317 1 258 307
9 239 1086 1 242 1078
10 311 1026 1 313 1020
11 346 1182 1 348 1176
12 336 1150 1 338 1144
13 300 950 1 303 943
14 215 925 1 218 917
15 286 393 1 289 384
16 272 260 1 274 250
17 49 898 1 52 891
18 48 884 1 51 876
19 244 559 1 252 557
20 258 293 1 260 283
21 59 1144 1 63 1137
22 263 496 1 265 487
23 298 866 1 300 857
24 49 929 1 52 922
25 272 394 1 275 386
26 499 157 1 503 145
27 64 1121 1 67 1113
28 344 85 1 347 72
29 327 310 1 330 301
30 286 888 1 288 880
31 260 252 1 262 242
32 286 405 1 289 397
33 60 1158 1 63 1150
34 308 1076 1 311 1069
35 252 1039 1 254 1031
36 310 1145 1 311 1138
37 225 1211 1 228 1204
38 409 527 1 415 528
39 275 1031 1 278 1023
40 221 400 1 223 392
41 288 414 1 291 406
42 286 383 1 289 375
43 355 286 1 358 276
44 164 711 1 168 703
45 380 897 1 383 891
46 419 900 1 421 893
47 442 914 1 445 906
48 392 251 1 395 241
49 349 1138 1 351 1131
50 283 903 1 286 895
51 488 921 1 492 914
52 390 395 1 394 385
53 280 492 1 283 484
54 269 548 1 277 546
55 243 571 1 251 568
56 298 877 1 300 868
57 266 367 1 270 359
58 157 1150 1 160 1143
59 257 553 1 265 551
60 218 779 1 222 772
61 370 153 1 373 141
62 166 693 1 169 686
63 175 1141 1 178 1134
64 223 1030 1 226 1023
65 518 432 1 521 423
66 49 774 1 52 766
67 270 414 1 273 406
68 247 1074 1 250 1067
69 437 377 1 441 367
70 505 355 1 510 345
71 438 204 1 442 193
72 283 925 1 287 917
73 449 902 1 452 895
74 301 283 1 304 273
75 45 1096 1 47 1089
76 307 1199 1 310 1192
77 221 793 1 224 785
78 449 126 1 452 114
79 369 529 1 376 529
80 284 371 1 286 363
81 322 83 1 324 69
82 515 351 1 518 340
83 206 44 1 208 30
84 142 754 1 145 746
85 296 269 1 299 258
86 182 339 1 185 330
87 436 529 1 441 528
88 442 140 1 446 128
89 432 125 1 435 112
90 219 371 1 222 362
91 166 106 1 169 96
92 183 850 1 185 842
93 179 910 1 183 903
94 92 420 1 94 412
95 66 1110 1 69 1101
96 421 130 1 424 118
97 227 54 1 229 40
98 280 1056 1 282 1048
99 247 1186 1 249 1179
100 240 148 1 242 137
101 164 65 1 166 55
102 104 377 1 106 369
103 272 457 1 274 448
104 486 978 1 489 971
105 257 1221 1 259 1214
106 214 956 1 216 949
107 255 1027 1 259 1019
108 358 629 1 365 627
109 230 312 1 233 303
110 66 1131 1 69 1124
111 361 228 1 364 218
112 378 988 1 381 981
113 488 912 1 491 905
114 237 1255 1 239 1248
115 273 250 1 276 239
116 484 583 1 488 583
117 182 132 1 184 122
118 281 1089 1 285 1082
119 367 983 1 370 977
120 595 771 1 599 763
121 539 110 1 544 96
122 250 458 1 252 449
123 217 59 1 219 45
124 332 214 1 335 202
125 154 58 1 157 49
126 413 154 1 417 142
127 502 147 1 506 135
128 300 72 1 303 59
129 274 845 1 277 837
130 363 210 1 366 199
131 147 939 1 149 932
132 328 251 1 331 241
133 235 961 1 238 954
134 357 237 1 361 227
135 265 439 1 268 430
136 362 139 1 365 126
137 509 367 1 512 355
138 570 1100 1 574 1094
139 246 313 1 249 304
140 215 411 1 218 402
141 226 1221 1 229 1214
142 301 251 1 304 241
143 134 161 1 136 152
144 209 1004 1 212 996
145 392 589 1 398 587
146 486 930 1 489 924
147 404 135 1 407 122
148 299 317 1 302 308
149 215 74 1 217 62
150 249 1153 1 252 1146
151 273 306 1 276 297
152 237 60 1 239 47
153 199 190 1 202 181
154 346 235 1 349 224
155 515 135 1 519 123
156 273 864 1 275 856
157 97 389 1 100 380
158 281 149 1 284 138
159 58 939 1 61 932
160 350 1203 1 353 1197
161 419 83 1 423 69
162 115 216 1 117 206
163 300 219 1 303 209
164 62 1200 1 65 1192
165 541 913 1 545 906
166 438 113 1 442 100
167 389 138 1 392 126
168 101 355 1 104 346
169 226 1177 1 229 1170
170 320 200 1 323 189
171 543 437 1 546 425
172 180 1155 1 183 1148
173 379 151 1 383 139
174 72 1199 1 75 1192
175 252 98 1 255 85
176 80 1224 1 83 1216
177 141 82 1 144 72
178 367 1253 1 370 1246
179 302 59 1 305 46
180 396 638 1 402 635
181 67 1211 1 70 1204
182 540 957 1 544 950
183 140 849 1 142 841
184 282 308 1 285 298
185 167 190 1 169 182
186 154 71 1 157 61
187 476 917 1 479 910
188 287 1073 1 291 1065
189 236 163 1 238 152
190 213 1188 1 216 1181
191 418 223 1 421 212
192 290 297 1 293 287
193 223 1243 1 226 1236
194 128 1222 1 131 1215
195 527 1039 1 530 1032
196 287 105 1 290 93
197 259 262 1 262 252
198 230 1192 1 232 1186
199 539 1246 1 542 1241
200 297 83 1 300 70
201 260 167 1 262 156
202 205 1239 1 209 1231
203 274 405 1 276 396
204 246 200 1 248 189
205 502 169 1 506 157
206 238 1150 1 241 1142
207 255 107 1 257 95
208 393 242 1 396 231
209 232 82 1 234 70
210 635 159 1 640 144
211 270 288 1 273 279
212 124 1243 1 127 1236
213 253 182 1 256 171
214 314 1175 1 317 1169
215 283 447 1 285 438
216 291 940 1 292 935
217 141 119 1 144 109
218 348 1214 1 350 1207
219 271 132 1 274 121
220 187 1128 1 190 1120
221 204 1084 1 208 1077
222 219 360 1 221 352
223 283 53 1 286 39
224 245 237 1 248 227
225 236 1226 1 239 1218
226 543 100 1 548 87
227 249 138 1 251 126
228 244 953 1 247 946
229 198 1013 1 200 1005
230 392 261 1 396 251
231 104 214 1 107 204
232 170 1156 1 173 1149
233 221 162 1 224 150
234 197 1030 1 200 1023
235 119 181 1 122 172
236 280 41 1 283 27
237 256 82 1 258 70
238 120 350 1 123 341
239 205 1205 1 208 1198
240 356 251 1 360 241
241 336 161 1 338 149
242 222 85 1 224 73
243 225 41 1 227 27
244 133 837 1 136 830
245 511 337 1 515 327
246 489 939 1 492 932
247 459 124 1 462 111
248 71 1255 1 74 1247
249 201 1099 1 204 1091
250 373 200 1 376 189
251 453 84 1 457 71
252 173 1111 1 177 1103
253 151 90 1 154 80
254 227 72 1 229 59
255 267 223 1 270 213
256 202 726 1 205 718
257 135 1240 1 138 1233
258 153 1213 1 155 1205
259 272 149 1 275 137
260 440 222 1 443 211
261 143 929 1 145 922
262 164 889 1 167 882
263 118 169 1 121 161
264 217 1201 1 220 1193
265 359 83 1 361 70
266 232 1244 1 235 1237
267 289 835 1 292 830
268 204 140 1 207 131
269 326 177 1 329 165
270 171 1237 1 174 1229
271 151 1141 1 154 1134
272 241 187 1 243 175
273 57 960 1 60 953
274 290 291 1 294 281
275 95 1233 1 97 1226
276 185 1243 1 188 1236
277 536 820 1 540 812
278 199 1217 1 202 1210
279 297 327 1 300 318
280 106 1007 1 108 1000
281 289 116 1 291 104
282 519 864 1 523 857
283 600 255 1 605 242
284 346 1223 1 348 1217
285 283 258 1 286 248
286 530 120 1 534 107
287 484 168 1 488 156
288 185 961 1 187 954
289 381 85 1 384 71
290 144 66 1 146 57
291 233 96 1 235 84
292 506 139 1 510 127
293 228 1126 1 231 1119
294 132 182 1 134 172
295 410 103 1 413 90
296 190 1220 1 193 1213
297 348 145 1 351 133
298 232 1235 1 235 1227
299 205 982 1 208 975
300 236 698 1 239 690
301 237 686 1 240 679
302 111 1097 1 114 1090
303 298 41 1 301 27
304 277 176 1 280 165
305 358 150 1 361 138
306 315 258 1 319 248
307 132 284 1 135 276
308 163 75 1 166 65
309 516 771 1 520 763
310 211 728 1 215 720
311 209 1229 1 212 1221
312 382 203 1 385 192
313 363 161 1 366 149
314 188 1232 1 190 1224
315 380 536 1 386 535
316 313 1185 1 315 1178
317 319 1081 1 321 1074
318 368 615 1 375 614
319 151 145 1 154 136
320 347 202 1 350 191
321 449 200 1 452 188
322 233 233 1 235 223
323 557 820 1 561 813
324 99 63 1 102 53
325 95 1219 1 98 1212
326 516 781 1 519 773
327 339 142 1 341 130
328 563 1018 1 567 1011
329 221 173 1 224 162
330 210 330 1 214 322
331 277 158 1 279 147
332 280 284 1 283 275
333 123 1086 1 126 1079
334 200 328 1 203 319
335 233 1140 1 236 1132
336 135 109 1 137 99
337 178 419 1 182 411
338 47 1131 1 51 1123
339 197 1075 1 200 1068
340 319 281 1 322 272
341 467 115 1 471 102
342 229 142 1 231 130
343 502 942 1 505 935
344 118 299 1 121 290
345 312 218 1 316 207
346 499 821 1 503 814
347 474 903 1 478 895
348 260 212 1 263 202
349 510 733 1 513 725
350 267 201 1 270 191
351 158 249 1 160 240
352 484 901 1 487 894
353 265 357 1 267 349
354 107 1244 1 109 1236
355 211 91 1 213 79
356 242 246 1 244 236
357 193 1170 1 196 1163
358 126 1243 1 129 1236
359 123 264 1 125 255
360 531 773 1 535 765
361 205 75 1 207 62
362 366 179 1 369 168
363 267 178 1 269 167
