0 220 690 1 199 740
1 225 630 1 202 680
2 210 597 1 187 647
3 228 586 1 204 635
4 204 909 1 189 961
5 244 841 1 228 891
6 246 827 1 229 878
7 216 545 1 190 595
8 201 941 1 187 993
9 219 714 1 199 764
10 240 922 1 227 973
11 215 769 1 196 820
12 230 576 1 205 625
13 216 531 1 190 581
14 200 929 1 186 981
15 206 637 1 183 688
16 256 646 1 233 695
17 262 543 1 236 592
18 64 826 1 47 882
19 253 701 1 233 751
20 216 756 1 196 807
21 239 933 1 226 983
22 251 713 1 231 762
23 228 596 1 205 646
24 96 1096 1 80 1149
25 557 1053 1 548 1091
26 254 689 1 232 738
27 56 873 1 40 929
28 541 1153 1 536 1193
29 201 841 1 184 892
30 209 618 1 185 668
31 243 857 1 228 908
32 260 572 1 235 623
33 214 565 1 189 615
34 133 1210 1 121 1263
35 248 1092 1 237 1141
36 686 1162 1 683 1197
37 227 564 1 202 613
38 571 885 1 558 921
39 205 899 1 190 950
40 229 1038 1 218 1090
41 540 1170 1 535 1212
42 304 1216 1 298 1267
43 628 1163 1 624 1201
44 24 1163 1 9 1219
45 567 1203 1 564 1243
46 187 840 1 170 891
47 644 1001 1 634 1035
48 239 942 1 226 994
49 210 740 1 191 791
50 372 1001 1 360 1049
51 211 703 1 191 753
52 640 1140 1 635 1177
53 664 1197 1 662 1234
54 597 1005 1 587 1041
55 222 485 1 195 535
56 107 1041 1 91 1092
57 258 1061 1 246 1108
58 664 1085 1 658 1121
59 511 1215 1 508 1259
60 145 222 1 109 276
61 201 697 1 180 747
62 683 1089 1 677 1123
63 198 919 1 184 971
64 254 675 1 232 724
65 203 676 1 181 726
66 627 940 1 615 975
67 317 1003 1 305 1052
68 637 974 1 626 1008
69 101 1150 1 86 1202
70 133 219 1 97 273
71 631 994 1 621 1029
72 147 209 1 111 262
73 165 515 1 139 568
74 117 730 1 97 784
75 616 1197 1 613 1236
76 525 1166 1 520 1209
77 643 1185 1 640 1223
78 196 739 1 176 790
79 32 974 1 16 1028
80 498 1235 1 496 1279
81 533 1068 1 525 1108
82 557 1003 1 547 1041
83 636 1083 1 629 1119
84 189 810 1 172 862
85 646 1225 1 644 1263
86 578 1001 1 568 1038
87 548 1125 1 542 1165
88 475 706 1 455 747
89 695 1084 1 689 1118
90 614 985 1 604 1020
91 242 888 1 228 939
92 546 1043 1 536 1082
93 37 1089 1 21 1143
94 578 1227 1 576 1268
95 226 1152 1 218 1204
96 653 1090 1 646 1126
97 645 1023 1 637 1058
98 602 1016 1 592 1053
99 632 1184 1 629 1222
100 658 1002 1 648 1036
101 598 1151 1 594 1189
102 653 1200 1 651 1237
103 603 887 1 589 922
104 210 713 1 189 764
105 136 209 1 100 263
106 634 1127 1 629 1163
107 232 787 1 214 838
108 493 1167 1 488 1210
109 570 933 1 557 970
110 675 1193 1 674 1230
111 555 987 1 543 1025
112 532 1078 1 525 1118
113 627 957 1 615 991
114 638 1156 1 635 1193
115 681 1228 1 680 1265
116 133 1146 1 120 1198
117 235 1006 1 223 1058
118 650 978 1 640 1012
119 137 1127 1 123 1179
120 348 1002 1 337 1050
121 617 1128 1 612 1165
122 611 944 1 599 979
123 116 1215 1 104 1271
124 259 636 1 236 685
125 498 1245 1 496 1289
126 559 1094 1 552 1134
127 180 422 1 151 474
128 579 1169 1 574 1209
129 684 1076 1 678 1110
130 307 1061 1 297 1109
131 262 520 1 237 569
132 234 1025 1 224 1077
133 62 1045 1 45 1097
134 221 497 1 194 546
135 247 782 1 230 832
136 192 784 1 173 836
137 541 1197 1 537 1240
138 237 1242 1 230 1294
139 494 1180 1 490 1224
140 613 1107 1 607 1144
141 680 1100 1 674 1135
142 639 1012 1 630 1048
143 157 922 1 140 971
144 654 1121 1 649 1157
145 651 1254 1 650 1292
146 585 954 1 573 991
147 114 1026 1 98 1077
148 601 921 1 588 957
149 619 967 1 608 1002
150 98 1084 1 82 1137
151 240 1191 1 233 1242
152 53 1026 1 35 1078
153 674 1119 1 669 1154
154 681 1047 1 673 1081
155 653 1189 1 650 1226
156 292 1166 1 284 1216
157 685 1123 1 680 1158
158 663 1100 1 658 1135
159 107 806 1 90 861
160 609 1208 1 607 1246
161 282 1221 1 276 1271
162 376 861 1 362 908
163 552 1141 1 547 1182
164 610 1044 1 602 1080
165 626 1079 1 619 1115
166 620 914 1 607 948
167 172 942 1 155 991
168 305 1173 1 298 1221
169 616 1092 1 609 1129
170 176 1214 1 166 1266
171 317 634 1 294 681
172 153 1216 1 143 1269
173 686 1192 1 684 1228
174 148 1124 1 134 1176
175 508 1136 1 502 1179
176 488 1226 1 485 1271
177 656 1048 1 648 1083
178 261 1097 1 250 1145
179 551 1198 1 547 1240
180 292 1215 1 286 1266
181 601 977 1 590 1013
182 622 1208 1 620 1246
183 225 452 1 197 503
184 627 1026 1 618 1060
185 134 1111 1 120 1163
186 422 792 1 405 836
187 517 1197 1 513 1239
188 38 1188 1 25 1245
189 646 990 1 636 1025
190 223 470 1 195 520
191 473 1190 1 468 1235
192 588 943 1 576 979
193 518 1017 1 509 1057
194 534 999 1 523 1038
195 367 763 1 348 809
196 587 1065 1 579 1103
197 293 1125 1 285 1175
198 34 1128 1 18 1183
199 529 1236 1 527 1280
200 590 973 1 579 1009
201 634 1247 1 634 1286
202 601 1224 1 599 1264
203 240 762 1 221 812
204 670 1069 1 663 1103
205 559 1043 1 550 1081
206 103 785 1 85 840
207 137 1236 1 127 1289
208 579 1026 1 569 1063
209 688 1173 1 685 1208
210 511 1237 1 509 1281
211 674 1150 1 670 1186
212 640 1114 1 634 1151
213 167 952 1 149 1002
214 536 1187 1 532 1229
215 198 714 1 178 765
216 510 994 1 500 1034
217 123 217 1 87 271
218 686 1066 1 679 1099
219 556 933 1 544 970
220 205 769 1 186 820
221 558 1165 1 554 1205
222 602 1190 1 599 1229
223 244 792 1 226 842
224 567 1053 1 558 1092
225 253 1163 1 245 1213
226 30 953 1 11 1006
227 578 1127 1 573 1166
228 92 1184 1 78 1241
229 25 1140 1 11 1195
230 284 1067 1 273 1115
231 298 1226 1 293 1277
232 601 957 1 589 993
233 690 1055 1 683 1089
234 616 933 1 603 969
235 544 911 1 531 949
236 117 804 1 99 859
237 666 907 1 653 940
238 633 1213 1 631 1251
239 662 1146 1 658 1182
240 24 1196 1 8 1252
241 160 1170 1 150 1224
242 548 1112 1 541 1153
243 148 232 1 113 286
244 556 1175 1 552 1215
245 546 1059 1 538 1099
246 617 1139 1 612 1175
247 523 1108 1 517 1149
248 504 1187 1 501 1230
249 549 1222 1 545 1264
250 601 1092 1 594 1130
251 465 1098 1 457 1141
252 578 1105 1 571 1144
253 226 751 1 206 801
254 612 1013 1 603 1049
255 560 1104 1 554 1144
256 602 876 1 587 912
257 520 948 1 507 986
258 609 1173 1 606 1211
259 283 1133 1 274 1183
260 239 1035 1 229 1087
261 572 895 1 559 931
262 641 949 1 630 984
263 140 924 1 120 971
264 629 1199 1 626 1237
265 498 919 1 485 959
266 549 877 1 535 913
267 100 905 1 80 956
268 95 1110 1 81 1163
269 258 655 1 236 705
270 551 1013 1 541 1051
271 423 777 1 405 821
272 601 1076 1 594 1113
273 684 1146 1 681 1182
274 668 1023 1 659 1057
275 605 933 1 593 969
276 522 1088 1 515 1128
277 634 1237 1 633 1276
278 265 1165 1 255 1214
279 514 1227 1 512 1271
280 661 1177 1 658 1214
281 642 1095 1 636 1131
282 566 1134 1 561 1174
283 516 965 1 504 1005
284 644 1105 1 638 1141
285 523 1062 1 515 1102
286 671 1043 1 663 1077
287 587 1237 1 586 1279
288 562 909 1 549 946
289 528 959 1 516 997
290 59 1074 1 43 1127
291 601 993 1 592 1028
292 523 997 1 513 1035
293 188 829 1 171 881
294 653 1013 1 644 1047
295 637 1060 1 630 1095
296 250 804 1 232 854
297 618 923 1 606 957
298 518 901 1 504 940
299 685 1015 1 677 1048
300 479 1011 1 470 1053
301 130 1155 1 117 1208
302 661 1247 1 660 1285
303 638 1071 1 631 1106
304 594 933 1 583 968
305 133 873 1 113 922
306 147 871 1 129 921
307 510 1006 1 500 1046
308 596 1064 1 588 1102
309 190 416 1 162 468
310 327 631 1 303 677
311 71 978 1 53 1031
312 237 479 1 208 529
313 127 1046 1 110 1097
314 613 1224 1 612 1263
315 43 1055 1 26 1108
316 656 931 1 644 965
317 673 1254 1 673 1291
318 588 1142 1 583 1182
319 620 892 1 606 927
320 154 833 1 134 882
321 127 734 1 107 788
322 689 1204 1 687 1240
323 100 1011 1 83 1062
324 528 1030 1 518 1070
325 684 1035 1 676 1069
326 529 970 1 517 1008
327 582 1090 1 574 1128
328 612 1117 1 606 1155
329 500 1211 1 497 1256
330 568 1005 1 557 1043
331 651 1036 1 643 1071
332 226 763 1 207 814
333 310 915 1 296 964
334 536 1009 1 525 1048
335 543 982 1 532 1019
336 474 1215 1 471 1261
337 675 1170 1 672 1206
338 628 1153 1 624 1191
339 318 1163 1 311 1212
340 489 917 1 475 956
341 638 1034 1 629 1069
342 686 959 1 675 992
343 523 1176 1 518 1218
344 318 1047 1 307 1095
345 658 1160 1 655 1196
346 368 691 1 348 737
347 248 772 1 229 822
348 421 750 1 403 794
349 582 1080 1 574 1118
350 664 1135 1 660 1171
351 451 742 1 432 783
352 624 1039 1 616 1074
353 339 1064 1 329 1112
354 550 1187 1 546 1229
355 153 196 1 117 249
356 589 1055 1 581 1092
357 121 1123 1 107 1175
358 476 1200 1 473 1245
359 152 980 1 136 1030
360 316 758 1 298 806
361 252 744 1 232 794
362 522 938 1 509 976
363 496 952 1 483 993
364 473 1174 1 469 1219
365 446 721 1 426 762
366 452 1105 1 444 1148
367 431 382 1 400 426
368 211 341 1 179 393
369 628 930 1 616 965
370 594 1026 1 585 1063
371 516 985 1 505 1024
372 589 1042 1 580 1079
373 323 1073 1 312 1121
374 546 1023 1 537 1061
375 510 1083 1 502 1124
376 347 1088 1 338 1135
377 520 1051 1 512 1091
378 130 839 1 110 888
379 673 1208 1 672 1244
380 598 1240 1 596 1280
381 668 981 1 659 1015
382 475 734 1 455 776
383 435 710 1 415 752
384 638 1166 1 634 1203
385 530 1148 1 525 1189
386 661 1111 1 656 1146
387 94 938 1 75 988
388 536 1108 1 530 1148
389 333 709 1 313 756
390 219 322 1 187 373
391 138 734 1 118 788
392 436 573 1 411 615
393 669 1059 1 662 1093
394 695 1144 1 691 1178
395 162 861 1 142 909
396 578 976 1 567 1013
397 688 1237 1 688 1274
398 95 1241 1 83 1296
399 133 1101 1 118 1152
400 577 1140 1 572 1179
401 261 484 1 234 533
402 286 936 1 272 985
403 622 1101 1 616 1138
404 359 630 1 336 676
405 660 1210 1 658 1248
406 250 376 1 220 426
407 518 1187 1 515 1229
408 312 668 1 291 715
409 629 1011 1 620 1046
410 506 1159 1 502 1203
411 571 1094 1 564 1133
412 509 929 1 496 969
413 274 308 1 241 357
414 378 484 1 350 529
415 254 794 1 237 843
416 68 1022 1 50 1074
417 265 495 1 238 544
418 262 335 1 230 384
419 439 404 1 409 446
420 643 1130 1 638 1166
421 162 893 1 144 942
422 59 985 1 40 1036
423 625 981 1 614 1016
424 164 1190 1 156 1245
425 404 628 1 381 673
426 267 510 1 241 559
427 221 285 1 188 336
428 312 650 1 290 698
429 624 1223 1 623 1262
430 319 264 1 285 312
431 39 1065 1 22 1118
432 440 414 1 409 456
433 569 1171 1 565 1211
434 234 304 1 200 353
435 519 1141 1 513 1183
436 536 1222 1 533 1265
437 657 954 1 646 988
438 614 1152 1 610 1189
439 344 368 1 312 411
440 452 1213 1 448 1260
441 130 939 1 112 988
442 448 1113 1 441 1159
443 149 1242 1 138 1295
444 596 806 1 580 841
445 639 1203 1 637 1241
446 76 1078 1 60 1131
447 532 1250 1 530 1293
448 517 1151 1 512 1193
449 396 599 1 372 644
450 426 404 1 396 446
451 312 1071 1 301 1119
452 562 1234 1 561 1276
453 234 268 1 201 319
454 59 836 1 41 892
455 589 1119 1 583 1157
456 413 348 1 381 392
457 374 829 1 357 875
458 356 527 1 330 573
459 616 1027 1 607 1063
460 508 909 1 494 948
461 306 633 1 285 681
462 225 442 1 197 493
463 562 1155 1 558 1195
464 309 888 1 295 936
465 239 347 1 208 397
466 689 1100 1 683 1135
467 60 1132 1 46 1187
468 690 1134 1 685 1169
469 374 753 1 355 799
470 601 1141 1 596 1180
471 149 805 1 128 854
472 506 976 1 495 1016
473 596 910 1 583 945
474 332 1091 1 323 1139
475 344 824 1 327 871
476 477 1120 1 471 1164
477 656 988 1 646 1022
478 358 606 1 335 653
479 292 359 1 261 406
480 233 259 1 198 309
481 547 1002 1 537 1040
