0 249 722 1 202 743
1 255 615 1 207 636
2 252 661 1 205 682
3 255 626 1 208 646
4 242 734 1 194 755
5 279 877 1 232 898
6 247 804 1 199 825
7 237 628 1 189 648
8 253 564 1 205 585
9 241 575 1 193 595
10 277 960 1 230 983
11 288 571 1 239 591
12 638 1191 1 591 1206
13 279 863 1 232 885
14 284 676 1 237 697
15 237 981 1 190 1004
16 234 669 1 186 689
17 95 866 1 46 890
18 250 747 1 202 768
19 238 962 1 191 984
20 256 605 1 208 625
21 276 971 1 230 994
22 284 733 1 237 754
23 245 817 1 198 839
24 245 791 1 199 812
25 287 602 1 239 623
26 234 878 1 187 900
27 685 1139 1 638 1152
28 282 745 1 234 766
29 278 894 1 232 916
30 236 649 1 187 669
31 159 249 1 109 269
32 253 593 1 205 614
33 272 1136 1 227 1161
34 285 657 1 237 677
35 246 512 1 198 533
36 240 594 1 192 615
37 662 1129 1 614 1144
38 221 846 1 174 868
39 276 981 1 230 1004
40 248 773 1 200 795
41 581 1157 1 533 1172
42 669 1025 1 621 1037
43 557 1244 1 509 1261
44 148 762 1 100 784
45 115 1238 1 50 1254
46 230 729 1 183 751
47 582 1252 1 535 1269
48 256 649 1 208 670
49 645 1045 1 597 1058
50 610 1204 1 563 1219
51 220 875 1 173 898
52 636 1130 1 588 1145
53 149 237 1 99 256
54 162 235 1 111 255
55 231 708 1 183 729
56 603 1059 1 556 1073
57 623 1168 1 575 1182
58 107 1255 1 41 1276
59 227 773 1 179 795
60 682 1034 1 634 1045
61 657 1234 1 610 1249
62 675 1096 1 626 1110
63 655 1218 1 607 1232
64 189 546 1 141 567
65 618 1102 1 570 1117
66 632 1111 1 584 1125
67 643 1216 1 596 1232
68 216 926 1 169 949
69 648 1190 1 600 1203
70 212 983 1 165 1006
71 278 925 1 231 948
72 147 247 1 96 266
73 581 1210 1 533 1227
74 24 1168 1 -37 1185
75 607 1122 1 559 1136
76 624 1178 1 577 1193
77 202 450 1 153 471
78 595 980 1 547 994
79 277 949 1 231 971
80 289 1201 1 235 1219
81 678 983 1 631 995
82 632 1046 1 584 1059
83 265 822 1 217 844
84 240 747 1 192 768
85 591 1141 1 543 1157
86 669 1060 1 622 1073
87 676 1215 1 629 1229
88 281 816 1 234 837
89 288 548 1 240 569
90 240 544 1 192 565
91 64 1141 1 2 1159
92 73 1177 1 9 1194
93 628 974 1 579 986
94 686 1159 1 639 1173
95 612 1213 1 564 1230
96 563 1131 1 515 1147
97 131 1212 1 69 1227
98 244 525 1 196 545
99 413 1040 1 368 1062
100 131 990 1 74 1005
101 572 1100 1 524 1115
102 657 994 1 609 1005
103 65 1246 1 0 1263
104 357 1043 1 311 1065
105 24 1068 1 -32 1087
106 253 709 1 205 730
107 646 994 1 597 1006
108 531 1234 1 483 1251
109 301 1204 1 247 1221
110 675 1080 1 628 1091
111 102 1186 1 40 1204
112 34 1064 1 -21 1084
113 675 999 1 627 1011
114 555 1052 1 507 1067
115 648 1013 1 600 1026
116 228 750 1 180 770
117 606 1132 1 558 1146
118 111 1198 1 46 1214
119 691 1245 1 645 1260
120 674 968 1 628 981
121 691 1125 1 643 1137
122 679 1204 1 632 1218
123 60 1059 1 0 1076
124 322 1145 1 268 1161
125 158 766 1 110 789
126 551 1112 1 503 1129
127 248 480 1 200 501
128 149 1164 1 88 1181
129 686 1080 1 639 1092
130 601 1158 1 553 1173
131 612 1166 1 565 1181
132 647 1248 1 600 1263
133 614 1016 1 566 1028
134 247 496 1 198 518
135 670 1232 1 624 1246
136 317 1156 1 264 1173
137 689 1191 1 641 1205
138 461 824 1 413 844
139 548 1075 1 501 1091
140 327 1231 1 278 1251
141 34 1170 1 -27 1189
142 565 1053 1 517 1069
143 569 1018 1 521 1033
144 689 1049 1 642 1061
145 567 1177 1 520 1194
146 346 662 1 299 682
147 641 1035 1 594 1047
148 272 796 1 224 817
149 134 818 1 87 841
150 226 792 1 178 813
151 374 1214 1 325 1234
152 590 1163 1 543 1178
153 49 1255 1 -16 1277
154 92 1086 1 28 1100
155 400 1147 1 351 1165
156 585 1079 1 537 1093
157 137 245 1 86 264
158 318 1242 1 268 1263
159 483 721 1 436 740
160 674 1010 1 626 1022
161 94 1136 1 30 1152
162 673 1136 1 625 1149
163 582 1227 1 535 1245
164 667 1184 1 621 1199
165 663 1010 1 615 1021
166 164 1034 1 103 1046
167 570 1147 1 523 1162
168 663 1140 1 615 1153
169 664 1104 1 616 1117
170 262 564 1 214 585
171 608 1070 1 560 1084
172 691 1218 1 643 1233
173 219 1144 1 172 1167
174 648 1025 1 600 1037
175 277 826 1 230 848
176 599 1193 1 551 1209
177 163 260 1 112 280
178 592 1255 1 545 1274
179 44 1199 1 -18 1216
180 665 1072 1 618 1085
181 679 1023 1 632 1035
182 231 895 1 185 918
183 641 1116 1 594 1130
184 567 1007 1 519 1022
185 462 492 1 413 509
186 334 1188 1 284 1207
187 586 1181 1 537 1196
188 237 777 1 189 798
189 69 1208 1 5 1226
190 338 1199 1 288 1220
191 286 1253 1 230 1271
192 497 1164 1 452 1186
193 639 960 1 591 972
194 92 1163 1 29 1180
195 630 1141 1 582 1156
196 600 1245 1 552 1262
197 386 1139 1 336 1158
198 560 1147 1 513 1165
199 212 444 1 164 465
200 327 1197 1 277 1218
201 627 1190 1 580 1206
202 670 1243 1 624 1258
203 591 1016 1 542 1030
204 626 1157 1 578 1171
205 256 784 1 209 806
206 583 1110 1 535 1125
207 641 1178 1 593 1194
208 660 1152 1 612 1165
209 598 1073 1 549 1087
210 582 991 1 534 1006
211 283 839 1 236 860
212 60 1219 1 -8 1238
213 596 1118 1 547 1132
214 378 1175 1 328 1194
215 234 817 1 188 838
216 220 866 1 173 888
217 380 1202 1 331 1223
218 603 1083 1 555 1096
219 138 1245 1 74 1262
220 403 763 1 356 783
221 351 908 1 304 928
222 182 1102 1 126 1119
223 393 1205 1 344 1226
224 59 1235 1 -6 1253
225 580 1012 1 531 1028
226 168 953 1 112 967
227 648 1137 1 601 1150
228 356 659 1 308 679
229 226 981 1 181 1003
230 651 1206 1 604 1221
231 470 643 1 423 663
232 348 1200 1 298 1220
233 92 1098 1 29 1113
234 134 1099 1 71 1113
235 540 1107 1 492 1124
236 99 1146 1 35 1161
237 257 798 1 210 818
238 347 957 1 301 978
239 343 679 1 295 700
240 633 1242 1 587 1259
241 684 939 1 636 951
242 285 510 1 236 531
243 450 642 1 402 660
244 44 1177 1 -22 1195
245 575 1071 1 527 1086
246 691 1229 1 645 1243
247 133 845 1 86 868
248 316 1218 1 266 1238
249 363 1208 1 314 1228
250 424 904 1 378 924
251 339 1226 1 289 1246
252 619 1073 1 572 1086
253 54 1244 1 -13 1265
254 68 1099 1 4 1115
255 655 1162 1 608 1176
256 517 1242 1 469 1259
257 360 1198 1 311 1218
258 167 222 1 116 242
259 153 1055 1 93 1067
260 621 1201 1 573 1216
261 364 715 1 317 735
262 350 790 1 303 811
263 283 779 1 236 800
264 171 940 1 115 955
265 344 1214 1 294 1235
266 600 1144 1 553 1159
267 394 1193 1 346 1213
268 335 1169 1 285 1189
269 451 612 1 408 645
270 176 1000 1 115 1012
271 458 404 1 408 423
272 230 369 1 180 389
273 661 1205 1 614 1220
274 311 861 1 264 883
275 318 967 1 271 988
276 617 955 1 568 967
277 532 1133 1 484 1151
278 615 1246 1 568 1263
279 546 1062 1 498 1078
280 469 919 1 423 939
281 548 999 1 500 1013
282 253 854 1 206 875
283 359 1230 1 309 1251
284 347 894 1 300 915
285 238 348 1 188 368
286 288 829 1 240 850
287 138 1060 1 78 1075
288 661 952 1 614 965
289 327 799 1 279 820
290 310 818 1 263 840
291 400 831 1 353 851
292 653 1035 1 606 1047
293 299 522 1 251 543
294 687 964 1 639 976
295 339 285 1 289 306
296 256 443 1 207 463
297 545 1138 1 498 1156
298 105 1224 1 42 1242
299 89 877 1 41 900
300 75 1251 1 9 1271
301 650 1078 1 602 1091
302 323 979 1 276 1001
303 640 1147 1 592 1160
304 390 657 1 342 678
305 341 636 1 293 656
306 591 1038 1 544 1051
307 404 508 1 356 528
308 256 343 1 207 363
309 290 522 1 242 542
310 282 361 1 232 380
311 593 1002 1 544 1016
312 585 1068 1 536 1083
313 232 389 1 183 409
314 576 1061 1 527 1075
315 244 469 1 196 490
316 387 633 1 340 653
317 559 1018 1 510 1032
318 239 311 1 189 331
319 271 404 1 221 424
320 455 834 1 408 854
321 252 284 1 202 305
322 670 1049 1 623 1061
323 314 386 1 264 402
324 70 1225 1 5 1242
325 294 333 1 243 353
326 338 652 1 291 672
327 295 537 1 245 558
328 619 1026 1 570 1037
329 252 329 1 201 349
330 313 992 1 266 1014
331 272 349 1 222 369
332 299 1169 1 245 1187
333 611 1142 1 563 1157
334 470 929 1 423 949
335 292 344 1 243 365
336 653 1092 1 605 1105
337 282 1000 1 235 1022
338 626 1131 1 578 1145
339 673 920 1 625 932
340 287 848 1 240 869
341 373 904 1 326 924
342 666 886 1 618 898
343 438 685 1 390 706
344 308 1049 1 261 1071
345 364 1169 1 315 1188
346 334 885 1 287 905
347 326 1220 1 277 1241
348 550 1042 1 502 1057
349 164 991 1 104 1005
350 609 1048 1 561 1061
351 437 372 1 388 389
352 366 657 1 318 678
353 250 294 1 201 314
354 384 552 1 335 572
355 311 470 1 262 489
356 336 662 1 289 683
357 293 370 1 244 390
358 269 393 1 220 414
359 494 817 1 442 826
360 346 926 1 300 948
361 259 374 1 209 394
362 370 914 1 324 935
363 294 875 1 247 897
364 633 1223 1 585 1239
365 375 883 1 328 904
366 532 1118 1 484 1135
367 342 940 1 296 961
368 380 859 1 333 880
369 334 1040 1 288 1062
370 379 1190 1 330 1210
371 654 1045 1 606 1057
372 571 1043 1 523 1058
373 660 1171 1 613 1185
374 343 763 1 296 784
375 318 1025 1 272 1047
376 617 1113 1 569 1127
