0 232 548 1 211 637
1 230 596 1 209 685
2 238 504 1 217 593
3 252 909 1 236 1000
4 256 821 1 238 911
5 215 560 1 194 650
6 226 686 1 207 775
7 226 660 1 206 749
8 219 505 1 197 595
9 222 745 1 203 835
10 235 493 1 215 584
11 260 671 1 240 759
12 210 603 1 190 693
13 192 1116 1 178 1211
14 234 559 1 213 648
15 213 897 1 196 988
16 264 552 1 243 640
17 198 1145 1 184 1240
18 266 503 1 245 591
19 217 538 1 195 628
20 246 1130 1 232 1224
21 246 1115 1 232 1209
22 251 921 1 235 1011
23 262 611 1 242 700
24 31 1029 1 13 1125
25 261 659 1 241 746
26 234 538 1 212 627
27 220 760 1 202 849
28 238 484 1 216 574
29 231 525 1 209 615
30 87 870 1 69 963
31 375 791 1 355 876
32 254 840 1 237 929
33 64 810 1 46 902
34 256 808 1 238 897
35 212 583 1 191 672
36 231 618 1 211 707
37 247 1093 1 233 1186
38 266 533 1 245 621
39 222 608 1 202 696
40 245 1143 1 232 1238
41 201 1102 1 186 1197
42 197 1127 1 182 1222
43 133 166 1 107 259
44 251 932 1 235 1022
45 195 818 1 177 910
46 64 1016 1 47 1111
47 205 668 1 186 757
48 211 931 1 194 1022
49 218 526 1 196 615
50 167 1234 1 153 1332
51 199 1090 1 184 1184
52 223 713 1 205 803
53 263 589 1 243 678
54 165 476 1 143 566
55 674 1070 1 651 1134
56 120 163 1 94 256
57 268 480 1 245 569
58 637 1253 1 616 1320
59 596 1190 1 577 1262
60 216 841 1 198 931
61 262 643 1 241 732
62 240 765 1 222 854
63 256 798 1 238 887
64 260 686 1 240 774
65 617 1126 1 597 1195
66 254 872 1 237 963
67 224 441 1 202 531
68 268 542 1 247 630
69 136 150 1 109 244
70 123 152 1 96 245
71 123 694 1 104 786
72 207 645 1 187 734
73 202 713 1 182 803
74 195 790 1 177 880
75 191 1187 1 177 1284
76 268 563 1 247 651
77 639 1148 1 617 1214
78 695 1114 1 672 1177
79 654 1071 1 631 1136
80 581 1191 1 562 1264
81 623 1055 1 604 1123
82 266 600 1 246 689
83 85 859 1 67 952
84 189 873 1 172 964
85 186 933 1 168 1025
86 586 1128 1 566 1199
87 572 1235 1 555 1311
88 686 1101 1 662 1165
89 224 734 1 205 823
90 170 1147 1 156 1243
91 358 649 1 338 735
92 677 1082 1 654 1145
93 558 1230 1 541 1308
94 667 1104 1 645 1168
95 631 1223 1 609 1291
96 589 1097 1 569 1169
97 229 650 1 209 739
98 647 1048 1 623 1116
99 646 1105 1 622 1168
100 605 1156 1 584 1226
101 244 1186 1 231 1282
102 179 375 1 156 467
103 658 1083 1 634 1147
104 117 1186 1 80 1253
105 644 1220 1 621 1286
106 692 1055 1 670 1121
107 608 1245 1 586 1313
108 218 474 1 196 563
109 219 646 1 199 735
110 565 1164 1 547 1237
111 387 1239 1 369 1321
112 606 1077 1 584 1145
113 222 454 1 200 543
114 587 1157 1 567 1229
115 651 1203 1 629 1268
116 165 1223 1 151 1321
117 625 1115 1 604 1184
118 597 1116 1 577 1187
119 679 1048 1 657 1113
120 688 1066 1 664 1131
121 656 1235 1 634 1299
122 357 730 1 339 817
123 613 1230 1 592 1298
124 326 598 1 306 685
125 216 685 1 196 775
126 207 622 1 187 711
127 631 1068 1 611 1136
128 658 1059 1 635 1124
129 616 1209 1 594 1276
130 71 1093 1 37 1160
131 664 1093 1 640 1158
132 449 277 1 421 363
133 204 688 1 185 777
134 258 759 1 239 847
135 658 1041 1 635 1107
136 53 1196 1 18 1271
137 248 1103 1 233 1197
138 577 1177 1 556 1251
139 677 1130 1 654 1192
140 287 1018 1 272 1110
141 244 1235 1 231 1331
142 666 1179 1 643 1242
143 687 1187 1 662 1249
144 446 736 1 427 820
145 652 1253 1 630 1318
146 262 697 1 244 785
147 201 732 1 182 822
148 632 1168 1 612 1235
149 388 791 1 369 876
150 226 408 1 204 498
151 563 1148 1 543 1221
152 656 1216 1 633 1281
153 578 1221 1 560 1294
154 627 1149 1 610 1224
155 576 1136 1 557 1209
156 63 1027 1 46 1123
157 110 751 1 91 844
158 206 842 1 189 932
159 601 1100 1 579 1169
160 109 1041 1 74 1111
161 244 736 1 225 825
162 673 1255 1 650 1318
163 349 993 1 335 1082
164 482 1144 1 470 1232
165 665 1147 1 642 1211
166 622 1068 1 600 1135
167 225 424 1 202 515
168 638 1240 1 617 1307
169 686 1091 1 662 1154
170 365 538 1 345 627
171 395 638 1 372 718
172 213 732 1 194 821
173 657 1122 1 637 1193
174 651 1159 1 629 1223
175 555 1220 1 538 1297
176 681 1212 1 659 1275
177 216 674 1 196 763
178 72 1205 1 55 1303
179 573 1126 1 554 1199
180 621 1221 1 600 1288
181 56 1176 1 19 1245
182 686 1160 1 662 1222
183 639 1158 1 617 1225
184 638 1189 1 615 1254
185 57 1044 1 40 1140
186 183 1234 1 169 1333
187 239 435 1 217 525
188 607 1089 1 586 1157
189 587 1147 1 567 1218
190 668 1188 1 647 1253
191 109 159 1 84 254
192 667 1235 1 645 1299
193 601 1200 1 581 1272
194 190 371 1 167 461
195 326 916 1 309 1003
196 671 1119 1 648 1181
197 252 948 1 236 1039
198 640 1089 1 617 1153
199 168 1193 1 154 1290
200 601 1064 1 579 1135
201 68 1039 1 51 1136
202 685 1116 1 661 1179
203 506 809 1 489 892
204 689 1045 1 667 1110
205 245 726 1 226 815
206 454 511 1 488 691
207 388 439 1 365 526
208 392 995 1 379 1084
209 329 722 1 309 808
210 137 176 1 110 269
211 540 1214 1 523 1291
212 676 1031 1 656 1100
213 336 595 1 315 682
214 30 1039 1 12 1136
215 626 1183 1 604 1249
216 453 886 1 438 972
217 440 436 1 504 669
218 260 788 1 242 876
219 554 1254 1 537 1332
220 421 626 1 401 712
221 667 1083 1 644 1147
222 613 1055 1 592 1123
223 620 1022 1 602 1097
224 683 1141 1 660 1204
225 686 1177 1 662 1238
226 329 861 1 312 949
227 689 1026 1 668 1095
228 560 1243 1 544 1322
229 216 660 1 196 749
230 419 591 1 398 678
231 470 643 1 448 724
232 246 1166 1 233 1261
233 173 466 1 150 555
234 627 1204 1 606 1272
235 605 1255 1 584 1325
236 644 1231 1 622 1297
237 617 1244 1 596 1313
238 337 1240 1 319 1324
239 345 654 1 325 741
240 374 808 1 356 895
241 608 1127 1 586 1197
242 592 1078 1 571 1148
243 485 784 1 464 864
244 617 1147 1 595 1215
245 217 1235 1 203 1333
246 399 610 1 379 695
247 652 1136 1 629 1200
248 200 931 1 184 1022
249 577 1147 1 557 1219
250 673 1166 1 650 1230
251 326 847 1 308 934
252 615 1157 1 595 1229
253 239 303 1 211 388
254 322 617 1 302 704
255 221 791 1 203 881
256 300 939 1 283 1027
257 615 1167 1 594 1236
258 447 638 1 424 718
259 667 1198 1 644 1263
260 629 1096 1 609 1164
261 47 1153 1 10 1221
262 366 482 1 344 570
263 589 1173 1 569 1245
264 555 101 1 516 178
265 634 1116 1 613 1183
266 302 848 1 284 935
267 553 521 1 526 595
268 367 557 1 346 643
269 253 776 1 235 865
270 265 440 1 242 529
271 215 1100 1 200 1194
272 453 877 1 437 961
273 569 1089 1 547 1159
274 346 593 1 326 680
275 664 1072 1 640 1136
276 273 174 1 246 266
277 31 1050 1 14 1146
278 627 1126 1 606 1195
279 212 719 1 193 808
280 301 950 1 285 1039
281 201 34 1 173 132
282 234 736 1 216 825
283 236 265 1 209 356
284 273 468 1 250 556
285 215 271 1 190 361
286 409 561 1 387 647
287 108 779 1 90 872
288 596 1126 1 575 1197
289 406 855 1 390 942
290 410 519 1 408 636
291 238 452 1 216 541
292 262 631 1 242 720
293 324 772 1 306 859
294 345 954 1 329 1044
295 252 282 1 225 371
296 190 857 1 173 948
297 183 40 1 156 137
298 324 880 1 307 968
299 303 779 1 285 867
300 245 420 1 222 509
301 244 369 1 220 459
302 409 595 1 388 681
303 187 1144 1 173 1239
304 314 885 1 296 972
305 642 1075 1 620 1142
306 333 899 1 317 987
307 339 731 1 321 818
308 467 633 1 446 713
309 54 1067 1 38 1164
310 229 189 1 202 282
311 111 761 1 92 854
312 422 688 1 403 773
313 240 33 1 211 129
314 355 595 1 334 682
315 636 550 1 605 617
316 319 587 1 298 675
317 443 904 1 427 988
318 272 268 1 246 358
319 229 213 1 204 306
320 207 292 1 182 383
321 208 633 1 188 722
322 294 184 1 267 276
323 519 55 1 481 135
324 202 46 1 174 142
325 440 512 1 462 670
326 643 1065 1 621 1131
327 278 284 1 252 374
328 670 1215 1 648 1279
329 318 571 1 297 658
330 228 251 1 203 341
331 384 705 1 365 791
332 330 732 1 311 820
333 270 201 1 243 292
334 429 1039 1 416 1127
335 263 1015 1 248 1106
336 314 736 1 295 823
337 276 1017 1 261 1108
338 262 952 1 246 1042
339 205 189 1 179 283
340 429 701 1 410 786
341 351 847 1 333 933
342 255 1220 1 242 1316
343 304 220 1 276 309
344 264 773 1 246 861
345 459 633 1 436 713
346 323 704 1 304 792
347 258 370 1 235 459
348 626 1077 1 604 1145
349 677 1232 1 655 1295
350 288 763 1 270 850
351 279 452 1 256 541
352 220 516 1 198 605
353 314 227 1 288 318
354 235 370 1 210 460
355 42 1077 1 25 1175
356 260 174 1 232 266
357 417 708 1 399 794
358 226 325 1 202 414
359 386 985 1 371 1073
360 340 923 1 323 1011
361 292 975 1 275 1064
362 222 309 1 197 399
363 341 875 1 324 962
364 679 1242 1 657 1305
365 266 970 1 250 1061
366 346 678 1 326 765
367 333 679 1 313 767
368 339 863 1 321 950
369 292 296 1 266 386
370 404 872 1 388 959
371 236 725 1 216 814
372 232 1227 1 218 1324
373 275 723 1 256 811
374 210 313 1 185 404
375 241 884 1 224 974
376 343 933 1 327 1021
377 331 499 1 308 586
378 305 965 1 289 1054
379 223 397 1 199 487
380 416 718 1 395 801
381 389 863 1 373 950
382 272 218 1 245 309
383 262 284 1 236 374
384 249 330 1 225 419
385 371 820 1 354 907
386 260 982 1 244 1073
387 232 203 1 205 295
388 689 1001 1 667 1068
389 255 187 1 227 278
390 294 314 1 267 399
391 269 451 1 247 540
392 316 870 1 299 957
393 601 1146 1 581 1216
394 385 679 1 366 765
395 226 840 1 209 930
396 252 272 1 225 362
397 215 353 1 191 443
398 372 1245 1 353 1325
399 126 175 1 100 268
400 185 784 1 168 874
401 317 599 1 296 686
402 234 241 1 208 333
403 340 611 1 320 698
404 236 229 1 209 320
405 291 896 1 273 984
406 368 245 1 340 332
407 418 698 1 399 784
408 398 844 1 381 930
409 254 856 1 237 945
410 223 336 1 198 425
411 417 866 1 401 952
412 407 835 1 390 921
413 418 615 1 397 700
414 344 898 1 329 986
415 650 638 1 621 705
416 379 747 1 361 833
417 266 513 1 245 601
418 231 792 1 213 882
419 273 256 1 247 345
420 337 846 1 319 933
421 291 399 1 267 487
422 302 896 1 285 983
423 250 208 1 224 300
424 490 1154 1 478 1243
425 273 295 1 248 384
426 247 319 1 223 409
427 406 962 1 391 1049
428 304 815 1 286 902
429 659 1187 1 637 1253
430 313 177 1 285 268
431 317 906 1 300 994
432 205 701 1 185 790
433 452 152 1 419 235
434 355 835 1 338 922
435 340 836 1 322 923
436 352 827 1 334 913
437 369 568 1 347 655
438 320 896 1 304 983
439 360 808 1 342 896
440 311 998 1 296 1088
441 332 638 1 312 726
442 220 232 1 195 324
443 372 595 1 351 682
444 566 520 1 538 593
445 293 800 1 276 888
