0 282 562 1 212 638
1 284 573 1 214 648
2 280 610 1 210 686
3 303 925 1 237 1003
4 307 836 1 239 913
5 276 701 1 207 776
6 276 674 1 207 750
7 268 518 1 198 595
8 287 499 1 216 573
9 272 760 1 204 836
10 288 517 1 217 593
11 310 685 1 241 760
12 283 552 1 213 627
13 243 1134 1 178 1216
14 264 913 1 196 991
15 314 566 1 244 641
16 260 617 1 190 693
17 249 1145 1 183 1227
18 115 826 1 45 904
19 298 1148 1 233 1229
20 298 1133 1 233 1214
21 302 937 1 236 1014
22 312 625 1 243 701
23 82 1046 1 13 1129
24 311 673 1 242 748
25 316 515 1 245 591
26 272 622 1 202 697
27 280 539 1 209 615
28 138 886 1 70 965
29 425 809 1 357 881
30 305 855 1 238 932
31 314 604 1 244 679
32 306 823 1 239 899
33 262 597 1 192 673
34 249 1163 1 185 1246
35 281 632 1 211 708
36 299 1111 1 234 1191
37 315 546 1 245 621
38 297 1162 1 233 1243
39 252 1121 1 187 1202
40 218 1253 1 153 1339
41 273 455 1 202 530
42 179 180 1 107 257
43 272 774 1 203 851
44 303 948 1 236 1025
45 245 834 1 177 912
46 115 1032 1 47 1115
47 255 682 1 187 758
48 262 948 1 195 1026
49 267 539 1 196 616
50 251 1108 1 185 1189
51 274 728 1 205 804
52 213 489 1 144 566
53 247 805 1 178 882
54 292 781 1 223 856
55 166 177 1 94 254
56 317 493 1 246 569
57 266 857 1 199 934
58 645 1245 1 572 1298
59 312 657 1 242 733
60 306 813 1 239 889
61 310 701 1 241 775
62 683 1178 1 609 1228
63 305 888 1 238 965
64 318 555 1 248 630
65 181 164 1 108 242
66 169 166 1 96 243
67 174 708 1 104 786
68 257 659 1 187 735
69 252 728 1 183 804
70 318 576 1 248 651
71 683 1098 1 610 1152
72 660 1244 1 588 1297
73 267 487 1 196 563
74 299 1121 1 234 1202
75 316 614 1 247 689
76 135 875 1 67 954
77 409 663 1 339 737
78 240 889 1 172 967
79 237 950 1 169 1028
80 649 1177 1 576 1230
81 273 747 1 205 824
82 222 1165 1 156 1248
83 624 1196 1 553 1251
84 279 664 1 210 740
85 650 1207 1 577 1261
86 669 1209 1 596 1261
87 408 745 1 341 819
88 628 1214 1 556 1268
89 296 1206 1 232 1288
90 523 648 1 449 717
91 227 389 1 157 466
92 691 1167 1 616 1217
93 661 1165 1 588 1217
94 311 797 1 244 871
95 657 1150 1 586 1206
96 436 661 1 366 731
97 269 660 1 200 736
98 669 1123 1 595 1175
99 139 1165 1 71 1247
100 271 467 1 201 543
101 296 1255 1 232 1339
102 190 151 1 116 230
103 694 1114 1 623 1166
104 266 700 1 197 776
105 299 1185 1 234 1267
106 499 753 1 429 823
107 376 611 1 308 686
108 257 636 1 188 712
109 284 750 1 216 827
110 638 1183 1 567 1239
111 653 1187 1 580 1240
112 340 1038 1 273 1115
113 254 702 1 185 778
114 309 773 1 240 849
115 266 674 1 197 750
116 218 1203 1 153 1287
117 693 1199 1 621 1253
118 457 681 1 385 751
119 313 712 1 245 787
120 251 747 1 183 824
121 640 1230 1 567 1284
122 275 421 1 204 498
123 67 1112 1 -1 1197
124 114 1044 1 46 1127
125 161 765 1 92 844
126 257 857 1 189 934
127 314 453 1 243 528
128 288 448 1 217 524
129 404 550 1 334 624
130 671 1167 1 598 1220
131 402 1011 1 337 1087
132 537 1167 1 473 1240
133 415 549 1 346 626
134 640 1197 1 567 1251
135 507 898 1 440 965
136 298 795 1 229 871
137 273 437 1 202 514
138 572 791 1 503 859
139 484 681 1 413 751
140 447 655 1 374 723
141 264 746 1 195 822
142 681 1199 1 607 1249
143 266 688 1 197 764
144 222 1185 1 157 1268
145 393 890 1 325 965
146 123 1223 1 54 1309
147 635 1173 1 563 1228
148 108 1060 1 40 1144
149 445 743 1 376 817
150 671 1137 1 598 1189
151 659 1175 1 586 1228
152 650 1197 1 577 1250
153 155 174 1 83 252
154 71 1122 1 2 1207
155 238 383 1 167 460
156 378 933 1 311 1008
157 234 1254 1 169 1339
158 372 629 1 303 704
159 379 879 1 313 953
160 304 965 1 237 1043
161 664 1110 1 590 1164
162 119 1056 1 51 1139
163 287 465 1 216 541
164 281 384 1 209 459
165 664 1254 1 593 1309
166 276 226 1 204 304
167 369 601 1 300 676
168 296 740 1 227 817
169 438 451 1 366 526
170 380 738 1 310 811
171 182 190 1 110 268
172 220 1212 1 155 1296
173 386 608 1 317 683
174 81 1057 1 12 1140
175 270 349 1 199 425
176 671 1180 1 598 1230
177 652 1228 1 580 1279
178 338 777 1 271 852
179 472 640 1 402 713
180 681 1054 1 610 1115
181 470 604 1 400 678
182 521 658 1 451 727
183 375 1165 1 312 1245
184 221 479 1 151 555
185 665 1197 1 592 1249
186 387 900 1 320 974
187 379 1219 1 315 1300
188 339 412 1 268 487
189 395 668 1 327 742
190 426 823 1 358 897
191 499 908 1 432 980
192 569 59 1 485 129
193 239 1162 1 173 1244
194 267 1254 1 204 1339
195 606 485 1 529 548
196 450 622 1 380 696
197 619 462 1 542 524
198 251 947 1 185 1025
199 469 712 1 400 785
200 377 864 1 310 938
201 679 1209 1 607 1262
202 509 908 1 440 976
203 272 807 1 204 883
204 351 957 1 284 1032
205 245 25 1 172 106
206 609 564 1 533 626
207 498 654 1 426 722
208 691 1226 1 617 1274
209 349 194 1 276 273
210 486 743 1 417 815
211 654 1118 1 581 1170
212 314 1115 1 249 1195
213 416 494 1 346 569
214 605 105 1 522 174
215 139 1175 1 71 1257
216 353 864 1 285 939
217 607 536 1 531 599
218 417 569 1 348 644
219 510 37 1 430 112
220 267 1117 1 201 1199
221 396 606 1 328 681
222 644 873 1 572 933
223 345 567 1 274 641
224 319 186 1 246 264
225 251 593 1 182 668
226 82 1067 1 13 1151
227 692 1178 1 619 1228
228 404 985 1 337 1061
229 262 734 1 194 810
230 352 968 1 286 1044
231 460 909 1 394 983
232 245 48 1 173 129
233 341 954 1 275 1029
234 282 277 1 210 355
235 322 480 1 251 556
236 262 284 1 190 360
237 460 574 1 389 648
238 348 903 1 281 977
239 159 794 1 91 873
240 547 436 1 471 502
241 562 840 1 494 910
242 458 871 1 392 945
243 441 894 1 374 968
244 312 645 1 243 721
245 375 786 1 307 861
246 396 971 1 331 1047
247 298 295 1 226 370
248 404 783 1 335 857
249 241 873 1 173 951
250 228 53 1 156 135
251 320 388 1 248 464
252 464 934 1 398 1007
253 375 897 1 309 971
254 354 794 1 286 869
255 293 433 1 223 509
256 291 382 1 220 458
257 460 608 1 390 681
258 414 877 1 346 951
259 275 299 1 204 375
260 489 77 1 412 154
261 378 820 1 310 894
262 365 902 1 297 976
263 423 935 1 356 1010
264 385 915 1 318 991
265 548 426 1 475 500
266 390 744 1 322 819
267 105 1084 1 37 1168
268 445 768 1 376 841
269 275 202 1 202 280
270 162 775 1 93 855
271 473 701 1 405 774
272 284 45 1 212 126
273 405 608 1 336 683
274 311 349 1 239 425
275 384 958 1 318 1034
276 497 920 1 429 993
277 319 280 1 247 356
278 349 277 1 277 352
279 425 549 1 354 623
280 254 306 1 182 382
281 258 647 1 189 723
282 340 195 1 268 274
283 351 842 1 283 917
284 247 59 1 175 140
285 546 766 1 477 835
286 325 296 1 253 372
287 368 584 1 298 659
288 275 264 1 203 340
289 436 719 1 367 793
290 381 746 1 313 822
291 316 213 1 244 290
292 483 1058 1 418 1133
293 314 1033 1 249 1111
294 365 751 1 297 825
295 327 1035 1 262 1113
296 313 969 1 247 1046
297 251 202 1 179 281
298 481 715 1 412 787
299 402 862 1 335 937
300 284 58 1 210 138
301 350 231 1 277 307
302 192 162 1 119 241
303 514 647 1 443 717
304 374 718 1 305 793
305 306 382 1 235 459
306 690 1125 1 616 1176
307 252 77 1 180 158
308 426 691 1 358 765
309 328 465 1 257 540
310 268 529 1 198 605
311 361 239 1 289 317
312 243 313 1 172 390
313 94 1094 1 25 1179
314 325 748 1 256 822
315 305 186 1 233 264
316 469 722 1 401 795
317 274 338 1 202 413
318 438 1002 1 373 1078
319 391 940 1 325 1015
320 343 993 1 276 1069
321 269 322 1 197 398
322 317 987 1 251 1065
323 680 1221 1 607 1272
324 396 692 1 328 766
325 383 693 1 315 768
326 390 880 1 323 954
327 338 308 1 267 385
328 457 888 1 390 962
329 286 740 1 217 815
330 376 1082 1 311 1160
331 326 738 1 257 813
332 257 326 1 185 403
333 395 951 1 329 1026
334 379 511 1 309 586
335 271 409 1 200 486
336 467 732 1 397 804
337 441 879 1 375 953
338 318 230 1 246 308
339 309 297 1 237 373
340 296 343 1 225 418
341 423 836 1 356 910
342 311 999 1 245 1077
343 278 216 1 205 294
344 300 199 1 228 276
345 341 327 1 267 399
346 317 464 1 248 540
347 368 886 1 301 961
348 329 991 1 263 1068
349 297 230 1 224 307
350 436 692 1 368 767
351 278 855 1 210 932
352 298 285 1 225 361
353 263 366 1 191 442
354 455 598 1 385 672
355 172 189 1 99 267
356 236 799 1 168 876
357 367 612 1 298 686
358 247 36 1 174 118
359 509 956 1 443 1029
360 281 254 1 209 331
361 391 623 1 322 698
362 332 793 1 264 868
363 282 242 1 210 319
364 342 913 1 274 988
365 415 256 1 341 331
366 450 859 1 383 933
367 305 872 1 238 948
368 491 869 1 423 942
369 469 883 1 403 956
370 459 851 1 392 924
371 469 628 1 398 701
372 397 914 1 331 989
373 284 197 1 211 275
374 291 246 1 220 323
375 364 851 1 298 926
376 430 761 1 362 835
377 316 526 1 246 601
378 282 808 1 214 884
379 320 268 1 248 344
380 389 863 1 321 937
381 78 1112 1 9 1196
382 354 913 1 286 988
383 296 220 1 224 298
384 545 1178 1 481 1251
385 320 307 1 248 383
386 294 332 1 223 408
387 458 979 1 393 1053
388 356 831 1 287 905
389 673 1113 1 601 1166
390 350 716 1 281 790
391 359 189 1 286 266
392 369 923 1 301 998
393 255 715 1 186 791
394 499 159 1 422 232
395 406 851 1 339 925
396 391 853 1 324 927
397 403 843 1 335 916
398 419 581 1 349 655
399 372 913 1 305 988
400 412 823 1 344 898
401 363 1016 1 297 1093
402 382 652 1 314 727
403 283 32 1 209 113
404 285 366 1 214 441
405 266 244 1 195 322
406 423 608 1 353 682
407 620 535 1 544 597
408 344 815 1 277 890
