0 238 562 1 214 628
1 240 583 1 214 648
2 237 620 1 210 686
3 270 939 1 238 1006
4 271 849 1 240 915
5 238 572 1 213 638
6 235 712 1 208 778
7 235 685 1 208 751
8 222 529 1 198 595
9 240 508 1 217 573
10 242 526 1 218 593
11 270 696 1 242 762
12 216 1152 1 179 1221
13 222 1162 1 184 1232
14 229 927 1 197 994
15 233 771 1 204 838
16 216 628 1 191 694
17 76 844 1 45 907
18 271 1164 1 234 1234
19 271 1149 1 234 1219
20 269 950 1 237 1017
21 270 635 1 244 701
22 49 1068 1 12 1134
23 270 683 1 243 749
24 270 836 1 240 902
25 271 524 1 246 591
26 270 868 1 239 934
27 102 903 1 70 968
28 229 633 1 203 698
29 81 1125 1 43 1191
30 271 613 1 245 679
31 218 608 1 192 673
32 223 1182 1 185 1251
33 238 643 1 212 709
34 233 787 1 203 853
35 271 555 1 246 621
36 271 575 1 245 641
37 31 1207 1 -9 1276
38 271 1178 1 234 1249
39 225 1137 1 187 1207
40 225 464 1 203 530
41 123 190 1 106 255
42 236 548 1 210 615
43 270 962 1 237 1029
44 673 1216 1 622 1265
45 208 848 1 178 914
46 83 1053 1 46 1119
47 214 694 1 188 759
48 229 963 1 195 1029
49 222 550 1 197 616
50 389 820 1 358 885
51 222 1125 1 186 1194
52 234 740 1 206 806
53 167 501 1 144 566
54 209 818 1 179 884
55 254 793 1 224 858
56 110 187 1 93 252
57 215 671 1 188 736
58 271 502 1 246 569
59 231 871 1 199 936
60 271 667 1 243 734
61 270 825 1 240 891
62 270 712 1 242 776
63 411 679 1 382 741
64 270 901 1 239 968
65 274 564 1 249 631
66 125 174 1 108 240
67 113 176 1 95 241
68 133 722 1 105 787
69 615 1251 1 566 1302
70 212 740 1 183 806
71 274 585 1 249 652
72 220 497 1 197 563
73 269 784 1 240 850
74 661 1249 1 609 1298
75 272 1137 1 235 1207
76 274 624 1 248 690
77 99 892 1 67 956
78 369 673 1 341 739
79 205 904 1 173 970
80 615 1231 1 563 1284
81 203 965 1 169 1032
82 637 1213 1 587 1264
83 680 1134 1 630 1183
84 195 1185 1 157 1254
85 235 760 1 206 826
86 76 1115 1 38 1182
87 648 1200 1 599 1250
88 681 1205 1 631 1253
89 132 161 1 116 228
90 372 1022 1 338 1092
91 636 1169 1 589 1224
92 650 1145 1 601 1194
93 215 648 1 188 713
94 656 1157 1 607 1207
95 237 676 1 211 741
96 670 1130 1 622 1181
97 272 1223 1 233 1294
98 177 399 1 157 465
99 646 1209 1 597 1261
100 99 185 1 83 250
101 273 808 1 244 873
102 644 1182 1 596 1236
103 397 671 1 368 735
104 638 1244 1 589 1295
105 661 1074 1 619 1134
106 310 1054 1 274 1121
107 111 1186 1 70 1254
108 224 477 1 201 543
109 371 753 1 342 821
110 227 673 1 200 737
111 650 1171 1 601 1222
112 226 712 1 198 777
113 639 1159 1 590 1210
114 273 1202 1 235 1273
115 461 760 1 431 827
116 334 619 1 309 686
117 245 763 1 217 828
118 671 1247 1 620 1297
119 625 1218 1 577 1270
120 642 1223 1 591 1274
121 214 715 1 186 780
122 408 664 1 379 729
123 225 686 1 197 751
124 193 1223 1 154 1293
125 417 690 1 388 754
126 188 392 1 168 459
127 273 723 1 246 788
128 212 760 1 183 825
129 621 1183 1 570 1229
130 227 431 1 205 497
131 37 1136 1 -2 1202
132 82 1064 1 45 1131
133 122 779 1 92 845
134 221 871 1 190 937
135 266 461 1 243 528
136 360 556 1 335 624
137 660 1202 1 610 1253
138 514 1178 1 477 1249
139 371 555 1 348 625
140 628 1234 1 578 1285
141 474 906 1 441 974
142 260 807 1 230 873
143 225 447 1 203 514
144 240 457 1 218 524
145 445 690 1 415 755
146 672 1237 1 621 1287
147 226 700 1 198 766
148 196 1205 1 157 1274
149 94 1146 1 39 1174
150 359 901 1 327 969
151 106 1217 1 65 1285
152 622 1208 1 573 1259
153 77 1081 1 40 1147
154 682 1214 1 631 1262
155 376 835 1 345 901
156 391 522 1 377 608
157 666 1149 1 617 1198
158 41 1146 1 2 1212
159 345 946 1 312 1012
160 330 637 1 305 705
161 345 891 1 314 957
162 271 979 1 238 1046
163 417 668 1 388 732
164 202 314 1 182 381
165 87 1077 1 50 1143
166 240 474 1 217 541
167 687 1182 1 636 1230
168 231 393 1 210 458
169 222 234 1 205 303
170 339 924 1 306 992
171 327 609 1 301 676
172 426 880 1 394 949
173 257 752 1 228 818
174 391 456 1 368 525
175 224 757 1 196 824
176 270 313 1 250 380
177 127 200 1 110 266
178 657 654 1 618 708
179 195 1232 1 155 1302
180 344 616 1 318 683
181 49 1079 1 11 1144
182 219 358 1 199 424
183 661 1218 1 611 1266
184 324 619 1 299 687
185 301 787 1 272 854
186 213 1181 1 174 1250
187 431 645 1 404 714
188 265 238 1 246 306
189 638 1234 1 588 1285
190 408 629 1 382 697
191 522 1188 1 485 1260
192 303 850 1 271 916
193 428 609 1 402 679
194 483 666 1 453 731
195 279 699 1 252 765
196 350 1179 1 313 1250
197 174 491 1 151 555
198 341 748 1 311 813
199 675 1187 1 624 1235
200 655 1237 1 605 1286
201 353 911 1 321 978
202 355 1235 1 316 1307
203 263 220 1 245 289
204 290 420 1 268 486
205 355 676 1 328 743
206 467 915 1 434 985
207 339 841 1 308 908
208 684 1192 1 634 1241
209 516 56 1 490 123
210 311 593 1 285 660
211 436 953 1 404 1021
212 367 781 1 338 849
213 565 490 1 534 551
214 348 935 1 315 1002
215 673 338 1 636 394
216 579 467 1 548 527
217 218 962 1 185 1029
218 430 718 1 402 787
219 59 1106 1 21 1172
220 343 875 1 311 942
221 555 102 1 528 168
222 684 671 1 644 724
223 477 916 1 445 984
224 687 1172 1 636 1221
225 406 750 1 378 818
226 653 1130 1 606 1181
227 235 819 1 205 885
228 319 971 1 285 1037
229 186 32 1 172 103
230 571 570 1 538 631
231 528 837 1 497 907
232 459 662 1 429 726
233 398 1014 1 364 1083
234 295 201 1 277 271
235 641 1150 1 592 1200
236 287 1130 1 250 1200
237 664 576 1 625 631
238 111 1196 1 70 1264
239 318 876 1 286 942
240 568 542 1 537 604
241 374 576 1 349 644
242 454 36 1 433 107
243 383 958 1 350 1026
244 238 1135 1 202 1204
245 305 880 1 275 948
246 354 614 1 329 681
247 616 886 1 579 946
248 301 575 1 275 642
249 265 193 1 247 262
250 37 1156 1 -1 1224
251 208 604 1 183 669
252 50 1090 1 13 1155
253 340 453 1 317 522
254 373 996 1 339 1065
255 223 746 1 194 812
256 321 982 1 287 1049
257 428 918 1 396 987
258 187 56 1 174 127
259 392 505 1 383 596
260 309 967 1 276 1034
261 230 286 1 210 354
262 276 489 1 252 556
263 210 293 1 190 359
264 417 580 1 391 648
265 315 916 1 282 982
266 121 808 1 91 874
267 503 440 1 475 503
268 529 847 1 497 915
269 408 903 1 376 971
270 270 656 1 244 721
271 338 796 1 308 863
272 366 982 1 332 1051
273 246 303 1 226 369
274 367 792 1 337 859
275 206 888 1 174 954
276 170 61 1 156 132
277 271 396 1 249 463
278 432 943 1 400 1011
279 342 908 1 310 975
280 317 804 1 288 871
281 330 914 1 299 981
282 246 442 1 224 508
283 242 392 1 221 458
284 418 614 1 392 682
285 380 886 1 348 954
286 224 308 1 204 374
287 434 79 1 414 150
288 342 830 1 312 897
289 569 314 1 539 376
290 636 562 1 600 618
291 391 946 1 358 1014
292 352 925 1 320 994
293 504 431 1 478 500
294 351 753 1 324 821
295 74 1106 1 37 1172
296 407 776 1 378 843
297 220 210 1 202 278
298 123 790 1 94 855
299 434 707 1 407 776
300 226 52 1 212 124
301 363 615 1 337 683
302 261 358 1 240 424
303 352 970 1 320 1038
304 465 929 1 432 998
305 276 462 1 253 529
306 194 95 1 179 164
307 267 287 1 247 355
308 297 284 1 278 351
309 382 555 1 356 623
310 215 659 1 189 724
311 286 201 1 269 273
312 315 854 1 284 920
313 189 67 1 175 138
314 543 788 1 509 850
315 274 304 1 254 371
316 325 592 1 299 659
317 272 324 1 252 391
318 223 272 1 203 339
319 397 726 1 369 794
320 344 489 1 321 556
321 341 757 1 314 824
322 573 346 1 542 408
323 455 1068 1 421 1138
324 285 1048 1 250 1116
325 327 760 1 298 827
326 298 1049 1 263 1117
327 281 983 1 248 1050
328 197 210 1 180 280
329 443 720 1 414 789
330 368 873 1 336 940
331 226 65 1 211 135
332 297 238 1 278 305
333 136 172 1 119 239
334 475 654 1 446 720
335 335 727 1 307 795
336 257 392 1 236 458
337 195 85 1 180 156
338 387 698 1 360 766
339 281 473 1 258 540
340 224 540 1 199 605
341 308 245 1 290 315
342 192 323 1 172 389
343 63 1116 1 25 1183
344 286 759 1 257 824
345 399 948 1 366 1016
346 255 234 1 236 303
347 251 193 1 234 262
348 431 728 1 402 797
349 223 347 1 202 413
350 552 352 1 523 415
351 408 1013 1 375 1082
352 559 297 1 530 360
353 312 1008 1 277 1074
354 218 331 1 198 398
355 286 1002 1 252 1069
356 385 831 1 355 898
357 357 700 1 329 767
358 343 702 1 316 769
359 356 891 1 324 958
360 288 315 1 268 384
361 424 897 1 392 965
362 246 751 1 218 817
363 349 1095 1 313 1165
364 287 749 1 258 815
365 205 336 1 185 402
366 364 962 1 331 1030
367 335 519 1 310 587
368 222 420 1 201 485
369 429 740 1 399 807
370 408 888 1 377 957
371 351 849 1 321 916
372 257 305 1 237 372
373 246 352 1 226 418
374 388 845 1 357 913
375 280 1014 1 246 1081
376 224 224 1 206 292
377 551 688 1 519 752
378 246 206 1 228 275
379 290 333 1 268 398
380 271 472 1 249 540
381 334 898 1 302 965
382 298 1006 1 264 1073
383 244 238 1 225 306
384 396 699 1 369 767
385 365 810 1 335 877
386 246 293 1 226 360
387 213 376 1 192 442
388 413 603 1 387 672
389 116 200 1 99 265
390 198 813 1 169 878
391 188 43 1 175 115
392 479 965 1 446 1034
393 228 262 1 209 330
394 349 631 1 323 699
395 295 804 1 265 871
396 228 250 1 210 317
397 308 926 1 275 992
398 363 261 1 342 329
399 416 868 1 385 936
400 270 884 1 239 951
401 457 877 1 426 946
402 436 891 1 405 959
403 425 859 1 394 927
404 428 633 1 400 703
405 363 924 1 332 992
406 230 205 1 211 274
407 238 254 1 220 321
408 329 863 1 299 929
409 367 589 1 342 657
410 393 769 1 364 837
411 271 535 1 247 601
412 244 820 1 215 886
413 268 276 1 248 343
414 353 875 1 322 941
415 48 1135 1 9 1201
416 312 1019 1 277 1086
417 320 926 1 288 992
418 243 228 1 225 297
419 663 390 1 626 445
420 244 341 1 224 407
421 428 988 1 395 1058
422 320 843 1 288 908
423 311 726 1 282 792
424 305 195 1 286 264
425 336 936 1 303 1002
426 215 728 1 187 793
427 446 161 1 424 229
428 372 861 1 341 928
429 356 864 1 325 930
430 368 853 1 337 919
431 376 587 1 350 655
432 343 786 1 313 852
433 333 1029 1 298 1098
434 342 660 1 315 727
435 224 38 1 210 111
436 235 374 1 214 440
437 214 253 1 196 321
438 381 614 1 354 682
439 582 541 1 550 602
440 308 825 1 278 892
