0 267 717 1 217 716
1 267 692 1 215 692
2 251 654 1 198 654
3 289 937 1 246 933
4 271 641 1 218 641
5 266 705 1 214 704
6 246 959 1 204 956
7 277 574 1 222 573
8 272 653 1 219 652
9 261 761 1 212 760
10 260 789 1 212 787
11 290 924 1 246 919
12 254 631 1 200 629
13 298 760 1 249 757
14 288 947 1 246 943
15 284 1035 1 244 1029
16 257 595 1 203 595
17 283 1059 1 244 1054
18 284 1046 1 244 1042
19 86 921 1 43 924
20 288 958 1 246 954
21 301 703 1 250 701
22 297 773 1 248 771
23 303 691 1 251 689
24 110 984 1 69 986
25 246 699 1 195 699
26 249 925 1 205 923
27 291 914 1 246 909
28 297 789 1 248 787
29 238 1045 1 198 1040
30 258 744 1 209 743
31 224 1251 1 191 1244
32 249 678 1 196 678
33 242 1021 1 201 1017
34 222 1238 1 190 1231
35 302 676 1 251 675
36 239 1058 1 200 1055
37 274 1252 1 241 1241
38 202 563 1 146 566
39 239 773 1 191 768
40 586 901 1 530 868
41 157 784 1 109 789
42 264 526 1 207 528
43 169 237 1 103 242
44 286 994 1 245 989
45 246 852 1 201 850
46 536 956 1 487 931
47 298 743 1 249 741
48 155 233 1 89 239
49 253 870 1 208 867
50 264 844 1 217 843
51 242 744 1 192 744
52 275 877 1 229 873
53 158 223 1 91 227
54 234 819 1 187 818
55 226 902 1 182 900
56 171 222 1 105 226
57 257 819 1 211 817
58 218 994 1 176 991
59 248 820 1 201 818
60 256 562 1 201 562
61 107 972 1 66 975
62 194 1255 1 162 1246
63 277 844 1 230 841
64 245 718 1 194 718
65 229 1059 1 189 1054
66 215 1021 1 175 1017
67 211 1060 1 173 1057
68 399 839 1 351 833
69 370 695 1 318 691
70 175 246 1 110 250
71 232 1021 1 192 1018
72 262 539 1 206 542
73 420 784 1 367 767
74 142 843 1 97 849
75 251 761 1 203 761
76 240 763 1 191 763
77 145 231 1 79 237
78 214 1251 1 180 1243
79 235 958 1 194 956
80 296 894 1 251 889
81 256 692 1 205 691
82 133 972 1 92 974
83 308 662 1 255 665
84 278 564 1 218 562
85 178 210 1 112 213
86 218 456 1 160 460
87 237 790 1 189 790
88 189 215 1 123 220
89 264 509 1 207 511
90 300 804 1 252 800
91 280 584 1 221 584
92 335 406 1 270 396
93 469 781 1 415 760
94 267 492 1 209 494
95 499 868 1 449 853
96 572 898 1 518 869
97 586 891 1 530 859
98 493 883 1 445 869
99 436 529 1 379 524
100 229 450 1 171 454
101 280 521 1 223 522
102 380 693 1 327 688
103 291 867 1 246 864
104 216 895 1 172 894
105 535 766 1 475 746
106 280 892 1 236 889
107 307 526 1 249 525
108 318 1175 1 282 1161
109 249 788 1 202 787
110 185 241 1 119 244
111 468 694 1 415 685
112 410 630 1 356 626
113 402 934 1 357 923
114 530 800 1 476 779
115 271 857 1 225 854
116 286 1143 1 250 1134
117 674 596 1 599 557
118 368 853 1 319 841
119 218 978 1 177 975
120 364 814 1 316 806
121 263 481 1 205 482
122 341 1115 1 304 1102
123 400 630 1 345 626
124 291 352 1 228 352
125 135 231 1 69 237
126 311 537 1 255 538
127 416 762 1 367 756
128 314 555 1 258 555
129 412 691 1 360 687
130 529 776 1 474 756
131 209 553 1 154 556
132 251 776 1 203 775
133 279 537 1 222 539
134 464 740 1 411 732
135 432 861 1 384 846
136 360 1050 1 320 1038
137 360 695 1 307 691
138 288 402 1 227 401
139 316 334 1 253 334
140 413 574 1 356 570
141 482 400 1 415 389
142 315 346 1 251 347
143 469 729 1 418 721
144 512 957 1 463 926
145 257 604 1 203 606
146 416 405 1 351 394
147 481 391 1 415 380
148 393 1024 1 352 1015
149 429 812 1 381 805
150 318 249 1 252 251
151 315 296 1 250 295
152 287 504 1 229 506
153 326 874 1 279 869
154 361 304 1 296 304
155 651 706 1 582 666
156 391 1008 1 347 996
157 344 1146 1 308 1135
158 354 996 1 311 985
159 244 103 1 174 108
160 665 684 1 593 642
161 658 386 1 577 356
162 694 1113 1 634 1052
163 342 258 1 276 261
164 675 686 1 600 644
165 353 1006 1 311 995
166 464 752 1 413 743
167 293 857 1 247 853
168 248 115 1 179 119
169 284 1078 1 245 1073
170 674 447 1 593 413
171 453 882 1 405 873
172 244 372 1 183 374
173 257 390 1 197 391
174 274 456 1 214 456
175 115 1065 1 78 1071
176 340 894 1 296 888
177 290 414 1 229 413
178 316 374 1 254 373
179 246 396 1 186 398
180 361 665 1 307 663
181 296 1111 1 259 1103
182 247 395 1 186 396
183 642 579 1 569 546
184 363 685 1 309 681
185 368 1009 1 326 999
186 446 1102 1 407 1088
187 333 487 1 273 485
188 365 999 1 324 988
189 274 293 1 209 295
190 643 434 1 565 404
191 237 805 1 190 804
192 673 502 1 588 457
193 254 437 1 194 438
194 391 1071 1 351 1059
195 291 802 1 243 800
196 425 890 1 379 882
197 260 306 1 197 308
198 330 963 1 287 955
199 243 868 1 196 867
200 236 53 1 165 58
201 262 419 1 201 419
202 386 757 1 337 751
203 273 274 1 208 275
204 280 374 1 218 375
205 647 452 1 569 421
206 669 647 1 594 606
207 314 277 1 249 277
208 333 1027 1 291 1016
209 247 397 1 186 399
210 414 664 1 361 659
211 640 674 1 570 635
212 405 877 1 358 868
213 504 838 1 453 822
214 225 105 1 156 110
215 410 947 1 366 937
216 279 332 1 216 334
217 331 1100 1 292 1087
218 414 652 1 359 647
219 254 1057 1 216 1053
220 239 80 1 169 85
221 346 343 1 283 342
222 338 326 1 274 326
223 659 84 1 567 66
224 369 906 1 325 898
225 323 1086 1 283 1073
226 647 634 1 576 597
227 239 190 1 172 194
228 246 141 1 177 146
229 465 808 1 416 799
230 268 331 1 205 332
231 287 830 1 240 827
232 286 1120 1 252 1114
233 362 1019 1 320 1008
234 401 692 1 348 688
235 257 336 1 194 338
236 397 966 1 354 957
237 333 1088 1 294 1076
238 351 980 1 308 969
239 307 780 1 258 776
240 307 239 1 241 240
241 327 891 1 282 885
242 363 886 1 318 879
243 441 848 1 391 835
244 452 683 1 399 677
245 522 992 1 470 957
246 301 730 1 250 728
247 670 410 1 588 378
248 337 980 1 294 970
249 454 753 1 403 746
250 322 942 1 278 935
251 358 251 1 292 250
252 500 772 1 444 749
253 446 712 1 394 704
254 285 102 1 215 106
255 369 714 1 313 711
256 458 644 1 404 637
257 303 305 1 239 306
258 337 647 1 282 645
259 297 261 1 231 263
260 345 399 1 280 389
261 436 633 1 381 627
262 144 853 1 98 859
263 278 258 1 212 260
264 335 913 1 290 907
265 383 521 1 326 519
266 389 1109 1 350 1098
267 340 308 1 275 308
268 644 434 1 566 404
269 420 629 1 365 624
270 468 864 1 421 855
271 688 514 1 609 478
272 643 613 1 570 575
273 416 1130 1 379 1117
274 657 716 1 588 676
275 393 977 1 350 966
276 286 342 1 223 343
277 276 343 1 212 345
278 287 158 1 219 162
279 254 350 1 192 351
280 457 660 1 403 653
281 571 535 1 503 512
282 139 874 1 95 880
283 678 430 1 597 397
284 226 115 1 158 121
285 243 730 1 193 730
286 382 1089 1 343 1079
287 465 719 1 413 711
288 457 1060 1 415 1045
289 385 783 1 338 778
290 332 995 1 290 986
291 652 682 1 582 643
292 371 1029 1 330 1019
293 403 990 1 360 980
294 268 367 1 206 367
295 585 911 1 532 881
296 662 363 1 580 333
297 289 1246 1 257 1237
298 238 672 1 186 673
299 380 977 1 337 965
300 412 1060 1 371 1047
301 313 834 1 265 828
302 361 317 1 297 316
303 319 362 1 257 362
304 268 382 1 206 383
305 303 364 1 241 364
306 370 631 1 316 628
307 304 421 1 244 419
308 660 562 1 584 526
309 312 473 1 254 473
310 293 371 1 230 371
311 393 882 1 347 875
312 321 259 1 254 260
313 336 955 1 292 946
314 117 974 1 76 975
315 530 82 1 452 75
316 330 901 1 285 896
317 654 497 1 577 464
318 474 748 1 422 739
319 318 385 1 257 385
320 312 306 1 248 307
321 656 527 1 580 491
322 267 353 1 205 354
323 643 597 1 571 562
324 293 274 1 229 277
325 292 1161 1 257 1152
326 654 539 1 578 504
327 463 845 1 414 831
328 478 812 1 429 802
329 259 317 1 195 319
330 404 364 1 340 360
331 292 284 1 227 285
332 275 1019 1 235 1014
333 299 456 1 240 455
334 319 793 1 270 788
335 260 274 1 196 276
336 252 130 1 184 135
337 303 250 1 238 252
338 364 834 1 316 826
339 321 539 1 265 538
340 360 304 1 296 305
341 233 381 1 172 383
342 256 165 1 188 170
343 357 1035 1 316 1023
344 288 453 1 225 454
345 305 291 1 240 292
346 415 522 1 357 517
347 348 297 1 284 297
348 272 283 1 207 285
349 266 408 1 204 407
350 369 522 1 311 521
351 415 1086 1 376 1075
352 313 461 1 254 460
353 276 495 1 218 497
354 387 968 1 342 956
355 640 646 1 570 610
356 448 1047 1 406 1033
357 292 362 1 230 363
358 346 1141 1 309 1129
359 358 1214 1 323 1202
360 384 594 1 329 590
361 677 389 1 594 358
362 381 1075 1 342 1063
363 374 591 1 319 588
364 565 504 1 496 481
365 459 731 1 407 723
366 351 968 1 308 958
367 464 1103 1 424 1087
368 223 82 1 153 87
369 245 263 1 180 266
370 555 181 1 477 170
371 322 853 1 275 848
372 485 859 1 436 844
373 327 822 1 279 816
374 373 740 1 322 735
375 391 907 1 345 897
376 432 1006 1 389 994
377 336 377 1 274 376
378 660 604 1 585 564
379 373 954 1 331 942
380 409 978 1 366 968
381 506 1091 1 465 1072
382 274 319 1 211 320
383 505 1079 1 463 1060
384 276 306 1 212 307
385 284 86 1 213 90
386 257 380 1 195 381
387 288 976 1 245 971
388 316 906 1 272 902
389 442 860 1 393 845
390 309 804 1 261 800
391 620 115 1 533 99
392 677 389 1 594 358
393 286 311 1 222 312
394 252 185 1 185 186
395 285 128 1 216 132
396 476 1055 1 412 950
397 334 1146 1 297 1134
398 337 1039 1 296 1027
399 379 327 1 314 325
400 341 942 1 296 933
401 290 299 1 226 300
402 339 810 1 290 805
403 421 1022 1 380 1012
404 343 991 1 301 980
405 358 261 1 293 263
406 271 188 1 203 192
407 289 191 1 223 193
408 480 820 1 431 810
409 369 874 1 323 868
410 221 567 1 165 570
411 351 663 1 297 662
412 326 807 1 277 802
413 475 843 1 424 829
414 351 315 1 286 313
415 326 375 1 264 373
416 521 212 1 446 202
417 341 1097 1 302 1085
