0 220 658 1 220 653
1 214 711 1 216 705
2 210 798 1 213 790
3 219 647 1 219 642
4 241 948 1 248 938
5 212 769 1 214 762
6 223 589 1 223 585
7 199 660 1 199 655
8 220 635 1 220 630
9 224 578 1 223 574
10 215 698 1 216 693
11 198 971 1 205 962
12 224 599 1 223 595
13 252 658 1 253 652
14 242 934 1 248 924
15 200 642 1 200 638
16 251 709 1 252 703
17 237 1060 1 245 1049
18 255 645 1 255 640
19 204 600 1 203 596
20 248 767 1 251 760
21 241 958 1 248 948
22 238 1047 1 246 1036
23 237 1073 1 245 1061
24 206 579 1 205 575
25 34 935 1 42 929
26 251 697 1 252 690
27 198 861 1 202 854
28 241 970 1 247 960
29 250 723 1 252 716
30 185 1048 1 194 1038
31 196 684 1 197 679
32 359 347 1 318 271
33 109 238 1 101 236
34 200 936 1 206 928
35 205 880 1 209 872
36 243 924 1 248 914
37 247 797 1 250 790
38 60 997 1 69 991
39 207 752 1 210 745
40 195 706 1 196 700
41 210 531 1 209 527
42 191 1058 1 199 1047
43 254 620 1 254 615
44 251 682 1 252 676
45 202 622 1 202 618
46 192 1073 1 201 1063
47 225 887 1 230 878
48 177 913 1 183 905
49 97 224 1 89 224
50 148 568 1 147 566
51 209 685 1 210 679
52 544 920 1 539 884
53 106 791 1 110 790
54 195 1034 1 202 1024
55 217 723 1 218 717
56 239 1006 1 247 996
57 208 827 1 212 820
58 248 751 1 251 744
59 96 234 1 88 236
60 195 1008 1 203 998
61 190 752 1 193 746
62 204 699 1 206 693
63 183 828 1 188 821
64 164 461 1 161 459
65 112 223 1 103 223
66 203 565 1 202 562
67 250 776 1 252 768
68 169 1007 1 177 998
69 199 829 1 202 822
70 247 903 1 253 894
71 368 928 1 363 882
72 246 787 1 249 779
73 351 847 1 354 837
74 57 986 1 66 980
75 193 726 1 195 720
76 227 854 1 232 845
77 371 797 1 370 776
78 208 545 1 207 541
79 126 220 1 118 218
80 183 1074 1 190 1062
81 167 1035 1 176 1024
82 164 1075 1 173 1065
83 195 880 1 199 871
84 259 602 1 257 598
85 116 248 1 109 247
86 185 1035 1 193 1024
87 319 700 1 320 692
88 219 686 1 220 680
89 92 851 1 98 850
90 201 770 1 204 763
91 188 771 1 192 766
92 85 233 1 77 233
93 187 971 1 195 962
94 242 913 1 248 903
95 120 210 1 111 209
96 211 513 1 209 510
97 83 986 1 92 979
98 278 409 1 270 396
99 186 800 1 190 793
100 330 698 1 330 690
101 242 1159 1 252 1145
102 462 1037 1 465 1016
103 200 783 1 204 778
104 231 903 1 237 894
105 213 496 1 210 493
106 453 879 1 454 860
107 485 804 1 481 780
108 184 847 1 188 838
109 222 867 1 226 859
110 448 892 1 449 876
111 637 453 1 610 416
112 167 907 1 172 899
113 360 633 1 359 626
114 226 524 1 224 521
115 175 454 1 171 453
116 253 529 1 251 525
117 545 908 1 539 874
118 216 878 1 220 869
119 381 630 1 360 569
120 275 1190 1 284 1173
121 640 611 1 616 568
122 388 927 1 382 880
123 563 88 1 534 68
124 319 868 1 321 849
125 126 243 1 119 241
126 489 776 1 485 753
127 416 711 1 416 702
128 421 734 1 421 724
129 484 787 1 480 765
130 316 1065 1 323 1048
131 415 746 1 415 735
132 418 697 1 418 687
133 463 398 1 452 384
134 444 465 1 436 453
135 170 991 1 178 982
136 316 795 1 317 786
137 209 484 1 206 481
138 297 1132 1 306 1113
139 666 1153 1 654 1091
140 348 634 1 348 627
141 199 797 1 203 790
142 235 354 1 229 350
143 341 697 1 342 689
144 378 766 1 380 758
145 531 918 1 527 884
146 310 701 1 309 693
147 363 697 1 363 688
148 75 233 1 68 234
149 258 541 1 256 537
150 233 508 1 231 505
151 261 559 1 259 555
152 368 768 1 370 758
153 460 616 1 448 586
154 155 559 1 154 556
155 386 840 1 389 829
156 386 872 1 388 854
157 396 777 1 394 758
158 486 815 1 483 792
159 519 940 1 514 902
160 204 611 1 205 607
161 225 542 1 223 538
162 355 943 1 360 930
163 641 393 1 611 356
164 346 358 1 304 273
165 233 405 1 228 400
166 261 336 1 254 331
167 361 577 1 359 570
168 423 655 1 398 586
169 431 403 1 419 388
170 188 114 1 177 114
171 364 408 1 354 394
172 320 1012 1 325 995
173 430 394 1 419 379
174 633 666 1 611 619
175 261 249 1 253 247
176 186 680 1 187 674
177 373 641 1 352 578
178 640 705 1 619 659
179 278 883 1 281 874
180 614 724 1 597 680
181 345 1023 1 350 1005
182 172 27 1 159 28
183 301 1163 1 310 1146
184 249 367 1 242 362
185 186 102 1 174 103
186 629 702 1 609 657
187 619 389 1 592 356
188 251 1128 1 260 1112
189 349 656 1 347 649
190 459 662 1 452 640
191 259 349 1 252 345
192 286 258 1 277 258
193 307 1021 1 313 1004
194 416 757 1 417 746
195 244 866 1 249 857
196 341 1037 1 347 1023
197 238 1092 1 246 1080
198 406 889 1 409 877
199 259 296 1 251 292
200 189 375 1 183 372
201 408 701 1 407 691
202 318 1076 1 325 1058
203 362 659 1 362 648
204 201 393 1 197 390
205 219 460 1 215 456
206 363 668 1 363 660
207 459 847 1 458 829
208 69 1080 1 79 1075
209 224 83 1 213 83
210 294 903 1 298 893
211 305 857 1 309 845
212 235 417 1 230 412
213 261 376 1 255 372
214 191 400 1 186 397
215 310 670 1 309 664
216 192 398 1 187 395
217 542 1116 1 542 1080
218 312 690 1 311 683
219 204 308 1 197 306
220 323 1022 1 329 1007
221 274 1168 1 283 1149
222 264 364 1 258 360
223 265 1151 1 274 1132
224 181 41 1 168 41
225 217 294 1 210 292
226 180 79 1 169 80
227 602 439 1 579 406
228 187 814 1 191 807
229 440 612 1 410 542
230 199 441 1 194 437
231 226 100 1 215 101
232 346 1086 1 354 1069
233 606 457 1 583 423
234 243 810 1 245 803
235 248 293 1 241 289
236 378 897 1 382 886
237 181 890 1 186 882
238 417 622 1 391 551
239 279 490 1 275 485
240 177 51 1 165 53
241 367 1075 1 374 1057
242 207 423 1 201 418
243 227 128 1 216 127
244 441 870 1 441 852
245 216 275 1 208 272
246 608 611 1 588 572
247 224 376 1 219 373
248 377 938 1 371 889
249 316 1031 1 323 1016
250 633 415 1 605 378
251 258 277 1 250 274
252 191 400 1 186 397
253 321 884 1 325 873
254 601 661 1 584 622
255 357 885 1 361 873
256 168 114 1 158 115
257 365 957 1 369 943
258 223 335 1 217 332
259 340 791 1 341 781
260 354 807 1 353 788
261 286 1118 1 294 1099
262 339 762 1 340 754
263 386 821 1 384 808
264 309 1009 1 314 994
265 292 345 1 285 340
266 412 651 1 407 639
267 618 70 1 580 46
268 322 917 1 327 904
269 278 1103 1 285 1084
270 495 1008 1 495 978
271 609 648 1 590 608
272 475 997 1 473 960
273 631 770 1 612 723
274 181 191 1 172 190
275 575 105 1 544 84
276 188 141 1 178 142
277 443 626 1 423 572
278 212 333 1 206 330
279 624 732 1 606 688
280 419 406 1 408 392
281 684 92 1 638 63
282 451 1019 1 452 991
283 201 338 1 194 335
284 368 991 1 373 977
285 280 479 1 277 472
286 289 1106 1 296 1087
287 263 842 1 266 832
288 257 788 1 259 779
289 251 239 1 241 236
290 280 901 1 284 890
291 376 818 1 376 807
292 449 129 1 432 120
293 403 688 1 402 678
294 250 737 1 252 730
295 253 886 1 258 876
296 279 1055 1 286 1038
297 640 393 1 611 356
298 398 717 1 397 708
299 450 1065 1 455 1044
300 406 759 1 407 749
301 286 1044 1 293 1027
302 302 251 1 294 247
303 410 735 1 411 725
304 294 969 1 300 955
305 622 574 1 599 534
306 247 307 1 239 303
307 285 653 1 284 646
308 321 1055 1 327 1037
309 315 895 1 320 884
310 240 262 1 232 260
311 289 403 1 281 388
312 465 97 1 447 87
313 94 862 1 99 860
314 632 638 1 610 594
315 221 258 1 213 257
316 302 1155 1 311 1138
317 287 923 1 293 912
318 247 332 1 239 327
319 331 524 1 328 519
320 346 1124 1 354 1107
321 285 310 1 277 305
322 603 439 1 579 406
323 284 1034 1 290 1017
324 509 173 1 488 158
325 329 838 1 331 827
326 601 593 1 582 557
327 594 451 1 571 419
328 230 344 1 224 341
329 220 346 1 213 343
330 230 158 1 220 158
331 198 352 1 192 349
332 407 664 1 407 655
333 525 543 1 511 516
334 90 882 1 96 881
335 627 476 1 601 439
336 162 79 1 151 80
337 191 739 1 194 732
338 391 629 1 366 560
339 616 632 1 596 591
340 338 1101 1 346 1087
341 412 1023 1 412 990
342 416 724 1 417 713
343 541 1099 1 539 1059
344 413 1072 1 419 1053
345 285 1009 1 292 994
346 311 1053 1 318 1036
347 616 700 1 597 656
348 606 625 1 587 586
349 357 1002 1 363 987
350 212 370 1 206 365
351 624 365 1 596 331
352 334 991 1 340 974
353 353 669 1 352 661
354 623 407 1 596 372
355 195 130 1 184 130
356 366 321 1 358 315
357 226 113 1 215 112
358 307 318 1 299 313
359 365 1194 1 374 1176
360 632 501 1 607 462
361 212 385 1 206 381
362 319 636 1 318 629
363 354 989 1 360 974
364 264 398 1 258 393
365 250 424 1 245 418
366 441 969 1 444 950
367 258 476 1 255 472
368 237 374 1 231 369
369 610 566 1 589 527
370 346 891 1 350 880
371 264 260 1 255 257
372 299 1093 1 306 1076
373 182 26 1 169 27
374 265 1128 1 274 1109
375 324 814 1 327 805
376 349 722 1 349 714
377 266 1099 1 275 1085
378 477 75 1 457 65
379 282 911 1 287 901
380 334 980 1 339 964
381 386 780 1 383 759
382 316 841 1 318 830
383 356 321 1 345 311
384 264 387 1 258 383
385 256 308 1 248 304
386 619 537 1 595 498
387 211 356 1 205 352
388 337 821 1 339 811
389 197 141 1 187 141
390 422 878 1 425 865
391 237 275 1 230 274
392 249 1178 1 258 1163
393 167 104 1 156 105
394 614 550 1 592 511
395 348 1052 1 355 1038
396 434 478 1 423 462
397 641 599 1 617 555
398 189 79 1 177 78
399 202 319 1 195 316
400 350 365 1 342 358
401 235 285 1 228 282
402 318 936 1 323 924
403 642 434 1 614 396
404 229 1032 1 236 1021
405 245 460 1 241 454
406 269 801 1 272 791
407 204 275 1 196 273
408 335 708 1 336 701
409 247 250 1 239 248
410 268 543 1 266 538
411 275 1122 1 284 1103
412 305 306 1 298 302
413 177 385 1 172 381
414 198 165 1 189 166
415 233 456 1 229 451
416 602 512 1 581 476
417 521 182 1 498 163
418 294 298 1 285 294
419 215 284 1 208 282
420 210 411 1 204 406
421 197 192 1 188 190
422 317 525 1 313 520
423 373 1098 1 379 1083
424 259 466 1 255 459
425 223 499 1 220 496
426 244 350 1 237 345
427 598 998 1 590 952
428 601 661 1 583 621
429 292 579 1 290 572
430 444 987 1 443 955
431 634 655 1 612 611
432 279 964 1 284 949
433 287 364 1 281 360
434 237 365 1 231 361
435 303 1158 1 312 1140
436 257 802 1 259 794
437 434 657 1 408 584
438 339 930 1 344 917
439 325 797 1 327 789
440 585 337 1 561 310
441 354 837 1 358 827
442 351 697 1 351 689
443 323 596 1 321 589
444 518 509 1 504 485
445 262 1139 1 271 1119
446 333 345 1 322 332
447 636 512 1 611 472
448 644 632 1 620 585
449 276 1080 1 284 1064
450 164 81 1 153 83
451 189 264 1 181 263
452 229 428 1 225 424
453 249 1004 1 256 993
454 273 863 1 277 852
455 429 636 1 400 560
456 463 878 1 463 858
457 462 1018 1 463 990
458 632 557 1 608 516
459 278 831 1 281 820
460 323 746 1 325 737
461 279 383 1 272 376
462 430 852 1 431 836
463 344 917 1 348 903
464 387 1018 1 393 1002
465 282 379 1 276 374
466 284 599 1 283 593
467 290 683 1 290 679
468 269 902 1 273 892
469 218 321 1 211 318
470 228 322 1 221 319
471 368 807 1 368 788
472 220 307 1 213 304
473 226 85 1 214 85
474 391 851 1 393 839
475 201 383 1 196 380
476 241 987 1 247 977
477 322 360 1 313 346
478 395 872 1 396 853
479 259 813 1 263 804
480 641 496 1 614 456
481 230 312 1 223 309
482 368 592 1 365 585
483 232 245 1 224 242
484 291 1163 1 300 1146
485 334 1002 1 339 985
486 327 958 1 332 943
487 325 328 1 316 322
488 350 1036 1 356 1022
489 234 301 1 227 297
490 290 818 1 292 809
491 377 1033 1 383 1019
492 175 142 1 165 142
493 297 1004 1 303 989
494 303 261 1 295 260
495 213 188 1 204 187
496 233 191 1 223 189
497 605 368 1 579 337
498 611 734 1 594 691
499 348 1177 1 357 1160
500 381 886 1 384 873
501 166 572 1 166 570
502 299 669 1 300 662
503 277 816 1 279 806
504 499 395 1 484 375
505 415 889 1 418 875
506 296 316 1 287 310
507 270 377 1 265 372
508 468 209 1 451 196
509 296 1115 1 304 1096
