0 178 607 1 221 654
1 171 660 1 216 707
2 165 748 1 214 792
3 182 536 1 224 585
4 194 900 1 249 942
5 167 718 1 214 764
6 177 595 1 220 642
7 178 583 1 221 631
8 184 526 1 224 574
9 156 608 1 200 656
10 173 647 1 217 694
11 150 922 1 206 966
12 183 547 1 224 595
13 211 600 1 254 646
14 195 886 1 249 928
15 213 583 1 255 629
16 163 548 1 204 596
17 158 590 1 201 638
18 204 717 1 252 762
19 207 659 1 253 704
20 189 1000 1 247 1041
21 188 1013 1 246 1054
22 188 1025 1 246 1066
23 195 909 1 249 952
24 152 811 1 203 857
25 193 921 1 248 963
26 207 673 1 253 718
27 208 646 1 253 691
28 135 999 1 195 1043
29 142 1009 1 200 1052
30 144 986 1 203 1029
31 198 830 1 249 872
32 158 830 1 210 875
33 153 887 1 207 931
34 326 319 1 250 146
35 203 747 1 251 792
36 170 477 1 209 527
37 153 632 1 198 680
38 163 701 1 211 747
39 73 177 1 100 233
40 160 570 1 203 618
41 213 569 1 255 616
42 209 631 1 253 677
43 195 874 1 249 917
44 61 737 1 111 791
45 142 1025 1 201 1068
46 325 902 1 366 900
47 61 162 1 88 221
48 106 514 1 147 566
49 166 633 1 210 680
50 120 958 1 177 1002
51 130 862 1 183 908
52 205 728 1 253 770
53 114 1027 1 174 1070
54 163 512 1 203 562
55 191 958 1 248 1000
56 163 777 1 213 823
57 60 174 1 87 233
58 173 672 1 219 719
59 147 959 1 204 1002
60 146 701 1 194 748
61 178 837 1 231 881
62 137 778 1 189 823
63 125 405 1 161 458
64 77 162 1 103 220
65 277 651 1 322 693
66 177 803 1 228 847
67 202 792 1 251 836
68 205 700 1 252 745
69 153 779 1 203 824
70 145 998 1 204 1041
71 161 647 1 207 694
72 306 800 1 356 839
73 176 633 1 221 681
74 118 985 1 177 1029
75 202 854 1 254 897
76 168 492 1 207 541
77 91 159 1 117 215
78 149 675 1 196 722
79 133 1025 1 191 1067
80 204 763 1 252 806
81 218 550 1 259 598
82 150 653 1 197 701
83 80 188 1 108 244
84 46 797 1 99 851
85 171 460 1 209 510
86 409 837 1 457 866
87 157 719 1 205 765
88 144 720 1 192 767
89 49 171 1 76 231
90 196 864 1 249 907
91 139 923 1 195 966
92 85 149 1 110 207
93 614 580 1 628 576
94 34 935 1 92 983
95 242 358 1 270 396
96 331 616 1 350 595
97 185 854 1 238 897
98 141 749 1 191 795
99 329 754 1 373 782
100 148 829 1 200 874
101 287 649 1 331 691
102 186 472 1 225 521
103 191 1113 1 253 1152
104 156 733 1 204 780
105 414 996 1 469 1023
106 174 442 1 211 492
107 444 764 1 486 787
108 137 797 1 188 842
109 176 817 1 227 861
110 404 849 1 452 880
111 616 416 1 622 418
112 320 584 1 361 627
113 413 1006 1 469 1034
114 136 399 1 172 452
115 626 1138 1 664 1110
116 214 476 1 252 524
117 548 32 1 542 58
118 182 218 1 209 270
119 321 649 1 365 689
120 189 840 1 241 883
121 169 828 1 221 872
122 308 584 1 349 627
123 274 824 1 323 855
124 91 182 1 118 239
125 448 735 1 489 759
126 374 665 1 418 703
127 114 504 1 155 556
128 379 688 1 423 725
129 267 1021 1 325 1055
130 373 699 1 417 737
131 377 650 1 421 688
132 119 857 1 173 902
133 121 942 1 178 986
134 597 349 1 603 356
135 272 747 1 319 788
136 170 430 1 206 480
137 247 1088 1 308 1122
138 225 241 1 252 290
139 155 747 1 204 792
140 199 299 1 229 348
141 300 648 1 343 690
142 336 719 1 382 759
143 224 324 1 255 371
144 154 40 1 174 99
145 39 171 1 67 231
146 218 489 1 257 537
147 194 455 1 232 504
148 349 483 1 385 524
149 213 312 1 243 361
150 222 507 1 260 555
151 82 172 1 109 229
152 325 720 1 372 760
153 442 748 1 484 771
154 163 558 1 205 607
155 342 793 1 391 831
156 224 1145 1 286 1181
157 445 775 1 487 798
158 185 489 1 224 538
159 307 608 1 349 650
160 309 898 1 362 934
161 681 38 1 657 50
162 160 386 1 195 436
163 196 351 1 228 399
164 267 650 1 311 694
165 226 281 1 254 330
166 397 355 1 422 388
167 156 52 1 176 110
168 201 1082 1 262 1119
169 289 275 1 317 320
170 330 359 1 356 394
171 272 968 1 327 1002
172 396 346 1 422 379
173 605 637 1 623 629
174 229 193 1 253 245
175 134 984 1 193 1029
176 259 809 1 309 850
177 451 971 1 500 988
178 611 678 1 631 670
179 232 835 1 283 877
180 583 695 1 607 691
181 298 979 1 352 1011
182 251 1118 1 312 1153
183 183 790 1 234 834
184 599 673 1 620 667
185 270 641 1 313 684
186 341 604 1 357 580
187 415 1125 1 446 1059
188 420 622 1 456 645
189 224 295 1 253 343
190 253 203 1 278 256
191 259 976 1 315 1011
192 373 711 1 419 748
193 198 817 1 250 860
194 292 991 1 349 1028
195 342 780 1 387 808
196 188 1045 1 247 1086
197 361 844 1 411 880
198 151 319 1 183 371
199 168 368 1 202 417
200 367 655 1 410 692
201 270 1032 1 327 1066
202 357 745 1 399 770
203 164 338 1 197 389
204 181 407 1 215 455
205 652 1073 1 685 1045
206 415 805 1 462 834
207 248 856 1 300 896
208 285 793 1 334 832
209 260 965 1 315 1000
210 198 364 1 230 411
211 215 236 1 242 287
212 153 345 1 186 396
213 268 620 1 311 665
214 154 344 1 187 394
215 221 412 1 256 459
216 224 221 1 251 272
217 169 251 1 198 304
218 223 1124 1 285 1158
219 228 310 1 258 358
220 582 418 1 593 426
221 183 237 1 210 290
222 578 400 1 588 408
223 141 764 1 192 810
224 222 424 1 256 472
225 196 39 1 216 98
226 297 1041 1 356 1075
227 622 353 1 623 357
228 143 628 1 188 675
229 333 851 1 384 889
230 241 439 1 276 484
231 169 218 1 196 271
232 319 1031 1 376 1064
233 479 908 1 520 915
234 197 68 1 217 124
235 396 828 1 444 857
236 580 579 1 598 579
237 188 321 1 220 372
238 332 913 1 374 908
239 295 714 1 341 755
240 268 987 1 324 1022
241 266 942 1 321 976
242 613 376 1 617 379
243 154 346 1 187 396
244 276 837 1 327 876
245 492 1130 1 539 1120
246 571 629 1 593 631
247 312 839 1 363 877
248 217 803 1 267 845
249 605 563 1 618 558
250 137 52 1 158 112
251 606 626 1 622 618
252 188 279 1 217 330
253 296 743 1 343 783
254 310 765 1 355 793
255 383 708 1 429 749
256 359 721 1 405 758
257 257 291 1 286 338
258 397 416 1 407 415
259 602 367 1 607 372
260 276 870 1 329 908
261 228 1058 1 286 1092
262 579 617 1 600 616
263 599 743 1 623 736
264 148 131 1 172 187
265 559 50 1 553 74
266 156 79 1 178 139
267 346 950 1 400 985
268 176 277 1 206 328
269 593 704 1 616 699
270 385 358 1 410 392
271 387 856 1 437 891
272 243 602 1 285 647
273 404 981 1 456 1001
274 595 589 1 612 587
275 165 283 1 194 334
276 321 946 1 375 982
277 242 427 1 278 472
278 239 1062 1 297 1095
279 461 299 1 483 332
280 218 793 1 268 835
281 212 739 1 260 781
282 218 182 1 242 234
283 233 853 1 285 893
284 366 1005 1 421 1034
285 355 1017 1 412 1049
286 330 770 1 378 810
287 423 74 1 435 115
288 361 641 1 404 680
289 214 1150 1 277 1186
290 207 687 1 253 732
291 230 1011 1 287 1045
292 183 387 1 215 433
293 602 385 1 609 390
294 517 410 1 536 429
295 356 670 1 400 709
296 403 1024 1 458 1051
297 363 712 1 409 750
298 238 1000 1 295 1034
299 270 195 1 295 244
300 368 689 1 413 727
301 282 674 1 327 718
302 288 308 1 314 345
303 330 742 1 377 781
304 212 252 1 240 301
305 272 1011 1 329 1044
306 104 293 1 136 351
307 207 205 1 233 258
308 254 352 1 281 388
309 569 568 1 590 572
310 604 607 1 621 603
311 188 201 1 213 255
312 252 1110 1 313 1146
313 241 875 1 294 916
314 212 276 1 239 325
315 292 473 1 329 519
316 573 543 1 591 547
317 185 347 1 216 394
318 251 255 1 277 303
319 579 400 1 589 408
320 235 989 1 292 1024
321 487 121 1 493 152
322 284 791 1 333 830
323 572 559 1 591 563
324 568 412 1 581 421
325 195 288 1 224 339
326 184 290 1 213 342
327 198 98 1 221 155
328 162 296 1 192 348
329 247 769 1 295 811
330 492 501 1 517 520
331 43 829 1 97 882
332 605 440 1 612 442
333 326 279 1 350 321
334 147 687 1 195 734
335 588 600 1 606 599
336 289 1055 1 348 1092
337 374 678 1 419 715
338 256 902 1 310 941
339 47 806 1 100 861
340 365 1029 1 422 1060
341 274 922 1 329 959
342 233 290 1 262 340
343 238 962 1 293 1000
344 262 1009 1 319 1043
345 585 670 1 608 667
346 577 593 1 597 594
347 310 957 1 365 992
348 175 315 1 206 364
349 248 959 1 304 995
350 239 1013 1 296 1047
351 604 324 1 607 331
352 235 255 1 263 305
353 322 427 1 355 468
354 288 947 1 341 980
355 163 69 1 185 127
356 334 269 1 359 313
357 195 52 1 215 109
358 273 264 1 300 311
359 172 357 1 205 405
360 314 1149 1 377 1184
361 609 466 1 618 466
362 175 331 1 207 380
363 184 445 1 221 495
364 278 586 1 320 630
365 307 944 1 362 979
366 228 345 1 259 392
367 213 371 1 245 418
368 578 439 1 590 446
369 464 907 1 507 913
370 335 436 1 367 474
371 201 320 1 231 368
372 584 532 1 599 533
373 300 845 1 352 883
374 230 979 1 286 1014
375 249 1049 1 308 1084
376 247 922 1 302 960
377 215 1083 1 275 1117
378 280 767 1 328 807
379 306 673 1 351 715
380 217 1053 1 276 1091
381 236 863 1 288 904
382 287 936 1 341 970
383 342 738 1 386 765
384 271 794 1 320 833
385 323 269 1 347 309
386 352 906 1 395 908
387 228 334 1 259 382
388 222 253 1 249 302
389 593 503 1 606 503
390 175 300 1 205 351
391 292 773 1 341 814
392 165 80 1 187 138
393 203 218 1 231 272
394 270 846 1 322 887
395 135 42 1 156 101
396 588 515 1 603 517
397 299 1007 1 357 1043
398 398 431 1 426 463
399 616 568 1 629 563
400 167 262 1 196 314
401 551 918 1 588 912
402 272 890 1 324 928
403 622 397 1 626 398
404 180 983 1 238 1025
405 207 407 1 241 454
406 225 752 1 273 794
407 293 659 1 338 702
408 214 194 1 239 246
409 476 789 1 516 805
410 370 867 1 420 898
411 229 490 1 268 537
412 225 1079 1 285 1111
413 272 251 1 299 300
414 140 329 1 171 380
415 166 105 1 190 163
416 195 403 1 230 451
417 577 475 1 591 479
418 260 243 1 286 292
419 649 977 1 678 951
420 235 927 1 289 964
421 278 474 1 315 519
422 323 1053 1 382 1089
423 331 584 1 371 625
424 478 409 1 501 434
425 209 295 1 238 344
426 480 437 1 505 462
427 570 629 1 593 630
428 252 528 1 291 573
429 331 732 1 378 772
430 409 904 1 454 917
431 232 918 1 285 955
432 252 311 1 282 359
433 201 310 1 232 359
434 253 1113 1 314 1148
435 212 753 1 260 796
436 293 884 1 345 921
437 281 749 1 329 791
438 562 293 1 569 308
439 310 790 1 359 830
440 309 648 1 353 690
441 283 545 1 322 589
442 485 468 1 509 487
443 413 1022 1 468 1047
444 300 294 1 323 330
445 614 477 1 623 476
446 618 602 1 633 595
447 293 672 1 338 714
448 154 206 1 181 261
449 192 373 1 226 423
450 200 956 1 257 997
451 569 522 1 586 526
452 415 980 1 467 1001
453 678 324 1 668 318
454 280 697 1 326 739
455 243 330 1 273 375
456 299 871 1 350 907
457 340 973 1 394 1005
458 246 325 1 277 373
459 244 549 1 284 593
460 247 634 1 292 679
461 222 854 1 274 895
462 183 264 1 212 316
463 193 266 1 222 318
464 185 251 1 213 303
465 346 804 1 396 842
466 193 939 1 248 981
467 355 1071 1 413 1102
468 290 961 1 345 994
469 351 829 1 399 859
470 215 765 1 264 807
471 619 461 1 627 460
472 196 257 1 223 307
473 369 1052 1 426 1083
474 198 188 1 224 239
475 608 400 1 614 403
476 240 1118 1 301 1154
477 281 913 1 334 948
478 356 690 1 400 729
479 301 990 1 358 1027
480 400 938 1 449 956
481 199 245 1 227 295
482 231 205 1 256 255
483 329 987 1 386 1024
484 143 80 1 165 139
485 270 206 1 296 258
486 270 545 1 310 588
487 181 129 1 204 185
488 201 133 1 224 187
489 584 327 1 589 336
490 579 705 1 604 702
491 297 1132 1 359 1167
492 291 810 1 339 844
493 125 518 1 166 570
494 258 618 1 301 663
495 232 767 1 280 809
496 469 349 1 489 374
497 370 844 1 420 879
498 262 262 1 288 308
499 235 323 1 266 370
500 441 158 1 455 192
501 565 271 1 571 286
