0 214 722 1 215 767
1 227 537 1 225 585
2 213 751 1 215 795
3 223 585 1 222 632
4 218 650 1 218 696
5 218 676 1 218 722
6 241 1019 1 248 1060
7 255 648 1 255 693
8 228 548 1 225 595
9 201 927 1 207 971
10 203 592 1 202 639
11 202 609 1 201 657
12 255 661 1 255 706
13 240 1030 1 248 1073
14 210 528 1 207 576
15 259 584 1 257 630
16 208 549 1 205 597
17 223 608 1 222 655
18 246 904 1 250 947
19 252 720 1 253 764
20 258 595 1 256 643
21 241 1006 1 249 1047
22 250 750 1 252 795
23 245 914 1 250 957
24 201 816 1 204 860
25 244 926 1 250 969
26 254 675 1 254 719
27 228 526 1 225 574
28 245 890 1 250 932
29 187 1006 1 196 1049
30 247 834 1 251 876
31 217 572 1 215 615
32 196 993 1 204 1035
33 193 1016 1 201 1059
34 207 834 1 211 879
35 199 634 1 199 681
36 193 1033 1 202 1075
37 258 570 1 256 616
38 205 572 1 203 619
39 214 478 1 210 527
40 179 868 1 184 913
41 210 662 1 211 709
42 211 703 1 212 749
43 420 912 1 420 938
44 97 164 1 87 218
45 150 516 1 147 566
46 171 964 1 178 1008
47 108 177 1 98 230
48 245 879 1 250 922
49 165 1034 1 174 1077
50 211 781 1 214 826
51 194 964 1 199 1007
52 255 633 1 255 678
53 193 704 1 194 750
54 228 841 1 232 885
55 198 660 1 198 703
56 186 782 1 189 827
57 222 635 1 222 682
58 168 406 1 162 457
59 112 163 1 101 217
60 226 807 1 229 850
61 242 964 1 249 1006
62 324 651 1 324 695
63 253 703 1 254 747
64 208 676 1 209 721
65 196 1005 1 205 1048
66 239 1072 1 248 1114
67 212 493 1 208 541
68 96 177 1 86 230
69 108 740 1 112 791
70 207 649 1 207 696
71 356 802 1 358 843
72 250 739 1 251 784
73 252 858 1 255 902
74 193 904 1 199 947
75 126 160 1 116 212
76 259 549 1 257 596
77 212 636 1 211 682
78 182 837 1 186 881
79 84 173 1 75 228
80 207 513 1 204 562
81 116 189 1 107 241
82 214 460 1 210 509
83 215 443 1 212 492
84 249 796 1 252 839
85 449 1192 1 434 1144
86 190 929 1 196 971
87 677 414 1 639 422
88 664 684 1 636 683
89 204 722 1 205 768
90 379 762 1 376 790
91 120 150 1 109 203
92 85 941 1 92 988
93 281 357 1 270 396
94 392 574 1 342 516
95 265 507 1 262 555
96 175 929 1 180 974
97 335 649 1 333 692
98 230 472 1 226 520
99 248 844 1 251 886
100 189 753 1 191 798
101 195 678 1 196 724
102 245 868 1 250 911
103 170 992 1 177 1035
104 184 804 1 188 846
105 471 1012 1 474 1044
106 160 518 1 157 567
107 496 769 1 491 795
108 221 515 1 218 563
109 672 370 1 633 380
110 678 588 1 646 589
111 245 1122 1 254 1161
112 669 647 1 640 647
113 462 842 1 461 873
114 258 476 1 253 524
115 171 845 1 177 889
116 219 217 1 209 267
117 644 705 1 621 706
118 411 571 1 357 510
119 251 766 1 253 809
120 362 721 1 362 763
121 241 854 1 246 898
122 201 782 1 204 828
123 184 1031 1 192 1074
124 95 800 1 100 852
125 500 972 1 500 996
126 127 182 1 117 236
127 501 739 1 495 766
128 401 746 1 396 771
129 217 833 1 222 876
130 428 688 1 427 727
131 260 622 1 259 668
132 321 1029 1 327 1064
133 337 1106 1 347 1144
134 225 821 1 228 865
135 170 862 1 173 906
136 49 1190 1 62 1237
137 682 347 1 641 358
138 158 506 1 155 556
139 70 1196 1 82 1242
140 238 362 1 231 410
141 432 981 1 427 987
142 347 648 1 346 692
143 386 719 1 385 761
144 264 278 1 255 328
145 325 830 1 325 863
146 188 39 1 174 95
147 397 891 1 400 931
148 74 173 1 65 227
149 225 878 1 232 921
150 237 455 1 233 504
151 393 481 1 387 524
152 253 310 1 243 359
153 421 667 1 421 705
154 118 172 1 108 226
155 375 720 1 374 762
156 495 752 1 489 779
157 207 559 1 206 607
158 392 794 1 394 835
159 670 637 1 640 637
160 665 440 1 629 447
161 178 399 1 172 451
162 497 780 1 492 807
163 229 489 1 225 538
164 354 607 1 351 651
165 360 903 1 364 940
166 222 291 1 214 340
167 201 387 1 195 436
168 263 490 1 259 537
169 313 650 1 313 695
170 282 1057 1 290 1091
171 421 701 1 420 740
172 675 690 1 646 686
173 515 587 1 495 602
174 218 431 1 213 480
175 238 299 1 229 347
176 240 1051 1 249 1093
177 266 191 1 254 242
178 656 342 1 618 356
179 637 599 1 611 604
180 423 731 1 423 771
181 440 995 1 431 987
182 202 750 1 205 795
183 197 833 1 201 878
184 305 1127 1 314 1163
185 233 793 1 235 838
186 316 642 1 315 685
187 203 737 1 205 782
188 200 296 1 192 346
189 680 574 1 647 575
190 263 294 1 254 342
191 222 407 1 216 455
192 186 992 1 194 1035
193 662 362 1 623 373
194 639 416 1 606 429
195 318 776 1 320 819
196 468 810 1 466 841
197 412 846 1 415 885
198 680 463 1 643 469
199 298 831 1 302 873
200 322 894 1 327 933
201 263 238 1 252 288
202 322 1041 1 329 1075
203 191 320 1 184 369
204 289 1070 1 299 1105
205 320 749 1 321 791
206 464 912 1 459 924
207 300 243 1 290 292
208 189 50 1 176 105
209 298 859 1 302 901
210 349 983 1 355 1019
211 301 258 1 289 306
212 237 350 1 229 398
213 301 1098 1 310 1132
214 311 974 1 318 1009
215 194 345 1 187 393
216 263 413 1 257 459
217 216 276 1 206 326
218 208 250 1 198 302
219 229 858 1 233 901
220 267 309 1 259 357
221 490 972 1 490 994
222 425 717 1 425 757
223 375 831 1 375 865
224 312 984 1 317 1020
225 369 525 1 365 569
226 202 259 1 193 308
227 221 237 1 211 288
228 635 396 1 602 410
229 264 424 1 257 471
230 442 982 1 432 975
231 189 630 1 189 677
232 648 518 1 617 525
233 384 854 1 387 893
234 308 812 1 311 854
235 266 323 1 256 369
236 324 694 1 323 737
237 552 1162 1 552 1171
238 655 504 1 623 511
239 640 584 1 612 590
240 229 321 1 220 370
241 297 199 1 285 249
242 686 393 1 646 401
243 231 65 1 217 120
244 263 219 1 252 269
245 309 840 1 312 881
246 221 265 1 212 314
247 440 353 1 426 387
248 232 213 1 221 264
249 266 807 1 269 849
250 170 51 1 157 107
251 231 38 1 217 94
252 238 844 1 242 887
253 643 630 1 617 634
254 344 744 1 345 785
255 278 1156 1 287 1192
256 409 721 1 408 761
257 505 588 1 479 592
258 475 625 1 462 649
259 283 438 1 277 484
260 205 338 1 198 387
261 297 289 1 287 336
262 634 427 1 603 439
263 283 856 1 287 898
264 455 852 1 456 886
265 198 519 1 195 569
266 311 248 1 300 297
267 519 1147 1 516 1148
268 663 315 1 623 329
269 183 129 1 172 183
270 497 908 1 483 902
271 399 955 1 403 991
272 438 858 1 441 895
273 640 318 1 603 335
274 499 1174 1 480 1128
275 203 284 1 194 332
276 374 950 1 378 988
277 285 427 1 279 472
278 472 660 1 464 689
279 253 1090 1 263 1128
280 294 1129 1 303 1164
281 267 796 1 269 839
282 631 634 1 606 642
283 641 715 1 618 718
284 409 1024 1 415 1058
285 268 1160 1 279 1197
286 344 715 1 344 757
287 282 1020 1 289 1055
288 384 992 1 389 1030
289 313 622 1 313 666
290 428 210 1 411 253
291 458 1031 1 463 1062
292 349 951 1 354 989
293 290 1008 1 296 1043
294 307 191 1 296 241
295 260 741 1 262 785
296 417 688 1 416 729
297 380 742 1 380 784
298 251 250 1 240 299
299 330 271 1 319 318
300 326 1018 1 331 1054
301 144 294 1 137 349
302 245 203 1 234 255
303 503 925 1 497 938
304 350 938 1 354 976
305 225 199 1 213 252
306 292 879 1 296 921
307 249 274 1 240 323
308 336 472 1 331 518
309 632 546 1 604 555
310 225 347 1 217 393
311 636 396 1 603 410
312 287 997 1 293 1033
313 282 838 1 284 881
314 214 308 1 206 357
315 234 287 1 225 337
316 277 1086 1 285 1121
317 328 875 1 331 913
318 379 1040 1 385 1074
319 295 773 1 297 815
320 93 833 1 98 884
321 440 824 1 440 856
322 670 465 1 634 471
323 366 276 1 353 319
324 649 607 1 621 611
325 342 1061 1 351 1099
326 307 906 1 313 946
327 264 1083 1 273 1122
328 419 1036 1 425 1069
329 273 289 1 263 338
330 223 250 1 214 300
331 363 962 1 368 999
332 305 1081 1 312 1116
333 291 1023 1 298 1057
334 274 254 1 264 302
335 364 424 1 357 468
336 178 80 1 164 135
337 375 265 1 361 311
338 313 261 1 302 309
339 212 357 1 205 404
340 370 1158 1 380 1193
341 320 797 1 322 837
342 226 445 1 222 494
343 324 586 1 322 630
344 359 950 1 365 986
345 269 344 1 260 391
346 253 370 1 246 417
347 529 108 1 500 144
348 286 323 1 278 371
349 666 389 1 628 399
350 397 825 1 397 859
351 454 955 1 439 938
352 294 351 1 281 388
353 644 535 1 614 541
354 351 848 1 355 887
355 461 65 1 439 110
356 676 479 1 640 484
357 299 929 1 303 967
358 353 673 1 354 717
359 359 621 1 357 664
360 242 310 1 232 358
361 368 1041 1 375 1075
362 286 866 1 290 908
363 363 265 1 348 307
364 329 744 1 330 786
365 268 333 1 259 380
366 260 251 1 250 300
367 191 79 1 178 135
368 342 775 1 343 817
369 216 127 1 204 181
370 243 216 1 232 269
371 320 849 1 324 890
372 170 40 1 156 97
373 656 505 1 623 511
374 353 1011 1 360 1050
375 443 432 1 430 464
376 290 240 1 280 290
377 277 311 1 268 358
378 320 92 1 305 143
379 249 407 1 242 453
380 273 756 1 275 798
381 665 757 1 639 754
382 341 659 1 340 703
383 251 192 1 240 243
384 420 1012 1 425 1044
385 422 872 1 423 905
386 273 490 1 269 537
387 471 895 1 471 926
388 237 404 1 230 450
389 635 475 1 604 485
390 196 69 1 183 125
391 229 49 1 215 104
392 216 328 1 208 377
393 286 932 1 291 971
394 260 759 1 262 801
395 254 816 1 257 860
396 321 473 1 316 519
397 683 634 1 651 632
398 289 603 1 287 648
399 674 433 1 639 442
400 526 405 1 507 435
401 249 294 1 238 342
402 253 1104 1 262 1142
403 237 106 1 223 159
404 650 680 1 622 681
405 380 732 1 381 774
406 459 883 1 461 917
407 292 310 1 283 357
408 280 916 1 284 954
409 429 354 1 414 391
410 344 888 1 348 927
411 649 308 1 612 325
412 360 792 1 362 833
413 356 648 1 355 692
414 352 838 1 355 876
415 655 504 1 622 510
416 542 939 1 537 951
417 341 672 1 340 716
418 191 205 1 181 258
419 431 707 1 432 750
420 282 976 1 287 1012
421 627 524 1 599 534
422 545 226 1 519 258
423 374 543 1 370 585
424 278 813 1 281 855
425 208 432 1 203 482
426 350 875 1 352 913
427 322 556 1 319 601
428 504 291 1 488 330
429 289 550 1 285 594
430 490 208 1 469 246
431 320 961 1 324 996
432 240 796 1 243 839
433 232 265 1 222 315
434 321 612 1 319 656
435 486 981 1 485 1001
436 397 805 1 399 845
437 662 379 1 625 391
438 660 473 1 627 482
439 409 1078 1 417 1112
440 352 1051 1 360 1087
441 402 835 1 402 867
442 341 970 1 345 1006
443 328 988 1 334 1025
444 480 971 1 475 982
445 235 256 1 224 305
446 423 1060 1 430 1093
447 236 186 1 224 236
448 483 768 1 476 792
449 692 418 1 653 425
450 645 545 1 615 551
451 276 323 1 266 369
452 403 690 1 403 731
453 685 611 1 652 610
454 268 478 1 264 526
455 300 232 1 289 282
456 649 494 1 618 503
457 269 203 1 257 252
458 636 564 1 608 571
459 448 1091 1 455 1123
460 309 203 1 298 255
461 185 129 1 173 183
462 237 131 1 224 183
463 352 1140 1 362 1177
464 407 676 1 405 714
465 330 305 1 315 344
466 666 222 1 622 240
467 281 772 1 282 812
468 637 437 1 605 450
469 208 376 1 201 424
470 663 415 1 628 425
471 617 260 1 583 283
