0 200 728 1 216 768
1 211 543 1 225 585
2 198 758 1 215 797
3 208 591 1 222 632
4 204 657 1 219 697
5 213 532 1 225 574
6 203 683 1 219 723
7 227 1028 1 249 1064
8 241 654 1 255 693
9 213 553 1 226 595
10 187 937 1 207 974
11 188 598 1 202 640
12 187 616 1 201 657
13 240 667 1 255 707
14 227 1041 1 249 1077
15 195 534 1 208 576
16 244 590 1 257 630
17 192 555 1 206 597
18 208 615 1 223 656
19 232 912 1 251 949
20 238 727 1 254 765
21 243 601 1 257 643
22 228 1016 1 249 1051
23 236 757 1 253 796
24 373 624 1 347 570
25 232 923 1 251 960
26 186 824 1 204 862
27 231 935 1 250 972
28 240 681 1 255 720
29 232 899 1 251 935
30 174 1016 1 196 1053
31 232 841 1 252 878
32 203 578 1 215 616
33 183 1002 1 204 1038
34 180 1026 1 201 1062
35 193 843 1 211 881
36 184 641 1 199 682
37 180 1043 1 203 1079
38 243 576 1 257 616
39 190 578 1 204 619
40 198 484 1 211 527
41 165 877 1 185 915
42 196 669 1 211 709
43 197 710 1 213 750
44 79 168 1 86 216
45 134 522 1 148 566
46 211 578 1 225 619
47 157 974 1 178 1011
48 90 181 1 97 228
49 231 887 1 251 924
50 152 1044 1 175 1081
51 197 789 1 214 828
52 180 973 1 200 1010
53 240 639 1 256 679
54 178 711 1 195 751
55 183 666 1 198 705
56 171 790 1 190 828
57 207 641 1 222 683
58 152 411 1 162 457
59 94 167 1 101 215
60 212 815 1 230 852
61 229 973 1 250 1009
62 199 465 1 211 509
63 310 657 1 325 695
64 238 710 1 254 748
65 193 683 1 209 722
66 183 1015 1 205 1052
67 226 1082 1 249 1118
68 196 498 1 209 541
69 77 181 1 85 229
70 94 747 1 113 792
71 192 656 1 208 697
72 343 809 1 360 845
73 213 849 1 233 887
74 236 747 1 252 785
75 238 867 1 256 904
76 179 913 1 199 950
77 109 163 1 115 210
78 245 555 1 258 596
79 197 643 1 212 683
80 167 845 1 186 883
81 66 177 1 74 226
82 192 519 1 204 562
83 99 193 1 106 240
84 111 176 1 117 224
85 200 448 1 212 491
86 236 804 1 253 841
87 176 938 1 197 974
88 671 421 1 649 424
89 658 699 1 645 692
90 189 729 1 206 769
91 102 153 1 108 201
92 268 1069 1 291 1097
93 70 951 1 92 991
94 265 363 1 270 396
95 250 513 1 263 555
96 161 939 1 181 977
97 320 655 1 335 693
98 214 478 1 227 520
99 235 852 1 252 888
100 174 760 1 192 799
101 180 685 1 197 725
102 231 877 1 251 914
103 156 1002 1 177 1039
104 170 812 1 189 849
105 144 524 1 158 567
106 484 779 1 494 800
107 206 521 1 219 563
108 667 375 1 643 381
109 673 601 1 655 596
110 233 1134 1 255 1166
111 664 662 1 649 655
112 449 851 1 464 877
113 243 481 1 254 524
114 408 990 1 409 965
115 156 854 1 177 892
116 638 720 1 629 715
117 237 773 1 254 811
118 349 728 1 363 764
119 227 862 1 247 900
120 187 790 1 204 830
121 170 1041 1 192 1078
122 81 806 1 100 852
123 489 984 1 504 1003
124 109 187 1 116 234
125 203 841 1 223 878
126 245 629 1 259 669
127 308 1040 1 328 1069
128 326 1117 1 349 1149
129 210 829 1 229 867
130 155 871 1 174 909
131 415 693 1 428 729
132 36 1203 1 62 1241
133 677 352 1 651 358
134 142 512 1 155 556
135 56 1208 1 82 1246
136 222 367 1 231 409
137 423 1004 1 430 1000
138 334 654 1 347 692
139 372 726 1 386 762
140 248 283 1 255 327
141 170 42 1 174 93
142 385 899 1 402 933
143 56 177 1 64 225
144 213 887 1 233 924
145 222 460 1 233 503
146 379 486 1 388 524
147 237 314 1 244 358
148 100 176 1 107 224
149 360 727 1 376 763
150 483 762 1 492 783
151 192 565 1 207 608
152 665 651 1 650 645
153 659 448 1 638 449
154 162 404 1 173 451
155 486 790 1 495 811
156 214 495 1 226 538
157 339 612 1 352 651
158 348 911 1 366 944
159 206 296 1 214 339
160 185 393 1 195 435
161 367 770 1 377 795
162 248 495 1 260 537
163 299 657 1 314 696
164 501 599 1 498 607
165 408 707 1 422 741
166 671 705 1 656 696
167 202 220 1 209 266
168 203 436 1 214 480
169 222 303 1 230 346
170 227 1062 1 250 1097
171 249 195 1 255 240
172 649 347 1 627 356
173 630 610 1 618 611
174 371 861 1 389 895
175 409 737 1 424 772
176 337 994 1 356 1024
177 187 758 1 205 797
178 363 842 1 376 869
179 182 841 1 201 880
180 293 1139 1 315 1169
181 218 801 1 235 839
182 301 647 1 316 686
183 188 744 1 206 784
184 183 301 1 192 345
185 675 586 1 657 582
186 247 298 1 254 341
187 205 412 1 216 454
188 173 1002 1 194 1039
189 655 367 1 632 374
190 632 422 1 614 431
191 304 783 1 321 821
192 455 818 1 468 844
193 399 854 1 416 887
194 675 472 1 653 472
195 284 840 1 303 876
196 308 903 1 328 936
197 247 242 1 253 286
198 309 1052 1 330 1081
199 175 325 1 184 368
200 277 1083 1 300 1111
201 207 204 1 214 250
202 306 756 1 322 792
203 454 928 1 462 934
204 285 247 1 291 290
205 628 402 1 610 411
206 172 53 1 176 103
207 285 868 1 303 903
208 285 262 1 290 305
209 220 354 1 229 397
210 289 1110 1 311 1138
211 298 985 1 319 1013
212 387 757 1 398 777
213 178 350 1 187 392
214 247 418 1 257 458
215 199 280 1 207 325
216 499 641 1 502 661
217 215 866 1 234 903
218 251 313 1 260 356
219 479 985 1 493 1002
220 412 723 1 427 759
221 299 995 1 318 1024
222 355 530 1 366 569
223 185 263 1 194 306
224 204 241 1 211 286
225 248 429 1 258 471
226 675 677 1 659 668
227 431 1005 1 435 992
228 641 528 1 626 530
229 294 820 1 312 856
230 249 327 1 256 368
231 310 701 1 325 738
232 531 945 1 538 951
233 648 514 1 631 515
234 633 596 1 620 596
235 212 325 1 221 369
236 281 202 1 286 247
237 681 399 1 656 403
238 214 68 1 218 118
239 247 223 1 252 268
240 295 848 1 313 883
241 205 269 1 212 313
242 215 217 1 221 263
243 252 816 1 269 851
244 153 55 1 157 105
245 214 42 1 217 92
246 224 853 1 243 890
247 636 643 1 625 641
248 331 751 1 346 787
249 265 1168 1 288 1198
250 395 728 1 409 763
251 268 444 1 278 484
252 189 343 1 198 387
253 281 293 1 288 335
254 627 434 1 610 441
255 269 864 1 288 900
256 443 861 1 458 890
257 182 526 1 195 569
258 295 252 1 301 296
259 656 319 1 632 329
260 166 133 1 172 181
261 410 924 1 423 945
262 386 964 1 405 995
263 355 612 1 369 652
264 426 866 1 443 898
265 632 322 1 611 334
266 384 602 1 343 531
267 187 288 1 195 331
268 361 958 1 380 991
269 269 432 1 279 472
270 459 668 1 467 692
271 241 1101 1 264 1133
272 282 1141 1 304 1170
273 253 804 1 270 841
274 624 647 1 613 649
275 634 730 1 626 727
276 397 1033 1 417 1063
277 396 971 1 415 1000
278 256 1173 1 280 1203
279 330 722 1 345 759
280 269 1032 1 290 1061
281 298 628 1 314 666
282 413 213 1 413 251
283 446 1042 1 465 1067
284 336 961 1 355 993
285 278 1019 1 297 1048
286 292 195 1 297 240
287 246 749 1 263 786
288 404 695 1 418 730
289 366 749 1 381 785
290 234 254 1 241 297
291 314 275 1 320 317
292 313 1031 1 333 1059
293 128 298 1 138 348
294 228 207 1 234 253
295 337 947 1 355 980
296 278 888 1 297 923
297 233 279 1 240 322
298 321 477 1 332 518
299 624 556 1 612 560
300 208 351 1 217 393
301 274 1008 1 294 1038
302 198 322 1 206 365
303 268 847 1 285 883
304 198 313 1 206 356
305 217 291 1 226 336
306 111 153 1 118 202
307 265 1099 1 286 1127
308 315 884 1 332 916
309 367 1051 1 387 1079
310 281 780 1 298 816
311 78 840 1 98 885
312 428 834 1 442 860
313 664 473 1 644 475
314 350 279 1 354 317
315 646 679 1 635 675
316 643 619 1 629 618
317 331 1071 1 352 1104
318 509 647 1 516 673
319 294 914 1 314 949
320 251 1095 1 274 1127
321 408 1047 1 427 1074
322 257 294 1 264 337
323 207 254 1 214 299
324 350 971 1 369 1003
325 664 580 1 647 578
326 292 1092 1 313 1121
327 279 1034 1 299 1062
328 615 419 1 596 424
329 258 258 1 264 301
330 664 342 1 641 351
331 160 84 1 163 130
332 359 268 1 362 310
333 297 265 1 302 308
334 196 362 1 205 404
335 358 1169 1 382 1199
336 307 805 1 323 839
337 211 450 1 222 494
338 309 592 1 323 631
339 347 959 1 366 990
340 252 349 1 261 390
341 238 375 1 246 416
342 516 108 1 504 140
343 271 327 1 278 370
344 659 395 1 637 400
345 384 833 1 399 862
346 627 482 1 612 488
347 277 356 1 282 388
348 412 792 1 418 803
349 636 545 1 622 546
350 337 856 1 356 890
351 446 66 1 441 106
352 671 488 1 650 488
353 286 939 1 304 971
354 339 680 1 355 718
355 346 626 1 358 665
356 226 315 1 233 357
357 356 1051 1 377 1080
358 272 874 1 291 911
359 627 586 1 615 588
360 270 1143 1 293 1173
361 347 269 1 350 305
362 315 751 1 331 788
363 252 338 1 260 380
364 244 255 1 250 299
365 173 82 1 179 133
366 329 782 1 345 818
367 199 131 1 204 179
368 226 220 1 233 268
369 307 857 1 325 893
370 152 43 1 156 95
371 650 514 1 632 515
372 340 1021 1 361 1054
373 275 244 1 281 288
374 261 315 1 269 357
375 303 94 1 306 140
376 233 412 1 243 453
377 259 764 1 275 800
378 660 774 1 648 765
379 327 665 1 341 704
380 315 775 1 330 812
381 410 881 1 425 909
382 258 495 1 270 537
383 459 905 1 474 931
384 221 409 1 231 450
385 179 73 1 183 122
386 212 52 1 215 102
387 199 333 1 208 376
388 273 942 1 292 975
389 246 767 1 263 803
390 240 825 1 258 862
391 306 477 1 317 519
392 678 647 1 661 640
393 275 609 1 288 648
394 668 441 1 648 445
395 513 410 1 511 435
396 232 298 1 239 341
397 240 1115 1 263 1147
398 219 109 1 223 157
399 644 694 1 631 690
400 222 248 1 229 293
401 366 739 1 382 775
402 326 959 1 344 989
403 448 892 1 464 920
404 217 98 1 220 144
405 276 314 1 284 356
406 376 752 1 391 788
407 267 925 1 285 958
408 331 897 1 349 930
409 642 311 1 620 324
410 347 799 1 363 835
411 342 654 1 356 692
412 648 514 1 631 515
413 182 274 1 190 318
414 535 955 1 542 961
415 327 679 1 341 716
416 174 209 1 181 257
417 418 713 1 434 751
418 269 987 1 288 1017
419 619 534 1 606 539
420 532 228 1 523 256
421 360 548 1 371 586
422 264 821 1 282 858
423 192 437 1 204 481
424 336 883 1 354 916
425 307 562 1 320 601
426 490 295 1 490 329
427 274 555 1 286 594
428 257 594 1 270 634
429 278 956 1 297 988
430 475 210 1 472 244
431 306 972 1 325 1001
432 226 803 1 244 841
433 215 270 1 223 314
434 306 618 1 320 657
435 475 996 1 488 1010
436 384 813 1 400 847
437 655 384 1 634 392
438 653 481 1 636 485
439 398 1089 1 419 1117
440 340 1062 1 361 1092
441 390 844 1 404 871
442 328 981 1 346 1011
443 316 999 1 335 1029
444 470 987 1 479 993
445 218 260 1 224 304
446 412 1071 1 432 1098
447 218 189 1 224 234
448 470 778 1 479 797
449 687 425 1 663 427
450 638 555 1 623 556
451 260 328 1 267 368
452 390 696 1 404 732
453 680 624 1 662 617
454 252 483 1 264 525
455 284 236 1 290 280
456 642 503 1 627 507
457 253 206 1 257 250
458 628 574 1 616 577
459 437 1103 1 458 1129
460 293 207 1 298 253
461 168 133 1 173 181
462 220 134 1 225 181
463 340 1151 1 363 1182
464 314 309 1 316 343
465 659 223 1 631 237
466 267 779 1 283 815
467 629 444 1 613 452
468 191 382 1 201 423
469 657 423 1 637 428
470 607 262 1 590 281
