0 191 668 1 217 770
1 174 877 1 208 977
2 203 530 1 223 633
3 197 596 1 219 698
4 181 555 1 202 658
5 196 622 1 220 724
6 213 956 1 250 1055
7 212 969 1 249 1068
8 202 554 1 223 656
9 187 493 1 206 597
10 208 492 1 227 596
11 207 481 1 226 585
12 232 607 1 256 708
13 212 981 1 249 1081
14 238 540 1 258 643
15 238 529 1 258 631
16 219 853 1 252 953
17 229 667 1 255 767
18 209 470 1 226 574
19 227 697 1 254 798
20 190 471 1 208 576
21 219 864 1 252 963
22 175 763 1 205 864
23 217 876 1 251 975
24 232 621 1 256 722
25 189 698 1 216 799
26 219 840 1 252 938
27 159 956 1 196 1057
28 234 594 1 256 694
29 165 965 1 202 1067
30 168 943 1 205 1042
31 201 755 1 230 855
32 223 783 1 252 881
33 185 516 1 204 620
34 178 580 1 200 683
35 91 112 1 96 226
36 221 830 1 252 927
37 165 983 1 203 1083
38 238 515 1 258 617
39 195 421 1 211 526
40 153 816 1 185 918
41 188 608 1 212 710
42 188 649 1 213 751
43 175 607 1 198 706
44 204 791 1 234 890
45 130 458 1 148 566
46 206 516 1 226 619
47 144 913 1 179 1015
48 182 783 1 212 883
49 86 683 1 113 792
50 137 984 1 175 1085
51 166 913 1 200 1014
52 234 578 1 256 680
53 157 784 1 187 886
54 170 650 1 195 753
55 161 729 1 190 831
56 200 580 1 223 683
57 95 96 1 100 213
58 215 914 1 251 1012
59 196 402 1 211 508
60 304 598 1 326 696
61 230 650 1 255 750
62 188 457 1 205 562
63 168 955 1 206 1056
64 210 1023 1 250 1123
65 193 435 1 209 541
66 79 96 1 85 214
67 68 106 1 74 224
68 185 594 1 208 698
69 333 752 1 361 847
70 314 596 1 336 694
71 223 793 1 253 891
72 186 728 1 215 830
73 166 852 1 199 953
74 110 93 1 115 208
75 149 347 1 163 456
76 240 494 1 258 596
77 142 943 1 178 1043
78 169 669 1 194 771
79 165 699 1 192 801
80 196 518 1 215 618
81 99 122 1 106 238
82 147 878 1 181 980
83 173 624 1 197 726
84 111 106 1 117 222
85 185 621 1 210 724
86 227 807 1 257 907
87 197 385 1 213 491
88 225 744 1 254 843
89 190 582 1 212 684
90 163 878 1 197 978
91 212 415 1 227 520
92 408 688 1 432 780
93 180 668 1 207 770
94 220 817 1 252 916
95 264 302 1 270 396
96 146 791 1 178 894
97 661 663 1 655 703
98 80 106 1 84 227
99 215 1075 1 256 1172
100 442 800 1 466 882
101 59 889 1 92 994
102 681 562 1 666 603
103 217 803 1 247 902
104 514 891 1 529 939
105 684 328 1 658 383
106 139 460 1 158 567
107 477 729 1 498 806
108 202 460 1 219 563
109 102 82 1 107 199
110 240 419 1 255 524
111 71 743 1 101 853
112 105 70 1 109 188
113 670 624 1 660 663
114 227 714 1 255 813
115 388 696 1 412 788
116 401 783 1 426 867
117 311 1061 1 350 1154
118 417 674 1 441 768
119 110 116 1 116 232
120 348 871 1 380 962
121 239 568 1 260 669
122 293 985 1 330 1075
123 347 531 1 367 629
124 212 459 1 229 562
125 200 769 1 229 869
126 246 451 1 263 555
127 372 843 1 404 936
128 138 448 1 156 556
129 295 724 1 322 822
130 221 303 1 231 409
131 237 252 1 244 357
132 201 827 1 233 926
133 365 669 1 388 764
134 249 219 1 256 325
135 250 265 1 257 367
136 341 671 1 365 766
137 55 105 1 62 223
138 219 398 1 234 503
139 101 106 1 107 222
140 353 670 1 377 765
141 155 981 1 192 1082
142 458 1203 1 489 1242
143 476 712 1 496 788
144 214 744 1 242 843
145 684 547 1 669 589
146 672 614 1 660 652
147 160 339 1 173 450
148 649 697 1 647 739
149 178 697 1 206 798
150 478 741 1 499 817
151 210 432 1 226 537
152 250 178 1 253 285
153 335 856 1 368 948
154 206 231 1 214 337
155 326 596 1 348 693
156 245 433 1 260 537
157 642 682 1 639 726
158 676 670 1 669 710
159 374 791 1 401 877
160 225 1043 1 265 1139
161 143 811 1 174 912
162 200 372 1 214 479
163 222 239 1 230 345
164 212 1003 1 251 1101
165 378 428 1 390 524
166 400 641 1 419 732
167 635 569 1 628 619
168 401 651 1 424 743
169 361 804 1 391 898
170 425 746 1 442 817
171 625 586 1 621 637
172 363 1058 1 404 1151
173 644 658 1 641 700
174 171 781 1 202 882
175 276 1082 1 317 1175
176 334 554 1 354 652
177 302 642 1 326 740
178 253 1013 1 292 1104
179 179 683 1 206 785
180 183 236 1 192 344
181 540 886 1 559 938
182 247 234 1 254 339
183 204 349 1 216 454
184 158 942 1 195 1043
185 328 996 1 364 1086
186 297 846 1 329 940
187 687 1184 1 705 1204
188 389 799 1 418 890
189 670 591 1 660 635
190 295 997 1 332 1087
191 174 259 1 184 368
192 261 1027 1 301 1118
193 209 137 1 214 248
194 297 697 1 323 794
195 243 1116 1 281 1210
196 275 781 1 304 878
197 287 183 1 292 289
198 263 1015 1 302 1108
199 273 810 1 304 906
200 336 597 1 358 693
201 168 573 1 191 677
202 287 199 1 291 303
203 220 291 1 229 397
204 273 1054 1 312 1145
205 395 321 1 356 335
206 216 769 1 244 867
207 200 214 1 207 324
208 162 749 1 192 849
209 204 806 1 235 906
210 649 485 1 635 535
211 252 249 1 260 355
212 418 691 1 442 782
213 351 471 1 367 569
214 186 196 1 194 305
215 205 175 1 211 285
216 194 781 1 224 881
217 639 614 1 633 661
218 626 608 1 622 657
219 404 662 1 427 756
220 658 472 1 641 521
221 177 286 1 187 394
222 284 944 1 318 1035
223 237 1051 1 276 1142
224 646 270 1 621 333
225 447 766 1 471 849
226 660 739 1 659 778
227 268 384 1 279 484
228 351 568 1 371 665
229 294 599 1 315 697
230 639 554 1 630 603
231 284 137 1 287 245
232 643 375 1 624 433
233 658 621 1 649 663
234 461 718 1 473 776
235 246 367 1 259 470
236 226 253 1 234 359
237 391 663 1 414 757
238 189 279 1 198 386
239 294 588 1 317 687
240 313 1013 1 354 1108
241 242 757 1 270 854
242 637 388 1 620 444
243 194 304 1 204 410
244 323 939 1 358 1029
245 318 213 1 321 316
246 640 603 1 635 650
247 322 693 1 347 788
248 419 152 1 415 249
249 250 992 1 287 1084
250 268 371 1 280 472
251 282 229 1 288 334
252 348 903 1 382 995
253 258 806 1 289 903
254 232 1064 1 272 1157
255 648 548 1 637 594
256 432 808 1 461 894
257 298 188 1 302 295
258 175 732 1 204 832
259 358 944 1 393 1036
260 407 969 1 428 1007
261 349 554 1 370 652
262 416 812 1 445 901
263 663 437 1 648 492
264 638 398 1 622 455
265 304 617 1 325 715
266 187 222 1 195 330
267 250 157 1 253 266
268 247 356 1 258 458
269 264 1084 1 305 1177
270 660 570 1 649 615
271 243 746 1 271 844
272 361 615 1 373 686
273 443 1208 1 474 1247
274 253 1052 1 293 1146
275 223 1090 1 264 1186
276 322 664 1 346 760
277 255 976 1 291 1067
278 388 927 1 422 1015
279 646 502 1 632 552
280 398 1018 1 435 1105
281 256 788 1 286 886
282 287 763 1 315 859
283 323 906 1 357 997
284 263 963 1 298 1054
285 295 130 1 297 238
286 408 698 1 432 788
287 237 690 1 263 788
288 681 640 1 670 677
289 217 155 1 221 261
290 633 543 1 625 595
291 358 692 1 383 787
292 236 189 1 241 296
293 322 986 1 358 1079
294 379 861 1 411 953
295 682 397 1 659 448
296 323 892 1 357 984
297 371 616 1 369 650
298 293 954 1 329 1045
299 672 376 1 648 427
300 309 490 1 326 589
301 672 318 1 646 374
302 319 417 1 334 517
303 630 513 1 621 566
304 162 271 1 172 379
305 206 204 1 212 311
306 188 504 1 207 608
307 260 953 1 295 1044
308 197 257 1 207 364
309 197 248 1 206 355
310 372 911 1 407 1000
311 113 83 1 118 200
312 403 935 1 437 1022
313 637 353 1 619 413
314 304 827 1 334 920
315 658 263 1 631 324
316 216 222 1 223 329
317 684 447 1 663 494
318 416 773 1 442 857
319 354 218 1 355 316
320 650 640 1 645 685
321 648 579 1 640 626
322 352 789 1 378 874
323 334 783 1 361 870
324 250 1042 1 289 1134
325 235 1037 1 275 1133
326 424 828 1 455 916
327 296 746 1 324 842
328 253 275 1 261 379
329 257 229 1 264 335
330 208 188 1 214 298
331 337 917 1 371 1008
332 270 883 1 302 974
333 276 1036 1 315 1128
334 264 978 1 300 1069
335 254 138 1 258 248
336 236 311 1 247 416
337 260 193 1 265 300
338 232 234 1 239 340
339 677 437 1 658 488
340 362 207 1 364 308
341 364 763 1 391 854
342 543 170 1 528 252
343 268 725 1 294 821
344 341 1114 1 384 1205
345 528 45 1 509 135
346 208 387 1 223 493
347 305 532 1 324 631
348 621 487 1 612 543
349 334 903 1 368 995
350 252 286 1 261 389
351 436 417 1 420 461
352 308 745 1 335 840
353 656 428 1 638 480
354 233 1094 1 274 1190
355 327 918 1 361 1010
356 293 569 1 315 667
357 235 869 1 268 967
358 333 622 1 356 719
359 340 568 1 360 666
360 527 418 1 527 493
361 673 540 1 659 585
362 341 997 1 378 1086
363 253 1087 1 294 1180
364 350 207 1 351 304
365 246 190 1 251 297
366 521 391 1 521 469
367 319 724 1 346 820
368 286 846 1 318 942
369 364 792 1 390 878
370 313 1002 1 351 1094
371 326 965 1 363 1058
372 277 179 1 281 287
373 352 997 1 389 1085
374 262 251 1 269 356
375 227 1054 1 264 1153
376 266 831 1 297 927
377 252 758 1 280 854
378 368 942 1 402 1032
379 207 67 1 208 181
380 231 350 1 243 453
381 250 705 1 276 802
382 320 606 1 343 705
383 388 673 1 411 764
384 306 717 1 331 814
385 399 828 1 428 914
386 255 433 1 271 537
387 243 982 1 280 1076
388 448 854 1 477 936
389 219 346 1 231 450
390 196 185 1 202 296
391 322 837 1 353 929
392 199 269 1 208 375
393 260 885 1 293 979
394 317 734 1 343 828
395 237 708 1 264 806
396 229 765 1 259 864
397 304 417 1 319 518
398 268 927 1 302 1019
399 204 153 1 209 264
400 683 610 1 671 649
401 224 40 1 224 154
402 209 339 1 220 442
403 224 183 1 229 291
404 359 682 1 384 777
405 312 904 1 346 994
406 437 839 1 466 925
407 222 29 1 220 140
408 278 251 1 285 355
409 368 695 1 393 790
410 255 823 1 286 921
411 249 1068 1 289 1160
412 345 853 1 376 944
413 338 742 1 364 833
414 378 941 1 413 1032
415 334 891 1 366 982
416 372 679 1 396 774
417 274 138 1 276 246
418 183 208 1 190 317
419 375 780 1 401 867
420 320 620 1 342 718
421 176 142 1 181 255
422 273 946 1 308 1039
423 254 931 1 289 1023
424 173 637 1 197 737
425 356 491 1 372 586
426 190 374 1 204 481
427 285 890 1 318 982
428 325 827 1 355 920
429 302 502 1 321 601
430 402 846 1 432 936
431 250 422 1 265 525
432 251 533 1 271 634
433 264 899 1 298 993
434 397 548 1 415 643
435 502 608 1 513 679
436 216 205 1 223 313
437 301 559 1 321 658
438 166 715 1 193 817
439 277 756 1 304 852
440 127 230 1 138 347
441 374 757 1 402 850
442 283 568 1 304 668
443 417 847 1 447 936
444 382 1036 1 421 1124
445 325 1007 1 363 1098
446 534 457 1 534 529
447 314 926 1 348 1016
448 279 1065 1 319 1158
449 390 643 1 411 732
450 220 194 1 224 302
451 195 238 1 203 345
452 221 122 1 224 232
453 462 729 1 482 804
454 253 966 1 288 1056
455 637 437 1 622 492
456 261 264 1 267 367
457 245 1104 1 286 1198
458 283 858 1 315 953
459 316 970 1 352 1063
460 287 172 1 291 279
461 634 532 1 625 584
462 307 869 1 340 962
463 421 1050 1 460 1136
464 281 724 1 307 819
465 658 534 1 645 580
466 171 63 1 174 179
467 224 65 1 225 179
468 323 1094 1 365 1188
469 369 921 1 403 1011
470 285 790 1 315 886
471 241 1015 1 280 1112
472 295 916 1 329 1008
473 304 926 1 338 1018
474 674 347 1 651 403
475 456 1157 1 493 1223
476 269 550 1 289 649
477 340 805 1 370 899
478 215 254 1 223 360
