0 190 522 1 223 633
1 163 870 1 208 978
2 184 587 1 220 698
3 168 546 1 202 658
4 202 948 1 250 1055
5 202 961 1 250 1069
6 179 660 1 217 770
7 189 545 1 223 656
8 174 484 1 206 597
9 195 483 1 227 596
10 184 614 1 220 724
11 220 598 1 256 708
12 201 973 1 250 1081
13 225 531 1 258 643
14 225 520 1 258 631
15 208 845 1 252 953
16 217 658 1 255 767
17 196 461 1 226 574
18 215 689 1 254 798
19 177 462 1 208 576
20 208 856 1 252 964
21 207 868 1 251 975
22 220 613 1 256 722
23 154 959 1 202 1067
24 208 832 1 252 939
25 148 949 1 197 1058
26 221 585 1 256 695
27 164 756 1 205 865
28 158 935 1 205 1043
29 177 690 1 216 799
30 190 747 1 230 855
31 211 774 1 252 881
32 172 507 1 205 620
33 165 571 1 200 683
34 209 821 1 252 928
35 154 975 1 203 1084
36 226 506 1 258 617
37 182 412 1 211 526
38 142 808 1 185 918
39 176 599 1 212 711
40 116 451 1 148 566
41 176 641 1 213 752
42 162 598 1 198 707
43 76 101 1 96 226
44 192 782 1 234 890
45 193 507 1 226 619
46 132 906 1 179 1015
47 170 775 1 212 884
48 73 674 1 113 792
49 154 907 1 200 1015
50 126 976 1 175 1086
51 48 882 1 91 994
52 136 337 1 163 456
53 57 98 1 73 224
54 214 736 1 254 843
55 222 570 1 256 680
56 144 776 1 187 886
57 157 642 1 195 753
58 149 721 1 190 831
59 188 572 1 223 684
60 80 86 1 100 213
61 204 906 1 251 1013
62 183 393 1 211 508
63 291 589 1 326 697
64 218 641 1 255 750
65 175 448 1 205 562
66 157 947 1 206 1056
67 199 1015 1 250 1123
68 180 427 1 209 541
69 64 86 1 85 214
70 173 586 1 209 698
71 321 743 1 361 847
72 301 587 1 336 694
73 211 784 1 253 891
74 174 720 1 215 830
75 155 845 1 200 953
76 95 83 1 114 208
77 227 485 1 259 596
78 130 935 1 178 1044
79 156 661 1 194 771
80 152 691 1 192 802
81 84 113 1 106 238
82 136 871 1 181 980
83 160 616 1 197 726
84 96 96 1 117 222
85 173 613 1 210 724
86 215 798 1 257 907
87 674 366 1 662 427
88 184 377 1 213 491
89 440 876 1 468 934
90 177 573 1 212 684
91 151 870 1 197 978
92 199 406 1 227 520
93 396 679 1 432 780
94 169 660 1 207 771
95 209 810 1 252 917
96 59 736 1 101 853
97 250 293 1 270 396
98 135 784 1 178 894
99 650 655 1 657 705
100 205 1068 1 256 1173
101 430 791 1 467 883
102 670 553 1 668 604
103 659 395 1 650 456
104 205 794 1 247 903
105 503 884 1 530 941
106 672 318 1 659 383
107 126 451 1 158 567
108 683 294 1 677 368
109 466 721 1 498 806
110 88 72 1 107 199
111 227 411 1 255 523
112 253 1030 1 303 1129
113 90 60 1 109 187
114 493 883 1 518 935
115 659 615 1 661 665
116 215 706 1 255 813
117 376 687 1 412 789
118 389 774 1 426 868
119 300 1052 1 350 1155
120 405 665 1 442 768
121 95 106 1 116 232
122 329 662 1 365 766
123 336 862 1 380 962
124 226 560 1 260 670
125 283 977 1 330 1076
126 335 522 1 367 629
127 198 450 1 229 562
128 188 761 1 229 870
129 234 443 1 263 555
130 361 835 1 404 936
131 124 439 1 156 556
132 633 649 1 642 702
133 283 715 1 322 822
134 208 294 1 231 409
135 223 242 1 244 357
136 174 760 1 215 868
137 353 660 1 388 764
138 235 209 1 256 325
139 236 255 1 257 367
140 40 95 1 62 223
141 616 579 1 623 638
142 206 389 1 234 503
143 465 702 1 496 789
144 86 96 1 107 222
145 341 661 1 377 765
146 144 974 1 192 1083
147 202 735 1 242 844
148 672 538 1 670 590
149 660 605 1 661 653
150 146 331 1 173 450
151 531 878 1 560 940
152 626 378 1 621 445
153 638 688 1 648 741
154 386 668 1 422 769
155 385 552 1 416 655
156 166 689 1 206 799
157 467 732 1 499 818
158 197 424 1 226 537
159 675 419 1 665 476
160 324 847 1 368 948
161 192 221 1 214 337
162 313 587 1 348 693
163 232 424 1 260 536
164 630 673 1 641 728
165 665 662 1 671 711
166 363 783 1 401 878
167 214 1034 1 265 1140
168 190 819 1 233 927
169 132 801 1 174 912
170 187 364 1 214 479
171 201 995 1 251 1102
172 365 418 1 390 524
173 662 258 1 646 327
174 624 560 1 629 620
175 450 1197 1 490 1245
176 349 796 1 391 898
177 413 738 1 443 818
178 389 643 1 424 743
179 352 1049 1 404 1151
180 160 773 1 202 883
181 265 1074 1 317 1176
182 321 545 1 354 652
183 651 288 1 638 356
184 290 633 1 326 740
185 242 1005 1 292 1105
186 168 675 1 206 785
187 169 226 1 192 344
188 234 225 1 254 339
189 190 340 1 216 454
190 147 935 1 195 1043
191 626 683 1 637 737
192 317 987 1 364 1087
193 286 838 1 329 940
194 677 1176 1 706 1207
195 377 790 1 419 890
196 420 972 1 453 1031
197 659 582 1 662 636
198 284 989 1 332 1088
199 160 251 1 184 367
200 251 1019 1 301 1119
201 196 128 1 214 248
202 285 689 1 324 794
203 263 772 1 304 878
204 274 173 1 292 288
205 252 1007 1 302 1109
206 262 801 1 304 906
207 323 588 1 358 693
208 182 773 1 224 881
209 155 565 1 191 677
210 273 189 1 291 303
211 207 282 1 229 397
212 262 1046 1 312 1146
213 383 313 1 356 336
214 204 760 1 244 868
215 183 511 1 215 618
216 186 205 1 207 324
217 516 34 1 509 134
218 151 741 1 192 850
219 192 798 1 235 906
220 637 476 1 636 536
221 238 240 1 260 355
222 406 682 1 442 783
223 191 144 1 209 264
224 236 169 1 253 285
225 339 462 1 367 569
226 172 187 1 194 305
227 683 346 1 669 407
228 192 165 1 211 285
229 627 605 1 635 662
230 614 599 1 624 658
231 392 653 1 428 756
232 646 463 1 643 521
233 163 277 1 187 393
234 272 936 1 318 1035
235 226 1043 1 276 1143
236 634 261 1 623 333
237 435 757 1 472 849
238 649 731 1 660 780
239 630 367 1 625 434
240 254 375 1 279 484
241 339 559 1 371 665
242 281 590 1 315 697
243 627 546 1 631 604
244 271 127 1 287 245
245 647 612 1 651 664
246 450 710 1 473 778
247 232 358 1 259 470
248 212 244 1 234 359
249 676 579 1 674 628
250 379 654 1 415 757
251 175 269 1 198 386
252 281 579 1 317 687
253 303 1004 1 354 1109
254 302 918 1 348 1017
255 515 902 1 539 952
256 230 749 1 270 854
257 180 295 1 204 410
258 312 931 1 358 1030
259 629 594 1 636 651
260 310 684 1 348 789
261 405 141 1 415 248
262 642 671 1 650 722
263 239 984 1 287 1085
264 199 473 1 226 585
265 255 362 1 280 472
266 269 220 1 288 334
267 336 895 1 382 996
268 247 798 1 289 904
269 221 1056 1 272 1158
270 636 539 1 639 595
271 421 799 1 461 894
272 284 179 1 302 294
273 163 724 1 205 832
274 347 935 1 394 1037
275 656 327 1 644 392
276 337 545 1 370 652
277 404 802 1 445 901
278 651 428 1 649 492
279 626 388 1 623 455
280 292 608 1 325 715
281 236 147 1 253 266
282 233 346 1 258 458
283 254 1076 1 306 1178
284 648 561 1 651 616
285 231 737 1 271 844
286 349 608 1 374 687
287 433 1202 1 475 1250
288 304 204 1 321 315
289 243 1045 1 294 1147
290 212 1082 1 264 1187
291 302 239 1 318 345
292 310 656 1 346 760
293 244 968 1 291 1068
294 377 919 1 422 1016
295 634 493 1 633 553
296 226 164 1 244 281
297 387 1009 1 435 1105
298 245 779 1 287 886
299 275 754 1 315 859
300 312 897 1 357 998
301 252 955 1 298 1055
302 281 120 1 297 237
303 395 688 1 432 788
304 225 681 1 264 789
305 670 631 1 671 679
306 203 145 1 221 261
307 622 534 1 626 596
308 346 683 1 383 787
309 222 180 1 241 296
310 311 977 1 358 1080
311 368 852 1 412 953
312 670 387 1 661 448
313 312 883 1 357 985
314 358 610 1 370 651
315 282 946 1 329 1046
316 660 366 1 649 428
317 297 482 1 326 589
318 660 308 1 647 374
319 306 408 1 334 517
320 618 504 1 622 567
321 148 262 1 172 379
322 192 194 1 212 311
323 175 495 1 207 608
324 249 945 1 295 1045
325 184 248 1 207 364
326 685 464 1 680 521
327 184 238 1 206 355
328 360 902 1 407 1000
329 98 73 1 118 199
330 392 927 1 437 1023
331 626 344 1 621 413
332 292 819 1 334 920
333 646 253 1 633 324
334 202 212 1 223 329
335 672 438 1 665 495
336 228 110 1 244 229
337 405 764 1 442 858
338 340 208 1 355 316
339 639 632 1 646 686
340 636 570 1 641 627
341 340 780 1 378 875
342 322 775 1 361 871
343 239 1034 1 290 1135
344 225 1029 1 275 1134
345 413 819 1 456 916
346 285 738 1 324 842
347 239 265 1 261 379
348 244 220 1 265 335
349 649 382 1 641 445
350 194 179 1 214 297
351 326 908 1 371 1008
352 258 875 1 302 975
353 265 1029 1 315 1129
354 253 970 1 300 1069
355 240 128 1 258 248
356 223 302 1 247 416
357 246 183 1 265 300
358 218 224 1 239 339
359 665 428 1 660 488
360 386 678 1 422 778
361 349 198 1 364 308
362 352 754 1 391 855
363 530 160 1 528 252
364 256 716 1 294 822
365 331 1105 1 384 1206
366 614 362 1 611 432
367 195 378 1 223 493
368 292 524 1 324 631
369 609 478 1 613 544
370 322 895 1 368 995
371 239 277 1 261 389
372 610 230 1 602 309
373 424 409 1 421 462
374 296 736 1 335 840
375 645 419 1 640 481
376 222 1085 1 274 1191
377 316 909 1 361 1010
378 264 287 1 282 389
379 280 559 1 315 667
380 223 860 1 268 967
381 321 613 1 356 719
382 327 559 1 360 666
383 514 409 1 527 493
384 661 531 1 661 586
385 330 989 1 379 1087
386 242 1079 1 294 1181
387 337 198 1 351 304
388 232 181 1 251 297
389 508 382 1 522 469
390 307 716 1 346 821
391 274 837 1 318 942
392 352 783 1 391 879
393 302 993 1 351 1095
394 315 956 1 363 1059
395 263 170 1 281 287
396 341 988 1 389 1086
397 248 242 1 269 356
398 216 1045 1 267 1150
399 254 822 1 297 927
400 240 749 1 280 855
401 357 934 1 403 1033
402 192 56 1 208 181
403 218 341 1 243 453
404 238 697 1 276 802
405 308 597 1 343 705
406 376 664 1 411 765
407 294 709 1 331 814
408 388 820 1 428 914
409 242 425 1 271 537
410 232 974 1 280 1077
411 437 845 1 477 937
412 205 337 1 231 450
413 182 176 1 202 295
414 311 829 1 354 930
415 185 260 1 208 375
416 249 877 1 293 980
417 304 725 1 343 828
418 225 700 1 264 806
419 218 757 1 259 865
420 291 408 1 319 518
421 257 919 1 302 1020
422 672 601 1 672 650
423 209 29 1 224 154
424 195 330 1 220 442
425 653 491 1 650 548
426 210 173 1 230 291
427 347 674 1 384 777
428 301 895 1 346 995
429 426 830 1 467 925
430 264 241 1 285 355
431 356 686 1 393 790
432 244 815 1 287 921
433 239 1060 1 289 1161
434 644 549 1 645 604
435 333 844 1 376 945
436 326 733 1 364 833
437 367 933 1 413 1032
438 323 883 1 366 983
439 359 669 1 397 774
440 260 128 1 276 245
441 169 198 1 190 317
442 363 771 1 401 867
443 308 612 1 342 718
444 162 132 1 181 255
445 261 938 1 308 1039
446 244 923 1 289 1023
447 160 629 1 197 738
448 486 584 1 504 659
449 176 365 1 204 481
450 274 882 1 319 982
451 314 819 1 356 920
452 289 494 1 321 602
453 390 837 1 433 936
454 236 413 1 265 525
455 239 524 1 271 634
456 253 891 1 299 993
457 385 539 1 415 643
458 458 91 1 461 194
459 203 195 1 223 313
460 288 550 1 321 658
461 153 707 1 193 817
462 265 747 1 305 852
463 112 221 1 138 346
464 363 748 1 402 850
465 270 559 1 304 668
466 405 837 1 447 936
467 372 1027 1 421 1125
468 314 999 1 363 1098
469 521 448 1 535 530
470 268 1057 1 319 1159
471 378 635 1 411 732
472 206 185 1 224 302
473 181 228 1 203 345
474 207 112 1 224 232
475 451 721 1 483 804
476 241 958 1 288 1057
477 625 428 1 623 492
478 247 255 1 267 367
479 234 1096 1 287 1199
480 271 849 1 315 953
481 305 962 1 352 1064
482 273 162 1 291 278
483 622 523 1 626 584
484 296 860 1 340 962
485 411 1042 1 461 1137
486 268 715 1 307 820
487 646 525 1 647 581
488 157 53 1 174 179
489 210 55 1 225 179
490 363 174 1 375 281
491 313 1086 1 365 1189
492 358 912 1 403 1011
493 273 781 1 315 886
494 230 1007 1 280 1113
495 284 908 1 329 1009
496 292 918 1 338 1019
497 662 337 1 652 403
498 447 1150 1 494 1225
499 256 541 1 289 649
500 328 796 1 370 900
501 201 244 1 223 360
