0 182 498 1 223 633
1 181 521 1 224 657
2 158 847 1 208 979
3 176 563 1 220 698
4 160 523 1 202 658
5 199 925 1 251 1057
6 198 938 1 250 1070
7 172 636 1 217 770
8 165 460 1 206 597
9 187 459 1 227 596
10 177 590 1 220 725
11 213 575 1 257 708
12 198 951 1 250 1083
13 218 507 1 259 643
14 217 496 1 259 631
15 203 822 1 252 954
16 211 635 1 255 768
17 187 437 1 226 574
18 209 665 1 254 799
19 168 438 1 208 576
20 203 833 1 252 965
21 202 845 1 252 977
22 213 589 1 256 722
23 150 936 1 202 1069
24 203 809 1 252 940
25 144 926 1 197 1059
26 214 561 1 257 695
27 157 733 1 205 866
28 154 912 1 205 1045
29 170 666 1 216 800
30 184 724 1 231 856
31 205 751 1 253 882
32 164 483 1 205 620
33 157 548 1 200 683
34 526 866 1 565 964
35 204 798 1 252 929
36 151 953 1 204 1085
37 217 482 1 258 617
38 173 388 1 211 526
39 136 786 1 185 919
40 169 576 1 212 711
41 106 427 1 148 566
42 169 617 1 214 752
43 155 575 1 198 707
44 62 74 1 95 225
45 186 759 1 234 891
46 185 483 1 226 620
47 128 883 1 179 1017
48 164 752 1 212 885
49 67 652 1 113 792
50 149 884 1 201 1016
51 122 954 1 175 1088
52 207 712 1 254 844
53 344 954 1 384 1039
54 214 546 1 257 680
55 144 697 1 190 832
56 139 753 1 187 887
57 151 618 1 196 753
58 374 543 1 381 594
59 180 548 1 223 684
60 125 313 1 163 456
61 67 59 1 100 212
62 200 883 1 251 1014
63 174 369 1 212 508
64 284 565 1 327 697
65 211 618 1 255 750
66 166 424 1 205 562
67 153 925 1 206 1058
68 196 993 1 250 1125
69 171 403 1 209 541
70 50 60 1 85 213
71 165 563 1 209 698
72 316 719 1 362 848
73 294 562 1 337 694
74 205 761 1 253 892
75 167 697 1 215 831
76 151 822 1 200 955
77 219 461 1 259 596
78 126 913 1 178 1045
79 149 638 1 194 772
80 146 669 1 192 802
81 71 86 1 105 237
82 131 849 1 181 982
83 153 592 1 197 727
84 83 69 1 116 221
85 166 589 1 210 724
86 210 775 1 257 908
87 670 339 1 667 428
88 175 352 1 213 491
89 436 856 1 470 940
90 81 56 1 114 207
91 170 550 1 213 684
92 147 847 1 197 979
93 190 381 1 228 520
94 390 654 1 433 781
95 162 637 1 207 771
96 204 786 1 252 918
97 53 713 1 101 853
98 240 267 1 270 396
99 129 761 1 178 895
100 648 632 1 661 709
101 202 1045 1 256 1175
102 425 767 1 468 885
103 667 529 1 672 608
104 655 368 1 655 457
105 200 771 1 248 904
106 499 863 1 532 947
107 668 290 1 664 384
108 117 428 1 158 567
109 679 265 1 681 369
110 461 697 1 500 809
111 74 45 1 107 198
112 218 386 1 255 523
113 250 1007 1 303 1132
114 76 33 1 108 187
115 489 863 1 520 942
116 656 592 1 666 669
117 209 682 1 255 814
118 370 662 1 413 789
119 384 750 1 427 870
120 297 1028 1 351 1157
121 398 640 1 442 768
122 82 80 1 116 231
123 322 637 1 366 766
124 332 838 1 381 964
125 409 1197 1 456 1279
126 219 536 1 261 670
127 279 954 1 330 1079
128 327 497 1 368 629
129 190 426 1 229 562
130 182 738 1 230 871
131 225 418 1 264 555
132 356 810 1 405 938
133 115 416 1 156 556
134 630 625 1 646 706
135 277 691 1 323 823
136 197 269 1 232 408
137 212 217 1 244 357
138 168 736 1 215 869
139 346 635 1 389 764
140 225 183 1 256 325
141 225 230 1 257 367
142 27 69 1 62 222
143 612 554 1 626 641
144 197 364 1 234 503
145 459 678 1 497 791
146 73 69 1 106 221
147 335 636 1 378 766
148 140 951 1 193 1084
149 196 712 1 243 845
150 670 514 1 675 593
151 658 582 1 666 658
152 136 306 1 173 450
153 621 351 1 625 446
154 635 666 1 652 745
155 379 642 1 423 769
156 377 526 1 417 655
157 160 666 1 206 799
158 462 708 1 501 820
159 188 399 1 227 537
160 671 393 1 670 478
161 319 823 1 368 950
162 181 195 1 214 337
163 306 562 1 349 694
164 223 400 1 261 536
165 627 651 1 644 732
166 662 639 1 675 716
167 358 759 1 402 879
168 211 1012 1 265 1142
169 126 780 1 174 913
170 177 339 1 215 479
171 198 972 1 251 1104
172 356 393 1 391 524
173 657 229 1 650 327
174 620 536 1 633 623
175 449 1179 1 492 1255
176 344 772 1 391 899
177 408 715 1 444 821
178 382 617 1 425 743
179 350 1025 1 405 1153
180 154 750 1 202 884
181 263 1051 1 317 1178
182 185 796 1 234 928
183 314 519 1 355 652
184 646 259 1 642 356
185 284 608 1 326 740
186 239 983 1 292 1108
187 161 652 1 207 786
188 158 201 1 192 343
189 223 198 1 255 339
190 181 315 1 216 454
191 143 912 1 195 1045
192 622 659 1 641 741
193 314 964 1 365 1089
194 280 813 1 330 941
195 678 1157 1 711 1218
196 372 765 1 419 891
197 415 952 1 455 1038
198 656 559 1 666 639
199 282 967 1 332 1091
200 149 225 1 183 367
201 248 996 1 302 1122
202 184 101 1 214 247
203 175 487 1 215 618
204 279 665 1 324 795
205 257 749 1 304 879
206 262 147 1 292 288
207 249 985 1 302 1111
208 257 778 1 304 908
209 316 563 1 358 694
210 148 542 1 191 677
211 263 163 1 291 302
212 196 256 1 229 396
213 259 1024 1 313 1149
214 198 737 1 244 869
215 175 179 1 207 323
216 145 718 1 192 851
217 187 775 1 235 907
218 633 451 1 640 538
219 228 214 1 261 354
220 400 656 1 443 783
221 179 117 1 210 263
222 224 142 1 254 284
223 331 436 1 368 569
224 161 161 1 194 304
225 679 318 1 674 408
226 180 139 1 211 284
227 160 295 1 195 434
228 624 582 1 638 665
229 611 575 1 627 661
230 385 627 1 428 756
231 642 437 1 647 524
232 152 252 1 187 393
233 269 913 1 319 1037
234 223 1021 1 276 1146
235 629 232 1 626 333
236 430 732 1 473 851
237 647 709 1 664 785
238 625 340 1 629 435
239 246 350 1 279 484
240 331 533 1 372 665
241 274 565 1 316 697
242 624 521 1 635 607
243 259 100 1 287 244
244 644 589 1 655 668
245 445 687 1 475 782
246 223 333 1 259 470
247 202 219 1 235 359
248 673 555 1 679 632
249 372 629 1 415 758
250 164 244 1 198 385
251 274 555 1 318 687
252 300 981 1 355 1111
253 297 894 1 348 1019
254 510 883 1 542 959
255 224 725 1 271 855
256 170 270 1 204 410
257 626 570 1 640 655
258 304 660 1 348 789
259 395 113 1 416 248
260 639 647 1 654 727
261 236 961 1 288 1087
262 635 424 1 641 513
263 245 337 1 280 472
264 258 194 1 289 333
265 330 872 1 383 997
266 241 774 1 290 905
267 218 1034 1 272 1161
268 633 514 1 643 598
269 416 774 1 462 896
270 274 152 1 303 294
271 157 701 1 205 833
272 343 911 1 394 1038
273 176 750 1 224 882
274 651 299 1 648 393
275 330 520 1 371 652
276 399 778 1 446 903
277 647 402 1 653 494
278 621 362 1 627 457
279 284 583 1 326 715
280 224 120 1 253 265
281 223 321 1 258 458
282 251 1053 1 306 1180
283 645 537 1 655 619
284 225 714 1 271 845
285 342 587 1 374 689
286 433 1187 1 477 1260
287 293 177 1 321 315
288 240 1022 1 294 1149
289 210 1060 1 264 1190
290 291 212 1 319 345
291 304 631 1 347 761
292 240 945 1 291 1070
293 630 468 1 637 556
294 214 137 1 244 280
295 384 985 1 436 1108
296 239 756 1 287 887
297 270 730 1 316 860
298 308 874 1 358 999
299 248 932 1 299 1058
300 271 93 1 298 237
301 389 663 1 433 789
302 219 658 1 264 789
303 667 609 1 676 683
304 618 510 1 630 599
305 340 659 1 384 788
306 211 153 1 241 295
307 307 953 1 359 1082
308 363 828 1 412 955
309 667 361 1 665 449
310 308 860 1 358 986
311 352 590 1 371 657
312 278 923 1 329 1048
313 656 339 1 654 429
314 289 457 1 327 589
315 656 280 1 652 374
316 298 382 1 334 517
317 614 479 1 626 569
318 137 237 1 172 379
319 180 168 1 212 311
320 166 472 1 207 608
321 245 922 1 296 1047
322 173 223 1 207 364
323 682 438 1 684 523
324 173 213 1 206 355
325 355 878 1 408 1002
326 85 46 1 118 199
327 388 903 1 438 1025
328 621 316 1 624 414
329 287 795 1 335 922
330 641 224 1 637 324
331 191 187 1 223 329
332 669 412 1 669 497
333 216 82 1 244 228
334 400 739 1 443 859
335 329 181 1 355 316
336 630 479 1 639 566
337 636 609 1 650 690
338 633 546 1 645 630
339 335 757 1 379 877
340 317 751 1 362 873
341 236 1012 1 290 1138
342 221 1006 1 276 1136
343 408 795 1 456 918
344 279 713 1 325 843
345 228 240 1 261 378
346 233 194 1 265 335
347 645 354 1 645 446
348 183 152 1 214 297
349 322 884 1 372 1010
350 254 852 1 303 977
351 262 1006 1 315 1131
352 250 947 1 301 1072
353 228 101 1 258 247
354 213 277 1 247 415
355 235 157 1 265 299
356 207 199 1 239 339
357 662 402 1 664 490
358 379 652 1 422 779
359 338 170 1 364 307
360 346 729 1 392 856
361 522 130 1 530 251
362 249 693 1 294 822
363 329 1081 1 385 1209
364 608 335 1 614 433
365 186 354 1 223 493
366 284 499 1 324 632
367 604 453 1 617 546
368 319 871 1 369 997
369 229 251 1 261 389
370 603 201 1 605 308
371 290 712 1 336 841
372 641 393 1 644 482
373 220 1063 1 275 1193
374 312 886 1 362 1012
375 253 261 1 282 389
376 273 535 1 316 668
377 219 837 1 268 968
378 314 588 1 357 719
379 527 856 1 562 945
380 320 534 1 361 666
381 507 382 1 529 494
382 658 507 1 665 589
383 327 965 1 379 1089
384 240 1056 1 294 1183
385 327 170 1 351 303
386 220 154 1 251 296
387 501 355 1 523 470
388 301 692 1 347 821
389 269 814 1 318 943
390 347 759 1 391 880
391 299 970 1 352 1097
392 311 933 1 364 1061
393 252 143 1 282 286
394 337 965 1 390 1088
395 238 216 1 270 356
396 213 1023 1 267 1152
397 249 799 1 298 929
398 234 726 1 280 856
399 353 909 1 403 1035
400 179 29 1 208 180
401 208 316 1 243 453
402 232 673 1 277 803
403 301 572 1 343 705
404 370 639 1 412 765
405 288 685 1 332 815
406 233 400 1 271 537
407 228 950 1 280 1079
408 433 821 1 478 939
409 196 312 1 231 450
410 171 150 1 202 295
411 306 805 1 354 931
412 174 234 1 208 375
413 244 855 1 293 982
414 299 701 1 344 829
415 219 677 1 264 807
416 212 734 1 259 866
417 282 383 1 319 518
418 252 896 1 303 1022
419 669 578 1 677 654
420 665 320 1 661 411
421 185 305 1 220 442
422 649 466 1 655 551
423 198 147 1 230 290
424 341 648 1 384 778
425 297 872 1 346 997
426 421 806 1 467 927
427 254 216 1 285 355
428 350 662 1 394 791
429 239 791 1 287 922
430 236 1038 1 290 1164
431 640 524 1 649 607
432 329 820 1 377 946
433 320 708 1 364 834
434 363 908 1 414 1034
435 318 859 1 367 984
436 353 644 1 397 775
437 249 101 1 277 245
438 157 173 1 190 316
439 300 587 1 343 718
440 149 106 1 181 254
441 257 915 1 308 1041
442 239 900 1 290 1026
443 153 606 1 197 738
444 479 559 1 506 661
445 167 341 1 204 480
446 270 859 1 319 984
447 309 795 1 356 922
448 282 469 1 322 602
449 386 812 1 433 938
450 228 388 1 266 525
451 231 500 1 271 635
452 249 869 1 299 995
453 377 514 1 416 643
454 448 61 1 462 193
455 191 169 1 223 312
456 281 526 1 322 658
457 147 684 1 193 818
458 259 724 1 305 853
459 102 196 1 139 346
460 263 534 1 304 668
461 400 813 1 448 938
462 369 1003 1 422 1127
463 311 975 1 364 1101
464 515 422 1 537 531
465 265 1034 1 319 1161
466 662 125 1 649 230
467 194 159 1 224 301
468 170 203 1 203 345
469 195 85 1 224 231
470 446 696 1 484 807
471 238 934 1 289 1060
472 620 402 1 627 494
473 237 229 1 268 367
474 232 1073 1 287 1201
475 267 826 1 315 954
476 301 938 1 353 1066
477 262 135 1 291 278
478 618 498 1 630 587
479 292 837 1 341 964
480 408 1018 1 462 1140
481 262 691 1 308 821
482 643 501 1 651 584
483 143 25 1 174 178
484 197 27 1 225 178
485 352 146 1 375 280
486 310 1062 1 366 1191
487 354 888 1 404 1013
488 268 757 1 315 887
489 227 984 1 280 1115
490 280 885 1 330 1011
491 288 894 1 338 1021
492 658 310 1 656 404
493 248 516 1 289 649
494 323 772 1 370 901
495 190 219 1 223 360
