0 198 515 1 224 634
1 197 539 1 224 657
2 170 867 1 208 983
3 192 581 1 220 699
4 176 540 1 203 659
5 210 947 1 252 1062
6 209 961 1 251 1075
7 187 654 1 218 772
8 182 477 1 207 598
9 204 476 1 228 596
10 192 608 1 221 726
11 229 593 1 257 709
12 208 973 1 251 1088
13 234 525 1 260 644
14 234 514 1 259 631
15 216 843 1 253 958
16 226 654 1 256 769
17 165 933 1 206 1049
18 204 454 1 227 574
19 185 455 1 209 576
20 215 854 1 253 969
21 214 866 1 253 981
22 228 607 1 257 724
23 216 829 1 253 943
24 155 947 1 197 1064
25 230 580 1 258 696
26 238 453 1 261 571
27 170 752 1 206 868
28 184 685 1 217 802
29 197 743 1 231 859
30 182 608 1 211 726
31 180 501 1 205 621
32 173 565 1 201 684
33 217 819 1 253 932
34 161 975 1 204 1090
35 234 500 1 259 617
36 161 957 1 203 1074
37 190 405 1 212 526
38 149 805 1 186 922
39 184 594 1 213 712
40 218 771 1 254 885
41 123 443 1 148 566
42 183 636 1 214 754
43 170 593 1 198 709
44 82 89 1 94 223
45 200 779 1 235 894
46 202 501 1 227 620
47 139 904 1 179 1021
48 177 772 1 213 888
49 81 668 1 114 793
50 223 687 1 255 801
51 132 976 1 175 1093
52 180 717 1 216 833
53 186 741 1 221 857
54 429 1190 1 470 1259
55 221 732 1 255 846
56 230 564 1 258 681
57 158 716 1 191 834
58 152 772 1 187 890
59 165 636 1 196 755
60 196 566 1 224 685
61 144 329 1 163 455
62 87 74 1 99 210
63 211 905 1 252 1018
64 191 385 1 212 508
65 227 636 1 256 752
66 183 440 1 206 562
67 164 946 1 206 1063
68 207 1016 1 251 1130
69 188 419 1 210 541
70 71 75 1 84 211
71 331 740 1 364 851
72 300 583 1 328 698
73 208 398 1 228 520
74 311 581 1 338 696
75 219 781 1 254 895
76 162 842 1 200 958
77 236 478 1 260 597
78 181 581 1 209 699
79 137 933 1 178 1050
80 164 656 1 195 774
81 160 687 1 193 804
82 91 101 1 105 235
83 143 869 1 182 986
84 168 611 1 198 728
85 104 85 1 116 219
86 514 906 1 541 979
87 223 795 1 258 911
88 160 905 1 201 1020
89 193 369 1 214 490
90 102 71 1 113 204
91 444 956 1 484 1056
92 481 980 1 520 1071
93 185 568 1 213 685
94 158 868 1 198 983
95 406 675 1 435 783
96 176 655 1 207 773
97 217 807 1 253 921
98 67 729 1 102 854
99 258 284 1 270 396
100 142 780 1 178 898
101 676 668 1 674 723
102 211 1070 1 257 1182
103 441 792 1 471 890
104 687 393 1 668 462
105 213 792 1 249 907
106 134 444 1 158 567
107 479 724 1 504 815
108 192 504 1 215 620
109 95 60 1 106 195
110 236 403 1 256 523
111 260 1033 1 305 1140
112 97 48 1 108 184
113 686 627 1 680 682
114 223 702 1 256 817
115 385 683 1 415 791
116 421 1247 1 462 1309
117 308 1054 1 353 1164
118 415 661 1 444 770
119 102 95 1 115 229
120 338 657 1 367 768
121 345 862 1 383 969
122 235 554 1 262 671
123 399 775 1 430 875
124 290 979 1 332 1086
125 344 516 1 369 630
126 207 443 1 230 563
127 196 757 1 231 873
128 361 655 1 391 766
129 243 435 1 265 555
130 370 833 1 407 941
131 132 432 1 156 556
132 657 660 1 658 719
133 291 711 1 324 825
134 216 286 1 232 408
135 232 233 1 245 356
136 181 756 1 216 872
137 459 1193 1 496 1251
138 244 199 1 257 323
139 244 246 1 257 366
140 358 709 1 389 818
141 638 585 1 637 651
142 215 381 1 235 503
143 93 84 1 105 219
144 151 973 1 193 1089
145 210 732 1 244 847
146 688 616 1 680 671
147 155 322 1 173 449
148 650 374 1 636 450
149 662 702 1 665 760
150 396 664 1 425 771
151 395 546 1 419 656
152 167 770 1 203 887
153 174 685 1 206 802
154 478 734 1 505 827
155 247 107 1 256 234
156 402 648 1 430 758
157 333 847 1 370 954
158 201 211 1 214 336
159 323 581 1 350 695
160 241 417 1 262 536
161 655 686 1 656 746
162 692 676 1 689 730
163 372 784 1 404 885
164 221 1036 1 266 1149
165 139 799 1 174 916
166 361 783 1 393 886
167 195 356 1 215 479
168 209 995 1 252 1109
169 691 247 1 664 326
170 444 967 1 483 1064
171 647 567 1 644 633
172 359 793 1 393 903
173 399 785 1 431 885
174 361 1051 1 407 1160
175 206 417 1 227 537
176 273 1077 1 319 1186
177 199 816 1 234 931
178 331 539 1 356 653
179 679 279 1 655 357
180 298 628 1 328 742
181 250 1009 1 294 1116
182 421 893 1 443 951
183 176 670 1 207 788
184 177 217 1 192 342
185 243 215 1 255 338
186 198 332 1 217 454
187 154 933 1 196 1049
188 649 695 1 653 755
189 325 989 1 367 1096
190 294 836 1 331 945
191 387 788 1 422 894
192 319 651 1 349 763
193 359 767 1 394 879
194 686 592 1 679 651
195 292 993 1 334 1098
196 168 241 1 183 366
197 258 1022 1 303 1130
198 204 117 1 214 245
199 434 965 1 475 1068
200 271 769 1 306 882
201 282 163 1 293 286
202 260 1011 1 303 1119
203 270 799 1 306 911
204 333 582 1 360 695
205 494 1200 1 539 1280
206 164 559 1 191 678
207 283 179 1 292 301
208 214 273 1 230 396
209 374 413 1 393 524
210 269 1050 1 314 1157
211 211 757 1 245 872
212 195 195 1 207 322
213 158 737 1 192 853
214 695 429 1 678 496
215 200 795 1 236 910
216 663 478 1 652 546
217 247 230 1 261 353
218 416 678 1 445 785
219 199 133 1 210 262
220 244 158 1 254 282
221 349 455 1 370 569
222 180 177 1 194 303
223 200 154 1 212 282
224 178 311 1 195 434
225 651 614 1 650 677
226 637 607 1 638 672
227 457 895 1 481 960
228 673 465 1 660 531
229 171 268 1 187 392
230 280 937 1 320 1044
231 233 1047 1 277 1155
232 661 251 1 638 333
233 446 757 1 476 856
234 674 748 1 678 801
235 655 362 1 640 438
236 263 367 1 280 484
237 482 1013 1 519 1098
238 348 553 1 373 666
239 290 584 1 317 698
240 652 552 1 647 617
241 430 955 1 471 1058
242 280 116 1 288 242
243 673 623 1 668 681
244 352 597 1 361 659
245 241 350 1 260 470
246 221 235 1 235 358
247 190 770 1 225 885
248 388 650 1 417 759
249 183 260 1 198 384
250 311 1006 1 357 1116
251 310 918 1 350 1025
252 529 927 1 550 981
253 238 746 1 272 859
254 171 719 1 205 835
255 188 286 1 204 409
256 378 1006 1 409 1068
257 654 602 1 652 666
258 319 680 1 350 791
259 416 128 1 418 245
260 667 684 1 667 741
261 247 987 1 289 1094
262 665 450 1 653 520
263 263 354 1 281 472
264 278 210 1 290 332
265 255 795 1 291 908
266 228 1060 1 273 1169
267 662 545 1 655 608
268 294 169 1 304 292
269 356 934 1 396 1043
270 107 60 1 117 196
271 684 320 1 662 395
272 347 539 1 373 653
273 414 800 1 449 906
274 679 429 1 665 499
275 651 385 1 638 461
276 299 603 1 327 716
277 245 136 1 254 263
278 362 897 1 392 975
279 242 339 1 259 458
280 261 1079 1 307 1188
281 675 569 1 668 630
282 239 733 1 272 848
283 671 418 1 656 488
284 351 657 1 380 767
285 312 193 1 322 313
286 250 1047 1 295 1157
287 219 1085 1 265 1197
288 310 228 1 320 344
289 251 971 1 292 1078
290 659 496 1 649 564
291 234 153 1 244 278
292 253 776 1 288 890
293 283 751 1 317 863
294 321 898 1 360 1004
295 260 958 1 300 1065
296 291 109 1 299 234
297 405 685 1 435 792
298 233 678 1 265 792
299 645 539 1 641 607
300 355 679 1 386 790
301 319 977 1 361 1087
302 377 850 1 415 958
303 406 695 1 435 802
304 484 1206 1 528 1282
305 322 884 1 359 991
306 289 947 1 331 1054
307 689 363 1 668 433
308 306 475 1 328 590
309 690 301 1 666 376
310 316 400 1 336 517
311 642 507 1 637 577
312 155 252 1 172 378
313 200 184 1 213 309
314 183 489 1 208 609
315 257 946 1 297 1054
316 192 239 1 207 363
317 653 587 1 650 651
318 192 229 1 206 354
319 651 338 1 636 417
320 301 817 1 336 926
321 674 242 1 649 323
322 210 203 1 223 327
323 430 799 1 465 900
324 236 99 1 245 226
325 415 763 1 446 864
326 350 198 1 357 314
327 659 508 1 651 574
328 664 643 1 663 703
329 662 578 1 657 641
330 349 781 1 381 882
331 410 1191 1 450 1253
332 247 1037 1 291 1146
333 232 1031 1 277 1142
334 423 818 1 459 922
335 293 735 1 326 846
336 247 256 1 261 377
337 253 211 1 265 334
338 676 378 1 658 450
339 202 168 1 214 295
340 335 908 1 374 1015
341 266 875 1 304 982
342 273 1032 1 317 1139
343 261 973 1 302 1079
344 249 117 1 258 245
345 232 294 1 248 415
346 255 173 1 266 297
347 227 215 1 239 338
348 395 674 1 425 781
349 358 187 1 366 306
350 547 146 1 536 248
351 264 713 1 296 825
352 339 1107 1 387 1216
353 637 357 1 625 436
354 204 370 1 224 493
355 301 518 1 326 632
356 632 480 1 627 552
357 332 895 1 371 1002
358 248 267 1 262 388
359 633 218 1 615 307
360 431 890 1 454 952
361 304 733 1 337 844
362 230 1089 1 276 1201
363 292 686 1 323 798
364 324 909 1 364 1017
365 271 278 1 282 389
366 231 858 1 269 972
367 330 608 1 359 720
368 337 554 1 362 667
369 529 404 1 534 497
370 689 538 1 679 599
371 339 991 1 381 1096
372 250 1082 1 295 1192
373 347 187 1 353 302
374 240 170 1 251 295
375 523 375 1 528 471
376 392 963 1 433 1067
377 387 875 1 425 981
378 282 835 1 320 947
379 393 721 1 421 819
380 310 995 1 354 1103
381 324 956 1 366 1066
382 273 160 1 282 284
383 257 233 1 270 354
384 223 1047 1 268 1159
385 263 819 1 299 932
386 248 746 1 281 859
387 365 934 1 406 1040
388 201 45 1 208 177
389 226 333 1 244 452
390 357 757 1 390 866
391 385 660 1 414 768
392 302 705 1 333 817
393 207 297 1 224 418
394 251 417 1 272 537
395 642 462 1 634 534
396 239 975 1 281 1085
397 670 657 1 669 714
398 448 847 1 482 945
399 214 329 1 231 449
400 190 166 1 203 293
401 320 827 1 356 935
402 193 250 1 208 374
403 256 877 1 295 987
404 314 722 1 346 832
405 233 696 1 265 810
406 226 754 1 260 868
407 300 401 1 320 518
408 265 919 1 304 1028
409 203 321 1 221 441
410 679 494 1 668 559
411 219 163 1 230 289
412 356 669 1 386 780
413 310 896 1 348 1003
414 436 830 1 470 932
415 459 646 1 477 733
416 273 232 1 286 353
417 365 682 1 396 793
418 252 813 1 288 926
419 245 1065 1 291 1172
420 670 555 1 662 617
421 342 843 1 379 950
422 334 730 1 366 838
423 376 933 1 416 1039
424 331 883 1 369 989
425 369 665 1 399 776
426 269 117 1 277 242
427 177 189 1 190 315
428 316 606 1 344 719
429 170 123 1 182 252
430 269 938 1 310 1047
431 251 924 1 291 1032
432 257 724 1 290 836
433 168 624 1 198 741
434 687 342 1 664 414
435 214 886 1 253 1001
436 186 357 1 205 480
437 282 882 1 320 990
438 322 818 1 358 926
439 299 488 1 323 602
440 399 835 1 436 942
441 246 405 1 266 525
442 343 597 1 352 660
443 247 519 1 272 635
444 261 892 1 300 1001
445 402 624 1 407 675
446 394 534 1 418 644
447 471 75 1 465 189
448 211 185 1 223 311
449 297 545 1 323 659
450 253 697 1 285 810
451 161 702 1 194 820
452 273 744 1 306 856
453 122 212 1 139 344
454 279 553 1 306 669
455 415 837 1 451 942
456 381 1030 1 425 1135
457 323 1001 1 366 1107
458 537 444 1 543 534
459 275 1059 1 321 1169
460 214 175 1 224 300
461 189 218 1 204 343
462 216 101 1 225 229
463 463 725 1 488 814
464 248 960 1 290 1067
465 649 427 1 638 499
466 144 448 1 168 571
467 256 246 1 268 366
468 241 1100 1 288 1210
469 280 848 1 317 958
470 312 962 1 354 1071
471 286 821 1 323 933
472 283 152 1 292 276
473 646 527 1 641 595
474 305 860 1 342 968
475 420 1046 1 465 1148
476 277 711 1 309 823
477 673 531 1 664 594
478 165 41 1 174 176
479 218 43 1 226 175
480 372 162 1 377 278
481 321 1089 1 368 1198
482 367 913 1 406 1019
483 282 778 1 317 890
484 238 1009 1 282 1121
485 292 909 1 331 1017
486 301 919 1 340 1026
487 692 332 1 670 406
488 680 758 1 683 810
489 265 535 1 291 650
490 337 794 1 372 904
491 209 235 1 223 358
