0 259 564 1 260 712
1 249 821 1 255 967
2 218 581 1 222 729
3 204 845 1 210 993
4 217 629 1 219 777
5 220 552 1 222 702
6 247 926 1 254 1074
7 261 495 1 261 644
8 246 953 1 253 1101
9 413 300 1 350 355
10 208 448 1 208 599
11 197 938 1 204 1086
12 250 806 1 255 952
13 228 425 1 229 575
14 225 485 1 226 635
15 203 511 1 204 662
16 259 508 1 261 658
17 225 509 1 226 659
18 249 844 1 255 990
19 257 579 1 259 727
20 222 537 1 224 686
21 250 833 1 255 978
22 261 484 1 262 633
23 256 628 1 258 774
24 203 728 1 207 875
25 245 941 1 253 1088
26 262 444 1 262 594
27 215 659 1 218 808
28 204 487 1 206 639
29 258 548 1 260 699
30 191 928 1 198 1076
31 255 649 1 257 796
32 210 425 1 210 577
33 264 421 1 263 572
34 200 537 1 202 687
35 261 469 1 261 619
36 209 748 1 214 895
37 205 472 1 207 622
38 605 904 1 598 1013
39 254 660 1 257 807
40 113 32 1 110 198
41 250 794 1 256 941
42 186 724 1 190 873
43 214 373 1 214 526
44 260 535 1 260 684
45 181 783 1 186 931
46 188 692 1 192 840
47 196 884 1 202 1031
48 194 610 1 197 759
49 249 882 1 255 1029
50 198 565 1 201 714
51 331 554 1 332 701
52 80 39 1 79 207
53 173 884 1 180 1032
54 232 755 1 237 902
55 513 1015 1 516 1142
56 148 413 1 148 567
57 214 609 1 216 757
58 252 748 1 256 894
59 201 555 1 203 703
60 245 996 1 254 1144
61 408 395 1 354 446
62 211 389 1 211 541
63 97 38 1 96 204
64 256 608 1 259 756
65 206 692 1 210 839
66 174 757 1 179 906
67 214 723 1 218 869
68 341 553 1 342 699
69 217 335 1 215 490
70 208 410 1 207 562
71 94 53 1 93 219
72 376 315 1 329 386
73 449 694 1 444 820
74 111 641 1 116 795
75 176 848 1 182 996
76 196 584 1 199 732
77 383 628 1 384 772
78 253 686 1 256 832
79 231 367 1 230 519
80 255 706 1 257 853
81 214 354 1 214 507
82 364 713 1 368 857
83 279 252 1 270 397
84 190 663 1 194 810
85 255 772 1 260 920
86 208 581 1 212 730
87 164 297 1 164 453
88 223 733 1 227 880
89 263 518 1 264 667
90 247 915 1 254 1062
91 196 820 1 201 968
92 184 748 1 189 896
93 104 65 1 102 230
94 251 1053 1 260 1200
95 169 958 1 176 1106
96 114 48 1 112 214
97 401 597 1 396 727
98 418 653 1 420 797
99 193 631 1 198 780
100 157 415 1 158 568
101 439 646 1 441 788
102 84 55 1 82 220
103 300 1020 1 308 1161
104 477 771 1 479 905
105 260 371 1 258 523
106 193 846 1 199 993
107 222 413 1 222 565
108 250 783 1 255 929
109 411 310 1 360 384
110 190 912 1 197 1061
111 263 164 1 258 320
112 174 293 1 174 447
113 268 404 1 267 554
114 325 683 1 328 830
115 62 1193 1 70 1349
116 330 623 1 331 769
117 246 894 1 253 1041
118 329 963 1 336 1104
119 407 806 1 412 950
120 209 568 1 212 718
121 114 58 1 113 224
122 450 647 1 451 790
123 359 550 1 359 697
124 98 703 1 103 856
125 236 252 1 233 406
126 230 385 1 229 537
127 330 760 1 333 896
128 273 1063 1 281 1208
129 333 633 1 335 779
130 207 629 1 209 778
131 254 676 1 258 823
132 437 675 1 439 818
133 375 421 1 374 569
134 426 881 1 432 1022
135 105 48 1 103 213
136 188 954 1 194 1102
137 264 67 1 257 229
138 374 482 1 373 631
139 238 349 1 237 502
140 206 644 1 209 793
141 101 27 1 99 194
142 573 1243 1 584 1375
143 143 178 1 141 341
144 425 513 1 424 658
145 204 659 1 208 807
146 325 952 1 332 1094
147 289 996 1 296 1137
148 396 680 1 398 824
149 235 184 1 230 340
150 434 934 1 415 996
151 219 176 1 215 332
152 265 385 1 264 536
153 313 1060 1 322 1205
154 251 197 1 246 353
155 285 332 1 282 483
156 218 324 1 217 477
157 301 979 1 308 1119
158 198 415 1 198 566
159 246 975 1 254 1122
160 263 209 1 258 364
161 412 860 1 419 1003
162 394 766 1 398 910
163 360 506 1 360 654
164 156 403 1 157 556
165 391 164 1 380 316
166 256 732 1 260 877
167 370 628 1 372 773
168 425 556 1 426 702
169 195 183 1 192 339
170 382 839 1 388 981
171 335 793 1 340 936
172 219 300 1 217 453
173 242 687 1 244 832
174 198 747 1 204 894
175 331 977 1 338 1117
176 186 207 1 183 364
177 298 1009 1 306 1150
178 261 1019 1 269 1166
179 300 994 1 307 1135
180 305 744 1 309 890
181 379 149 1 370 302
182 197 279 1 195 433
183 221 218 1 218 373
184 358 862 1 364 1004
185 455 289 1 436 420
186 234 239 1 231 394
187 328 747 1 332 891
188 309 1036 1 318 1178
189 89 65 1 88 230
190 286 802 1 292 947
191 212 160 1 208 318
192 419 323 1 366 392
193 261 180 1 256 335
194 369 825 1 375 966
195 437 391 1 383 451
196 300 140 1 294 297
197 251 115 1 245 274
198 318 553 1 320 701
199 292 245 1 282 390
200 524 1010 1 529 1141
201 285 752 1 291 898
202 397 625 1 395 770
203 535 951 1 521 1037
204 288 322 1 283 472
205 487 1042 1 476 1124
206 390 408 1 346 471
207 262 120 1 255 278
208 189 236 1 187 390
209 461 753 1 462 888
210 331 910 1 337 1051
211 377 520 1 377 668
212 341 889 1 348 1029
213 197 140 1 193 299
214 265 1084 1 274 1232
215 357 875 1 364 1018
216 216 92 1 212 252
217 425 851 1 431 993
218 268 1073 1 278 1220
219 60 49 1 60 217
220 461 330 1 431 442
221 538 625 1 527 745
222 444 709 1 441 836
223 201 227 1 198 382
224 393 650 1 395 795
225 689 460 1 660 573
226 486 827 1 490 962
227 207 253 1 205 407
228 586 97 1 555 239
229 376 160 1 367 313
230 327 709 1 329 850
231 438 86 1 423 239
232 292 448 1 291 598
233 440 235 1 426 380
234 322 104 1 313 262
235 298 173 1 292 329
236 243 733 1 247 879
237 452 245 1 438 390
238 232 705 1 236 852
239 437 809 1 442 951
240 300 770 1 305 914
241 207 81 1 202 243
242 317 920 1 324 1061
243 310 997 1 317 1138
244 409 882 1 416 1023
245 190 531 1 192 681
246 280 1094 1 289 1238
247 454 708 1 446 829
248 258 1069 1 267 1216
249 344 946 1 351 1087
250 451 774 1 455 915
251 484 735 1 484 870
252 229 172 1 225 329
253 394 738 1 399 884
254 351 651 1 354 797
255 268 220 1 263 375
256 305 732 1 309 877
257 438 665 1 441 807
258 263 306 1 260 457
259 279 196 1 272 352
260 331 192 1 322 342
261 303 124 1 295 282
262 313 130 1 306 287
263 252 260 1 249 413
264 232 727 1 236 874
265 407 765 1 410 901
266 317 725 1 320 870
267 289 771 1 294 916
268 268 196 1 262 350
269 202 927 1 208 1075
270 264 672 1 267 817
271 329 573 1 331 720
272 308 68 1 301 229
273 222 267 1 219 420
274 206 130 1 202 290
275 438 725 1 435 851
276 358 956 1 365 1101
277 397 805 1 402 949
278 333 155 1 325 310
279 318 72 1 309 232
280 266 80 1 260 240
281 383 762 1 386 897
282 463 858 1 468 996
283 229 138 1 225 296
284 526 613 1 514 730
285 688 458 1 659 571
286 231 61 1 225 223
287 342 366 1 339 516
288 173 220 1 171 376
289 217 148 1 213 306
290 327 456 1 326 604
291 211 204 1 207 360
292 368 147 1 356 298
293 244 179 1 240 335
294 319 892 1 324 1035
295 346 568 1 347 715
296 210 194 1 207 351
297 346 876 1 352 1017
298 268 319 1 266 471
299 291 122 1 284 280
300 348 936 1 355 1077
301 283 822 1 288 967
302 331 811 1 335 955
303 487 696 1 481 820
304 529 530 1 520 661
305 382 870 1 388 1013
306 310 149 1 303 305
307 350 621 1 352 767
308 424 523 1 424 669
309 348 900 1 355 1040
310 451 738 1 453 875
311 187 87 1 185 250
312 219 132 1 215 291
313 289 1069 1 298 1213
314 429 842 1 434 980
315 302 856 1 307 997
316 316 1047 1 324 1190
317 240 199 1 236 355
318 353 714 1 357 859
319 516 689 1 513 820
320 515 1025 1 515 1142
321 232 224 1 228 379
322 296 687 1 298 832
323 271 709 1 275 855
324 330 486 1 329 634
325 299 958 1 305 1098
326 370 874 1 375 1016
327 439 246 1 425 390
328 377 506 1 377 654
329 285 972 1 292 1113
330 365 521 1 366 669
331 324 658 1 327 804
332 362 577 1 363 723
333 261 98 1 255 259
334 272 1012 1 280 1158
335 441 740 1 444 881
336 332 895 1 338 1038
337 266 835 1 272 982
338 219 79 1 215 240
339 387 812 1 392 956
340 472 929 1 445 974
341 241 83 1 235 244
342 222 208 1 218 364
343 307 671 1 310 816
344 462 794 1 466 933
345 258 134 1 252 291
346 334 677 1 337 822
347 301 112 1 294 272
348 341 707 1 344 851
349 372 766 1 377 911
350 271 174 1 266 329
351 204 269 1 202 422
352 275 660 1 278 805
353 200 167 1 197 324
354 243 210 1 238 363
355 568 966 1 561 1074
356 314 861 1 320 1003
357 294 781 1 299 926
358 230 887 1 237 1034
359 422 871 1 428 1012
360 207 324 1 206 478
361 302 532 1 303 679
362 193 153 1 190 311
363 248 301 1 245 452
364 296 794 1 301 939
365 413 556 1 414 703
366 276 384 1 274 536
367 313 139 1 307 296
368 279 735 1 283 880
369 290 1028 1 297 1171
370 235 297 1 232 449
371 469 820 1 471 956
372 356 804 1 360 946
373 125 45 1 122 210
374 253 206 1 248 359
375 415 825 1 421 968
376 333 445 1 332 593
377 326 366 1 324 517
378 268 140 1 262 297
379 318 769 1 323 913
380 314 1018 1 321 1160
381 341 912 1 347 1053
382 224 290 1 221 441
383 230 80 1 224 241
384 235 126 1 231 284
385 217 691 1 221 838
386 270 720 1 274 866
387 364 973 1 372 1114
388 288 211 1 283 366
389 362 936 1 370 1080
390 320 805 1 326 950
391 392 1078 1 402 1223
392 289 953 1 296 1094
393 368 861 1 373 1003
394 402 635 1 404 780
395 374 743 1 378 887
396 298 759 1 302 904
397 159 39 1 155 204
398 185 758 1 190 906
399 426 898 1 431 1038
400 306 902 1 312 1044
401 289 699 1 292 844
402 196 600 1 198 746
403 476 695 1 471 821
404 249 864 1 255 1011
405 229 767 1 234 913
406 218 240 1 215 395
407 358 794 1 362 937
408 270 373 1 269 524
409 309 485 1 307 632
410 274 488 1 275 637
411 321 795 1 326 941
412 361 756 1 365 898
413 425 501 1 423 646
414 326 513 1 326 661
415 284 672 1 287 817
416 265 1044 1 273 1188
417 124 62 1 122 225
418 308 522 1 309 670
419 452 812 1 457 953
420 245 130 1 240 288
421 362 198 1 355 350
422 443 751 1 445 890
423 355 408 1 352 557
424 274 210 1 270 364
425 548 1233 1 558 1367
426 474 625 1 460 737
427 207 183 1 204 340
428 363 745 1 367 888
429 305 719 1 309 863
430 168 418 1 168 571
431 402 904 1 408 1046
432 446 1116 1 457 1257
433 221 157 1 217 316
434 316 825 1 320 969
435 408 737 1 411 880
436 294 745 1 298 889
437 476 760 1 477 895
438 222 279 1 220 431
439 340 179 1 327 324
440 392 974 1 399 1115
441 351 683 1 354 828
442 309 686 1 312 830
443 437 763 1 437 899
444 294 197 1 288 351
445 394 121 1 381 274
446 307 1006 1 315 1148
447 316 753 1 320 898
448 248 158 1 243 315
449 407 732 1 405 862
450 292 504 1 293 652
