0 244 583 1 260 713
1 235 841 1 256 968
2 203 601 1 222 730
3 189 866 1 210 994
4 202 648 1 219 777
5 243 570 1 260 699
6 205 572 1 222 703
7 233 947 1 254 1075
8 246 514 1 262 644
9 231 973 1 253 1102
10 193 467 1 208 599
11 182 958 1 204 1087
12 236 826 1 256 953
13 213 443 1 229 575
14 209 504 1 226 635
15 187 530 1 204 662
16 244 527 1 261 658
17 210 528 1 226 659
18 235 864 1 255 991
19 242 598 1 259 728
20 207 556 1 224 687
21 235 853 1 256 979
22 190 747 1 207 876
23 246 503 1 262 633
24 241 647 1 258 775
25 399 324 1 350 356
26 232 961 1 253 1089
27 247 463 1 262 595
28 200 679 1 218 808
29 189 506 1 206 639
30 177 948 1 199 1077
31 240 669 1 257 797
32 194 444 1 211 577
33 248 440 1 263 572
34 185 557 1 202 687
35 246 488 1 261 619
36 195 768 1 214 896
37 190 490 1 207 622
38 239 680 1 257 807
39 97 51 1 110 198
40 236 814 1 256 942
41 171 744 1 190 874
42 199 392 1 214 526
43 244 553 1 260 684
44 166 803 1 187 932
45 173 711 1 192 841
46 179 630 1 197 760
47 235 902 1 255 1030
48 183 585 1 201 715
49 316 572 1 332 701
50 64 59 1 79 206
51 159 904 1 180 1033
52 217 774 1 237 902
53 133 432 1 148 567
54 199 628 1 216 758
55 181 905 1 202 1032
56 237 767 1 256 894
57 186 574 1 203 703
58 231 1017 1 254 1146
59 394 420 1 355 449
60 196 408 1 211 541
61 81 57 1 96 203
62 241 628 1 259 757
63 191 711 1 210 840
64 159 777 1 179 907
65 200 742 1 219 870
66 326 572 1 342 699
67 201 354 1 215 489
68 192 429 1 207 562
69 499 1037 1 517 1145
70 78 73 1 93 219
71 434 714 1 444 822
72 96 660 1 116 795
73 162 868 1 183 997
74 181 603 1 199 733
75 239 705 1 256 833
76 216 386 1 230 519
77 241 726 1 258 853
78 199 373 1 214 507
79 263 271 1 270 397
80 175 682 1 194 811
81 241 792 1 261 920
82 193 600 1 212 730
83 362 339 1 329 387
84 148 316 1 164 453
85 208 753 1 227 881
86 248 537 1 265 667
87 233 935 1 254 1063
88 182 840 1 201 969
89 169 768 1 189 896
90 386 617 1 397 728
91 88 84 1 102 229
92 237 1075 1 260 1202
93 154 979 1 176 1107
94 98 68 1 112 213
95 348 733 1 368 858
96 404 672 1 420 797
97 178 651 1 198 780
98 142 434 1 159 568
99 424 665 1 442 789
100 68 75 1 82 220
101 185 767 1 204 895
102 287 1041 1 308 1163
103 463 790 1 480 906
104 244 389 1 258 523
105 179 866 1 199 994
106 206 432 1 222 565
107 236 802 1 255 929
108 176 933 1 197 1062
109 248 183 1 258 320
110 159 312 1 174 447
111 253 422 1 267 554
112 310 702 1 328 830
113 47 1217 1 70 1351
114 315 642 1 331 770
115 232 915 1 253 1042
116 315 983 1 336 1105
117 393 825 1 412 950
118 193 587 1 212 718
119 98 78 1 113 223
120 435 666 1 452 791
121 343 569 1 360 697
122 83 723 1 103 857
123 220 271 1 233 406
124 215 404 1 229 537
125 316 780 1 334 898
126 259 1085 1 281 1210
127 318 652 1 335 779
128 192 648 1 209 778
129 240 695 1 259 823
130 422 694 1 440 818
131 412 900 1 432 1023
132 89 68 1 103 213
133 248 86 1 257 228
134 358 501 1 374 631
135 92 34 1 105 181
136 223 368 1 237 502
137 190 664 1 209 793
138 85 47 1 99 193
139 127 197 1 141 341
140 410 532 1 424 659
141 189 678 1 208 807
142 311 973 1 332 1096
143 174 975 1 194 1104
144 275 1017 1 296 1139
145 382 699 1 399 824
146 219 203 1 231 340
147 203 195 1 215 332
148 250 403 1 264 536
149 300 1081 1 323 1207
150 395 334 1 361 386
151 236 216 1 246 353
152 269 351 1 282 483
153 202 342 1 217 477
154 287 999 1 308 1121
155 182 434 1 198 567
156 232 995 1 254 1124
157 248 228 1 259 364
158 399 880 1 419 1004
159 380 786 1 399 911
160 344 525 1 360 654
161 141 422 1 157 556
162 429 729 1 441 838
163 691 655 1 680 740
164 375 183 1 381 315
165 241 752 1 260 878
166 689 512 1 672 601
167 355 647 1 372 773
168 360 441 1 374 570
169 179 201 1 192 339
170 368 859 1 388 982
171 321 813 1 340 937
172 203 319 1 217 453
173 227 706 1 245 833
174 678 333 1 660 435
175 317 998 1 338 1119
176 170 226 1 183 363
177 284 1030 1 306 1152
178 247 1040 1 269 1168
179 683 345 1 664 445
180 286 1014 1 307 1137
181 291 764 1 309 890
182 363 168 1 370 302
183 181 298 1 195 433
184 205 237 1 218 373
185 344 882 1 364 1005
186 219 258 1 231 394
187 313 766 1 332 892
188 296 1057 1 318 1180
189 73 84 1 88 229
190 272 821 1 292 948
191 423 415 1 384 454
192 196 179 1 208 318
193 404 346 1 366 394
194 246 199 1 256 334
195 347 775 1 365 899
196 356 844 1 375 967
197 689 551 1 676 641
198 285 159 1 294 296
199 686 481 1 670 574
200 235 134 1 245 274
201 303 572 1 320 701
202 276 264 1 282 390
203 511 1032 1 530 1144
204 271 772 1 291 899
205 522 974 1 523 1043
206 272 341 1 283 472
207 475 1068 1 477 1131
208 375 432 1 347 474
209 246 139 1 255 278
210 173 255 1 187 390
211 446 773 1 463 889
212 317 930 1 338 1053
213 362 539 1 378 668
214 197 560 1 213 690
215 328 909 1 348 1031
216 181 159 1 193 299
217 252 1106 1 274 1233
218 343 895 1 365 1019
219 201 112 1 212 252
220 412 871 1 432 994
221 255 1095 1 279 1222
222 44 69 1 60 216
223 445 350 1 433 443
224 524 645 1 528 747
225 185 246 1 198 382
226 379 669 1 396 795
227 675 479 1 662 575
228 473 847 1 491 963
229 191 272 1 205 407
230 570 116 1 556 238
231 360 179 1 367 313
232 486 34 1 479 167
233 312 728 1 329 851
234 422 105 1 424 239
235 276 467 1 291 598
236 425 254 1 427 380
237 306 123 1 313 262
238 282 192 1 292 329
239 228 753 1 247 880
240 436 264 1 439 390
241 217 725 1 237 853
242 379 747 1 392 859
243 424 828 1 442 952
244 286 789 1 305 915
245 192 100 1 202 243
246 303 941 1 324 1063
247 297 1018 1 318 1140
248 395 902 1 416 1024
249 175 551 1 192 681
250 266 1116 1 289 1240
251 439 729 1 447 832
252 244 1090 1 268 1218
253 331 967 1 352 1089
254 437 793 1 456 916
255 469 754 1 484 871
256 213 191 1 225 328
257 380 757 1 399 884
258 336 670 1 354 797
259 252 239 1 263 375
260 291 751 1 309 877
261 424 683 1 442 808
262 247 324 1 260 457
263 263 215 1 272 351
264 315 211 1 322 342
265 287 143 1 295 281
266 297 149 1 306 287
267 239 149 1 248 286
268 236 279 1 249 413
269 218 747 1 237 874
270 393 785 1 411 903
271 672 562 1 661 653
272 302 745 1 321 871
273 274 790 1 294 917
274 252 215 1 263 350
275 187 948 1 208 1076
276 249 692 1 267 818
277 314 592 1 331 720
278 292 87 1 301 228
279 206 286 1 219 420
280 190 149 1 202 289
281 338 733 1 357 860
282 424 745 1 436 853
283 344 976 1 366 1102
284 383 825 1 402 950
285 317 174 1 325 309
286 302 92 1 310 231
287 250 99 1 260 240
288 369 781 1 386 899
289 449 877 1 468 998
290 213 157 1 225 296
291 674 478 1 661 573
292 215 80 1 225 223
293 386 650 1 404 780
294 157 238 1 171 376
295 201 167 1 213 305
296 312 475 1 326 604
297 195 223 1 207 360
298 352 166 1 356 297
299 229 198 1 240 335
300 305 913 1 325 1036
301 331 587 1 347 715
302 194 213 1 207 351
303 332 896 1 353 1019
304 252 338 1 266 471
305 275 140 1 284 279
306 334 956 1 355 1078
307 268 841 1 289 968
308 672 192 1 650 303
309 317 830 1 335 956
310 473 716 1 482 822
311 514 549 1 521 662
312 327 385 1 339 516
313 369 889 1 389 1014
314 294 168 1 304 305
315 335 641 1 353 767
316 410 541 1 425 669
317 335 920 1 355 1042
318 437 758 1 453 876
319 172 106 1 185 250
320 203 151 1 215 291
321 276 1091 1 299 1215
322 416 862 1 434 982
323 287 876 1 307 998
324 303 1068 1 324 1192
325 224 218 1 236 355
326 502 709 1 514 821
327 503 1047 1 517 1146
328 216 243 1 228 379
329 281 706 1 299 833
330 256 728 1 275 856
331 314 505 1 329 634
332 285 979 1 305 1100
333 356 894 1 376 1017
334 423 265 1 426 390
335 362 525 1 377 654
336 350 1051 1 372 1177
337 271 993 1 293 1115
338 350 540 1 366 669
339 309 677 1 327 804
340 347 596 1 363 724
341 245 117 1 255 258
342 258 1034 1 280 1160
343 427 759 1 444 882
344 318 916 1 339 1039
345 251 855 1 272 982
346 203 98 1 215 240
347 373 831 1 392 956
348 225 102 1 235 243
349 472 772 1 486 887
350 206 227 1 218 364
351 292 691 1 310 817
352 449 813 1 467 934
353 690 462 1 674 556
354 319 696 1 337 823
355 376 991 1 400 1117
356 286 131 1 294 271
357 326 726 1 344 851
358 358 786 1 377 912
359 256 193 1 266 329
360 188 288 1 202 422
361 261 680 1 278 805
362 185 186 1 197 324
363 227 229 1 238 363
364 553 988 1 563 1078
365 300 881 1 320 1005
366 279 800 1 299 927
367 215 907 1 237 1035
368 408 890 1 428 1013
369 192 343 1 207 478
370 287 550 1 304 679
371 177 172 1 190 311
372 232 319 1 245 452
373 281 814 1 301 939
374 347 1040 1 369 1165
375 399 575 1 415 703
376 260 403 1 275 536
377 298 158 1 307 296
378 265 754 1 284 881
379 276 1050 1 297 1173
380 219 316 1 232 449
381 455 840 1 472 957
382 342 824 1 361 947
383 109 64 1 122 210
384 237 225 1 248 359
385 402 844 1 421 969
386 318 463 1 332 593
387 310 385 1 324 517
388 252 159 1 263 296
389 303 788 1 323 914
390 300 1039 1 322 1162
391 327 932 1 348 1054
392 208 309 1 221 441
393 214 99 1 224 241
394 220 145 1 231 284
395 202 710 1 221 839
396 255 740 1 274 866
397 351 993 1 372 1116
398 272 230 1 283 366
399 348 956 1 370 1082
400 489 714 1 498 820
401 306 824 1 326 951
402 379 1099 1 403 1225
403 287 969 1 307 1091
404 275 974 1 296 1096
405 354 881 1 374 1004
406 360 762 1 379 888
407 283 778 1 302 904
408 143 59 1 155 203
409 170 778 1 190 906
410 412 917 1 432 1040
411 292 923 1 313 1045
412 274 718 1 293 844
413 181 620 1 198 747
414 461 715 1 472 823
415 690 811 1 684 892
416 472 1039 1 481 1124
417 235 884 1 256 1012
418 214 786 1 234 914
419 203 259 1 215 395
420 344 814 1 363 938
421 680 536 1 667 627
422 255 392 1 269 524
423 293 504 1 307 632
424 259 508 1 275 637
425 306 814 1 327 942
426 410 520 1 424 646
427 311 532 1 327 661
428 270 691 1 288 817
429 251 1065 1 273 1190
430 108 81 1 122 224
431 293 541 1 309 670
432 439 831 1 458 954
433 229 149 1 240 288
434 346 216 1 355 349
435 429 770 1 446 891
436 340 427 1 353 557
437 250 672 1 267 799
438 259 229 1 270 363
439 253 253 1 264 387
440 460 645 1 461 740
441 191 202 1 204 340
442 349 764 1 368 889
443 290 738 1 310 864
444 152 437 1 169 571
445 388 924 1 409 1047
446 434 1137 1 458 1259
447 205 177 1 217 316
448 302 844 1 321 970
449 393 756 1 411 881
450 280 764 1 299 890
451 462 779 1 478 896
452 207 298 1 220 431
453 324 198 1 327 324
454 337 703 1 354 829
455 295 705 1 312 831
456 422 783 1 438 901
457 278 215 1 288 350
458 378 140 1 381 273
459 294 1027 1 315 1150
460 301 773 1 320 899
461 232 177 1 243 315
462 277 523 1 294 653
