0 237 586 1 260 713
1 228 844 1 256 968
2 197 604 1 222 730
3 200 575 1 222 703
4 195 652 1 219 778
5 237 573 1 260 699
6 227 951 1 254 1076
7 240 517 1 262 644
8 225 978 1 254 1103
9 183 870 1 210 995
10 187 470 1 208 599
11 176 963 1 204 1088
12 229 830 1 256 954
13 188 773 1 214 897
14 203 507 1 226 635
15 182 751 1 207 876
16 181 533 1 204 662
17 239 531 1 261 658
18 204 531 1 226 659
19 229 868 1 255 992
20 236 602 1 259 728
21 201 560 1 224 687
22 229 857 1 256 980
23 240 506 1 262 633
24 235 650 1 258 775
25 226 965 1 254 1090
26 241 466 1 263 595
27 194 682 1 218 809
28 183 509 1 206 639
29 388 988 1 403 1066
30 171 953 1 199 1078
31 394 333 1 350 357
32 234 672 1 258 797
33 188 447 1 211 578
34 242 443 1 263 572
35 179 560 1 202 688
36 240 491 1 262 619
37 184 493 1 207 622
38 233 683 1 258 808
39 91 54 1 110 197
40 230 817 1 256 943
41 165 747 1 190 875
42 193 395 1 214 526
43 239 557 1 260 684
44 160 807 1 187 932
45 167 715 1 192 841
46 173 633 1 197 760
47 229 906 1 255 1031
48 177 588 1 201 715
49 310 576 1 332 701
50 58 61 1 79 206
51 152 909 1 180 1034
52 211 778 1 237 903
53 127 435 1 148 567
54 193 632 1 216 758
55 174 909 1 203 1033
56 231 771 1 256 895
57 180 577 1 203 704
58 225 1021 1 254 1147
59 143 320 1 164 453
60 190 411 1 212 541
61 75 60 1 96 203
62 235 631 1 259 757
63 185 715 1 210 840
64 428 720 1 445 824
65 153 781 1 179 907
66 193 746 1 219 871
67 358 347 1 329 389
68 320 575 1 342 699
69 196 356 1 215 489
70 186 432 1 207 562
71 493 1045 1 518 1148
72 72 75 1 93 218
73 90 663 1 116 795
74 155 872 1 183 998
75 175 607 1 199 733
76 233 709 1 257 833
77 419 669 1 442 789
78 210 389 1 230 519
79 235 729 1 258 854
80 193 376 1 214 507
81 256 274 1 270 397
82 169 686 1 194 811
83 235 796 1 261 921
84 388 429 1 355 452
85 187 603 1 212 730
86 202 757 1 227 881
87 242 540 1 265 667
88 227 939 1 254 1064
89 163 772 1 189 897
90 82 87 1 102 229
91 231 1080 1 260 1203
92 148 984 1 176 1108
93 92 70 1 112 213
94 342 737 1 369 858
95 398 675 1 421 798
96 172 654 1 198 781
97 136 437 1 159 568
98 62 77 1 82 220
99 685 627 1 680 710
100 178 770 1 204 896
101 280 1046 1 308 1165
102 457 795 1 480 908
103 238 392 1 258 523
104 173 870 1 199 995
105 201 435 1 222 565
106 230 806 1 256 930
107 685 602 1 679 686
108 170 937 1 197 1063
109 242 185 1 258 319
110 153 315 1 174 447
111 247 425 1 267 554
112 304 706 1 329 830
113 40 1222 1 70 1353
114 309 646 1 332 770
115 226 919 1 253 1043
116 309 988 1 337 1107
117 387 829 1 413 951
118 187 590 1 212 718
119 92 80 1 112 223
120 429 670 1 452 791
121 338 572 1 360 697
122 77 726 1 103 857
123 214 274 1 233 406
124 209 407 1 229 537
125 310 785 1 334 899
126 253 1091 1 282 1212
127 505 1038 1 531 1146
128 312 655 1 336 780
129 186 652 1 209 779
130 174 845 1 202 970
131 234 699 1 259 824
132 417 698 1 440 819
133 406 905 1 433 1025
134 83 70 1 103 212
135 242 89 1 257 228
136 353 504 1 374 631
137 86 36 1 105 180
138 217 371 1 237 502
139 185 667 1 209 794
140 79 49 1 99 192
141 122 200 1 141 340
142 404 535 1 425 659
143 183 682 1 208 808
144 305 978 1 333 1098
145 167 979 1 194 1105
146 269 1022 1 297 1141
147 376 702 1 399 825
148 213 206 1 231 339
149 197 197 1 215 332
150 244 406 1 264 536
151 294 1086 1 323 1209
152 230 219 1 246 352
153 466 957 1 492 1071
154 263 354 1 282 483
155 196 345 1 217 477
156 281 1005 1 309 1123
157 176 437 1 198 567
158 226 1000 1 255 1125
159 242 231 1 259 363
160 393 884 1 420 1005
161 339 528 1 361 654
162 135 425 1 157 556
163 424 734 1 442 840
164 687 661 1 683 743
165 369 185 1 381 315
166 235 755 1 260 879
167 685 517 1 675 603
168 349 650 1 372 774
169 173 204 1 192 339
170 363 863 1 389 983
171 315 817 1 341 938
172 198 322 1 218 453
173 221 709 1 245 834
174 674 337 1 663 436
175 311 1003 1 339 1121
176 164 229 1 183 363
177 278 1035 1 306 1154
178 241 1045 1 269 1169
179 679 349 1 666 446
180 280 1019 1 308 1139
181 285 768 1 309 891
182 358 170 1 370 301
183 175 301 1 196 432
184 200 240 1 218 373
185 338 886 1 365 1006
186 213 261 1 231 393
187 308 769 1 333 892
188 290 1062 1 318 1182
189 67 86 1 88 229
190 266 825 1 292 949
191 190 182 1 208 318
192 339 900 1 365 1020
193 240 202 1 256 334
194 341 779 1 365 899
195 350 848 1 376 968
196 685 556 1 679 643
197 279 162 1 294 296
198 682 486 1 673 576
199 229 137 1 245 273
200 297 575 1 321 702
201 270 267 1 282 390
202 265 775 1 291 900
203 266 344 1 283 472
204 470 1078 1 493 1181
205 370 441 1 347 477
206 240 142 1 255 277
207 167 257 1 187 390
208 441 777 1 463 890
209 311 935 1 338 1054
210 356 542 1 378 668
211 383 619 1 397 730
212 190 563 1 213 691
213 322 914 1 348 1032
214 176 162 1 193 298
215 245 1111 1 275 1235
216 195 114 1 212 252
217 406 875 1 432 995
218 248 1100 1 279 1224
219 38 71 1 60 216
220 440 355 1 434 444
221 519 650 1 530 749
222 179 249 1 198 382
223 373 673 1 396 796
224 671 485 1 665 577
225 467 852 1 492 965
226 185 275 1 205 407
227 565 119 1 558 238
228 355 182 1 367 312
229 480 36 1 480 166
230 306 732 1 329 852
231 417 107 1 424 238
232 270 470 1 291 598
233 420 257 1 427 380
234 300 126 1 314 261
235 277 195 1 292 328
236 687 300 1 673 400
237 221 757 1 248 881
238 431 267 1 439 390
239 211 728 1 237 853
240 372 751 1 392 861
241 418 833 1 443 953
242 280 793 1 305 916
243 186 102 1 202 243
244 297 945 1 324 1064
245 290 1023 1 318 1142
246 390 906 1 417 1026
247 169 554 1 193 682
248 260 1122 1 289 1242
249 433 734 1 448 834
250 238 1096 1 268 1219
251 325 972 1 352 1091
252 431 797 1 456 917
253 464 759 1 485 872
254 207 193 1 225 328
255 375 761 1 399 885
256 331 674 1 354 797
257 246 242 1 263 375
258 285 755 1 310 878
259 418 687 1 442 809
260 241 327 1 260 457
261 257 218 1 272 351
262 309 213 1 322 341
263 281 146 1 295 281
264 291 152 1 306 286
265 233 151 1 248 285
266 231 282 1 249 413
267 211 750 1 237 875
268 387 789 1 411 904
269 668 567 1 664 656
270 296 749 1 321 872
271 268 794 1 294 918
272 247 218 1 263 350
273 181 952 1 208 1077
274 243 695 1 267 818
275 363 786 1 387 900
276 308 595 1 331 720
277 287 90 1 301 228
278 200 288 1 219 420
279 185 152 1 202 289
280 333 737 1 358 860
281 418 749 1 437 855
282 338 981 1 366 1103
283 377 829 1 403 951
284 311 176 1 325 309
285 297 94 1 310 231
286 245 102 1 260 239
287 443 882 1 469 999
288 208 160 1 225 295
289 350 859 1 376 980
290 671 483 1 664 575
291 209 83 1 225 222
292 379 654 1 405 780
293 151 241 1 171 375
294 195 170 1 213 305
295 341 913 1 368 1033
296 306 478 1 327 604
297 189 226 1 207 360
298 346 169 1 357 297
299 223 201 1 240 334
300 299 917 1 325 1038
301 325 591 1 347 716
302 189 216 1 207 350
303 327 901 1 353 1020
304 247 341 1 266 471
305 269 143 1 285 279
306 328 961 1 355 1080
307 262 845 1 289 969
308 668 195 1 653 303
309 311 835 1 336 957
310 467 721 1 483 824
311 509 553 1 522 663
312 321 388 1 340 516
313 363 893 1 389 1015
314 289 171 1 304 305
315 329 644 1 353 768
316 404 545 1 425 669
317 329 925 1 355 1043
318 432 762 1 454 878
319 166 109 1 185 249
320 197 154 1 215 290
321 270 1096 1 299 1217
322 410 866 1 435 983
323 281 881 1 307 1000
324 297 1073 1 325 1194
325 218 221 1 236 354
326 497 713 1 515 823
327 210 246 1 228 379
328 275 710 1 299 833
329 488 1082 1 511 1183
330 250 732 1 275 856
331 309 508 1 330 634
332 279 984 1 306 1102
333 349 898 1 376 1018
334 418 268 1 426 390
335 356 528 1 377 654
336 344 1055 1 373 1178
337 265 998 1 293 1117
338 258 1048 1 286 1168
339 345 543 1 367 669
340 303 681 1 327 805
341 341 599 1 363 724
342 240 119 1 255 258
343 252 1038 1 280 1161
344 421 763 1 445 883
345 312 920 1 339 1041
346 245 859 1 272 983
347 197 101 1 215 239
348 367 835 1 393 957
349 219 105 1 235 243
350 466 776 1 487 888
351 200 230 1 218 364
352 286 694 1 310 818
353 443 817 1 467 935
354 686 466 1 676 557
355 314 700 1 338 823
356 280 134 1 295 271
357 320 729 1 344 852
358 250 196 1 266 328
359 182 290 1 202 422
360 254 683 1 278 806
361 179 188 1 197 324
362 221 232 1 238 363
363 547 996 1 565 1083
364 294 886 1 320 1006
365 273 804 1 299 928
366 210 911 1 237 1036
367 402 894 1 429 1014
368 186 346 1 207 478
369 282 554 1 304 680
370 171 175 1 190 311
371 226 323 1 245 452
372 275 817 1 301 940
373 341 1044 1 370 1167
374 254 406 1 275 536
375 292 161 1 307 295
376 259 758 1 284 882
377 269 1055 1 298 1175
378 213 318 1 232 449
379 449 845 1 473 959
380 336 828 1 361 948
381 103 66 1 122 209
382 232 228 1 248 359
383 396 849 1 422 970
384 312 467 1 332 593
385 305 388 1 324 517
386 386 916 1 413 1035
387 247 162 1 263 296
388 297 792 1 323 915
389 294 1044 1 322 1164
390 321 937 1 348 1056
391 202 312 1 221 441
392 209 102 1 224 240
393 214 148 1 231 284
394 196 714 1 221 839
395 249 743 1 274 867
396 345 998 1 373 1117
397 266 233 1 283 365
398 343 961 1 370 1083
399 484 719 1 499 822
400 300 828 1 326 951
401 373 1104 1 403 1227
402 280 973 1 307 1092
403 269 979 1 296 1098
404 349 885 1 374 1005
405 354 766 1 379 889
406 277 782 1 302 905
407 137 61 1 155 203
408 163 782 1 190 907
409 406 922 1 432 1041
410 286 927 1 313 1047
411 268 722 1 293 845
412 456 720 1 472 825
413 686 818 1 687 896
414 466 1048 1 482 1129
415 229 888 1 256 1013
416 208 791 1 234 915
417 197 262 1 215 395
418 338 818 1 363 939
419 676 542 1 670 630
420 249 394 1 269 524
421 287 507 1 308 632
422 253 511 1 275 637
423 300 818 1 327 942
424 404 523 1 424 647
425 305 535 1 327 661
426 264 695 1 288 818
427 245 1070 1 273 1192
428 102 84 1 122 224
429 287 544 1 309 671
430 433 835 1 458 955
431 279 899 1 305 1019
432 224 151 1 240 287
433 340 219 1 355 349
434 423 775 1 446 892
435 334 431 1 353 557
436 243 675 1 268 800
437 253 232 1 270 363
438 247 255 1 264 387
439 455 651 1 462 742
440 186 205 1 204 340
441 343 768 1 368 890
442 284 742 1 310 865
443 146 440 1 169 571
444 382 928 1 409 1048
445 428 1142 1 458 1261
446 200 179 1 217 315
447 296 848 1 321 971
448 387 760 1 412 881
449 274 768 1 299 891
450 457 784 1 479 897
451 201 300 1 220 431
452 318 201 1 327 324
453 421 932 1 447 1050
454 331 706 1 355 829
455 289 709 1 313 832
456 417 787 1 438 902
457 272 218 1 288 350
458 372 142 1 382 273
459 287 1032 1 316 1152
460 295 776 1 321 900
461 226 180 1 243 315
462 272 526 1 294 653
