0 223 696 1 220 781
1 228 574 1 227 661
2 264 628 1 262 715
3 260 891 1 257 975
4 266 495 1 265 584
5 227 549 1 227 637
6 261 999 1 256 1084
7 264 546 1 264 635
8 264 559 1 263 646
9 259 1027 1 255 1112
10 225 646 1 223 733
11 209 1013 1 205 1097
12 209 512 1 209 600
13 206 576 1 205 664
14 261 715 1 259 801
15 204 1003 1 199 1087
16 262 693 1 260 779
17 264 572 1 263 659
18 263 616 1 262 701
19 261 876 1 257 960
20 261 915 1 257 1000
21 263 644 1 261 731
22 227 602 1 225 689
23 260 1015 1 255 1099
24 265 507 1 264 595
25 260 903 1 257 987
26 214 918 1 211 1002
27 188 892 1 186 977
28 261 865 1 257 949
29 203 632 1 202 718
30 213 794 1 208 881
31 86 119 1 91 215
32 218 818 1 215 902
33 222 726 1 219 813
34 419 401 1 386 440
35 265 484 1 265 572
36 208 535 1 208 623
37 264 532 1 263 620
38 260 1071 1 256 1157
39 200 705 1 198 791
40 193 796 1 191 880
41 261 817 1 258 901
42 203 602 1 203 690
43 240 824 1 238 909
44 261 727 1 259 812
45 103 97 1 108 193
46 458 1117 1 447 1181
47 262 683 1 260 769
48 264 598 1 262 686
49 207 956 1 203 1041
50 199 677 1 198 763
51 261 954 1 257 1039
52 194 761 1 193 846
53 337 616 1 334 703
54 184 958 1 181 1042
55 190 854 1 187 938
56 215 436 1 215 525
57 530 770 1 522 849
58 220 675 1 217 761
59 224 623 1 223 705
60 117 707 1 117 796
61 148 479 1 149 567
62 262 773 1 259 859
63 487 865 1 482 947
64 214 760 1 211 845
65 212 452 1 212 541
66 88 104 1 94 199
67 262 674 1 261 760
68 451 1128 1 440 1190
69 417 780 1 408 850
70 216 398 1 216 489
71 208 474 1 208 563
72 181 1033 1 177 1118
73 162 361 1 165 452
74 183 827 1 180 913
75 266 1131 1 262 1216
76 213 633 1 213 720
77 183 988 1 179 1073
78 232 429 1 231 519
79 214 417 1 215 507
80 367 412 1 344 460
81 186 921 1 183 1005
82 197 730 1 195 815
83 265 841 1 262 927
84 213 647 1 213 733
85 93 932 1 91 1017
86 81 128 1 87 224
87 347 615 1 345 701
88 214 618 1 213 705
89 231 802 1 228 887
90 268 582 1 266 669
91 260 987 1 256 1072
92 202 986 1 198 1071
93 192 818 1 190 903
94 428 715 1 424 802
95 261 752 1 258 838
96 95 130 1 100 225
97 450 707 1 446 793
98 273 314 1 270 398
99 106 114 1 110 209
100 201 650 1 200 736
101 204 620 1 204 706
102 306 1077 1 299 1156
103 158 479 1 159 568
104 212 711 1 210 797
105 495 840 1 486 919
106 204 918 1 200 1002
107 349 1143 1 343 1225
108 506 1015 1 500 1095
109 260 851 1 257 936
110 258 225 1 259 317
111 268 462 1 268 551
112 621 1038 1 587 1060
113 173 356 1 175 446
114 264 473 1 264 562
115 76 115 1 81 210
116 106 770 1 104 858
117 336 688 1 334 774
118 342 832 1 336 911
119 345 1039 1 339 1120
120 378 480 1 376 569
121 420 872 1 417 957
122 106 124 1 111 219
123 316 1101 1 310 1181
124 364 612 1 363 699
125 233 315 1 233 405
126 341 696 1 338 783
127 92 92 1 97 188
128 205 892 1 202 976
129 262 743 1 260 828
130 208 816 1 205 901
131 212 696 1 210 782
132 217 386 1 218 476
133 442 950 1 437 1034
134 497 803 1 491 882
135 420 813 1 410 882
136 260 432 1 260 522
137 448 737 1 444 823
138 372 932 1 368 1015
139 255 180 1 256 274
140 98 80 1 104 176
141 238 411 1 238 501
142 256 129 1 258 224
143 211 726 1 209 812
144 346 990 1 341 1073
145 194 342 1 196 432
146 407 743 1 403 829
147 230 246 1 231 338
148 214 238 1 215 330
149 266 447 1 266 536
150 330 1139 1 326 1223
151 246 259 1 247 350
152 329 1116 1 321 1197
153 504 1005 1 498 1085
154 178 1068 1 173 1153
155 341 1029 1 335 1110
156 347 1054 1 341 1135
157 377 971 1 372 1053
158 218 280 1 219 371
159 317 1057 1 311 1137
160 260 1049 1 256 1134
161 292 1141 1 287 1222
162 428 929 1 424 1014
163 365 567 1 363 656
164 313 812 1 310 897
165 157 468 1 158 556
166 589 144 1 570 232
167 387 221 1 384 313
168 265 800 1 261 885
169 378 691 1 375 777
170 333 751 1 329 836
171 190 245 1 192 337
172 397 909 1 392 992
173 314 1089 1 308 1169
174 380 543 1 377 631
175 249 754 1 246 838
176 309 986 1 305 1068
177 218 363 1 218 452
178 372 830 1 368 910
179 209 175 1 212 268
180 51 115 1 59 213
181 181 270 1 183 362
182 460 711 1 456 797
183 374 206 1 373 298
184 283 134 1 283 229
185 245 176 1 246 270
186 231 302 1 231 392
187 357 963 1 351 1043
188 396 833 1 390 911
189 298 870 1 294 955
190 206 222 1 208 315
191 199 289 1 199 381
192 257 241 1 257 332
193 276 1099 1 271 1182
194 383 894 1 379 977
195 328 213 1 327 306
196 296 200 1 295 293
197 239 241 1 241 332
198 231 447 1 231 536
199 214 1002 1 209 1086
200 286 306 1 282 390
201 459 577 1 476 705
202 65 108 1 71 204
203 383 566 1 380 655
204 287 384 1 285 472
205 300 839 1 296 924
206 513 1143 1 501 1210
207 429 1118 1 420 1187
208 383 582 1 381 669
209 185 298 1 187 389
210 359 255 1 357 347
211 533 227 1 520 314
212 475 823 1 469 901
213 431 581 1 429 670
214 492 73 1 482 168
215 215 606 1 214 693
216 191 202 1 193 296
217 282 1166 1 276 1249
218 210 154 1 211 248
219 441 919 1 437 1003
220 203 322 1 204 411
221 529 792 1 518 865
222 95 114 1 100 209
223 273 257 1 273 349
224 403 713 1 399 799
225 299 1050 1 295 1131
226 316 1077 1 310 1157
227 371 582 1 370 670
228 385 945 1 379 1028
229 451 875 1 447 960
230 372 217 1 370 310
231 496 63 1 486 158
232 401 1049 1 396 1134
233 294 510 1 293 598
234 439 292 1 432 380
235 316 163 1 315 258
236 293 233 1 293 326
237 251 801 1 249 886
238 451 301 1 444 390
239 240 773 1 238 858
240 311 837 1 307 922
241 112 91 1 117 187
242 200 144 1 203 239
243 284 394 1 284 483
244 326 1076 1 320 1156
245 425 952 1 421 1035
246 194 597 1 193 684
247 274 1150 1 269 1233
248 311 1067 1 305 1147
249 465 839 1 460 924
250 204 65 1 207 164
251 224 233 1 225 326
252 360 715 1 357 801
253 307 825 1 305 911
254 204 308 1 205 399
255 317 796 1 313 879
256 261 367 1 261 457
257 365 953 1 359 1033
258 297 184 1 297 278
259 308 189 1 308 284
260 292 138 1 293 233
261 249 322 1 249 412
262 270 831 1 267 916
263 450 727 1 446 813
264 264 257 1 263 348
265 223 123 1 225 218
266 296 820 1 293 905
267 302 128 1 302 224
268 320 1115 1 315 1196
269 200 192 1 202 286
270 219 341 1 219 431
271 374 1029 1 369 1113
272 440 1025 1 434 1108
273 410 872 1 406 957
274 312 132 1 311 227
275 455 411 1 421 456
276 479 927 1 474 1009
277 223 200 1 225 293
278 384 905 1 379 988
279 219 260 1 220 352
280 286 181 1 286 275
281 354 1038 1 349 1118
282 168 283 1 170 374
283 211 210 1 213 302
284 376 960 1 371 1043
285 330 518 1 329 605
286 206 267 1 207 358
287 363 204 1 359 294
288 471 766 1 460 833
289 272 272 1 272 363
290 352 631 1 350 718
291 205 257 1 207 349
292 284 272 1 283 362
293 325 252 1 320 337
294 294 891 1 291 976
295 358 684 1 355 771
296 201 696 1 199 783
297 267 380 1 266 469
298 494 771 1 483 842
299 343 425 1 342 516
300 334 506 1 334 596
301 397 939 1 393 1023
302 305 209 1 305 302
303 440 1120 1 428 1178
304 375 993 1 368 1074
305 170 67 1 174 165
306 490 875 1 484 956
307 303 926 1 299 1009
308 183 150 1 185 246
309 213 194 1 215 288
310 306 1151 1 301 1233
311 347 968 1 342 1051
312 363 972 1 358 1053
313 314 928 1 309 1011
314 333 1127 1 327 1209
315 445 755 1 441 840
316 117 875 1 114 960
317 235 261 1 236 353
318 279 502 1 278 591
319 265 282 1 264 372
320 336 779 1 332 860
321 304 754 1 301 838
322 279 776 1 277 861
323 308 969 1 304 1051
324 334 548 1 332 635
325 491 1008 1 485 1089
326 313 1036 1 307 1116
327 438 303 1 430 390
328 381 1105 1 376 1190
329 294 1103 1 288 1183
330 362 940 1 356 1022
331 369 639 1 366 726
332 603 542 1 585 613
333 295 171 1 295 265
334 287 1090 1 282 1174
335 226 401 1 227 491
336 354 604 1 351 691
337 212 142 1 215 236
338 400 878 1 396 963
339 234 144 1 236 239
340 500 821 1 492 899
341 218 271 1 219 362
342 315 737 1 312 822
343 477 860 1 472 943
344 627 367 1 606 443
345 342 741 1 340 827
346 266 234 1 267 326
347 546 1086 1 533 1150
348 223 41 1 226 141
349 425 896 1 421 980
350 276 1111 1 271 1194
351 195 229 1 197 321
352 679 658 1 655 719
353 227 288 1 229 377
354 327 935 1 323 1016
355 503 898 1 497 977
356 438 940 1 433 1024
357 206 386 1 208 477
358 356 1054 1 351 1135
359 187 215 1 190 308
360 246 363 1 246 451
361 305 1118 1 300 1200
362 185 37 1 189 136
363 378 1095 1 373 1179
364 326 558 1 324 645
365 277 446 1 276 536
366 308 199 1 308 292
367 374 819 1 371 904
368 440 979 1 435 1062
369 302 555 1 301 642
370 116 109 1 121 205
371 260 141 1 260 235
372 477 1208 1 470 1291
373 233 358 1 233 447
374 327 427 1 326 517
375 422 963 1 417 1045
376 263 201 1 263 293
377 329 837 1 326 921
378 330 1097 1 324 1179
379 223 141 1 225 237
380 229 188 1 231 281
381 298 857 1 295 942
382 225 758 1 222 844
383 279 788 1 276 872
384 381 1049 1 376 1130
385 221 209 1 222 302
386 378 1007 1 374 1092
387 332 873 1 329 958
388 413 1156 1 407 1240
389 304 505 1 302 593
390 314 1025 1 309 1106
391 303 1031 1 298 1111
392 465 808 1 459 888
393 383 932 1 378 1015
394 290 847 1 286 931
395 385 808 1 382 894
396 150 103 1 154 199
397 193 828 1 190 913
398 442 968 1 437 1051
399 458 818 1 452 899
400 433 140 1 430 235
401 297 766 1 295 850
402 282 234 1 283 326
403 489 770 1 479 840
404 261 935 1 257 1020
405 215 302 1 216 393
406 370 863 1 366 947
407 271 434 1 271 524
408 312 547 1 309 634
409 278 551 1 277 639
410 543 1025 1 527 1081
411 221 63 1 224 160
412 430 561 1 427 648
413 384 827 1 380 909
414 459 928 1 454 1011
415 116 124 1 120 220
416 286 1052 1 281 1136
417 357 792 1 355 877
418 467 879 1 463 962
419 286 765 1 284 849
420 311 947 1 307 1029
421 239 191 1 241 284
422 422 835 1 415 915
423 330 575 1 328 662
424 538 589 1 528 667
425 272 719 1 269 804
426 464 952 1 458 1034
427 264 295 1 265 386
428 613 592 1 595 662
429 303 1162 1 298 1244
430 202 246 1 204 338
431 374 810 1 371 895
432 168 483 1 169 572
433 418 975 1 413 1058
434 470 1196 1 464 1278
435 354 914 1 349 997
436 491 829 1 484 908
437 240 805 1 237 891
438 458 979 1 452 1061
439 360 748 1 357 833
440 398 241 1 396 334
441 290 257 1 289 348
442 254 1147 1 250 1230
443 332 742 1 328 827
444 242 220 1 244 312
445 297 567 1 296 654
446 453 897 1 449 980
447 347 509 1 344 596
