0 181 706 1 221 784
1 188 583 1 228 662
2 223 638 1 263 717
3 217 905 1 259 981
4 189 558 1 228 638
5 228 504 1 267 584
6 166 586 1 206 665
7 226 567 1 264 647
8 216 1016 1 257 1092
9 226 556 1 265 636
10 214 1044 1 256 1120
11 185 656 1 224 735
12 170 520 1 210 601
13 163 1029 1 206 1105
14 224 625 1 263 703
15 158 1019 1 200 1095
16 221 704 1 261 782
17 224 581 1 264 661
18 228 492 1 266 573
19 218 890 1 259 966
20 217 930 1 258 1006
21 223 654 1 262 733
22 187 612 1 226 691
23 220 728 1 260 805
24 214 1032 1 256 1107
25 174 657 1 214 736
26 184 631 1 223 710
27 227 516 1 265 596
28 217 918 1 259 993
29 169 933 1 212 1009
30 144 906 1 187 983
31 158 687 1 199 766
32 162 972 1 204 1048
33 170 807 1 209 886
34 51 120 1 89 211
35 174 830 1 216 907
36 162 642 1 203 720
37 218 879 1 259 955
38 169 543 1 209 624
39 226 541 1 264 621
40 214 1089 1 257 1166
41 158 716 1 199 794
42 150 808 1 191 885
43 219 831 1 259 906
44 163 611 1 204 691
45 362 791 1 403 866
46 448 885 1 487 956
47 197 837 1 239 914
48 179 738 1 220 816
49 220 738 1 260 815
50 68 97 1 106 189
51 31 119 1 70 210
52 588 1085 1 616 1127
53 221 694 1 261 772
54 225 608 1 263 688
55 167 1019 1 210 1094
56 217 970 1 258 1046
57 376 661 1 449 818
58 152 772 1 193 850
59 298 627 1 336 705
60 139 972 1 181 1049
61 146 867 1 188 944
62 177 443 1 215 525
63 515 1176 1 553 1238
64 76 714 1 118 797
65 109 485 1 149 568
66 171 771 1 212 849
67 174 459 1 213 541
68 53 104 1 92 195
69 222 684 1 262 763
70 60 874 1 103 951
71 126 366 1 165 451
72 180 405 1 217 488
73 178 685 1 218 764
74 134 1050 1 177 1126
75 482 1098 1 513 1139
76 454 862 1 491 928
77 169 481 1 209 563
78 344 623 1 382 700
79 139 840 1 180 918
80 503 1178 1 543 1242
81 173 643 1 214 722
82 137 1005 1 180 1081
83 195 437 1 232 519
84 388 729 1 428 805
85 379 807 1 412 865
86 177 423 1 216 506
87 141 935 1 184 1011
88 40 105 1 78 197
89 41 120 1 79 212
90 154 742 1 195 819
91 223 855 1 264 932
92 47 944 1 90 1023
93 219 786 1 260 863
94 308 626 1 347 703
95 174 628 1 214 707
96 63 777 1 105 860
97 188 815 1 229 892
98 229 591 1 268 671
99 215 1004 1 257 1080
100 156 1002 1 198 1079
101 149 830 1 190 908
102 609 1075 1 639 1121
103 219 764 1 259 842
104 475 1088 1 509 1137
105 61 131 1 99 222
106 411 721 1 449 797
107 299 855 1 338 921
108 236 324 1 269 399
109 72 115 1 109 206
110 160 660 1 200 738
111 58 94 1 96 185
112 221 754 1 261 832
113 163 630 1 204 709
114 165 829 1 205 906
115 47 130 1 85 221
116 120 486 1 159 568
117 224 133 1 259 221
118 171 722 1 211 800
119 488 63 1 502 141
120 226 278 1 261 361
121 159 932 1 201 1009
122 304 1167 1 346 1239
123 465 1039 1 505 1107
124 217 866 1 258 942
125 224 230 1 259 315
126 231 470 1 269 552
127 137 361 1 175 445
128 227 481 1 265 562
129 342 490 1 379 570
130 529 647 1 558 710
131 379 888 1 420 963
132 420 709 1 458 783
133 71 125 1 109 216
134 271 1125 1 312 1195
135 326 624 1 365 701
136 299 709 1 340 786
137 197 322 1 234 404
138 684 524 1 691 569
139 161 906 1 203 983
140 170 707 1 211 785
141 181 392 1 219 476
142 400 970 1 441 1042
143 281 963 1 322 1036
144 222 185 1 257 272
145 223 440 1 261 522
146 330 950 1 370 1024
147 65 80 1 102 172
148 201 418 1 239 501
149 445 1081 1 474 1119
150 454 1042 1 495 1111
151 169 738 1 210 815
152 158 348 1 196 431
153 367 758 1 405 833
154 195 252 1 231 336
155 179 244 1 215 328
156 230 455 1 267 536
157 285 1162 1 328 1235
158 211 266 1 247 349
159 463 1028 1 503 1097
160 201 175 1 235 262
161 131 1086 1 174 1162
162 297 1050 1 337 1121
163 319 698 1 357 774
164 272 826 1 312 902
165 334 991 1 375 1063
166 183 286 1 219 370
167 271 1081 1 312 1151
168 215 1067 1 258 1143
169 246 1166 1 288 1237
170 386 948 1 427 1021
171 296 220 1 329 304
172 297 699 1 336 776
173 118 475 1 158 557
174 569 155 1 580 225
175 355 230 1 386 310
176 222 814 1 263 890
177 339 703 1 378 780
178 554 1082 1 582 1121
179 292 765 1 331 841
180 155 250 1 191 335
181 355 928 1 395 1000
182 465 921 1 503 988
183 268 1113 1 310 1183
184 207 766 1 247 843
185 264 1007 1 306 1079
186 402 709 1 440 784
187 90 136 1 127 225
188 337 788 1 377 864
189 181 370 1 218 452
190 175 179 1 212 266
191 146 275 1 183 360
192 391 717 1 430 793
193 85 124 1 122 214
194 344 569 1 406 702
195 421 726 1 460 800
196 355 853 1 394 921
197 343 214 1 375 296
198 251 139 1 284 226
199 495 1092 1 524 1132
200 468 814 1 502 877
201 195 308 1 231 391
202 313 985 1 353 1055
203 255 885 1 296 961
204 692 654 1 700 691
205 172 227 1 208 313
206 163 295 1 199 379
207 223 248 1 257 330
208 231 1120 1 272 1193
209 341 911 1 382 984
210 321 975 1 362 1044
211 263 206 1 296 291
212 212 181 1 246 268
213 205 246 1 241 331
214 194 455 1 232 537
215 400 721 1 439 797
216 250 317 1 282 391
217 333 848 1 371 919
218 30 108 1 69 201
219 211 128 1 245 216
220 257 854 1 298 930
221 73 875 1 115 953
222 149 303 1 187 388
223 326 263 1 359 345
224 506 240 1 527 312
225 436 844 1 473 911
226 415 1083 1 442 1113
227 466 81 1 485 161
228 175 615 1 215 695
229 157 206 1 193 293
230 391 695 1 429 770
231 235 1188 1 278 1262
232 469 1058 1 503 1112
233 400 938 1 440 1011
234 167 328 1 204 411
235 255 1092 1 297 1165
236 492 817 1 525 878
237 61 115 1 99 206
238 239 263 1 274 348
239 158 285 1 195 368
240 363 726 1 402 803
241 255 1072 1 296 1143
242 270 1100 1 312 1170
243 342 964 1 382 1037
244 301 1062 1 341 1132
245 411 892 1 451 967
246 340 226 1 372 308
247 471 72 1 489 152
248 344 845 1 383 917
249 280 994 1 321 1066
250 414 698 1 452 773
251 257 519 1 295 599
252 296 827 1 337 904
253 407 305 1 435 379
254 284 170 1 317 255
255 260 240 1 294 324
256 209 814 1 250 891
257 357 1068 1 399 1143
258 419 314 1 448 389
259 198 785 1 239 862
260 191 126 1 225 215
261 458 816 1 492 879
262 269 852 1 309 928
263 79 91 1 116 183
264 167 147 1 203 236
265 248 403 1 285 483
266 329 960 1 369 1031
267 281 1100 1 322 1170
268 384 971 1 424 1044
269 485 1081 1 514 1118
270 154 606 1 194 685
271 228 1172 1 271 1245
272 424 856 1 464 930
273 470 1134 1 502 1180
274 172 68 1 207 160
275 576 569 1 597 624
276 218 195 1 251 281
277 381 847 1 418 915
278 190 239 1 225 324
279 406 1172 1 444 1229
280 320 728 1 359 805
281 266 840 1 306 916
282 168 314 1 206 398
283 358 893 1 399 969
284 275 810 1 315 885
285 466 1048 1 506 1116
286 225 375 1 262 456
287 265 190 1 298 275
288 276 196 1 309 281
289 261 143 1 294 230
290 360 1092 1 391 1123
291 214 330 1 250 412
292 228 845 1 269 921
293 544 1107 1 572 1145
294 234 1145 1 276 1218
295 229 263 1 264 346
296 534 658 1 563 720
297 254 835 1 295 911
298 271 134 1 303 221
299 302 1011 1 343 1083
300 275 1139 1 317 1210
301 167 197 1 202 284
302 183 349 1 219 430
303 286 216 1 319 300
304 330 1047 1 372 1122
305 397 1047 1 438 1118
306 369 888 1 409 963
307 376 1174 1 417 1243
308 280 137 1 312 224
309 216 275 1 251 358
310 562 990 1 594 1044
311 301 185 1 333 269
312 439 948 1 479 1018
313 189 204 1 225 290
314 342 923 1 382 996
315 185 266 1 220 350
316 254 187 1 287 272
317 311 1059 1 351 1131
318 132 289 1 170 373
319 177 215 1 213 300
320 333 979 1 374 1052
321 293 528 1 331 607
322 171 272 1 207 357
323 331 212 1 361 292
324 238 278 1 273 362
325 314 642 1 352 720
326 170 263 1 206 347
327 250 279 1 284 361
328 251 202 1 285 287
329 291 261 1 321 337
330 251 906 1 293 982
331 507 127 1 525 203
332 308 859 1 346 925
333 159 706 1 200 786
334 589 726 1 612 777
335 230 388 1 267 469
336 380 711 1 419 787
337 307 435 1 344 515
338 233 921 1 274 997
339 297 516 1 335 596
340 355 957 1 396 1031
341 273 216 1 306 300
342 438 937 1 478 1008
343 330 1016 1 371 1085
344 138 69 1 173 162
345 450 895 1 488 965
346 260 945 1 300 1017
347 149 154 1 185 243
348 179 198 1 215 285
349 261 1174 1 303 1247
350 303 988 1 344 1060
351 443 793 1 479 862
352 271 947 1 311 1020
353 288 1151 1 329 1222
354 269 868 1 309 944
355 405 770 1 444 844
356 72 887 1 114 965
357 201 267 1 237 351
358 234 442 1 272 524
359 241 511 1 280 591
360 266 515 1 304 594
361 230 289 1 265 371
362 248 1121 1 290 1193
363 262 767 1 303 843
364 237 790 1 278 866
365 264 989 1 305 1061
366 527 1079 1 554 1114
367 296 558 1 334 637
368 450 1031 1 490 1101
369 269 1058 1 309 1129
370 406 316 1 434 390
371 337 1126 1 379 1200
372 519 1151 1 558 1214
373 322 902 1 362 974
374 692 598 1 700 639
375 317 960 1 359 1031
376 330 651 1 368 728
377 236 142 1 270 229
378 263 177 1 296 262
379 241 1111 1 283 1184
380 280 610 1 317 688
381 190 408 1 228 491
382 681 678 1 691 716
383 369 774 1 409 849
384 315 616 1 353 693
385 179 146 1 215 233
386 502 1131 1 532 1170
387 229 1081 1 271 1155
388 201 148 1 236 236
389 461 843 1 498 910
390 182 277 1 219 361
391 274 750 1 314 826
392 655 694 1 668 734
393 258 1082 1 300 1152
394 301 754 1 342 831
395 357 576 1 427 722
396 352 966 1 392 1040
397 233 241 1 268 324
398 436 879 1 476 951
399 192 45 1 227 138
400 383 913 1 424 987
401 230 1131 1 272 1205
402 161 233 1 197 319
403 162 216 1 198 302
404 193 294 1 229 376
405 284 953 1 325 1025
406 609 478 1 621 530
407 396 959 1 436 1032
408 170 393 1 208 477
409 312 1077 1 353 1147
410 153 219 1 189 306
411 210 370 1 247 451
412 260 1142 1 301 1213
413 154 39 1 189 133
414 334 1117 1 376 1190
415 287 569 1 325 646
416 240 454 1 278 536
417 276 205 1 310 290
418 333 834 1 373 909
419 269 605 1 308 683
420 328 1060 1 369 1133
421 398 999 1 439 1072
422 264 564 1 302 644
423 82 111 1 119 202
424 322 990 1 363 1062
425 196 365 1 233 447
426 291 435 1 328 517
427 380 982 1 420 1054
428 230 206 1 264 291
429 287 851 1 328 927
430 285 1121 1 326 1192
431 352 916 1 392 990
432 196 192 1 231 278
433 256 871 1 297 947
434 245 1098 1 286 1172
435 237 802 1 277 877
436 337 1071 1 379 1142
437 186 214 1 222 300
438 277 765 1 317 841
439 335 1026 1 376 1101
440 156 273 1 193 357
441 290 889 1 331 964
442 498 41 1 515 122
443 270 1048 1 311 1118
444 259 1053 1 299 1124
445 341 951 1 380 1023
446 247 861 1 288 937
447 442 986 1 482 1056
448 117 105 1 153 195
449 149 841 1 191 918
450 400 989 1 440 1060
451 622 797 1 642 839
452 404 149 1 433 231
453 256 779 1 296 855
454 249 240 1 283 324
455 232 741 1 272 817
456 217 951 1 259 1027
457 179 309 1 216 392
458 328 880 1 369 954
459 273 558 1 311 636
460 239 561 1 278 640
461 190 65 1 224 156
462 418 949 1 458 1020
463 285 910 1 326 984
464 287 1131 1 329 1201
465 241 1072 1 282 1146
466 316 807 1 357 882
467 427 897 1 467 969
468 268 966 1 309 1039
469 206 196 1 241 282
470 292 586 1 330 664
471 504 610 1 534 674
472 208 825 1 249 900
473 231 731 1 270 808
474 423 973 1 462 1043
475 230 303 1 266 385
476 585 621 1 607 674
477 257 1187 1 300 1258
478 167 252 1 204 336
479 291 1020 1 332 1092
480 333 826 1 374 900
481 242 744 1 282 820
482 130 490 1 170 572
483 376 995 1 416 1067
484 427 1223 1 468 1294
485 311 933 1 352 1005
486 217 144 1 251 231
487 692 681 1 700 718
488 252 751 1 292 827
489 198 818 1 238 895
490 416 1001 1 456 1072
491 319 761 1 360 837
492 366 250 1 398 332
493 371 709 1 410 784
494 256 264 1 290 346
495 267 1187 1 309 1258
496 208 1168 1 251 1242
497 291 755 1 330 831
498 565 1078 1 593 1119
499 209 226 1 244 310
500 258 577 1 297 656
501 175 158 1 211 245
502 413 915 1 453 988
503 309 519 1 346 597
