0 202 741 1 222 788
1 209 617 1 229 664
2 244 673 1 264 720
3 248 536 1 268 585
4 204 691 1 225 738
5 242 753 1 263 799
6 209 592 1 229 640
7 239 943 1 260 988
8 238 1057 1 259 1102
9 186 619 1 206 667
10 246 589 1 266 637
11 237 1087 1 258 1131
12 190 553 1 211 602
13 243 689 1 264 736
14 196 822 1 217 867
15 245 601 1 266 649
16 244 659 1 265 706
17 237 1073 1 258 1117
18 180 1060 1 201 1105
19 242 740 1 263 786
20 188 846 1 210 891
21 247 524 1 267 573
22 239 929 1 260 974
23 239 970 1 260 1014
24 207 645 1 227 693
25 241 764 1 262 809
26 245 614 1 265 662
27 184 1071 1 206 1115
28 194 691 1 215 739
29 204 665 1 224 713
30 247 548 1 267 597
31 239 957 1 260 1001
32 188 1045 1 209 1090
33 190 973 1 212 1017
34 386 826 1 406 871
35 178 723 1 199 769
36 189 576 1 209 626
37 66 152 1 87 207
38 166 943 1 187 990
39 195 868 1 217 913
40 182 677 1 203 723
41 396 1166 1 417 1210
42 157 1057 1 179 1101
43 240 917 1 260 962
44 624 1157 1 633 1169
45 246 574 1 266 622
46 185 1013 1 205 1057
47 244 642 1 265 690
48 167 905 1 188 951
49 178 752 1 200 799
50 170 846 1 192 891
51 183 645 1 204 694
52 203 840 1 225 885
53 196 475 1 216 525
54 200 775 1 221 821
55 241 774 1 262 820
56 96 748 1 119 798
57 240 801 1 261 847
58 189 832 1 211 878
59 46 151 1 67 206
60 242 729 1 263 776
61 648 1206 1 656 1219
62 475 927 1 492 966
63 239 1010 1 260 1055
64 172 809 1 194 855
65 319 661 1 339 708
66 220 875 1 241 920
67 547 1233 1 563 1265
68 67 985 1 90 1030
69 159 878 1 181 924
70 396 825 1 416 870
71 145 398 1 166 450
72 160 1014 1 181 1058
73 366 656 1 385 703
74 239 868 1 260 913
75 77 163 1 97 218
76 128 518 1 149 568
77 100 155 1 121 210
78 192 808 1 213 854
79 193 492 1 214 541
80 68 136 1 90 191
81 243 719 1 263 766
82 189 514 1 210 563
83 426 677 1 445 723
84 80 913 1 102 958
85 245 895 1 265 939
86 198 720 1 219 767
87 155 1093 1 177 1137
88 479 904 1 497 941
89 241 822 1 262 868
90 436 757 1 454 802
91 174 777 1 196 824
92 213 469 1 233 519
93 197 438 1 218 488
94 159 1046 1 180 1090
95 78 121 1 100 178
96 413 764 1 431 810
97 196 455 1 217 506
98 193 677 1 215 725
99 162 975 1 184 1020
100 55 137 1 76 193
101 56 152 1 77 208
102 234 889 1 255 934
103 243 1201 1 264 1243
104 169 869 1 191 914
105 237 1045 1 259 1089
106 180 695 1 201 742
107 494 1084 1 512 1123
108 249 625 1 269 673
109 535 1232 1 552 1267
110 177 1043 1 199 1088
111 317 683 1 337 729
112 62 162 1 83 217
113 329 659 1 349 706
114 194 663 1 215 710
115 252 355 1 268 400
116 363 1188 1 384 1232
117 238 905 1 260 949
118 87 146 1 107 202
119 322 898 1 341 935
120 87 156 1 108 212
121 243 791 1 263 837
122 183 664 1 205 712
123 138 519 1 160 569
124 650 1142 1 657 1159
125 243 308 1 262 359
126 428 661 1 446 706
127 245 834 1 266 879
128 191 758 1 212 804
129 374 736 1 394 782
130 180 972 1 201 1017
131 329 1217 1 349 1256
132 443 742 1 462 788
133 223 896 1 245 942
134 352 657 1 371 704
135 247 513 1 267 562
136 242 261 1 260 312
137 217 206 1 236 258
138 251 502 1 271 552
139 242 162 1 259 217
140 155 393 1 176 444
141 85 132 1 104 185
142 645 1196 1 653 1212
143 90 907 1 112 953
144 340 658 1 359 705
145 359 1036 1 379 1076
146 185 867 1 206 912
147 105 165 1 126 221
148 426 745 1 445 789
149 84 812 1 106 861
150 363 521 1 382 570
151 127 508 1 148 557
152 238 1127 1 260 1170
153 239 215 1 257 268
154 294 1175 1 314 1213
155 432 702 1 451 748
156 215 353 1 234 403
157 217 287 1 236 339
158 323 744 1 343 790
159 190 742 1 211 789
160 426 1011 1 445 1053
161 309 631 1 329 679
162 354 992 1 374 1034
163 523 1232 1 541 1268
164 164 37 1 183 95
165 79 111 1 100 168
166 220 450 1 241 500
167 404 926 1 424 970
168 199 424 1 220 475
169 482 1088 1 501 1127
170 219 823 1 240 868
171 189 774 1 210 820
172 189 1060 1 210 1104
173 421 708 1 440 753
174 388 734 1 407 780
175 35 150 1 57 206
176 196 274 1 215 326
177 249 486 1 269 536
178 310 1210 1 330 1251
179 178 326 1 199 378
180 491 1075 1 509 1113
181 152 1130 1 174 1174
182 340 732 1 360 778
183 199 318 1 219 368
184 229 295 1 248 347
185 238 1110 1 259 1154
186 175 380 1 196 431
187 180 742 1 201 789
188 411 988 1 431 1031
189 295 864 1 314 908
190 425 720 1 443 764
191 318 735 1 339 780
192 209 854 1 230 898
193 137 507 1 158 557
194 334 1107 1 354 1147
195 435 722 1 454 767
196 598 174 1 596 218
197 374 258 1 389 308
198 244 851 1 264 896
199 361 738 1 381 784
200 301 199 1 318 252
201 314 801 1 334 846
202 171 281 1 191 333
203 426 755 1 444 799
204 380 969 1 399 1010
205 292 1162 1 312 1201
206 213 340 1 232 390
207 227 802 1 248 848
208 203 38 1 222 96
209 360 737 1 379 783
210 360 823 1 380 869
211 247 318 1 266 369
212 199 402 1 219 452
213 222 843 1 242 888
214 162 307 1 182 359
215 379 896 1 397 935
216 268 1218 1 290 1256
217 360 242 1 377 293
218 336 1029 1 356 1069
219 267 168 1 285 222
220 191 729 1 211 776
221 642 1186 1 650 1201
222 324 1103 1 344 1142
223 93 123 1 113 179
224 256 909 1 277 954
225 447 24 1 454 80
226 277 923 1 298 968
227 189 257 1 208 311
228 239 278 1 258 328
229 267 347 1 282 392
230 365 952 1 385 994
231 446 759 1 464 805
232 314 1045 1 334 1084
233 280 236 1 298 288
234 288 1053 1 308 1092
235 258 1237 1 280 1278
236 513 79 1 516 130
237 192 235 1 212 288
238 45 140 1 67 196
239 210 323 1 229 375
240 228 211 1 247 264
241 228 158 1 246 212
242 166 335 1 186 387
243 345 292 1 362 343
244 198 225 1 217 278
245 423 1092 1 443 1132
246 487 101 1 493 153
247 415 751 1 434 797
248 174 237 1 193 291
249 414 729 1 433 775
250 93 108 1 113 166
251 425 978 1 445 1021
252 318 1093 1 338 1133
253 278 1139 1 299 1180
254 518 830 1 536 872
255 76 146 1 97 202
256 280 893 1 300 937
257 222 277 1 241 328
258 312 978 1 332 1020
259 257 294 1 275 346
260 387 761 1 405 807
261 278 1121 1 298 1160
262 363 1117 1 383 1157
263 254 1166 1 274 1207
264 435 931 1 455 975
265 358 254 1 375 305
266 491 92 1 497 143
267 277 552 1 296 600
268 359 833 1 378 878
269 427 334 1 440 379
270 577 1161 1 582 1163
271 309 1189 1 330 1228
272 217 865 1 239 911
273 440 343 1 453 389
274 291 890 1 312 935
275 351 923 1 372 963
276 310 285 1 324 330
277 184 178 1 203 233
278 267 434 1 286 484
279 409 1012 1 429 1055
280 210 773 1 231 820
281 174 640 1 194 688
282 356 1085 1 376 1128
283 194 208 1 212 263
284 251 1220 1 272 1261
285 492 965 1 509 1003
286 188 99 1 207 155
287 592 1157 1 598 1166
288 169 879 1 190 924
289 207 270 1 226 322
290 293 994 1 313 1033
291 342 763 1 362 809
292 345 1019 1 365 1058
293 312 1031 1 332 1071
294 186 346 1 205 397
295 301 1031 1 321 1071
296 350 612 1 369 658
297 212 191 1 231 245
298 297 848 1 317 892
299 494 1095 1 513 1133
300 244 406 1 263 456
301 354 626 1 373 674
302 390 1040 1 411 1084
303 282 219 1 299 272
304 293 225 1 310 278
305 278 172 1 295 226
306 232 361 1 251 411
307 252 282 1 270 333
308 249 883 1 270 928
309 247 1156 1 268 1198
310 424 988 1 444 1031
311 218 168 1 237 223
312 201 809 1 223 855
313 247 293 1 265 344
314 409 952 1 428 995
315 319 546 1 338 596
316 288 163 1 305 217
317 299 1187 1 319 1227
318 355 1059 1 375 1100
319 183 227 1 202 281
320 232 225 1 252 278
321 303 246 1 321 297
322 159 47 1 178 106
323 393 925 1 413 970
324 297 166 1 314 220
325 318 213 1 335 266
326 466 989 1 484 1030
327 206 234 1 225 287
328 303 1041 1 323 1081
329 365 963 1 386 1006
330 256 211 1 274 263
331 340 845 1 360 888
332 201 297 1 221 348
333 249 419 1 268 468
334 271 217 1 288 269
335 473 887 1 490 924
336 149 320 1 169 371
337 194 245 1 213 298
338 555 42 1 551 94
339 313 560 1 333 608
340 188 303 1 207 355
341 531 266 1 537 310
342 255 308 1 274 360
343 442 1120 1 461 1160
344 335 676 1 355 723
345 187 294 1 206 345
346 268 232 1 286 284
347 480 47 1 489 100
348 274 945 1 295 989
349 265 1157 1 285 1199
350 198 906 1 219 950
351 248 333 1 267 383
352 476 1077 1 496 1116
353 268 307 1 286 358
354 330 1039 1 350 1079
355 404 745 1 423 791
356 328 466 1 346 515
357 255 960 1 276 1005
358 277 872 1 297 917
359 379 998 1 399 1041
360 291 245 1 308 297
361 444 34 1 449 89
362 464 978 1 483 1019
363 154 101 1 173 157
364 269 199 1 286 253
365 518 830 1 533 866
366 166 185 1 186 240
367 406 707 1 426 752
368 355 1015 1 374 1051
369 419 694 1 438 740
370 291 907 1 312 951
371 430 806 1 449 850
372 91 926 1 114 972
373 327 1029 1 347 1070
374 218 298 1 237 349
375 201 381 1 221 431
376 452 932 1 471 974
377 289 1117 1 310 1156
378 375 213 1 386 261
379 554 363 1 556 400
380 284 804 1 305 849
381 259 827 1 280 872
382 287 1034 1 307 1074
383 281 1166 1 301 1205
384 295 626 1 314 669
385 292 1106 1 311 1145
386 389 792 1 409 838
387 366 1006 1 386 1048
388 426 345 1 439 391
389 49 986 1 71 1032
390 143 48 1 163 106
391 206 62 1 225 120
392 352 684 1 372 731
393 252 172 1 270 225
394 280 206 1 298 259
395 452 888 1 470 925
396 299 643 1 320 691
397 209 440 1 229 490
398 393 809 1 412 854
399 336 649 1 356 696
400 251 1126 1 273 1168
401 218 179 1 236 233
402 487 885 1 504 923
403 199 308 1 219 359
404 296 786 1 316 831
405 469 608 1 476 636
406 341 950 1 361 992
407 281 1130 1 302 1168
408 277 270 1 296 322
409 481 1112 1 500 1150
410 376 1007 1 396 1050
411 250 271 1 268 322
412 462 918 1 481 960
413 203 391 1 223 441
414 404 682 1 423 727
415 233 305 1 252 356
416 252 1177 1 274 1219
417 177 264 1 197 317
418 249 863 1 269 908
419 178 246 1 198 300
420 176 316 1 196 368
421 314 250 1 331 301
422 220 329 1 238 380
423 646 510 1 644 539
424 421 1000 1 441 1042
425 189 424 1 209 476
426 365 1017 1 385 1059
427 337 1123 1 357 1163
428 169 250 1 189 303
429 228 401 1 247 451
430 291 1134 1 311 1172
431 269 826 1 289 871
432 170 70 1 190 128
433 358 1162 1 379 1204
434 259 486 1 279 536
435 294 235 1 311 287
436 201 365 1 221 416
437 334 960 1 354 1002
438 290 638 1 310 686
439 352 1104 1 372 1146
440 424 1043 1 444 1084
441 327 1001 1 348 1044
442 284 598 1 304 645
443 97 142 1 118 198
444 269 1191 1 289 1230
445 214 396 1 234 447
446 182 368 1 202 419
447 405 1024 1 425 1066
448 247 236 1 265 288
449 309 889 1 330 934
450 309 1170 1 329 1209
451 375 956 1 395 999
452 259 1197 1 279 1236
453 213 222 1 232 275
454 278 909 1 299 954
455 426 1155 1 446 1195
456 267 1143 1 288 1185
457 258 839 1 279 884
458 279 196 1 297 249
459 203 244 1 222 297
460 298 802 1 319 846
461 344 1080 1 364 1120
462 173 304 1 192 355
463 313 927 1 334 972
464 344 1004 1 363 1043
465 280 1206 1 301 1244
466 293 1094 1 313 1134
467 282 1100 1 301 1140
468 365 992 1 384 1034
469 269 899 1 289 944
470 407 716 1 427 762
471 469 1029 1 488 1069
472 132 136 1 152 191
473 425 1030 1 445 1072
474 280 984 1 300 1025
475 377 1119 1 397 1158
476 278 816 1 298 861
477 266 270 1 285 322
478 212 490 1 232 540
479 253 777 1 274 822
480 191 330 1 210 381
481 239 991 1 260 1035
482 308 1084 1 329 1124
483 197 340 1 216 391
484 206 166 1 224 220
485 332 1059 1 352 1099
486 292 591 1 313 638
487 260 594 1 280 642
488 208 156 1 226 211
489 206 95 1 224 151
490 437 943 1 456 983
491 444 991 1 463 1032
492 384 936 1 403 979
493 307 950 1 328 993
494 311 1180 1 331 1219
495 263 1116 1 284 1159
496 669 677 1 666 697
497 394 744 1 413 789
498 290 1010 1 311 1051
499 223 226 1 242 279
500 343 1056 1 362 1095
501 313 618 1 332 666
502 229 863 1 250 907
503 251 768 1 272 813
504 449 1016 1 468 1056
505 302 1154 1 322 1193
506 471 1001 1 490 1041
507 519 64 1 523 115
508 184 282 1 203 334
509 314 1065 1 335 1105
510 325 873 1 346 918
511 661 849 1 663 868
512 263 780 1 283 825
513 149 523 1 170 572
514 543 37 1 545 90
515 333 929 1 353 972
516 260 505 1 280 554
517 221 312 1 240 363
518 434 898 1 451 936
519 273 788 1 293 833
520 219 855 1 239 901
521 442 1045 1 461 1085
522 363 597 1 378 634
523 274 293 1 292 345
524 327 1070 1 347 1110
525 291 1239 1 311 1277
526 231 1215 1 252 1257
527 313 791 1 333 836
528 535 1243 1 552 1278
529 226 256 1 244 308
530 402 1044 1 422 1085
531 278 610 1 299 658
532 192 188 1 211 242
533 439 955 1 457 997
534 330 551 1 349 599
