0 203 764 1 222 788
1 209 639 1 229 665
2 244 695 1 265 720
3 249 558 1 269 585
4 205 714 1 226 738
5 243 776 1 263 800
6 209 614 1 229 640
7 240 967 1 260 989
8 239 1082 1 259 1103
9 186 642 1 207 668
10 247 611 1 266 637
11 238 1111 1 258 1132
12 190 576 1 211 602
13 244 712 1 264 736
14 197 845 1 217 868
15 246 623 1 266 649
16 245 682 1 265 706
17 238 1097 1 258 1118
18 181 1085 1 201 1106
19 243 762 1 263 786
20 189 869 1 210 892
21 248 546 1 268 573
22 241 952 1 260 975
23 240 993 1 260 1015
24 207 668 1 228 693
25 242 786 1 262 810
26 196 498 1 217 525
27 245 637 1 266 663
28 185 1095 1 207 1116
29 195 714 1 215 739
30 204 688 1 225 713
31 247 570 1 267 597
32 240 981 1 260 1002
33 189 1070 1 209 1091
34 191 997 1 213 1018
35 388 848 1 407 872
36 179 746 1 200 770
37 189 599 1 210 626
38 66 175 1 87 207
39 167 966 1 187 991
40 196 891 1 217 914
41 183 699 1 203 724
42 398 1190 1 418 1211
43 159 1082 1 179 1103
44 241 941 1 260 963
45 184 669 1 205 694
46 246 596 1 266 622
47 245 665 1 265 690
48 168 929 1 188 951
49 179 775 1 200 799
50 171 869 1 192 891
51 186 1037 1 205 1059
52 204 863 1 225 886
53 201 797 1 221 822
54 242 797 1 262 821
55 188 929 1 208 952
56 97 771 1 119 798
57 240 824 1 261 847
58 402 1211 1 408 1185
59 190 856 1 211 879
60 243 752 1 263 776
61 654 1235 1 658 1225
62 477 950 1 493 968
63 241 1034 1 260 1056
64 173 832 1 194 856
65 320 683 1 339 708
66 46 173 1 66 205
67 221 898 1 241 921
68 366 679 1 385 703
69 67 1009 1 90 1031
70 160 901 1 181 925
71 398 847 1 416 871
72 145 421 1 166 450
73 161 1038 1 182 1059
74 240 891 1 260 914
75 76 186 1 97 218
76 128 541 1 149 568
77 100 179 1 121 210
78 193 831 1 213 855
79 194 514 1 214 541
80 68 159 1 90 191
81 244 742 1 264 767
82 189 536 1 210 563
83 428 699 1 446 723
84 81 936 1 102 959
85 246 918 1 265 940
86 199 742 1 219 767
87 156 1117 1 177 1138
88 481 927 1 498 943
89 242 845 1 262 869
90 437 779 1 454 802
91 175 800 1 196 824
92 213 491 1 233 519
93 198 460 1 218 488
94 160 1070 1 180 1092
95 78 145 1 99 177
96 414 787 1 432 810
97 196 478 1 217 506
98 232 845 1 251 868
99 520 842 1 534 856
100 194 700 1 215 725
101 163 999 1 184 1021
102 55 160 1 76 193
103 55 176 1 77 207
104 235 913 1 255 935
105 244 1226 1 264 1245
106 170 892 1 191 915
107 418 1218 1 423 1191
108 239 1069 1 259 1090
109 181 717 1 201 742
110 497 1108 1 513 1125
111 250 647 1 269 673
112 179 1068 1 199 1089
113 318 705 1 338 730
114 61 185 1 83 217
115 329 681 1 350 706
116 194 685 1 215 710
117 252 378 1 268 400
118 365 1214 1 384 1233
119 240 928 1 260 950
120 86 169 1 107 201
121 323 922 1 341 937
122 87 179 1 107 211
123 242 495 1 262 522
124 244 814 1 263 838
125 184 687 1 205 712
126 139 541 1 160 569
127 655 1169 1 659 1165
128 243 331 1 262 359
129 220 846 1 240 869
130 428 682 1 446 706
131 246 857 1 266 880
132 191 781 1 212 805
133 375 758 1 394 783
134 432 713 1 450 737
135 181 996 1 201 1018
136 331 1243 1 349 1258
137 445 764 1 463 788
138 224 920 1 245 943
139 353 679 1 371 705
140 247 535 1 267 562
141 241 283 1 260 312
142 216 228 1 236 258
143 251 524 1 271 552
144 241 185 1 259 216
145 155 416 1 176 444
146 85 156 1 106 187
147 650 1224 1 656 1218
148 91 931 1 112 953
149 340 681 1 360 706
150 361 1060 1 379 1077
151 186 890 1 206 913
152 105 189 1 125 221
153 427 767 1 445 789
154 85 835 1 106 862
155 363 543 1 382 570
156 127 529 1 148 558
157 240 1151 1 260 1172
158 239 238 1 257 268
159 287 1174 1 306 1189
160 296 1201 1 315 1216
161 433 724 1 452 749
162 215 376 1 234 403
163 217 309 1 236 338
164 324 766 1 343 790
165 628 1238 1 633 1230
166 191 765 1 212 790
167 428 1035 1 446 1054
168 310 653 1 330 679
169 356 1015 1 374 1036
170 163 61 1 183 94
171 79 135 1 100 167
172 221 472 1 241 500
173 406 949 1 424 971
174 200 446 1 220 475
175 485 1113 1 502 1129
176 190 797 1 210 821
177 190 1085 1 210 1105
178 422 730 1 441 753
179 389 756 1 407 780
180 35 174 1 57 206
181 196 297 1 215 326
182 418 686 1 437 712
183 249 509 1 269 536
184 312 1236 1 331 1253
185 178 349 1 199 378
186 494 1099 1 510 1115
187 154 40 1 175 74
188 153 1155 1 174 1175
189 341 754 1 361 778
190 214 502 1 233 530
191 199 340 1 219 368
192 229 318 1 248 347
193 239 1135 1 259 1156
194 176 403 1 196 431
195 180 765 1 201 789
196 413 1011 1 432 1032
197 297 887 1 315 909
198 426 742 1 444 765
199 319 757 1 339 781
200 209 877 1 230 899
201 137 530 1 158 557
202 336 1132 1 355 1149
203 436 744 1 455 767
204 599 195 1 598 217
205 373 280 1 390 308
206 245 874 1 264 897
207 362 760 1 381 784
208 300 221 1 318 251
209 315 824 1 334 847
210 171 303 1 191 333
211 427 777 1 445 800
212 381 992 1 399 1012
213 294 1188 1 313 1203
214 429 1002 1 445 1022
215 212 362 1 232 390
216 228 825 1 248 849
217 203 61 1 222 95
218 361 759 1 380 783
219 362 846 1 380 870
220 247 341 1 266 369
221 199 424 1 219 452
222 223 866 1 242 889
223 162 329 1 182 358
224 381 920 1 398 936
225 608 38 1 604 68
226 360 264 1 378 293
227 338 1053 1 356 1071
228 267 191 1 285 221
229 192 752 1 212 777
230 647 1214 1 652 1206
231 325 1128 1 344 1144
232 93 146 1 112 179
233 186 379 1 206 407
234 257 932 1 277 955
235 445 46 1 455 78
236 279 946 1 298 969
237 189 280 1 208 310
238 239 300 1 258 328
239 266 370 1 282 392
240 367 975 1 386 995
241 447 781 1 465 805
242 315 1069 1 334 1085
243 280 258 1 298 288
244 289 1077 1 309 1094
245 513 101 1 517 129
246 192 257 1 212 287
247 45 164 1 66 196
248 210 346 1 229 375
249 297 1169 1 316 1185
250 228 234 1 247 264
251 228 181 1 246 211
252 166 358 1 186 386
253 345 315 1 362 343
254 198 247 1 217 278
255 426 1116 1 444 1134
256 486 123 1 494 152
257 416 773 1 434 798
258 174 260 1 193 290
259 415 751 1 434 775
260 92 132 1 113 165
261 272 1244 1 290 1258
262 320 1117 1 339 1135
263 279 1164 1 299 1182
264 76 169 1 97 201
265 281 916 1 300 938
266 222 299 1 241 328
267 314 1001 1 332 1021
268 257 317 1 275 345
269 388 783 1 406 807
270 279 1146 1 298 1162
271 365 1142 1 383 1159
272 255 1191 1 274 1209
273 437 954 1 456 976
274 358 276 1 375 305
275 490 114 1 498 142
276 199 36 1 218 70
277 277 574 1 297 600
278 360 855 1 378 879
279 428 356 1 441 379
280 311 1216 1 330 1231
281 218 888 1 239 912
282 440 366 1 454 389
283 269 1234 1 288 1251
284 292 913 1 312 936
285 352 946 1 372 965
286 310 307 1 325 330
287 183 201 1 203 232
288 267 457 1 286 484
289 410 1036 1 429 1056
290 211 796 1 231 820
291 174 662 1 195 688
292 358 1109 1 376 1129
293 193 231 1 212 262
294 495 989 1 510 1005
295 283 882 1 302 904
296 188 122 1 207 154
297 169 902 1 190 925
298 207 292 1 226 321
299 294 1018 1 314 1034
300 344 786 1 363 809
301 347 1043 1 365 1060
302 314 1055 1 332 1072
303 186 369 1 205 397
304 303 1055 1 321 1073
305 351 634 1 369 659
306 212 214 1 231 245
307 299 871 1 317 893
308 497 1119 1 514 1135
309 244 429 1 263 456
310 354 648 1 374 674
311 393 1063 1 411 1085
312 281 242 1 299 272
313 293 248 1 311 278
314 277 195 1 295 226
315 232 383 1 251 411
316 251 304 1 270 333
317 250 906 1 270 929
318 478 959 1 495 977
319 249 1181 1 269 1200
320 426 1012 1 444 1032
321 218 191 1 237 222
322 202 831 1 223 855
323 247 316 1 265 344
324 410 975 1 429 996
325 319 568 1 338 596
326 287 185 1 305 216
327 301 1213 1 319 1229
328 357 1084 1 375 1101
329 183 250 1 202 280
330 232 248 1 252 277
331 303 268 1 321 297
332 159 71 1 178 105
333 394 948 1 414 971
334 297 189 1 314 219
335 317 236 1 335 265
336 467 1013 1 485 1032
337 205 257 1 225 287
338 304 1065 1 323 1083
339 367 986 1 386 1007
340 255 233 1 274 263
341 341 867 1 360 889
342 201 319 1 221 348
343 249 442 1 268 468
344 270 239 1 289 269
345 475 910 1 491 926
346 149 343 1 169 371
347 194 268 1 213 297
348 554 63 1 553 92
349 314 582 1 333 608
350 188 325 1 207 355
351 532 288 1 538 310
352 255 331 1 274 360
353 445 1145 1 462 1162
354 336 698 1 355 723
355 187 316 1 206 345
356 268 254 1 286 284
357 351 828 1 370 851
358 479 69 1 489 99
359 275 968 1 295 990
360 266 1182 1 286 1200
361 198 929 1 219 951
362 248 355 1 267 383
363 480 1101 1 496 1118
364 268 330 1 286 358
365 332 1063 1 350 1080
366 404 768 1 423 791
367 328 488 1 346 515
368 256 984 1 276 1006
369 278 895 1 297 918
370 382 1021 1 400 1042
371 290 267 1 308 297
372 442 57 1 449 88
373 466 1002 1 484 1021
374 154 124 1 173 157
375 269 222 1 287 252
376 520 853 1 534 868
377 166 208 1 186 239
378 408 729 1 426 753
379 357 1039 1 374 1053
380 420 716 1 438 740
381 292 930 1 312 952
382 431 828 1 449 851
383 92 949 1 114 973
384 329 1053 1 347 1072
385 218 320 1 237 349
386 202 403 1 221 431
387 454 955 1 472 976
388 291 1142 1 310 1158
389 374 235 1 387 261
390 554 384 1 557 400
391 285 827 1 305 849
392 260 850 1 280 873
393 289 1058 1 308 1076
394 283 1191 1 302 1207
395 295 648 1 314 670
396 406 684 1 425 709
397 294 1131 1 312 1147
398 390 815 1 409 838
399 368 1029 1 386 1049
400 426 367 1 440 391
401 49 1011 1 71 1033
402 143 72 1 163 106
403 206 86 1 225 119
404 353 707 1 372 731
405 252 194 1 270 225
406 280 228 1 298 259
407 454 911 1 471 927
408 300 665 1 320 691
409 209 462 1 229 490
410 394 832 1 413 855
411 337 671 1 356 696
412 253 1150 1 273 1170
413 218 201 1 237 232
414 563 39 1 562 69
415 489 908 1 505 924
416 199 331 1 219 359
417 297 809 1 317 832
418 342 974 1 361 993
419 283 1155 1 302 1170
420 277 292 1 296 321
421 484 1137 1 500 1152
422 378 1030 1 396 1051
423 250 293 1 268 322
424 464 941 1 482 961
425 203 413 1 223 441
426 405 704 1 424 728
427 233 328 1 252 356
428 254 1203 1 274 1221
429 177 287 1 197 317
430 250 886 1 269 909
431 178 269 1 198 299
432 176 339 1 196 367
433 313 272 1 331 301
434 219 351 1 238 379
435 649 532 1 647 540
436 423 1024 1 442 1044
437 189 447 1 209 476
438 367 1041 1 386 1061
439 339 1148 1 357 1165
440 169 273 1 189 303
441 228 424 1 247 451
442 293 1159 1 311 1174
443 270 849 1 290 872
444 170 94 1 190 127
445 361 1187 1 380 1206
446 260 508 1 280 536
447 294 257 1 312 287
448 202 388 1 221 416
449 336 983 1 355 1003
450 291 661 1 310 686
451 354 1129 1 373 1148
452 427 1066 1 444 1085
453 329 1024 1 349 1045
454 285 620 1 304 646
455 572 460 1 579 477
456 97 165 1 118 197
457 271 1217 1 290 1233
458 214 419 1 234 446
459 182 391 1 202 419
460 407 1048 1 425 1068
461 246 258 1 265 288
462 311 912 1 330 935
463 311 1195 1 329 1211
464 377 980 1 396 1000
465 260 1223 1 279 1239
466 213 245 1 232 275
467 280 933 1 299 955
468 428 1180 1 446 1197
469 269 1168 1 288 1187
470 259 862 1 279 884
471 279 218 1 297 248
472 203 267 1 222 297
473 300 824 1 319 847
474 346 1105 1 364 1122
475 173 326 1 192 355
476 314 951 1 334 973
477 346 1028 1 363 1045
478 282 1232 1 302 1247
479 295 1119 1 313 1136
480 283 1125 1 302 1142
481 366 1016 1 384 1036
482 270 922 1 290 945
483 409 738 1 427 762
484 471 1053 1 488 1071
485 132 159 1 152 190
486 428 1054 1 446 1074
487 281 1009 1 301 1026
488 379 1143 1 398 1160
489 279 839 1 298 862
490 266 293 1 285 321
491 213 512 1 232 540
492 254 800 1 274 823
493 190 352 1 210 381
494 241 1015 1 260 1036
495 310 1109 1 329 1126
496 196 362 1 216 391
497 205 189 1 224 219
498 334 1084 1 352 1101
499 292 614 1 313 639
500 260 616 1 280 642
501 207 179 1 226 211
502 206 118 1 224 150
503 531 169 1 537 195
504 439 966 1 456 985
505 446 1014 1 464 1033
506 386 959 1 404 980
507 309 973 1 329 994
508 313 1205 1 331 1221
509 265 1141 1 285 1160
510 672 700 1 669 700
511 395 766 1 413 789
512 292 1034 1 311 1052
513 223 248 1 242 279
514 345 1080 1 363 1097
515 313 641 1 333 666
516 230 886 1 250 908
517 252 791 1 272 813
518 451 1040 1 468 1058
519 303 1180 1 322 1195
520 474 1025 1 491 1043
521 519 85 1 524 114
522 184 305 1 203 334
523 316 1089 1 335 1107
524 327 896 1 346 919
525 666 874 1 666 872
526 264 803 1 283 826
527 149 545 1 170 572
528 542 59 1 546 88
529 334 952 1 353 973
530 260 527 1 280 554
531 221 334 1 240 363
532 436 921 1 452 938
533 274 810 1 294 833
534 220 878 1 240 901
535 444 1069 1 462 1087
536 364 620 1 378 636
537 274 316 1 292 344
538 329 1094 1 348 1112
539 233 1241 1 252 1259
540 313 813 1 333 837
541 289 939 1 309 961
542 226 278 1 244 307
543 404 1068 1 422 1087
544 279 633 1 299 658
545 191 211 1 211 241
546 330 574 1 349 599
