0 204 766 1 223 790
1 209 640 1 230 666
2 245 696 1 265 721
3 248 558 1 269 585
4 245 777 1 264 801
5 209 615 1 229 640
6 244 970 1 261 992
7 206 715 1 226 739
8 244 1085 1 260 1107
9 186 643 1 207 668
10 247 612 1 267 638
11 190 577 1 211 602
12 245 713 1 264 738
13 199 848 1 218 870
14 246 624 1 267 650
15 243 1102 1 259 1122
16 246 682 1 265 707
17 243 1116 1 259 1136
18 185 1089 1 201 1110
19 244 764 1 263 788
20 191 872 1 210 894
21 206 700 1 227 725
22 247 547 1 268 574
23 244 955 1 261 977
24 244 997 1 260 1018
25 208 678 1 227 702
26 208 669 1 228 694
27 243 788 1 262 812
28 195 498 1 217 525
29 246 637 1 266 663
30 190 1100 1 207 1120
31 196 716 1 215 740
32 205 689 1 225 714
33 247 571 1 268 597
34 244 984 1 261 1005
35 193 1074 1 210 1095
36 195 1001 1 213 1021
37 391 849 1 408 874
38 180 747 1 200 771
39 649 1244 1 651 1241
40 189 600 1 210 626
41 60 175 1 86 205
42 170 970 1 188 993
43 198 894 1 217 917
44 183 701 1 204 725
45 404 1193 1 419 1216
46 162 1086 1 179 1106
47 244 944 1 261 966
48 205 756 1 224 779
49 184 670 1 205 695
50 246 596 1 267 623
51 202 800 1 221 823
52 245 665 1 266 691
53 170 932 1 188 954
54 180 777 1 200 801
55 173 872 1 192 894
56 189 1040 1 205 1062
57 206 865 1 225 888
58 243 799 1 263 822
59 190 932 1 208 954
60 98 773 1 119 799
61 242 826 1 262 849
62 407 1234 1 410 1210
63 192 859 1 211 881
64 244 753 1 263 778
65 665 1248 1 665 1243
66 481 951 1 495 972
67 245 1037 1 260 1059
68 175 835 1 194 858
69 321 683 1 340 709
70 39 174 1 65 204
71 223 901 1 241 924
72 368 678 1 386 704
73 70 1013 1 89 1034
74 162 905 1 181 927
75 401 848 1 418 873
76 143 421 1 166 449
77 164 1042 1 182 1063
78 194 834 1 213 857
79 243 894 1 261 916
80 70 186 1 96 216
81 127 543 1 149 568
82 94 178 1 120 208
83 192 515 1 214 542
84 62 159 1 89 189
85 245 743 1 264 768
86 188 537 1 210 564
87 429 698 1 447 724
88 421 1229 1 430 1232
89 83 940 1 102 962
90 248 921 1 266 943
91 200 744 1 220 769
92 160 1122 1 177 1142
93 485 930 1 500 948
94 244 847 1 263 871
95 439 779 1 456 804
96 177 803 1 196 826
97 212 492 1 234 519
98 196 460 1 218 488
99 164 1075 1 180 1095
100 72 144 1 99 175
101 416 787 1 433 812
102 195 478 1 217 506
103 234 847 1 252 870
104 524 845 1 537 862
105 195 701 1 215 726
106 166 1003 1 184 1024
107 49 160 1 75 191
108 50 176 1 76 206
109 238 915 1 256 938
110 250 1232 1 265 1250
111 172 896 1 191 917
112 423 1242 1 426 1217
113 243 1072 1 260 1094
114 181 719 1 201 744
115 503 1112 1 515 1131
116 250 648 1 270 674
117 182 1072 1 199 1093
118 319 705 1 338 731
119 55 186 1 82 215
120 330 681 1 351 707
121 194 687 1 215 711
122 247 378 1 268 401
123 372 1218 1 386 1239
124 436 1246 1 443 1241
125 243 931 1 260 953
126 80 169 1 106 200
127 326 926 1 342 942
128 81 179 1 107 210
129 241 495 1 263 522
130 245 816 1 264 840
131 184 689 1 205 714
132 138 543 1 160 569
133 239 330 1 262 358
134 222 848 1 241 871
135 430 682 1 448 707
136 248 859 1 267 882
137 193 783 1 212 806
138 377 759 1 395 784
139 434 713 1 452 739
140 185 1000 1 202 1021
141 337 1248 1 350 1265
142 447 764 1 465 790
143 227 923 1 245 945
144 354 679 1 373 705
145 247 535 1 268 562
146 238 282 1 260 311
147 212 227 1 236 257
148 250 525 1 272 552
149 237 184 1 260 215
150 153 416 1 176 444
151 79 155 1 106 186
152 661 1237 1 663 1234
153 93 935 1 112 956
154 341 681 1 361 707
155 366 1062 1 380 1082
156 100 188 1 125 219
157 429 767 1 447 791
158 87 837 1 107 862
159 363 543 1 383 570
160 126 531 1 148 558
161 245 1156 1 260 1176
162 463 578 1 505 646
163 235 237 1 258 267
164 292 1180 1 306 1196
165 302 1207 1 315 1223
166 435 724 1 453 750
167 212 375 1 234 403
168 213 309 1 236 338
169 509 94 1 521 124
170 482 118 1 496 148
171 326 767 1 344 792
172 638 1251 1 640 1247
173 192 767 1 212 791
174 433 1037 1 448 1059
175 310 653 1 331 680
176 360 1018 1 375 1040
177 310 685 1 329 711
178 25 172 1 51 202
179 157 59 1 183 92
180 73 134 1 99 165
181 219 472 1 241 500
182 409 950 1 426 974
183 198 446 1 220 474
184 491 1117 1 504 1135
185 192 799 1 211 822
186 195 1089 1 211 1109
187 424 729 1 442 755
188 391 756 1 409 782
189 192 296 1 215 325
190 420 686 1 438 713
191 248 509 1 269 536
192 175 349 1 198 377
193 500 1102 1 513 1121
194 148 38 1 174 72
195 158 1160 1 174 1180
196 343 755 1 362 780
197 212 502 1 234 530
198 196 340 1 219 368
199 225 317 1 248 346
200 244 1139 1 260 1160
201 173 403 1 195 430
202 182 767 1 201 791
203 418 1013 1 434 1036
204 299 889 1 315 912
205 428 742 1 445 767
206 320 758 1 340 782
207 212 880 1 230 901
208 136 531 1 158 557
209 341 1137 1 356 1155
210 438 744 1 456 769
211 599 188 1 604 215
212 371 278 1 391 307
213 247 876 1 265 900
214 188 893 1 207 915
215 364 761 1 383 786
216 296 219 1 319 250
217 317 825 1 335 849
218 167 304 1 191 332
219 429 777 1 446 802
220 385 994 1 401 1015
221 299 1194 1 313 1210
222 433 1004 1 447 1026
223 209 362 1 232 390
224 230 828 1 249 851
225 196 60 1 222 93
226 362 760 1 381 785
227 364 847 1 382 871
228 244 341 1 266 368
229 197 425 1 219 452
230 225 868 1 243 891
231 159 330 1 182 358
232 384 923 1 399 941
233 222 880 1 240 904
234 357 261 1 379 292
235 342 1058 1 358 1076
236 263 189 1 286 220
237 192 753 1 212 778
238 658 1227 1 659 1223
239 331 1133 1 345 1150
240 86 146 1 112 177
241 183 379 1 205 406
242 260 935 1 277 957
243 440 41 1 457 74
244 282 949 1 299 972
245 557 624 1 568 640
246 185 280 1 209 309
247 236 299 1 258 327
248 261 370 1 281 393
249 371 978 1 387 999
250 449 781 1 466 807
251 319 1073 1 335 1091
252 276 257 1 298 287
253 293 1082 1 309 1100
254 506 1215 1 505 1191
255 333 1156 1 347 1174
256 188 257 1 212 286
257 39 164 1 65 194
258 206 346 1 229 374
259 413 673 1 431 699
260 302 1175 1 317 1191
261 224 233 1 247 263
262 388 784 1 407 809
263 223 180 1 246 210
264 162 358 1 186 386
265 342 313 1 363 342
266 194 247 1 217 276
267 432 1119 1 446 1139
268 233 194 1 256 225
269 418 773 1 435 799
270 169 260 1 192 289
271 418 751 1 435 777
272 87 132 1 113 163
273 277 1251 1 291 1266
274 325 1122 1 340 1140
275 70 169 1 96 200
276 284 918 1 301 941
277 218 299 1 241 327
278 318 1004 1 333 1025
279 253 316 1 276 345
280 228 912 1 246 934
281 284 1151 1 299 1168
282 370 1147 1 385 1165
283 587 52 1 589 84
284 261 1196 1 274 1215
285 442 955 1 457 979
286 355 274 1 376 304
287 486 107 1 501 139
288 193 34 1 218 68
289 413 1205 1 426 1225
290 276 574 1 297 601
291 362 856 1 380 881
292 426 354 1 443 380
293 445 1139 1 458 1158
294 317 1222 1 331 1238
295 221 891 1 239 914
296 438 364 1 456 390
297 345 768 1 363 793
298 274 1241 1 288 1257
299 295 916 1 313 938
300 356 948 1 373 968
301 305 305 1 325 330
302 178 200 1 203 231
303 264 456 1 287 484
304 415 1039 1 431 1060
305 213 798 1 232 822
306 174 664 1 195 689
307 363 1112 1 378 1134
308 189 231 1 212 261
309 480 1235 1 480 1203
310 500 992 1 513 1010
311 285 884 1 303 907
312 182 120 1 207 152
313 436 903 1 452 924
314 172 905 1 191 927
315 203 291 1 226 321
316 298 1022 1 314 1039
317 346 786 1 364 811
318 351 1048 1 367 1066
319 318 1060 1 333 1078
320 182 370 1 205 397
321 306 1059 1 322 1078
322 351 633 1 371 660
323 207 213 1 231 243
324 301 872 1 318 896
325 503 1123 1 516 1141
326 242 429 1 264 456
327 355 648 1 375 675
328 397 1066 1 413 1089
329 278 240 1 300 271
330 289 246 1 311 276
331 273 193 1 296 224
332 229 383 1 251 410
333 248 304 1 270 332
334 253 909 1 271 931
335 482 961 1 497 982
336 254 1186 1 269 1205
337 431 1014 1 446 1036
338 213 190 1 237 221
339 204 834 1 223 857
340 243 315 1 265 343
341 414 976 1 430 1000
342 319 568 1 339 596
343 283 183 1 305 215
344 306 1219 1 320 1236
345 640 1068 1 642 1065
346 361 1088 1 376 1107
347 179 249 1 202 279
348 228 247 1 252 276
349 299 266 1 321 296
350 153 70 1 178 103
351 398 950 1 415 974
352 292 187 1 315 218
353 314 234 1 336 264
354 473 1015 1 487 1036
355 201 256 1 225 286
356 308 1069 1 324 1088
357 371 989 1 387 1011
358 251 232 1 274 262
359 344 869 1 361 892
360 198 319 1 221 347
361 247 441 1 268 468
362 267 237 1 289 268
363 480 913 1 493 931
364 145 344 1 169 371
365 189 267 1 213 296
366 551 54 1 558 87
367 314 582 1 334 609
368 184 326 1 207 354
369 412 1244 1 416 1219
370 531 284 1 542 309
371 252 330 1 274 359
372 451 1149 1 464 1168
373 337 698 1 356 724
374 183 316 1 206 344
375 264 253 1 286 283
376 353 829 1 371 853
377 474 62 1 492 96
378 279 971 1 296 993
379 271 1187 1 286 1206
380 202 932 1 219 954
381 245 355 1 267 383
382 485 1105 1 499 1124
383 264 329 1 286 357
384 336 1068 1 351 1086
385 407 768 1 425 793
386 327 487 1 347 515
387 260 987 1 277 1009
388 281 898 1 298 920
389 386 1024 1 401 1046
390 286 266 1 309 296
391 437 50 1 452 83
392 472 1004 1 486 1025
393 148 123 1 173 155
394 264 221 1 287 251
395 524 856 1 537 873
396 161 207 1 186 238
397 409 729 1 428 754
398 362 1043 1 375 1060
399 422 716 1 440 742
400 296 932 1 313 955
401 434 829 1 451 853
402 95 953 1 114 975
403 333 1057 1 348 1076
404 214 320 1 237 348
405 199 403 1 221 430
406 458 956 1 474 979
407 296 1148 1 311 1164
408 370 232 1 388 259
409 555 381 1 562 401
410 287 829 1 306 852
411 262 853 1 281 875
412 293 1063 1 308 1081
413 353 966 1 368 986
414 288 1198 1 302 1214
415 296 648 1 315 672
416 408 684 1 426 710
417 298 1137 1 312 1153
418 393 815 1 411 840
419 372 1033 1 388 1053
420 424 366 1 442 391
421 52 1015 1 71 1036
422 137 70 1 163 104
423 200 85 1 225 118
424 354 707 1 373 733
425 247 193 1 271 224
426 276 227 1 298 257
427 300 666 1 321 692
428 208 462 1 229 490
429 397 832 1 414 857
430 338 671 1 357 697
431 258 1156 1 274 1175
432 213 200 1 237 231
433 560 28 1 567 63
434 494 911 1 507 929
435 196 331 1 219 358
436 299 810 1 317 834
437 346 977 1 362 997
438 287 1160 1 302 1177
439 274 291 1 296 320
440 453 580 1 494 647
441 490 1141 1 503 1159
442 383 1034 1 398 1055
443 246 292 1 269 321
444 468 943 1 484 965
445 201 414 1 223 440
446 407 704 1 425 729
447 230 327 1 252 355
448 260 1208 1 275 1227
449 173 287 1 197 316
450 252 888 1 270 911
451 174 269 1 198 298
452 172 339 1 196 367
453 310 270 1 331 300
454 387 621 1 401 637
455 216 351 1 238 379
456 428 1026 1 443 1048
457 187 447 1 210 475
458 372 1043 1 387 1065
459 344 1153 1 358 1171
460 165 273 1 189 302
461 226 424 1 248 451
462 299 1165 1 312 1181
463 272 852 1 290 874
464 164 93 1 190 125
465 292 904 1 309 926
466 259 508 1 280 536
467 290 256 1 312 286
468 199 388 1 221 416
469 340 986 1 356 1007
470 291 661 1 311 687
471 359 1133 1 374 1153
472 432 1069 1 446 1090
473 333 1028 1 350 1049
474 285 620 1 305 646
475 573 459 1 583 479
476 91 165 1 117 196
477 276 1224 1 290 1240
478 212 419 1 234 446
479 180 391 1 202 419
480 412 1051 1 427 1072
481 370 1187 1 384 1206
482 242 257 1 265 287
483 314 914 1 331 937
484 316 1201 1 330 1218
485 381 982 1 397 1004
486 289 818 1 307 841
487 266 1230 1 280 1246
488 208 244 1 232 274
489 283 935 1 300 958
490 434 1184 1 448 1203
491 274 1173 1 289 1192
492 262 864 1 280 887
493 274 217 1 297 247
494 199 266 1 222 296
495 302 826 1 320 849
496 351 1110 1 366 1128
497 169 326 1 192 355
498 318 953 1 335 976
499 350 1032 1 364 1050
500 288 1239 1 302 1254
501 300 1124 1 314 1142
502 288 1130 1 302 1148
503 371 1019 1 386 1040
504 273 925 1 290 948
505 411 738 1 429 764
506 477 1056 1 491 1076
507 162 69 1 187 102
508 126 158 1 151 189
509 433 1057 1 448 1078
510 128 38 1 155 71
511 285 1013 1 301 1031
512 385 1148 1 399 1166
513 281 841 1 299 864
514 263 291 1 285 321
515 211 512 1 233 540
516 256 801 1 274 825
517 187 352 1 210 381
518 244 1018 1 261 1040
519 315 1115 1 330 1132
520 193 363 1 216 390
521 200 188 1 224 218
522 339 1088 1 353 1106
523 482 1207 1 494 1224
524 260 617 1 281 643
525 202 178 1 226 209
526 201 117 1 224 148
527 528 163 1 541 193
528 443 969 1 458 989
529 451 1017 1 466 1038
530 390 962 1 405 983
531 313 976 1 329 998
532 318 1212 1 332 1228
533 270 1146 1 285 1165
534 397 766 1 415 791
535 296 1039 1 312 1057
536 219 247 1 242 278
537 350 1085 1 364 1103
538 314 641 1 333 667
539 233 889 1 251 911
540 254 793 1 273 815
541 456 1043 1 470 1063
542 309 1186 1 323 1202
543 479 1027 1 493 1048
544 515 78 1 528 109
545 180 305 1 203 333
546 321 1094 1 336 1112
547 329 898 1 347 921
548 265 805 1 284 828
549 148 546 1 170 573
550 539 50 1 551 83
551 338 954 1 354 976
552 259 527 1 281 555
553 218 334 1 241 362
554 213 408 1 235 435
555 440 925 1 454 943
556 276 812 1 294 835
557 450 1072 1 464 1092
558 365 623 1 379 640
559 270 315 1 292 344
560 334 1099 1 349 1117
561 210 277 1 233 306
562 238 1247 1 253 1265
563 315 815 1 334 839
564 293 942 1 310 964
565 222 277 1 245 307
566 409 1070 1 424 1091
567 279 633 1 300 659
568 187 210 1 211 240
569 330 574 1 350 600
