0 245 741 1 223 791
1 280 1077 1 259 1126
2 287 671 1 266 722
3 292 533 1 270 586
4 286 752 1 264 803
5 252 589 1 230 641
6 282 945 1 261 995
7 248 689 1 226 740
8 280 1061 1 260 1110
9 253 615 1 230 666
10 229 617 1 207 669
11 290 587 1 267 639
12 233 550 1 212 602
13 286 688 1 265 739
14 239 822 1 218 872
15 289 599 1 267 650
16 288 657 1 266 708
17 279 1091 1 259 1140
18 221 1064 1 201 1113
19 285 739 1 264 789
20 231 846 1 211 896
21 248 675 1 227 726
22 291 521 1 269 574
23 282 931 1 261 980
24 281 972 1 261 1021
25 250 653 1 227 703
26 250 644 1 228 695
27 284 763 1 263 813
28 240 472 1 217 525
29 289 612 1 267 664
30 226 1074 1 207 1124
31 247 664 1 225 715
32 291 545 1 268 598
33 282 959 1 261 1008
34 230 1048 1 210 1098
35 515 1214 1 492 1241
36 233 975 1 213 1024
37 431 827 1 409 876
38 221 722 1 200 772
39 686 1239 1 656 1256
40 232 574 1 210 627
41 209 945 1 188 995
42 107 147 1 86 204
43 238 869 1 217 919
44 225 675 1 204 726
45 439 1172 1 421 1220
46 199 1060 1 179 1110
47 283 919 1 261 968
48 246 730 1 225 781
49 226 644 1 205 696
50 290 571 1 267 623
51 243 774 1 222 825
52 288 640 1 266 692
53 209 906 1 189 956
54 222 751 1 200 802
55 213 846 1 192 896
56 226 1016 1 205 1065
57 247 840 1 226 890
58 267 834 1 245 883
59 285 774 1 263 824
60 229 907 1 209 956
61 283 801 1 262 851
62 441 1223 1 419 1253
63 232 833 1 211 883
64 286 729 1 264 779
65 237 691 1 216 742
66 520 932 1 497 976
67 282 1013 1 261 1062
68 140 745 1 119 799
69 402 584 1 378 635
70 215 809 1 194 859
71 364 659 1 341 710
72 263 876 1 242 926
73 411 655 1 387 705
74 108 985 1 89 1037
75 202 879 1 181 929
76 441 826 1 419 875
77 188 395 1 166 449
78 202 1016 1 182 1066
79 85 145 1 64 202
80 234 808 1 213 858
81 117 157 1 95 215
82 171 516 1 149 569
83 141 150 1 120 207
84 237 488 1 215 542
85 109 130 1 88 188
86 286 718 1 265 769
87 233 511 1 210 564
88 472 676 1 448 725
89 455 1218 1 432 1244
90 122 913 1 102 964
91 288 897 1 267 945
92 242 719 1 220 770
93 196 1096 1 177 1146
94 525 911 1 502 952
95 284 823 1 263 873
96 217 777 1 196 828
97 257 465 1 234 519
98 241 434 1 219 487
99 201 1049 1 180 1098
100 458 765 1 435 814
101 240 452 1 217 506
102 274 822 1 252 872
103 566 828 1 540 867
104 237 675 1 216 727
105 204 977 1 184 1027
106 96 132 1 74 190
107 277 891 1 256 940
108 284 1208 1 265 1255
109 212 870 1 191 919
110 457 1232 1 434 1257
111 280 1048 1 260 1097
112 120 116 1 98 174
113 223 694 1 202 745
114 540 1095 1 518 1137
115 293 623 1 270 674
116 219 1046 1 200 1096
117 102 156 1 81 214
118 471 1017 1 449 1062
119 373 657 1 352 708
120 526 1221 1 502 1246
121 237 661 1 215 712
122 291 353 1 267 401
123 406 1196 1 387 1243
124 470 1237 1 446 1256
125 282 906 1 261 955
126 362 710 1 340 760
127 127 141 1 106 198
128 365 906 1 343 947
129 128 150 1 106 208
130 286 469 1 263 522
131 226 663 1 205 715
132 182 516 1 160 569
133 120 106 1 98 164
134 95 144 1 73 201
135 286 304 1 262 358
136 473 660 1 449 708
137 362 682 1 339 732
138 288 835 1 268 884
139 234 757 1 212 808
140 419 736 1 396 785
141 477 691 1 453 740
142 282 869 1 260 918
143 223 974 1 202 1024
144 370 1226 1 351 1271
145 489 743 1 466 791
146 266 898 1 246 947
147 286 791 1 264 841
148 396 656 1 373 706
149 291 509 1 268 562
150 284 255 1 260 311
151 259 200 1 236 256
152 295 499 1 272 552
153 199 389 1 176 443
154 126 127 1 105 184
155 132 908 1 112 958
156 384 657 1 361 707
157 147 160 1 124 218
158 471 745 1 448 793
159 327 1159 1 307 1202
160 128 809 1 107 863
161 408 518 1 384 570
162 170 504 1 148 558
163 280 1131 1 261 1180
164 369 1059 1 348 1104
165 199 899 1 178 947
166 336 1186 1 316 1229
167 478 702 1 455 751
168 257 350 1 234 403
169 260 282 1 236 337
170 562 64 1 525 120
171 533 90 1 499 146
172 367 743 1 345 793
173 673 1245 1 645 1262
174 233 742 1 212 792
175 285 156 1 260 213
176 132 117 1 111 175
177 353 629 1 331 680
178 397 996 1 376 1043
179 353 661 1 330 712
180 71 143 1 50 200
181 264 446 1 241 500
182 448 929 1 427 976
183 243 420 1 221 474
184 235 193 1 212 250
185 528 1099 1 506 1141
186 232 773 1 211 824
187 231 1064 1 211 1112
188 467 707 1 443 756
189 433 734 1 410 783
190 238 269 1 215 324
191 463 663 1 440 714
192 293 483 1 270 536
193 480 1230 1 456 1250
194 221 322 1 198 377
195 537 1085 1 515 1126
196 282 210 1 258 266
197 193 1134 1 174 1183
198 385 732 1 363 781
199 256 476 1 234 529
200 242 314 1 219 367
201 272 291 1 248 345
202 280 1115 1 260 1164
203 218 377 1 195 430
204 456 993 1 435 1039
205 339 866 1 316 914
206 286 853 1 265 902
207 471 720 1 447 768
208 252 855 1 231 903
209 180 504 1 158 558
210 256 891 1 235 940
211 481 722 1 457 770
212 418 252 1 392 306
213 227 868 1 207 917
214 406 738 1 383 787
215 344 193 1 319 249
216 213 276 1 191 331
217 471 755 1 448 803
218 423 973 1 402 1019
219 333 1172 1 314 1216
220 471 983 1 449 1029
221 255 336 1 232 389
222 245 31 1 222 92
223 404 737 1 382 786
224 361 1099 1 340 1145
225 405 825 1 383 873
226 290 314 1 266 368
227 242 398 1 219 452
228 265 844 1 243 893
229 205 303 1 182 357
230 424 904 1 401 946
231 262 854 1 240 905
232 379 1038 1 359 1081
233 311 162 1 286 219
234 234 728 1 212 779
235 366 1111 1 346 1155
236 228 352 1 205 406
237 299 910 1 278 960
238 306 1164 1 287 1210
239 263 823 1 241 873
240 321 925 1 300 974
241 603 606 1 572 644
242 231 252 1 209 309
243 373 825 1 351 873
244 282 272 1 258 326
245 306 346 1 281 393
246 409 956 1 388 1002
247 491 759 1 468 809
248 323 230 1 298 286
249 653 162 1 610 212
250 541 1206 1 516 1234
251 368 1135 1 348 1179
252 407 999 1 387 1044
253 235 230 1 212 285
254 86 135 1 65 193
255 252 319 1 229 374
256 456 651 1 433 700
257 337 1154 1 317 1197
258 271 206 1 247 262
259 287 1146 1 268 1193
260 430 761 1 408 810
261 208 331 1 186 386
262 509 923 1 486 968
263 389 287 1 364 342
264 241 219 1 217 275
265 468 1100 1 447 1144
266 280 166 1 256 223
267 460 752 1 437 801
268 216 232 1 192 288
269 460 729 1 436 778
270 406 867 1 383 910
271 135 103 1 112 162
272 630 1187 1 601 1203
273 330 1061 1 310 1104
274 117 141 1 95 199
275 309 1228 1 291 1272
276 264 272 1 241 327
277 355 982 1 334 1029
278 300 289 1 276 344
279 267 887 1 246 936
280 320 1129 1 299 1173
281 406 1126 1 386 1169
282 206 30 1 183 91
283 356 801 1 336 851
284 351 1093 1 331 1137
285 296 1173 1 275 1220
286 480 935 1 459 982
287 403 248 1 377 303
288 538 79 1 504 136
289 302 216 1 277 271
290 447 1184 1 428 1230
291 321 549 1 298 601
292 402 834 1 381 883
293 473 330 1 444 380
294 481 1120 1 460 1163
295 351 1201 1 332 1244
296 261 866 1 240 916
297 403 238 1 380 291
298 486 340 1 457 390
299 386 745 1 364 795
300 308 1218 1 289 1263
301 334 892 1 313 941
302 311 304 1 286 357
303 395 926 1 374 971
304 351 280 1 325 329
305 226 173 1 203 230
306 309 430 1 287 484
307 453 1018 1 432 1064
308 255 773 1 232 823
309 217 638 1 195 690
310 399 1091 1 379 1137
311 236 203 1 212 260
312 513 1227 1 488 1246
313 539 975 1 515 1015
314 323 895 1 302 943
315 325 860 1 303 909
316 229 92 1 207 151
317 476 882 1 453 927
318 211 880 1 191 929
319 249 265 1 226 320
320 387 763 1 365 813
321 387 1027 1 368 1070
322 228 343 1 205 396
323 343 1038 1 323 1082
324 394 610 1 371 660
325 255 185 1 231 242
326 540 1106 1 519 1147
327 287 403 1 264 456
328 398 624 1 376 675
329 434 1044 1 414 1092
330 325 213 1 300 270
331 336 219 1 312 275
332 321 166 1 296 223
333 275 357 1 251 410
334 294 277 1 271 331
335 292 885 1 271 933
336 521 942 1 499 985
337 289 1162 1 270 1210
338 468 993 1 447 1040
339 224 948 1 203 997
340 244 808 1 223 859
341 289 289 1 266 343
342 453 955 1 432 1002
343 340 852 1 319 898
344 331 156 1 306 213
345 340 1198 1 321 1242
346 397 1068 1 377 1112
347 225 222 1 202 278
348 275 220 1 252 275
349 364 733 1 341 783
350 356 1052 1 336 1096
351 347 240 1 322 295
352 201 41 1 178 101
353 437 928 1 416 976
354 324 1218 1 303 1261
355 369 872 1 348 923
356 385 846 1 362 894
357 362 207 1 337 263
358 511 996 1 489 1040
359 248 229 1 225 285
360 345 1048 1 325 1093
361 298 205 1 275 261
362 244 292 1 221 347
363 292 416 1 269 468
364 314 211 1 289 267
365 520 895 1 495 936
366 191 317 1 168 370
367 236 240 1 213 295
368 270 152 1 246 208
369 358 558 1 335 609
370 230 299 1 207 354
371 446 1234 1 424 1261
372 582 261 1 546 309
373 298 304 1 275 358
374 486 1130 1 466 1173
375 380 675 1 357 725
376 229 289 1 206 344
377 311 226 1 287 282
378 394 806 1 372 855
379 526 33 1 494 93
380 317 947 1 296 996
381 240 907 1 220 956
382 291 329 1 267 382
383 522 1086 1 501 1129
384 449 746 1 426 794
385 372 462 1 348 515
386 298 963 1 278 1012
387 424 1003 1 403 1049
388 334 239 1 309 295
389 510 985 1 488 1029
390 196 95 1 173 154
391 566 839 1 540 878
392 209 179 1 186 237
393 452 707 1 429 756
394 320 874 1 299 923
395 334 909 1 313 957
396 475 807 1 452 855
397 133 927 1 113 977
398 260 293 1 237 348
399 244 377 1 221 430
400 480 1219 1 457 1245
401 497 936 1 475 982
402 331 1126 1 312 1170
403 418 206 1 389 258
404 328 805 1 306 854
405 302 828 1 281 877
406 330 1040 1 309 1085
407 391 945 1 369 990
408 339 623 1 315 673
409 450 661 1 427 711
410 334 1115 1 313 1159
411 434 793 1 412 842
412 409 1011 1 389 1057
413 472 342 1 443 391
414 91 987 1 70 1039
415 185 41 1 162 102
416 249 56 1 225 116
417 397 683 1 374 734
418 295 165 1 271 222
419 323 200 1 299 256
420 336 1000 1 315 1044
421 253 436 1 230 490
422 438 810 1 415 859
423 381 647 1 358 698
424 294 1132 1 274 1179
425 260 173 1 237 230
426 534 893 1 510 934
427 242 304 1 219 358
428 340 787 1 318 836
429 397 1025 1 376 1065
430 384 955 1 363 1000
431 321 265 1 297 320
432 526 1123 1 505 1164
433 420 1013 1 399 1059
434 293 265 1 269 320
435 246 387 1 223 440
436 319 1147 1 300 1192
437 276 301 1 252 355
438 294 1184 1 275 1231
439 219 260 1 197 315
440 292 864 1 270 913
441 221 241 1 198 297
442 218 312 1 195 366
443 357 244 1 332 299
444 262 325 1 239 379
445 465 1006 1 445 1051
446 232 421 1 210 475
447 409 1022 1 388 1068
448 379 1132 1 359 1176
449 211 245 1 189 301
450 271 398 1 248 451
451 333 1144 1 313 1187
452 313 828 1 291 876
453 213 64 1 190 124
454 331 880 1 310 929
455 303 483 1 281 536
456 337 229 1 313 285
457 244 361 1 221 415
458 407 878 1 385 926
459 334 637 1 312 688
460 395 1111 1 375 1157
461 468 1049 1 447 1094
462 370 1006 1 351 1052
463 328 596 1 306 647
464 406 1116 1 386 1162
465 138 136 1 116 194
466 310 1201 1 291 1245
467 257 393 1 234 446
468 225 365 1 202 418
469 449 1031 1 428 1076
470 404 1166 1 385 1211
471 289 230 1 265 286
472 353 891 1 332 940
473 351 1180 1 331 1224
474 419 960 1 398 1007
475 329 794 1 307 843
476 300 1208 1 280 1252
477 255 217 1 232 273
478 321 912 1 301 960
479 470 1164 1 450 1208
480 302 840 1 280 889
481 322 190 1 298 246
482 245 239 1 222 295
483 343 802 1 321 851
484 387 1089 1 367 1133
485 215 300 1 192 354
486 357 930 1 336 978
487 386 1010 1 365 1055
488 303 247 1 278 302
489 313 850 1 291 899
490 324 1109 1 303 1153
491 312 901 1 291 950
492 453 716 1 430 765
493 515 1037 1 492 1081
494 210 40 1 187 100
495 173 129 1 151 187
496 312 841 1 290 889
497 470 1037 1 449 1082
498 322 990 1 302 1035
499 420 1128 1 400 1172
500 309 265 1 285 320
501 256 486 1 233 540
502 296 777 1 275 827
503 233 326 1 210 380
504 282 993 1 261 1042
505 239 336 1 216 390
506 247 159 1 224 217
507 516 1189 1 496 1230
508 304 592 1 281 643
509 341 1134 1 321 1177
510 248 88 1 224 147
511 580 137 1 545 190
512 482 949 1 460 993
513 489 997 1 467 1041
514 314 279 1 290 333
515 428 941 1 407 987
516 351 953 1 330 1001
517 353 1190 1 333 1234
518 305 1123 1 286 1170
519 369 1043 1 348 1088
520 439 743 1 416 792
521 333 1016 1 312 1061
522 266 220 1 242 277
523 385 1065 1 365 1108
524 357 617 1 334 668
525 272 864 1 251 913
526 295 768 1 273 817
527 494 1023 1 472 1067
528 343 1165 1 324 1208
529 517 1008 1 495 1052
530 568 48 1 531 106
531 226 278 1 203 333
532 306 781 1 285 830
533 271 804 1 249 853
534 377 932 1 355 979
535 304 502 1 281 555
536 264 308 1 241 362
537 258 381 1 235 435
538 479 906 1 455 948
539 317 788 1 295 837
540 486 1053 1 465 1096
541 651 1219 1 621 1236
542 317 289 1 293 343
543 256 250 1 233 305
544 272 1223 1 253 1270
545 356 792 1 335 841
546 332 918 1 310 967
547 268 251 1 245 306
548 446 1050 1 425 1095
549 322 608 1 301 660
550 234 182 1 210 239
551 225 211 1 203 268
