0 232 653 1 232 644
1 268 737 1 268 727
2 208 683 1 208 673
3 272 596 1 272 587
4 235 587 1 235 579
5 268 821 1 267 810
6 235 611 1 235 602
7 266 1022 1 264 1009
8 228 757 1 228 746
9 209 1158 1 208 1143
10 231 680 1 232 670
11 229 742 1 229 732
12 212 613 1 213 604
13 270 651 1 270 642
14 225 666 1 225 657
15 265 1144 1 263 1129
16 214 595 1 215 586
17 268 755 1 267 745
18 209 663 1 210 653
19 270 663 1 270 654
20 269 721 1 268 713
21 225 810 1 225 799
22 264 1175 1 262 1160
23 204 1147 1 202 1132
24 267 808 1 266 797
25 212 919 1 212 907
26 220 896 1 219 883
27 271 583 1 271 575
28 223 846 1 223 834
29 266 1007 1 264 994
30 266 1050 1 263 1037
31 230 709 1 230 700
32 266 833 1 265 822
33 265 1119 1 263 1104
34 229 914 1 227 901
35 212 1131 1 211 1116
36 218 534 1 219 525
37 270 677 1 269 667
38 79 188 1 84 180
39 229 720 1 229 710
40 227 730 1 227 720
41 113 207 1 117 200
42 270 608 1 271 600
43 266 1036 1 264 1023
44 206 1097 1 206 1082
45 231 637 1 232 628
46 222 833 1 222 822
47 215 1054 1 214 1040
48 419 896 1 416 886
49 201 790 1 201 779
50 211 638 1 212 629
51 264 1160 1 262 1145
52 190 1022 1 189 1009
53 219 943 1 219 931
54 205 742 1 205 732
55 181 1144 1 180 1129
56 266 995 1 264 982
57 226 799 1 226 788
58 205 710 1 206 700
59 270 634 1 270 625
60 561 911 1 555 895
61 269 706 1 269 696
62 105 161 1 109 154
63 190 982 1 189 970
64 512 1011 1 508 997
65 202 821 1 201 810
66 193 919 1 193 907
67 51 201 1 57 195
68 120 811 1 121 802
69 366 36 1 368 33
70 427 895 1 425 884
71 249 906 1 247 894
72 267 844 1 266 833
73 518 993 1 514 978
74 65 191 1 70 182
75 88 1065 1 88 1051
76 213 906 1 212 894
77 267 797 1 266 786
78 242 945 1 241 933
79 217 758 1 217 748
80 211 982 1 210 969
81 87 215 1 91 208
82 266 1093 1 263 1079
83 384 646 1 383 638
84 195 881 1 195 869
85 346 724 1 345 715
86 265 872 1 264 861
87 262 415 1 265 405
88 97 183 1 101 177
89 266 895 1 266 883
90 182 954 1 182 941
91 165 455 1 167 447
92 183 1097 1 182 1083
93 116 219 1 120 211
94 215 880 1 215 868
95 178 975 1 178 962
96 148 579 1 149 570
97 457 741 1 455 732
98 77 204 1 81 197
99 215 551 1 216 542
100 268 786 1 267 776
101 211 573 1 212 565
102 185 1056 1 185 1042
103 100 991 1 100 977
104 271 971 1 269 958
105 444 833 1 442 822
106 436 1002 1 434 990
107 235 843 1 234 832
108 222 787 1 222 776
109 178 1182 1 178 1167
110 393 719 1 393 710
111 234 256 1 236 250
112 245 915 1 245 904
113 536 1186 1 530 1168
114 213 1146 1 212 1132
115 273 688 1 273 678
116 350 992 1 347 974
117 144 328 1 145 320
118 197 848 1 197 837
119 235 527 1 236 519
120 219 495 1 220 487
121 182 1132 1 181 1117
122 260 313 1 261 306
123 217 513 1 219 505
124 255 894 1 255 882
125 218 742 1 217 732
126 447 1070 1 443 1057
127 260 965 1 259 953
128 192 944 1 192 932
129 351 810 1 349 800
130 385 1079 1 382 1064
131 189 1011 1 188 998
132 264 1130 1 263 1115
133 98 198 1 102 191
134 90 172 1 94 166
135 203 761 1 203 751
136 234 666 1 234 657
137 202 1129 1 201 1115
138 72 215 1 77 207
139 458 725 1 456 715
140 462 1097 1 457 1083
141 355 722 1 356 713
142 169 36 1 174 30
143 216 728 1 216 718
144 249 972 1 248 960
145 347 835 1 345 824
146 265 981 1 263 969
147 345 776 1 344 766
148 99 208 1 102 201
149 265 530 1 266 522
150 271 906 1 270 894
151 159 579 1 160 571
152 90 162 1 94 155
153 65 201 1 69 194
154 261 362 1 263 355
155 237 574 1 238 566
156 345 748 1 344 738
157 468 854 1 465 844
158 263 1108 1 261 1094
159 108 875 1 109 866
160 473 684 1 471 674
161 551 96 1 546 97
162 404 802 1 402 793
163 463 756 1 460 747
164 205 1053 1 203 1040
165 343 1173 1 340 1155
166 476 810 1 474 800
167 478 828 1 475 817
168 258 212 1 261 206
169 268 863 1 267 851
170 380 720 1 379 711
171 168 53 1 173 48
172 270 571 1 271 563
173 456 787 1 454 777
174 274 561 1 275 553
175 175 450 1 177 442
176 282 545 1 284 536
177 461 798 1 459 789
178 111 985 1 111 972
179 520 119 1 519 118
180 217 371 1 219 365
181 368 722 1 366 712
182 274 948 1 273 936
183 183 379 1 185 371
184 458 812 1 455 802
185 209 942 1 208 929
186 188 290 1 191 284
187 147 568 1 148 559
188 266 1218 1 263 1202
189 206 732 1 206 721
190 334 726 1 334 716
191 337 1108 1 334 1091
192 465 767 1 462 758
193 538 543 1 534 533
194 377 1169 1 374 1151
195 108 1032 1 108 1018
196 233 409 1 235 401
197 234 341 1 237 334
198 490 914 1 486 899
199 246 262 1 248 256
200 515 130 1 514 129
201 257 266 1 259 260
202 457 822 1 455 812
203 214 811 1 213 800
204 344 1141 1 341 1124
205 102 174 1 106 167
206 317 1148 1 314 1131
207 432 943 1 429 923
208 355 1203 1 351 1185
209 336 690 1 335 682
210 448 727 1 446 718
211 501 1000 1 495 987
212 379 1115 1 376 1098
213 533 1176 1 527 1158
214 235 547 1 236 539
215 243 507 1 243 499
216 427 1002 1 423 990
217 221 481 1 222 473
218 208 250 1 211 244
219 213 844 1 212 833
220 361 1101 1 358 1084
221 388 892 1 386 881
222 453 773 1 450 764
223 275 872 1 274 861
224 418 800 1 416 790
225 212 328 1 215 320
226 272 544 1 272 536
227 341 1062 1 338 1048
228 489 685 1 487 676
229 195 382 1 198 374
230 271 915 1 270 903
231 518 679 1 515 669
232 175 1222 1 174 1205
233 592 639 1 586 625
234 463 37 1 465 33
235 336 716 1 335 706
236 369 799 1 367 789
237 235 537 1 236 529
238 247 349 1 249 342
239 177 66 1 181 60
240 265 1200 1 263 1185
241 193 438 1 195 430
242 500 685 1 498 674
243 533 1061 1 527 1044
244 268 927 1 268 914
245 355 1146 1 353 1129
246 274 937 1 273 925
247 321 938 1 320 926
248 340 622 1 339 613
249 465 865 1 462 854
250 446 820 1 444 809
251 157 568 1 158 559
252 238 965 1 237 953
253 467 788 1 465 778
254 397 308 1 397 302
255 390 804 1 389 795
256 320 248 1 322 242
257 214 796 1 214 786
258 639 48 1 632 52
259 187 335 1 190 328
260 412 1053 1 409 1039
261 311 1173 1 308 1155
262 230 396 1 232 388
263 220 88 1 223 82
264 319 1211 1 317 1191
265 398 29 1 400 25
266 266 373 1 268 366
267 217 460 1 219 452
268 445 1100 1 440 1085
269 112 1000 1 111 986
270 178 363 1 181 355
271 411 989 1 408 972
272 243 928 1 243 916
273 456 920 1 450 897
274 232 927 1 232 916
275 295 976 1 294 963
276 285 217 1 288 212
277 203 413 1 205 405
278 282 986 1 281 973
279 330 1180 1 327 1161
280 373 1155 1 369 1138
281 305 1001 1 303 988
282 206 311 1 209 304
283 357 896 1 356 885
284 257 330 1 259 323
285 276 407 1 279 397
286 397 1035 1 394 1021
287 299 287 1 300 281
288 654 200 1 644 198
289 277 837 1 276 827
290 356 1230 1 353 1211
291 395 1080 1 393 1065
292 571 312 1 566 306
293 209 287 1 211 280
294 263 942 1 262 930
295 334 300 1 335 295
296 55 192 1 60 186
297 227 379 1 229 371
298 441 715 1 439 706
299 334 1097 1 332 1080
300 324 1251 1 321 1230
301 273 1237 1 271 1220
302 416 828 1 414 818
303 538 1199 1 531 1180
304 183 392 1 185 384
305 367 344 1 368 338
306 349 1189 1 345 1172
307 215 277 1 217 270
308 460 1187 1 456 1170
309 285 901 1 284 889
310 644 600 1 635 585
311 313 1136 1 310 1119
312 353 1021 1 350 1007
313 445 796 1 443 786
314 495 936 1 490 914
315 355 946 1 353 935
316 373 646 1 372 638
317 338 1118 1 336 1101
318 511 562 1 507 550
319 524 1190 1 518 1172
320 87 198 1 91 191
321 240 330 1 241 323
322 276 348 1 278 341
323 249 962 1 248 949
324 305 1225 1 303 1205
325 179 87 1 182 81
326 420 862 1 418 851
327 434 501 1 444 513
328 470 1011 1 467 997
329 251 358 1 253 352
330 215 49 1 219 43
331 398 606 1 397 598
332 398 617 1 398 608
333 381 305 1 381 298
334 276 272 1 279 265
335 382 688 1 381 679
336 394 646 1 393 638
337 388 904 1 386 893
338 454 389 1 454 380
339 563 938 1 557 919
340 335 949 1 333 937
341 428 886 1 426 875
342 327 1132 1 325 1115
343 694 334 1 685 327
344 467 398 1 467 390
345 213 30 1 217 25
346 150 68 1 154 61
347 371 812 1 369 802
348 319 967 1 317 954
349 476 1210 1 471 1192
350 325 334 1 327 328
351 199 231 1 202 223
352 388 1174 1 385 1159
353 210 260 1 212 254
354 334 927 1 332 915
355 215 822 1 214 811
356 308 970 1 305 957
357 308 934 1 307 922
358 202 148 1 206 142
359 382 1230 1 378 1212
360 192 954 1 192 942
361 223 323 1 226 316
362 371 831 1 370 821
363 526 1201 1 520 1183
364 315 215 1 317 209
365 203 403 1 205 395
366 442 1031 1 439 1019
367 195 704 1 196 694
368 377 674 1 376 665
369 229 242 1 232 236
370 235 218 1 238 212
371 264 464 1 265 456
372 648 108 1 639 110
373 425 1123 1 421 1109
374 300 270 1 302 264
375 313 276 1 314 270
376 296 222 1 298 216
377 441 750 1 439 741
378 343 1215 1 339 1196
379 250 417 1 252 409
380 270 335 1 272 328
381 276 959 1 274 947
382 460 1072 1 456 1059
383 340 896 1 338 885
384 471 799 1 469 789
385 205 1025 1 204 1012
386 225 880 1 225 868
387 265 347 1 267 340
388 477 1032 1 473 1018
389 467 48 1 467 48
390 301 611 1 301 603
391 324 925 1 323 913
392 306 212 1 308 206
393 302 890 1 300 878
394 686 762 1 673 740
395 359 1086 1 356 1071
396 199 280 1 202 273
397 454 713 1 452 704
398 347 45 1 350 41
399 308 1204 1 306 1185
400 323 296 1 325 290
401 175 98 1 178 92
402 463 708 1 462 700
403 254 223 1 257 216
404 370 918 1 367 906
405 338 263 1 340 257
406 504 1078 1 499 1063
407 222 287 1 225 280
408 364 1042 1 361 1028
409 229 1039 1 228 1026
410 561 921 1 556 905
411 218 351 1 220 344
412 269 476 1 270 468
413 289 267 1 291 261
414 450 759 1 448 750
415 210 298 1 213 291
416 205 358 1 207 351
417 661 659 1 650 642
418 274 362 1 276 356
419 481 1221 1 476 1203
420 363 740 1 362 731
421 203 348 1 206 341
422 286 283 1 288 277
423 379 876 1 377 865
424 506 77 1 506 75
425 438 972 1 434 949
426 443 943 1 438 920
427 222 982 1 221 969
428 517 1175 1 512 1158
429 523 1217 1 517 1198
430 224 205 1 227 199
431 245 204 1 247 198
432 344 1153 1 341 1136
433 352 522 1 352 514
434 282 1040 1 281 1027
435 412 1082 1 409 1068
436 310 296 1 311 290
437 515 1022 1 510 1008
438 502 1066 1 498 1051
439 263 884 1 262 872
440 169 152 1 172 146
441 183 238 1 186 231
442 463 1058 1 459 1044
443 339 966 1 336 953
444 437 773 1 436 763
445 215 62 1 218 57
446 304 948 1 302 935
447 319 983 1 317 971
448 463 877 1 460 866
449 377 1203 1 373 1185
450 235 352 1 238 345
451 220 438 1 222 430
452 324 1103 1 322 1086
453 488 1011 1 484 998
454 319 1221 1 315 1202
455 393 257 1 395 251
456 370 1075 1 367 1059
457 315 1231 1 312 1212
458 193 371 1 195 364
459 311 876 1 310 865
460 626 518 1 616 504
461 377 1025 1 375 1010
462 618 481 1 611 471
463 435 726 1 434 717
464 368 1129 1 364 1112
465 398 1093 1 395 1078
466 453 401 1 452 393
467 250 277 1 252 270
468 365 1063 1 363 1049
469 69 1066 1 69 1053
470 223 113 1 226 107
471 302 1024 1 300 1011
472 380 749 1 379 739
473 270 221 1 272 215
474 299 256 1 301 250
475 321 1084 1 319 1068
476 319 258 1 321 252
477 230 497 1 231 489
478 678 223 1 667 221
479 554 87 1 550 87
480 363 712 1 363 703
481 598 931 1 590 911
482 279 1221 1 277 1204
483 235 229 1 237 223
484 464 838 1 461 828
485 254 927 1 253 915
486 323 857 1 322 846
487 416 685 1 415 672
488 371 1035 1 369 1021
489 274 261 1 276 255
490 297 322 1 299 316
491 544 579 1 539 567
492 169 583 1 170 574
493 409 1092 1 406 1078
494 268 323 1 270 316
495 222 448 1 223 440
496 306 1239 1 303 1221
497 416 1019 1 413 1005
498 193 318 1 196 311
499 560 277 1 556 271
500 194 300 1 197 293
501 200 582 1 201 573
502 592 60 1 587 62
503 237 384 1 239 376
504 484 1242 1 478 1223
505 630 407 1 622 398
506 457 1086 1 453 1072
507 210 482 1 212 474
508 368 1226 1 365 1207
509 185 304 1 188 297
510 248 459 1 249 451
511 319 1241 1 316 1221
512 295 901 1 294 889
513 186 122 1 189 116
514 316 954 1 314 942
515 366 750 1 365 741
516 314 285 1 315 280
517 220 422 1 221 414
518 341 1129 1 339 1112
519 460 1133 1 456 1118
520 609 442 1 602 432
521 309 660 1 309 651
522 396 1203 1 392 1187
523 109 193 1 113 187
524 298 245 1 300 240
525 233 454 1 235 446
526 200 425 1 202 417
527 440 1114 1 436 1098
528 265 287 1 266 281
529 189 972 1 188 959
530 417 883 1 415 873
531 312 865 1 311 853
532 229 274 1 232 268
533 306 987 1 304 974
534 284 913 1 283 901
535 601 378 1 594 370
536 220 297 1 222 290
537 326 873 1 325 861
538 376 1180 1 372 1162
539 189 359 1 191 351
540 343 1005 1 340 993
541 278 304 1 280 297
542 296 924 1 295 911
543 375 34 1 377 30
544 439 783 1 436 773
545 508 1123 1 503 1107
546 396 1025 1 393 1011
547 341 1016 1 338 1003
548 295 914 1 294 902
549 277 531 1 278 523
550 307 1075 1 305 1059
551 219 215 1 223 209
552 149 54 1 153 48
553 286 322 1 287 316
554 278 848 1 277 837
555 277 241 1 279 235
556 208 386 1 210 378
557 266 1072 1 264 1059
558 684 371 1 671 363
559 215 396 1 217 388
560 367 882 1 365 871
561 504 590 1 500 577
562 284 655 1 284 647
563 328 1229 1 325 1209
564 221 143 1 224 137
565 569 179 1 565 177
566 481 1079 1 477 1064
567 290 336 1 291 329
568 611 471 1 604 460
569 292 1211 1 289 1194
570 258 233 1 260 227
571 473 1249 1 468 1231
572 240 278 1 243 271
573 423 976 1 420 960
574 584 49 1 580 51
575 339 681 1 338 672
576 295 988 1 293 975
577 505 1054 1 500 1037
578 486 1108 1 482 1092
579 200 336 1 203 329
580 217 382 1 219 374
581 592 40 1 587 42
582 637 563 1 628 549
583 251 875 1 251 864
584 363 1008 1 360 995
585 240 399 1 242 391
586 283 564 1 284 555
587 239 367 1 241 359
588 234 442 1 236 434
589 263 253 1 265 247
590 299 859 1 298 848
591 473 996 1 469 984
592 480 1139 1 475 1123
593 522 983 1 517 967
594 391 1191 1 387 1175
595 293 347 1 295 340
596 331 310 1 333 303
597 231 308 1 233 301
598 316 993 1 314 981
599 349 34 1 352 31
600 243 308 1 245 301
601 436 1134 1 433 1119
602 303 673 1 304 664
603 159 99 1 163 93
604 200 269 1 202 262
