0 232 645 1 232 645
1 269 730 1 269 729
2 208 674 1 209 674
3 273 588 1 273 588
4 236 579 1 236 579
5 268 813 1 268 813
6 236 603 1 236 603
7 265 1014 1 265 1014
8 228 749 1 228 748
9 208 1150 1 209 1149
10 232 672 1 232 672
11 229 734 1 229 733
12 214 605 1 213 605
13 271 643 1 271 643
14 226 658 1 226 658
15 263 1136 1 263 1135
16 215 587 1 215 587
17 268 747 1 268 747
18 210 655 1 210 655
19 271 655 1 270 655
20 269 713 1 269 714
21 226 802 1 225 801
22 263 1168 1 263 1166
23 203 1139 1 202 1138
24 267 800 1 267 800
25 212 911 1 212 911
26 220 888 1 219 887
27 272 576 1 272 575
28 223 838 1 224 837
29 265 999 1 265 999
30 265 1043 1 264 1042
31 231 701 1 230 701
32 266 825 1 266 825
33 264 1111 1 264 1110
34 229 906 1 228 905
35 211 1123 1 212 1122
36 219 525 1 219 525
37 271 669 1 270 669
38 82 179 1 82 177
39 229 712 1 229 712
40 228 722 1 227 722
41 115 197 1 116 198
42 272 600 1 271 600
43 265 1029 1 265 1029
44 562 906 1 560 905
45 205 1089 1 207 1088
46 232 629 1 232 629
47 222 825 1 222 825
48 214 1046 1 215 1046
49 419 889 1 418 889
50 201 782 1 201 782
51 212 630 1 212 630
52 263 1152 1 263 1152
53 189 1014 1 189 1013
54 219 935 1 219 935
55 205 734 1 205 734
56 180 1136 1 180 1135
57 265 987 1 265 987
58 227 791 1 227 790
59 206 702 1 207 702
60 271 626 1 270 626
61 270 698 1 269 697
62 108 151 1 108 151
63 190 974 1 190 974
64 512 1005 1 511 1004
65 202 813 1 202 812
66 193 911 1 193 911
67 53 192 1 54 192
68 121 802 1 122 803
69 370 28 1 370 28
70 427 888 1 427 888
71 267 836 1 266 836
72 517 987 1 518 987
73 88 1057 1 87 1056
74 213 898 1 213 898
75 268 789 1 267 789
76 241 938 1 241 937
77 218 750 1 217 750
78 210 974 1 210 973
79 90 206 1 90 206
80 265 1085 1 264 1085
81 385 639 1 385 638
82 195 873 1 195 873
83 347 717 1 347 716
84 265 864 1 265 864
85 264 407 1 264 407
86 99 173 1 99 174
87 266 887 1 267 886
88 182 946 1 182 945
89 167 447 1 167 447
90 182 1089 1 182 1089
91 118 209 1 119 209
92 215 872 1 215 872
93 178 967 1 178 967
94 149 571 1 149 571
95 458 734 1 458 734
96 68 181 1 68 180
97 79 195 1 80 195
98 216 543 1 216 543
99 268 778 1 268 778
100 212 565 1 212 565
101 185 1048 1 185 1048
102 100 982 1 100 982
103 270 963 1 270 962
104 444 826 1 444 825
105 436 995 1 436 995
106 235 835 1 235 835
107 222 779 1 222 778
108 177 1174 1 178 1173
109 394 712 1 394 712
110 236 247 1 236 248
111 245 907 1 246 907
112 535 1180 1 534 1179
113 212 1138 1 213 1138
114 274 680 1 274 680
115 349 985 1 348 984
116 146 319 1 146 319
117 197 840 1 197 840
118 237 519 1 236 519
119 221 487 1 220 487
120 181 1124 1 181 1123
121 262 305 1 262 305
122 219 505 1 219 505
123 255 886 1 255 886
124 219 734 1 218 734
125 446 1063 1 445 1063
126 259 958 1 259 957
127 192 936 1 192 936
128 352 803 1 351 803
129 384 1072 1 384 1071
130 188 1003 1 188 1003
131 263 1122 1 264 1121
132 101 188 1 101 189
133 93 163 1 93 163
134 203 753 1 203 754
135 235 658 1 235 658
136 201 1121 1 201 1121
137 75 205 1 75 205
138 459 718 1 459 717
139 461 1091 1 460 1090
140 356 715 1 358 715
141 173 26 1 173 27
142 217 720 1 217 720
143 249 965 1 249 964
144 347 827 1 347 827
145 264 973 1 264 973
146 346 769 1 346 768
147 101 199 1 101 199
148 266 522 1 266 522
149 271 898 1 271 898
150 496 931 1 495 929
151 160 571 1 160 571
152 92 152 1 93 153
153 67 192 1 68 192
154 264 354 1 264 354
155 239 566 1 239 566
156 345 740 1 345 740
157 468 847 1 468 847
158 262 1101 1 262 1100
159 108 866 1 109 867
160 474 678 1 474 677
161 556 88 1 554 89
162 404 795 1 404 795
163 463 749 1 463 749
164 204 1045 1 203 1045
165 342 1165 1 342 1164
166 477 803 1 476 803
167 478 821 1 478 820
168 261 204 1 261 204
169 268 855 1 267 854
170 381 713 1 380 713
171 172 44 1 172 44
172 272 564 1 272 563
173 457 781 1 457 780
174 276 553 1 276 553
175 177 442 1 177 441
176 284 538 1 284 536
177 462 792 1 461 791
178 110 977 1 110 976
179 524 111 1 524 112
180 219 363 1 219 364
181 368 714 1 368 714
182 274 941 1 274 940
183 185 370 1 185 370
184 458 806 1 458 805
185 208 934 1 208 933
186 190 281 1 191 282
187 148 559 1 148 559
188 264 1210 1 264 1210
189 207 723 1 206 723
190 335 718 1 335 718
191 336 1101 1 336 1100
192 465 760 1 464 760
193 540 537 1 540 537
194 107 1023 1 107 1023
195 455 915 1 454 913
196 235 401 1 235 401
197 237 332 1 237 332
198 376 1162 1 375 1161
199 490 908 1 489 907
200 249 253 1 248 254
201 519 122 1 519 123
202 259 257 1 259 258
203 458 816 1 457 815
204 214 803 1 214 803
205 342 1135 1 342 1133
206 104 164 1 105 164
207 316 1141 1 315 1140
208 432 937 1 432 936
209 353 1196 1 353 1195
210 337 683 1 337 682
211 449 720 1 448 720
212 500 994 1 498 993
213 378 1108 1 378 1107
214 531 1170 1 531 1168
215 236 539 1 236 539
216 244 499 1 244 499
217 426 995 1 425 994
218 223 472 1 223 473
219 211 242 1 211 242
220 213 836 1 213 835
221 360 1094 1 360 1093
222 388 885 1 387 884
223 453 767 1 453 766
224 275 865 1 275 864
225 418 793 1 418 793
226 214 319 1 215 319
227 274 537 1 273 536
228 340 1055 1 340 1055
229 490 679 1 490 678
230 197 374 1 198 374
231 271 908 1 271 907
232 519 673 1 519 673
233 174 1214 1 174 1213
234 594 633 1 593 632
235 467 29 1 467 30
236 337 708 1 337 708
237 369 792 1 369 791
238 237 529 1 237 529
239 249 341 1 249 341
240 180 56 1 181 57
241 264 1192 1 264 1192
242 195 429 1 195 429
243 502 679 1 501 678
244 532 1055 1 531 1054
245 268 919 1 268 919
246 354 1139 1 354 1138
247 274 929 1 274 929
248 321 930 1 321 930
249 341 614 1 340 614
250 465 858 1 465 857
251 446 813 1 446 812
252 159 559 1 159 559
253 237 958 1 237 957
254 468 782 1 468 781
255 399 300 1 399 300
256 391 797 1 391 797
257 323 240 1 323 240
258 214 788 1 214 788
259 645 40 1 643 41
260 190 327 1 189 327
261 411 1046 1 411 1045
262 309 1166 1 309 1165
263 232 388 1 232 387
264 223 79 1 223 79
265 317 1203 1 318 1202
266 268 365 1 268 365
267 219 452 1 219 452
268 444 1094 1 443 1092
269 111 991 1 111 991
270 180 354 1 180 354
271 411 983 1 410 981
272 242 920 1 243 920
273 231 919 1 233 920
274 295 969 1 295 968
275 288 209 1 288 209
276 205 404 1 205 404
277 282 978 1 282 978
278 328 1172 1 328 1171
279 371 1148 1 371 1147
280 305 993 1 305 993
281 208 302 1 209 303
282 357 889 1 357 889
283 260 322 1 259 322
284 278 399 1 279 398
285 396 1028 1 396 1028
286 301 278 1 301 279
287 658 193 1 657 193
288 277 830 1 277 830
289 355 1223 1 355 1222
290 394 1074 1 395 1073
291 574 305 1 573 305
292 211 279 1 211 279
293 263 934 1 263 934
294 336 292 1 336 293
295 58 183 1 58 183
296 229 370 1 229 371
297 442 708 1 441 708
298 333 1090 1 333 1089
299 323 1243 1 323 1242
300 271 1230 1 271 1229
301 416 821 1 416 821
302 537 1193 1 535 1192
303 185 383 1 185 383
304 369 337 1 369 337
305 347 1182 1 347 1181
306 217 268 1 217 269
307 459 1180 1 459 1179
308 284 894 1 285 893
309 646 594 1 645 594
310 311 1129 1 311 1128
311 352 1014 1 352 1013
312 446 789 1 446 789
313 355 939 1 355 938
314 374 639 1 374 639
315 337 1111 1 337 1110
316 513 556 1 512 555
317 523 1184 1 522 1182
318 89 189 1 90 189
319 242 322 1 241 322
320 278 340 1 278 340
321 249 954 1 249 954
322 304 1218 1 304 1216
323 182 78 1 182 78
324 420 855 1 420 855
325 470 1004 1 470 1003
326 253 350 1 253 351
327 219 39 1 219 40
328 399 599 1 399 599
329 400 609 1 400 609
330 383 297 1 383 297
331 279 263 1 279 264
332 383 681 1 382 680
333 395 638 1 394 638
334 388 897 1 388 896
335 456 382 1 457 381
336 563 933 1 562 931
337 334 942 1 334 941
338 428 879 1 428 879
339 326 1125 1 326 1124
340 470 391 1 470 391
341 153 58 1 153 58
342 371 805 1 371 805
343 318 959 1 318 959
344 474 1204 1 474 1203
345 202 222 1 202 221
346 387 1167 1 387 1166
347 212 252 1 212 252
348 333 920 1 333 919
349 215 814 1 215 814
350 308 962 1 306 961
351 308 927 1 308 926
352 205 139 1 206 139
353 380 1223 1 380 1222
354 192 946 1 192 946
355 226 314 1 226 315
356 372 824 1 371 824
357 525 1195 1 524 1194
358 318 206 1 318 207
359 205 395 1 205 394
360 442 1025 1 441 1024
361 196 696 1 196 696
362 378 666 1 378 666
363 232 234 1 232 234
364 238 210 1 238 210
365 266 456 1 266 456
366 653 101 1 652 102
367 424 1116 1 423 1115
368 303 262 1 303 262
369 315 268 1 315 268
370 299 213 1 299 214
371 442 743 1 441 743
372 341 1208 1 341 1207
373 252 409 1 252 409
374 272 327 1 272 327
375 275 951 1 275 951
376 459 1066 1 458 1065
377 340 889 1 340 889
378 472 792 1 472 792
379 205 1017 1 204 1016
380 225 872 1 225 872
381 267 339 1 267 339
382 476 1026 1 476 1025
383 471 40 1 471 40
384 303 603 1 302 604
385 324 918 1 324 918
386 309 204 1 309 204
387 301 883 1 301 882
388 687 757 1 686 756
389 358 1079 1 358 1078
390 202 271 1 202 272
391 455 706 1 454 706
392 351 36 1 351 36
393 307 1197 1 307 1196
394 326 288 1 326 289
395 178 89 1 178 89
396 464 702 1 464 702
397 257 214 1 257 214
398 370 911 1 369 911
399 341 255 1 341 255
400 503 1072 1 502 1071
401 224 278 1 224 279
402 363 1035 1 363 1035
403 229 1031 1 228 1031
404 561 916 1 561 915
405 220 343 1 220 343
406 271 468 1 271 468
407 292 259 1 292 259
408 451 753 1 450 752
409 212 289 1 212 289
410 442 938 1 441 936
411 207 350 1 207 350
412 662 654 1 661 653
413 695 327 1 694 327
414 277 355 1 277 355
415 479 1214 1 479 1213
416 364 733 1 363 733
417 205 340 1 205 340
418 289 275 1 289 275
419 379 869 1 379 869
420 511 69 1 510 69
421 438 966 1 437 964
422 221 974 1 221 974
423 516 1169 1 516 1168
424 521 1210 1 521 1209
425 227 196 1 227 197
426 248 195 1 247 195
427 342 1146 1 342 1145
428 354 514 1 354 514
429 282 1032 1 282 1032
430 411 1075 1 411 1074
431 312 288 1 312 288
432 514 1016 1 513 1015
433 502 1060 1 501 1059
434 263 877 1 263 876
435 172 143 1 172 143
436 186 229 1 186 229
437 462 1052 1 462 1051
438 339 958 1 338 958
439 438 766 1 438 766
440 218 53 1 218 53
441 303 941 1 303 940
442 319 976 1 319 976
443 463 871 1 462 870
444 375 1195 1 375 1194
445 238 344 1 238 344
446 222 429 1 222 430
447 323 1096 1 323 1095
448 487 1005 1 487 1004
449 317 1214 1 316 1213
450 369 1068 1 369 1067
451 314 1224 1 314 1222
452 195 363 1 195 363
453 311 869 1 311 869
454 628 511 1 627 511
455 377 1018 1 377 1017
456 620 475 1 619 475
457 436 719 1 436 719
458 366 1123 1 366 1121
459 397 1086 1 397 1086
460 455 394 1 455 393
461 252 268 1 252 268
462 365 1056 1 364 1056
463 68 1058 1 68 1057
464 226 104 1 226 104
465 301 1016 1 301 1016
466 381 742 1 381 741
467 273 213 1 273 213
468 302 248 1 301 248
469 320 1077 1 320 1076
470 322 250 1 322 250
471 232 489 1 232 489
472 683 216 1 681 217
473 558 79 1 557 80
474 364 705 1 364 705
475 598 926 1 597 924
476 278 1213 1 278 1212
477 237 220 1 237 221
478 464 831 1 464 831
479 254 919 1 254 919
480 323 850 1 323 849
481 417 678 1 417 678
482 371 1028 1 370 1028
483 277 252 1 276 253
484 299 314 1 299 314
485 170 575 1 170 575
486 408 1085 1 408 1084
487 270 314 1 270 315
488 223 440 1 223 440
489 304 1232 1 304 1231
490 416 1012 1 416 1011
491 196 310 1 196 310
492 563 269 1 562 269
493 197 291 1 197 291
494 202 573 1 202 573
495 597 52 1 596 53
496 239 376 1 239 376
497 482 1236 1 482 1234
498 633 401 1 632 401
499 456 1080 1 456 1079
500 212 473 1 212 474
501 366 1218 1 366 1217
502 187 295 1 187 296
503 249 451 1 249 451
504 317 1234 1 318 1233
505 295 893 1 295 893
506 189 113 1 189 113
507 315 947 1 315 947
508 367 743 1 367 743
509 316 277 1 316 278
510 221 414 1 221 414
511 340 1122 1 340 1121
512 459 1126 1 459 1126
513 612 436 1 611 435
514 310 652 1 310 652
515 394 1196 1 394 1195
516 112 185 1 112 184
517 301 237 1 300 238
518 235 446 1 235 446
519 202 417 1 202 417
520 438 1107 1 438 1106
521 267 278 1 267 279
522 188 964 1 188 963
523 417 876 1 417 876
524 312 857 1 312 857
525 232 265 1 232 266
526 305 979 1 305 979
527 284 906 1 284 905
528 605 372 1 603 372
529 222 289 1 222 289
530 326 865 1 326 865
531 375 1173 1 374 1172
532 191 350 1 191 350
533 342 998 1 342 998
534 280 295 1 280 296
535 296 916 1 296 915
536 378 25 1 379 26
537 439 776 1 439 775
538 507 1117 1 507 1116
539 395 1018 1 395 1017
540 340 1009 1 340 1008
541 295 907 1 294 906
542 279 523 1 278 523
543 306 1068 1 306 1067
544 222 207 1 222 207
545 152 44 1 153 44
546 288 314 1 288 315
547 278 840 1 278 840
548 279 233 1 279 233
549 210 377 1 210 377
550 265 1065 1 265 1064
551 688 365 1 686 365
552 217 388 1 217 388
553 367 875 1 366 875
554 505 584 1 505 583
555 285 648 1 285 648
556 326 1222 1 326 1220
557 224 134 1 224 134
558 572 172 1 572 172
559 480 1073 1 480 1072
560 292 328 1 292 328
561 614 465 1 613 464
562 290 1204 1 290 1203
563 261 225 1 261 225
564 472 1243 1 471 1242
565 243 269 1 243 270
566 423 970 1 422 969
567 589 41 1 588 42
568 340 674 1 340 674
569 295 981 1 295 980
570 504 1048 1 504 1047
571 485 1102 1 485 1101
572 202 328 1 202 328
573 219 373 1 219 374
574 597 31 1 596 32
575 640 557 1 638 556
576 252 867 1 252 867
577 362 1002 1 362 1001
578 242 391 1 242 391
579 285 556 1 285 556
580 241 358 1 241 358
581 236 434 1 236 434
582 266 245 1 266 245
583 299 852 1 299 851
584 472 990 1 472 989
585 478 1133 1 478 1131
586 522 977 1 521 976
587 389 1184 1 389 1183
588 295 338 1 295 339
589 334 302 1 334 302
590 233 300 1 233 300
591 316 986 1 316 986
592 354 24 1 353 25
593 245 300 1 245 300
594 436 1127 1 436 1126
595 304 665 1 305 665
596 162 90 1 162 90
597 202 260 1 202 260
