0 202 561 1 205 635
1 198 607 1 203 681
2 187 746 1 197 821
3 192 667 1 200 741
4 185 571 1 187 648
5 215 819 1 230 893
6 170 919 1 188 997
7 204 551 1 206 625
8 190 521 1 191 595
9 210 901 1 228 976
10 236 519 1 237 592
11 216 805 1 230 880
12 207 509 1 207 584
13 179 613 1 184 688
14 226 678 1 234 752
15 202 571 1 206 646
16 34 802 1 47 885
17 192 690 1 200 765
18 191 506 1 191 581
19 685 1197 1 723 1252
20 226 666 1 233 739
21 208 911 1 227 987
22 223 690 1 232 763
23 187 732 1 197 808
24 532 1067 1 561 1126
25 25 849 1 40 932
26 229 622 1 235 695
27 171 818 1 185 895
28 625 1019 1 652 1070
29 214 835 1 229 910
30 645 1229 1 685 1287
31 235 550 1 237 623
32 668 1192 1 707 1247
33 647 1111 1 680 1164
34 181 593 1 186 668
35 188 540 1 190 615
36 498 1181 1 531 1245
37 511 1191 1 544 1255
38 515 1167 1 548 1230
39 201 539 1 203 614
40 543 1226 1 579 1289
41 157 818 1 171 894
42 208 921 1 227 997
43 188 716 1 198 792
44 226 652 1 233 725
45 340 983 1 363 1053
46 576 1020 1 602 1074
47 482 1228 1 517 1294
48 64 1068 1 77 1145
49 618 988 1 643 1039
50 609 1193 1 644 1250
51 550 889 1 569 943
52 665 1114 1 699 1166
53 125 193 1 109 274
54 585 1079 1 614 1135
55 199 458 1 196 534
56 173 672 1 181 748
57 621 1168 1 656 1224
58 594 1226 1 632 1286
59 549 943 1 569 997
60 285 984 1 307 1056
61 50 1128 1 64 1206
62 73 1053 1 85 1128
63 451 692 1 459 752
64 112 190 1 97 271
65 612 1010 1 639 1062
66 127 179 1 111 260
67 175 652 1 181 727
68 160 787 1 172 864
69 89 703 1 98 784
70 608 970 1 632 1021
71 168 715 1 177 791
72 658 1226 1 697 1282
73 469 1247 1 505 1314
74 601 1236 1 639 1297
75 533 1016 1 559 1072
76 140 489 1 140 567
77 629 1044 1 656 1096
78 608 952 1 631 1003
79 577 1237 1 614 1298
80 557 1016 1 582 1070
81 582 893 1 602 944
82 563 1239 1 600 1301
83 594 1000 1 620 1052
84 678 1109 1 712 1160
85 151 865 1 167 943
86 634 1233 1 673 1291
87 212 867 1 229 942
88 214 1108 1 234 1183
89 522 1057 1 549 1115
90 491 1041 1 515 1102
91 596 1153 1 630 1210
92 509 1081 1 537 1142
93 514 1216 1 549 1280
94 612 1215 1 650 1273
95 157 395 1 152 473
96 54 1114 1 68 1192
97 640 1020 1 667 1071
98 579 1218 1 617 1278
99 107 1212 1 131 1296
100 624 1217 1 662 1275
101 115 179 1 99 261
102 317 983 1 340 1055
103 181 690 1 190 765
104 203 765 1 215 840
105 218 1179 1 244 1255
106 553 1251 1 591 1315
107 532 999 1 556 1055
108 620 1032 1 649 1084
109 238 496 1 238 569
110 616 1108 1 649 1162
111 577 1175 1 612 1235
112 104 994 1 115 1067
113 482 1252 1 519 1319
114 495 1029 1 519 1087
115 565 876 1 584 929
116 638 1072 1 669 1123
117 620 1185 1 656 1242
118 614 1150 1 648 1207
119 89 1182 1 107 1261
120 581 931 1 602 983
121 606 1100 1 637 1155
122 633 1222 1 673 1279
123 507 1091 1 536 1152
124 667 1101 1 700 1153
125 591 955 1 614 1007
126 631 992 1 657 1044
127 689 1109 1 723 1160
128 191 490 1 190 565
129 219 759 1 231 834
130 485 1057 1 512 1118
131 568 955 1 590 1007
132 588 1237 1 626 1298
133 628 1007 1 654 1058
134 55 1185 1 71 1266
135 623 1076 1 654 1130
136 592 1131 1 624 1187
137 86 1245 1 105 1327
138 636 1148 1 670 1203
139 581 1033 1 608 1086
140 662 1126 1 697 1179
141 564 966 1 587 1019
142 614 1087 1 644 1141
143 681 1088 1 713 1139
144 599 981 1 624 1033
145 61 1140 1 76 1218
146 196 470 1 195 546
147 543 1068 1 571 1125
148 510 1010 1 534 1067
149 677 1057 1 708 1108
150 27 1063 1 39 1142
151 497 1233 1 533 1299
152 689 1157 1 726 1210
153 554 1189 1 589 1250
154 656 1146 1 692 1200
155 664 1069 1 695 1120
156 668 1151 1 704 1205
157 634 1115 1 667 1169
158 645 1126 1 679 1180
159 78 780 1 91 861
160 524 1252 1 561 1317
161 94 1160 1 110 1239
162 670 1090 1 702 1141
163 524 1219 1 561 1283
164 600 923 1 622 974
165 668 1214 1 708 1270
166 56 1170 1 72 1250
167 488 1210 1 523 1275
168 580 1255 1 618 1317
169 669 1224 1 709 1281
170 201 427 1 198 503
171 591 1062 1 619 1117
172 291 611 1 296 681
173 581 969 1 604 1023
174 251 1068 1 274 1140
175 27 994 1 39 1070
176 571 931 1 592 984
177 590 1199 1 624 1259
178 596 944 1 619 996
179 608 1043 1 635 1096
180 464 1174 1 496 1241
181 272 1183 1 300 1258
182 394 774 1 408 839
183 337 416 1 329 472
184 205 1220 1 231 1294
185 214 1090 1 235 1163
186 440 1193 1 475 1262
187 339 742 1 350 811
188 45 1225 1 63 1306
189 569 986 1 593 1039
190 531 1193 1 565 1256
191 535 943 1 556 997
192 446 1203 1 480 1272
193 212 739 1 222 813
194 653 1093 1 685 1145
195 536 1058 1 564 1115
196 73 759 1 85 840
197 480 1145 1 512 1209
198 534 1185 1 567 1246
199 510 1204 1 544 1269
200 671 1204 1 709 1258
201 90 1077 1 101 1149
202 479 993 1 502 1053
203 96 1149 1 110 1224
204 656 1180 1 693 1235
205 564 1083 1 594 1140
206 473 976 1 495 1035
207 654 1062 1 684 1115
208 171 690 1 179 767
209 589 988 1 614 1041
210 102 187 1 87 269
211 282 1097 1 309 1171
212 136 1160 1 153 1235
213 477 1197 1 510 1263
214 216 769 1 228 844
215 592 1030 1 619 1084
216 555 1146 1 588 1206
217 37 1055 1 48 1131
218 465 1188 1 498 1254
219 533 1143 1 565 1204
220 667 1056 1 698 1107
221 502 1043 1 528 1101
222 486 1015 1 510 1075
223 674 1078 1 705 1129
224 575 1084 1 605 1140
225 521 919 1 541 973
226 566 1018 1 592 1073
227 649 919 1 671 968
228 644 1175 1 680 1230
229 551 901 1 571 954
230 483 1093 1 511 1155
231 127 204 1 112 284
232 105 1160 1 121 1237
233 79 1079 1 92 1154
234 199 444 1 196 519
235 497 1121 1 528 1183
236 475 1065 1 502 1127
237 457 1235 1 493 1303
238 98 707 1 108 788
239 580 1113 1 611 1170
240 438 1110 1 465 1174
241 555 1125 1 586 1183
242 99 984 1 112 1057
243 567 1202 1 603 1262
244 496 953 1 517 1011
245 38 921 1 45 995
246 479 1177 1 511 1242
247 623 962 1 647 1012
248 680 1012 1 708 1061
249 521 1076 1 550 1134
250 612 1246 1 652 1305
251 582 881 1 600 933
252 252 1121 1 276 1196
253 231 632 1 237 705
254 608 1182 1 644 1240
255 528 1026 1 553 1083
256 557 1041 1 583 1097
257 580 1095 1 610 1152
258 667 1176 1 704 1230
259 438 688 1 447 750
260 135 1255 1 156 1337
261 606 1058 1 634 1112
262 642 1209 1 681 1266
263 624 1120 1 656 1174
264 529 1153 1 562 1214
265 197 727 1 207 802
266 684 1207 1 723 1262
267 625 1131 1 659 1186
268 504 967 1 526 1024
269 93 1171 1 110 1249
270 575 942 1 597 995
271 101 940 1 109 1011
272 35 977 1 44 1051
273 597 1163 1 631 1221
274 492 908 1 511 965
275 221 781 1 234 856
276 590 1142 1 624 1198
277 582 1008 1 607 1061
278 395 758 1 407 823
279 498 1074 1 525 1135
280 500 1007 1 524 1065
281 538 1117 1 569 1175
282 485 1242 1 522 1308
283 158 806 1 172 883
284 685 1253 1 727 1310
285 470 960 1 491 1021
286 599 932 1 621 984
287 668 1034 1 698 1084
288 60 1129 1 74 1206
289 177 731 1 187 807
290 688 1100 1 719 1150
291 390 581 1 386 623
292 250 1091 1 274 1164
293 417 1099 1 445 1168
294 471 1224 1 506 1291
295 676 1068 1 708 1118
296 167 389 1 162 467
297 243 1035 1 261 1103
298 609 941 1 632 992
299 479 959 1 500 1020
300 259 1081 1 283 1154
301 638 943 1 662 993
302 464 916 1 483 975
303 613 1225 1 652 1284
304 509 928 1 529 984
305 601 899 1 620 950
306 106 915 1 115 987
307 543 1153 1 575 1214
308 671 1237 1 712 1294
309 542 1078 1 570 1136
310 649 1041 1 679 1092
311 491 995 1 515 1053
312 475 922 1 493 979
313 559 1109 1 589 1167
314 586 944 1 608 997
315 662 1079 1 694 1131
316 546 1019 1 570 1075
317 453 1014 1 477 1075
318 633 1057 1 662 1109
319 198 740 1 208 815
320 279 897 1 298 969
321 513 1021 1 537 1079
322 520 993 1 543 1049
323 657 1202 1 696 1257
324 596 1114 1 628 1171
325 526 880 1 545 934
326 301 609 1 304 678
327 619 1054 1 648 1106
328 670 975 1 696 1023
329 119 834 1 128 904
330 263 1092 1 287 1165
331 275 1153 1 302 1228
332 640 1190 1 677 1246
333 219 749 1 231 824
334 395 732 1 406 797
335 95 840 1 103 911
336 507 978 1 528 1036
337 443 1221 1 478 1290
338 496 1191 1 530 1255
339 559 1099 1 589 1156
340 160 1205 1 183 1282
341 646 1163 1 682 1218
342 425 727 1 436 789
343 425 1117 1 452 1181
344 153 1217 1 178 1295
345 635 1125 1 668 1180
346 308 1066 1 331 1136
347 84 1151 1 99 1228
348 133 166 1 117 247
349 128 950 1 139 1022
350 89 1137 1 104 1213
351 674 1249 1 716 1306
352 628 1255 1 667 1318
353 289 737 1 300 807
354 224 722 1 234 796
355 489 1005 1 514 1064
356 454 1172 1 486 1238
357 411 362 1 403 425
358 225 1168 1 250 1242
359 189 315 1 179 391
360 36 1009 1 47 1085
361 678 1030 1 707 1080
362 570 1148 1 603 1207
363 523 1037 1 549 1094
364 543 1140 1 575 1199
365 617 978 1 642 1029
366 543 1179 1 577 1240
367 655 1241 1 696 1299
368 651 997 1 678 1047
369 449 720 1 459 781
370 410 695 1 419 758
371 619 1197 1 655 1252
372 504 1164 1 537 1226
373 644 1137 1 678 1191
374 679 1183 1 717 1237
375 511 1122 1 541 1183
376 306 688 1 315 758
377 198 295 1 187 371
378 652 1082 1 683 1134
379 486 970 1 508 1028
380 253 1250 1 284 1327
381 176 745 1 187 822
382 678 1173 1 715 1227
383 126 869 1 134 939
384 544 1195 1 578 1256
385 557 990 1 581 1044
386 616 1096 1 647 1151
387 553 1161 1 586 1220
388 237 459 1 235 532
389 255 917 1 273 990
390 603 1126 1 635 1181
391 334 608 1 338 676
392 641 1244 1 681 1302
393 436 1209 1 470 1278
394 685 1243 1 726 1298
395 610 1029 1 638 1081
396 249 904 1 268 977
397 425 1238 1 461 1308
398 355 462 1 352 529
399 225 772 1 238 845
400 543 1167 1 576 1228
401 242 470 1 239 543
402 241 310 1 231 383
403 447 1181 1 480 1248
404 624 1158 1 659 1214
405 44 1205 1 61 1286
406 605 996 1 631 1049
407 379 608 1 383 674
408 243 485 1 243 559
409 200 259 1 188 334
410 636 1158 1 671 1213
411 286 628 1 292 698
412 596 1176 1 631 1234
413 300 239 1 287 310
414 495 1063 1 522 1123
415 254 283 1 242 356
416 469 1110 1 497 1172
417 502 897 1 520 954
418 270 1240 1 303 1318
419 213 277 1 201 352
420 212 454 1 209 528
421 323 1045 1 345 1114
422 509 1241 1 545 1306
423 639 967 1 663 1018
424 420 1217 1 455 1287
425 685 1147 1 721 1199
426 568 1060 1 596 1116
427 399 864 1 417 930
428 577 808 1 592 859
429 625 939 1 648 989
430 620 1236 1 658 1294
431 379 637 1 385 704
432 310 1039 1 331 1108
433 35 1039 1 46 1116
434 280 1072 1 303 1143
435 90 1119 1 106 1196
436 28 812 1 41 895
437 29 1132 1 44 1213
438 393 327 1 383 391
439 311 607 1 315 677
440 345 809 1 360 878
441 609 1160 1 643 1216
442 332 504 1 332 573
443 484 931 1 504 990
444 280 610 1 286 682
445 202 417 1 198 492
446 468 1045 1 494 1106
447 279 868 1 297 939
448 217 322 1 208 396
449 672 1126 1 706 1179
450 390 675 1 394 732
451 105 873 1 113 944
452 673 1163 1 709 1217
453 346 732 1 357 800
454 116 805 1 122 875
455 438 1179 1 471 1247
456 576 918 1 596 969
457 315 804 1 329 874
458 263 978 1 284 1052
459 638 1004 1 665 1055
460 285 1161 1 313 1236
461 530 1173 1 564 1235
462 271 335 1 262 405
463 524 1015 1 549 1072
