0 219 560 1 25 315
1 216 606 1 23 361
2 206 745 1 18 502
3 210 666 1 20 422
4 202 571 1 8 328
5 235 819 1 50 574
6 191 920 1 9 678
7 220 550 1 27 305
8 207 520 1 12 275
9 231 901 1 48 657
10 253 517 1 57 272
11 236 805 1 51 561
12 223 508 1 27 264
13 197 612 1 4 369
14 245 677 1 55 432
15 219 570 1 26 326
16 54 803 1 -132 566
17 211 690 1 21 446
18 207 506 1 11 261
19 251 549 1 57 303
20 245 665 1 54 420
21 230 911 1 48 668
22 242 689 1 53 444
23 206 732 1 17 489
24 82 1089 1 -108 848
25 560 1076 1 387 821
26 46 851 1 -140 613
27 247 620 1 55 375
28 605 1029 1 429 769
29 191 818 1 5 576
30 654 1026 1 480 764
31 234 835 1 50 591
32 679 1245 1 515 990
33 572 1240 1 406 988
34 199 593 1 6 349
35 205 539 1 10 295
36 66 1151 1 -121 912
37 527 1190 1 356 941
38 544 1176 1 373 926
39 218 538 1 23 294
40 575 894 1 394 633
41 540 1202 1 369 951
42 177 818 1 -8 574
43 230 921 1 48 678
44 208 716 1 19 472
45 244 651 1 54 406
46 363 981 1 184 735
47 634 1252 1 468 999
48 679 1123 1 509 863
49 614 1089 1 441 830
50 647 994 1 471 733
51 470 689 1 281 435
52 641 1207 1 473 952
53 237 1124 1 53 881
54 136 193 1 -70 -46
55 214 457 1 16 214
56 192 672 1 1 429
57 595 1254 1 428 1002
58 653 1181 1 485 924
59 626 1241 1 461 988
60 670 1028 1 496 766
61 575 948 1 395 688
62 308 983 1 128 738
63 635 977 1 459 714
64 90 1073 1 -100 830
65 642 1017 1 466 756
66 123 190 1 -82 -49
67 607 1251 1 442 999
68 138 179 1 -68 -60
69 193 652 1 2 407
70 180 787 1 -6 545
71 108 704 1 -81 464
72 108 1207 1 -78 969
73 187 715 1 -2 472
74 692 1241 1 528 986
75 561 1024 1 385 765
76 156 489 1 -39 247
77 659 1053 1 485 792
78 126 1172 1 -62 931
79 636 957 1 458 695
80 585 1024 1 408 763
81 608 896 1 427 634
82 623 1007 1 447 746
83 107 1101 1 -84 855
84 172 865 1 -12 624
85 667 1249 1 503 994
86 233 866 1 49 623
87 550 1065 1 374 810
88 517 1049 1 340 795
89 536 1089 1 362 836
90 543 1226 1 374 977
91 645 1229 1 479 975
92 650 1208 1 484 954
93 171 394 1 -27 153
94 72 1137 1 -118 897
95 73 1211 1 -115 974
96 619 961 1 440 700
97 232 889 1 49 646
98 627 1166 1 458 909
99 611 1232 1 444 979
100 639 1050 1 463 791
101 126 179 1 -80 -59
102 200 690 1 11 446
103 222 764 1 35 520
104 559 1007 1 381 748
105 253 494 1 58 249
106 242 1194 1 63 953
107 649 1041 1 477 780
108 647 1119 1 477 860
109 621 1252 1 454 1000
110 695 1128 1 529 865
111 628 927 1 448 665
112 591 878 1 409 618
113 521 1036 1 344 780
114 629 988 1 451 727
115 68 1036 1 -123 791
116 526 1243 1 358 995
117 669 1081 1 498 821
118 653 1198 1 485 943
119 562 1194 1 393 944
120 607 936 1 428 675
121 637 1110 1 465 852
122 666 1237 1 502 982
123 654 1087 1 482 826
124 130 1227 1 -50 990
125 660 998 1 485 737
126 538 1099 1 361 846
127 207 489 1 10 245
128 238 759 1 52 514
129 595 961 1 416 700
130 695 1079 1 524 817
131 657 1014 1 482 752
132 600 1217 1 430 963
133 623 1143 1 452 885
134 237 1104 1 54 859
135 668 1161 1 500 903
136 610 1041 1 435 781
137 695 1138 1 526 878
138 573 1206 1 404 954
139 80 1164 1 -109 924
140 212 469 1 15 226
141 571 1077 1 397 820
142 537 1017 1 359 760
143 238 1152 1 56 908
144 44 1083 1 -147 843
145 229 1237 1 49 996
146 157 1186 1 -30 944
147 33 1092 1 -160 850
148 609 1188 1 439 934
149 689 1159 1 521 900
150 583 1201 1 415 948
151 665 1126 1 496 867
152 516 1219 1 347 971
153 678 1138 1 509 879
154 98 781 1 -88 541
155 511 1065 1 336 811
156 556 1232 1 386 981
157 113 1185 1 -74 946
158 647 1161 1 476 906
159 338 1171 1 162 927
160 493 1183 1 320 934
161 645 1097 1 472 838
162 216 426 1 18 182
163 621 1071 1 446 813
164 309 608 1 116 361
165 608 976 1 430 715
166 275 1076 1 94 831
167 597 936 1 417 675
168 623 949 1 445 688
169 356 418 1 150 154
170 622 1214 1 452 960
171 415 771 1 229 520
172 655 1131 1 485 873
173 467 1199 1 298 953
174 359 740 1 171 491
175 569 938 1 389 677
176 605 1119 1 434 862
177 54 1027 1 -138 783
178 63 1252 1 -123 1015
179 577 906 1 395 644
180 123 1008 1 -68 763
181 597 993 1 420 732
182 561 948 1 381 688
183 473 1210 1 303 963
184 232 739 1 43 494
185 684 1103 1 514 843
186 564 1066 1 389 809
187 93 759 1 -93 520
188 508 1153 1 335 903
189 539 1215 1 370 966
190 511 1102 1 335 849
191 504 999 1 325 743
192 115 1172 1 -75 933
193 690 1194 1 524 936
194 594 1092 1 421 836
195 685 1072 1 513 812
196 189 690 1 0 448
197 617 995 1 440 734
198 113 187 1 -92 -51
199 534 1173 1 362 922
200 306 1104 1 129 860
201 505 1206 1 334 958
202 235 769 1 48 525
203 621 1038 1 446 779
204 624 1081 1 451 823
205 591 972 1 413 711
206 55 1075 1 -138 833
207 548 923 1 366 663
208 529 1050 1 353 794
209 562 1204 1 391 954
210 506 1186 1 335 936
211 499 983 1 319 725
212 594 1026 1 418 767
213 677 924 1 499 660
214 318 1117 1 142 872
215 626 939 1 448 676
216 677 1188 1 510 932
217 138 204 1 -67 -36
218 558 1163 1 387 911
219 124 1185 1 -63 944
220 97 1102 1 -94 859
221 214 443 1 16 199
222 525 1130 1 352 878
223 118 708 1 -71 468
224 464 1120 1 289 869
225 584 1135 1 412 880
226 517 911 1 335 653
227 629 1176 1 459 920
228 516 1011 1 338 755
229 651 967 1 474 705
230 275 1129 1 97 886
231 607 884 1 425 622
232 534 1027 1 358 770
233 585 1157 1 414 903
234 249 631 1 57 386
235 640 1196 1 473 941
236 555 1034 1 379 776
237 145 883 1 -48 632
238 458 685 1 268 432
239 604 1095 1 432 837
240 636 1067 1 462 808
241 676 1224 1 511 969
242 561 1153 1 391 901
243 216 727 1 28 483
244 657 1143 1 488 886
245 113 1196 1 -74 957
246 602 947 1 422 687
247 295 1249 1 124 1009
248 77 1151 1 -112 911
249 241 781 1 54 537
250 621 1154 1 451 897
251 610 1016 1 434 755
252 416 755 1 228 504
253 195 759 1 6 516
254 567 1126 1 395 872
255 178 807 1 -7 564
256 601 920 1 421 660
257 499 925 1 317 668
258 495 964 1 314 710
259 513 975 1 332 719
260 558 1184 1 389 932
261 197 731 1 8 488
262 408 586 1 208 312
263 182 389 1 -16 146
264 637 945 1 459 684
265 504 964 1 323 709
266 283 1088 1 103 844
267 667 948 1 489 685
268 647 1240 1 481 987
269 511 1254 1 346 1004
270 627 902 1 446 640
271 123 929 1 -68 681
272 572 1164 1 401 911
273 571 1088 1 396 831
274 680 1049 1 507 788
275 494 1201 1 322 954
276 588 1119 1 416 864
277 694 1089 1 523 828
278 573 1027 1 396 769
279 478 1018 1 300 764
280 664 1066 1 491 806
281 217 740 1 29 496
282 526 1013 1 348 757
283 301 896 1 119 650
284 546 999 1 368 741
285 691 1216 1 526 960
286 652 1250 1 488 997
287 626 1125 1 455 869
288 318 606 1 125 358
289 649 1063 1 476 803
290 96 1178 1 -93 938
291 610 1105 1 437 848
292 299 1159 1 123 917
293 673 1204 1 507 948
294 311 1057 1 130 811
295 239 749 1 51 504
296 415 730 1 227 479
297 442 1099 1 266 851
298 669 1171 1 500 913
299 517 1001 1 338 745
300 525 1201 1 354 951
301 588 1109 1 416 853
302 183 1227 1 0 988
303 679 1176 1 511 919
304 445 728 1 258 472
305 450 1126 1 275 876
306 667 1137 1 497 879
307 613 951 1 434 689
308 144 166 1 -62 -73
309 602 1158 1 430 904
310 108 1161 1 -80 920
311 574 1139 1 401 884
312 308 735 1 120 488
313 243 721 1 54 477
314 285 1099 1 107 855
315 640 1038 1 465 777
316 425 357 1 224 105
317 202 314 1 0 71
318 533 932 1 353 675
319 645 984 1 469 722
320 574 1190 1 404 938
321 549 1085 1 376 830
322 681 1004 1 506 741
323 468 721 1 281 464
324 676 1149 1 507 891
325 539 1131 1 366 877
326 325 686 1 135 438
327 211 294 1 7 51
328 683 1092 1 512 831
329 196 745 1 7 502
330 517 1183 1 345 934
331 583 1172 1 413 918
332 253 457 1 55 212
333 610 1179 1 440 924
334 277 917 1 94 672
335 351 605 1 159 357
336 463 1216 1 293 970
337 57 1167 1 -127 932
338 271 904 1 88 660
339 297 1147 1 121 905
340 453 1245 1 284 1000
341 370 458 1 173 208
342 245 771 1 58 526
343 572 1178 1 402 925
344 257 469 1 60 223
345 254 308 1 51 63
346 474 1187 1 303 940
347 63 1231 1 -126 996
348 634 1003 1 458 743
349 397 604 1 204 354
350 259 484 1 63 239
351 213 257 1 8 14
352 242 351 1 40 105
353 304 626 1 112 379
354 313 236 1 107 -10
355 267 281 1 62 36
356 495 1117 1 321 866
357 226 276 1 21 31
358 228 453 1 30 208
359 347 1051 1 166 804
360 667 973 1 491 710
361 48 1182 1 -137 947
362 422 872 1 239 622
363 447 1223 1 277 978
364 536 982 1 356 724
365 606 841 1 424 578
366 421 862 1 238 612
367 601 809 1 416 546
368 653 944 1 475 681
369 398 634 1 206 384
370 333 1045 1 152 797
371 627 1190 1 459 934
372 313 1072 1 132 825
373 291 825 1 105 579
374 53 1059 1 -140 817
375 109 1142 1 -78 900
376 49 814 1 -138 576
377 48 1154 1 -142 917
378 406 323 1 204 70
379 328 605 1 136 357
380 557 1123 1 383 869
381 136 1007 1 -51 762
382 640 1172 1 472 916
383 349 501 1 153 253
384 509 935 1 328 679
385 298 609 1 107 362
386 217 416 1 18 172
387 301 867 1 117 621
388 231 321 1 29 76
389 409 675 1 216 417
390 366 730 1 178 481
391 133 815 1 -60 564
392 465 1185 1 293 938
393 302 1089 1 123 844
394 336 802 1 150 555
395 286 978 1 105 734
396 310 1166 1 134 924
397 285 333 1 82 85
398 551 1022 1 374 765
