0 276 599 1 27 326
1 259 600 1 9 328
2 275 633 1 24 361
3 270 694 1 21 422
4 301 847 1 51 576
5 267 774 1 18 503
6 275 538 1 24 266
7 263 548 1 12 275
8 298 930 1 49 660
9 309 544 1 58 271
10 301 833 1 51 562
11 306 648 1 56 376
12 277 588 1 26 316
13 306 705 1 55 433
14 279 577 1 27 305
15 118 836 1 -132 567
16 272 718 1 21 447
17 305 693 1 55 421
18 297 940 1 49 670
19 304 717 1 53 445
20 266 788 1 17 517
21 111 884 1 -140 615
22 147 1162 1 -120 892
23 267 762 1 18 490
24 256 848 1 6 578
25 690 1073 1 441 795
26 626 1254 1 379 981
27 256 644 1 5 369
28 300 864 1 51 593
29 258 621 1 6 349
30 181 224 1 -70 -48
31 645 1124 1 397 848
32 134 1228 1 -134 960
33 613 1242 1 364 969
34 307 630 1 56 356
35 308 575 1 58 303
36 156 1144 1 -112 872
37 262 567 1 11 295
38 275 566 1 24 294
39 297 950 1 49 681
40 270 745 1 19 473
41 630 1229 1 382 956
42 243 816 1 -6 546
43 668 1066 1 419 788
44 170 735 1 -80 464
45 268 485 1 17 213
46 252 701 1 2 430
47 620 1137 1 371 862
48 278 622 1 27 349
49 66 1093 1 -200 822
50 653 988 1 404 709
51 242 846 1 -7 576
52 377 1011 1 129 741
53 644 1066 1 394 790
54 172 212 1 -80 -61
55 184 210 1 -68 -62
56 253 681 1 2 408
57 631 1102 1 382 826
58 224 968 1 -33 693
59 312 1135 1 57 865
60 249 745 1 -1 473
61 194 1250 1 -72 983
62 689 973 1 439 695
63 681 1034 1 431 756
64 211 519 1 -39 247
65 677 969 1 427 689
66 534 714 1 283 438
67 688 931 1 437 651
68 627 1041 1 377 764
69 640 1048 1 391 772
70 40 1058 1 -220 789
71 238 896 1 -11 626
72 652 1250 1 404 976
73 299 895 1 50 625
74 641 989 1 391 710
75 169 222 1 -83 -51
76 592 1147 1 343 873
77 616 1060 1 367 784
78 633 1112 1 383 836
79 224 424 1 -26 152
80 299 918 1 50 648
81 137 1212 1 -130 943
82 287 793 1 36 522
83 262 719 1 11 447
84 598 1093 1 347 818
85 302 787 1 53 516
86 309 521 1 59 249
87 585 1044 1 335 767
88 262 517 1 11 245
89 177 1244 1 -89 976
90 132 1101 1 -135 829
91 257 950 1 9 681
92 318 1253 1 62 986
93 309 1185 1 51 914
94 609 932 1 358 654
95 311 1213 1 54 944
96 601 1079 1 352 804
97 676 1001 1 427 722
98 575 1229 1 326 958
99 433 1008 1 185 738
100 162 812 1 -87 542
101 674 1255 1 426 981
102 681 1143 1 433 866
103 275 682 1 24 410
104 182 1089 1 -80 815
105 267 498 1 15 225
106 56 1152 1 -212 884
107 177 920 1 -83 644
108 95 1163 1 -174 894
109 656 1122 1 407 846
110 340 1092 1 85 820
111 347 1121 1 94 850
112 661 1147 1 412 872
113 47 1131 1 -222 862
114 250 721 1 0 449
115 579 1057 1 330 781
116 609 1252 1 363 980
117 146 1240 1 -121 973
118 678 1071 1 430 793
119 413 1211 1 164 942
120 683 1017 1 433 738
121 570 1001 1 319 725
122 589 1232 1 342 960
123 656 940 1 405 662
124 270 454 1 19 182
125 162 1176 1 -105 906
126 692 1018 1 443 739
127 107 1154 1 -160 884
128 695 1171 1 447 894
129 480 796 1 231 522
130 565 1061 1 316 786
131 367 1118 1 114 847
132 152 1108 1 -116 835
133 620 1224 1 371 951
134 422 765 1 173 492
135 649 976 1 399 698
136 368 635 1 118 362
137 576 1076 1 327 801
138 221 981 1 -38 706
139 294 767 1 43 495
140 157 790 1 -93 521
141 248 763 1 -2 491
142 219 1102 1 -37 831
143 188 1240 1 -79 971
144 40 1046 1 -220 777
145 348 1173 1 97 905
146 68 1108 1 -198 838
147 695 1060 1 446 781
148 577 1022 1 327 746
149 563 1024 1 314 749
150 655 1134 1 406 858
151 159 220 1 -93 -53
152 673 1225 1 425 951
153 673 1013 1 423 734
154 685 919 1 435 638
155 47 1121 1 -222 851
156 622 1147 1 372 873
157 284 537 1 33 265
158 360 1144 1 108 874
159 619 1012 1 369 734
160 299 797 1 49 526
161 185 235 1 -67 -38
162 661 1219 1 413 944
163 138 1191 1 -131 921
164 269 471 1 17 198
165 394 1160 1 143 890
166 580 1002 1 329 726
167 577 1251 1 329 979
168 611 1096 1 361 819
169 253 865 1 4 595
170 672 1186 1 423 911
171 650 1054 1 400 776
172 348 1143 1 97 872
173 356 1132 1 104 862
174 163 1043 1 -100 768
175 163 1255 1 -104 989
176 515 1127 1 269 857
177 615 1071 1 366 794
178 598 1022 1 346 744
179 197 966 1 -66 688
180 638 1078 1 388 801
181 609 1178 1 361 905
182 588 1098 1 337 823
183 644 934 1 393 654
184 575 1093 1 324 817
185 675 1171 1 428 895
186 672 955 1 422 675
187 572 961 1 323 684
188 278 755 1 28 484
189 648 1112 1 399 836
190 625 961 1 374 682
191 608 1128 1 359 854
192 693 1146 1 445 869
193 305 809 1 55 538
194 76 1095 1 -190 824
195 578 1215 1 331 943
196 606 1057 1 356 780
197 480 779 1 230 506
198 257 788 1 7 517
199 670 1041 1 421 762
200 144 1228 1 -124 961
201 382 1098 1 131 827
202 242 837 1 -7 566
203 179 739 1 -70 468
204 178 1214 1 -88 946
205 635 1092 1 385 815
206 413 1152 1 162 881
207 234 418 1 -16 146
208 593 963 1 342 685
209 372 1149 1 120 879
210 655 1073 1 406 794
211 635 1125 1 387 849
212 378 631 1 126 358
213 655 1176 1 405 901
214 587 1026 1 337 749
215 187 984 1 -75 708
216 683 1132 1 435 855
217 555 1055 1 305 781
218 667 1086 1 417 808
219 138 1063 1 -128 790
220 603 965 1 353 687
221 280 769 1 29 497
222 368 925 1 120 654
223 593 1163 1 344 889
224 614 1022 1 364 745
225 677 1245 1 430 972
226 582 947 1 331 670
227 374 1201 1 124 933
228 569 1214 1 321 942
229 601 1233 1 353 961
230 629 1013 1 380 735
231 676 1158 1 428 883
232 565 1224 1 317 953
233 531 1175 1 281 902
234 545 1167 1 295 895
235 573 1203 1 325 932
236 595 943 1 345 665
237 190 197 1 -63 -75
238 580 1118 1 331 844
239 337 1160 1 85 891
240 661 1190 1 413 916
241 371 762 1 121 489
242 305 749 1 55 478
243 365 1158 1 113 889
244 695 1157 1 447 881
245 414 1140 1 163 869
246 405 1087 1 154 814
247 357 1116 1 104 846
248 595 1053 1 345 776
249 207 935 1 -55 657
250 478 379 1 225 104
251 252 343 1 0 70
252 644 912 1 394 632
253 624 1177 1 375 905
254 662 1244 1 415 971
255 560 1011 1 311 736
256 489 887 1 240 615
257 275 824 1 25 553
258 387 711 1 137 439
259 260 322 1 8 50
260 309 799 1 59 528
261 348 771 1 98 498
262 547 1083 1 298 809
263 278 417 1 26 144
264 390 1195 1 139 927
265 113 847 1 -138 578
266 345 947 1 95 676
267 642 1173 1 393 898
268 411 630 1 160 357
269 676 1199 1 428 925
270 500 714 1 249 438
271 339 934 1 89 663
272 400 1150 1 149 879
273 426 482 1 174 208
274 312 495 1 61 223
275 304 335 1 51 62
276 384 1153 1 132 883
277 254 363 1 3 90
278 692 890 1 442 610
279 266 443 1 15 171
280 172 1023 1 -94 745
281 456 628 1 206 355
282 261 286 1 8 12
283 293 378 1 41 105
284 364 652 1 113 379
285 274 259 1 22 -13
286 678 991 1 428 711
287 337 360 1 83 83
288 316 307 1 63 34
289 586 1015 1 338 738
290 316 511 1 64 238
291 274 304 1 21 30
292 335 960 1 85 689
293 419 1093 1 168 821
294 597 1120 1 347 844
295 489 897 1 241 625
296 555 1184 1 306 913
297 634 1068 1 385 790
298 683 872 1 433 592
299 309 819 1 59 547
300 612 1082 1 362 806
301 677 840 1 425 559
302 458 658 1 208 385
303 144 1249 1 -122 983
304 385 1115 1 133 843
305 356 854 1 106 582
306 620 992 1 369 713
307 458 345 1 206 70
308 387 630 1 137 357
309 203 1063 1 -57 789
310 272 268 1 20 -3
311 405 525 1 154 252
312 358 634 1 108 362
313 562 950 1 312 673
314 368 895 1 118 624
315 282 348 1 29 75
316 360 259 1 108 -11
317 429 755 1 179 482
318 375 1133 1 124 862
319 401 829 1 151 557
320 355 1007 1 106 738
321 384 1208 1 135 940
322 364 735 1 114 462
323 627 1051 1 377 774
