0 284 633 1 23 425
1 294 524 1 28 316
2 288 581 1 25 373
3 303 872 1 52 667
4 282 482 1 14 275
5 326 524 1 60 315
6 276 644 1 15 437
7 308 789 1 54 582
8 277 727 1 19 521
9 276 536 1 11 328
10 289 570 1 26 363
11 327 480 1 61 271
12 294 534 1 29 327
13 671 1175 1 433 948
14 265 859 1 13 655
15 321 586 1 58 377
16 263 892 1 11 689
17 290 1082 1 47 883
18 280 700 1 20 494
19 284 657 1 23 450
20 264 872 1 12 669
21 292 1068 1 48 869
22 302 883 1 51 678
23 309 774 1 54 568
24 318 631 1 57 422
25 124 773 1 -133 573
26 295 514 1 29 306
27 319 643 1 58 435
28 278 713 1 20 507
29 144 832 1 -110 633
30 322 564 1 59 357
31 316 656 1 56 448
32 307 806 1 53 599
33 293 502 1 26 294
34 653 1077 1 410 849
35 293 1048 1 48 848
36 330 459 1 61 249
37 229 452 1 -37 247
38 271 582 1 7 370
39 273 557 1 8 350
40 290 1095 1 48 896
41 248 1055 1 3 857
42 609 1228 1 372 1009
43 207 150 1 -71 -53
44 279 503 1 13 295
45 244 1078 1 0 881
46 302 894 1 51 689
47 281 683 1 21 477
48 241 1067 1 -4 870
49 245 1094 1 1 898
50 265 639 1 4 432
51 287 420 1 19 212
52 594 1163 1 355 942
53 686 947 1 437 714
54 249 785 1 -5 581
55 319 617 1 57 408
56 681 1174 1 443 947
57 252 756 1 -4 551
58 305 837 1 53 632
59 210 135 1 -69 -67
60 266 617 1 4 410
61 294 1245 1 44 1039
62 181 667 1 -78 465
63 260 683 1 0 477
64 288 618 1 27 411
65 61 1145 1 -207 942
66 62 1118 1 -205 915
67 667 1089 1 425 859
68 184 1030 1 -78 817
69 142 821 1 -113 622
70 243 836 1 -9 633
71 238 893 1 -13 691
72 194 147 1 -83 -55
73 639 1030 1 394 800
74 641 1182 1 402 959
75 656 1160 1 418 934
76 328 539 1 63 329
77 245 355 1 -25 150
78 607 1183 1 369 962
79 62 1108 1 -205 905
80 670 1019 1 424 787
81 296 733 1 38 527
82 325 576 1 62 367
83 342 1212 1 100 1009
84 610 1129 1 369 905
85 609 1169 1 371 947
86 685 1019 1 439 786
87 46 1048 1 -221 844
88 654 1244 1 420 1023
89 589 1246 1 355 1031
90 685 922 1 435 690
91 197 136 1 -81 -66
92 667 937 1 417 704
93 623 1115 1 380 890
94 314 1182 1 63 973
95 282 452 1 13 244
96 583 1094 1 340 873
97 278 619 1 16 411
98 68 1166 1 -200 964
99 62 1036 1 -205 830
100 673 949 1 425 716
101 204 975 1 -58 762
102 436 958 1 191 748
103 91 1231 1 -176 1030
104 108 1244 1 -158 1042
105 286 431 1 17 225
106 128 1205 1 -135 1002
107 692 984 1 445 750
108 655 1148 1 416 922
109 380 958 1 134 751
110 267 595 1 4 388
111 134 1084 1 -132 875
112 670 1110 1 430 881
113 597 1231 1 360 1012
114 313 728 1 55 520
115 391 1161 1 148 953
116 293 1057 1 49 857
117 384 574 1 121 363
118 163 1229 1 -101 1022
119 585 1005 1 339 781
120 37 1255 1 -231 1062
121 47 1179 1 -220 978
122 262 659 1 1 453
123 640 1193 1 404 970
124 291 388 1 21 180
125 207 1255 1 -46 1052
126 578 1029 1 332 806
127 677 1236 1 443 1013
128 644 1147 1 405 921
129 342 1223 1 101 1020
130 599 969 1 351 744
131 644 1249 1 410 1027
132 571 1179 1 334 962
133 270 700 1 11 494
134 614 1238 1 379 1019
135 56 1046 1 -210 841
136 288 404 1 19 197
137 68 1002 1 -197 796
138 329 1166 1 85 961
139 691 1179 1 453 951
140 596 1010 1 350 785
141 652 982 1 404 750
142 688 1095 1 446 864
143 675 1100 1 433 871
144 620 1135 1 380 912
145 44 1004 1 -218 804
146 29 1146 1 -235 943
147 673 988 1 426 756
148 80 1124 1 -189 919
149 418 515 1 153 302
150 558 1227 1 321 1014
151 355 1148 1 110 941
152 413 299 1 138 81
153 575 1244 1 341 1030
154 32 1007 1 -229 807
155 618 1046 1 373 820
156 184 144 1 -94 -58
157 24 1136 1 -246 938
158 608 1202 1 371 982
159 45 1058 1 -221 856
160 684 1049 1 439 817
161 274 656 1 13 450
162 147 937 1 -118 724
163 47 1152 1 -223 951
164 52 1243 1 -212 1045
165 686 1123 1 446 894
166 239 1053 1 -6 855
167 147 1042 1 -117 830
168 131 1130 1 -134 922
169 646 922 1 396 693
170 656 1046 1 412 815
171 210 160 1 -67 -42
172 168 722 1 -91 522
173 598 1114 1 357 891
174 45 1189 1 -225 989
175 619 1076 1 376 850
176 265 1172 1 8 960
177 303 707 1 46 499
178 563 1065 1 320 845
179 63 1021 1 -204 815
180 260 806 1 6 601
181 62 1241 1 -205 1043
182 587 1110 1 346 888
183 644 1041 1 399 812
184 383 1117 1 137 908
185 290 1116 1 49 919
186 516 1089 1 277 878
187 556 1207 1 317 990
188 626 1223 1 390 1003
189 359 1159 1 114 952
190 343 1186 1 99 982
191 256 350 1 -14 144
192 556 1187 1 318 972
193 637 1066 1 394 838
194 659 1171 1 421 946
195 410 1153 1 168 944
196 681 1246 1 448 1023
197 171 1003 1 -93 790
198 608 1035 1 362 809
199 635 940 1 386 711
200 685 963 1 437 730
201 594 1186 1 357 968
202 248 1195 1 -11 983
203 394 571 1 130 360
204 250 775 1 -5 570
205 670 1217 1 434 994
206 631 1133 1 391 907
207 687 1009 1 442 776
208 438 1231 1 204 1029
209 365 1147 1 120 940
210 679 1060 1 435 829
211 414 958 1 168 749
212 637 950 1 388 721
213 634 994 1 387 763
214 333 1189 1 88 985
215 438 679 1 179 465
216 486 642 1 226 425
217 695 1110 1 454 879
218 270 687 1 10 481
219 603 1062 1 359 838
220 665 1100 1 423 870
221 554 1084 1 314 865
222 253 891 1 2 688
223 90 1064 1 -178 856
224 651 1089 1 409 860
225 308 744 1 51 537
226 573 1064 1 330 844
227 579 957 1 330 731
228 491 704 1 233 487
229 268 715 1 10 508
230 602 953 1 353 726
231 266 726 1 9 521
232 617 1036 1 372 808
233 647 949 1 399 720
234 664 1138 1 425 910
235 380 592 1 117 381
236 398 1217 1 158 1011
237 626 937 1 376 708
238 49 1101 1 -221 897
239 664 1229 1 430 1006
240 327 418 1 58 211
241 290 705 1 32 500
242 638 1054 1 393 826
243 335 447 1 66 237
244 677 1004 1 431 772
245 164 750 1 -92 549
246 454 822 1 201 609
247 380 824 1 126 614
248 678 1090 1 436 860
249 245 821 1 -8 617
250 612 972 1 365 744
251 540 1215 1 301 999
252 216 121 1 -63 -81
253 160 1025 1 -104 813
254 651 1181 1 414 957
255 450 495 1 179 267
256 515 651 1 255 433
257 184 863 1 -83 644
258 639 1089 1 396 862
259 474 603 1 213 387
260 375 874 1 124 665
261 377 564 1 113 353
262 404 570 1 141 358
263 602 987 1 355 761
264 275 274 1 1 67
265 407 1086 1 160 874
266 341 774 1 86 566
267 302 414 1 32 207
268 302 697 1 43 489
269 679 1221 1 444 997
270 643 1226 1 407 1004
271 384 705 1 125 493
272 617 947 1 367 719
273 519 489 1 250 267
274 499 840 1 247 625
275 376 809 1 123 598
276 391 918 1 142 709
277 442 693 1 185 479
278 499 409 1 228 192
279 285 253 1 8 46
280 319 741 1 62 533
281 575 1015 1 329 792
282 613 1150 1 373 927
283 342 732 1 85 522
284 341 432 1 72 222
285 199 1064 1 -55 857
286 381 213 1 103 5
287 300 350 1 28 142
288 628 1090 1 385 864
289 329 159 1 50 -46
290 671 1163 1 434 936
291 349 895 1 98 688
292 449 421 1 178 207
293 379 549 1 115 337
294 399 1195 1 158 990
295 342 1167 1 97 961
296 660 1061 1 417 831
297 302 249 1 27 41
298 470 686 1 211 470
299 332 431 1 63 222
300 277 294 1 3 87
301 365 1228 1 126 1026
302 287 375 1 17 169
303 378 679 1 119 466
304 661 1128 1 421 900
305 329 267 1 53 59
306 316 311 1 42 103
307 309 939 1 60 736
308 301 188 1 23 -17
309 360 295 1 85 81
310 482 630 1 222 416
311 356 1230 1 116 1028
312 300 234 1 22 27
313 629 1232 1 394 1013
314 319 255 1 43 47
315 499 851 1 247 635
316 339 250 1 64 43
317 374 575 1 111 364
318 307 913 1 57 708
319 660 1111 1 419 882
320 318 761 1 62 553
321 402 821 1 149 610
322 624 1159 1 384 936
323 309 399 1 39 192
324 331 964 1 83 759
325 470 673 1 211 458
326 572 1045 1 328 823
327 488 284 1 211 67
328 245 858 1 -7 654
329 399 629 1 139 417
330 341 240 1 64 31
331 426 464 1 158 252
332 355 379 1 83 169
333 524 1099 1 285 888
334 340 277 1 65 68
335 315 300 1 41 92
336 568 1228 1 332 1014
337 305 281 1 30 72
338 398 831 1 146 620
339 323 788 1 69 580
340 663 1207 1 427 983
341 405 800 1 151 589
342 401 790 1 147 579
343 387 653 1 128 442
344 370 856 1 118 647
345 411 776 1 155 564
346 358 956 1 110 749
347 241 750 1 -14 546
348 289 215 1 12 10
349 342 941 1 94 735
