0 268 637 1 23 425
1 260 540 1 11 328
2 272 585 1 25 373
3 287 877 1 52 668
4 310 528 1 60 315
5 260 648 1 15 437
6 293 793 1 54 582
7 261 732 1 19 522
8 266 486 1 14 275
9 273 575 1 26 363
10 279 519 1 29 306
11 311 484 1 61 271
12 278 539 1 29 327
13 268 662 1 24 450
14 278 529 1 28 316
15 249 864 1 13 656
16 255 582 1 7 370
17 247 897 1 11 689
18 275 1087 1 48 883
19 264 705 1 20 494
20 657 1184 1 435 954
21 249 877 1 12 669
22 276 1074 1 48 870
23 286 888 1 51 679
24 293 779 1 54 568
25 305 591 1 58 378
26 302 635 1 57 422
27 108 778 1 -133 573
28 303 648 1 58 435
29 262 717 1 21 507
30 276 507 1 26 294
31 128 837 1 -110 634
32 306 569 1 59 357
33 300 660 1 56 448
34 291 810 1 53 599
35 257 562 1 8 350
36 638 1085 1 411 853
37 278 1053 1 49 848
38 314 463 1 61 249
39 213 456 1 -37 247
40 275 1100 1 48 897
41 233 1060 1 3 857
42 659 1201 1 437 972
43 191 153 1 -71 -53
44 595 1237 1 373 1014
45 229 1083 1 0 881
46 581 1171 1 357 946
47 286 899 1 51 689
48 226 1073 1 -4 870
49 229 1100 1 1 899
50 674 1215 1 454 985
51 249 643 1 4 432
52 263 507 1 13 295
53 271 424 1 19 212
54 575 1255 1 356 1035
55 687 1001 1 456 763
56 671 953 1 439 717
57 233 790 1 -5 581
58 303 621 1 58 408
59 667 1182 1 445 952
60 236 761 1 -4 552
61 290 842 1 53 632
62 264 688 1 21 477
63 193 139 1 -69 -67
64 250 622 1 4 410
65 165 671 1 -78 465
66 244 687 1 0 477
67 272 622 1 27 411
68 652 937 1 418 701
69 42 1157 1 -210 949
70 653 1098 1 427 864
71 166 1039 1 -79 823
72 126 826 1 -113 622
73 228 841 1 -9 633
74 641 1253 1 422 1028
75 223 898 1 -13 692
76 43 1131 1 -207 922
77 178 151 1 -84 -56
78 625 1038 1 395 804
79 627 1191 1 404 964
80 683 971 1 451 733
81 642 1168 1 419 939
82 312 543 1 63 330
83 229 359 1 -25 150
84 592 1191 1 370 966
85 659 956 1 426 719
86 678 1046 1 449 810
87 681 957 1 448 719
88 656 1027 1 426 791
89 280 738 1 38 527
90 309 580 1 62 367
91 266 456 1 13 244
92 694 1130 1 470 895
93 298 1194 1 63 979
94 595 1177 1 372 952
95 670 1026 1 441 790
96 688 1021 1 458 784
97 670 928 1 436 693
98 180 139 1 -81 -66
99 608 1123 1 381 894
100 262 623 1 16 412
101 43 1121 1 -208 911
102 690 1094 1 464 858
103 43 1046 1 -207 835
104 568 1101 1 341 877
105 186 984 1 -59 767
106 421 962 1 191 748
107 71 1245 1 -179 1040
108 677 1005 1 446 768
109 48 1181 1 -203 972
110 270 435 1 17 224
111 109 1218 1 -137 1010
112 277 1255 1 44 1045
113 677 991 1 446 754
114 641 1156 1 418 927
115 570 1012 1 339 783
116 364 963 1 134 752
117 181 1205 1 -51 1003
118 251 599 1 4 388
119 657 1119 1 432 886
120 558 1185 1 335 965
121 297 732 1 55 520
122 376 1168 1 148 956
123 596 1137 1 370 909
124 278 1063 1 49 858
125 583 1240 1 362 1017
126 368 579 1 121 363
127 691 933 1 457 695
128 326 1220 1 100 1012
129 660 997 1 428 760
130 246 664 1 1 453
131 691 988 1 460 750
132 626 1202 1 405 975
133 26 1205 1 -228 998
134 338 1187 1 110 977
135 275 392 1 21 180
136 116 1097 1 -134 882
137 564 1036 1 333 809
138 664 1245 1 445 1018
139 630 1155 1 407 926
140 327 1231 1 101 1024
141 258 661 1 13 450
142 584 976 1 352 747
143 573 1118 1 347 892
144 29 1192 1 -223 986
145 254 705 1 12 494
146 600 1247 1 381 1024
147 37 1056 1 -213 846
148 272 408 1 19 197
149 134 1236 1 -112 1027
150 677 1187 1 455 957
151 581 1017 1 351 788
152 637 989 1 405 753
153 673 1103 1 448 869
154 51 1012 1 -199 800
155 606 1144 1 381 916
156 26 1013 1 -219 807
157 661 1109 1 434 876
158 145 1243 1 -103 1032
159 402 519 1 153 302
160 543 1234 1 322 1018
161 339 1155 1 110 944
162 397 303 1 138 81
163 561 1252 1 342 1034
164 603 1054 1 375 824
165 114 1144 1 -136 930
166 168 148 1 -94 -58
167 692 950 1 459 712
168 26 1068 1 -223 861
169 90 1255 1 -161 1051
170 669 1056 1 441 821
171 621 946 1 387 714
172 129 946 1 -120 728
173 154 1014 1 -95 795
174 683 1151 1 460 918
175 671 1131 1 448 899
176 224 1058 1 -6 855
177 130 1052 1 -119 836
178 344 1167 1 115 955
179 631 929 1 398 695
180 641 1054 1 413 820
181 194 164 1 -67 -42
182 152 726 1 -91 522
183 27 1058 1 -223 849
184 605 1084 1 378 854
185 248 1186 1 7 968
186 288 712 1 46 500
187 548 1071 1 320 848
188 684 1128 1 459 894
189 44 1031 1 -206 820
190 244 811 1 6 602
191 633 957 1 400 723
192 602 954 1 368 722
193 630 1049 1 400 816
194 368 1125 1 137 911
195 669 1255 1 450 1028
196 275 1122 1 49 919
197 501 1095 1 277 879
198 61 1137 1 -192 926
199 541 1215 1 318 995
200 612 1232 1 392 1008
201 328 1194 1 99 985
202 240 354 1 -14 144
203 691 961 1 459 723
204 542 1194 1 319 975
205 623 1074 1 395 842
206 645 1180 1 423 951
207 395 1160 1 168 947
208 72 1077 1 -180 863
209 594 1042 1 363 813
210 619 1001 1 388 767
211 384 1202 1 159 992
212 670 970 1 438 733
213 580 1194 1 358 972
214 230 1209 1 -12 992
215 651 1108 1 425 875
216 378 576 1 130 360
217 235 780 1 -5 570
218 656 1226 1 436 999
219 617 1141 1 393 912
220 672 1016 1 444 779
221 423 1236 1 204 1030
222 349 1155 1 120 943
223 665 1067 1 437 833
224 399 962 1 168 750
225 622 956 1 390 724
226 318 1197 1 88 989
227 27 1167 1 -226 959
228 422 683 1 179 466
229 247 1176 1 3 956
230 471 647 1 226 425
231 681 1118 1 456 884
232 254 692 1 11 481
233 589 1070 1 360 842
234 30 1114 1 -224 903
235 237 896 1 2 689
236 637 1097 1 411 865
237 292 749 1 52 537
238 558 1071 1 331 847
239 564 963 1 331 733
240 475 708 1 234 488
241 252 720 1 10 509
242 587 959 1 354 729
243 250 731 1 9 521
244 603 1043 1 374 812
245 687 1170 1 465 938
246 690 1234 1 471 1004
247 683 1107 1 457 872
248 650 1146 1 426 915
249 364 596 1 117 381
250 383 1225 1 158 1014
251 611 944 1 377 711
252 650 1238 1 432 1011
253 309 423 1 58 210
254 275 710 1 32 500
255 624 1062 1 395 830
256 595 1165 1 371 939
257 319 451 1 67 237
258 663 1012 1 433 776
259 149 754 1 -92 549
260 438 827 1 202 609
261 365 829 1 126 614
262 664 1098 1 438 864
263 631 1255 1 412 1032
264 328 1204 1 100 995
265 229 826 1 -8 617
266 598 978 1 366 747
267 680 1056 1 452 820
268 525 1224 1 302 1004
269 604 1154 1 379 926
270 312 1242 1 85 1036
271 366 1161 1 137 948
272 316 1177 1 85 965
273 667 987 1 435 750
274 200 124 1 -63 -81
275 142 1035 1 -106 818
276 637 1190 1 415 962
277 677 1161 1 454 928
278 434 500 1 179 268
279 499 655 1 255 433
280 688 917 1 454 680
281 406 1105 1 177 888
282 166 871 1 -84 648
283 624 1097 1 398 867
284 459 607 1 213 387
285 359 879 1 124 665
286 361 568 1 113 353
287 388 575 1 141 358
288 587 994 1 356 764
289 259 278 1 1 67
290 391 1093 1 161 877
291 326 779 1 86 566
292 285 419 1 32 207
293 286 701 1 43 489
294 666 1230 1 446 1002
295 681 1205 1 460 974
296 629 1234 1 409 1009
297 368 709 1 126 493
298 643 1001 1 412 766
299 503 494 1 250 268
300 483 845 1 247 625
301 360 814 1 123 599
302 376 923 1 142 710
303 427 697 1 185 480
304 485 710 1 243 489
305 483 413 1 228 192
306 183 1071 1 -56 860
307 268 257 1 9 46
308 303 746 1 62 533
309 561 1022 1 330 795
310 326 737 1 85 523
311 325 435 1 72 222
312 678 1083 1 451 848
313 364 216 1 104 5
314 284 354 1 28 142
315 613 1098 1 387 868
316 313 163 1 50 -46
317 658 1171 1 435 941
318 333 900 1 98 688
319 433 425 1 179 207
320 363 554 1 115 337
321 300 934 1 66 724
322 646 1069 1 418 835
323 682 947 1 449 709
324 286 253 1 27 41
325 454 690 1 211 470
326 316 435 1 63 222
327 261 298 1 3 87
328 350 1236 1 126 1029
329 271 380 1 17 169
330 363 683 1 119 467
331 647 1136 1 423 905
332 313 271 1 54 58
333 300 315 1 42 102
334 293 945 1 60 736
335 285 192 1 23 -17
336 344 299 1 85 81
337 466 635 1 222 416
338 554 1237 1 333 1018
339 341 1237 1 116 1031
340 283 239 1 22 26
341 615 1241 1 396 1018
342 303 259 1 43 47
343 483 855 1 248 636
344 387 1182 1 161 970
345 323 255 1 64 43
346 358 579 1 111 364
347 291 918 1 57 708
348 646 1119 1 421 887
349 302 765 1 62 553
350 386 826 1 149 611
351 609 1167 1 385 941
352 292 403 1 39 192
353 315 969 1 83 760
354 454 677 1 211 458
355 557 1052 1 328 826
356 472 288 1 211 67
357 229 863 1 -7 655
358 384 633 1 139 417
359 619 1181 1 396 954
360 325 244 1 65 31
361 410 468 1 158 252
362 338 383 1 83 169
363 509 1104 1 285 889
364 323 282 1 65 68
365 299 304 1 41 92
366 289 285 1 30 72
367 383 836 1 146 621
368 308 792 1 69 581
369 650 1215 1 429 988
370 389 805 1 151 589
371 385 795 1 147 579
372 372 657 1 128 442
373 354 861 1 118 648
374 395 780 1 156 565
375 342 961 1 110 750
376 225 755 1 -14 546
377 273 219 1 13 10
378 327 947 1 94 735
