0 256 602 1 24 426
1 246 504 1 12 329
2 281 844 1 53 672
3 296 491 1 62 315
4 261 539 1 27 364
5 257 627 1 25 452
6 251 449 1 15 275
7 264 503 1 30 327
8 265 482 1 30 306
9 297 447 1 62 271
10 252 698 1 20 524
11 264 492 1 29 316
12 243 832 1 14 660
13 274 1056 1 49 890
14 285 758 1 55 585
15 677 1195 1 457 1015
16 655 1089 1 430 905
17 242 845 1 13 673
18 275 1042 1 50 876
19 280 855 1 53 683
20 285 744 1 55 571
21 293 554 1 60 378
22 291 600 1 58 424
23 99 748 1 -133 576
24 292 612 1 60 436
25 253 684 1 22 509
26 241 865 1 12 694
27 121 806 1 -110 637
28 290 625 1 57 449
29 284 777 1 55 603
30 243 526 1 9 351
31 276 1021 1 50 854
32 299 425 1 62 249
33 197 420 1 -37 246
34 241 546 1 8 371
35 260 470 1 27 294
36 274 1069 1 49 903
37 231 1030 1 4 864
38 167 113 1 -71 -55
39 227 1053 1 1 888
40 294 533 1 60 357
41 591 1169 1 370 993
42 281 866 1 53 693
43 224 1042 1 -3 877
44 610 1247 1 389 1072
45 228 1070 1 2 906
46 237 609 1 5 434
47 248 470 1 14 295
48 255 387 1 20 212
49 255 653 1 23 479
50 247 778 1 16 604
51 271 704 1 40 529
52 292 585 1 59 410
53 661 924 1 434 735
54 227 728 1 -3 554
55 225 757 1 -4 584
56 283 808 1 54 635
57 643 1114 1 420 931
58 169 98 1 -69 -70
59 157 100 1 -82 -69
60 154 638 1 -77 465
61 622 1127 1 398 946
62 239 587 1 5 412
63 233 653 1 1 479
64 684 943 1 457 753
65 294 1222 1 59 1051
66 659 1166 1 438 985
67 248 614 1 16 439
68 621 1188 1 400 1010
69 605 1223 1 385 1048
70 576 1211 1 357 1038
71 670 1102 1 447 917
72 118 795 1 -112 625
73 220 809 1 -9 637
74 677 1211 1 459 1033
75 217 867 1 -12 696
76 679 913 1 452 723
77 89 1193 1 -163 1023
78 154 111 1 -84 -58
79 255 674 1 23 499
80 644 1200 1 423 1023
81 299 506 1 65 330
82 687 1194 1 468 1013
83 211 322 1 -24 149
84 91 1182 1 -160 1011
85 103 1163 1 -142 991
86 638 1036 1 412 850
87 58 1065 1 -192 886
88 660 1179 1 440 998
89 670 947 1 444 756
90 260 592 1 27 416
91 297 544 1 63 367
92 250 419 1 14 244
93 221 1110 1 -4 948
94 686 1024 1 461 836
95 580 1044 1 356 862
96 273 1111 1 48 947
97 352 1122 1 123 951
98 596 1250 1 377 1074
99 91 1144 1 -160 968
100 619 971 1 393 785
101 609 1181 1 387 1003
102 250 588 1 17 413
103 671 1025 1 446 837
104 116 916 1 -126 736
105 650 1065 1 426 879
106 606 1195 1 386 1019
107 61 1244 1 -189 1079
108 566 1176 1 345 1003
109 87 1104 1 -161 930
110 417 927 1 194 753
111 687 923 1 460 734
112 254 398 1 18 224
113 170 994 1 -70 815
114 575 998 1 350 815
115 361 929 1 136 757
116 574 1089 1 351 911
117 239 564 1 5 389
118 591 962 1 363 778
119 622 1223 1 402 1047
120 149 1065 1 -95 886
121 611 1079 1 388 897
122 236 628 1 3 453
123 288 698 1 57 522
124 294 1198 1 59 1026
125 276 1031 1 51 864
126 356 541 1 123 364
127 644 1211 1 424 1033
128 674 995 1 448 805
129 621 1153 1 399 973
130 377 1161 1 151 992
131 677 1116 1 456 931
132 600 1120 1 379 941
133 232 672 1 0 497
134 338 1182 1 111 1015
135 258 354 1 22 180
136 234 1238 1 -10 1063
137 280 1219 1 47 1048
138 142 694 1 -90 523
139 237 778 1 7 605
140 690 1138 1 470 955
141 648 1165 1 426 984
142 133 1040 1 -113 860
143 569 1023 1 344 842
144 582 1113 1 359 934
145 643 1048 1 418 862
146 244 671 1 12 496
147 634 1068 1 410 884
148 339 1152 1 110 982
149 256 370 1 20 196
150 555 1061 1 330 882
151 105 1095 1 -142 919
152 639 914 1 412 725
153 649 982 1 422 794
154 553 1228 1 330 1052
155 148 917 1 -94 735
156 358 1173 1 131 1004
157 608 939 1 381 753
158 329 1155 1 100 987
159 326 1178 1 99 1012
160 382 262 1 139 81
161 328 1216 1 101 1052
162 143 107 1 -94 -60
163 36 1023 1 -211 848
164 566 1199 1 346 1027
165 576 1072 1 353 892
166 576 1243 1 357 1073
167 639 1104 1 415 921
168 594 1219 1 374 1045
169 50 962 1 -196 784
170 588 1006 1 363 822
171 629 932 1 400 744
172 108 955 1 -136 776
173 343 1162 1 116 994
174 387 1224 1 161 1057
175 221 1028 1 -5 862
176 315 948 1 89 776
177 31 1189 1 -222 1020
178 170 124 1 -68 -45
179 46 974 1 -200 797
180 304 1195 1 69 1023
181 246 627 1 14 452
182 657 1054 1 432 868
183 278 677 1 47 502
184 387 1138 1 160 967
185 30 1205 1 -223 1036
186 629 1102 1 404 918
187 299 1139 1 68 969
188 668 1212 1 447 1033
189 368 1120 1 139 948
190 275 1091 1 50 926
191 502 1062 1 282 889
192 55 1141 1 -197 968
193 327 1224 1 101 1061
194 628 1240 1 409 1067
195 222 317 1 -14 143
196 614 1055 1 389 871
197 663 1189 1 443 1010
198 397 1153 1 171 983
199 38 1225 1 -215 1058
200 247 1193 1 16 1028
201 562 1094 1 340 916
202 559 1155 1 338 982
203 617 929 1 390 742
204 668 1124 1 446 941
205 366 538 1 132 360
206 226 747 1 -4 573
207 603 984 1 378 799
208 631 1146 1 410 965
209 426 1203 1 207 1040
210 682 1072 1 458 885
211 396 928 1 171 755
212 105 1082 1 -141 906
213 327 1190 1 100 1023
214 556 1190 1 336 1018
215 118 1105 1 -130 930
216 688 1014 1 464 824
217 244 657 1 11 483
218 173 1187 1 -65 1020
219 237 1182 1 7 1018
220 667 1113 1 445 929
221 231 864 1 3 693
222 36 1149 1 -217 977
223 652 1100 1 430 917
224 283 715 1 53 540
225 570 950 1 342 765
226 468 672 1 237 491
227 593 944 1 366 759
228 613 1039 1 389 855
229 388 1170 1 164 1002
230 144 1023 1 -101 843
231 681 969 1 455 779
232 505 484 1 269 302
233 668 1155 1 447 973
234 90 1091 1 -156 919
235 118 1201 1 -122 1036
236 352 559 1 119 382
237 567 1186 1 346 1013
238 295 384 1 59 210
239 265 676 1 33 502
240 681 901 1 454 712
241 608 1167 1 386 989
242 304 413 1 68 237
243 367 1154 1 140 985
244 140 722 1 -91 550
245 591 1185 1 370 1009
246 432 791 1 204 613
247 602 968 1 374 783
248 358 795 1 128 619
249 682 1103 1 459 918
250 591 977 1 364 792
251 222 793 1 -7 621
252 547 1077 1 324 899
253 536 1234 1 314 1061
254 312 1239 1 85 1075
255 589 1143 1 367 967
256 681 982 1 455 792
257 175 83 1 -64 -84
258 642 1085 1 418 901
259 655 1200 1 435 1021
260 564 1058 1 340 879
261 688 1118 1 466 933
262 492 569 1 258 385
263 491 617 1 258 436
264 611 997 1 385 813
265 172 1089 1 -66 916
266 448 568 1 216 388
267 609 1138 1 386 960
268 353 846 1 126 671
269 349 531 1 115 354
270 376 537 1 143 359
271 240 239 1 1 65
272 391 1085 1 163 911
273 317 744 1 88 569
274 276 666 1 44 491
275 680 1145 1 459 962
276 687 1245 1 469 1068
277 118 961 1 -126 781
278 618 1206 1 398 1030
279 647 1244 1 427 1069
280 412 646 1 181 468
281 359 673 1 128 495
282 478 809 1 251 630
283 353 779 1 125 604
284 372 888 1 145 714
285 477 673 1 246 493
286 78 1215 1 -170 1049
287 248 218 1 9 45
288 447 536 1 213 356
289 294 711 1 63 536
290 566 1009 1 341 827
291 317 701 1 87 525
292 310 397 1 74 222
293 345 175 1 105 2
294 266 316 1 29 141
295 292 122 1 51 -48
296 677 1182 1 457 1001
297 328 868 1 100 694
298 418 385 1 181 207
299 55 1034 1 -195 854
300 295 901 1 67 729
301 661 1071 1 437 885
302 266 213 1 28 39
303 301 397 1 64 221
304 242 684 1 11 510
305 344 1198 1 118 1032
306 577 1180 1 356 1005
307 242 259 1 4 86
308 599 1066 1 374 884
309 353 1226 1 128 1062
310 254 342 1 18 168
311 353 647 1 121 468
312 665 1144 1 443 961
313 294 230 1 54 57
314 281 276 1 43 101
315 289 913 1 61 742
316 264 151 1 24 -19
317 356 1162 1 129 994
318 326 258 1 85 81
319 599 1000 1 373 815
320 263 198 1 22 25
321 257 776 1 27 603
322 283 219 1 43 45
323 479 820 1 251 641
324 304 214 1 65 41
325 346 541 1 113 364
326 286 886 1 58 713
327 363 1144 1 135 973
328 294 730 1 63 556
329 380 792 1 151 616
330 386 1152 1 160 982
331 276 365 1 40 191
332 311 938 1 84 766
333 445 639 1 213 460
334 658 1031 1 433 845
335 284 792 1 55 618
336 456 244 1 214 66
337 446 557 1 212 378
338 222 831 1 -7 659
339 373 596 1 141 418
340 633 1187 1 413 1009
341 305 203 1 65 29
342 396 428 1 160 251
343 247 601 1 14 426
344 322 344 1 84 168
345 600 1056 1 376 873
346 282 155 1 42 -15
347 510 1072 1 289 900
348 305 241 1 66 67
349 280 265 1 41 91
350 680 1233 1 461 1055
351 270 245 1 30 71
352 624 1176 1 403 997
353 300 758 1 70 584
354 236 641 1 4 466
355 382 770 1 153 593
356 379 760 1 150 584
357 361 620 1 130 443
358 348 828 1 120 653
359 388 745 1 158 568
360 339 928 1 112 756
361 217 721 1 -13 549
362 253 178 1 13 8
363 322 915 1 95 742
