0 252 582 1 20 375
1 258 571 1 27 364
2 280 877 1 54 672
3 284 791 1 55 585
4 255 659 1 25 452
5 255 633 1 25 427
6 262 524 1 29 317
7 248 482 1 15 275
8 265 471 1 33 265
9 249 720 1 22 509
10 250 731 1 20 524
11 263 534 1 31 327
12 241 864 1 14 660
13 293 528 1 61 320
14 244 536 1 12 329
15 273 1090 1 49 891
16 295 479 1 62 271
17 240 577 1 8 371
18 684 1240 1 461 1027
19 659 1131 1 434 915
20 240 877 1 13 674
21 274 1076 1 50 877
22 279 888 1 53 683
23 291 586 1 60 378
24 288 631 1 59 424
25 96 780 1 -133 577
26 263 514 1 30 306
27 239 898 1 12 694
28 118 838 1 -110 637
29 282 809 1 55 603
30 284 778 1 56 572
31 241 557 1 9 351
32 274 1055 1 50 855
33 297 456 1 63 249
34 272 1103 1 49 905
35 229 1063 1 4 865
36 292 565 1 61 357
37 164 146 1 -71 -56
38 225 1087 1 1 889
39 260 501 1 27 294
40 279 898 1 53 694
41 224 788 1 -4 585
42 222 1076 1 -3 878
43 235 641 1 5 434
44 226 1104 1 2 907
45 247 502 1 14 295
46 252 685 1 23 479
47 244 810 1 16 605
48 195 452 1 -37 246
49 676 1145 1 451 928
50 632 1158 1 407 943
51 648 1157 1 424 941
52 290 617 1 59 410
53 269 736 1 40 530
54 596 1213 1 373 1003
55 284 768 1 56 562
56 281 841 1 55 636
57 253 418 1 20 212
58 665 962 1 437 741
59 167 131 1 -69 -70
60 154 132 1 -82 -69
61 152 669 1 -77 465
62 236 618 1 5 412
63 231 685 1 1 479
64 225 760 1 -3 555
65 297 538 1 65 330
66 665 1211 1 442 996
67 626 1232 1 403 1021
68 692 1065 1 465 845
69 295 575 1 64 367
70 53 1112 1 -197 901
71 116 828 1 -112 626
72 626 1171 1 401 956
73 218 841 1 -9 637
74 215 899 1 -12 697
75 151 143 1 -84 -59
76 252 705 1 23 499
77 687 982 1 460 760
78 592 1112 1 366 898
79 101 1215 1 -147 1008
80 682 950 1 455 729
81 209 353 1 -24 149
82 86 1236 1 -166 1030
83 582 1252 1 359 1047
84 85 1195 1 -165 986
85 584 1082 1 358 868
86 666 1224 1 444 1010
87 351 1164 1 123 959
88 258 623 1 27 416
89 630 1148 1 407 928
90 220 1145 1 -3 950
91 694 1240 1 472 1025
92 611 1239 1 388 1029
93 271 1145 1 49 948
94 577 1131 1 353 918
95 691 960 1 463 740
96 675 985 1 447 764
97 569 1217 1 347 1010
98 247 451 1 14 244
99 613 1224 1 390 1014
100 248 619 1 17 413
101 623 1009 1 396 791
102 655 1106 1 430 888
103 82 1248 1 -168 1042
104 252 431 1 19 224
105 195 1180 1 -29 986
106 81 1151 1 -165 944
107 167 1037 1 -72 825
108 684 1255 1 463 1045
109 354 573 1 123 364
110 245 658 1 15 452
111 236 596 1 6 389
112 593 999 1 366 784
113 630 1076 1 404 859
114 646 988 1 418 768
115 565 1132 1 342 922
116 626 1194 1 402 983
117 676 1065 1 449 846
118 582 1195 1 359 985
119 233 660 1 3 454
120 286 729 1 57 523
121 398 1194 1 172 990
122 113 957 1 -129 745
123 275 1065 1 51 865
124 345 1174 1 117 970
125 679 1033 1 452 814
126 606 1163 1 382 950
127 653 1022 1 425 802
128 377 1201 1 151 999
129 578 1036 1 352 821
130 230 703 1 1 498
131 337 1223 1 111 1022
132 255 386 1 22 179
133 684 1159 1 460 942
134 580 1111 1 355 899
135 139 726 1 -90 523
136 234 810 1 7 606
137 654 1210 1 430 996
138 612 1135 1 385 919
139 293 1247 1 58 1040
140 254 402 1 20 196
141 585 1153 1 361 942
142 101 1144 1 -146 934
143 242 703 1 13 497
144 638 1109 1 413 893
145 642 1033 1 414 814
146 398 1149 1 171 943
147 604 1098 1 378 882
148 579 1221 1 358 1013
149 641 951 1 414 731
150 572 1062 1 346 848
151 201 1104 1 -23 907
152 654 978 1 426 757
153 146 959 1 -96 744
154 631 1029 1 405 811
155 610 976 1 383 759
156 622 1091 1 396 875
157 651 1255 1 428 1045
158 128 1086 1 -117 873
159 358 1213 1 132 1011
160 625 1183 1 400 969
161 326 1218 1 99 1018
162 141 140 1 -94 -61
163 614 1119 1 391 905
164 30 1067 1 -215 859
165 339 1193 1 111 990
166 44 1004 1 -200 794
167 591 1044 1 365 828
168 631 969 1 403 750
169 103 997 1 -139 785
170 343 1203 1 116 1001
171 569 1047 1 342 833
172 613 1210 1 389 999
173 219 1061 1 -5 863
174 314 981 1 89 778
175 419 960 1 194 754
176 168 156 1 -68 -45
177 549 1116 1 325 905
178 364 570 1 132 361
179 694 1179 1 474 966
180 689 1113 1 462 895
181 50 1192 1 -202 985
182 303 1243 1 68 1037
183 643 1147 1 419 931
184 275 709 1 47 502
185 477 851 1 252 642
186 659 1243 1 439 1033
187 560 1233 1 338 1025
188 289 758 1 60 551
189 386 1176 1 161 973
190 356 827 1 128 620
191 653 1092 1 426 874
192 29 1200 1 -223 994
193 644 1080 1 416 859
194 368 1160 1 140 955
195 493 611 1 261 396
196 273 1125 1 51 928
197 502 1096 1 282 891
198 557 1100 1 332 889
199 41 1018 1 -204 807
200 425 1239 1 208 1042
201 219 348 1 -14 142
202 326 1231 1 100 1030
203 633 1091 1 406 874
204 669 1234 1 447 1021
205 633 978 1 407 759
206 626 1041 1 399 824
207 674 1157 1 449 940
208 619 966 1 392 748
209 570 1106 1 347 894
210 603 1006 1 376 789
211 24 1242 1 -229 1038
212 607 1022 1 380 805
213 636 1189 1 413 976
214 395 960 1 171 755
215 101 1129 1 -145 920
216 595 1157 1 371 945
217 674 1168 1 450 952
218 46 1149 1 -205 940
219 350 591 1 119 382
220 663 1096 1 436 877
221 168 1132 1 -68 926
222 242 689 1 12 484
223 235 1223 1 6 1025
224 114 1249 1 -125 1049
225 229 896 1 3 694
226 695 1161 1 471 944
227 657 1143 1 433 927
228 281 747 1 53 540
229 293 417 1 59 210
230 244 1061 1 18 862
231 477 841 1 251 631
232 571 988 1 344 771
233 374 568 1 143 359
234 388 1209 1 164 1008
235 686 1007 1 458 787
236 112 1154 1 -134 944
237 503 516 1 270 302
238 674 1199 1 451 984
239 84 1137 1 -159 931
240 603 1047 1 378 831
241 244 1233 1 16 1035
242 629 1056 1 401 838
243 262 707 1 33 502
244 684 936 1 457 717
245 301 444 1 68 237
246 140 1069 1 -105 856
247 611 1147 1 388 934
248 137 753 1 -91 551
249 594 1228 1 372 1018
250 431 823 1 205 614
251 267 429 1 34 222
252 663 1072 1 437 853
253 220 825 1 -7 622
254 351 846 1 124 639
255 262 1162 1 39 966
256 274 398 1 40 191
257 396 1184 1 170 979
258 623 1206 1 400 994
259 216 1103 1 -8 906
260 592 1185 1 369 975
261 685 1021 1 459 800
262 173 116 1 -64 -84
263 646 1127 1 421 910
264 567 1096 1 342 885
265 564 1122 1 339 911
266 593 1013 1 366 798
267 490 599 1 259 385
268 489 648 1 259 436
269 613 1035 1 388 819
270 448 660 1 218 449
271 297 1179 1 68 977
272 352 878 1 126 672
273 346 562 1 115 354
274 170 1232 1 -67 1032
275 301 247 1 65 41
276 259 193 1 22 -10
277 651 1176 1 427 961
278 237 271 1 1 65
279 391 1124 1 164 918
280 274 698 1 44 491
281 686 1189 1 463 973
282 113 1002 1 -129 791
283 345 546 1 114 338
284 258 230 1 22 24
285 411 677 1 181 468
286 357 704 1 128 496
287 351 811 1 125 604
288 371 921 1 145 715
289 475 705 1 246 493
290 391 1225 1 166 1023
291 246 249 1 9 44
292 445 567 1 214 356
293 292 743 1 63 536
294 664 1200 1 441 985
295 239 717 1 11 511
296 315 733 1 87 526
297 307 429 1 74 222
298 249 492 1 16 285
299 342 207 1 105 2
300 264 347 1 29 141
301 289 153 1 51 -49
302 684 1227 1 461 1013
303 326 901 1 100 696
304 416 416 1 181 207
305 366 889 1 140 682
306 293 934 1 68 730
307 666 1112 1 441 894
308 27 1129 1 -223 920
309 263 244 1 28 39
310 264 697 1 34 490
311 575 1163 1 352 952
312 343 1240 1 118 1039
313 649 1186 1 425 971
314 239 291 1 4 86
315 269 852 1 42 647
316 332 928 1 106 723
317 251 374 1 18 168
318 351 678 1 121 469
319 670 1187 1 447 972
320 291 262 1 55 57
321 278 307 1 43 101
322 287 945 1 61 743
323 261 183 1 24 -20
324 323 290 1 86 80
325 297 428 1 65 221
326 344 835 1 116 628
327 601 1037 1 375 822
328 254 808 1 27 603
329 280 251 1 44 45
330 245 330 1 10 124
331 215 754 1 -13 549
332 344 573 1 113 364
333 284 918 1 58 714
334 363 1184 1 135 980
335 265 209 1 28 4
336 386 1192 1 161 989
337 310 971 1 85 768
338 443 670 1 214 460
339 423 812 1 196 603
340 282 824 1 55 619
341 372 627 1 141 419
342 356 690 1 126 480
343 452 276 1 214 66
344 444 588 1 212 378
345 372 866 1 145 659
346 220 863 1 -6 660
347 638 1231 1 416 1019
348 615 997 1 389 780
349 302 235 1 66 29
350 393 460 1 160 251
351 245 632 1 14 426
352 320 376 1 85 168
353 330 859 1 102 653
354 279 187 1 42 -15
355 510 1106 1 290 902
356 302 273 1 66 67
357 277 297 1 42 91
358 267 277 1 30 71
359 628 1220 1 406 1008
360 298 790 1 71 584
361 234 673 1 4 467
362 381 801 1 154 594
363 366 802 1 139 594
364 378 792 1 150 584
365 347 860 1 120 654
366 386 776 1 158 569
367 337 961 1 112 757
368 250 211 1 13 7
369 321 947 1 96 743
370 580 482 1 344 263
