0 255 597 1 21 375
1 260 586 1 28 364
2 269 494 1 35 273
3 286 894 1 55 676
4 289 807 1 56 588
5 264 538 1 30 317
6 258 675 1 26 453
7 258 648 1 25 428
8 250 496 1 16 275
9 266 485 1 34 264
10 292 659 1 59 438
11 254 747 1 21 526
12 228 1098 1 -2 884
13 265 548 1 31 327
14 246 882 1 15 664
15 295 542 1 62 320
16 246 550 1 13 329
17 280 1111 1 50 897
18 297 493 1 63 271
19 242 592 1 9 372
20 248 529 1 15 307
21 246 895 1 14 677
22 281 1097 1 51 882
23 285 906 1 54 687
24 294 600 1 61 379
25 292 647 1 60 425
26 100 798 1 -133 579
27 265 528 1 31 307
28 269 474 1 35 254
29 123 857 1 -110 640
30 234 1126 1 3 913
31 287 826 1 56 606
32 289 794 1 57 574
33 244 573 1 10 351
34 262 607 1 30 386
35 282 1075 1 51 860
36 297 522 1 63 301
37 280 1124 1 50 911
38 236 1084 1 5 870
39 162 160 1 -72 -58
40 233 1108 1 2 895
41 262 515 1 28 294
42 285 916 1 54 698
43 228 805 1 -3 587
44 101 1001 1 -132 786
45 238 657 1 5 435
46 249 516 1 15 295
47 204 1213 1 -27 1004
48 235 1072 1 4 857
49 256 701 1 24 481
50 294 579 1 62 358
51 250 828 1 17 608
52 196 466 1 -36 246
53 686 1197 1 452 963
54 245 916 1 13 698
55 649 1174 1 417 941
56 298 470 1 64 249
57 656 1223 1 423 991
58 293 632 1 60 411
59 273 752 1 41 532
60 288 784 1 57 564
61 292 674 1 59 452
62 287 858 1 56 639
63 254 432 1 21 211
64 300 532 1 66 310
65 686 1008 1 452 772
66 164 144 1 -70 -72
67 152 147 1 -82 -71
68 673 1223 1 441 990
69 156 685 1 -76 466
70 239 634 1 6 413
71 235 701 1 1 481
72 229 777 1 -2 557
73 227 1168 1 -3 956
74 299 552 1 66 331
75 635 1065 1 401 833
76 592 1177 1 362 949
77 581 1175 1 350 950
78 298 589 1 65 368
79 117 1172 1 -135 938
80 65 1244 1 -187 1014
81 120 846 1 -112 628
82 650 1237 1 416 1004
83 223 859 1 -8 640
84 220 919 1 -11 700
85 149 158 1 -85 -61
86 256 722 1 24 501
87 209 368 1 -24 148
88 609 1165 1 378 935
89 621 1195 1 389 965
90 652 1081 1 419 846
91 261 639 1 28 418
92 645 1186 1 412 953
93 654 1212 1 421 979
94 32 1210 1 -224 974
95 279 1167 1 50 955
96 600 1130 1 368 901
97 621 1168 1 389 936
98 248 465 1 15 244
99 251 635 1 18 414
100 641 1055 1 408 822
101 253 445 1 19 224
102 667 1011 1 433 776
103 202 1203 1 -28 993
104 27 1086 1 -224 855
105 108 1046 1 -139 814
106 658 1197 1 425 964
107 661 994 1 427 759
108 663 1127 1 429 892
109 627 1020 1 394 787
110 357 586 1 125 364
111 248 673 1 15 453
112 239 611 1 6 390
113 609 1045 1 376 811
114 652 1132 1 418 898
115 587 1105 1 355 877
116 108 1218 1 -143 986
117 680 1169 1 447 935
118 237 676 1 4 455
119 291 746 1 58 525
120 408 1244 1 175 1022
121 282 1085 1 52 870
122 674 1026 1 440 790
123 626 1223 1 395 993
124 675 1075 1 441 840
125 637 1219 1 405 988
126 643 1149 1 410 915
127 672 985 1 438 749
128 295 685 1 62 463
129 234 720 1 1 499
130 42 1068 1 -207 837
131 597 1160 1 365 931
132 41 1143 1 -214 908
133 257 400 1 23 179
134 645 1091 1 412 858
135 360 1216 1 124 993
136 144 742 1 -89 523
137 239 828 1 8 608
138 662 1171 1 429 937
139 276 723 1 44 502
140 648 1012 1 415 778
141 600 1250 1 370 1024
142 513 1119 1 286 900
143 255 416 1 21 195
144 55 1224 1 -193 1001
145 317 1209 1 81 986
146 246 719 1 13 498
147 663 1087 1 429 851
148 653 1142 1 420 907
149 407 1200 1 174 976
150 604 1209 1 372 980
151 85 1195 1 -167 963
152 327 1221 1 93 999
153 668 1039 1 433 802
154 208 1126 1 -23 913
155 668 1213 1 435 979
156 392 647 1 160 425
157 624 1032 1 391 798
158 596 1119 1 363 889
159 619 1050 1 387 818
160 72 1216 1 -177 989
161 149 966 1 -97 731
162 66 1253 1 -186 1025
163 673 1234 1 440 1001
164 476 267 1 239 45
165 626 1154 1 391 921
166 396 1222 1 163 1002
167 666 1138 1 432 902
168 269 426 1 36 205
169 347 1246 1 111 1024
170 354 1226 1 118 1004
171 648 1251 1 416 1019
172 138 154 1 -95 -63
173 658 1037 1 423 802
174 173 134 1 -64 -87
175 86 1237 1 -168 1006
176 219 362 1 -13 142
177 578 1166 1 348 939
178 31 1071 1 -219 840
179 594 1079 1 362 850
180 608 1091 1 375 859
181 676 1153 1 442 918
182 204 1162 1 -27 953
183 204 1173 1 -26 962
184 609 1143 1 375 910
185 451 615 1 218 391
186 39 1084 1 -210 854
187 585 1091 1 352 862
188 671 1190 1 438 957
189 622 1095 1 389 863
190 321 1001 1 91 783
191 426 978 1 196 759
192 165 170 1 -68 -47
193 564 1159 1 333 934
194 367 583 1 134 361
195 633 1084 1 399 852
196 484 868 1 254 646
197 293 774 1 61 554
198 87 1222 1 -166 990
199 587 1149 1 356 923
200 643 983 1 411 754
201 118 1213 1 -133 981
202 361 845 1 130 624
203 633 1204 1 400 974
204 36 1116 1 -212 888
205 376 1211 1 141 989
206 281 1212 1 50 1001
207 498 625 1 264 400
208 430 310 1 213 127
209 281 1147 1 52 934
210 303 1232 1 67 1011
211 637 1011 1 404 777
212 122 1017 1 -124 785
213 573 1147 1 341 919
214 655 1152 1 422 917
215 153 976 1 -91 743
216 208 1230 1 -29 1013
217 648 1101 1 414 867
218 417 513 1 193 308
219 396 1237 1 163 1018
220 653 1024 1 419 789
221 376 642 1 143 420
222 405 793 1 174 572
223 481 514 1 248 294
224 460 529 1 234 322
225 611 1023 1 377 791
226 625 1182 1 392 951
227 687 1131 1 453 895
228 636 1173 1 403 943
229 625 1068 1 391 836
230 103 1241 1 -148 1010
231 422 390 1 183 162
232 358 831 1 126 609
233 536 780 1 303 553
234 24 1252 1 -233 1019
235 228 29 1 -7 -185
236 353 605 1 120 383
237 108 1208 1 -142 977
238 638 1110 1 405 876
239 688 1158 1 453 923
240 376 1245 1 142 1024
241 460 632 1 225 404
242 100 1067 1 -147 836
243 641 1137 1 407 904
244 608 1112 1 374 881
245 234 915 1 3 697
246 334 831 1 102 610
247 681 1047 1 446 811
248 397 545 1 164 323
249 684 1210 1 451 976
250 286 763 1 54 542
251 294 430 1 60 209
252 251 1081 1 19 867
253 484 858 1 254 636
254 588 1033 1 354 800
255 377 582 1 145 360
256 455 299 1 218 75
257 542 814 1 310 591
258 317 1219 1 82 998
259 300 167 1 65 -51
260 314 1236 1 78 1015
261 474 406 1 239 183
262 365 1203 1 132 982
263 576 1198 1 346 973
264 245 707 1 12 485
265 334 932 1 103 712
266 266 724 1 34 503
267 687 1146 1 454 910
268 303 458 1 69 237
269 244 264 1 9 43
270 439 550 1 205 326
271 669 1201 1 436 967
272 142 770 1 -90 551
273 676 1123 1 443 888
274 609 1057 1 376 826
275 438 839 1 207 618
276 386 1241 1 152 1020
277 268 442 1 34 222
278 294 620 1 61 399
279 377 938 1 147 719
280 470 618 1 236 392
281 660 1247 1 428 1015
282 224 843 1 -7 625
283 357 863 1 125 643
284 270 1184 1 40 973
285 275 411 1 41 190
286 407 1234 1 172 1012
287 366 1246 1 131 1026
288 223 1125 1 -7 912
289 581 1129 1 349 900
290 403 1187 1 169 964
291 366 884 1 135 663
292 496 615 1 262 389
293 144 752 1 -88 534
294 452 674 1 220 451
295 373 1220 1 138 999
296 524 786 1 290 557
297 358 897 1 127 677
298 349 576 1 117 354
299 679 1112 1 445 877
300 604 1080 1 372 849
301 300 260 1 65 39
302 257 206 1 23 -11
303 677 1246 1 444 1013
304 236 285 1 1 64
305 240 622 1 7 401
306 321 176 1 86 -41
307 229 41 1 -5 -173
308 277 714 1 45 493
309 306 275 1 71 55
310 349 560 1 115 338
311 573 1155 1 342 929
312 257 243 1 22 23
313 415 692 1 183 469
314 362 720 1 129 498
315 298 194 1 63 -25
316 461 1019 1 233 800
317 346 722 1 114 501
318 429 597 1 196 374
319 439 582 1 207 360
320 502 817 1 271 592
321 290 1198 1 60 986
322 449 580 1 216 357
323 297 760 1 65 539
324 487 615 1 252 388
325 355 691 1 122 470
326 591 1140 1 360 912
327 419 702 1 187 478
328 320 749 1 88 528
329 309 442 1 75 221
330 251 506 1 17 285
331 342 219 1 106 0
332 264 362 1 29 140
333 573 93 1 329 -134
334 481 720 1 249 496
335 288 166 1 52 -51
336 464 411 1 229 189
337 333 921 1 102 701
338 664 1027 1 430 791
339 418 428 1 183 206
340 372 906 1 141 686
341 325 956 1 94 737
342 586 429 1 348 199
343 373 858 1 142 637
344 299 953 1 69 735
345 377 665 1 144 443
346 364 667 1 131 445
347 263 258 1 29 38
348 268 713 1 35 492
349 591 1215 1 362 989
350 266 1206 1 37 995
351 307 710 1 75 489
352 239 305 1 4 85
353 275 869 1 43 650
354 487 630 1 253 403
355 338 948 1 107 728
356 252 388 1 18 167
357 342 809 1 110 588
358 290 276 1 55 55
359 278 321 1 44 100
360 403 805 1 172 583
361 294 965 1 63 747
362 260 196 1 24 -22
363 323 304 1 86 80
364 448 701 1 216 477
365 299 441 1 66 221
366 349 853 1 118 632
367 619 1085 1 386 853
368 651 1047 1 417 813
369 416 666 1 184 444
370 260 826 1 28 606
371 280 264 1 44 43
372 245 345 1 10 124
373 155 169 1 -79 -48
374 219 771 1 -12 551
375 348 588 1 115 365
376 264 222 1 29 2
377 324 878 1 92 658
378 44 1200 1 -212 966
379 395 236 1 158 14
380 316 992 1 86 774
381 449 685 1 216 462
382 429 828 1 198 606
383 288 842 1 56 622
384 252 327 1 18 106
385 360 707 1 127 484
386 438 819 1 208 597
387 599 1044 1 365 811
388 448 602 1 214 379
389 378 882 1 147 662
390 225 882 1 -6 663
391 297 502 1 64 281
392 633 1043 1 400 810
393 302 248 1 66 27
394 248 648 1 15 427
395 321 389 1 86 168
396 335 878 1 104 657
397 278 200 1 43 -17
398 521 1129 1 294 911
399 302 286 1 67 65
400 277 311 1 42 90
401 438 943 1 208 723
402 336 799 1 104 578
403 266 290 1 31 70
404 340 170 1 104 -49
405 303 807 1 72 587
406 238 689 1 5 468
407 471 720 1 239 496
408 386 819 1 155 597
409 372 820 1 140 598
410 383 810 1 152 588
411 399 557 1 165 334
412 353 879 1 122 658
413 392 793 1 160 572
414 344 981 1 114 762
415 363 626 1 131 405
416 249 224 1 14 6
417 403 583 1 169 361
418 587 499 1 350 267
419 325 785 1 94 565
