0 257 589 1 21 376
1 262 578 1 28 364
2 271 487 1 36 273
3 288 887 1 55 676
4 290 800 1 57 588
5 266 530 1 30 317
6 260 667 1 26 453
7 260 641 1 25 428
8 251 489 1 16 275
9 268 477 1 34 264
10 294 652 1 59 438
11 256 740 1 21 527
12 230 1090 1 -2 884
13 267 541 1 32 327
14 248 875 1 15 664
15 297 535 1 62 320
16 248 543 1 13 329
17 282 1104 1 50 898
18 299 485 1 63 271
19 244 584 1 9 372
20 250 521 1 15 307
21 248 888 1 14 677
22 283 1089 1 51 883
23 287 899 1 54 687
24 296 593 1 61 379
25 294 639 1 60 425
26 102 791 1 -133 579
27 267 521 1 31 307
28 271 467 1 35 254
29 125 850 1 -110 640
30 236 1119 1 3 914
31 289 819 1 56 606
32 291 787 1 57 574
33 246 565 1 10 351
34 265 600 1 30 386
35 284 1068 1 51 861
36 299 515 1 63 301
37 282 1117 1 51 911
38 238 1077 1 5 871
39 164 152 1 -72 -58
40 235 1101 1 2 895
41 264 508 1 28 294
42 287 909 1 54 698
43 230 798 1 -3 587
44 102 993 1 -132 787
45 240 649 1 6 435
46 689 1005 1 453 776
47 251 509 1 15 295
48 206 1206 1 -27 1005
49 237 1065 1 4 858
50 258 694 1 24 481
51 296 571 1 62 358
52 251 821 1 17 608
53 198 459 1 -36 246
54 689 1195 1 454 969
55 247 909 1 13 698
56 300 463 1 64 249
57 659 1222 1 425 997
58 295 625 1 60 411
59 275 745 1 41 532
60 290 777 1 57 564
61 294 667 1 59 452
62 289 851 1 56 639
63 256 424 1 21 211
64 301 524 1 66 310
65 166 137 1 -70 -73
66 153 139 1 -82 -72
67 677 1222 1 443 996
68 158 677 1 -76 466
69 242 627 1 6 413
70 237 694 1 2 481
71 231 770 1 -2 557
72 229 1161 1 -3 957
73 301 545 1 66 331
74 653 1172 1 418 946
75 638 1062 1 402 837
76 595 1173 1 364 953
77 584 1171 1 351 954
78 300 582 1 65 368
79 117 1173 1 -137 946
80 65 1245 1 -190 1022
81 122 839 1 -112 629
82 225 852 1 -8 641
83 222 912 1 -11 701
84 150 150 1 -85 -61
85 258 714 1 24 501
86 211 360 1 -24 148
87 624 1192 1 391 970
88 656 1078 1 420 850
89 654 1234 1 418 1010
90 263 632 1 28 418
91 649 1185 1 414 959
92 614 1163 1 379 939
93 657 1211 1 423 985
94 31 1211 1 -227 983
95 282 1159 1 50 955
96 602 1127 1 369 904
97 625 1166 1 390 941
98 250 458 1 15 244
99 253 628 1 18 414
100 644 1052 1 409 826
101 255 437 1 19 224
102 671 1008 1 434 779
103 204 1195 1 -28 994
104 27 1084 1 -226 861
105 109 1044 1 -141 819
106 630 1221 1 396 998
107 662 1196 1 427 969
108 664 990 1 428 762
109 666 1125 1 431 897
110 630 1017 1 396 790
111 359 579 1 125 364
112 250 666 1 15 453
113 241 604 1 6 390
114 612 1041 1 377 815
115 655 1129 1 420 903
116 590 1102 1 356 881
117 684 1168 1 449 940
118 239 669 1 4 455
119 293 738 1 58 525
120 410 1240 1 175 1026
121 284 1078 1 52 871
122 678 1023 1 442 794
123 679 1073 1 443 844
124 109 1220 1 -146 994
125 640 1217 1 406 994
126 646 1146 1 412 920
127 675 981 1 439 752
128 297 677 1 63 463
129 236 713 1 1 500
130 155 974 1 -92 747
131 43 1066 1 -209 842
132 41 1144 1 -217 916
133 259 392 1 23 179
134 652 1250 1 418 1025
135 649 1088 1 413 862
136 362 1211 1 124 997
137 102 1005 1 -133 799
138 146 734 1 -89 523
139 241 821 1 8 609
140 666 1169 1 431 942
141 278 716 1 44 503
142 651 1009 1 416 782
143 411 1197 1 174 980
144 602 1248 1 371 1029
145 515 1113 1 286 901
146 257 408 1 21 195
147 55 1223 1 -195 1007
148 319 1205 1 81 990
149 248 712 1 14 499
150 667 1084 1 431 856
151 657 1140 1 422 912
152 607 1206 1 374 985
153 85 1196 1 -169 971
154 329 1217 1 93 1003
155 672 1036 1 435 806
156 210 1119 1 -23 914
157 671 1211 1 437 985
158 395 639 1 160 425
159 628 1028 1 392 801
160 599 1115 1 365 892
161 622 1046 1 388 821
162 73 1215 1 -179 996
163 150 963 1 -98 735
164 66 1254 1 -189 1033
165 676 1233 1 442 1007
166 478 259 1 239 45
167 629 1151 1 393 926
168 398 1218 1 163 1005
169 670 1136 1 433 907
170 271 419 1 36 205
171 349 1242 1 111 1028
172 356 1222 1 118 1008
173 140 146 1 -95 -63
174 661 1033 1 425 806
175 86 1239 1 -170 1014
176 221 355 1 -13 141
177 580 1162 1 349 943
178 32 1070 1 -222 846
179 597 1076 1 363 853
180 611 1087 1 377 863
181 679 1151 1 444 923
182 206 1155 1 -27 953
183 206 1165 1 -26 962
184 612 1140 1 377 914
185 453 607 1 218 391
186 40 1083 1 -212 860
187 587 1087 1 353 865
188 674 1189 1 440 962
189 625 1091 1 391 867
190 323 994 1 91 784
191 428 971 1 196 759
192 167 163 1 -68 -47
193 566 1155 1 334 937
194 369 576 1 134 361
195 636 1081 1 401 855
196 486 861 1 255 647
197 295 767 1 61 554
198 87 1223 1 -169 998
199 590 1145 1 357 926
200 646 977 1 412 756
201 25 1255 1 -237 1029
202 119 1214 1 -135 989
203 363 838 1 130 625
204 636 1202 1 402 979
205 36 1115 1 -214 893
206 250 642 1 15 427
207 379 1207 1 142 993
208 283 1205 1 50 1002
209 500 618 1 264 400
210 431 300 1 212 126
211 283 1139 1 52 934
212 640 1007 1 406 780
213 123 1015 1 -126 789
214 575 1143 1 342 923
215 659 1150 1 423 922
216 209 1226 1 -29 1017
217 651 1098 1 416 871
218 398 1234 1 163 1021
219 378 635 1 144 420
220 407 786 1 174 572
221 483 507 1 249 293
222 462 520 1 234 321
223 614 1020 1 378 794
224 628 1180 1 394 956
225 637 1192 1 403 969
226 690 1129 1 455 900
227 639 1171 1 405 948
228 629 1064 1 393 839
229 104 1242 1 -150 1019
230 424 382 1 183 162
231 360 825 1 127 609
232 538 773 1 304 554
233 658 1021 1 421 793
234 355 598 1 121 383
235 109 1209 1 -145 985
236 642 1107 1 407 880
237 368 1197 1 132 985
238 421 504 1 193 307
239 691 1156 1 455 928
240 378 1241 1 142 1028
241 462 625 1 225 405
242 100 1065 1 -149 841
243 644 1134 1 409 908
244 611 1108 1 376 885
245 237 908 1 3 698
246 336 825 1 103 611
247 685 1045 1 448 816
248 399 538 1 164 323
249 687 1209 1 453 982
250 288 756 1 54 543
251 296 423 1 61 209
252 254 1074 1 19 868
253 486 851 1 254 636
254 591 1030 1 355 804
255 379 574 1 145 360
256 458 291 1 219 75
257 545 808 1 310 591
258 319 1216 1 82 1002
259 302 159 1 65 -51
260 316 1232 1 78 1019
261 476 399 1 239 183
262 579 1194 1 347 976
263 247 700 1 12 486
264 336 925 1 103 713
265 268 717 1 34 504
266 691 1144 1 456 915
267 305 451 1 69 237
268 246 256 1 9 43
269 441 542 1 205 326
270 673 1199 1 438 973
271 144 762 1 -90 551
272 679 1121 1 445 892
273 612 1054 1 377 829
274 440 832 1 207 618
275 388 1237 1 152 1024
276 270 435 1 35 222
277 296 613 1 61 399
278 379 931 1 147 719
279 472 612 1 237 393
280 663 1245 1 429 1021
281 226 836 1 -7 625
282 358 857 1 125 643
283 277 404 1 41 190
284 409 1230 1 173 1016
285 368 1242 1 131 1030
286 225 1118 1 -7 912
287 584 1125 1 350 904
288 405 1183 1 170 968
289 368 876 1 135 664
290 498 608 1 262 389
291 146 745 1 -88 534
292 455 667 1 221 451
293 375 1217 1 138 1002
294 526 779 1 290 558
295 360 891 1 128 678
296 351 568 1 117 354
297 683 1110 1 447 882
298 608 1076 1 373 853
299 302 252 1 65 39
300 259 198 1 23 -12
301 680 1245 1 446 1020
302 238 277 1 1 64
303 242 615 1 7 401
304 323 168 1 86 -41
305 231 32 1 -5 -174
306 279 707 1 45 493
307 308 268 1 71 55
308 351 552 1 115 338
309 576 1151 1 343 932
310 259 236 1 22 23
311 417 685 1 183 470
312 364 712 1 130 498
313 300 186 1 63 -25
314 463 1012 1 233 800
315 348 715 1 114 501
316 431 590 1 197 374
317 441 574 1 207 360
318 505 811 1 271 593
319 292 1191 1 61 987
320 451 573 1 216 357
321 299 752 1 65 539
322 489 608 1 252 388
323 357 684 1 123 470
324 594 1136 1 361 915
325 421 695 1 187 478
326 322 742 1 88 528
327 311 435 1 75 221
328 253 499 1 17 285
329 344 211 1 106 0
330 266 354 1 29 140
331 576 84 1 329 -135
332 483 713 1 249 497
333 290 158 1 52 -51
334 466 403 1 229 189
335 335 914 1 102 701
336 668 1024 1 432 794
337 420 421 1 183 206
338 374 899 1 142 686
339 327 949 1 94 738
340 589 422 1 348 199
341 375 851 1 142 638
342 302 946 1 69 735
343 379 658 1 145 444
344 366 660 1 132 445
345 264 250 1 29 37
346 270 705 1 35 492
347 269 1199 1 37 996
348 309 703 1 75 489
349 241 297 1 4 85
350 276 862 1 43 650
351 490 623 1 254 403
352 340 941 1 107 729
353 254 380 1 19 167
354 344 802 1 111 588
355 292 268 1 55 55
356 280 313 1 44 100
357 405 798 1 172 583
358 296 958 1 63 748
359 261 189 1 25 -22
360 325 297 1 86 80
361 450 695 1 216 477
362 301 434 1 66 221
363 351 846 1 118 632
364 622 1081 1 387 857
365 654 1044 1 419 817
366 418 659 1 184 444
367 262 819 1 28 606
368 282 256 1 44 43
369 247 337 1 11 124
370 157 161 1 -79 -48
371 221 764 1 -12 551
372 350 580 1 115 365
373 266 214 1 29 2
374 326 872 1 92 659
375 44 1202 1 -215 975
376 397 228 1 158 14
377 318 985 1 86 774
378 451 678 1 216 462
379 431 821 1 199 607
380 290 835 1 56 622
381 254 320 1 18 106
382 362 700 1 127 484
383 440 812 1 208 597
384 601 1040 1 366 815
385 451 595 1 214 379
386 379 875 1 147 663
387 228 875 1 -6 663
388 299 495 1 64 281
389 636 1040 1 402 813
390 304 240 1 66 27
391 322 382 1 86 168
392 337 872 1 104 658
393 280 193 1 43 -17
394 523 1123 1 294 912
395 304 278 1 67 65
396 278 303 1 42 90
397 440 936 1 208 724
398 338 792 1 104 578
399 268 283 1 31 69
400 342 161 1 104 -49
401 305 800 1 72 587
402 240 682 1 5 468
403 473 713 1 239 496
404 388 812 1 156 598
405 374 813 1 140 598
406 385 803 1 152 588
407 401 549 1 165 334
408 355 872 1 122 658
409 394 786 1 160 572
410 346 974 1 114 763
411 365 619 1 131 405
412 250 216 1 14 6
413 405 576 1 170 361
414 590 492 1 351 268
415 327 778 1 94 565
