0 238 545 1 31 317
1 236 593 1 29 365
2 244 500 1 36 273
3 258 904 1 55 678
4 261 816 1 57 589
5 221 557 1 13 330
6 232 682 1 26 454
7 232 655 1 26 428
8 225 502 1 17 275
9 228 741 1 23 514
10 242 490 1 34 264
11 265 667 1 60 439
12 216 599 1 9 372
13 198 1109 1 -1 887
14 239 555 1 32 327
15 218 891 1 15 666
16 270 549 1 63 320
17 272 499 1 64 271
18 223 535 1 15 308
19 252 1123 1 51 901
20 252 1108 1 52 886
21 257 915 1 55 689
22 268 607 1 62 380
23 266 654 1 60 426
24 240 535 1 32 307
25 226 755 1 21 528
26 244 480 1 35 254
27 237 522 1 28 294
28 94 865 1 -110 641
29 205 1137 1 4 917
30 379 785 1 174 554
31 260 835 1 57 608
32 71 805 1 -133 581
33 261 803 1 57 576
34 218 579 1 11 352
35 237 614 1 30 387
36 253 1086 1 52 864
37 272 529 1 64 301
38 637 1120 1 428 872
39 228 604 1 21 376
40 251 1136 1 51 914
41 207 1095 1 6 874
42 670 1044 1 462 794
43 139 163 1 -72 -59
44 203 1119 1 2 899
45 257 926 1 55 700
46 200 813 1 -3 589
47 70 1010 1 -132 789
48 211 664 1 6 436
49 224 523 1 15 295
50 173 1226 1 -26 1008
51 205 1083 1 4 861
52 229 709 1 24 482
53 269 585 1 62 358
54 222 836 1 18 609
55 171 472 1 -36 246
56 217 925 1 14 700
57 273 477 1 64 249
58 634 1219 1 427 972
59 595 1164 1 390 922
60 691 1086 1 481 833
61 267 639 1 61 411
62 246 760 1 41 533
63 261 793 1 58 566
64 265 682 1 60 453
65 259 867 1 56 641
66 229 437 1 21 211
67 274 538 1 67 310
68 142 148 1 -70 -74
69 129 150 1 -82 -73
70 129 691 1 -76 466
71 213 641 1 6 414
72 208 708 1 2 482
73 201 785 1 -2 558
74 197 1180 1 -2 960
75 274 559 1 67 331
76 651 1046 1 442 797
77 603 1236 1 398 993
78 617 1100 1 409 855
79 581 1165 1 375 924
80 272 596 1 65 368
81 91 854 1 -112 630
82 195 868 1 -7 642
83 192 928 1 -11 703
84 573 1211 1 369 972
85 126 161 1 -85 -62
86 229 729 1 24 502
87 689 1032 1 481 783
88 560 1208 1 356 971
89 291 1245 1 81 1011
90 632 1237 1 423 988
91 235 646 1 29 418
92 643 1077 1 433 827
93 333 1252 1 125 1017
94 604 1052 1 397 808
95 590 1078 1 383 831
96 250 1179 1 51 959
97 677 1024 1 468 775
98 185 373 1 -23 147
99 655 1057 1 446 807
100 607 1196 1 400 950
101 628 1192 1 420 944
102 605 1212 1 398 966
103 693 1070 1 485 821
104 223 471 1 15 244
105 225 642 1 19 415
106 691 1137 1 481 884
107 228 451 1 20 224
108 79 1237 1 -149 986
109 648 1171 1 440 922
110 172 1215 1 -28 998
111 623 1090 1 416 844
112 644 1246 1 437 998
113 643 1026 1 436 779
114 640 1187 1 431 938
115 651 1200 1 444 951
116 363 726 1 158 496
117 332 594 1 126 365
118 222 681 1 16 454
119 213 618 1 7 390
120 454 275 1 240 44
121 210 684 1 4 456
122 264 754 1 59 526
123 648 1217 1 440 970
124 293 1011 1 91 787
125 87 1059 1 -134 814
126 253 1096 1 53 874
127 303 1255 1 93 1023
128 673 1100 1 464 848
129 682 1153 1 471 900
130 451 731 1 245 498
131 579 1194 1 374 954
132 347 1250 1 143 1013
133 655 1017 1 447 769
134 268 693 1 63 464
135 207 728 1 2 501
136 120 1015 1 -98 769
137 629 1139 1 424 893
138 393 785 1 188 553
139 232 405 1 23 178
140 667 1218 1 459 968
141 591 1184 1 384 938
142 69 1021 1 -133 801
143 116 748 1 -88 524
144 564 1125 1 358 883
145 212 836 1 8 610
146 600 1077 1 392 830
147 651 1181 1 443 933
148 249 731 1 44 504
149 567 1138 1 361 899
150 630 1046 1 423 798
151 383 1235 1 176 1000
152 486 1134 1 288 906
153 596 1093 1 391 849
154 620 1044 1 413 797
155 230 421 1 21 195
156 635 1207 1 428 962
157 370 535 1 164 307
158 219 727 1 14 500
159 615 1247 1 410 1004
160 616 1237 1 411 993
161 65 1163 1 -153 925
162 576 1153 1 370 911
163 661 1117 1 452 867
164 681 1128 1 471 875
165 634 1158 1 426 908
166 396 433 1 184 206
167 114 1004 1 -105 757
168 370 1253 1 165 1022
169 189 1226 1 -11 1008
170 245 432 1 36 205
171 648 1129 1 439 879
172 366 655 1 161 425
173 116 158 1 -95 -64
174 607 1065 1 399 819
175 552 1182 1 347 941
176 603 1224 1 397 980
177 196 367 1 -13 141
178 556 1197 1 353 960
179 627 1129 1 421 883
180 662 1199 1 454 950
181 174 1174 1 -26 955
182 258 943 1 56 717
183 605 1250 1 400 1007
184 174 1185 1 -26 966
185 74 1033 1 -128 813
186 681 1087 1 471 835
187 687 1022 1 478 772
188 331 910 1 129 680
189 457 522 1 250 293
190 656 1239 1 450 991
191 604 1131 1 397 886
192 398 989 1 198 761
193 143 174 1 -68 -49
194 542 1191 1 338 953
195 674 1011 1 468 764
196 341 591 1 135 362
197 624 1153 1 415 904
198 653 1077 1 443 827
199 424 589 1 217 357
200 458 880 1 256 649
201 691 1127 1 481 874
202 266 783 1 62 555
203 426 622 1 219 391
204 621 1006 1 417 766
205 678 1110 1 469 859
206 587 1132 1 381 890
207 681 1143 1 471 890
208 334 855 1 131 627
209 688 1006 1 481 761
210 221 656 1 16 428
211 668 1090 1 458 838
212 251 1225 1 51 1006
213 474 637 1 266 402
214 252 1159 1 53 938
215 399 401 1 185 163
216 640 1197 1 433 949
217 515 829 1 312 594
218 615 1213 1 408 967
219 624 1180 1 417 932
220 350 650 1 145 421
221 378 803 1 175 573
222 607 1102 1 399 858
223 592 1055 1 384 811
224 616 1121 1 408 875
225 71 1140 1 -150 895
226 669 1135 1 460 884
227 291 1255 1 82 1022
228 331 841 1 127 611
229 328 612 1 121 383
230 227 787 1 23 560
231 452 630 1 242 396
232 617 1075 1 408 830
233 435 643 1 227 407
234 372 479 1 163 250
235 588 1147 1 382 904
236 632 1089 1 425 842
237 206 925 1 4 700
238 307 842 1 103 613
239 372 553 1 165 323
240 259 772 1 55 544
241 270 436 1 61 209
242 221 1093 1 20 871
243 458 870 1 256 639
244 569 1066 1 361 821
245 351 589 1 146 360
246 433 306 1 220 75
247 279 172 1 65 -52
248 451 415 1 240 183
249 404 606 1 198 375
250 554 1231 1 352 994
251 218 714 1 13 487
252 307 943 1 104 716
253 207 33 1 -6 -186
254 240 732 1 35 504
255 241 262 1 29 37
256 278 464 1 70 237
257 221 268 1 10 42
258 414 558 1 206 327
259 655 1251 1 448 1002
260 114 775 1 -89 552
261 661 1167 1 454 917
262 411 850 1 209 620
263 419 526 1 229 325
264 244 448 1 35 221
265 268 627 1 62 399
266 330 767 1 125 538
267 350 948 1 148 722
268 258 280 1 45 52
269 197 852 1 -6 627
270 329 874 1 126 645
271 309 774 1 105 545
272 251 417 1 42 190
273 193 1136 1 -6 916
274 378 1221 1 171 986
275 338 893 1 136 666
276 345 726 1 140 497
277 472 626 1 264 391
278 234 187 1 21 -36
279 117 758 1 -87 534
280 427 683 1 222 452
281 246 31 1 31 -189
282 324 583 1 118 355
283 448 896 1 246 666
284 665 1157 1 456 906
285 278 265 1 66 38
286 235 210 1 23 -13
287 213 290 1 2 63
288 214 629 1 7 402
289 299 181 1 87 -42
290 522 54 1 298 -181
291 208 44 1 -5 -175
292 251 722 1 46 494
293 640 1041 1 433 793
294 283 281 1 72 54
295 665 1181 1 457 932
296 323 567 1 116 338
297 234 249 1 23 22
298 389 701 1 184 470
299 335 728 1 130 499
300 276 199 1 63 -26
301 434 1032 1 234 804
302 320 731 1 115 502
303 282 1010 1 80 785
304 268 946 1 65 719
305 435 697 1 229 465
306 477 829 1 273 596
307 261 1212 1 61 992
308 310 218 1 96 -9
309 270 768 1 65 540
310 463 626 1 254 390
311 329 699 1 123 471
312 264 366 1 54 139
313 393 711 1 188 480
314 672 1196 1 463 946
315 293 758 1 89 529
316 284 449 1 76 221
317 225 513 1 17 285
318 320 224 1 107 0
319 240 367 1 30 140
320 557 100 1 333 -138
321 266 171 1 52 -52
322 440 419 1 230 188
323 233 322 1 21 95
324 305 932 1 102 704
325 390 979 1 190 751
326 345 917 1 143 689
327 297 968 1 94 741
328 346 869 1 143 640
329 674 1206 1 465 955
330 272 963 1 69 738
331 351 674 1 145 444
332 338 675 1 132 446
333 297 294 1 86 67
334 241 720 1 36 493
335 238 1219 1 38 1000
336 281 718 1 75 490
337 215 310 1 5 84
338 247 878 1 43 652
339 465 641 1 255 406
340 336 496 1 127 266
341 310 958 1 108 732
342 228 394 1 19 167
343 395 858 1 192 628
344 278 216 1 65 -9
345 268 281 1 56 54
346 255 327 1 44 100
347 377 815 1 173 585
348 265 975 1 63 750
349 238 201 1 25 -23
350 687 981 1 479 733
351 300 311 1 86 79
352 423 712 1 217 479
353 274 448 1 66 220
354 322 863 1 119 635
355 600 1120 1 394 876
356 390 675 1 185 445
357 232 834 1 28 608
358 257 270 1 44 43
359 221 350 1 11 123
360 132 172 1 -79 -49
361 191 779 1 -12 553
362 322 595 1 116 365
363 241 239 1 28 14
364 346 607 1 140 377
365 241 227 1 29 1
366 296 889 1 93 661
367 374 242 1 159 13
368 423 694 1 217 463
369 403 838 1 200 608
370 260 850 1 57 624
371 229 332 1 18 106
372 334 717 1 128 486
373 412 829 1 209 599
374 423 611 1 215 380
375 350 892 1 148 664
376 650 627 1 435 379
377 384 742 1 180 512
378 272 509 1 64 281
379 237 788 1 33 561
380 279 254 1 67 26
381 342 840 1 138 611
382 296 396 1 86 167
383 308 889 1 105 661
384 255 205 1 43 -18
385 494 1145 1 296 917
386 279 292 1 67 65
387 253 316 1 43 89
388 411 955 1 209 726
389 309 809 1 105 580
390 243 296 1 31 69
391 318 175 1 104 -50
392 323 900 1 119 671
393 211 696 1 5 469
394 457 150 1 237 -82
395 360 830 1 157 600
396 346 830 1 141 601
397 357 821 1 153 590
398 374 564 1 166 334
399 325 890 1 123 661
400 365 803 1 161 574
401 316 992 1 115 765
402 337 634 1 132 405
403 226 229 1 14 5
404 377 591 1 171 361
405 568 513 1 354 270
406 298 794 1 95 566
