0 232 549 1 31 317
1 230 598 1 29 365
2 238 505 1 37 273
3 252 910 1 56 679
4 256 822 1 58 591
5 215 562 1 14 330
6 226 687 1 26 455
7 226 661 1 26 429
8 219 506 1 17 275
9 222 746 1 23 515
10 236 495 1 35 264
11 260 672 1 60 439
12 210 604 1 10 372
13 192 1116 1 -1 890
14 234 560 1 32 328
15 213 897 1 15 667
16 265 554 1 63 320
17 198 1146 1 4 919
18 266 504 1 64 271
19 217 540 1 15 308
20 246 1130 1 51 903
21 247 1115 1 52 888
22 251 922 1 55 691
23 262 613 1 62 380
24 31 1030 1 -166 805
25 261 660 1 61 426
26 234 539 1 32 307
27 220 761 1 22 529
28 239 485 1 36 254
29 231 526 1 29 295
30 88 871 1 -110 643
31 375 792 1 175 556
32 254 841 1 57 609
33 65 811 1 -133 582
34 256 809 1 58 577
35 212 584 1 11 352
36 231 620 1 31 387
37 247 1094 1 53 866
38 266 534 1 64 301
39 638 1144 1 435 889
40 222 609 1 22 376
41 246 1144 1 52 917
42 201 1103 1 6 876
43 198 1127 1 2 901
44 134 167 1 -72 -60
45 251 933 1 55 702
46 195 819 1 -3 590
47 64 1016 1 -132 791
48 206 669 1 6 437
49 211 932 1 14 702
50 218 527 1 16 295
51 167 1235 1 -26 1012
52 199 1090 1 4 863
53 224 714 1 24 482
54 263 590 1 63 358
55 165 477 1 -36 246
56 673 1067 1 469 810
57 121 164 1 -85 -63
58 268 481 1 65 249
59 636 1248 1 434 994
60 595 1187 1 396 938
61 694 1112 1 490 852
62 216 843 1 18 611
63 262 644 1 61 412
64 240 766 1 42 534
65 256 799 1 58 567
66 260 687 1 60 454
67 617 1123 1 415 871
68 254 873 1 57 642
69 224 442 1 22 211
70 269 543 1 67 310
71 136 151 1 -70 -75
72 124 153 1 -83 -74
73 123 695 1 -75 466
74 207 646 1 7 414
75 202 714 1 2 483
76 196 791 1 -2 559
77 191 1188 1 -2 963
78 269 564 1 67 331
79 652 1068 1 449 813
80 580 1188 1 380 940
81 623 1053 1 422 799
82 267 602 1 66 369
83 85 860 1 -112 631
84 189 874 1 -7 644
85 186 934 1 -11 704
86 585 1125 1 384 876
87 572 1233 1 374 987
88 684 1098 1 480 840
89 224 735 1 25 503
90 171 1148 1 -23 922
91 644 1101 1 440 844
92 358 650 1 158 415
93 676 1078 1 472 821
94 558 1228 1 360 985
95 666 1100 1 463 843
96 629 1219 1 427 965
97 588 1095 1 388 845
98 646 1045 1 442 792
99 229 651 1 29 419
100 604 1073 1 402 822
101 604 1153 1 403 902
102 244 1187 1 51 962
103 179 377 1 -23 147
104 656 1079 1 453 823
105 119 1181 1 -98 926
106 642 1216 1 439 960
107 691 1053 1 488 797
108 607 1240 1 404 988
109 218 476 1 15 243
110 219 647 1 19 415
111 565 1161 1 366 913
112 387 1237 1 188 997
113 223 455 1 20 223
114 53 1192 1 -159 946
115 650 1199 1 447 943
116 166 1224 1 -28 1001
117 624 1112 1 422 860
118 596 1113 1 396 863
119 677 1044 1 475 789
120 687 1063 1 482 807
121 654 1230 1 452 973
122 357 731 1 159 497
123 611 1226 1 411 973
124 327 599 1 126 365
125 216 686 1 16 455
126 207 623 1 7 391
127 695 1166 1 490 906
128 630 1065 1 429 812
129 657 1057 1 453 800
130 615 1205 1 413 950
131 74 1088 1 -140 834
132 662 1090 1 458 833
133 449 279 1 241 43
134 204 689 1 5 457
135 258 760 1 59 527
136 657 1038 1 454 783
137 695 1092 1 493 837
138 655 1121 1 455 869
139 248 1104 1 53 876
140 576 1174 1 375 927
141 166 1180 1 -26 957
142 675 1126 1 472 867
143 287 1019 1 92 789
144 244 1236 1 51 1010
145 664 1174 1 461 917
146 685 1182 1 480 923
147 446 737 1 246 500
148 650 1248 1 448 992
149 263 698 1 64 465
150 201 733 1 2 502
151 578 1217 1 379 970
152 631 1164 1 430 910
153 388 792 1 189 555
154 227 410 1 23 178
155 563 1146 1 362 897
156 654 1211 1 451 955
157 671 1250 1 468 992
158 576 1134 1 376 886
159 63 1028 1 -133 803
160 110 752 1 -88 524
161 206 843 1 8 611
162 600 1098 1 398 845
163 111 1037 1 -104 786
164 244 737 1 45 504
165 349 994 1 155 762
166 482 1144 1 290 911
167 663 1143 1 460 886
168 621 1065 1 418 811
169 225 426 1 22 195
170 636 1235 1 435 982
171 685 1088 1 480 830
172 366 539 1 165 307
173 395 638 1 192 398
174 214 733 1 14 500
175 650 1155 1 447 898
176 554 1218 1 357 974
177 679 1207 1 476 949
178 216 675 1 16 443
179 572 1124 1 373 875
180 619 1217 1 418 963
181 684 1156 1 480 896
182 637 1154 1 435 900
183 636 1185 1 434 929
184 57 1044 1 -139 820
185 183 1235 1 -10 1012
186 240 437 1 37 205
187 606 1087 1 404 834
188 586 1144 1 385 894
189 666 1184 1 464 927
190 110 161 1 -95 -65
191 603 1250 1 403 1000
192 190 372 1 -12 141
193 326 916 1 129 683
194 669 1115 1 466 856
195 628 1154 1 427 900
196 665 1230 1 463 973
197 252 949 1 56 719
198 639 1086 1 435 829
199 168 1193 1 -26 969
200 600 1062 1 398 812
201 68 1040 1 -128 815
202 683 1113 1 479 854
203 507 810 1 308 572
204 688 1043 1 485 787
205 246 727 1 46 495
206 455 520 1 311 378
207 389 441 1 185 206
208 392 996 1 199 763
209 329 723 1 129 487
210 137 178 1 -69 -49
211 540 1212 1 342 967
212 676 1030 1 474 776
213 336 596 1 135 362
214 30 1040 1 -167 815
215 625 1179 1 422 924
216 653 1102 1 451 845
217 453 887 1 257 651
218 694 1155 1 490 895
219 441 446 1 329 359
220 260 789 1 62 556
221 553 1251 1 356 1009
222 421 628 1 220 392
223 666 1080 1 462 823
224 612 1052 1 410 800
225 620 1021 1 421 775
226 681 1137 1 477 879
227 586 1154 1 386 905
228 684 1172 1 480 912
229 329 862 1 132 629
230 688 1024 1 487 772
231 560 1241 1 363 998
232 216 661 1 16 428
233 420 592 1 218 357
234 470 644 1 267 404
235 246 1167 1 53 941
236 173 467 1 -29 235
237 625 1201 1 424 947
238 643 1227 1 440 971
239 616 1240 1 415 988
240 338 1238 1 139 1000
241 345 655 1 145 421
242 373 809 1 176 575
243 607 1124 1 405 873
244 591 1075 1 389 824
245 485 784 1 284 543
246 616 1144 1 414 891
247 217 1235 1 23 1012
248 59 1169 1 -158 919
249 399 611 1 198 375
250 651 1132 1 447 875
251 201 932 1 4 701
252 576 1144 1 376 895
253 672 1162 1 468 904
254 326 848 1 128 613
255 239 304 1 31 68
256 322 618 1 122 383
257 222 793 1 23 561
258 300 939 1 103 707
259 614 1163 1 413 912
260 447 638 1 244 398
261 665 1194 1 462 938
262 628 1093 1 428 841
263 50 1147 1 -167 895
264 367 483 1 164 250
265 588 1170 1 387 920
266 555 103 1 336 -140
267 633 1113 1 431 858
268 302 848 1 104 615
269 553 522 1 345 275
270 367 558 1 166 323
271 254 777 1 55 545
272 264 441 1 62 209
273 215 1100 1 20 873
274 453 877 1 257 641
275 568 1086 1 365 835
276 347 594 1 146 360
277 662 1069 1 458 812
278 274 176 1 66 -53
279 31 1051 1 -165 826
280 212 720 1 13 488
281 301 950 1 105 718
282 201 36 1 -6 -187
283 234 737 1 35 505
284 236 266 1 29 36
285 273 469 1 70 236
286 215 273 1 10 42
287 409 563 1 207 327
288 108 781 1 -89 552
289 406 856 1 210 622
290 411 522 1 228 318
291 238 453 1 35 221
292 263 633 1 62 400
293 324 772 1 126 539
294 345 955 1 149 723
295 252 284 1 45 51
296 191 858 1 -6 628
297 184 42 1 -23 -182
298 324 881 1 127 647
299 304 780 1 105 546
300 246 422 1 42 190
301 244 371 1 40 139
302 409 596 1 208 361
303 187 1144 1 -6 918
304 373 1242 1 172 1001
305 314 885 1 116 652
306 641 1073 1 438 818
307 333 900 1 137 667
308 340 732 1 141 498
309 467 634 1 265 393
310 54 1067 1 -141 843
311 229 191 1 22 -37
312 111 763 1 -87 534
313 422 689 1 223 453
314 241 34 1 31 -190
315 355 596 1 154 362
316 635 550 1 424 296
317 319 588 1 118 355
318 443 904 1 247 668
319 272 269 1 66 38
320 230 214 1 23 -13
321 208 294 1 2 63
322 208 634 1 8 402
323 294 185 1 87 -43
324 519 57 1 300 -184
325 203 48 1 -5 -176
326 441 518 1 283 355
327 641 1062 1 439 808
328 278 286 1 72 54
329 668 1211 1 465 954
330 318 572 1 116 338
331 229 253 1 23 21
332 384 706 1 185 471
333 330 733 1 131 500
334 271 203 1 63 -27
335 429 1040 1 235 806
336 263 1015 1 68 786
337 314 737 1 115 503
338 276 1017 1 81 787
339 262 952 1 66 721
340 205 190 1 0 -36
341 430 702 1 230 466
342 255 1221 1 62 995
343 304 221 1 96 -10
344 264 774 1 66 541
345 459 633 1 255 392
346 323 705 1 124 472
347 259 371 1 55 139
348 625 1074 1 422 821
349 675 1228 1 472 969
350 288 764 1 89 530
351 279 453 1 76 221
352 220 517 1 18 285
353 314 229 1 107 -1
354 235 372 1 30 140
355 43 1078 1 -154 854
356 260 175 1 52 -53
357 417 709 1 218 473
358 227 326 1 22 94
359 386 986 1 191 753
360 340 924 1 143 691
361 292 975 1 95 743
362 222 310 1 17 80
363 341 876 1 144 641
364 677 1237 1 474 979
365 266 971 1 70 740
366 346 680 1 146 445
367 333 681 1 133 446
368 339 863 1 141 630
369 292 297 1 86 66
370 404 873 1 208 639
371 236 726 1 36 494
372 232 1227 1 38 1003
373 275 724 1 76 491
374 210 314 1 5 84
375 241 885 1 44 654
376 343 934 1 147 701
377 331 500 1 128 266
378 305 966 1 109 734
379 223 398 1 19 167
380 390 864 1 193 630
381 272 219 1 65 -10
382 262 285 1 56 54
383 249 331 1 45 99
384 371 821 1 174 587
385 260 983 1 64 752
386 232 205 1 25 -24
387 688 999 1 485 745
388 295 316 1 87 79
389 269 452 1 67 220
390 317 870 1 119 637
391 600 1143 1 399 892
392 385 680 1 186 445
393 227 841 1 29 609
394 252 274 1 45 42
395 216 355 1 11 123
396 127 176 1 -79 -50
397 186 785 1 -11 554
398 317 600 1 116 366
399 235 242 1 28 13
400 341 612 1 140 377
401 236 231 1 29 0
402 291 897 1 93 663
403 368 247 1 160 12
404 418 699 1 218 464
405 398 844 1 201 610
406 254 857 1 57 625
407 224 337 1 18 105
408 417 867 1 220 631
409 407 836 1 210 601
410 418 616 1 216 380
411 345 899 1 149 666
412 650 638 1 440 384
413 379 748 1 181 513
414 267 514 1 65 281
415 231 793 1 33 562
416 274 257 1 67 25
417 337 847 1 139 613
418 291 400 1 87 167
419 302 896 1 105 663
420 250 209 1 44 -19
421 490 1154 1 298 922
422 274 296 1 68 64
423 247 320 1 43 89
424 406 962 1 210 728
425 304 815 1 106 582
426 657 1183 1 455 927
427 313 179 1 105 -51
428 317 907 1 120 673
429 205 702 1 5 470
430 452 154 1 239 -84
431 355 836 1 157 601
432 341 837 1 142 602
433 352 827 1 154 592
434 369 569 1 167 335
435 320 897 1 123 663
436 360 809 1 162 575
437 311 999 1 115 768
438 332 640 1 132 406
439 221 233 1 15 4
440 372 596 1 171 361
441 565 520 1 357 272
442 293 801 1 95 567
