0 270 551 1 32 317
1 271 541 1 33 307
2 275 506 1 37 273
3 290 914 1 57 682
4 294 825 1 59 593
5 272 561 1 33 328
6 264 689 1 27 456
7 263 662 1 27 430
8 255 507 1 18 275
9 252 563 1 14 330
10 260 748 1 24 516
11 267 599 1 30 366
12 298 674 1 61 440
13 230 1122 1 -1 895
14 275 487 1 36 253
15 251 901 1 16 670
16 301 554 1 64 321
17 260 611 1 22 377
18 236 1133 1 3 906
19 301 592 1 64 359
20 285 1136 1 52 908
21 285 1121 1 53 893
22 289 925 1 56 694
23 300 614 1 63 380
24 69 1034 1 -166 809
25 298 661 1 62 427
26 304 504 1 65 271
27 248 606 1 10 373
28 268 527 1 29 295
29 125 874 1 -109 645
30 412 797 1 176 560
31 292 844 1 58 612
32 102 814 1 -134 584
33 294 812 1 59 579
34 250 586 1 12 353
35 237 1151 1 5 925
36 268 621 1 31 388
37 286 1099 1 54 871
38 303 534 1 65 301
39 284 1149 1 53 922
40 239 1108 1 7 881
41 206 1241 1 -26 1018
42 167 168 1 -72 -62
43 260 763 1 22 531
44 261 443 1 22 210
45 290 936 1 56 705
46 232 822 1 -2 592
47 102 1020 1 -132 795
48 243 671 1 7 438
49 249 936 1 15 705
50 255 528 1 16 296
51 238 1095 1 5 868
52 261 716 1 25 484
53 201 478 1 -35 246
54 231 1194 1 -1 969
55 154 164 1 -85 -65
56 691 1188 1 450 928
57 304 482 1 66 249
58 254 845 1 19 613
59 629 1228 1 391 974
60 299 646 1 62 413
61 278 768 1 43 536
62 294 801 1 59 569
63 297 689 1 61 455
64 667 1160 1 427 904
65 292 877 1 58 645
66 305 544 1 68 310
67 169 152 1 -71 -77
68 157 154 1 -83 -76
69 161 697 1 -75 466
70 245 648 1 7 415
71 239 716 1 3 484
72 233 793 1 -1 562
73 305 565 1 68 331
74 645 1226 1 407 972
75 255 476 1 16 243
76 286 1109 1 54 881
77 204 1230 1 -27 1007
78 304 603 1 67 369
79 633 1161 1 395 906
80 122 863 1 -112 634
81 227 878 1 -7 647
82 224 938 1 -10 708
83 260 736 1 25 504
84 209 1152 1 -23 927
85 396 654 1 159 417
86 695 1141 1 455 880
87 613 1197 1 375 944
88 266 653 1 30 420
89 653 1191 1 415 936
90 396 734 1 160 499
91 283 1193 1 52 968
92 511 637 1 268 396
93 215 377 1 -22 146
94 609 1180 1 372 927
95 685 1207 1 444 949
96 424 650 1 186 411
97 256 649 1 20 416
98 654 1107 1 413 851
99 259 455 1 21 223
100 633 1190 1 396 937
101 674 1149 1 435 892
102 178 139 1 -63 -89
103 486 277 1 243 42
104 283 1243 1 52 1018
105 253 689 1 17 456
106 286 1173 1 54 946
107 645 1148 1 406 893
108 364 600 1 128 365
109 244 624 1 8 392
110 271 739 1 36 506
111 623 1167 1 385 915
112 678 1085 1 434 828
113 691 1237 1 449 974
114 666 1254 1 427 994
115 625 1255 1 389 1004
116 242 691 1 5 458
117 296 762 1 60 529
118 253 662 1 17 430
119 206 1190 1 -26 966
120 677 1182 1 439 930
121 326 1026 1 93 795
122 602 1252 1 366 1003
123 485 740 1 249 503
124 664 1181 1 426 925
125 300 700 1 65 467
126 239 735 1 2 503
127 263 410 1 24 178
128 54 1100 1 -181 876
129 692 1126 1 450 864
130 101 1032 1 -133 806
131 148 754 1 -87 524
132 681 1099 1 441 842
133 244 845 1 9 614
134 689 1198 1 449 938
135 281 739 1 46 506
136 389 999 1 156 766
137 222 1242 1 -10 1019
138 523 1153 1 293 919
139 403 538 1 166 306
140 651 1136 1 410 878
141 671 1098 1 430 842
142 261 426 1 22 194
143 559 779 1 323 538
144 472 670 1 233 431
145 434 643 1 194 402
146 251 735 1 15 502
147 254 677 1 17 444
148 209 1172 1 -23 947
149 110 1210 1 -125 988
150 619 1156 1 382 904
151 95 1048 1 -139 823
152 649 1239 1 412 984
153 432 732 1 196 497
154 276 437 1 37 204
155 106 1135 1 -140 883
156 656 1120 1 416 865
157 634 1180 1 396 926
158 143 161 1 -96 -67
159 654 1252 1 414 993
160 58 1110 1 -177 887
161 226 372 1 -12 140
162 365 921 1 131 687
163 360 618 1 123 384
164 367 868 1 133 633
165 291 953 1 57 722
166 649 1094 1 409 840
167 106 1044 1 -128 819
168 357 590 1 119 356
169 694 1097 1 452 839
170 283 729 1 47 496
171 425 440 1 186 206
172 367 726 1 130 490
173 170 178 1 -69 -51
174 585 1243 1 350 996
175 208 1200 1 -24 975
176 373 597 1 137 362
177 68 1045 1 -167 819
178 269 372 1 31 139
179 258 337 1 19 105
180 493 891 1 260 655
181 326 766 1 91 532
182 298 791 1 63 558
183 459 628 1 222 393
184 636 1210 1 398 955
185 666 1040 1 429 793
186 457 593 1 220 358
187 509 647 1 270 407
188 363 1153 1 132 924
189 209 468 1 -28 235
190 678 1248 1 438 989
191 650 1181 1 411 925
192 366 1207 1 135 979
193 457 701 1 220 465
194 327 401 1 88 167
195 383 656 1 147 422
196 413 812 1 178 577
197 682 1128 1 440 872
198 493 881 1 259 645
199 656 1161 1 417 906
200 227 1149 1 -6 924
201 524 791 1 287 549
202 254 1241 1 24 1018
203 437 611 1 200 376
204 606 451 1 361 203
205 238 935 1 5 705
206 623 1180 1 386 927
207 364 852 1 129 617
208 621 1215 1 385 960
209 663 1192 1 426 937
210 260 795 1 24 563
211 338 945 1 104 712
212 484 642 1 246 401
213 674 1207 1 435 949
214 337 183 1 96 -46
215 473 732 1 236 495
216 301 1103 1 69 875
217 403 483 1 165 249
218 593 95 1 341 -145
219 340 852 1 105 618
220 594 525 1 350 279
221 405 558 1 167 324
222 292 780 1 56 547
223 300 441 1 62 208
224 254 1105 1 21 878
225 384 595 1 148 361
226 333 556 1 94 321
227 308 174 1 66 -55
228 239 582 1 2 348
229 69 1055 1 -166 830
230 676 1160 1 437 904
231 250 722 1 13 489
232 66 1205 1 -184 947
233 339 956 1 106 723
234 447 897 1 214 662
235 234 35 1 -6 -189
236 328 942 1 94 708
237 270 266 1 30 35
238 309 469 1 71 236
239 250 272 1 10 40
240 447 563 1 209 328
241 336 890 1 101 656
242 146 782 1 -89 553
243 643 1158 1 405 904
244 549 828 1 313 589
245 445 859 1 211 625
246 274 453 1 36 221
247 300 634 1 63 400
248 363 774 1 127 541
249 384 959 1 150 727
250 287 283 1 46 50
251 391 771 1 155 536
252 229 861 1 -6 631
253 217 41 1 -23 -184
254 309 377 1 68 144
255 451 922 1 218 687
256 363 885 1 128 651
257 341 782 1 106 548
258 281 422 1 43 189
259 279 371 1 40 139
260 447 597 1 210 361
261 264 288 1 24 55
262 635 1200 1 397 946
263 478 66 1 232 -165
264 352 890 1 117 656
265 410 923 1 176 689
266 372 903 1 138 670
267 535 416 1 295 180
268 378 733 1 142 499
269 93 1073 1 -142 847
270 263 190 1 22 -39
271 149 764 1 -86 535
272 461 690 1 225 454
273 273 33 1 32 -192
274 392 597 1 156 363
275 299 338 1 59 105
276 681 557 1 433 304
277 483 908 1 249 672
278 307 268 1 67 37
279 338 266 1 97 32
280 264 214 1 24 -15
281 242 294 1 2 62
282 245 636 1 8 403
283 328 184 1 88 -44
284 557 48 1 305 -190
285 338 831 1 103 596
286 236 47 1 -4 -179
287 533 755 1 296 515
288 313 285 1 73 53
289 355 572 1 118 339
290 263 252 1 23 20
291 423 707 1 187 472
292 368 735 1 132 502
293 305 202 1 64 -28
294 469 1045 1 238 812
295 301 1021 1 69 790
296 352 739 1 116 505
297 314 1023 1 82 792
298 300 957 1 67 725
299 239 190 1 0 -38
300 468 704 1 232 467
301 390 851 1 155 616
302 294 1229 1 63 1003
303 339 220 1 97 -12
304 180 150 1 -60 -78
305 501 635 1 263 396
306 361 706 1 125 473
307 294 371 1 55 139
308 674 1109 1 435 852
309 240 65 1 0 -160
310 414 680 1 178 445
311 316 453 1 77 220
312 256 518 1 18 285
313 349 227 1 108 -2
314 232 302 1 -7 70
315 81 1082 1 -154 858
316 294 174 1 53 -55
317 456 711 1 220 475
318 262 327 1 22 94
319 424 990 1 193 757
320 377 928 1 145 695
321 330 981 1 96 748
322 257 310 1 17 79
323 379 880 1 145 645
324 304 975 1 71 744
325 663 1204 1 425 948
326 383 680 1 148 446
327 371 682 1 134 448
328 377 868 1 142 633
329 326 297 1 87 65
330 444 876 1 210 642
331 273 728 1 37 495
332 363 1070 1 131 840
333 313 726 1 77 493
334 245 315 1 5 83
335 278 888 1 44 657
336 382 939 1 148 705
337 367 500 1 129 266
338 259 398 1 20 166
339 454 721 1 217 483
340 429 868 1 195 633
341 306 218 1 65 -11
342 297 285 1 57 53
343 284 331 1 45 99
344 410 824 1 176 590
345 298 988 1 65 756
346 266 204 1 25 -25
347 695 649 1 450 394
348 289 187 1 48 -42
349 329 315 1 87 79
350 305 452 1 68 220
351 355 875 1 121 640
352 317 980 1 83 748
353 286 219 1 44 -12
354 424 681 1 187 446
355 265 844 1 29 612
356 286 273 1 45 41
357 250 355 1 11 122
358 442 586 1 205 352
359 160 177 1 -80 -52
360 223 788 1 -11 556
361 354 601 1 117 366
362 236 24 1 -5 -201
363 496 944 1 263 708
364 269 242 1 28 11
365 378 612 1 142 378
366 319 782 1 84 548
367 270 230 1 29 0
368 329 901 1 94 667
369 403 245 1 161 11
370 437 847 1 203 613
371 293 860 1 58 628
372 478 858 1 243 622
373 456 871 1 222 635
374 446 839 1 212 604
375 456 616 1 218 381
376 384 902 1 150 669
377 273 186 1 31 -43
378 280 235 1 40 3
379 352 840 1 118 605
380 418 750 1 182 515
381 303 514 1 66 281
382 269 796 1 34 564
383 309 257 1 68 24
384 376 851 1 140 616
385 66 1099 1 -169 876
386 340 901 1 106 667
387 285 209 1 44 -21
388 531 1165 1 301 930
389 308 296 1 68 63
390 282 320 1 43 88
391 445 967 1 213 733
392 343 820 1 107 585
393 658 1097 1 420 843
394 338 705 1 101 470
395 347 177 1 106 -53
396 355 911 1 121 678
397 242 704 1 6 471
398 488 149 1 241 -86
399 393 839 1 159 604
400 379 841 1 143 606
401 390 831 1 155 596
402 406 570 1 169 335
403 359 901 1 125 667
404 399 812 1 163 578
405 350 1004 1 117 773
406 370 641 1 134 406
407 255 233 1 15 3
408 410 597 1 173 362
409 607 524 1 363 277
410 331 803 1 97 569
