0 284 568 1 32 318
1 286 579 1 34 328
2 282 616 1 30 366
3 306 932 1 57 684
4 309 843 1 59 594
5 251 1153 1 3 908
6 279 707 1 27 457
7 279 680 1 27 431
8 270 525 1 18 275
9 289 505 1 37 253
10 275 767 1 24 517
11 290 523 1 38 273
12 313 692 1 62 441
13 285 558 1 33 307
14 246 1142 1 0 897
15 266 920 1 16 671
16 317 572 1 64 321
17 262 623 1 10 373
18 117 832 1 -134 585
19 300 1156 1 53 910
20 301 1141 1 54 895
21 305 944 1 57 695
22 315 631 1 63 381
23 83 1053 1 -167 810
24 314 679 1 62 428
25 319 521 1 66 271
26 275 628 1 23 377
27 283 545 1 30 295
28 140 893 1 -109 646
29 428 816 1 177 562
30 308 862 1 59 612
31 316 610 1 64 359
32 309 830 1 59 580
33 265 603 1 12 353
34 252 1171 1 5 927
35 283 639 1 32 388
36 301 1119 1 54 872
37 318 552 1 66 301
38 300 1170 1 53 925
39 254 1129 1 7 883
40 275 461 1 23 210
41 181 186 1 -72 -62
42 275 781 1 23 531
43 305 955 1 56 706
44 690 1195 1 432 917
45 248 841 1 -2 593
46 117 1039 1 -132 796
47 258 689 1 7 438
48 264 955 1 15 707
49 270 546 1 17 296
50 253 1115 1 5 870
51 277 735 1 25 484
52 216 496 1 -35 246
53 249 811 1 -1 562
54 294 787 1 43 537
55 168 183 1 -86 -65
56 319 499 1 66 249
57 269 864 1 19 614
58 315 663 1 63 413
59 309 820 1 59 570
60 313 707 1 61 455
61 307 895 1 58 646
62 321 561 1 68 310
63 184 170 1 -71 -77
64 171 172 1 -83 -76
65 176 714 1 -75 466
66 260 666 1 8 415
67 255 734 1 3 485
68 321 582 1 69 331
69 690 1113 1 433 839
70 269 493 1 16 243
71 302 1129 1 55 883
72 319 620 1 67 370
73 138 881 1 -112 635
74 412 670 1 160 417
75 243 896 1 -6 648
76 239 957 1 -10 709
77 655 1193 1 399 919
78 224 1173 1 -23 930
79 277 755 1 26 505
80 630 1211 1 375 939
81 676 1139 1 418 863
82 281 671 1 30 420
83 656 1223 1 400 949
84 677 1226 1 419 950
85 411 752 1 161 499
86 634 1230 1 379 957
87 299 1214 1 52 970
88 229 394 1 -22 146
89 158 181 1 -96 -68
90 667 1181 1 411 905
91 313 803 1 64 552
92 663 1165 1 408 893
93 440 668 1 186 412
94 272 667 1 20 416
95 141 1172 1 -108 929
96 274 473 1 21 223
97 658 1142 1 402 867
98 193 157 1 -63 -90
99 269 707 1 17 456
100 301 1193 1 54 948
101 502 760 1 250 504
102 379 617 1 128 366
103 259 642 1 8 392
104 287 757 1 37 507
105 644 1199 1 389 926
106 659 1203 1 403 929
107 342 1045 1 94 797
108 257 709 1 5 459
109 311 780 1 60 529
110 269 681 1 17 430
111 645 1246 1 389 973
112 221 1211 1 -26 968
113 668 1152 1 412 879
114 460 688 1 206 432
115 316 718 1 65 467
116 254 754 1 3 504
117 278 427 1 24 177
118 69 1119 1 -181 878
119 116 1051 1 -133 808
120 164 771 1 -87 524
121 125 1232 1 -125 990
122 259 864 1 9 615
123 316 459 1 63 208
124 407 556 1 154 304
125 678 1183 1 421 908
126 405 1019 1 157 768
127 540 1176 1 294 922
128 418 555 1 167 306
129 646 1213 1 390 939
130 510 905 1 259 651
131 300 801 1 49 552
132 276 443 1 23 194
133 290 454 1 38 204
134 576 798 1 324 540
135 487 689 1 234 432
136 451 662 1 195 404
137 267 753 1 15 502
138 688 1216 1 431 938
139 269 695 1 17 445
140 224 1193 1 -22 950
141 395 897 1 146 646
142 641 1189 1 386 916
143 110 1068 1 -139 825
144 448 751 1 197 497
145 678 1153 1 421 877
146 665 1191 1 409 916
147 73 1129 1 -177 889
148 240 390 1 -12 140
149 381 941 1 131 689
150 375 635 1 124 384
151 382 886 1 133 634
152 306 972 1 57 724
153 671 1124 1 413 851
154 121 1063 1 -128 820
155 290 471 1 36 221
156 283 390 1 30 139
157 278 232 1 24 -15
158 372 607 1 120 356
159 299 747 1 47 497
160 440 457 1 187 206
161 383 745 1 131 491
162 185 196 1 -69 -52
163 222 1220 1 -24 977
164 389 614 1 137 363
165 82 1064 1 -167 821
166 272 354 1 19 104
167 656 1213 1 400 939
168 678 1196 1 421 919
169 659 1244 1 402 969
170 341 784 1 91 533
171 475 646 1 223 393
172 687 1066 1 432 799
173 342 846 1 91 594
174 473 610 1 220 358
175 525 665 1 271 408
176 323 696 1 71 444
177 379 1174 1 132 926
178 224 485 1 -28 235
179 692 1165 1 434 888
180 672 1215 1 415 938
181 389 907 1 140 655
182 382 1228 1 135 982
183 341 418 1 88 167
184 398 674 1 147 422
185 429 830 1 178 578
186 502 915 1 252 661
187 572 63 1 307 -192
188 357 592 1 104 339
189 471 950 1 222 698
190 241 1170 1 -5 926
191 407 779 1 157 528
192 610 491 1 350 228
193 453 629 1 201 376
194 623 469 1 363 205
195 253 954 1 5 706
196 471 718 1 221 466
197 91 1091 1 -158 849
198 380 871 1 130 619
199 686 1227 1 430 950
200 512 915 1 263 661
201 674 1114 1 417 838
202 275 813 1 24 564
203 354 964 1 105 713
204 247 31 1 -7 -214
205 613 571 1 354 307
206 501 661 1 247 403
207 564 837 1 315 586
208 352 200 1 96 -47
209 489 750 1 237 496
210 660 1132 1 404 857
211 316 1122 1 69 876
212 419 500 1 166 249
213 610 110 1 344 -147
214 141 1182 1 -108 939
215 356 871 1 105 620
216 612 543 1 352 280
217 420 575 1 168 324
218 513 42 1 251 -208
219 418 955 1 168 703
220 270 1125 1 21 880
221 399 612 1 148 361
222 648 882 1 393 616
223 347 573 1 94 321
224 322 192 1 66 -56
225 254 599 1 2 348
226 84 1074 1 -166 832
227 406 992 1 158 742
228 265 740 1 14 490
229 355 976 1 106 725
230 463 916 1 215 664
231 248 54 1 -5 -190
232 344 962 1 95 710
233 285 283 1 30 34
234 324 486 1 72 236
235 265 290 1 10 40
236 463 580 1 210 328
237 351 910 1 101 658
238 161 800 1 -88 553
239 550 442 1 292 182
240 566 847 1 315 591
241 461 878 1 212 626
242 444 901 1 195 648
243 315 652 1 64 401
244 378 793 1 127 542
245 399 978 1 151 728
246 301 301 1 46 50
247 407 789 1 156 537
248 244 880 1 -5 632
249 231 59 1 -23 -185
250 323 394 1 68 143
251 467 941 1 219 688
252 378 904 1 129 652
253 357 800 1 107 549
254 296 439 1 43 189
255 294 388 1 40 138
256 463 614 1 211 362
257 416 884 1 167 632
258 278 305 1 24 55
259 493 83 1 233 -166
260 381 826 1 131 575
261 368 909 1 118 657
262 618 319 1 354 56
263 426 943 1 177 691
264 388 922 1 139 671
265 551 433 1 296 180
266 393 751 1 143 500
267 107 1091 1 -142 849
268 447 775 1 197 522
269 277 208 1 22 -40
270 164 782 1 -86 535
271 477 707 1 225 455
272 287 51 1 32 -193
273 408 614 1 156 363
274 313 355 1 59 105
275 387 965 1 139 715
276 500 928 1 250 674
277 322 286 1 67 36
278 352 283 1 97 32
279 428 554 1 175 303
280 257 311 1 2 61
281 260 654 1 9 403
282 343 202 1 89 -45
283 354 849 1 103 598
284 250 65 1 -4 -179
285 549 774 1 298 516
286 328 302 1 73 52
287 371 590 1 118 339
288 326 323 1 71 72
289 278 270 1 23 20
290 439 725 1 188 473
291 384 753 1 133 502
292 319 220 1 64 -29
293 486 1066 1 239 814
294 317 1040 1 69 792
295 368 757 1 117 505
296 330 1042 1 82 794
297 316 976 1 67 727
298 253 208 1 0 -38
299 484 721 1 233 468
300 405 870 1 155 617
301 286 64 1 30 -182
302 353 237 1 97 -12
303 194 168 1 -60 -79
304 517 654 1 264 397
305 377 724 1 126 474
306 309 388 1 55 138
307 255 84 1 0 -161
308 430 697 1 179 445
309 331 471 1 78 220
310 271 536 1 19 285
311 363 245 1 109 -3
312 246 320 1 -7 70
313 95 1102 1 -154 860
314 328 754 1 76 503
315 308 191 1 53 -56
316 472 728 1 221 476
317 276 344 1 22 93
318 600 356 1 339 94
319 441 1010 1 193 759
320 393 948 1 145 696
321 346 1000 1 97 750
322 271 328 1 17 78
323 320 994 1 71 746
324 687 1239 1 430 962
325 399 698 1 148 447
326 386 700 1 135 448
327 393 887 1 143 635
328 341 314 1 87 65
329 459 895 1 211 643
330 288 746 1 37 496
331 379 1090 1 132 842
332 328 745 1 77 493
333 259 332 1 5 83
334 397 958 1 149 707
335 383 518 1 129 267
336 273 415 1 20 166
337 470 739 1 217 485
338 444 887 1 195 634
339 321 236 1 66 -12
340 311 303 1 57 52
341 299 349 1 45 98
342 426 843 1 176 591
343 314 1007 1 65 758
344 280 222 1 26 -26
345 303 205 1 48 -43
346 344 333 1 87 79
347 320 470 1 68 220
348 371 894 1 121 642
349 332 999 1 83 749
350 300 236 1 45 -12
351 440 699 1 188 447
352 280 862 1 30 613
353 301 291 1 45 40
354 265 373 1 11 122
355 458 604 1 206 352
356 174 195 1 -80 -53
357 238 806 1 -11 557
358 370 619 1 118 366
359 249 42 1 -5 -202
360 512 964 1 264 710
361 283 260 1 29 11
362 394 630 1 142 378
363 335 800 1 84 549
364 285 248 1 30 -1
365 345 921 1 95 669
366 418 262 1 161 11
367 453 866 1 203 614
368 308 879 1 58 629
369 494 876 1 244 623
370 472 890 1 223 637
371 462 857 1 213 605
372 472 634 1 219 382
373 399 921 1 151 670
374 287 203 1 31 -44
375 294 252 1 40 3
376 367 859 1 118 607
377 433 768 1 183 516
378 319 532 1 66 281
379 285 814 1 34 564
380 323 274 1 68 24
381 391 870 1 141 618
382 80 1119 1 -170 878
383 356 920 1 107 669
384 299 226 1 44 -21
385 548 1187 1 302 933
386 323 313 1 68 63
387 297 338 1 43 88
388 462 986 1 213 735
389 358 838 1 107 586
390 680 1128 1 424 853
391 353 723 1 102 471
392 362 195 1 106 -54
393 371 931 1 122 679
394 258 722 1 6 472
395 502 165 1 242 -88
396 409 858 1 159 606
397 394 860 1 144 607
398 407 850 1 156 597
399 422 587 1 169 335
400 375 921 1 125 669
401 415 831 1 164 579
402 366 1024 1 117 774
403 385 658 1 134 407
404 285 38 1 30 -206
405 287 371 1 34 121
406 269 250 1 15 2
407 426 614 1 173 362
408 625 543 1 365 279
409 347 822 1 97 570
