0 246 568 1 33 308
1 248 589 1 34 328
2 245 626 1 30 366
3 275 944 1 58 685
4 276 854 1 59 595
5 246 578 1 33 318
6 243 718 1 28 457
7 242 691 1 28 431
8 231 535 1 18 275
9 249 515 1 37 253
10 251 533 1 38 273
11 277 702 1 62 441
12 219 1157 1 0 900
13 225 1167 1 3 911
14 235 932 1 17 673
15 278 582 1 65 321
16 240 777 1 24 518
17 224 633 1 11 374
18 82 847 1 -134 586
19 274 1170 1 53 913
20 275 1155 1 54 897
21 274 956 1 57 697
22 278 641 1 64 381
23 53 1072 1 -167 813
24 277 689 1 63 428
25 277 842 1 60 581
26 279 530 1 66 271
27 275 874 1 59 614
28 108 908 1 -109 647
29 237 638 1 23 378
30 395 826 1 178 564
31 279 620 1 65 359
32 226 614 1 12 353
33 225 1186 1 5 930
34 246 649 1 32 389
35 240 793 1 23 532
36 279 561 1 66 301
37 33 1210 1 -189 955
38 274 1184 1 53 927
39 228 1143 1 7 885
40 235 471 1 23 210
41 136 196 1 -73 -63
42 244 554 1 30 295
43 275 967 1 57 708
44 672 1216 1 439 935
45 215 853 1 -1 594
46 87 1056 1 -133 798
47 222 700 1 7 439
48 234 968 1 15 708
49 231 556 1 17 296
50 226 1130 1 6 872
51 241 746 1 26 485
52 176 507 1 -35 246
53 215 824 1 -1 563
54 260 799 1 43 538
55 123 193 1 -86 -66
56 223 677 1 8 416
57 280 508 1 66 249
58 236 876 1 19 616
59 278 674 1 63 414
60 276 831 1 60 571
61 277 717 1 62 456
62 418 685 1 201 420
63 276 907 1 59 648
64 282 571 1 69 311
65 137 180 1 -71 -78
66 125 182 1 -84 -77
67 140 726 1 -74 467
68 615 1252 1 384 973
69 219 746 1 3 485
70 282 592 1 69 332
71 229 504 1 17 243
72 276 790 1 60 529
73 670 1132 1 439 854
74 660 1249 1 426 968
75 275 1142 1 55 886
76 281 630 1 68 370
77 104 896 1 -112 636
78 376 680 1 161 418
79 211 909 1 -6 649
80 208 971 1 -10 711
81 637 1214 1 404 935
82 680 1135 1 447 855
83 198 1189 1 -23 932
84 242 766 1 26 506
85 80 1119 1 -141 861
86 649 1201 1 416 922
87 681 1205 1 447 924
88 377 1029 1 158 770
89 651 1146 1 418 866
90 223 653 1 8 392
91 656 1158 1 424 878
92 245 682 1 30 421
93 377 760 1 162 500
94 274 1228 1 53 973
95 187 405 1 -22 145
96 111 191 1 -96 -69
97 279 814 1 64 553
98 612 1232 1 380 956
99 404 678 1 187 414
100 638 1244 1 406 966
101 663 1079 1 437 809
102 314 1059 1 94 799
103 114 1190 1 -109 932
104 233 483 1 21 223
105 234 679 1 20 417
106 146 166 1 -63 -91
107 233 718 1 17 457
108 639 1161 1 407 882
109 276 1207 1 55 951
110 645 1185 1 414 908
111 468 767 1 251 506
112 342 626 1 129 366
113 252 768 1 37 508
114 670 1247 1 437 968
115 625 1219 1 394 942
116 642 1224 1 408 946
117 221 720 1 6 459
118 415 671 1 199 408
119 232 692 1 17 431
120 195 1227 1 -25 971
121 546 806 1 326 543
122 649 1173 1 418 894
123 424 697 1 207 434
124 198 399 1 -12 139
125 280 729 1 65 468
126 219 766 1 3 505
127 621 1183 1 387 900
128 236 437 1 25 177
129 40 1139 1 -181 880
130 86 1068 1 -134 810
131 129 784 1 -87 525
132 226 876 1 10 616
133 276 468 1 63 208
134 369 563 1 155 304
135 660 1204 1 427 925
136 516 1185 1 296 927
137 380 562 1 167 305
138 628 1235 1 395 956
139 479 913 1 261 653
140 266 812 1 50 553
141 235 453 1 23 194
142 250 463 1 38 204
143 452 697 1 235 434
144 671 1238 1 437 957
145 233 706 1 18 445
146 198 1209 1 -22 952
147 100 1137 1 -136 843
148 364 907 1 147 648
149 109 1220 1 -114 963
150 622 1209 1 391 931
151 80 1085 1 -139 827
152 682 1214 1 448 933
153 382 842 1 165 581
154 647 1212 1 414 932
155 667 1151 1 434 870
156 44 1149 1 -177 891
157 350 952 1 132 691
158 338 644 1 124 385
159 351 897 1 134 636
160 276 984 1 58 725
161 425 675 1 208 412
162 213 320 1 2 61
163 91 1081 1 -129 822
164 250 480 1 37 221
165 687 1183 1 453 901
166 242 399 1 30 139
167 234 241 1 25 -16
168 344 930 1 126 671
169 334 616 1 120 356
170 431 888 1 213 628
171 264 758 1 48 498
172 400 464 1 188 206
173 231 763 1 16 503
174 280 320 1 70 60
175 139 206 1 -69 -53
176 662 661 1 435 385
177 197 1237 1 -24 981
178 352 623 1 138 363
179 53 1082 1 -168 823
180 229 364 1 19 104
181 660 1218 1 428 937
182 332 625 1 118 367
183 307 794 1 92 534
184 439 653 1 224 394
185 276 245 1 66 -12
186 638 1235 1 405 956
187 416 636 1 202 377
188 524 1195 1 304 938
189 308 856 1 91 595
190 436 617 1 221 359
191 490 673 1 273 410
192 287 705 1 72 445
193 353 1185 1 133 929
194 184 497 1 -28 235
195 348 754 1 130 492
196 674 1187 1 441 906
197 655 1237 1 422 957
198 358 918 1 141 657
199 358 1241 1 136 985
200 274 226 1 65 -30
201 300 427 1 88 167
202 363 683 1 148 423
203 472 923 1 254 663
204 345 847 1 128 587
205 684 1193 1 450 912
206 527 67 1 309 -195
207 319 600 1 105 340
208 441 960 1 224 700
209 215 1185 1 -5 928
210 373 788 1 158 528
211 573 498 1 353 230
212 353 941 1 134 681
213 681 348 1 453 74
214 587 475 1 366 206
215 223 967 1 5 708
216 436 725 1 222 467
217 62 1109 1 -158 851
218 348 881 1 131 621
219 566 113 1 346 -149
220 689 677 1 461 401
221 482 923 1 264 663
222 687 1173 1 453 892
223 413 757 1 198 498
224 654 1132 1 423 853
225 241 825 1 25 565
226 324 976 1 105 716
227 199 39 1 -7 -215
228 578 578 1 357 310
229 466 669 1 248 405
230 402 1020 1 183 762
231 532 844 1 316 587
232 307 208 1 97 -48
233 641 1151 1 409 873
234 290 1136 1 70 879
235 379 508 1 167 249
236 669 583 1 443 309
237 114 1199 1 -108 942
238 324 882 1 106 621
239 576 550 1 355 283
240 382 583 1 169 324
241 466 46 1 252 -211
242 387 965 1 169 705
243 241 1140 1 21 882
244 311 886 1 95 627
245 362 621 1 149 361
246 620 892 1 397 623
247 309 582 1 95 322
248 277 200 1 67 -57
249 40 1159 1 -181 903
250 216 610 1 3 349
251 54 1092 1 -166 834
252 350 461 1 137 202
253 377 1002 1 158 744
254 230 752 1 14 491
255 326 988 1 107 727
256 433 925 1 216 666
257 201 63 1 -5 -191
258 402 515 1 203 278
259 313 973 1 95 712
260 241 293 1 30 34
261 285 496 1 72 236
262 221 299 1 10 39
263 425 587 1 211 328
264 320 921 1 102 660
265 127 813 1 -88 554
266 511 447 1 294 183
267 535 855 1 316 593
268 413 910 1 196 650
269 278 662 1 64 401
270 345 802 1 128 543
271 370 988 1 152 730
272 257 310 1 46 49
273 373 798 1 156 538
274 211 893 1 -5 633
275 184 68 1 -23 -186
276 281 403 1 69 143
277 437 950 1 220 690
278 347 914 1 130 654
279 323 811 1 107 550
280 336 919 1 118 659
281 255 449 1 43 189
282 252 398 1 41 138
283 426 621 1 212 362
284 385 893 1 168 633
285 235 314 1 24 54
286 446 88 1 234 -168
287 347 836 1 131 576
288 578 323 1 357 56
289 643 570 1 417 296
290 395 953 1 177 693
291 357 932 1 139 673
292 513 439 1 297 180
293 358 760 1 143 500
294 78 1109 1 -142 851
295 414 783 1 198 523
296 232 217 1 22 -40
297 129 795 1 -86 535
298 441 715 1 226 455
299 240 59 1 32 -195
300 371 622 1 157 363
301 271 364 1 60 104
302 357 976 1 139 717
303 470 936 1 251 676
304 285 469 1 72 209
305 208 102 1 0 -154
306 278 295 1 67 35
307 308 291 1 97 31
308 390 562 1 176 303
309 223 665 1 9 404
310 298 209 1 89 -46
311 321 860 1 104 599
312 203 74 1 -4 -181
313 285 311 1 73 52
314 333 599 1 119 339
315 283 330 1 72 72
316 234 279 1 23 19
317 404 733 1 188 474
318 354 496 1 140 236
319 348 764 1 134 503
320 581 355 1 361 88
321 459 1075 1 240 817
322 289 1053 1 70 795
323 333 767 1 118 506
324 302 1055 1 83 796
325 286 988 1 68 729
326 209 217 1 0 -39
327 449 728 1 234 469
328 373 879 1 156 619
329 239 72 1 30 -183
330 309 246 1 97 -13
331 148 178 1 -60 -80
332 482 661 1 265 399
333 342 733 1 126 474
334 267 398 1 56 138
335 208 92 1 0 -162
336 394 705 1 180 446
337 291 480 1 78 220
338 233 546 1 19 285
339 320 253 1 109 -3
340 203 330 1 -7 69
341 66 1119 1 -154 862
342 293 764 1 77 504
343 405 955 1 186 694
344 266 241 1 56 -16
345 263 200 1 53 -57
346 437 736 1 222 476
347 234 354 1 22 93
348 560 361 1 341 94
349 413 1019 1 194 761
350 569 306 1 349 40
351 317 1013 1 97 753
352 228 337 1 18 78
353 290 1007 1 72 748
354 391 838 1 175 577
355 363 707 1 149 447
356 351 709 1 136 449
357 361 898 1 144 637
358 299 322 1 88 64
359 429 904 1 212 645
360 253 757 1 37 497
361 352 1102 1 132 844
362 294 755 1 78 494
363 216 342 1 5 82
364 369 968 1 150 709
365 343 526 1 130 267
366 232 426 1 20 166
367 435 747 1 218 486
368 414 895 1 196 636
369 357 855 1 140 595
370 268 312 1 57 52
371 257 358 1 46 98
372 394 851 1 177 592
373 284 1020 1 66 760
374 236 231 1 26 -27
375 258 214 1 48 -44
376 301 342 1 87 78
377 280 479 1 69 220
378 340 904 1 122 644
379 302 1012 1 84 752
380 255 245 1 45 -13
381 403 707 1 189 447
382 372 816 1 154 556
383 257 300 1 45 40
384 223 382 1 12 122
385 420 611 1 207 352
386 128 205 1 -80 -54
387 204 818 1 -11 558
388 202 51 1 -5 -203
389 483 972 1 265 712
390 239 269 1 29 10
391 357 638 1 143 379
392 301 810 1 84 550
393 240 257 1 30 -1
394 313 932 1 95 671
395 375 269 1 162 10
396 421 875 1 204 615
397 276 890 1 59 630
398 462 884 1 245 625
399 441 898 1 224 638
400 430 866 1 214 606
401 436 641 1 220 382
402 368 930 1 152 672
403 241 212 1 31 -45
404 250 261 1 40 2
405 335 869 1 119 608
406 375 596 1 161 337
407 399 776 1 184 517
408 279 541 1 67 281
409 251 826 1 34 566
410 279 283 1 68 23
411 359 881 1 142 620
412 51 1138 1 -170 880
413 317 1025 1 97 764
414 325 932 1 107 671
415 254 235 1 45 -22
416 671 399 1 443 125
417 255 348 1 44 87
418 432 995 1 214 737
419 326 848 1 108 588
420 318 732 1 102 471
421 317 203 1 106 -55
422 341 941 1 122 681
423 222 733 1 7 472
424 458 170 1 243 -89
425 378 867 1 160 607
426 362 870 1 145 609
427 374 859 1 156 599
428 384 595 1 170 335
429 349 792 1 133 532
430 337 1035 1 118 777
431 349 667 1 135 407
432 238 46 1 30 -207
433 246 381 1 34 121
434 225 260 1 15 1
435 389 622 1 174 362
436 590 549 1 368 281
437 314 832 1 98 571
