0 236 557 1 214 628
1 238 577 1 214 649
2 235 615 1 211 687
3 269 934 1 238 1007
4 269 843 1 240 916
5 236 567 1 213 638
6 234 707 1 208 778
7 233 680 1 208 752
8 220 523 1 198 595
9 239 503 1 217 573
10 240 521 1 218 593
11 268 690 1 242 762
12 215 1148 1 179 1222
13 228 922 1 197 995
14 232 766 1 205 838
15 215 622 1 191 694
16 75 839 1 45 907
17 270 1160 1 234 1236
18 270 1145 1 235 1220
19 268 946 1 237 1018
20 269 630 1 244 701
21 47 1064 1 12 1135
22 268 678 1 243 749
23 269 831 1 240 902
24 269 518 1 247 591
25 268 863 1 239 935
26 100 899 1 70 968
27 228 627 1 203 698
28 79 1120 1 43 1192
29 269 608 1 245 679
30 217 603 1 192 673
31 222 1178 1 185 1252
32 236 638 1 212 709
33 231 782 1 203 853
34 269 549 1 247 621
35 269 569 1 245 641
36 29 1203 1 -9 1277
37 270 1174 1 234 1250
38 223 1133 1 187 1208
39 223 458 1 203 530
40 121 183 1 106 255
41 234 543 1 210 615
42 269 957 1 237 1030
43 674 1221 1 626 1274
44 207 843 1 178 915
45 81 1048 1 46 1120
46 213 689 1 188 759
47 227 958 1 196 1030
48 220 544 1 197 616
49 387 815 1 359 886
50 221 1121 1 186 1195
51 233 735 1 206 806
52 165 495 1 144 566
53 207 813 1 179 884
54 252 788 1 224 859
55 108 181 1 93 252
56 214 666 1 188 736
57 269 496 1 247 569
58 229 866 1 199 937
59 269 662 1 243 734
60 268 820 1 240 892
61 268 706 1 242 777
62 410 674 1 382 742
63 269 896 1 239 969
64 272 559 1 249 631
65 122 167 1 108 240
66 110 170 1 95 241
67 131 716 1 105 787
68 617 1255 1 569 1311
69 220 1222 1 182 1298
70 211 735 1 184 806
71 273 580 1 249 652
72 218 492 1 197 563
73 268 778 1 240 850
74 662 1254 1 612 1308
75 271 1132 1 236 1208
76 272 618 1 248 690
77 97 887 1 67 957
78 203 899 1 173 970
79 615 1234 1 565 1293
80 202 961 1 170 1033
81 637 1217 1 590 1273
82 681 1138 1 634 1191
83 193 1180 1 157 1255
84 233 755 1 206 826
85 74 1110 1 38 1183
86 649 1204 1 602 1259
87 683 1210 1 634 1263
88 130 155 1 116 227
89 371 1018 1 339 1093
90 636 1172 1 592 1231
91 651 1148 1 604 1202
92 213 642 1 188 713
93 657 1161 1 610 1215
94 236 670 1 211 741
95 670 1133 1 625 1189
96 270 1219 1 233 1296
97 175 393 1 157 465
98 647 1213 1 600 1269
99 96 179 1 83 249
100 272 803 1 245 874
101 645 1186 1 599 1244
102 395 666 1 368 735
103 638 1248 1 591 1304
104 108 1183 1 70 1256
105 661 1074 1 621 1138
106 308 1049 1 275 1122
107 222 471 1 202 543
108 369 748 1 342 821
109 225 668 1 201 737
110 223 694 1 198 766
111 650 1175 1 604 1230
112 224 707 1 198 778
113 272 1198 1 235 1274
114 460 755 1 432 828
115 332 613 1 309 686
116 243 758 1 217 828
117 672 1253 1 623 1307
118 626 1222 1 579 1279
119 642 1228 1 594 1283
120 212 709 1 186 780
121 407 660 1 380 730
122 223 680 1 197 751
123 191 1218 1 154 1294
124 416 686 1 388 755
125 623 1211 1 576 1268
126 186 387 1 168 459
127 271 717 1 246 789
128 210 755 1 183 826
129 622 1188 1 573 1239
130 225 425 1 205 497
131 35 1131 1 -2 1203
132 81 1060 1 45 1131
133 121 774 1 93 845
134 219 866 1 190 937
135 217 957 1 186 1029
136 265 455 1 244 528
137 359 551 1 336 624
138 661 1207 1 613 1262
139 512 1175 1 478 1251
140 370 550 1 348 625
141 629 1239 1 581 1294
142 473 901 1 442 975
143 259 802 1 230 874
144 224 441 1 203 514
145 238 451 1 218 524
146 444 686 1 416 756
147 673 1244 1 624 1297
148 194 1200 1 157 1275
149 357 897 1 327 970
150 105 1213 1 65 1287
151 89 1155 1 36 1186
152 75 1076 1 39 1148
153 683 1220 1 635 1272
154 375 831 1 346 902
155 389 513 1 377 605
156 667 1154 1 620 1207
157 39 1141 1 1 1213
158 343 941 1 312 1014
159 329 632 1 305 705
160 344 887 1 315 958
161 270 974 1 238 1047
162 416 663 1 389 733
163 200 308 1 182 380
164 86 1072 1 50 1144
165 238 468 1 217 540
166 689 1188 1 640 1240
167 229 387 1 210 458
168 220 228 1 205 302
169 337 920 1 307 993
170 325 604 1 301 676
171 424 876 1 394 950
172 255 747 1 228 819
173 390 451 1 368 525
174 223 752 1 196 824
175 268 307 1 250 380
176 124 194 1 110 265
177 658 652 1 621 711
178 193 1228 1 155 1304
179 342 610 1 318 683
180 47 1074 1 11 1145
181 217 352 1 199 424
182 662 1223 1 614 1276
183 323 613 1 299 687
184 299 782 1 272 855
185 211 1176 1 174 1251
186 430 640 1 405 714
187 263 232 1 246 306
188 639 1239 1 591 1294
189 407 624 1 383 697
190 521 1185 1 486 1262
191 301 846 1 272 917
192 427 604 1 402 679
193 481 661 1 454 732
194 277 694 1 252 766
195 349 1174 1 314 1251
196 339 743 1 311 814
197 676 1192 1 628 1244
198 656 1242 1 608 1296
199 352 907 1 321 979
200 354 1231 1 317 1309
201 261 213 1 245 288
202 289 414 1 269 486
203 109 1193 1 70 1265
204 354 670 1 329 743
205 466 911 1 435 986
206 338 836 1 309 909
207 686 1197 1 637 1250
208 515 48 1 491 121
209 309 588 1 286 660
210 435 948 1 405 1022
211 366 776 1 339 849
212 565 485 1 536 552
213 347 931 1 315 1003
214 675 333 1 639 394
215 579 462 1 550 528
216 428 712 1 403 787
217 57 1101 1 21 1173
218 341 870 1 311 943
219 555 95 1 529 167
220 367 666 1 341 739
221 685 669 1 647 727
222 476 911 1 446 986
223 689 1177 1 640 1230
224 404 745 1 378 819
225 654 1134 1 609 1189
226 234 815 1 205 886
227 318 967 1 286 1038
228 184 25 1 172 103
229 570 566 1 540 632
230 525 831 1 497 907
231 457 657 1 430 727
232 396 1010 1 364 1084
233 293 194 1 277 270
234 641 1153 1 595 1208
235 285 1126 1 250 1201
236 661 1143 1 615 1198
237 665 573 1 628 633
238 317 872 1 287 943
239 568 538 1 538 605
240 373 570 1 349 644
241 452 29 1 434 106
242 381 954 1 350 1027
243 236 1130 1 202 1205
244 304 876 1 275 949
245 448 747 1 419 819
246 353 608 1 330 681
247 616 884 1 580 949
248 535 773 1 503 842
249 299 570 1 275 642
250 263 186 1 247 261
251 36 1152 1 -1 1225
252 206 599 1 183 669
253 500 424 1 479 500
254 48 1085 1 13 1156
255 339 448 1 318 521
256 371 991 1 339 1066
257 221 741 1 194 812
258 320 978 1 287 1050
259 427 914 1 397 988
260 185 49 1 174 127
261 391 496 1 383 594
262 308 963 1 276 1035
263 228 280 1 210 353
264 274 483 1 252 556
265 208 287 1 190 359
266 415 574 1 391 648
267 313 911 1 282 983
268 119 803 1 91 874
269 502 434 1 476 504
270 526 840 1 498 916
271 407 898 1 377 972
272 269 650 1 244 722
273 337 791 1 309 864
274 364 977 1 332 1052
275 245 297 1 226 369
276 366 787 1 337 859
277 204 883 1 174 955
278 168 54 1 156 132
279 269 390 1 249 463
280 431 939 1 401 1013
281 340 903 1 310 976
282 315 799 1 288 872
283 329 909 1 299 982
284 244 436 1 224 508
285 240 386 1 221 458
286 417 608 1 392 682
287 378 882 1 349 955
288 222 302 1 204 374
289 433 72 1 415 149
290 340 824 1 312 898
291 569 308 1 540 376
292 636 558 1 602 620
293 389 942 1 358 1015
294 350 921 1 320 994
295 350 748 1 324 821
296 73 1101 1 37 1173
297 406 771 1 379 844
298 218 204 1 202 278
299 121 784 1 94 856
300 433 702 1 407 776
301 224 45 1 212 123
302 361 610 1 338 683
303 259 352 1 240 424
304 351 965 1 320 1039
305 464 924 1 432 999
306 274 456 1 253 529
307 193 88 1 179 163
308 265 281 1 248 355
309 296 278 1 278 351
310 380 549 1 356 623
311 214 653 1 189 724
312 285 195 1 269 272
313 314 850 1 284 921
314 187 60 1 175 137
315 543 785 1 510 852
316 272 298 1 254 371
317 324 587 1 299 659
318 270 318 1 252 391
319 221 266 1 203 338
320 395 721 1 369 794
321 343 483 1 321 556
322 340 752 1 314 824
323 572 341 1 544 408
324 454 1064 1 421 1140
325 283 1044 1 250 1117
326 325 755 1 298 827
327 297 1045 1 263 1119
328 280 978 1 248 1051
329 195 204 1 180 279
330 441 715 1 415 789
331 366 868 1 337 941
332 224 58 1 211 135
333 296 232 1 278 305
334 133 165 1 119 238
335 473 649 1 447 720
336 333 721 1 307 795
337 255 386 1 236 458
338 193 79 1 180 155
339 386 693 1 360 766
340 280 468 1 258 540
341 222 534 1 199 605
342 307 239 1 290 315
343 190 317 1 172 389
344 61 1112 1 25 1184
345 284 753 1 257 825
346 398 944 1 367 1017
347 253 228 1 236 302
348 249 187 1 234 261
349 429 723 1 403 797
350 221 341 1 202 412
351 551 347 1 524 415
352 407 1008 1 375 1083
353 559 291 1 532 359
354 311 1003 1 278 1075
355 216 325 1 198 397
356 284 997 1 252 1071
357 384 827 1 355 899
358 355 695 1 330 768
359 342 696 1 316 769
360 354 886 1 324 959
361 286 309 1 268 384
362 422 893 1 393 966
363 244 746 1 218 818
364 347 1091 1 313 1167
365 285 744 1 258 815
366 204 330 1 185 402
367 362 957 1 331 1031
368 333 514 1 311 587
369 221 414 1 201 485
370 427 735 1 399 808
371 406 884 1 377 957
372 350 845 1 321 917
373 256 299 1 237 371
374 245 346 1 226 418
375 387 840 1 358 914
376 278 1010 1 246 1082
377 222 218 1 206 292
378 551 686 1 520 753
379 244 200 1 228 274
380 288 326 1 268 398
381 269 467 1 249 540
382 333 894 1 302 966
383 297 1002 1 264 1074
384 242 232 1 225 305
385 395 694 1 370 767
386 364 805 1 335 877
387 244 287 1 226 359
388 211 370 1 192 441
389 411 598 1 388 672
390 114 194 1 99 265
391 196 808 1 169 879
392 186 36 1 175 115
393 477 960 1 446 1035
394 226 256 1 209 330
395 347 626 1 323 699
396 293 799 1 265 871
397 227 244 1 210 317
398 307 922 1 276 994
399 362 255 1 343 329
400 414 863 1 385 937
401 269 879 1 239 951
402 455 873 1 426 946
403 435 887 1 405 960
404 423 854 1 395 928
405 427 628 1 401 703
406 362 919 1 332 993
407 228 199 1 212 273
408 236 248 1 220 321
409 328 859 1 299 930
410 365 583 1 342 657
411 392 764 1 365 838
412 269 529 1 247 601
413 243 815 1 215 887
414 267 270 1 249 342
415 352 870 1 322 942
416 46 1131 1 9 1203
417 311 1015 1 278 1087
418 319 922 1 288 993
419 241 222 1 225 296
420 664 385 1 629 446
421 243 335 1 224 407
422 427 984 1 395 1059
423 319 838 1 289 909
424 309 721 1 283 792
425 304 189 1 287 263
426 334 931 1 303 1004
427 213 723 1 187 793
428 445 155 1 425 229
429 371 856 1 341 929
430 354 860 1 325 931
431 366 848 1 337 920
432 375 582 1 351 656
433 341 780 1 314 853
434 331 1025 1 299 1099
435 340 655 1 315 728
436 222 31 1 210 110
437 233 369 1 214 440
438 212 247 1 196 321
439 379 609 1 355 683
440 582 537 1 551 603
441 307 820 1 278 892
