0 247 595 1 211 687
1 244 661 1 208 752
2 275 915 1 239 1008
3 250 537 1 214 628
4 249 547 1 213 638
5 251 557 1 215 649
6 277 825 1 240 917
7 277 812 1 241 903
8 281 671 1 243 763
9 273 1127 1 235 1222
10 218 1128 1 179 1225
11 280 658 1 243 750
12 253 482 1 218 573
13 82 816 1 45 908
14 234 504 1 199 595
15 225 1102 1 186 1197
16 282 499 1 247 591
17 279 685 1 243 777
18 52 1041 1 12 1137
19 282 534 1 247 622
20 225 1158 1 186 1255
21 276 844 1 240 936
22 281 550 1 246 641
23 252 503 1 219 593
24 275 927 1 238 1020
25 273 1111 1 236 1211
26 83 1097 1 43 1195
27 200 1124 1 161 1220
28 273 1142 1 234 1238
29 238 646 1 201 738
30 32 1179 1 -10 1279
31 272 1155 1 234 1253
32 228 603 1 191 694
33 138 159 1 106 254
34 283 479 1 247 569
35 227 1113 1 188 1210
36 239 764 1 204 854
37 275 938 1 238 1031
38 108 877 1 70 970
39 86 1026 1 46 1122
40 233 905 1 197 996
41 233 938 1 196 1032
42 244 524 1 211 615
43 226 669 1 188 760
44 396 800 1 360 888
45 277 802 1 241 893
46 179 474 1 144 566
47 229 582 1 193 674
48 125 156 1 93 251
49 233 524 1 198 616
50 215 824 1 178 916
51 237 846 1 200 938
52 279 644 1 244 735
53 682 1233 1 633 1294
54 261 768 1 224 860
55 276 877 1 239 970
56 221 717 1 184 807
57 127 146 1 95 240
58 140 144 1 108 239
59 142 694 1 105 787
60 221 1202 1 183 1301
61 421 658 1 383 744
62 216 794 1 179 886
63 277 759 1 241 851
64 72 1151 1 31 1248
65 225 644 1 188 737
66 232 471 1 197 563
67 642 1175 1 597 1246
68 210 879 1 173 972
69 208 940 1 170 1034
70 643 1225 1 596 1291
71 239 437 1 203 530
72 196 1160 1 157 1258
73 245 739 1 207 827
74 78 1088 1 38 1185
75 285 560 1 250 652
76 227 621 1 189 713
77 148 131 1 115 226
78 376 1002 1 339 1095
79 273 1201 1 234 1299
80 650 1193 1 605 1260
81 668 1072 1 626 1148
82 663 1168 1 616 1232
83 658 1155 1 611 1219
84 240 404 1 205 497
85 191 372 1 157 465
86 653 1221 1 606 1287
87 233 734 1 196 825
88 283 698 1 246 789
89 657 1182 1 610 1247
90 248 651 1 211 742
91 237 451 1 202 543
92 281 784 1 245 875
93 313 1032 1 275 1125
94 239 421 1 204 513
95 103 866 1 67 958
96 347 595 1 310 687
97 234 687 1 198 778
98 274 1179 1 236 1277
99 470 740 1 433 829
100 115 155 1 82 249
101 245 717 1 206 807
102 630 1228 1 585 1296
103 656 1211 1 608 1276
104 648 1235 1 600 1302
105 555 756 1 516 840
106 679 1138 1 632 1204
107 222 689 1 186 781
108 418 644 1 381 731
109 193 1198 1 154 1297
110 652 1167 1 607 1233
111 426 671 1 389 757
112 628 1217 1 581 1285
113 202 365 1 168 459
114 480 888 1 443 978
115 277 435 1 244 528
116 38 1109 1 -2 1205
117 264 728 1 229 819
118 85 1037 1 45 1133
119 130 752 1 93 845
120 227 846 1 190 939
121 223 937 1 186 1031
122 305 307 1 268 398
123 268 784 1 231 875
124 206 788 1 169 880
125 667 1215 1 620 1280
126 373 532 1 336 624
127 515 1163 1 479 1256
128 455 671 1 417 758
129 486 753 1 446 837
130 253 431 1 219 524
131 196 1180 1 157 1278
132 259 314 1 224 406
133 442 623 1 406 715
134 335 1009 1 299 1102
135 284 248 1 249 342
136 79 1054 1 39 1150
137 357 592 1 319 684
138 107 1193 1 64 1290
139 417 734 1 380 823
140 383 814 1 346 903
141 403 488 1 377 601
142 237 194 1 206 291
143 241 1111 1 202 1207
144 259 416 1 224 508
145 337 588 1 302 677
146 584 545 1 541 627
147 675 1162 1 627 1224
148 219 577 1 183 669
149 42 1119 1 1 1216
150 350 925 1 313 1016
151 253 448 1 218 540
152 261 325 1 226 417
153 369 592 1 330 682
154 276 955 1 239 1049
155 216 286 1 182 380
156 90 1050 1 50 1146
157 246 326 1 212 418
158 245 366 1 210 458
159 352 870 1 315 960
160 473 899 1 436 988
161 344 904 1 307 995
162 406 473 1 383 589
163 432 860 1 395 951
164 253 727 1 218 818
165 235 514 1 200 605
166 404 432 1 369 525
167 284 286 1 250 379
168 142 170 1 109 265
169 673 646 1 626 716
170 195 1208 1 156 1307
171 341 614 1 306 706
172 220 309 1 185 401
173 51 1052 1 11 1147
174 322 962 1 288 1052
175 668 1233 1 621 1295
176 234 331 1 199 423
177 388 591 1 356 683
178 239 207 1 205 301
179 496 751 1 456 833
180 308 765 1 273 856
181 428 648 1 390 735
182 214 1156 1 174 1254
183 337 598 1 300 687
184 378 938 1 341 1029
185 591 325 1 547 409
186 419 607 1 383 698
187 523 1173 1 487 1267
188 470 911 1 434 1001
189 317 841 1 280 933
190 484 898 1 447 988
191 439 587 1 403 680
192 387 564 1 351 656
193 495 668 1 458 755
194 352 1157 1 315 1254
195 249 287 1 215 381
196 349 726 1 311 815
197 359 890 1 322 981
198 355 1215 1 318 1312
199 314 947 1 276 1038
200 279 192 1 245 288
201 304 394 1 269 486
202 111 1169 1 70 1269
203 385 762 1 348 854
204 236 320 1 201 413
205 202 24 1 174 125
206 346 819 1 309 910
207 246 247 1 213 343
208 387 553 1 350 644
209 320 728 1 284 818
210 245 749 1 205 839
211 321 568 1 286 660
212 442 934 1 406 1025
213 288 770 1 252 862
214 341 878 1 303 968
215 581 473 1 538 553
216 353 915 1 316 1006
217 596 450 1 553 530
218 283 511 1 247 601
219 439 696 1 404 788
220 61 1078 1 20 1175
221 336 845 1 300 932
222 537 28 1 494 118
223 284 371 1 249 463
224 226 251 1 193 345
225 662 1139 1 615 1205
226 324 950 1 286 1041
227 305 383 1 270 475
228 585 555 1 543 635
229 402 994 1 365 1087
230 312 173 1 278 269
231 353 857 1 312 945
232 288 1108 1 251 1204
233 314 985 1 278 1078
234 668 1149 1 621 1214
235 683 566 1 634 637
236 324 854 1 287 945
237 584 527 1 541 607
238 388 938 1 351 1029
239 312 858 1 276 950
240 295 537 1 260 629
241 458 732 1 420 821
242 262 276 1 226 368
243 626 878 1 584 956
244 545 762 1 505 845
245 429 542 1 393 633
246 312 550 1 276 642
247 444 872 1 406 962
248 69 1141 1 28 1237
249 281 165 1 247 260
250 39 1128 1 -1 1227
251 318 766 1 281 856
252 517 409 1 480 500
253 52 1062 1 12 1159
254 353 428 1 318 521
255 377 975 1 340 1068
256 407 649 1 369 737
257 244 35 1 211 133
258 434 897 1 398 990
259 360 608 1 324 699
260 245 258 1 210 353
261 288 463 1 253 556
262 224 265 1 190 358
263 428 557 1 392 649
264 321 894 1 283 985
265 339 559 1 303 647
266 128 781 1 92 874
267 431 877 1 394 968
268 346 773 1 309 865
269 370 960 1 333 1054
270 375 769 1 338 860
271 212 862 1 174 956
272 280 631 1 245 722
273 437 924 1 402 1015
274 324 781 1 289 873
275 336 893 1 300 984
276 255 365 1 221 458
277 429 591 1 393 683
278 386 865 1 349 957
279 238 280 1 204 373
280 454 51 1 416 148
281 349 808 1 313 899
282 654 550 1 607 623
283 395 926 1 359 1017
284 357 903 1 321 996
285 310 498 1 275 589
286 77 1079 1 37 1175
287 239 296 1 204 388
288 236 182 1 203 277
289 131 762 1 94 856
290 444 685 1 408 777
291 378 730 1 343 822
292 296 725 1 259 816
293 275 331 1 240 424
294 305 288 1 269 383
295 287 436 1 253 529
296 212 64 1 179 162
297 282 260 1 248 354
298 313 257 1 278 350
299 391 531 1 357 623
300 452 787 1 413 873
301 294 736 1 257 826
302 303 174 1 270 271
303 322 832 1 285 923
304 281 211 1 247 305
305 552 773 1 513 856
306 289 277 1 254 371
307 336 567 1 300 660
308 287 297 1 253 391
309 406 704 1 370 795
310 357 464 1 322 556
311 350 734 1 315 825
312 459 1050 1 422 1143
313 287 1025 1 251 1119
314 335 737 1 299 828
315 301 1027 1 264 1121
316 286 960 1 248 1053
317 213 182 1 180 278
318 452 698 1 416 790
319 374 852 1 338 943
320 424 581 1 388 673
321 314 211 1 278 304
322 151 142 1 119 238
323 343 703 1 308 796
324 270 365 1 236 458
325 212 55 1 180 154
326 292 834 1 255 925
327 294 448 1 259 540
328 324 218 1 290 314
329 206 296 1 172 388
330 65 1089 1 25 1186
331 464 858 1 427 948
332 404 928 1 368 1019
333 271 206 1 237 302
334 268 165 1 234 261
335 439 707 1 404 798
336 247 344 1 213 437
337 570 333 1 527 415
338 412 992 1 376 1086
339 579 275 1 534 359
340 236 246 1 203 338
341 622 1207 1 578 1279
342 235 307 1 198 397
343 68 1098 1 28 1196
344 290 979 1 253 1073
345 392 810 1 356 900
346 480 910 1 443 1001
347 352 678 1 317 770
348 435 897 1 398 989
349 431 837 1 396 929
350 351 1074 1 314 1169
351 234 659 1 198 752
352 368 941 1 332 1033
353 347 495 1 311 587
354 235 392 1 201 485
355 438 720 1 401 809
356 227 634 1 190 725
357 358 828 1 322 918
358 272 278 1 238 371
359 434 685 1 397 775
360 395 824 1 359 915
361 284 992 1 247 1085
362 367 900 1 333 995
363 563 674 1 523 757
364 262 178 1 228 273
365 305 744 1 269 834
366 283 446 1 249 539
367 303 985 1 265 1077
368 259 210 1 225 304
369 408 678 1 370 768
370 372 788 1 336 879
371 260 266 1 226 359
372 246 368 1 211 459
373 131 168 1 98 264
374 484 946 1 448 1038
375 243 234 1 209 329
376 483 936 1 446 1027
377 302 781 1 266 872
378 244 222 1 210 316
379 313 905 1 276 996
380 276 860 1 240 953
381 302 796 1 265 887
382 439 611 1 402 703
383 303 395 1 268 487
384 245 177 1 212 272
385 253 226 1 220 320
386 404 747 1 365 838
387 352 637 1 316 728
388 294 287 1 259 381
389 50 1108 1 8 1205
390 316 998 1 278 1090
391 326 905 1 288 996
392 259 200 1 225 296
393 433 969 1 396 1061
394 326 820 1 289 911
395 187 28 1 157 131
396 319 701 1 283 793
397 322 168 1 287 262
398 341 915 1 304 1006
399 223 703 1 187 794
400 466 135 1 426 227
401 378 840 1 342 931
402 246 24 1 213 122
403 374 832 1 338 922
404 454 708 1 418 798
405 350 762 1 314 854
406 307 699 1 271 789
407 249 347 1 214 440
408 598 526 1 555 606
409 315 802 1 279 893
