0 237 510 1 215 628
1 237 531 1 216 649
2 252 893 1 240 1011
3 256 802 1 241 920
4 227 636 1 209 753
5 232 582 1 211 699
6 233 570 1 212 688
7 236 520 1 214 638
8 241 465 1 217 584
9 217 533 1 195 651
10 223 476 1 199 595
11 263 647 1 244 764
12 188 1106 1 180 1230
13 241 456 1 218 573
14 256 789 1 241 906
15 264 634 1 244 751
16 215 722 1 198 840
17 45 1135 1 34 1264
18 244 1090 1 236 1212
19 225 456 1 202 575
20 213 576 1 192 695
21 269 525 1 247 642
22 222 739 1 204 856
23 194 1136 1 186 1261
24 255 822 1 241 939
25 241 476 1 219 595
26 251 904 1 239 1023
27 233 593 1 213 711
28 54 1071 1 42 1199
29 62 1011 1 50 1137
30 188 1203 1 182 1329
31 171 1102 1 162 1226
32 243 1121 1 235 1244
33 256 812 1 241 928
34 196 1079 1 187 1202
35 198 1092 1 188 1215
36 267 568 1 246 685
37 231 555 1 209 672
38 243 1135 1 235 1258
39 262 662 1 244 779
40 85 849 1 70 972
41 228 663 1 208 779
42 256 779 1 242 896
43 215 556 1 193 674
44 251 917 1 239 1035
45 136 125 1 106 252
46 161 1228 1 155 1357
47 209 916 1 197 1035
48 194 799 1 179 918
49 62 788 1 45 911
50 168 446 1 145 566
51 209 882 1 198 999
52 225 619 1 206 738
53 216 792 1 201 910
54 208 643 1 189 761
55 242 745 1 225 862
56 228 410 1 204 529
57 408 642 1 385 748
58 264 619 1 245 736
59 215 823 1 200 941
60 220 497 1 198 616
61 218 803 1 203 921
62 660 1219 1 643 1289
63 125 111 1 94 238
64 254 855 1 240 973
65 58 1001 1 46 1126
66 138 110 1 107 237
67 202 690 1 184 809
68 124 665 1 106 787
69 190 1181 1 183 1307
70 123 122 1 92 249
71 216 692 1 198 809
72 258 737 1 241 853
73 82 838 1 67 961
74 41 1124 1 31 1253
75 625 1188 1 610 1266
76 195 769 1 179 888
77 230 716 1 213 833
78 198 740 1 181 858
79 188 856 1 174 975
80 183 918 1 170 1038
81 208 619 1 189 738
82 165 1138 1 157 1264
83 615 1187 1 598 1261
84 231 499 1 208 618
85 49 1061 1 38 1189
86 241 498 1 219 616
87 146 98 1 115 224
88 222 443 1 198 563
89 212 594 1 191 713
90 169 1092 1 160 1216
91 633 1253 1 619 1325
92 273 536 1 251 652
93 688 1180 1 670 1248
94 241 1180 1 235 1305
95 631 1226 1 616 1301
96 668 1185 1 650 1253
97 664 1172 1 645 1242
98 647 1199 1 630 1269
99 641 1183 1 623 1254
100 227 423 1 202 542
101 223 569 1 202 687
102 183 342 1 158 464
103 205 664 1 186 782
104 160 1217 1 153 1345
105 201 710 1 184 828
106 85 1129 1 75 1256
107 266 674 1 247 791
108 334 884 1 322 999
109 649 1083 1 635 1169
110 218 662 1 199 780
111 680 1199 1 662 1265
112 113 120 1 82 247
113 231 377 1 206 496
114 217 636 1 198 754
115 286 1014 1 276 1130
116 262 761 1 246 877
117 459 740 1 435 833
118 78 1061 1 67 1188
119 243 1159 1 237 1283
120 454 726 1 436 833
121 623 1255 1 608 1329
122 227 692 1 207 808
123 333 573 1 311 687
124 658 1206 1 640 1275
125 453 789 1 435 892
126 609 1255 1 596 1332
127 541 748 1 521 847
128 76 1199 1 68 1329
129 49 1194 1 40 1325
130 274 490 1 251 608
131 640 1210 1 623 1283
132 73 1126 1 63 1254
133 162 1176 1 154 1303
134 152 130 1 122 254
135 143 1220 1 137 1348
136 638 1243 1 621 1314
137 239 727 1 221 843
138 332 642 1 313 757
139 669 1161 1 653 1236
140 194 336 1 168 458
141 459 874 1 446 982
142 229 393 1 204 513
143 502 749 1 479 845
144 268 409 1 245 527
145 453 437 1 426 549
146 465 444 1 438 552
147 351 985 1 341 1100
148 187 880 1 173 999
149 242 446 1 218 564
150 244 404 1 219 523
151 277 443 1 253 561
152 111 722 1 94 846
153 205 823 1 191 941
154 199 915 1 186 1035
155 300 283 1 268 398
156 649 1247 1 633 1318
157 175 436 1 152 557
158 487 1154 1 483 1265
159 392 783 1 374 887
160 53 1084 1 42 1212
161 440 656 1 420 761
162 470 743 1 449 844
163 478 201 1 437 305
164 247 761 1 231 877
165 165 1158 1 158 1284
166 678 1189 1 658 1255
167 253 286 1 225 406
168 280 221 1 250 340
169 482 790 1 464 894
170 428 603 1 408 716
171 636 1195 1 619 1267
172 43 1087 1 32 1215
173 405 627 1 382 734
174 66 1205 1 57 1336
175 607 1245 1 593 1321
176 674 1238 1 656 1305
177 438 799 1 417 896
178 361 510 1 338 624
179 400 717 1 382 826
180 364 796 1 348 906
181 323 192 1 291 312
182 311 991 1 301 1107
183 331 710 1 313 819
184 481 633 1 459 738
185 256 239 1 226 358
186 343 569 1 320 684
187 328 908 1 315 1021
188 80 1167 1 71 1295
189 678 1179 1 659 1246
190 353 860 1 339 973
191 74 1136 1 64 1265
192 211 738 1 194 855
193 250 388 1 225 508
194 252 934 1 240 1053
195 439 270 1 404 379
196 211 258 1 182 379
197 281 137 1 248 260
198 240 298 1 212 418
199 238 339 1 211 458
200 451 884 1 439 993
201 322 885 1 309 999
202 325 563 1 303 677
203 412 843 1 397 955
204 673 651 1 639 730
205 397 411 1 371 525
206 255 298 1 227 416
207 280 260 1 251 378
208 139 137 1 109 263
209 163 1186 1 156 1313
210 214 280 1 186 400
211 28 1239 1 6 1296
212 322 572 1 301 688
213 670 1199 1 652 1269
214 227 303 1 200 423
215 446 774 1 425 870
216 102 119 1 72 247
217 245 705 1 229 821
218 481 742 1 460 841
219 290 743 1 274 858
220 183 1135 1 175 1260
221 185 763 1 169 882
222 206 677 1 188 795
223 242 421 1 218 540
224 392 851 1 379 963
225 354 920 1 342 1034
226 389 683 1 372 797
227 83 1143 1 74 1274
228 495 1164 1 491 1276
229 448 897 1 436 1006
230 644 1170 1 626 1241
231 660 1196 1 642 1265
232 296 821 1 281 936
233 642 1222 1 625 1292
234 462 884 1 449 993
235 427 568 1 405 680
236 611 882 1 591 971
237 482 655 1 461 759
238 322 1139 1 316 1260
239 370 509 1 347 624
240 245 259 1 216 380
241 293 790 1 277 904
242 314 795 1 299 910
243 337 873 1 324 986
244 324 1198 1 319 1319
245 219 321 1 192 441
246 277 164 1 246 286
247 297 369 1 270 486
248 318 859 1 304 972
249 366 743 1 350 856
250 230 292 1 202 412
251 356 882 1 344 997
252 24 1025 1 11 1152
253 243 219 1 213 341
254 303 705 1 285 820
255 298 943 1 286 1057
256 198 1245 1 192 1373
257 225 915 1 212 1034
258 374 569 1 352 683
259 309 545 1 287 661
260 419 919 1 408 1030
261 331 852 1 317 964
262 518 777 1 499 877
263 270 749 1 253 864
264 578 463 1 544 557
265 330 898 1 317 1011
266 327 592 1 307 706
267 204 78 1 172 205
268 424 678 1 406 790
269 32 1052 1 20 1180
270 233 218 1 203 339
271 661 1249 1 644 1319
272 313 708 1 296 822
273 60 798 1 44 922
274 651 1183 1 633 1254
275 222 222 1 193 344
276 72 1220 1 65 1353
277 300 932 1 288 1046
278 297 358 1 270 475
279 595 313 1 554 407
280 275 1008 1 265 1126
281 471 791 1 454 895
282 312 146 1 278 268
283 266 606 1 246 723
284 260 1088 1 252 1209
285 525 764 1 504 863
286 303 835 1 288 949
287 365 921 1 353 1034
288 291 838 1 277 953
289 283 513 1 261 629
290 441 716 1 423 824
291 531 755 1 510 853
292 418 522 1 394 634
293 300 526 1 277 642
294 423 856 1 409 966
295 401 829 1 387 941
296 38 1114 1 27 1243
297 365 249 1 334 366
298 243 145 1 210 269
299 299 744 1 283 858
300 24 1035 1 12 1163
301 345 405 1 319 521
302 352 958 1 342 1073
303 446 800 1 429 904
304 225 1228 1 219 1355
305 413 882 1 400 994
306 350 657 1 331 771
307 241 230 1 211 351
308 220 236 1 191 357
309 417 537 1 394 649
310 108 752 1 92 875
311 410 860 1 396 972
312 211 607 1 190 724
313 290 928 1 278 1043
314 328 753 1 311 867
315 347 942 1 335 1058
316 224 486 1 200 605
317 357 750 1 339 863
318 424 593 1 404 704
319 189 839 1 175 959
320 416 908 1 404 1019
321 306 760 1 290 875
322 314 874 1 301 988
323 249 338 1 222 457
324 365 847 1 351 960
325 591 53 1 539 156
326 234 252 1 204 372
327 374 531 1 352 645
328 459 26 1 416 143
329 70 1167 1 61 1295
330 205 551 1 184 670
331 298 1010 1 288 1128
332 212 449 1 188 569
333 373 909 1 361 1022
334 278 702 1 260 818
335 299 474 1 276 590
336 48 1052 1 37 1180
337 284 248 1 253 367
338 234 268 1 205 388
339 267 250 1 238 370
340 112 733 1 95 856
341 429 667 1 410 779
342 269 305 1 241 423
343 67 830 1 51 953
344 279 411 1 254 529
345 61 1221 1 53 1356
346 279 233 1 248 353
347 310 231 1 279 349
348 596 441 1 559 533
349 381 509 1 358 623
350 375 542 1 353 656
351 303 146 1 271 270
352 301 812 1 286 926
353 279 183 1 247 303
354 673 1228 1 655 1294
355 323 545 1 301 660
356 282 270 1 253 390
357 348 441 1 323 556
358 209 29 1 176 160
359 262 1005 1 252 1124
360 317 716 1 300 830
361 292 878 1 278 992
362 261 940 1 249 1057
363 436 681 1 418 792
364 354 834 1 339 946
365 224 204 1 194 326
366 149 109 1 119 236
367 327 682 1 309 797
368 264 339 1 237 457
369 270 812 1 256 928
370 267 138 1 235 261
371 285 422 1 260 540
372 323 192 1 291 313
373 200 267 1 172 387
374 36 1062 1 24 1190
375 450 869 1 437 978
376 380 911 1 369 1024
377 269 178 1 237 300
378 580 518 1 547 611
379 312 184 1 280 305
380 241 318 1 213 436
381 294 188 1 262 308
382 583 261 1 541 358
383 277 345 1 250 462
384 600 1228 1 588 1310
385 229 278 1 201 399
386 39 1072 1 28 1200
387 374 791 1 358 904
388 458 896 1 446 1006
389 337 657 1 318 771
390 584 549 1 553 642
391 68 1145 1 59 1276
392 414 882 1 401 993
393 257 248 1 228 368
394 324 1056 1 315 1174
395 592 280 1 550 377
396 494 271 1 459 380
397 406 587 1 384 698
398 388 977 1 378 1090
399 345 924 1 333 1038
400 336 472 1 312 587
401 227 365 1 202 485
402 421 704 1 403 812
403 316 823 1 301 936
404 339 809 1 323 922
405 238 182 1 207 303
406 418 666 1 399 777
407 376 806 1 360 918
408 259 971 1 247 1089
409 209 1245 1 204 1373
410 552 667 1 528 763
411 503 77 1 461 190
412 287 721 1 270 836
413 332 862 1 318 976
414 274 421 1 250 539
415 353 811 1 337 923
416 336 615 1 315 729
417 257 181 1 226 303
418 354 768 1 337 881
419 346 586 1 325 700
420 239 341 1 212 459
421 299 262 1 270 382
422 128 136 1 98 262
423 462 933 1 450 1043
424 240 206 1 209 328
425 461 922 1 449 1032
426 283 759 1 267 875
427 241 193 1 211 315
428 263 960 1 254 1077
429 332 838 1 318 951
430 255 838 1 241 956
431 291 969 1 280 1085
432 282 774 1 266 890
433 295 369 1 269 486
434 573 320 1 533 416
435 344 883 1 332 998
436 251 198 1 221 319
437 230 191 1 200 315
438 439 281 1 406 392
439 276 712 1 258 828
440 411 821 1 396 931
441 289 261 1 260 380
442 291 979 1 279 1096
443 303 886 1 290 1000
444 340 214 1 309 332
445 409 954 1 399 1066
446 305 800 1 290 914
447 195 33 1 161 163
448 303 680 1 284 795
449 322 140 1 288 260
450 318 897 1 305 1010
451 469 112 1 430 227
452 359 822 1 343 934
453 577 487 1 544 580
454 579 540 1 547 632
455 438 690 1 420 800
456 332 742 1 316 856
457 326 798 1 311 913
458 290 677 1 272 791
459 242 321 1 215 439
460 313 202 1 282 320
461 411 623 1 391 736
462 594 519 1 561 611
463 296 780 1 280 896
