0 227 516 1 35 308
1 228 538 1 36 329
2 242 901 1 60 692
3 246 810 1 61 600
4 217 642 1 29 434
5 222 588 1 31 379
6 223 576 1 32 368
7 226 527 1 34 319
8 231 472 1 38 264
9 207 539 1 16 331
10 213 482 1 20 275
11 253 654 1 64 444
12 178 1115 1 0 912
13 231 462 1 38 253
14 246 796 1 62 586
15 253 641 1 65 431
16 205 729 1 18 520
17 34 1144 1 -145 946
18 234 1099 1 56 893
19 215 462 1 22 254
20 203 583 1 12 375
21 259 531 1 67 322
22 257 587 1 66 377
23 212 746 1 25 537
24 184 1145 1 6 942
25 245 829 1 61 620
26 232 482 1 39 275
27 241 912 1 59 704
28 223 599 1 33 391
29 43 1079 1 -137 880
30 51 1019 1 -129 818
31 178 1212 1 2 1011
32 160 1110 1 -17 907
33 233 1129 1 55 925
34 246 819 1 62 609
35 186 1087 1 7 884
36 187 1100 1 8 897
37 206 830 1 21 622
38 257 574 1 66 365
39 221 561 1 29 352
40 232 1144 1 56 940
41 252 668 1 64 459
42 74 856 1 -109 653
43 218 669 1 28 460
44 246 786 1 62 576
45 205 562 1 14 354
46 241 924 1 59 716
47 126 131 1 -74 -68
48 150 1238 1 -24 1038
49 199 923 1 17 716
50 183 806 1 0 599
51 51 795 1 -134 591
52 158 452 1 -34 246
53 199 889 1 18 680
54 215 626 1 26 418
55 206 799 1 21 591
56 198 650 1 9 441
57 232 752 1 45 542
58 219 416 1 24 209
59 398 649 1 206 429
60 254 626 1 65 416
61 210 504 1 18 296
62 207 810 1 23 602
63 653 1238 1 467 979
64 115 116 1 -85 -82
65 244 863 1 61 654
66 47 1009 1 -133 807
67 129 115 1 -72 -83
68 192 697 1 4 489
69 114 671 1 -73 467
70 180 1189 1 4 988
71 113 128 1 -87 -70
72 206 699 1 18 490
73 248 744 1 62 533
74 72 845 1 -112 641
75 30 1133 1 -148 934
76 34 1214 1 -143 1019
77 617 1204 1 432 954
78 185 776 1 0 568
79 220 722 1 34 513
80 187 747 1 1 539
81 178 863 1 -5 656
82 173 925 1 -9 719
83 198 625 1 9 418
84 155 1147 1 -22 945
85 607 1204 1 421 950
86 221 506 1 29 298
87 38 1070 1 -141 870
88 231 504 1 39 296
89 136 104 1 -64 -95
90 212 450 1 18 243
91 202 600 1 11 393
92 159 1101 1 -19 897
93 263 542 1 71 332
94 682 1198 1 494 937
95 231 1189 1 55 986
96 625 1245 1 440 990
97 662 1203 1 473 942
98 657 1191 1 469 931
99 640 1218 1 453 958
100 217 429 1 23 222
101 213 576 1 22 367
102 173 348 1 -21 144
103 195 670 1 7 462
104 149 1227 1 -26 1027
105 191 717 1 4 508
106 74 1137 1 -104 937
107 256 681 1 67 471
108 325 891 1 143 680
109 641 1096 1 458 854
110 208 669 1 19 460
111 674 1219 1 486 955
112 103 125 1 -97 -73
113 221 383 1 26 176
114 207 643 1 18 434
115 276 1022 1 97 811
116 252 768 1 66 558
117 449 748 1 256 516
118 634 1203 1 447 943
119 67 1069 1 -112 869
120 233 1167 1 57 964
121 444 733 1 256 514
122 217 699 1 27 489
123 323 579 1 131 367
124 652 1225 1 464 965
125 443 797 1 256 574
126 532 757 1 342 529
127 65 1208 1 -111 1011
128 37 1202 1 -139 1007
129 264 497 1 71 288
130 633 1229 1 446 972
131 62 1134 1 -116 935
132 151 1185 1 -25 985
133 142 135 1 -58 -65
134 133 1230 1 -42 1030
135 185 1255 1 12 1054
136 229 733 1 42 524
137 322 649 1 133 438
138 663 1178 1 476 924
139 458 448 1 258 232
140 185 342 1 -11 138
141 450 882 1 266 664
142 219 399 1 24 193
143 492 757 1 300 527
144 258 415 1 65 207
145 443 444 1 247 229
146 342 992 1 162 782
147 176 887 1 -6 680
148 232 452 1 38 244
149 234 411 1 40 203
150 267 449 1 73 241
151 101 729 1 -85 526
152 195 830 1 11 622
153 189 923 1 7 716
154 291 290 1 88 78
155 165 442 1 -27 237
156 478 1163 1 303 947
157 383 791 1 194 569
158 42 1092 1 -137 893
159 430 663 1 240 442
160 460 752 1 270 526
161 468 207 1 258 -15
162 237 768 1 52 558
163 155 1167 1 -21 966
164 672 1208 1 482 945
165 244 293 1 45 85
166 271 227 1 70 20
167 472 798 1 285 575
168 418 610 1 228 396
169 629 1213 1 442 956
170 32 1095 1 -147 897
171 395 634 1 203 415
172 55 1214 1 -122 1017
173 351 516 1 158 304
174 354 803 1 168 587
175 314 198 1 112 -8
176 301 999 1 121 788
177 321 717 1 133 500
178 472 641 1 280 418
179 246 245 1 46 37
180 34 1231 1 -142 1038
181 333 575 1 141 364
182 318 915 1 135 702
183 69 1176 1 -108 977
184 672 1198 1 483 936
185 343 867 1 159 654
186 63 1144 1 -115 946
187 201 744 1 14 535
188 240 394 1 45 188
189 242 942 1 60 733
190 430 277 1 225 59
191 201 264 1 3 59
192 271 143 1 68 -59
193 231 304 1 32 97
194 228 345 1 31 137
195 442 892 1 259 674
196 312 893 1 129 680
197 315 569 1 123 357
198 402 851 1 218 636
199 665 662 1 461 413
200 387 417 1 191 205
201 246 304 1 47 96
202 270 266 1 71 58
203 130 143 1 -70 -57
204 152 1194 1 -23 995
205 204 286 1 6 80
206 312 579 1 121 368
207 664 1219 1 475 959
208 218 309 1 20 102
209 436 784 1 246 552
210 93 125 1 -107 -73
211 236 712 1 50 502
212 471 750 1 280 523
213 280 750 1 94 538
214 173 1143 1 -4 941
215 175 770 1 -10 563
216 196 684 1 8 476
217 232 427 1 38 220
218 382 858 1 199 644
219 345 927 1 163 715
220 380 690 1 192 477
221 72 1152 1 -105 955
222 486 1174 1 312 958
223 438 904 1 257 687
224 638 1188 1 449 930
225 653 1214 1 465 954
226 286 829 1 101 617
227 636 1241 1 449 982
228 453 892 1 270 674
229 417 575 1 225 361
230 602 893 1 413 654
231 473 662 1 281 440
232 312 1148 1 136 941
233 360 516 1 167 304
234 235 265 1 36 60
235 283 798 1 97 585
236 304 802 1 119 590
237 327 880 1 144 667
238 314 1208 1 140 1001
239 210 327 1 12 121
240 268 170 1 66 -33
241 287 375 1 90 166
242 308 867 1 125 653
243 356 750 1 170 536
244 220 298 1 22 92
245 346 890 1 164 678
246 340 638 1 150 425
247 233 226 1 33 21
248 293 713 1 106 500
249 288 951 1 106 739
250 427 810 1 238 579
251 215 922 1 32 715
252 364 576 1 172 363
253 299 551 1 108 341
254 410 926 1 229 711
255 321 859 1 137 645
256 509 785 1 320 559
257 259 756 1 73 545
258 372 637 1 182 424
259 570 471 1 366 238
260 320 906 1 137 692
261 317 598 1 127 386
262 194 84 1 -7 -114
263 414 685 1 226 470
264 223 224 1 23 19
265 506 407 1 306 187
266 303 715 1 116 502
267 49 805 1 -135 602
268 644 1201 1 456 944
269 213 228 1 13 24
270 61 1229 1 -114 1034
271 290 940 1 108 727
272 288 364 1 91 155
273 587 320 1 376 88
274 333 840 1 149 627
275 265 1016 1 85 808
276 461 799 1 275 577
277 302 152 1 99 -52
278 256 613 1 66 403
279 250 1096 1 72 890
280 515 773 1 325 545
281 293 842 1 109 630
282 355 928 1 173 715
283 281 845 1 97 634
284 273 519 1 81 309
285 431 724 1 243 505
286 81 846 1 -103 642
287 522 764 1 331 535
288 408 529 1 215 314
289 290 533 1 97 322
290 413 864 1 229 647
291 390 836 1 207 622
292 27 1123 1 -152 924
293 355 256 1 154 46
294 233 152 1 30 -50
295 289 751 1 103 539
296 335 412 1 140 201
297 342 965 1 162 754
298 294 202 1 92 -4
299 437 809 1 250 586
300 215 1237 1 40 1036
301 331 860 1 146 646
302 403 890 1 221 675
303 340 663 1 151 451
304 231 236 1 31 31
305 210 242 1 11 37
306 407 544 1 214 329
307 98 758 1 -87 555
308 400 868 1 217 653
309 200 613 1 10 405
310 280 936 1 98 724
311 318 759 1 131 548
312 337 950 1 155 739
313 214 492 1 20 285
314 347 757 1 160 543
315 414 600 1 224 385
316 179 846 1 -4 640
317 406 916 1 224 701
318 296 767 1 110 555
319 304 882 1 121 669
320 239 344 1 42 137
321 355 855 1 171 641
322 582 59 1 361 -164
323 224 258 1 25 52
324 365 537 1 172 325
325 449 32 1 237 -177
326 59 1176 1 -118 977
327 195 557 1 4 350
328 288 1018 1 109 809
329 202 456 1 8 249
330 363 917 1 181 703
331 268 710 1 80 498
332 290 480 1 96 270
333 37 1060 1 -143 861
334 274 254 1 73 47
335 224 274 1 25 67
336 258 256 1 58 49
337 101 739 1 -84 536
338 419 674 1 231 459
339 259 311 1 61 103
340 56 837 1 -128 634
341 309 856 1 125 643
342 270 417 1 74 209
343 50 1230 1 -126 1037
344 269 239 1 69 33
345 301 237 1 99 28
346 588 449 1 381 214
347 372 516 1 179 303
348 366 549 1 173 336
349 293 153 1 91 -50
350 291 820 1 106 607
351 269 189 1 67 -16
352 668 1248 1 479 985
353 313 551 1 121 340
354 273 277 1 73 69
355 338 448 1 143 236
356 200 35 1 -3 -160
357 252 1013 1 72 806
358 307 723 1 120 511
359 282 886 1 98 674
360 251 948 1 70 738
361 427 688 1 238 472
362 344 841 1 160 627
363 214 210 1 14 5
364 271 205 1 70 0
365 141 114 1 -60 -84
366 317 689 1 129 478
367 254 345 1 57 137
368 260 819 1 76 609
369 258 144 1 55 -58
370 275 428 1 80 219
371 313 198 1 111 -7
372 190 273 1 -7 67
373 25 1070 1 -155 871
374 440 876 1 257 659
375 371 919 1 190 705
376 259 184 1 57 -19
377 571 527 1 368 292
378 302 191 1 100 -14
379 231 324 1 33 116
380 284 194 1 82 -11
381 575 268 1 362 38
382 267 351 1 70 142
383 593 1244 1 410 998
384 219 284 1 21 79
385 28 1080 1 -151 881
386 365 799 1 178 584
387 449 904 1 266 687
388 327 664 1 139 451
389 575 557 1 374 323
390 57 1153 1 -120 957
391 404 890 1 221 674
392 247 254 1 48 48
393 314 1064 1 136 855
394 584 288 1 372 57
395 485 278 1 280 60
396 396 593 1 205 379
397 378 985 1 199 772
398 335 932 1 154 719
399 326 478 1 133 267
400 218 371 1 22 164
401 412 711 1 223 493
402 306 830 1 121 617
403 329 817 1 144 603
404 228 187 1 28 -16
405 409 673 1 220 458
406 366 813 1 181 599
407 249 979 1 68 770
408 201 157 1 0 -44
409 543 675 1 349 445
410 493 83 1 281 -130
411 277 728 1 90 517
412 322 870 1 139 657
413 264 427 1 71 219
414 343 819 1 158 604
415 326 621 1 136 409
416 247 187 1 46 -17
417 344 775 1 158 562
418 337 593 1 146 380
419 229 347 1 32 139
420 289 268 1 90 61
421 119 142 1 -81 -58
422 35 1154 1 -142 956
423 361 845 1 178 631
424 452 941 1 271 724
425 230 212 1 30 7
426 451 930 1 270 713
427 273 766 1 87 555
428 232 200 1 31 -5
429 253 968 1 74 758
430 322 846 1 138 632
431 244 845 1 61 636
432 281 977 1 100 766
433 272 781 1 87 570
434 286 376 1 89 166
435 564 327 1 354 96
436 334 891 1 152 679
437 241 204 1 41 0
438 221 197 1 20 -4
439 430 288 1 226 72
440 266 719 1 79 508
441 401 828 1 217 612
442 280 267 1 80 60
443 281 988 1 100 777
444 293 894 1 110 682
445 331 221 1 129 11
446 399 961 1 219 747
447 295 807 1 111 595
448 185 39 1 -18 -157
449 293 687 1 105 475
450 312 146 1 108 -59
451 308 904 1 125 691
452 460 119 1 251 -93
453 349 829 1 164 615
454 568 495 1 366 261
455 570 548 1 369 313
456 428 696 1 240 481
457 322 749 1 136 537
458 316 806 1 131 593
459 280 684 1 92 472
460 232 327 1 35 119
461 304 208 1 102 0
462 401 629 1 212 416
463 586 528 1 383 292
464 286 788 1 100 576
