0 224 525 1 215 628
1 225 546 1 216 649
2 237 910 1 240 1013
3 241 819 1 242 921
4 214 651 1 209 754
5 218 597 1 211 700
6 220 585 1 212 688
7 223 535 1 214 639
8 228 480 1 218 584
9 204 548 1 196 651
10 210 491 1 200 595
11 249 663 1 244 764
12 171 1125 1 180 1233
13 229 470 1 219 573
14 180 1110 1 189 1218
15 250 650 1 245 751
16 242 806 1 242 907
17 201 737 1 198 841
18 26 1154 1 34 1267
19 228 1109 1 237 1214
20 212 470 1 202 574
21 199 591 1 192 695
22 256 540 1 247 642
23 253 595 1 246 698
24 207 755 1 205 857
25 177 1156 1 187 1264
26 240 838 1 241 940
27 171 1223 1 182 1332
28 229 491 1 219 595
29 197 898 1 198 1001
30 236 921 1 239 1025
31 220 608 1 213 711
32 36 1089 1 42 1201
33 45 1028 1 50 1139
34 154 1121 1 162 1229
35 226 1140 1 236 1247
36 241 828 1 242 930
37 180 1098 1 187 1205
38 201 839 1 201 942
39 254 583 1 246 685
40 218 569 1 210 672
41 226 1154 1 236 1261
42 248 677 1 244 779
43 69 865 1 70 973
44 214 678 1 209 780
45 242 795 1 242 897
46 202 570 1 194 674
47 236 934 1 239 1036
48 125 138 1 105 251
49 143 1249 1 155 1360
50 194 933 1 197 1037
51 681 1222 1 678 1267
52 178 815 1 179 919
53 46 803 1 45 912
54 155 460 1 145 566
55 212 707 1 208 809
56 211 634 1 206 738
57 201 808 1 201 912
58 194 658 1 189 762
59 227 761 1 225 863
60 216 424 1 204 529
61 395 660 1 386 750
62 250 634 1 245 736
63 207 512 1 198 616
64 203 819 1 203 922
65 115 124 1 94 237
66 239 872 1 241 975
67 654 1210 1 653 1261
68 41 1018 1 46 1128
69 128 123 1 107 236
70 188 706 1 185 809
71 24 1142 1 30 1256
72 613 1226 1 615 1282
73 110 679 1 106 787
74 173 1200 1 184 1310
75 112 136 1 92 248
76 202 707 1 198 810
77 244 753 1 242 854
78 66 854 1 67 962
79 26 1224 1 36 1340
80 180 785 1 180 889
81 216 731 1 214 834
82 183 756 1 181 859
83 173 872 1 174 976
84 168 935 1 171 1040
85 195 634 1 189 738
86 148 1157 1 157 1267
87 603 1226 1 604 1279
88 218 514 1 209 618
89 32 1079 1 38 1192
90 228 513 1 219 616
91 135 112 1 115 223
92 209 458 1 198 563
93 199 609 1 192 713
94 152 1111 1 160 1218
95 187 898 1 189 1002
96 260 551 1 251 653
97 225 1200 1 235 1308
98 380 804 1 375 891
99 659 1227 1 657 1272
100 637 1241 1 637 1288
101 215 438 1 203 542
102 209 585 1 202 688
103 171 356 1 158 464
104 191 679 1 187 782
105 142 1238 1 153 1348
106 187 726 1 184 829
107 67 1147 1 75 1259
108 252 690 1 248 792
109 320 901 1 323 1001
110 638 1113 1 640 1180
111 204 677 1 199 780
112 672 1243 1 670 1285
113 102 133 1 82 246
114 219 391 1 206 496
115 203 651 1 198 755
116 270 1032 1 277 1133
117 248 777 1 247 878
118 445 760 1 437 838
119 631 1225 1 630 1273
120 61 1079 1 67 1190
121 227 1178 1 237 1286
122 441 744 1 437 834
123 320 588 1 312 688
124 649 1249 1 647 1295
125 442 452 1 427 549
126 440 808 1 437 896
127 529 769 1 523 851
128 58 1218 1 68 1332
129 30 1213 1 40 1328
130 261 505 1 251 608
131 630 1252 1 629 1302
132 55 1144 1 63 1257
133 144 1196 1 155 1306
134 142 143 1 121 253
135 423 674 1 415 764
136 125 1241 1 137 1352
137 225 742 1 222 844
138 318 659 1 313 758
139 660 1199 1 659 1253
140 183 350 1 169 457
141 445 893 1 447 985
142 217 408 1 204 513
143 488 769 1 481 850
144 256 423 1 245 527
145 337 1003 1 342 1103
146 171 896 1 173 1000
147 230 461 1 219 564
148 232 419 1 220 523
149 265 458 1 253 561
150 97 737 1 94 846
151 190 839 1 191 943
152 184 932 1 187 1036
153 288 299 1 268 397
154 163 450 1 152 556
155 472 1176 1 484 1270
156 35 1101 1 42 1214
157 456 763 1 451 847
158 468 217 1 439 304
159 233 777 1 232 878
160 148 1178 1 158 1287
161 669 1232 1 667 1275
162 242 301 1 225 405
163 269 235 1 250 340
164 468 809 1 466 897
165 415 620 1 409 716
166 626 1236 1 626 1286
167 25 1105 1 32 1218
168 391 645 1 383 736
169 47 1225 1 57 1339
170 348 525 1 339 624
171 350 813 1 349 908
172 313 207 1 292 311
173 295 1009 1 301 1109
174 317 727 1 313 821
175 469 651 1 460 739
176 244 253 1 226 357
177 26 1241 1 37 1359
178 330 584 1 321 685
179 314 926 1 315 1023
180 62 1186 1 71 1298
181 670 1221 1 667 1265
182 338 878 1 340 975
183 401 649 1 393 740
184 197 753 1 194 856
185 238 403 1 225 507
186 236 951 1 240 1054
187 428 287 1 406 379
188 200 272 1 183 378
189 270 152 1 248 259
190 229 312 1 212 417
191 226 353 1 211 457
192 438 903 1 440 995
193 307 903 1 309 1001
194 312 578 1 303 678
195 398 861 1 398 957
196 664 676 1 644 736
197 385 427 1 371 525
198 244 312 1 227 416
199 269 274 1 251 378
200 129 151 1 109 262
201 146 1205 1 156 1316
202 202 294 1 186 400
203 309 588 1 301 688
204 662 1243 1 659 1289
205 216 317 1 200 422
206 433 796 1 427 875
207 92 132 1 72 246
208 468 762 1 461 845
209 276 759 1 274 859
210 166 1154 1 175 1263
211 170 779 1 170 883
212 192 693 1 188 796
213 230 436 1 219 540
214 378 869 1 380 965
215 340 938 1 343 1036
216 376 700 1 373 797
217 65 1161 1 74 1276
218 480 1186 1 492 1281
219 434 915 1 437 1008
220 635 1210 1 633 1259
221 650 1238 1 649 1284
222 281 839 1 282 938
223 448 903 1 451 995
224 414 584 1 406 681
225 599 907 1 595 978
226 470 674 1 462 761
227 306 1159 1 317 1263
228 357 525 1 348 624
229 234 274 1 216 380
230 323 717 1 320 815
231 279 807 1 278 906
232 299 811 1 300 911
233 322 891 1 324 988
234 308 1219 1 320 1323
235 208 335 1 192 441
236 267 178 1 246 285
237 284 384 1 270 486
238 329 729 1 325 825
239 304 877 1 305 974
240 352 760 1 350 857
241 472 662 1 463 749
242 218 306 1 202 411
243 341 900 1 344 999
244 336 647 1 330 746
245 232 234 1 214 341
246 289 722 1 286 821
247 283 961 1 287 1060
248 210 932 1 213 1036
249 361 585 1 353 683
250 296 560 1 288 661
251 405 937 1 409 1032
252 317 869 1 318 967
253 505 797 1 501 881
254 255 765 1 253 865
255 368 646 1 362 744
256 568 483 1 547 559
257 315 916 1 318 1013
258 314 607 1 307 707
259 194 92 1 172 204
260 410 694 1 407 791
261 222 232 1 203 338
262 504 417 1 487 507
263 299 724 1 297 823
264 45 814 1 44 923
265 196 1239 1 208 1349
266 642 1224 1 640 1273
267 211 236 1 193 343
268 53 1239 1 65 1355
269 285 950 1 288 1049
270 286 373 1 271 475
271 587 331 1 558 408
272 329 850 1 329 948
273 259 1027 1 266 1129
274 459 810 1 456 898
275 301 161 1 279 267
276 399 576 1 390 673
277 252 621 1 246 723
278 244 1106 1 252 1212
279 511 785 1 506 867
280 288 852 1 289 951
281 350 939 1 354 1036
282 276 855 1 278 955
283 270 528 1 261 629
284 427 734 1 424 826
285 76 854 1 76 963
286 518 776 1 512 857
287 405 538 1 395 634
288 287 542 1 277 643
289 408 874 1 410 968
290 386 846 1 388 943
291 250 163 1 229 271
292 354 265 1 334 365
293 232 160 1 211 269
294 285 760 1 283 860
295 264 953 1 269 1054
296 333 420 1 320 521
297 338 976 1 343 1075
298 292 210 1 272 315
299 433 821 1 431 908
300 208 1248 1 220 1358
301 326 870 1 327 968
302 398 900 1 401 996
303 336 673 1 331 771
304 230 244 1 211 351
305 209 251 1 191 357
306 404 553 1 395 650
307 94 766 1 92 876
308 396 878 1 397 974
309 429 833 1 430 928
310 197 622 1 191 725
311 274 947 1 278 1046
312 313 769 1 311 868
313 332 960 1 336 1059
314 210 501 1 201 605
315 343 766 1 340 864
316 412 610 1 404 705
317 174 855 1 175 960
318 401 927 1 405 1022
319 291 776 1 290 876
320 299 892 1 301 990
321 237 353 1 222 457
322 351 865 1 352 962
323 583 69 1 542 153
324 223 266 1 205 372
325 361 547 1 352 645
326 449 42 1 417 141
327 52 1186 1 61 1299
328 192 566 1 184 670
329 282 1028 1 289 1130
330 199 464 1 189 569
331 359 928 1 362 1024
332 264 719 1 260 819
333 287 489 1 276 590
334 31 1070 1 36 1182
335 273 263 1 254 367
336 222 282 1 205 387
337 256 265 1 239 369
338 97 746 1 95 857
339 415 684 1 411 779
340 258 319 1 241 423
341 51 845 1 51 954
342 305 867 1 305 964
343 267 425 1 255 529
344 42 1241 1 53 1358
345 267 248 1 249 353
346 300 246 1 279 348
347 586 461 1 563 535
348 369 525 1 359 623
349 362 558 1 354 656
350 292 161 1 271 269
351 287 829 1 287 928
352 268 197 1 247 303
353 310 560 1 302 660
354 271 285 1 254 389
355 335 456 1 324 556
356 200 44 1 176 159
357 246 1024 1 252 1127
358 303 732 1 301 831
359 277 896 1 278 995
360 246 958 1 250 1059
361 423 698 1 419 793
362 339 852 1 340 948
363 213 218 1 194 325
364 270 213 1 251 319
365 140 122 1 119 235
366 313 698 1 310 798
367 252 353 1 237 457
368 256 828 1 256 929
369 257 152 1 235 260
370 272 437 1 260 539
371 312 207 1 292 312
372 188 281 1 172 387
373 436 887 1 438 980
374 367 930 1 370 1026
375 258 193 1 238 299
376 569 539 1 550 614
377 301 199 1 280 304
378 229 332 1 213 436
379 283 203 1 262 308
380 574 279 1 544 358
381 266 360 1 250 462
382 218 293 1 201 399
383 334 840 1 335 936
384 393 916 1 396 1012
385 361 809 1 359 905
386 444 915 1 447 1008
387 323 673 1 319 772
388 573 570 1 556 644
389 50 1163 1 59 1278
390 399 900 1 402 995
391 246 262 1 228 368
392 308 1075 1 316 1177
393 583 298 1 554 377
394 484 288 1 461 380
395 393 603 1 385 699
396 373 995 1 379 1093
397 331 942 1 334 1040
398 324 487 1 313 587
399 216 379 1 202 484
400 409 722 1 404 814
401 302 841 1 302 938
402 324 827 1 324 924
403 227 196 1 208 302
404 405 683 1 400 778
405 361 824 1 361 920
406 243 989 1 248 1091
407 200 165 1 179 274
408 540 688 1 530 766
409 493 92 1 462 188
410 273 737 1 270 837
411 317 880 1 319 978
412 262 435 1 251 539
413 338 829 1 338 925
414 323 631 1 316 729
415 246 195 1 226 302
416 340 786 1 338 883
417 333 602 1 326 701
418 228 355 1 212 459
419 288 277 1 270 381
420 118 149 1 98 261
421 28 1164 1 36 1278
422 357 854 1 358 952
423 447 952 1 452 1045
424 229 220 1 210 327
425 446 941 1 450 1034
426 268 775 1 267 876
427 231 208 1 211 314
428 248 978 1 254 1080
429 318 856 1 318 953
430 240 855 1 241 957
431 276 988 1 280 1087
432 267 790 1 267 891
433 283 384 1 269 486
434 563 338 1 536 416
435 330 901 1 333 1000
436 240 212 1 221 318
437 219 205 1 200 314
438 428 298 1 407 391
439 262 728 1 259 829
440 397 838 1 397 933
441 278 275 1 260 379
442 275 998 1 280 1098
443 288 905 1 290 1003
444 330 229 1 310 331
445 394 972 1 400 1069
446 291 817 1 291 916
447 185 47 1 162 161
448 289 696 1 285 796
449 312 155 1 288 260
450 304 915 1 306 1012
451 459 128 1 431 225
452 344 839 1 344 936
453 567 506 1 547 582
454 569 560 1 550 635
455 424 706 1 421 801
456 319 758 1 316 857
457 312 815 1 311 914
458 276 693 1 273 792
459 230 335 1 215 439
460 302 216 1 282 320
461 397 639 1 392 736
462 584 540 1 564 614
463 282 797 1 281 897
