0 246 639 1 35 394
1 244 626 1 33 382
2 255 507 1 40 264
3 262 950 1 63 703
4 268 855 1 64 608
5 245 614 1 34 370
6 239 710 1 31 464
7 249 564 1 36 320
8 251 575 1 38 331
9 231 576 1 17 333
10 240 682 1 31 437
11 256 496 1 41 253
12 256 517 1 41 274
13 283 569 1 70 323
14 277 681 1 67 435
15 269 842 1 65 594
16 280 625 1 69 380
17 45 1199 1 -146 963
18 252 1156 1 59 911
19 236 518 1 22 275
20 200 1205 1 8 961
21 254 547 1 40 305
22 225 876 1 23 630
23 225 772 1 20 526
24 267 875 1 64 628
25 276 695 1 67 448
26 221 936 1 20 691
27 262 961 1 62 715
28 56 1132 1 -138 895
29 66 1069 1 -130 831
30 175 1169 1 -16 925
31 268 865 1 64 617
32 203 1144 1 9 900
33 276 710 1 67 464
34 92 901 1 -109 661
35 203 1157 1 10 914
36 281 612 1 69 367
37 231 789 1 27 543
38 228 600 1 15 356
39 194 1173 1 2 929
40 261 974 1 62 727
41 225 621 1 14 377
42 220 689 1 10 445
43 244 599 1 31 354
44 217 959 1 17 714
45 218 973 1 19 728
46 281 599 1 69 354
47 269 831 1 65 584
48 68 839 1 -135 599
49 243 451 1 26 208
50 181 486 1 -33 246
51 237 739 1 29 494
52 250 1204 1 59 958
53 237 665 1 28 421
54 235 540 1 20 297
55 226 844 1 23 598
56 150 161 1 -75 -73
57 205 851 1 1 606
58 264 910 1 64 663
59 253 796 1 48 549
60 425 704 1 212 442
61 277 665 1 68 419
62 136 157 1 -89 -76
63 206 820 1 1 576
64 139 146 1 -87 -88
65 62 1058 1 -134 820
66 152 145 1 -73 -89
67 213 739 1 6 494
68 136 707 1 -71 468
69 228 740 1 20 495
70 89 889 1 -113 650
71 287 579 1 74 334
72 41 1189 1 -150 952
73 235 485 1 20 242
74 224 640 1 13 396
75 288 559 1 73 313
76 197 910 1 -4 665
77 235 614 1 24 370
78 192 975 1 -7 730
79 376 760 1 168 510
80 242 764 1 36 519
81 220 665 1 11 422
82 170 1206 1 -21 964
83 58 1200 1 -133 964
84 503 682 1 289 419
85 52 1122 1 -142 885
86 175 1157 1 -18 915
87 230 683 1 22 438
88 211 936 1 11 691
89 241 465 1 24 222
90 349 616 1 135 369
91 126 154 1 -99 -79
92 396 698 1 184 439
93 215 876 1 13 631
94 77 1132 1 -116 895
95 274 812 1 69 565
96 695 1232 1 488 921
97 348 942 1 147 691
98 114 889 1 -87 649
99 87 1194 1 -105 955
100 424 688 1 209 426
101 159 133 1 -66 -102
102 198 381 1 -20 142
103 217 711 1 8 467
104 170 139 1 -56 -95
105 212 759 1 6 514
106 244 434 1 26 191
107 279 724 1 70 477
108 286 589 1 73 344
109 253 485 1 37 242
110 358 615 1 145 367
111 81 1121 1 -112 883
112 444 694 1 230 431
113 246 416 1 28 175
114 473 784 1 264 525
115 296 1081 1 100 829
116 469 800 1 260 543
117 233 552 1 19 307
118 76 1189 1 -116 952
119 251 1229 1 60 983
120 260 811 1 54 565
121 314 328 1 89 77
122 196 814 1 -8 570
123 73 1200 1 -119 962
124 259 445 1 42 202
125 229 697 1 21 453
126 270 787 1 64 540
127 540 871 1 332 600
128 378 554 1 163 305
129 230 709 1 21 464
130 166 165 1 -59 -71
131 502 692 1 288 428
132 379 851 1 174 597
133 503 715 1 290 451
134 250 776 1 44 530
135 411 515 1 190 251
136 285 450 1 68 206
137 264 1053 1 69 805
138 198 895 1 -3 649
139 390 615 1 177 365
140 209 374 1 -9 135
141 445 718 1 231 456
142 389 863 1 186 609
143 477 939 1 275 679
144 343 913 1 142 659
145 473 399 1 249 145
146 500 819 1 290 550
147 257 462 1 41 219
148 340 972 1 139 718
149 195 935 1 -4 690
150 389 554 1 173 305
151 406 733 1 197 482
152 292 485 1 76 240
153 395 683 1 184 434
154 122 765 1 -83 528
155 116 155 1 -108 -78
156 208 972 1 8 727
157 100 1125 1 -94 886
158 189 476 1 -26 236
159 506 1241 1 314 978
160 540 881 1 329 602
161 55 1144 1 -138 908
162 338 618 1 125 370
163 479 900 1 263 596
164 170 1227 1 -20 985
165 638 367 1 398 90
166 269 326 1 46 83
167 296 259 1 71 16
168 290 462 1 73 218
169 40 1219 1 -151 984
170 295 271 1 70 29
171 446 651 1 234 399
172 237 528 1 22 286
173 45 1148 1 -148 912
174 338 961 1 138 708
175 370 940 1 169 688
176 80 1236 1 -109 997
177 428 902 1 224 647
178 267 429 1 48 186
179 221 788 1 15 543
180 341 229 1 114 -13
181 322 1056 1 125 804
182 345 768 1 137 513
183 225 26 1 -5 -206
184 271 277 1 47 34
185 624 310 1 383 37
186 268 1034 1 71 785
187 41 1132 1 -152 896
188 320 1024 1 122 771
189 366 921 1 164 667
190 441 673 1 230 421
191 271 776 1 65 529
192 229 37 1 0 -195
193 262 992 1 63 745
194 428 801 1 222 548
195 505 704 1 292 441
196 638 509 1 404 227
197 226 296 1 3 56
198 297 174 1 70 -65
199 255 338 1 34 95
200 252 379 1 32 136
201 342 637 1 131 389
202 469 949 1 267 690
203 334 947 1 133 694
204 97 984 1 -101 747
205 341 608 1 127 360
206 415 453 1 196 204
207 193 1156 1 0 912
208 271 337 1 48 94
209 296 299 1 73 55
210 153 173 1 -71 -62
211 488 486 1 264 223
212 228 319 1 6 78
213 608 495 1 377 218
214 345 923 1 144 671
215 242 343 1 21 100
216 421 1013 1 223 758
217 341 805 1 135 555
218 512 806 1 302 538
219 85 1202 1 -106 967
220 303 794 1 97 545
221 188 1203 1 -3 960
222 423 634 1 210 382
223 218 725 1 9 481
224 368 984 1 168 729
225 332 1209 1 141 960
226 68 848 1 -135 609
227 269 722 1 62 477
228 466 962 1 265 703
229 255 217 1 29 -21
230 409 776 1 200 519
231 241 231 1 16 -8
232 308 879 1 105 628
233 480 949 1 278 690
234 445 615 1 231 363
235 650 994 1 438 701
236 391 575 1 177 326
237 364 678 1 154 429
238 356 1046 1 159 795
239 253 198 1 27 -40
240 531 374 1 295 100
241 260 298 1 37 57
242 351 751 1 144 500
243 407 909 1 205 654
244 328 848 1 123 599
245 310 940 1 109 687
246 219 698 1 10 454
247 234 361 1 13 119
248 294 200 1 68 -39
249 312 411 1 93 165
250 381 795 1 175 544
251 244 331 1 23 89
252 259 257 1 35 17
253 330 920 1 128 667
254 316 756 1 109 507
255 309 1009 1 110 756
256 530 874 1 316 591
257 234 972 1 35 726
258 324 590 1 111 343
259 391 587 1 178 338
260 319 251 1 93 8
261 285 1035 1 88 782
262 282 800 1 76 552
263 347 824 1 142 572
264 496 148 1 258 -102
265 613 546 1 383 267
266 401 809 1 196 557
267 393 1040 1 196 788
268 221 113 1 -7 -121
269 227 64 1 -2 -169
270 441 729 1 232 475
271 248 255 1 24 15
272 266 750 1 58 503
273 328 760 1 120 510
274 379 615 1 165 366
275 238 260 1 14 20
276 311 998 1 111 745
277 313 400 1 93 154
278 287 164 1 60 -75
279 285 1074 1 89 824
280 434 693 1 221 431
281 329 183 1 101 -57
282 429 606 1 215 355
283 280 652 1 69 406
284 93 1173 1 -99 934
285 268 1153 1 75 907
286 483 61 1 246 -184
287 636 407 1 398 129
288 315 894 1 112 642
289 404 1041 1 205 787
290 431 675 1 220 421
291 299 858 1 96 610
292 304 893 1 101 644
293 365 704 1 155 455
294 451 661 1 239 408
295 307 825 1 102 577
296 695 1217 1 488 906
297 99 890 1 -103 650
298 267 25 1 34 -208
299 464 404 1 241 153
300 358 940 1 158 689
301 436 568 1 220 316
302 315 571 1 100 324
303 439 918 1 236 661
304 277 185 1 50 -53
305 325 322 1 100 69
306 413 557 1 197 305
307 384 288 1 158 42
308 259 182 1 32 -56
309 380 588 1 166 338
310 312 796 1 106 547
311 290 997 1 92 747
312 362 446 1 144 200
313 366 1021 1 167 768
314 320 233 1 94 -8
315 398 553 1 182 303
316 429 943 1 227 688
317 371 892 1 167 639
318 266 266 1 42 26
319 256 268 1 32 27
320 235 274 1 11 33
321 435 583 1 220 332
322 119 796 1 -85 558
323 425 921 1 223 665
324 286 700 1 76 453
325 207 37 1 -22 -194
326 223 652 1 12 408
327 300 994 1 101 742
328 359 1002 1 160 751
329 442 641 1 230 388
330 355 765 1 149 513
331 407 795 1 200 542
332 432 972 1 231 715
333 319 812 1 114 563
334 310 909 1 108 658
335 264 379 1 44 135
336 328 958 1 129 706
337 379 906 1 177 652
338 248 291 1 25 49
339 628 288 1 386 15
340 672 251 1 422 -24
341 218 595 1 5 352
342 308 1074 1 113 825
343 388 973 1 187 718
344 240 575 1 27 331
345 291 753 1 83 505
346 342 241 1 116 0
347 51 1113 1 -144 876
348 300 287 1 75 44
349 248 307 1 26 64
350 283 289 1 60 46
351 123 775 1 -82 538
352 348 554 1 133 308
353 296 448 1 78 204
354 323 1039 1 125 786
355 285 345 1 63 101
356 73 881 1 -128 642
357 624 477 1 390 198
358 290 762 1 83 514
359 292 398 1 73 154
360 71 1236 1 -120 998
361 370 801 1 164 550
362 417 885 1 212 631
363 301 184 1 73 -55
364 242 212 1 16 -26
365 320 183 1 94 -55
366 314 870 1 110 619
367 295 220 1 69 -21
368 332 909 1 129 656
369 619 415 1 383 139
370 364 625 1 151 376
371 339 590 1 125 342
372 299 310 1 75 66
373 248 278 1 24 36
374 608 511 1 379 234
375 365 484 1 147 236
376 274 199 1 48 -39
377 271 1071 1 75 822
378 331 767 1 124 517
379 391 771 1 182 514
380 400 481 1 176 214
381 439 763 1 230 504
382 454 732 1 245 478
383 239 241 1 15 1
384 298 236 1 72 -5
385 341 731 1 133 483
386 254 934 1 53 687
387 279 379 1 59 136
388 297 713 1 88 464
389 242 199 1 15 -40
390 233 53 1 3 -180
391 284 175 1 57 -64
392 353 970 1 154 718
393 302 848 1 98 600
394 300 463 1 83 219
395 340 230 1 114 -11
396 214 306 1 -7 64
397 445 219 1 192 -70
398 396 975 1 196 720
399 285 215 1 59 -24
400 616 591 1 389 310
401 329 221 1 103 -19
402 253 207 1 27 -31
403 311 226 1 84 -16
404 348 447 1 129 201
405 390 1000 1 193 748
406 293 386 1 72 141
407 255 420 1 37 178
408 341 752 1 133 502
409 244 317 1 22 76
410 362 882 1 159 628
411 423 960 1 222 704
412 476 962 1 275 702
413 436 984 1 236 727
414 621 625 1 395 343
415 402 405 1 182 159
416 342 842 1 138 591
417 272 287 1 49 45
418 324 1050 1 127 799
419 335 1121 1 141 872
420 363 518 1 146 270
421 634 332 1 394 57
422 358 988 1 159 734
423 353 515 1 136 268
424 243 404 1 24 163
425 329 882 1 125 630
426 353 867 1 148 614
427 320 914 1 118 662
428 226 187 1 0 -50
429 583 745 1 365 467
430 531 111 1 291 -142
431 300 772 1 93 523
432 342 898 1 139 644
433 324 868 1 120 616
434 351 662 1 140 413
435 357 281 1 129 29
436 369 824 1 162 571
437 254 381 1 33 137
438 316 302 1 93 58
439 334 930 1 132 677
440 142 171 1 -82 -62
441 47 1209 1 -144 973
442 386 894 1 183 642
443 479 1001 1 279 741
444 256 243 1 31 3
445 478 989 1 278 730
446 295 811 1 90 563
447 257 230 1 32 -9
448 273 1022 1 77 773
449 345 900 1 142 646
450 266 893 1 64 645
451 295 825 1 90 577
452 311 411 1 92 165
453 611 373 1 373 99
454 377 907 1 175 654
455 267 235 1 42 -5
456 266 51 1 35 -182
457 614 530 1 384 251
458 326 268 1 102 25
459 408 926 1 206 672
460 306 300 1 82 57
461 602 463 1 371 189
462 315 950 1 113 697
463 358 252 1 132 7
464 358 903 1 155 649
465 319 857 1 114 606
466 271 223 1 45 -16
467 316 730 1 108 481
468 340 177 1 111 -65
469 481 755 1 271 495
470 321 904 1 118 652
471 338 187 1 111 -53
472 373 879 1 169 626
473 270 114 1 42 -121
474 616 614 1 389 332
475 456 740 1 247 486
476 347 794 1 140 544
477 340 852 1 135 602
478 303 726 1 95 478
479 257 361 1 36 118
480 449 761 1 240 501
481 330 240 1 105 -4
482 635 594 1 405 311
483 318 1007 1 120 754
