0 217 680 1 36 394
1 215 668 1 33 382
2 227 547 1 40 264
3 231 994 1 63 705
4 237 898 1 65 610
5 217 655 1 34 370
6 210 752 1 31 465
7 222 605 1 37 320
8 223 616 1 38 331
9 202 617 1 18 333
10 211 724 1 32 438
11 229 537 1 41 253
12 229 558 1 42 274
13 255 610 1 70 324
14 248 723 1 68 435
15 238 885 1 65 595
16 252 667 1 69 380
17 219 1204 1 60 913
18 209 559 1 22 275
19 164 1254 1 9 964
20 169 1205 1 11 916
21 225 588 1 41 305
22 194 919 1 23 632
23 195 814 1 20 527
24 236 919 1 64 630
25 246 737 1 67 449
26 189 980 1 20 692
27 230 1006 1 62 717
28 30 1114 1 -130 833
29 140 1217 1 -16 928
30 237 908 1 65 619
31 216 640 1 32 355
32 397 750 1 213 444
33 168 1192 1 9 903
34 246 752 1 67 464
35 59 943 1 -110 662
36 208 707 1 28 422
37 252 654 1 69 368
38 223 838 1 48 550
39 201 832 1 27 544
40 199 641 1 16 357
41 160 1221 1 2 932
42 230 1019 1 62 729
43 196 662 1 14 378
44 191 731 1 11 446
45 185 1003 1 17 715
46 186 1017 1 19 730
47 253 641 1 70 354
48 238 874 1 65 585
49 36 880 1 -136 600
50 154 527 1 -33 246
51 208 781 1 30 495
52 216 1254 1 59 961
53 207 581 1 21 297
54 195 887 1 24 600
55 175 863 1 1 577
56 127 201 1 -75 -74
57 174 894 1 1 607
58 233 954 1 64 665
59 480 914 1 302 601
60 248 707 1 68 420
61 113 197 1 -89 -77
62 217 491 1 27 208
63 213 806 1 36 520
64 116 186 1 -87 -89
65 27 1103 1 -134 822
66 129 185 1 -74 -90
67 183 780 1 6 495
68 106 747 1 -71 469
69 198 782 1 20 496
70 56 931 1 -113 651
71 259 620 1 74 334
72 208 525 1 20 242
73 226 806 1 49 518
74 195 681 1 13 396
75 260 600 1 74 314
76 165 953 1 -3 667
77 207 655 1 24 370
78 159 1019 1 -7 732
79 347 803 1 169 511
80 191 706 1 11 422
81 215 504 1 25 222
82 476 728 1 290 421
83 140 1205 1 -18 918
84 201 725 1 22 439
85 179 980 1 11 693
86 321 658 1 136 370
87 102 194 1 -99 -79
88 367 744 1 185 441
89 184 919 1 13 632
90 41 1178 1 -116 897
91 244 855 1 70 566
92 24 1249 1 -133 967
93 82 932 1 -87 650
94 49 1242 1 -105 958
95 136 174 1 -66 -103
96 172 421 1 -19 141
97 187 753 1 8 467
98 147 179 1 -56 -96
99 182 801 1 6 515
100 217 474 1 27 191
101 249 766 1 71 478
102 258 631 1 74 344
103 468 192 1 260 -103
104 330 657 1 145 367
105 513 917 1 334 604
106 45 1167 1 -113 886
107 226 526 1 37 242
108 416 740 1 231 434
109 263 1128 1 101 832
110 220 457 1 28 174
111 415 762 1 232 458
112 444 830 1 265 527
113 515 857 1 332 538
114 439 845 1 261 544
115 205 593 1 19 308
116 38 1238 1 -117 955
117 388 496 1 197 204
118 183 415 1 -9 135
119 229 854 1 55 566
120 289 370 1 89 76
121 165 857 1 -8 571
122 35 1249 1 -119 965
123 232 486 1 42 202
124 200 738 1 22 453
125 240 829 1 65 541
126 350 596 1 163 305
127 200 751 1 21 465
128 143 205 1 -59 -72
129 417 660 1 232 364
130 452 538 1 250 218
131 349 895 1 174 599
132 475 761 1 291 453
133 259 490 1 68 206
134 219 819 1 44 531
135 385 560 1 191 253
136 232 1099 1 69 807
137 614 558 1 408 230
138 316 813 1 137 515
139 166 938 1 -2 651
140 513 931 1 332 607
141 448 986 1 276 682
142 313 958 1 142 661
143 447 443 1 250 145
144 230 503 1 41 219
145 163 979 1 -4 692
146 361 596 1 174 305
147 265 526 1 76 240
148 366 726 1 184 434
149 91 805 1 -83 528
150 93 195 1 -109 -79
151 175 1016 1 9 729
152 64 1171 1 -94 889
153 462 533 1 265 224
154 362 657 1 178 366
155 475 738 1 289 430
156 309 1019 1 140 721
157 161 517 1 -26 236
158 412 706 1 229 410
159 306 1008 1 139 711
160 310 660 1 125 370
161 616 415 1 402 91
162 243 368 1 46 83
163 272 301 1 72 15
164 263 503 1 74 218
165 271 312 1 71 29
166 418 695 1 235 400
167 209 569 1 23 286
168 435 359 1 232 61
169 339 985 1 170 690
170 377 776 1 198 483
171 311 631 1 126 342
172 240 470 1 48 186
173 191 830 1 16 544
174 317 272 1 115 -13
175 290 1102 1 126 807
176 301 955 1 130 659
177 204 68 1 -5 -208
178 246 318 1 48 33
179 602 357 1 387 37
180 236 1079 1 71 787
181 288 1070 1 122 774
182 336 967 1 165 669
183 300 965 1 129 668
184 413 717 1 231 421
185 242 819 1 66 530
186 207 79 1 0 -196
187 230 1037 1 63 747
188 399 845 1 223 549
189 200 337 1 3 55
190 274 216 1 71 -66
191 229 379 1 34 95
192 226 421 1 32 136
193 313 680 1 132 390
194 440 996 1 269 693
195 64 1026 1 -101 748
196 312 651 1 128 360
197 158 1204 1 0 915
198 245 379 1 48 94
199 271 340 1 73 55
200 129 213 1 -72 -63
201 243 1068 1 77 776
202 203 360 1 6 77
203 584 542 1 380 220
204 315 968 1 144 673
205 217 383 1 21 100
206 391 1060 1 224 761
207 273 837 1 98 546
208 153 1252 1 -2 963
209 187 767 1 10 482
210 337 1030 1 169 732
211 478 751 1 294 446
212 239 765 1 62 477
213 436 1008 1 266 705
214 682 345 1 456 14
215 442 553 1 240 229
216 231 259 1 29 -22
217 381 821 1 201 521
218 217 273 1 16 -9
219 278 924 1 105 630
220 451 996 1 280 692
221 625 1050 1 442 709
222 363 617 1 177 326
223 336 721 1 155 430
224 325 1092 1 160 797
225 229 239 1 27 -41
226 271 261 1 69 -22
227 235 340 1 38 56
228 322 794 1 144 501
229 377 954 1 206 656
230 608 607 1 403 277
231 395 677 1 211 383
232 486 939 1 299 599
233 279 985 1 110 689
234 189 740 1 11 455
235 208 402 1 14 119
236 271 242 1 68 -39
237 286 453 1 93 165
238 352 839 1 176 545
239 219 372 1 23 89
240 450 800 1 270 497
241 185 69 1 -23 -206
242 234 298 1 35 16
243 287 800 1 110 508
244 277 1056 1 110 759
245 201 1017 1 35 728
246 199 44 1 -11 -230
247 296 632 1 111 343
248 363 629 1 179 338
249 294 293 1 93 7
250 608 67 1 377 -241
251 252 843 1 77 553
252 317 868 1 143 574
253 277 975 1 107 679
254 588 594 1 386 269
255 372 853 1 196 558
256 362 1087 1 197 790
257 198 155 1 -7 -122
258 205 106 1 -2 -170
259 412 773 1 233 476
260 224 297 1 25 14
261 236 792 1 59 504
262 298 803 1 121 511
263 351 658 1 166 367
264 213 301 1 14 19
265 343 927 1 171 633
266 280 1044 1 112 747
267 287 441 1 94 154
268 299 938 1 127 643
269 264 206 1 60 -76
270 253 1120 1 89 827
271 311 848 1 136 556
272 406 738 1 222 433
273 387 810 1 209 510
274 305 225 1 102 -58
275 401 649 1 216 355
276 251 694 1 69 407
277 56 1221 1 -99 937
278 235 1201 1 76 910
279 613 380 1 398 58
280 461 105 1 247 -186
281 614 456 1 402 130
282 284 939 1 113 644
283 402 718 1 221 425
284 269 902 1 97 611
285 273 937 1 101 646
286 277 868 1 103 578
287 444 264 1 218 -66
288 66 932 1 -103 652
289 245 68 1 35 -209
290 438 447 1 242 153
291 328 985 1 158 690
292 409 610 1 221 316
293 288 613 1 101 324
294 410 964 1 237 663
295 253 227 1 51 -54
296 301 364 1 100 69
297 386 600 1 198 305
298 358 331 1 158 42
299 235 223 1 32 -56
300 353 631 1 167 339
301 282 839 1 107 548
302 259 1043 1 92 750
303 335 488 1 144 200
304 334 1068 1 168 771
305 296 275 1 94 -9
306 588 402 1 377 83
307 370 595 1 183 303
308 415 828 1 238 532
309 399 989 1 228 690
310 340 937 1 168 641
311 241 307 1 42 25
312 231 309 1 32 27
313 245 123 1 38 -154
314 210 315 1 11 33
315 407 626 1 221 332
316 615 547 1 408 220
317 88 836 1 -85 558
318 396 965 1 224 667
319 257 742 1 77 453
320 186 80 1 -22 -195
321 193 693 1 12 409
322 268 1040 1 102 744
323 328 1048 1 161 753
324 414 685 1 231 389
325 327 809 1 149 514
326 377 839 1 201 543
327 402 1018 1 232 718
328 335 748 1 156 456
329 289 856 1 114 564
330 279 954 1 108 660
331 237 420 1 44 135
332 318 988 1 148 693
333 349 950 1 178 654
334 223 332 1 25 48
335 527 867 1 345 550
336 607 335 1 389 14
337 652 299 1 427 -25
338 189 636 1 6 352
339 326 937 1 155 639
340 593 641 1 392 313
341 357 1019 1 188 720
342 261 796 1 83 506
343 317 284 1 116 -1
344 275 328 1 76 43
345 223 348 1 26 64
346 258 331 1 60 46
347 92 815 1 -82 538
348 321 597 1 134 308
349 291 1086 1 126 789
350 259 386 1 63 100
351 40 923 1 -128 643
352 600 526 1 394 200
353 522 542 1 324 231
354 260 805 1 83 515
355 266 439 1 73 154
356 341 844 1 165 552
357 277 226 1 73 -56
358 217 253 1 16 -27
359 296 225 1 94 -56
360 284 915 1 111 621
361 487 57 1 268 -237
362 362 816 1 185 521
363 596 463 1 387 141
364 422 713 1 239 417
365 335 668 1 151 377
366 273 351 1 76 66
367 598 491 1 389 167
368 223 319 1 24 36
369 585 559 1 382 236
370 338 526 1 148 236
371 250 240 1 48 -40
372 238 1117 1 75 824
373 301 810 1 125 518
374 374 529 1 177 216
375 410 808 1 231 506
376 425 776 1 246 479
377 215 282 1 15 0
378 274 278 1 73 -5
379 456 267 1 247 -33
380 312 774 1 134 483
381 222 978 1 54 689
382 253 421 1 59 136
383 268 755 1 89 465
384 218 240 1 16 -41
385 211 95 1 3 -181
386 261 216 1 57 -65
387 272 892 1 99 601
388 274 504 1 83 218
389 316 272 1 115 -12
390 189 346 1 -7 64
391 422 263 1 194 -73
392 303 993 1 134 696
393 366 1021 1 197 723
394 261 257 1 59 -25
395 367 488 1 175 197
396 305 264 1 103 -20
397 228 249 1 27 -32
398 286 268 1 85 -17
399 322 488 1 130 201
400 360 1046 1 193 750
401 267 427 1 73 141
402 687 670 1 478 327
403 229 460 1 38 178
404 311 795 1 134 503
405 219 358 1 23 76
406 332 927 1 160 630
407 392 1005 1 223 706
408 446 1009 1 276 705
409 406 1031 1 237 729
410 597 674 1 398 346
411 377 447 1 183 159
412 312 887 1 139 593
413 247 328 1 50 44
414 292 1098 1 128 801
415 302 1169 1 141 875
416 335 560 1 147 270
417 619 360 1 403 38
418 327 1033 1 160 736
419 325 557 1 137 268
420 216 445 1 24 162
421 407 696 1 225 401
422 299 927 1 126 632
423 322 912 1 149 616
424 49 1251 1 -106 970
425 202 228 1 0 -51
426 509 156 1 293 -143
427 270 815 1 94 525
428 312 943 1 140 646
429 431 821 1 253 519
430 322 704 1 141 413
431 339 869 1 163 573
432 228 422 1 33 137
433 291 343 1 93 58
434 601 566 1 394 237
435 118 211 1 -82 -63
436 355 939 1 184 643
437 450 1049 1 281 744
438 231 284 1 31 2
439 448 1036 1 279 732
440 265 855 1 91 564
441 233 272 1 32 -10
442 679 650 1 473 313
443 315 945 1 143 648
444 235 936 1 64 647
445 264 869 1 90 579
446 491 918 1 301 570
447 285 453 1 92 165
448 587 420 1 377 99
449 347 952 1 176 656
450 620 360 1 403 38
451 242 276 1 42 -6
452 244 94 1 35 -183
453 590 578 1 387 254
454 301 310 1 102 24
455 377 971 1 207 674
456 280 342 1 82 56
457 516 502 1 317 194
458 283 996 1 114 700
459 334 295 1 133 6
460 328 948 1 156 651
461 288 902 1 115 608
462 247 266 1 45 -17
463 287 772 1 109 482
464 317 219 1 111 -66
465 290 949 1 119 654
466 315 228 1 112 -54
467 229 154 1 23 -125
468 248 157 1 42 -123
469 591 663 1 392 336
470 427 784 1 248 487
471 317 837 1 141 545
472 173 532 1 -15 250
473 309 896 1 136 603
474 274 769 1 96 479
475 231 402 1 36 117
476 420 806 1 241 503
477 306 282 1 105 -4
478 332 324 1 130 29
479 611 644 1 409 314
480 287 1053 1 120 757
