0 216 682 1 36 394
1 214 670 1 34 382
2 226 549 1 40 264
3 231 996 1 63 705
4 237 900 1 65 610
5 216 657 1 34 371
6 209 754 1 31 465
7 221 607 1 37 320
8 221 618 1 38 331
9 201 619 1 18 333
10 210 726 1 32 438
11 227 539 1 41 253
12 228 559 1 42 274
13 254 612 1 70 324
14 247 725 1 68 436
15 238 887 1 65 596
16 251 669 1 69 380
17 219 1207 1 60 914
18 207 561 1 22 275
19 170 1208 1 11 917
20 224 590 1 41 305
21 194 921 1 23 632
22 195 816 1 20 527
23 236 921 1 64 630
24 246 739 1 67 449
25 189 982 1 20 693
26 230 1008 1 63 717
27 30 1116 1 -130 833
28 141 1220 1 -16 929
29 237 910 1 65 619
30 215 642 1 32 355
31 396 752 1 214 445
32 169 1194 1 9 904
33 246 754 1 67 465
34 58 945 1 -110 663
35 207 709 1 28 422
36 251 656 1 69 368
37 222 840 1 48 550
38 200 834 1 27 545
39 198 642 1 16 357
40 160 1223 1 2 933
41 230 1021 1 63 729
42 195 664 1 15 378
43 190 733 1 11 446
44 185 1006 1 17 716
45 186 1020 1 19 730
46 252 643 1 70 354
47 238 876 1 65 585
48 35 882 1 -136 601
49 153 528 1 -33 246
50 207 783 1 30 495
51 205 583 1 21 297
52 195 889 1 24 600
53 174 865 1 1 577
54 124 203 1 -75 -74
55 174 896 1 1 608
56 233 956 1 64 665
57 480 915 1 302 602
58 248 709 1 68 420
59 110 199 1 -89 -77
60 215 493 1 27 208
61 212 808 1 36 520
62 113 188 1 -87 -89
63 27 1106 1 -134 822
64 127 187 1 -74 -90
65 182 782 1 6 495
66 105 749 1 -70 469
67 197 784 1 20 496
68 56 934 1 -113 651
69 257 622 1 74 334
70 206 527 1 20 242
71 225 808 1 49 519
72 216 1255 1 59 962
73 194 683 1 13 397
74 258 602 1 74 314
75 165 955 1 -3 667
76 206 657 1 24 370
77 159 1021 1 -7 733
78 346 805 1 169 511
79 190 708 1 11 422
80 167 1255 1 9 964
81 213 505 1 25 222
82 475 730 1 291 421
83 140 1208 1 -17 918
84 200 726 1 22 439
85 179 982 1 11 693
86 320 659 1 136 370
87 100 196 1 -100 -80
88 367 746 1 185 442
89 184 921 1 13 633
90 42 1181 1 -116 898
91 243 857 1 70 566
92 413 965 1 237 664
93 24 1252 1 -133 968
94 157 1255 1 -2 963
95 81 934 1 -87 651
96 50 1245 1 -105 959
97 134 175 1 -66 -103
98 170 423 1 -19 141
99 186 755 1 8 468
100 144 181 1 -56 -96
101 181 803 1 6 515
102 216 476 1 27 191
103 248 768 1 71 478
104 257 633 1 74 344
105 329 658 1 146 367
106 512 919 1 334 605
107 45 1171 1 -113 886
108 224 528 1 37 242
109 416 742 1 232 434
110 263 1131 1 101 833
111 218 459 1 28 174
112 414 764 1 233 459
113 444 832 1 266 528
114 515 859 1 333 539
115 439 847 1 262 545
116 204 594 1 19 308
117 39 1241 1 -117 956
118 386 497 1 197 204
119 181 417 1 -9 135
120 229 856 1 55 566
121 287 371 1 89 76
122 165 859 1 -8 571
123 527 849 1 344 529
124 36 1252 1 -119 966
125 230 488 1 42 202
126 199 740 1 22 453
127 240 831 1 65 541
128 349 597 1 163 306
129 199 753 1 21 465
130 140 207 1 -59 -72
131 416 661 1 232 364
132 451 540 1 250 219
133 349 897 1 175 599
134 475 762 1 292 453
135 257 492 1 68 206
136 218 821 1 44 532
137 383 562 1 191 253
138 233 1101 1 69 808
139 613 560 1 409 230
140 316 815 1 138 515
141 166 940 1 -2 651
142 513 933 1 332 609
143 448 988 1 276 682
144 313 960 1 142 662
145 445 445 1 250 145
146 229 505 1 41 219
147 163 981 1 -4 692
148 360 597 1 174 305
149 264 527 1 76 240
150 365 728 1 185 434
151 91 807 1 -83 528
152 90 196 1 -109 -80
153 175 1019 1 9 729
154 64 1174 1 -94 889
155 461 534 1 266 224
156 361 658 1 178 366
157 475 739 1 290 430
158 309 1021 1 140 722
159 160 519 1 -26 236
160 411 707 1 229 411
161 306 1010 1 139 712
162 309 662 1 126 370
163 615 416 1 403 91
164 241 369 1 46 82
165 270 302 1 72 15
166 261 505 1 74 218
167 268 314 1 71 28
168 417 696 1 235 400
169 458 913 1 279 595
170 208 571 1 23 286
171 433 360 1 232 61
172 339 986 1 170 691
173 376 778 1 198 483
174 310 632 1 126 342
175 238 471 1 48 186
176 190 832 1 16 544
177 314 273 1 115 -14
178 290 1104 1 126 808
179 301 957 1 130 659
180 201 70 1 -5 -208
181 244 320 1 48 33
182 601 358 1 388 37
183 236 1082 1 71 788
184 289 1073 1 122 774
185 336 969 1 165 670
186 300 967 1 129 669
187 412 718 1 231 422
188 241 821 1 66 531
189 205 81 1 0 -197
190 230 1039 1 64 748
191 398 847 1 223 550
192 198 338 1 3 55
193 272 217 1 71 -66
194 228 380 1 34 95
195 224 422 1 32 136
196 312 681 1 132 390
197 440 997 1 269 693
198 64 1028 1 -101 748
199 311 652 1 128 360
200 159 1206 1 0 916
201 468 197 1 260 -104
202 243 381 1 48 94
203 269 342 1 73 55
204 127 215 1 -72 -63
205 243 1070 1 78 776
206 201 362 1 6 77
207 584 544 1 381 221
208 314 970 1 144 673
209 214 385 1 21 100
210 391 1062 1 224 761
211 272 839 1 98 546
212 187 769 1 10 482
213 337 1031 1 169 733
214 478 752 1 295 446
215 239 766 1 62 478
216 436 1010 1 266 706
217 681 346 1 458 13
218 441 555 1 241 229
219 229 260 1 29 -22
220 380 823 1 202 521
221 215 274 1 17 -9
222 278 925 1 106 630
223 451 998 1 280 693
224 626 1053 1 443 711
225 362 618 1 178 326
226 335 723 1 155 430
227 325 1095 1 160 798
228 227 241 1 27 -41
229 269 262 1 69 -22
230 233 341 1 38 56
231 321 795 1 144 502
232 608 609 1 404 278
233 394 678 1 211 383
234 486 943 1 300 601
235 279 987 1 110 690
236 188 743 1 11 455
237 206 404 1 14 119
238 268 244 1 68 -40
239 284 454 1 93 165
240 351 841 1 176 545
241 217 374 1 23 89
242 449 802 1 270 497
243 182 71 1 -23 -206
244 232 300 1 35 16
245 287 801 1 110 509
246 278 1058 1 111 760
247 201 1019 1 35 728
248 196 45 1 -11 -231
249 295 633 1 112 343
250 362 630 1 179 338
251 292 295 1 93 7
252 606 67 1 378 -242
253 251 845 1 77 554
254 317 869 1 143 574
255 277 977 1 107 679
256 588 596 1 387 270
257 371 854 1 197 559
258 363 1089 1 197 790
259 195 156 1 -7 -123
260 202 107 1 -2 -170
261 412 774 1 233 477
262 221 298 1 25 14
263 235 794 1 59 504
264 297 805 1 121 511
265 350 659 1 166 367
266 210 302 1 14 19
267 343 928 1 172 633
268 280 1047 1 112 748
269 286 443 1 94 154
270 298 940 1 127 643
271 262 207 1 60 -77
272 253 1123 1 89 828
273 311 850 1 136 556
274 406 740 1 222 434
275 387 811 1 209 511
276 303 226 1 102 -59
277 400 651 1 216 355
278 250 696 1 69 407
279 57 1224 1 -99 937
280 236 1203 1 76 910
281 612 381 1 399 58
282 458 107 1 247 -187
283 614 457 1 403 131
284 284 941 1 113 645
285 402 720 1 221 425
286 269 904 1 97 611
287 273 939 1 102 646
288 276 869 1 103 578
289 443 266 1 218 -66
290 66 935 1 -103 652
291 242 69 1 35 -210
292 436 448 1 243 153
293 328 987 1 159 691
294 407 612 1 222 316
295 286 614 1 101 324
296 251 229 1 51 -54
297 299 366 1 100 69
298 385 601 1 199 306
299 357 332 1 159 41
300 233 225 1 32 -57
301 352 632 1 167 339
302 282 841 1 107 548
303 259 1045 1 92 750
304 334 490 1 144 200
305 334 1069 1 168 772
306 293 277 1 94 -9
307 587 403 1 377 83
308 369 597 1 183 303
309 415 829 1 238 533
310 399 991 1 228 691
311 340 939 1 168 641
312 239 309 1 42 25
313 229 311 1 32 27
314 243 125 1 38 -154
315 208 317 1 11 33
316 406 627 1 221 332
317 615 548 1 409 220
318 506 867 1 329 562
319 87 838 1 -85 558
320 396 967 1 224 668
321 256 744 1 77 454
322 620 400 1 406 76
323 183 81 1 -22 -195
324 192 696 1 12 409
325 268 1043 1 102 745
326 328 1050 1 161 753
327 413 686 1 231 389
328 326 811 1 149 515
329 377 841 1 201 544
330 402 1020 1 233 719
331 334 749 1 156 456
332 289 858 1 114 565
333 279 956 1 108 660
334 236 422 1 44 135
335 317 990 1 148 694
336 349 952 1 178 655
337 222 333 1 25 48
338 528 870 1 346 551
339 606 336 1 390 14
340 650 300 1 428 -25
341 188 638 1 6 352
342 326 939 1 155 639
343 592 642 1 393 314
344 357 1021 1 188 721
345 261 798 1 83 506
346 315 285 1 116 -1
347 273 330 1 76 43
348 221 349 1 26 64
349 256 332 1 60 45
350 91 817 1 -82 538
351 320 598 1 134 308
352 369 548 1 159 187
353 291 1088 1 126 790
354 258 388 1 63 100
355 40 925 1 -128 643
356 600 527 1 395 201
357 521 543 1 325 231
358 259 807 1 83 516
359 264 441 1 73 153
360 340 846 1 165 552
361 275 228 1 74 -56
362 215 254 1 16 -27
363 294 226 1 94 -56
364 283 917 1 111 621
365 484 57 1 268 -238
366 362 818 1 185 522
367 596 465 1 388 141
368 421 714 1 240 418
369 334 670 1 151 377
370 271 353 1 76 66
371 598 493 1 390 167
372 221 321 1 24 35
373 584 561 1 383 237
374 336 528 1 148 236
375 248 242 1 48 -40
376 239 1120 1 76 825
377 301 812 1 125 519
378 409 809 1 231 506
379 424 777 1 246 479
380 213 284 1 15 0
381 271 280 1 73 -5
382 455 269 1 248 -34
383 311 776 1 134 484
384 222 981 1 54 690
385 251 422 1 59 135
386 267 758 1 89 465
387 215 241 1 16 -41
388 208 97 1 3 -181
389 258 218 1 57 -65
390 272 894 1 99 601
391 272 506 1 84 218
392 314 273 1 115 -12
393 187 348 1 -7 64
394 420 265 1 194 -73
395 303 995 1 134 697
396 365 1023 1 197 723
397 259 258 1 59 -25
398 366 490 1 175 197
399 302 266 1 103 -20
400 226 251 1 27 -32
401 284 269 1 85 -17
402 320 490 1 130 201
403 360 1047 1 194 750
404 265 429 1 73 141
405 687 672 1 479 328
406 227 462 1 38 178
407 311 796 1 134 503
408 217 359 1 23 75
409 332 929 1 160 631
410 392 1007 1 223 707
411 447 1010 1 276 706
412 406 1032 1 237 730
413 597 676 1 399 347
414 375 447 1 183 159
415 312 888 1 139 593
416 245 329 1 50 44
417 292 1099 1 128 802
418 303 1172 1 142 875
419 334 562 1 147 270
420 618 361 1 404 38
421 327 1035 1 160 737
422 324 559 1 137 268
423 215 446 1 24 162
424 406 698 1 225 402
425 298 929 1 126 632
426 322 914 1 149 617
427 408 1063 1 241 760
428 200 229 1 0 -51
429 507 156 1 293 -144
430 270 817 1 94 525
431 311 945 1 140 647
432 431 823 1 253 519
433 321 706 1 141 413
434 338 870 1 163 573
435 226 424 1 33 137
436 289 345 1 93 57
437 600 568 1 395 237
438 116 213 1 -82 -63
439 355 941 1 184 644
440 450 1050 1 281 745
441 229 286 1 31 2
442 449 1037 1 280 733
443 265 857 1 91 564
444 230 273 1 32 -10
445 679 651 1 474 314
446 315 947 1 143 648
447 235 938 1 64 647
448 264 871 1 91 579
449 491 922 1 302 573
450 283 454 1 92 165
451 586 421 1 377 100
452 347 954 1 176 657
453 619 361 1 404 38
454 240 278 1 42 -6
455 241 95 1 35 -184
456 590 580 1 388 254
457 299 311 1 102 24
458 377 973 1 207 674
459 278 344 1 82 56
460 515 504 1 317 194
461 283 998 1 114 700
462 332 296 1 133 6
463 328 950 1 156 651
464 288 904 1 115 608
465 244 267 1 46 -17
466 287 774 1 109 482
467 314 220 1 111 -66
468 290 951 1 119 655
469 312 230 1 112 -54
470 226 155 1 23 -125
471 245 158 1 42 -123
472 591 665 1 393 337
473 426 785 1 248 488
474 317 839 1 141 545
475 171 533 1 -15 250
476 309 898 1 136 604
477 273 771 1 96 479
478 230 403 1 36 117
479 420 807 1 241 504
480 304 283 1 105 -4
481 330 325 1 130 29
482 611 646 1 410 315
483 287 1055 1 120 757
