0 208 684 1 36 395
1 206 672 1 34 383
2 218 551 1 41 264
3 223 1000 1 64 708
4 229 904 1 65 612
5 208 659 1 35 371
6 201 756 1 31 466
7 213 609 1 37 320
8 214 620 1 39 332
9 193 621 1 18 333
10 202 728 1 32 439
11 220 541 1 42 253
12 220 561 1 43 274
13 246 614 1 71 324
14 239 727 1 69 437
15 230 891 1 66 598
16 243 671 1 70 381
17 211 1213 1 60 919
18 199 562 1 22 275
19 222 1013 1 63 720
20 161 1215 1 11 921
21 26 887 1 -136 602
22 217 591 1 41 305
23 186 925 1 23 634
24 186 819 1 21 529
25 228 925 1 65 632
26 238 741 1 68 450
27 181 987 1 21 695
28 522 866 1 347 543
29 132 1226 1 -16 934
30 228 914 1 66 621
31 207 644 1 32 356
32 160 1201 1 9 908
33 238 757 1 68 466
34 50 949 1 -110 665
35 199 711 1 29 423
36 244 657 1 70 368
37 214 844 1 49 552
38 192 837 1 27 546
39 190 644 1 16 357
40 152 1230 1 3 937
41 222 1026 1 63 732
42 187 666 1 15 378
43 182 735 1 11 447
44 176 1010 1 18 719
45 178 1025 1 19 733
46 244 645 1 70 355
47 230 880 1 66 587
48 145 530 1 -33 246
49 199 786 1 30 496
50 197 584 1 21 297
51 187 893 1 24 602
52 166 868 1 2 579
53 116 203 1 -76 -76
54 165 900 1 1 609
55 225 960 1 65 668
56 474 922 1 305 607
57 240 711 1 69 421
58 102 198 1 -89 -79
59 207 494 1 27 208
60 204 811 1 37 522
61 105 187 1 -88 -91
62 119 187 1 -74 -92
63 174 785 1 7 497
64 98 751 1 -70 469
65 189 787 1 21 497
66 47 938 1 -113 653
67 250 624 1 75 335
68 198 528 1 21 242
69 217 811 1 50 520
70 187 685 1 14 397
71 251 604 1 75 314
72 156 959 1 -3 670
73 198 659 1 24 371
74 150 1026 1 -7 736
75 339 808 1 170 512
76 34 1176 1 -113 890
77 182 711 1 12 423
78 34 1187 1 -116 901
79 205 507 1 25 222
80 469 735 1 293 424
81 131 1215 1 -17 923
82 192 729 1 22 440
83 171 987 1 11 696
84 313 661 1 137 370
85 91 196 1 -100 -81
86 359 751 1 186 445
87 175 925 1 14 635
88 235 861 1 70 568
89 72 938 1 -87 653
90 126 174 1 -67 -105
91 162 423 1 -19 141
92 178 758 1 9 469
93 136 180 1 -56 -98
94 173 806 1 6 517
95 208 477 1 27 191
96 241 771 1 71 479
97 250 635 1 75 345
98 455 537 1 268 226
99 322 660 1 147 368
100 217 529 1 38 242
101 409 748 1 234 438
102 255 1138 1 102 838
103 211 460 1 29 174
104 406 770 1 235 462
105 437 836 1 267 531
106 509 865 1 336 545
107 433 851 1 263 547
108 196 596 1 20 308
109 379 499 1 198 204
110 174 418 1 -9 135
111 221 859 1 55 568
112 278 373 1 90 76
113 156 862 1 -8 573
114 522 857 1 348 535
115 223 489 1 43 202
116 191 743 1 22 454
117 232 834 1 66 543
118 341 599 1 164 306
119 191 756 1 22 467
120 132 207 1 -59 -74
121 409 664 1 234 365
122 341 902 1 176 602
123 469 768 1 294 457
124 250 493 1 69 206
125 210 824 1 45 533
126 224 1107 1 70 812
127 612 566 1 415 234
128 308 821 1 139 519
129 158 944 1 -2 654
130 508 946 1 336 617
131 416 1008 1 229 613
132 305 966 1 143 666
133 221 506 1 42 219
134 155 985 1 -4 695
135 353 599 1 175 305
136 256 529 1 77 240
137 358 730 1 186 435
138 83 809 1 -83 528
139 82 196 1 -109 -81
140 167 1023 1 9 732
141 55 1180 1 -94 893
142 354 661 1 179 366
143 468 744 1 292 434
144 303 1028 1 141 726
145 152 520 1 -26 236
146 404 710 1 230 412
147 372 828 1 203 524
148 298 1016 1 140 715
149 301 663 1 127 371
150 613 419 1 409 92
151 233 370 1 47 82
152 439 445 1 252 145
153 262 302 1 72 14
154 254 506 1 74 218
155 427 371 1 234 69
156 261 314 1 71 28
157 410 699 1 237 401
158 451 921 1 281 602
159 200 572 1 23 286
160 361 375 1 171 75
161 426 362 1 234 61
162 332 991 1 171 693
163 369 781 1 200 484
164 302 634 1 127 343
165 231 472 1 49 186
166 182 836 1 16 546
167 307 273 1 116 -15
168 283 1111 1 127 812
169 293 962 1 131 663
170 193 69 1 -5 -210
171 487 941 1 306 586
172 237 320 1 48 32
173 599 360 1 393 37
174 312 920 1 150 620
175 228 1087 1 72 792
176 281 1079 1 123 779
177 328 975 1 166 673
178 292 972 1 130 672
179 405 721 1 232 423
180 233 824 1 67 532
181 197 80 1 0 -198
182 222 1044 1 64 751
183 392 850 1 224 551
184 190 339 1 3 54
185 264 217 1 71 -67
186 220 381 1 34 94
187 216 423 1 32 136
188 305 684 1 133 390
189 55 1032 1 -101 750
190 304 654 1 129 361
191 150 1213 1 0 920
192 235 382 1 49 93
193 261 342 1 73 54
194 119 214 1 -72 -65
195 235 1076 1 78 780
196 193 362 1 6 77
197 580 550 1 386 224
198 307 975 1 145 676
199 206 386 1 21 99
200 384 1068 1 225 765
201 265 842 1 99 548
202 178 772 1 10 483
203 611 474 1 403 135
204 330 1037 1 170 736
205 472 758 1 297 449
206 231 769 1 63 479
207 429 1016 1 268 710
208 684 348 1 467 13
209 434 562 1 243 233
210 221 260 1 29 -23
211 207 274 1 17 -10
212 269 930 1 106 633
213 624 1070 1 450 724
214 355 620 1 179 327
215 328 725 1 156 431
216 318 1100 1 162 801
217 219 241 1 28 -43
218 261 262 1 70 -23
219 225 342 1 38 56
220 314 799 1 145 503
221 606 616 1 410 282
222 387 681 1 213 384
223 272 993 1 111 694
224 180 744 1 11 456
225 198 405 1 14 118
226 261 244 1 69 -41
227 277 455 1 94 165
228 261 1050 1 102 750
229 578 643 1 387 311
230 344 844 1 177 547
231 209 375 1 23 88
232 443 807 1 272 500
233 175 70 1 -23 -208
234 349 914 1 185 615
235 225 300 1 36 15
236 278 805 1 111 510
237 270 1064 1 111 764
238 192 1023 1 36 731
239 188 45 1 -11 -233
240 287 635 1 112 344
241 355 632 1 180 339
242 285 295 1 94 6
243 605 62 1 383 -249
244 243 848 1 77 555
245 309 873 1 144 577
246 270 983 1 108 683
247 584 603 1 392 274
248 364 858 1 198 560
249 355 1094 1 198 794
250 187 156 1 -7 -124
251 194 107 1 -2 -172
252 404 777 1 235 478
253 214 298 1 25 13
254 227 797 1 60 506
255 290 808 1 122 513
256 301 985 1 139 686
257 342 661 1 167 367
258 203 303 1 14 18
259 336 933 1 173 635
260 272 1053 1 113 753
261 278 444 1 94 153
262 290 945 1 128 646
263 254 207 1 60 -78
264 246 1128 1 90 832
265 303 854 1 137 558
266 399 745 1 224 437
267 380 816 1 210 513
268 296 226 1 102 -60
269 393 653 1 218 356
270 242 698 1 70 408
271 48 1231 1 -100 942
272 227 1209 1 77 915
273 610 383 1 404 58
274 611 461 1 409 133
275 276 946 1 114 648
276 395 722 1 222 426
277 261 908 1 98 614
278 266 944 1 102 649
279 439 740 1 262 426
280 269 873 1 104 580
281 436 268 1 221 -70
282 57 939 1 -103 654
283 234 68 1 35 -211
284 400 614 1 223 317
285 250 273 1 58 -13
286 279 616 1 102 325
287 243 228 1 51 -55
288 290 368 1 100 69
289 378 604 1 200 306
290 349 333 1 160 41
291 225 225 1 32 -58
292 344 634 1 168 340
293 274 845 1 108 550
294 251 1050 1 93 754
295 327 491 1 145 200
296 327 1075 1 170 775
297 286 277 1 95 -10
298 584 406 1 382 84
299 362 599 1 184 304
300 407 833 1 240 534
301 627 485 1 425 156
302 333 944 1 170 644
303 231 309 1 43 24
304 222 311 1 32 26
305 236 124 1 39 -156
306 200 317 1 11 32
307 399 629 1 222 333
308 613 555 1 415 224
309 501 872 1 332 565
310 79 841 1 -84 559
311 249 747 1 77 455
312 618 402 1 412 76
313 175 80 1 -22 -197
314 184 698 1 13 410
315 320 1055 1 162 756
316 406 689 1 232 390
317 429 451 1 244 152
318 370 844 1 202 546
319 395 1026 1 234 722
320 326 752 1 157 457
321 281 861 1 115 566
322 271 962 1 109 664
323 228 423 1 44 135
324 310 995 1 150 697
325 342 957 1 179 658
326 214 334 1 26 48
327 522 877 1 349 557
328 603 338 1 396 13
329 651 300 1 436 -27
330 180 639 1 6 353
331 319 944 1 156 643
332 590 650 1 399 319
333 350 1026 1 190 725
334 253 801 1 84 507
335 308 286 1 117 -2
336 265 330 1 76 42
337 213 350 1 26 63
338 248 332 1 61 45
339 83 819 1 -81 539
340 312 600 1 135 308
341 363 562 1 160 195
342 284 1094 1 127 794
343 249 389 1 63 100
344 598 533 1 400 204
345 516 548 1 328 233
346 252 810 1 84 517
347 256 441 1 74 153
348 333 850 1 167 554
349 267 227 1 74 -58
350 207 255 1 16 -28
351 286 226 1 95 -57
352 275 922 1 111 624
353 479 56 1 270 -242
354 354 823 1 186 524
355 593 469 1 393 143
356 414 717 1 241 419
357 326 672 1 152 378
358 264 354 1 76 65
359 595 498 1 396 169
360 213 321 1 25 35
361 581 567 1 388 240
362 329 529 1 149 236
363 578 615 1 386 287
364 391 1001 1 230 694
365 241 242 1 49 -41
366 231 1126 1 76 829
367 293 815 1 126 520
368 591 510 1 394 182
369 402 813 1 233 509
370 418 781 1 247 481
371 205 284 1 15 0
372 264 280 1 73 -7
373 304 779 1 135 485
374 214 985 1 55 692
375 244 424 1 60 135
376 259 760 1 90 467
377 207 241 1 16 -42
378 201 96 1 4 -183
379 251 217 1 58 -66
380 265 507 1 84 218
381 307 273 1 116 -14
382 179 349 1 -7 63
383 205 132 1 8 -148
384 296 1001 1 135 701
385 252 258 1 60 -26
386 359 491 1 176 197
387 295 266 1 104 -21
388 219 250 1 27 -34
389 277 269 1 85 -18
390 313 491 1 131 201
391 353 1052 1 195 753
392 257 430 1 73 140
393 689 684 1 488 335
394 220 463 1 38 177
395 303 800 1 135 505
396 209 360 1 23 75
397 325 935 1 161 634
398 386 1012 1 225 710
399 440 1016 1 278 710
400 399 1039 1 239 734
401 594 685 1 405 352
402 304 892 1 140 596
403 238 330 1 50 43
404 285 1105 1 129 806
405 295 1178 1 143 879
406 327 563 1 148 270
407 617 364 1 410 38
408 319 1041 1 161 741
409 317 560 1 138 268
410 207 447 1 24 162
411 399 700 1 226 402
412 290 935 1 127 635
413 401 1069 1 242 764
414 172 46 1 -26 -230
415 193 229 1 0 -52
416 502 155 1 296 -147
417 262 820 1 95 527
418 304 950 1 141 650
419 425 827 1 255 522
420 268 790 1 99 495
421 314 708 1 142 414
422 331 874 1 164 576
423 218 425 1 34 137
424 282 345 1 94 57
425 598 574 1 401 241
426 348 945 1 185 646
427 443 1056 1 283 749
428 221 286 1 31 1
429 442 1043 1 282 737
430 257 860 1 91 566
431 223 273 1 32 -11
432 680 662 1 482 320
433 307 952 1 144 652
434 227 942 1 65 650
435 256 874 1 91 581
436 276 456 1 93 165
437 583 425 1 383 101
438 339 959 1 177 659
439 617 363 1 410 38
440 232 278 1 42 -7
441 201 151 1 5 -132
442 234 95 1 36 -185
443 587 586 1 393 258
444 292 312 1 103 23
445 271 344 1 83 55
446 509 507 1 320 195
447 276 1004 1 115 704
448 325 296 1 134 5
449 321 955 1 158 655
450 280 909 1 116 611
451 237 267 1 46 -18
452 279 778 1 110 484
453 307 220 1 112 -68
454 282 957 1 120 658
455 305 229 1 113 -55
456 219 155 1 23 -126
457 238 158 1 42 -124
458 588 673 1 398 342
459 419 789 1 250 489
460 309 842 1 142 547
461 163 534 1 -14 250
462 301 902 1 137 606
463 266 774 1 97 481
464 222 405 1 37 117
465 413 812 1 243 507
466 296 284 1 106 -6
467 322 326 1 130 28
468 609 655 1 416 320
469 279 1062 1 121 762
