0 217 686 1 36 395
1 215 673 1 34 383
2 227 552 1 41 264
3 232 1002 1 64 708
4 238 906 1 66 612
5 217 661 1 35 371
6 210 757 1 32 467
7 222 610 1 37 320
8 223 621 1 39 332
9 202 622 1 18 333
10 211 730 1 32 439
11 229 542 1 42 253
12 229 562 1 43 274
13 255 615 1 71 324
14 248 729 1 69 437
15 239 892 1 66 598
16 252 672 1 70 381
17 220 1215 1 61 919
18 208 563 1 22 275
19 232 1014 1 63 720
20 170 1216 1 11 922
21 35 888 1 -136 603
22 226 592 1 42 305
23 195 927 1 24 635
24 196 820 1 21 529
25 237 926 1 65 633
26 247 742 1 68 450
27 190 988 1 21 696
28 532 868 1 348 544
29 142 1228 1 -16 935
30 238 915 1 66 622
31 216 645 1 32 356
32 170 1202 1 10 909
33 247 758 1 68 466
34 59 950 1 -110 665
35 208 712 1 29 423
36 253 659 1 70 369
37 223 845 1 49 552
38 201 838 1 28 547
39 199 645 1 16 357
40 161 1232 1 3 938
41 231 1027 1 63 732
42 196 667 1 15 378
43 191 737 1 11 447
44 186 1012 1 18 719
45 187 1026 1 20 734
46 253 646 1 70 355
47 239 881 1 66 588
48 153 531 1 -33 246
49 208 787 1 30 496
50 206 586 1 21 297
51 196 894 1 24 602
52 175 869 1 2 579
53 124 204 1 -76 -76
54 175 901 1 1 610
55 234 962 1 65 668
56 483 924 1 305 608
57 249 713 1 69 421
58 110 199 1 -90 -79
59 216 495 1 27 208
60 213 812 1 37 522
61 113 189 1 -88 -91
62 127 188 1 -74 -92
63 183 786 1 7 497
64 107 752 1 -70 469
65 198 789 1 21 498
66 56 939 1 -113 654
67 259 625 1 75 335
68 208 529 1 21 242
69 226 813 1 50 520
70 196 687 1 14 398
71 260 605 1 75 314
72 166 961 1 -3 670
73 207 660 1 25 371
74 160 1028 1 -7 736
75 348 809 1 170 512
76 43 1177 1 -113 891
77 191 712 1 12 423
78 43 1188 1 -116 902
79 214 508 1 25 222
80 479 736 1 293 425
81 141 1216 1 -17 924
82 202 730 1 23 440
83 180 988 1 11 696
84 322 662 1 137 371
85 100 197 1 -100 -81
86 368 752 1 186 445
87 185 926 1 14 635
88 244 862 1 71 568
89 82 939 1 -87 653
90 134 176 1 -67 -105
91 171 424 1 -19 141
92 187 759 1 9 469
93 145 182 1 -56 -98
94 182 807 1 6 517
95 217 478 1 27 191
96 250 772 1 71 479
97 259 636 1 75 345
98 463 539 1 269 226
99 331 661 1 147 368
100 226 530 1 38 242
101 418 749 1 234 438
102 265 1139 1 102 838
103 219 461 1 29 174
104 416 771 1 235 462
105 447 838 1 268 531
106 519 867 1 336 546
107 442 852 1 264 548
108 205 597 1 20 308
109 388 500 1 198 204
110 183 419 1 -9 134
111 230 861 1 55 568
112 287 374 1 90 76
113 165 864 1 -8 573
114 532 858 1 348 536
115 232 490 1 43 202
116 200 744 1 22 455
117 241 836 1 66 543
118 350 600 1 165 306
119 200 757 1 22 467
120 141 208 1 -59 -74
121 418 665 1 234 365
122 350 903 1 176 602
123 478 769 1 295 457
124 259 494 1 69 206
125 220 825 1 45 533
126 234 1109 1 70 812
127 622 568 1 416 235
128 317 822 1 139 519
129 167 946 1 -2 654
130 425 1012 1 230 617
131 315 967 1 144 666
132 230 507 1 42 219
133 164 987 1 -4 696
134 362 600 1 175 305
135 265 530 1 77 240
136 367 731 1 186 435
137 92 811 1 -82 529
138 90 197 1 -109 -81
139 177 1025 1 9 733
140 64 1181 1 -94 894
141 363 661 1 179 366
142 478 746 1 293 434
143 312 1030 1 141 726
144 161 521 1 -26 236
145 414 711 1 231 412
146 382 830 1 203 525
147 308 1018 1 140 716
148 311 665 1 127 371
149 623 420 1 410 92
150 242 370 1 47 82
151 271 303 1 72 14
152 263 507 1 75 218
153 437 371 1 234 69
154 270 315 1 71 27
155 419 700 1 237 401
156 461 923 1 282 603
157 209 573 1 23 286
158 370 376 1 171 75
159 436 363 1 234 61
160 341 992 1 171 694
161 378 782 1 200 484
162 311 635 1 127 343
163 240 473 1 49 186
164 191 837 1 16 546
165 316 274 1 116 -15
166 292 1112 1 127 813
167 302 964 1 131 663
168 201 70 1 -5 -210
169 245 321 1 48 32
170 608 360 1 394 36
171 322 922 1 150 620
172 238 1089 1 72 792
173 290 1081 1 123 780
174 338 976 1 167 674
175 302 974 1 130 673
176 414 722 1 232 423
177 242 826 1 67 532
178 206 81 1 0 -199
179 232 1046 1 64 751
180 401 852 1 225 552
181 199 340 1 3 54
182 273 218 1 71 -68
183 229 382 1 34 94
184 225 424 1 32 136
185 315 685 1 133 390
186 64 1033 1 -101 750
187 313 655 1 129 361
188 160 1214 1 0 921
189 244 383 1 49 93
190 270 344 1 73 54
191 127 215 1 -72 -65
192 244 1078 1 78 781
193 202 363 1 6 76
194 590 551 1 387 224
195 316 977 1 146 677
196 215 387 1 21 99
197 393 1070 1 226 766
198 274 844 1 99 548
199 188 773 1 10 483
200 621 474 1 405 135
201 339 1039 1 170 737
202 481 759 1 297 449
203 240 771 1 63 479
204 439 1018 1 269 711
205 443 564 1 244 234
206 230 261 1 29 -23
207 216 275 1 17 -10
208 279 931 1 107 633
209 635 1074 1 451 726
210 364 621 1 179 327
211 337 726 1 156 431
212 250 1133 1 90 832
213 228 242 1 28 -43
214 270 263 1 70 -23
215 234 343 1 38 55
216 323 801 1 146 504
217 616 618 1 411 283
218 396 682 1 213 384
219 281 995 1 111 694
220 189 746 1 11 456
221 207 406 1 14 118
222 269 244 1 69 -41
223 286 457 1 94 165
224 270 1052 1 103 750
225 588 644 1 388 312
226 353 845 1 177 547
227 218 376 1 23 88
228 453 808 1 272 501
229 182 71 1 -23 -208
230 359 916 1 185 616
231 234 301 1 36 15
232 288 806 1 111 511
233 279 1066 1 112 765
234 202 1025 1 36 732
235 196 46 1 -11 -233
236 297 636 1 113 344
237 364 633 1 180 339
238 293 296 1 94 6
239 614 61 1 384 -250
240 252 850 1 77 556
241 319 874 1 144 577
242 279 984 1 108 684
243 595 604 1 393 275
244 373 859 1 198 561
245 365 1096 1 199 795
246 196 157 1 -7 -124
247 203 108 1 -2 -172
248 414 778 1 235 478
249 222 299 1 25 13
250 236 798 1 60 506
251 299 809 1 122 513
252 310 986 1 140 686
253 351 662 1 168 367
254 212 304 1 14 18
255 346 934 1 173 636
256 281 1055 1 113 753
257 287 445 1 94 153
258 300 948 1 128 647
259 263 208 1 60 -78
260 313 855 1 137 558
261 408 746 1 224 437
262 390 817 1 211 514
263 304 227 1 102 -60
264 403 654 1 218 356
265 252 699 1 70 408
266 57 1233 1 -100 943
267 237 1211 1 77 915
268 620 384 1 405 58
269 622 462 1 410 133
270 286 948 1 114 649
271 404 723 1 223 426
272 270 909 1 98 614
273 275 945 1 103 649
274 449 742 1 263 427
275 278 875 1 104 580
276 66 940 1 -103 654
277 243 69 1 35 -212
278 695 348 1 468 13
279 409 615 1 223 317
280 258 274 1 59 -13
281 288 617 1 102 325
282 252 229 1 51 -55
283 299 369 1 100 69
284 387 605 1 200 306
285 358 333 1 160 40
286 233 226 1 32 -58
287 353 636 1 168 340
288 283 845 1 108 551
289 261 1052 1 93 754
290 336 492 1 145 200
291 337 1077 1 170 776
292 295 277 1 95 -11
293 594 407 1 383 84
294 370 600 1 185 304
295 417 834 1 240 534
296 637 486 1 426 156
297 342 945 1 170 644
298 240 310 1 43 24
299 230 312 1 32 26
300 244 126 1 39 -156
301 209 318 1 11 32
302 408 630 1 223 333
303 623 556 1 416 224
304 510 873 1 332 565
305 89 842 1 -84 559
306 258 748 1 77 455
307 628 403 1 413 76
308 183 82 1 -22 -197
309 194 699 1 13 410
310 330 1056 1 163 757
311 415 690 1 233 390
312 379 845 1 203 546
313 404 1028 1 235 723
314 335 753 1 158 457
315 290 862 1 116 567
316 280 963 1 109 664
317 236 424 1 44 134
318 319 997 1 150 697
319 351 958 1 179 658
320 222 335 1 26 47
321 532 879 1 350 558
322 613 338 1 397 13
323 662 300 1 437 -27
324 189 641 1 6 353
325 329 945 1 156 643
326 600 651 1 400 320
327 359 1028 1 190 725
328 262 802 1 84 508
329 317 286 1 117 -3
330 274 331 1 76 42
331 222 351 1 26 63
332 257 333 1 61 44
333 92 820 1 -81 539
334 321 601 1 135 308
335 293 1096 1 127 795
336 258 389 1 63 100
337 608 534 1 401 204
338 526 548 1 328 234
339 262 812 1 84 518
340 265 443 1 74 153
341 342 851 1 167 554
342 277 228 1 74 -58
343 215 255 1 16 -29
344 295 227 1 95 -58
345 284 923 1 112 625
346 488 55 1 270 -242
347 364 825 1 186 524
348 603 470 1 394 143
349 423 719 1 241 419
350 336 673 1 153 378
351 273 354 1 76 65
352 605 499 1 397 170
353 222 322 1 25 34
354 591 568 1 389 241
355 338 530 1 149 236
356 588 616 1 387 288
357 249 243 1 49 -42
358 240 1127 1 76 830
359 303 816 1 126 521
360 602 511 1 395 183
361 412 814 1 233 510
362 427 782 1 248 481
363 213 285 1 15 0
364 248 253 1 47 -34
365 313 780 1 135 485
366 224 986 1 55 693
367 252 425 1 60 135
368 268 762 1 90 467
369 216 242 1 16 -43
370 209 97 1 4 -183
371 259 219 1 58 -67
372 273 508 1 84 218
373 316 274 1 116 -14
374 187 350 1 -7 63
375 213 133 1 8 -148
376 305 1003 1 135 701
377 260 259 1 60 -27
378 367 492 1 176 197
379 304 266 1 104 -22
380 227 251 1 27 -34
381 285 270 1 85 -18
382 321 492 1 131 201
383 362 1054 1 195 754
384 267 431 1 73 140
385 229 464 1 38 177
386 312 801 1 135 505
387 218 361 1 23 75
388 335 936 1 161 635
389 395 1014 1 225 711
390 408 1040 1 239 735
391 604 686 1 405 353
392 314 894 1 140 596
393 246 331 1 50 43
394 294 1107 1 129 807
395 305 1180 1 143 880
396 336 564 1 148 270
397 627 364 1 411 38
398 329 1043 1 161 742
399 325 562 1 138 268
400 216 448 1 24 162
401 409 701 1 226 403
402 300 936 1 127 636
403 410 1070 1 243 765
404 180 47 1 -26 -231
405 201 230 1 0 -52
406 510 155 1 296 -147
407 271 822 1 95 527
408 314 951 1 141 651
409 434 829 1 255 523
410 277 791 1 99 495
411 323 709 1 142 415
412 340 875 1 165 576
413 227 426 1 34 137
414 291 346 1 94 57
415 608 575 1 402 242
416 358 947 1 185 647
417 453 1059 1 284 750
418 229 287 1 31 1
419 452 1046 1 282 738
420 266 861 1 92 567
421 231 274 1 32 -11
422 691 664 1 483 321
423 317 953 1 144 652
424 236 944 1 65 650
425 265 875 1 92 581
426 285 457 1 93 165
427 593 425 1 383 101
428 627 364 1 411 38
429 241 279 1 42 -7
430 209 152 1 5 -132
431 242 95 1 36 -186
432 597 588 1 394 259
433 301 313 1 103 23
434 279 345 1 83 55
435 285 1006 1 115 705
436 334 297 1 134 5
437 330 957 1 158 655
438 290 910 1 116 612
439 246 268 1 46 -18
440 289 779 1 110 484
441 315 221 1 112 -68
442 292 958 1 120 658
443 314 230 1 113 -55
444 227 156 1 23 -127
445 246 159 1 43 -125
446 598 675 1 399 343
447 429 790 1 250 489
448 318 844 1 142 547
449 172 535 1 -14 250
450 311 903 1 137 606
451 275 776 1 97 481
452 230 406 1 37 117
453 423 813 1 243 507
454 305 285 1 106 -6
455 331 327 1 130 28
456 619 656 1 417 321
457 288 1064 1 121 763
