0 226 693 1 36 395
1 224 680 1 34 383
2 226 669 1 35 371
3 241 1010 1 64 709
4 247 913 1 66 613
5 236 559 1 41 264
6 219 765 1 32 467
7 230 617 1 37 320
8 231 628 1 39 332
9 211 629 1 18 334
10 220 737 1 32 440
11 237 549 1 42 253
12 237 569 1 43 274
13 264 622 1 71 324
14 257 736 1 69 437
15 248 899 1 66 598
16 261 679 1 70 381
17 229 1223 1 61 920
18 217 571 1 23 275
19 241 1022 1 63 721
20 179 1225 1 11 923
21 44 896 1 -136 603
22 235 599 1 42 305
23 204 934 1 24 635
24 205 827 1 21 529
25 246 934 1 65 633
26 256 750 1 68 451
27 199 996 1 21 696
28 541 876 1 348 546
29 150 1236 1 -16 935
30 247 923 1 66 622
31 224 652 1 32 356
32 179 1211 1 10 909
33 256 765 1 68 466
34 68 958 1 -110 665
35 217 720 1 29 423
36 261 666 1 70 369
37 232 853 1 49 553
38 210 845 1 28 547
39 208 653 1 16 357
40 170 1240 1 3 939
41 240 1035 1 63 733
42 205 674 1 15 378
43 199 744 1 11 448
44 196 1034 1 20 734
45 261 653 1 71 355
46 248 888 1 66 588
47 195 1019 1 18 719
48 162 538 1 -33 246
49 217 795 1 31 497
50 215 593 1 21 297
51 205 901 1 24 602
52 184 877 1 2 580
53 132 212 1 -76 -76
54 183 909 1 1 610
55 243 970 1 65 669
56 493 931 1 306 609
57 258 720 1 69 421
58 118 207 1 -90 -79
59 225 502 1 27 208
60 222 820 1 37 522
61 121 196 1 -88 -91
62 135 196 1 -74 -92
63 192 794 1 7 497
64 115 759 1 -70 469
65 207 796 1 21 498
66 65 947 1 -113 654
67 268 632 1 75 335
68 216 537 1 21 242
69 235 820 1 50 521
70 379 762 1 187 446
71 204 694 1 14 398
72 268 612 1 75 314
73 175 969 1 -3 671
74 215 668 1 25 371
75 169 1035 1 -7 737
76 357 816 1 171 513
77 200 719 1 12 424
78 52 1197 1 -116 902
79 223 515 1 25 222
80 488 743 1 294 425
81 150 1225 1 -17 924
82 210 737 1 23 440
83 189 996 1 11 697
84 330 670 1 137 371
85 108 205 1 -100 -82
86 193 934 1 14 636
87 253 870 1 71 569
88 90 947 1 -87 653
89 142 184 1 -67 -105
90 179 432 1 -19 141
91 196 766 1 9 469
92 152 189 1 -56 -98
93 191 815 1 6 518
94 225 485 1 27 191
95 259 780 1 71 480
96 267 643 1 75 345
97 339 669 1 147 368
98 234 537 1 38 242
99 427 757 1 234 439
100 274 1148 1 102 839
101 228 468 1 29 174
102 424 778 1 235 463
103 456 845 1 268 532
104 529 875 1 337 547
105 451 859 1 264 548
106 214 605 1 20 308
107 397 507 1 198 204
108 191 426 1 -9 134
109 239 868 1 56 569
110 295 381 1 90 76
111 174 871 1 -7 574
112 541 867 1 349 537
113 240 497 1 43 202
114 209 752 1 22 455
115 250 843 1 66 543
116 359 607 1 165 306
117 209 764 1 22 467
118 148 216 1 -59 -74
119 427 672 1 234 365
120 360 911 1 176 603
121 488 777 1 295 458
122 267 501 1 69 205
123 229 833 1 45 534
124 243 1117 1 70 813
125 631 575 1 417 235
126 326 830 1 139 520
127 176 953 1 -2 654
128 434 1022 1 231 621
129 324 975 1 144 667
130 238 514 1 42 219
131 173 994 1 -4 696
132 370 607 1 176 306
133 274 537 1 77 240
134 376 739 1 186 436
135 101 818 1 -82 529
136 98 205 1 -109 -81
137 185 1032 1 9 733
138 73 1189 1 -94 894
139 372 669 1 179 366
140 487 753 1 293 435
141 321 1038 1 142 727
142 169 529 1 -25 236
143 422 718 1 231 412
144 390 837 1 203 525
145 317 1026 1 140 717
146 319 672 1 127 371
147 632 426 1 411 92
148 250 378 1 47 82
149 279 310 1 72 14
150 271 514 1 75 218
151 445 378 1 235 69
152 278 323 1 71 27
153 428 707 1 237 401
154 470 931 1 282 604
155 217 580 1 23 286
156 378 383 1 171 74
157 444 369 1 234 61
158 350 1000 1 172 694
159 387 789 1 200 485
160 320 642 1 127 343
161 248 481 1 49 186
162 200 844 1 16 546
163 324 281 1 116 -15
164 301 1121 1 127 813
165 311 971 1 131 664
166 209 78 1 -5 -211
167 253 328 1 48 32
168 618 367 1 395 36
169 330 929 1 150 621
170 246 1097 1 72 793
171 299 1089 1 124 780
172 347 984 1 167 675
173 311 981 1 131 673
174 423 729 1 233 423
175 251 833 1 67 533
176 213 89 1 0 -199
177 240 1054 1 64 752
178 410 859 1 225 552
179 207 348 1 3 54
180 280 225 1 71 -68
181 237 390 1 34 94
182 233 432 1 33 136
183 323 692 1 133 391
184 73 1041 1 -101 751
185 322 663 1 129 361
186 168 1223 1 0 921
187 252 390 1 49 93
188 278 350 1 73 54
189 135 223 1 -72 -65
190 253 1086 1 78 781
191 210 371 1 6 76
192 599 558 1 388 225
193 325 984 1 146 677
194 223 394 1 21 99
195 402 1077 1 226 766
196 283 851 1 99 549
197 196 780 1 10 484
198 631 481 1 406 136
199 348 1047 1 170 738
200 490 766 1 298 450
201 249 778 1 63 479
202 453 571 1 244 235
203 237 269 1 29 -24
204 224 282 1 17 -10
205 287 939 1 107 634
206 202 27 1 -15 -260
207 645 1083 1 452 728
208 373 628 1 179 327
209 346 733 1 157 431
210 236 250 1 28 -43
211 278 271 1 70 -23
212 242 350 1 38 55
213 332 808 1 146 504
214 626 625 1 412 284
215 405 689 1 213 384
216 290 1002 1 111 695
217 198 753 1 11 456
218 215 413 1 14 118
219 277 252 1 69 -41
220 294 464 1 94 165
221 279 1060 1 103 751
222 598 651 1 388 313
223 362 853 1 178 548
224 225 383 1 23 88
225 461 815 1 273 501
226 191 79 1 -23 -209
227 368 923 1 185 616
228 241 308 1 36 15
229 296 813 1 111 511
230 288 1074 1 112 766
231 211 1033 1 36 732
232 204 54 1 -11 -233
233 305 643 1 113 344
234 373 640 1 180 339
235 301 303 1 94 6
236 622 66 1 385 -251
237 262 857 1 78 556
238 328 882 1 144 577
239 288 992 1 108 685
240 604 611 1 394 275
241 382 866 1 198 561
242 374 1104 1 199 795
243 204 165 1 -7 -125
244 210 116 1 -2 -173
245 423 785 1 235 478
246 230 306 1 25 12
247 245 806 1 60 506
248 308 817 1 122 514
249 319 994 1 140 687
250 360 669 1 168 367
251 220 312 1 14 18
252 354 942 1 173 636
253 290 1063 1 113 754
254 309 954 1 128 648
255 270 216 1 61 -79
256 321 863 1 137 559
257 417 754 1 225 438
258 398 825 1 211 514
259 312 234 1 102 -60
260 412 660 1 218 356
261 479 967 1 289 634
262 260 706 1 70 408
263 66 1241 1 -100 943
264 246 1220 1 77 916
265 629 390 1 406 58
266 631 468 1 411 133
267 295 955 1 114 649
268 413 731 1 223 426
269 279 917 1 98 614
270 457 749 1 263 428
271 286 882 1 104 581
272 74 948 1 -103 655
273 250 77 1 35 -212
274 417 623 1 223 317
275 266 281 1 59 -13
276 296 624 1 102 325
277 260 236 1 51 -55
278 307 376 1 100 69
279 395 612 1 200 307
280 366 341 1 160 40
281 241 233 1 32 -58
282 362 642 1 169 340
283 293 853 1 108 551
284 269 1059 1 93 755
285 344 499 1 145 199
286 346 1085 1 170 777
287 303 285 1 95 -11
288 603 413 1 384 84
289 380 607 1 185 304
290 426 841 1 240 535
291 646 493 1 427 157
292 351 953 1 170 645
293 248 318 1 43 24
294 238 320 1 32 25
295 252 133 1 39 -157
296 216 325 1 12 32
297 417 638 1 223 333
298 632 563 1 417 225
299 520 881 1 332 566
300 97 849 1 -84 559
301 266 756 1 78 455
302 637 409 1 415 77
303 191 90 1 -22 -197
304 202 706 1 13 410
305 339 1064 1 163 758
306 424 696 1 233 390
307 388 852 1 203 546
308 413 1035 1 235 724
309 344 760 1 158 457
310 299 870 1 116 567
311 289 971 1 110 665
312 244 431 1 44 134
313 328 1005 1 150 698
314 360 966 1 179 659
315 230 343 1 26 47
316 542 886 1 351 559
317 622 344 1 398 13
318 671 306 1 438 -28
319 198 648 1 6 353
320 338 953 1 156 644
321 609 659 1 401 321
322 368 1036 1 190 726
323 271 810 1 84 508
324 325 294 1 117 -3
325 450 1028 1 269 711
326 282 338 1 76 42
327 230 358 1 26 63
328 265 340 1 61 44
329 101 828 1 -81 539
330 330 608 1 135 308
331 302 1104 1 127 796
332 266 397 1 63 100
333 617 541 1 402 205
334 535 556 1 329 234
335 270 819 1 84 518
336 273 449 1 74 153
337 351 858 1 167 554
338 284 235 1 74 -58
339 223 263 1 16 -29
340 302 234 1 95 -58
341 293 931 1 112 625
342 495 62 1 271 -243
343 372 833 1 187 524
344 612 476 1 395 143
345 432 726 1 242 419
346 344 680 1 153 378
347 281 362 1 76 65
348 615 506 1 398 170
349 230 329 1 25 34
350 600 575 1 389 241
351 346 537 1 149 236
352 597 624 1 388 288
353 257 250 1 49 -42
354 249 1135 1 76 831
355 312 824 1 126 521
356 611 518 1 396 183
357 421 822 1 233 510
358 436 789 1 248 481
359 222 293 1 15 0
360 255 259 1 47 -34
361 322 787 1 136 485
362 233 994 1 55 693
363 261 432 1 60 135
364 277 769 1 90 467
365 224 250 1 16 -43
366 217 105 1 4 -184
367 267 226 1 58 -67
368 282 515 1 84 218
369 323 281 1 116 -14
370 195 357 1 -7 63
371 221 140 1 8 -149
372 314 1010 1 135 702
373 268 266 1 60 -27
374 375 499 1 176 197
375 312 274 1 104 -22
376 235 259 1 27 -34
377 293 277 1 85 -18
378 330 499 1 131 201
379 372 1062 1 196 754
380 275 438 1 73 140
381 237 471 1 38 177
382 321 808 1 135 506
383 226 368 1 23 75
384 344 944 1 161 635
385 404 1022 1 225 711
386 418 1048 1 239 735
387 614 694 1 406 354
388 323 901 1 140 597
389 255 338 1 50 43
390 303 1115 1 129 808
391 314 1188 1 143 881
392 344 571 1 148 270
393 636 370 1 412 38
394 337 1050 1 161 742
395 334 568 1 138 268
396 224 455 1 24 162
397 417 708 1 227 403
398 309 944 1 127 637
399 420 1078 1 243 766
400 188 55 1 -26 -231
401 209 238 1 0 -52
402 518 161 1 297 -148
403 280 829 1 95 527
404 322 960 1 141 651
405 443 836 1 255 523
406 286 798 1 99 495
407 332 717 1 142 415
408 349 883 1 165 576
409 235 434 1 34 137
410 299 353 1 94 56
411 617 583 1 403 243
412 367 954 1 186 647
413 462 1066 1 284 751
414 237 294 1 31 1
415 461 1054 1 282 739
416 275 869 1 92 567
417 239 282 1 32 -11
418 325 962 1 145 653
419 245 951 1 65 650
420 274 882 1 92 581
421 293 464 1 93 165
422 602 432 1 384 101
423 636 370 1 412 38
424 249 287 1 42 -7
425 217 160 1 5 -133
426 250 103 1 36 -186
427 606 595 1 395 259
428 309 320 1 103 23
429 288 352 1 83 55
430 294 1014 1 115 706
431 342 304 1 134 5
432 339 965 1 158 656
433 298 918 1 116 612
434 253 275 1 46 -19
435 297 786 1 110 484
436 323 228 1 112 -68
437 301 966 1 120 659
438 321 237 1 113 -56
439 235 163 1 23 -127
440 254 166 1 43 -125
441 608 682 1 400 344
442 438 797 1 250 490
443 327 851 1 143 548
444 180 543 1 -14 250
445 320 911 1 137 607
446 284 783 1 97 481
447 239 413 1 37 117
448 432 821 1 243 508
449 313 291 1 106 -6
450 339 334 1 131 28
451 629 664 1 418 322
452 297 1072 1 122 763
