0 267 717 1 37 396
1 267 692 1 35 372
2 251 654 1 18 334
3 289 937 1 66 613
4 271 641 1 38 321
5 266 705 1 34 384
6 246 959 1 24 636
7 277 574 1 42 253
8 272 653 1 39 332
9 261 761 1 32 440
10 260 789 1 32 467
11 290 924 1 66 599
12 254 631 1 20 309
13 298 760 1 69 437
14 288 947 1 66 623
15 284 1035 1 64 709
16 257 595 1 23 275
17 283 1059 1 64 734
18 284 1046 1 64 722
19 86 921 1 -136 604
20 288 958 1 66 634
21 301 703 1 70 381
22 297 773 1 68 451
23 303 691 1 71 369
24 110 984 1 -110 666
25 246 699 1 15 379
26 249 925 1 25 603
27 291 914 1 66 589
28 297 789 1 68 467
29 238 1045 1 18 720
30 258 744 1 29 423
31 224 1251 1 11 924
32 249 678 1 16 358
33 242 1021 1 21 697
34 222 1238 1 10 911
35 302 676 1 71 355
36 239 1058 1 20 735
37 274 1252 1 61 921
38 202 563 1 -33 246
39 239 773 1 11 448
40 586 901 1 350 548
41 157 784 1 -70 469
42 264 526 1 27 208
43 169 237 1 -76 -77
44 286 994 1 65 669
45 246 852 1 21 530
46 536 956 1 307 611
47 298 743 1 69 421
48 155 233 1 -90 -80
49 253 870 1 28 547
50 264 844 1 37 523
51 242 744 1 12 424
52 275 877 1 49 553
53 158 223 1 -88 -92
54 234 819 1 7 498
55 226 902 1 2 580
56 171 222 1 -74 -93
57 257 819 1 31 497
58 218 994 1 -3 671
59 248 820 1 21 498
60 256 562 1 21 242
61 107 972 1 -113 655
62 194 1255 1 -17 926
63 277 844 1 50 521
64 245 718 1 14 398
65 229 1059 1 9 734
66 215 1021 1 -4 697
67 211 1060 1 -6 737
68 399 839 1 171 513
69 370 695 1 138 371
70 175 246 1 -69 -69
71 232 1021 1 12 698
72 262 539 1 26 222
73 420 784 1 187 447
74 142 843 1 -82 529
75 251 761 1 23 441
76 240 763 1 11 443
77 145 231 1 -100 -82
78 214 1251 1 0 923
79 235 958 1 14 636
80 296 894 1 71 569
81 256 692 1 25 371
82 133 972 1 -87 654
83 308 662 1 75 345
84 278 564 1 38 242
85 178 210 1 -67 -106
86 218 456 1 -19 140
87 237 790 1 9 470
88 189 215 1 -56 -99
89 264 509 1 27 191
90 300 804 1 72 480
91 280 584 1 41 264
92 335 406 1 90 76
93 469 781 1 235 440
94 267 492 1 29 174
95 499 868 1 269 533
96 572 898 1 338 549
97 586 891 1 350 539
98 493 883 1 265 549
99 436 529 1 199 204
100 229 450 1 -8 134
101 280 521 1 43 202
102 380 693 1 147 368
103 291 867 1 66 544
104 216 895 1 -7 574
105 535 766 1 295 426
106 280 892 1 56 569
107 307 526 1 69 205
108 318 1175 1 102 841
109 249 788 1 22 467
110 185 241 1 -60 -75
111 468 694 1 235 365
112 410 630 1 176 306
113 402 934 1 177 603
114 530 800 1 296 459
115 271 857 1 45 534
116 286 1143 1 70 814
117 674 596 1 419 237
118 368 853 1 139 521
119 218 978 1 -2 655
120 364 814 1 136 486
121 263 481 1 25 162
122 341 1115 1 124 782
123 400 630 1 165 306
124 291 352 1 48 32
125 135 231 1 -110 -82
126 311 537 1 75 218
127 416 762 1 187 436
128 314 555 1 78 235
129 412 691 1 180 367
130 529 776 1 294 436
131 209 553 1 -25 236
132 251 776 1 23 455
133 279 537 1 42 219
134 464 740 1 231 412
135 432 861 1 204 526
136 360 1050 1 140 718
137 360 695 1 127 371
138 288 402 1 47 81
139 316 334 1 73 14
140 413 574 1 176 250
141 482 400 1 235 69
142 315 346 1 71 27
143 469 729 1 238 401
144 512 957 1 283 606
145 257 604 1 23 286
146 416 405 1 171 74
147 481 391 1 235 60
148 393 1024 1 172 695
149 429 812 1 201 485
150 318 249 1 72 -68
151 315 296 1 70 -24
152 287 504 1 49 186
153 326 874 1 99 549
154 361 304 1 116 -15
155 651 706 1 402 346
156 391 1008 1 167 676
157 344 1146 1 128 815
158 354 996 1 131 665
159 244 103 1 -5 -211
160 665 684 1 413 322
161 658 386 1 397 36
162 694 1113 1 454 732
163 342 258 1 96 -58
164 675 686 1 420 324
165 353 1006 1 131 675
166 464 752 1 233 423
167 293 857 1 67 533
168 248 115 1 0 -200
169 284 1078 1 65 753
170 674 447 1 413 93
171 453 882 1 225 553
172 244 372 1 3 54
173 257 390 1 17 71
174 274 456 1 34 136
175 115 1065 1 -101 751
176 340 894 1 116 568
177 290 414 1 49 93
178 316 374 1 74 53
179 246 396 1 6 78
180 361 665 1 127 343
181 296 1111 1 79 783
182 247 395 1 6 76
183 642 579 1 389 226
184 363 685 1 129 361
185 368 1009 1 146 679
186 446 1102 1 227 768
187 333 487 1 93 165
188 365 999 1 144 668
189 274 293 1 29 -24
190 643 434 1 385 84
191 237 805 1 10 484
192 673 502 1 408 137
193 254 437 1 14 118
194 391 1071 1 171 739
195 291 802 1 63 480
196 425 890 1 199 562
197 260 306 1 17 -11
198 330 963 1 107 635
199 243 868 1 16 547
200 236 53 1 -14 -261
201 262 419 1 21 99
202 386 757 1 157 431
203 273 274 1 28 -44
204 280 374 1 38 55
205 647 452 1 389 101
206 669 647 1 414 286
207 314 277 1 69 -42
208 333 1027 1 111 696
209 247 397 1 6 79
210 414 664 1 181 339
211 640 674 1 390 315
212 405 877 1 178 548
213 504 838 1 273 502
214 225 105 1 -23 -209
215 410 947 1 186 617
216 279 332 1 36 14
217 331 1100 1 112 767
218 414 652 1 179 327
219 254 1057 1 36 733
220 239 80 1 -10 -234
221 346 343 1 103 22
222 338 326 1 94 6
223 659 84 1 387 -253
224 369 906 1 145 578
225 323 1086 1 103 753
226 647 634 1 396 277
227 239 190 1 -7 -125
228 246 141 1 -2 -173
229 465 808 1 236 479
230 268 331 1 25 12
231 287 830 1 60 507
232 286 1120 1 72 794
233 362 1019 1 140 688
234 401 692 1 168 368
235 257 336 1 14 18
236 397 966 1 174 637
237 333 1088 1 114 756
238 351 980 1 128 649
239 307 780 1 78 456
240 307 239 1 61 -79
241 327 891 1 102 565
242 363 886 1 138 559
243 441 848 1 211 515
244 452 683 1 219 357
245 522 992 1 290 637
246 301 730 1 70 408
247 670 410 1 408 58
248 337 980 1 114 650
249 454 753 1 223 426
250 322 942 1 98 615
251 358 251 1 112 -69
252 500 772 1 264 429
253 446 712 1 214 384
254 285 102 1 35 -213
255 369 714 1 133 391
256 458 644 1 224 317
257 303 305 1 59 -13
258 337 647 1 102 325
259 297 261 1 51 -56
260 345 399 1 100 69
261 436 633 1 201 307
262 144 853 1 -81 539
263 278 258 1 32 -59
264 335 913 1 110 587
265 383 521 1 146 199
266 389 1109 1 170 778
267 340 308 1 95 -11
268 644 434 1 386 84
269 420 629 1 185 304
270 468 864 1 241 535
271 688 514 1 429 158
272 643 613 1 390 255
273 416 1130 1 199 797
274 657 716 1 408 356
275 393 977 1 170 646
276 286 342 1 43 23
277 276 343 1 32 25
278 287 158 1 39 -157
279 254 350 1 12 31
280 457 660 1 223 333
281 571 535 1 323 192
282 139 874 1 -84 560
283 678 430 1 417 77
284 226 115 1 -21 -198
285 243 730 1 13 410
286 382 1089 1 163 759
287 465 719 1 233 391
288 457 1060 1 235 725
289 385 783 1 158 458
290 332 995 1 110 666
291 652 682 1 402 323
292 371 1029 1 150 699
293 403 990 1 180 660
294 268 367 1 26 47
295 585 911 1 352 561
296 662 363 1 400 13
297 289 1246 1 77 917
298 238 672 1 6 353
299 380 977 1 157 645
300 412 1060 1 191 727
301 313 834 1 85 508
302 361 317 1 117 -3
303 319 362 1 77 42
304 268 382 1 26 63
305 303 364 1 61 44
306 370 631 1 136 308
307 304 421 1 64 99
308 660 562 1 404 206
309 312 473 1 74 153
310 293 371 1 50 51
311 393 882 1 167 555
312 321 259 1 74 -59
313 336 955 1 112 626
314 117 974 1 -103 655
315 530 82 1 272 -244
316 330 901 1 105 576
317 654 497 1 397 144
318 474 748 1 242 419
319 318 385 1 77 65
320 312 306 1 68 -12
321 656 527 1 400 171
322 267 353 1 25 34
323 643 597 1 391 242
324 293 274 1 49 -42
325 292 1161 1 77 832
326 654 539 1 398 184
327 463 845 1 234 511
328 478 812 1 249 482
329 259 317 1 15 0
330 404 364 1 160 40
331 292 284 1 47 -34
332 275 1019 1 55 694
333 299 456 1 60 135
334 319 793 1 90 468
335 260 274 1 16 -43
336 252 130 1 4 -184
337 303 250 1 58 -67
338 364 834 1 136 506
339 321 539 1 85 218
340 360 304 1 116 -14
341 233 381 1 -7 63
342 256 165 1 8 -149
343 357 1035 1 136 703
344 288 453 1 45 134
345 305 291 1 60 -27
346 415 522 1 177 197
347 348 297 1 104 -22
348 272 283 1 27 -34
349 266 408 1 24 87
350 369 522 1 131 201
351 415 1086 1 196 755
352 313 461 1 74 140
353 276 495 1 38 177
354 387 968 1 162 636
355 640 646 1 390 290
356 448 1047 1 226 713
357 292 362 1 50 43
358 346 1141 1 129 809
359 358 1214 1 143 882
360 384 594 1 149 270
361 677 389 1 414 38
362 381 1075 1 162 743
363 374 591 1 139 268
364 565 504 1 316 161
365 459 731 1 227 403
366 351 968 1 128 638
367 464 1103 1 244 767
368 223 82 1 -26 -232
369 245 263 1 0 -53
370 555 181 1 297 -149
371 322 853 1 95 528
372 485 859 1 256 524
373 327 822 1 99 496
374 373 740 1 142 415
375 391 907 1 165 577
376 432 1006 1 209 674
377 336 377 1 94 56
378 660 604 1 405 244
379 373 954 1 151 622
380 409 978 1 186 648
381 506 1091 1 285 752
382 274 319 1 31 0
383 505 1079 1 283 740
384 276 306 1 32 -12
385 284 86 1 33 -229
386 257 380 1 15 61
387 288 976 1 65 651
388 316 906 1 92 582
389 442 860 1 213 525
390 309 804 1 81 480
391 620 115 1 353 -220
392 677 389 1 414 38
393 286 311 1 42 -7
394 252 185 1 5 -133
395 285 128 1 36 -187
396 476 1055 1 232 630
397 334 1146 1 117 814
398 337 1039 1 116 707
399 379 327 1 134 5
400 341 942 1 116 613
401 290 299 1 46 -19
402 339 810 1 110 485
403 421 1022 1 200 692
404 343 991 1 121 660
405 358 261 1 113 -56
406 271 188 1 23 -127
407 289 191 1 43 -126
408 480 820 1 251 490
409 369 874 1 143 548
410 221 567 1 -14 250
411 351 663 1 117 342
412 326 807 1 97 482
413 475 843 1 244 509
414 351 315 1 106 -6
415 326 375 1 84 53
416 521 212 1 266 -117
417 341 1097 1 122 765
