0 258 736 1 37 396
1 258 710 1 36 372
2 285 957 1 66 615
3 254 781 1 33 441
4 258 723 1 35 384
5 242 673 1 19 334
6 266 591 1 42 253
7 262 671 1 39 332
8 253 809 1 32 468
9 286 943 1 67 600
10 247 614 1 23 276
11 282 1068 1 64 724
12 292 779 1 69 438
13 285 966 1 67 624
14 282 1055 1 65 711
15 295 721 1 71 382
16 281 1080 1 64 736
17 81 944 1 -136 605
18 285 978 1 66 635
19 294 709 1 71 369
20 242 980 1 24 638
21 240 697 1 17 358
22 290 793 1 69 452
23 152 256 1 -76 -81
24 245 945 1 25 604
25 287 933 1 67 590
26 290 807 1 69 467
27 106 1006 1 -110 667
28 251 763 1 30 424
29 239 717 1 16 379
30 236 1066 1 18 722
31 253 545 1 28 208
32 294 694 1 71 355
33 472 920 1 232 521
34 237 1080 1 20 737
35 584 917 1 352 552
36 140 243 1 -88 -93
37 191 582 1 -33 246
38 222 922 1 2 581
39 150 804 1 -69 469
40 240 1041 1 22 699
41 283 1014 1 66 671
42 241 872 1 21 531
43 291 762 1 70 422
44 138 253 1 -90 -81
45 247 889 1 28 549
46 206 476 1 -19 140
47 234 763 1 12 424
48 270 896 1 49 554
49 227 839 1 7 498
50 154 241 1 -75 -94
51 251 838 1 31 498
52 214 1015 1 -3 673
53 260 866 1 38 524
54 242 840 1 21 499
55 245 580 1 21 242
56 103 995 1 -113 656
57 251 559 1 26 221
58 271 863 1 51 522
59 237 737 1 14 399
60 227 1080 1 10 736
61 212 1042 1 -3 699
62 210 1082 1 -6 739
63 393 856 1 172 514
64 362 711 1 138 371
65 159 266 1 -70 -70
66 230 1042 1 12 700
67 263 698 1 39 359
68 414 802 1 188 449
69 291 913 1 71 571
70 136 864 1 -82 529
71 244 781 1 23 441
72 232 782 1 11 444
73 419 472 1 176 100
74 127 251 1 -101 -83
75 232 979 1 14 638
76 129 995 1 -87 655
77 263 581 1 38 242
78 161 229 1 -67 -107
79 230 810 1 9 470
80 172 234 1 -56 -100
81 534 976 1 309 615
82 252 527 1 28 191
83 266 660 1 38 321
84 320 1194 1 103 844
85 321 422 1 90 76
86 464 798 1 236 443
87 254 510 1 29 173
88 495 884 1 270 535
89 571 915 1 340 553
90 267 877 1 45 536
91 490 899 1 266 551
92 667 458 1 417 93
93 425 544 1 199 204
94 364 873 1 140 523
95 216 469 1 -8 134
96 584 906 1 352 543
97 268 538 1 43 202
98 372 709 1 148 368
99 287 886 1 67 545
100 212 917 1 -7 575
101 671 610 1 424 240
102 457 757 1 232 413
103 525 793 1 295 438
104 275 912 1 56 571
105 295 543 1 70 205
106 460 708 1 236 366
107 243 808 1 22 468
108 168 260 1 -60 -75
109 463 745 1 238 402
110 525 815 1 297 461
111 402 646 1 177 306
112 286 1164 1 71 817
113 483 476 1 253 133
114 215 1000 1 -2 657
115 358 831 1 136 486
116 250 499 1 25 162
117 391 646 1 166 306
118 341 1136 1 125 785
119 359 1070 1 141 721
120 276 369 1 48 31
121 405 708 1 181 367
122 243 795 1 23 456
123 118 251 1 -110 -83
124 299 555 1 75 218
125 409 778 1 187 437
126 303 573 1 78 235
127 460 821 1 237 480
128 198 572 1 -25 236
129 267 555 1 42 219
130 428 878 1 205 528
131 352 712 1 128 372
132 274 419 1 47 81
133 301 351 1 73 13
134 402 590 1 177 250
135 228 133 1 0 -201
136 469 414 1 236 69
137 301 363 1 72 26
138 508 978 1 276 603
139 403 420 1 172 74
140 364 1017 1 144 668
141 468 405 1 236 60
142 392 1042 1 173 697
143 423 829 1 201 486
144 301 266 1 72 -69
145 230 692 1 7 353
146 275 522 1 50 185
147 672 701 1 426 327
148 321 892 1 100 550
149 345 320 1 116 -16
150 647 720 1 406 349
151 389 1027 1 168 678
152 400 951 1 177 605
153 345 1167 1 128 818
154 290 382 1 61 44
155 247 624 1 24 286
156 225 122 1 -5 -213
157 661 698 1 417 326
158 649 397 1 401 36
159 520 1012 1 293 643
160 248 707 1 25 372
161 326 274 1 96 -59
162 458 767 1 234 424
163 288 876 1 67 534
164 283 1099 1 65 755
165 449 897 1 226 554
166 299 312 1 70 -25
167 230 390 1 3 53
168 351 1028 1 132 677
169 243 408 1 17 71
170 260 474 1 34 136
171 114 1089 1 -100 752
172 266 120 1 35 -214
173 337 912 1 117 569
174 349 866 1 127 521
175 277 432 1 49 92
176 302 391 1 74 53
177 232 415 1 6 78
178 353 682 1 128 343
179 406 680 1 181 339
180 234 414 1 6 76
181 635 592 1 393 228
182 355 702 1 130 361
183 366 1028 1 147 681
184 484 608 1 244 240
185 319 1171 1 102 820
186 296 1134 1 79 785
187 666 658 1 419 289
188 258 310 1 30 -25
189 220 99 1 -10 -235
190 634 445 1 389 85
191 231 825 1 11 485
192 240 455 1 14 118
193 391 1091 1 172 741
194 285 821 1 64 480
195 501 115 1 263 -225
196 289 309 1 60 -28
197 420 906 1 200 563
198 245 324 1 17 -11
199 327 982 1 107 637
200 321 503 1 94 165
201 216 72 1 -14 -262
202 411 1080 1 191 730
203 248 437 1 21 98
204 380 773 1 158 432
205 256 292 1 28 -44
206 265 391 1 38 54
207 638 463 1 392 101
208 331 1048 1 112 699
209 299 294 1 69 -43
210 233 416 1 6 79
211 637 688 1 394 318
212 400 894 1 179 550
213 206 123 1 -23 -211
214 407 964 1 187 618
215 264 350 1 36 14
216 453 747 1 228 404
217 397 812 1 171 461
218 331 1121 1 113 770
219 405 668 1 180 327
220 353 1015 1 132 667
221 332 360 1 104 22
222 644 92 1 388 -259
223 366 925 1 145 580
224 322 1107 1 103 756
225 642 648 1 399 280
226 222 209 1 -7 -126
227 227 160 1 -2 -174
228 253 349 1 25 12
229 657 728 1 414 357
230 237 888 1 17 548
231 393 708 1 169 368
232 242 354 1 14 17
233 394 984 1 174 639
234 322 492 1 96 153
235 333 1109 1 114 758
236 307 852 1 85 509
237 300 798 1 78 457
238 290 256 1 61 -80
239 323 910 1 103 566
240 440 729 1 214 385
241 435 865 1 212 517
242 485 147 1 249 -194
243 444 699 1 219 357
244 293 748 1 71 409
245 297 895 1 77 552
246 360 1038 1 141 690
247 669 401 1 418 37
248 514 952 1 287 593
249 448 769 1 224 427
250 318 961 1 99 617
251 341 267 1 113 -69
252 450 659 1 225 318
253 287 322 1 59 -14
254 327 665 1 103 325
255 359 904 1 138 560
256 280 278 1 52 -57
257 331 415 1 100 69
258 427 651 1 201 307
259 138 874 1 -80 539
260 664 636 1 418 265
261 261 275 1 32 -60
262 331 931 1 111 588
263 287 347 1 58 9
264 372 537 1 146 199
265 390 1130 1 171 780
266 324 325 1 96 -12
267 635 445 1 389 85
268 412 645 1 186 304
269 464 880 1 242 536
270 371 847 1 150 504
271 638 627 1 394 258
272 392 994 1 171 648
273 271 359 1 43 23
274 261 361 1 33 25
275 269 176 1 39 -158
276 239 368 1 12 31
277 449 675 1 224 333
278 562 548 1 325 193
279 134 895 1 -84 560
280 207 134 1 -21 -199
281 235 750 1 13 411
282 382 1108 1 164 761
283 455 1019 1 229 657
284 458 734 1 234 391
285 379 800 1 159 459
286 330 1015 1 110 668
287 649 697 1 406 326
288 370 1048 1 151 701
289 401 1008 1 181 662
290 254 385 1 26 47
291 323 344 1 95 5
292 653 374 1 404 13
293 379 996 1 158 647
294 346 333 1 118 -4
295 305 379 1 77 41
296 254 400 1 26 62
297 361 648 1 136 309
298 306 413 1 78 74
299 291 438 1 64 99
300 300 490 1 74 153
301 278 390 1 50 50
302 389 900 1 168 556
303 304 276 1 74 -60
304 344 1098 1 125 749
305 368 825 1 145 482
306 311 1106 1 94 758
307 512 94 1 273 -247
308 326 920 1 105 577
309 647 510 1 401 145
310 467 763 1 243 420
311 358 851 1 136 507
312 304 403 1 77 64
313 297 323 1 68 -13
314 650 539 1 404 173
315 253 371 1 25 34
316 637 610 1 395 245
317 278 291 1 49 -43
318 293 1183 1 77 835
319 647 552 1 401 186
320 458 861 1 235 513
321 672 598 1 425 228
322 243 335 1 15 -1
323 390 379 1 161 40
324 276 301 1 47 -35
325 362 944 1 141 600
326 272 1039 1 55 696
327 287 473 1 60 135
328 312 811 1 91 469
329 244 292 1 16 -44
330 234 148 1 4 -185
331 287 267 1 58 -68
332 310 556 1 85 218
333 345 321 1 117 -15
334 219 401 1 -7 62
335 238 183 1 9 -150
336 275 470 1 48 132
337 404 536 1 177 197
338 333 313 1 104 -23
339 256 301 1 27 -35
340 252 426 1 24 87
341 501 853 1 275 504
342 238 210 1 7 -126
343 358 538 1 132 200
344 415 1105 1 197 758
345 301 479 1 74 140
346 264 513 1 39 177
347 385 988 1 163 638
348 635 660 1 393 293
349 459 1080 1 237 728
350 484 982 1 254 610
351 278 380 1 50 42
352 347 1162 1 130 812
353 361 1235 1 144 885
354 374 611 1 149 271
355 383 938 1 161 592
356 364 608 1 139 268
357 555 517 1 318 162
358 374 360 1 141 13
359 667 515 1 418 147
360 465 1121 1 245 770
361 203 101 1 -26 -233
362 229 281 1 1 -54
363 270 442 1 44 105
364 293 1012 1 74 668
365 316 872 1 96 529
366 481 876 1 257 526
367 653 575 1 408 208
368 322 840 1 100 497
369 366 757 1 143 416
370 320 398 1 92 57
371 387 925 1 166 579
372 430 1024 1 210 676
373 323 393 1 95 56
374 656 618 1 409 247
375 332 696 1 109 358
376 407 996 1 187 650
377 508 1109 1 286 755
378 259 336 1 31 0
379 261 323 1 32 -13
380 265 104 1 34 -231
381 243 398 1 16 61
382 285 996 1 66 653
383 364 372 1 132 28
384 438 878 1 214 528
385 303 823 1 81 481
386 605 125 1 356 -223
387 271 328 1 42 -8
388 266 146 1 36 -188
389 335 1168 1 118 817
390 378 1008 1 157 658
391 335 1060 1 116 710
392 371 966 1 150 617
393 364 342 1 135 4
394 275 316 1 46 -20
395 333 828 1 111 486
396 419 1040 1 201 694
397 215 161 1 -14 -173
398 341 1010 1 121 662
399 342 278 1 114 -57
400 253 206 1 24 -129
401 273 208 1 43 -127
402 636 377 1 389 18
403 475 835 1 252 491
404 365 893 1 144 549
405 210 586 1 -14 250
406 342 681 1 118 342
407 320 825 1 98 483
408 457 897 1 235 551
409 335 331 1 106 -7
410 311 392 1 84 53
411 504 225 1 267 -119
412 340 1118 1 123 768
