0 258 703 1 40 332
1 252 755 1 35 384
2 248 841 1 32 469
3 256 691 1 38 321
4 280 991 1 67 616
5 248 813 1 33 441
6 261 634 1 42 265
7 237 704 1 19 334
8 258 680 1 39 310
9 261 623 1 42 253
10 253 742 1 36 372
11 237 1014 1 24 639
12 262 644 1 43 275
13 290 702 1 72 332
14 281 977 1 67 601
15 237 686 1 19 317
16 290 753 1 71 382
17 277 1102 1 64 725
18 292 689 1 74 320
19 242 645 1 23 276
20 286 810 1 70 438
21 280 1000 1 67 625
22 277 1090 1 65 713
23 277 1115 1 64 737
24 243 624 1 24 255
25 74 978 1 -137 606
26 289 741 1 71 369
27 237 904 1 22 532
28 280 1012 1 66 636
29 288 767 1 71 395
30 224 1090 1 14 715
31 234 729 1 17 358
32 147 287 1 -77 -81
33 239 979 1 25 605
34 243 922 1 28 549
35 282 966 1 67 591
36 286 840 1 69 468
37 100 1040 1 -110 669
38 245 795 1 30 424
39 233 750 1 16 379
40 247 576 1 28 208
41 231 1100 1 19 724
42 292 664 1 73 295
43 289 726 1 71 356
44 240 666 1 21 297
45 468 957 1 234 528
46 231 1115 1 20 739
47 264 929 1 50 555
48 216 956 1 2 582
49 135 274 1 -89 -93
50 185 614 1 -33 246
51 247 729 1 29 359
52 581 953 1 354 555
53 144 836 1 -69 470
54 234 1076 1 22 700
55 255 767 1 37 396
56 252 896 1 38 524
57 278 1049 1 66 672
58 247 871 1 31 499
59 286 794 1 70 422
60 133 285 1 -90 -81
61 235 1050 1 23 674
62 201 507 1 -19 140
63 229 795 1 12 425
64 242 743 1 25 372
65 222 871 1 8 499
66 150 273 1 -75 -94
67 240 611 1 22 242
68 289 820 1 71 446
69 209 1049 1 -2 674
70 237 873 1 21 500
71 286 945 1 72 571
72 284 830 1 68 458
73 389 890 1 172 515
74 97 1029 1 -113 657
75 407 958 1 181 549
76 231 770 1 15 399
77 266 896 1 51 523
78 410 836 1 189 451
79 245 591 1 26 221
80 222 1116 1 10 738
81 206 1077 1 -3 700
82 204 1118 1 -6 741
83 234 923 1 19 549
84 296 647 1 76 278
85 154 298 1 -70 -71
86 224 1077 1 12 701
87 357 743 1 139 371
88 257 730 1 39 359
89 130 896 1 -82 529
90 239 813 1 23 442
91 227 815 1 11 444
92 416 506 1 177 101
93 123 283 1 -101 -84
94 227 1013 1 14 639
95 281 955 1 67 581
96 248 558 1 28 190
97 123 1029 1 -87 657
98 315 454 1 90 76
99 156 261 1 -67 -108
100 225 843 1 10 471
101 167 266 1 -56 -100
102 367 741 1 148 369
103 281 1201 1 71 819
104 239 827 1 23 456
105 270 945 1 56 572
106 250 542 1 30 173
107 491 918 1 271 536
108 522 842 1 298 456
109 222 891 1 7 516
110 261 910 1 45 536
111 486 932 1 267 552
112 665 490 1 421 94
113 206 950 1 -7 576
114 263 569 1 44 201
115 211 500 1 -8 134
116 359 906 1 140 525
117 290 574 1 70 205
118 582 942 1 354 546
119 254 921 1 40 547
120 423 578 1 200 204
121 282 919 1 67 546
122 315 1230 1 103 846
123 670 644 1 427 242
124 590 139 1 347 -243
125 164 292 1 -60 -76
126 526 814 1 302 429
127 453 754 1 234 381
128 458 777 1 239 402
129 521 825 1 296 440
130 355 1105 1 142 723
131 452 788 1 233 414
132 455 740 1 236 366
133 497 442 1 270 64
134 568 951 1 342 556
135 479 508 1 254 133
136 209 1034 1 -2 658
137 354 838 1 136 464
138 245 530 1 25 161
139 336 1172 1 125 787
140 385 678 1 166 306
141 238 840 1 22 469
142 271 401 1 48 31
143 378 740 1 160 369
144 415 809 1 199 436
145 347 744 1 128 372
146 208 68 1 -18 -300
147 400 740 1 181 367
148 113 283 1 -110 -83
149 295 586 1 76 218
150 270 553 1 50 185
151 298 604 1 78 235
152 405 810 1 188 437
153 494 653 1 264 262
154 192 604 1 -25 236
155 424 882 1 207 507
156 423 912 1 206 530
157 523 853 1 300 467
158 242 656 1 24 286
159 262 587 1 43 219
160 394 985 1 178 606
161 668 433 1 421 36
162 269 451 1 47 81
163 297 383 1 73 13
164 398 621 1 177 250
165 457 677 1 214 254
166 465 447 1 237 69
167 222 166 1 -2 -202
168 505 1017 1 277 608
169 399 452 1 172 74
170 359 1052 1 144 670
171 464 437 1 237 60
172 663 697 1 422 292
173 419 861 1 202 486
174 296 297 1 72 -70
175 540 1099 1 297 648
176 224 724 1 7 354
177 671 736 1 430 330
178 316 925 1 100 551
179 341 352 1 117 -17
180 646 755 1 409 352
181 384 1062 1 169 680
182 207 81 1 -19 -288
183 341 1204 1 129 820
184 285 413 1 62 43
185 422 672 1 177 237
186 220 154 1 -5 -214
187 660 733 1 420 329
188 647 429 1 404 36
189 291 1169 1 79 787
190 386 700 1 166 329
191 296 396 1 72 26
192 321 306 1 96 -60
193 347 1061 1 132 679
194 454 799 1 235 425
195 283 909 1 68 535
196 379 1079 1 166 699
197 277 1135 1 65 756
198 444 931 1 227 555
199 294 343 1 71 -25
200 225 422 1 3 53
201 445 744 1 226 370
202 358 1116 1 144 732
203 400 699 1 181 328
204 238 440 1 17 71
205 256 505 1 34 136
206 400 711 1 182 339
207 454 856 1 238 480
208 496 887 1 276 505
209 108 1123 1 -100 753
210 259 135 1 33 -233
211 332 946 1 117 570
212 344 898 1 127 522
213 272 463 1 49 92
214 297 423 1 74 53
215 227 446 1 6 77
216 347 714 1 128 343
217 209 47 1 -14 -314
218 229 445 1 7 75
219 350 733 1 130 362
220 240 355 1 17 -12
221 362 1063 1 147 682
222 479 641 1 245 242
223 314 1208 1 102 822
224 300 410 1 77 41
225 305 1190 1 93 805
226 215 94 1 -11 -274
227 253 342 1 30 -25
228 215 131 1 -10 -236
229 632 478 1 391 85
230 226 857 1 11 485
231 235 487 1 14 118
232 261 152 1 35 -216
233 386 1127 1 172 743
234 636 496 1 395 102
235 280 854 1 64 481
236 496 147 1 264 -227
237 284 340 1 61 -29
238 416 939 1 200 564
239 220 933 1 6 560
240 322 1017 1 108 638
241 316 535 1 94 165
242 212 104 1 -14 -263
243 406 1115 1 192 732
244 243 468 1 21 98
245 262 179 1 36 -189
246 478 909 1 258 528
247 252 323 1 28 -45
248 640 645 1 400 246
249 261 423 1 39 54
250 355 1072 1 141 692
251 534 1088 1 292 639
252 661 453 1 416 57
253 294 325 1 70 -43
254 228 447 1 6 78
255 360 926 1 144 550
256 467 1055 1 247 663
257 634 695 1 397 296
258 396 927 1 179 551
259 204 166 1 -21 -201
260 403 998 1 187 620
261 259 382 1 36 13
262 377 833 1 159 459
263 392 846 1 172 463
264 326 1157 1 113 773
265 376 805 1 158 432
266 348 1049 1 133 669
267 327 391 1 104 21
268 641 122 1 391 -263
269 361 958 1 146 581
270 317 1142 1 104 758
271 641 682 1 402 282
272 217 240 1 -7 -127
273 223 192 1 -2 -175
274 479 656 1 239 244
275 248 380 1 25 11
276 656 763 1 417 360
277 453 450 1 226 73
278 237 385 1 14 17
279 317 524 1 96 153
280 328 1145 1 115 761
281 302 885 1 86 510
282 295 831 1 79 457
283 286 287 1 61 -81
284 318 943 1 103 567
285 431 899 1 213 518
286 480 178 1 250 -195
287 440 731 1 220 357
288 288 781 1 71 409
289 292 928 1 77 553
290 318 1095 1 105 712
291 667 433 1 422 37
292 435 760 1 216 387
293 510 988 1 288 596
294 443 801 1 225 427
295 325 1084 1 112 701
296 336 298 1 113 -70
297 447 778 1 229 404
298 190 73 1 -37 -296
299 334 1010 1 119 631
300 529 1108 1 282 642
301 651 608 1 411 209
302 445 692 1 225 318
303 283 354 1 59 -15
304 322 696 1 103 325
305 360 1095 1 146 711
306 354 937 1 139 561
307 275 310 1 52 -57
308 327 447 1 101 68
309 422 682 1 202 308
310 132 906 1 -80 540
311 662 670 1 421 267
312 257 307 1 32 -60
313 341 1196 1 130 812
314 326 965 1 111 589
315 282 378 1 59 8
316 367 569 1 147 199
317 385 1165 1 172 782
318 320 356 1 96 -12
319 632 478 1 392 85
320 323 1074 1 109 692
321 539 222 1 304 -157
322 367 880 1 150 505
323 633 628 1 395 232
324 266 391 1 43 22
325 256 393 1 33 24
326 265 208 1 39 -159
327 234 399 1 12 30
328 444 707 1 225 334
329 558 581 1 327 194
330 128 927 1 -83 560
331 656 513 1 412 116
332 197 131 1 -28 -236
333 230 782 1 14 411
334 647 666 1 408 265
335 378 1143 1 165 762
336 451 1057 1 230 660
337 453 766 1 235 392
338 325 1050 1 111 670
339 351 1093 1 136 710
340 648 731 1 409 329
341 638 659 1 399 260
342 397 1043 1 181 663
343 249 416 1 26 46
344 651 406 1 407 12
345 374 1031 1 158 649
346 390 712 1 171 340
347 651 446 1 408 51
348 230 181 1 4 -186
349 261 164 1 34 -204
350 341 365 1 118 -4
351 405 1236 1 193 850
352 661 537 1 418 139
353 249 432 1 26 62
354 356 680 1 137 309
355 392 1029 1 178 650
356 301 444 1 78 74
357 286 469 1 64 99
358 480 1010 1 262 625
359 295 522 1 75 153
360 273 421 1 50 50
361 641 601 1 401 202
362 384 933 1 169 557
363 300 307 1 75 -60
364 339 1134 1 125 751
365 217 81 1 -10 -289
366 305 1167 1 93 783
367 363 857 1 145 483
368 386 765 1 168 393
369 306 1141 1 94 760
370 507 126 1 274 -249
371 321 953 1 106 578
372 373 1021 1 158 640
373 463 796 1 244 421
374 354 884 1 137 508
375 300 434 1 77 64
376 292 355 1 68 -13
377 649 573 1 407 174
378 247 403 1 25 33
379 375 863 1 158 490
380 232 192 1 7 -176
381 460 920 1 243 542
382 273 323 1 50 -44
383 288 1220 1 78 837
384 203 156 1 -23 -212
385 645 585 1 404 187
386 671 632 1 428 230
387 239 366 1 15 -2
388 384 411 1 161 39
389 271 333 1 47 -36
390 357 977 1 141 601
391 670 472 1 424 75
392 267 1074 1 56 697
393 282 505 1 60 135
394 308 844 1 91 469
395 240 323 1 16 -45
396 372 751 1 155 381
397 282 299 1 58 -69
398 305 587 1 85 218
399 315 1162 1 103 776
400 340 352 1 117 -16
401 214 432 1 -7 62
402 233 215 1 9 -151
403 270 502 1 49 131
404 551 230 1 313 -151
405 328 345 1 105 -24
406 251 332 1 27 -36
407 247 457 1 24 87
408 233 241 1 8 -127
409 353 570 1 132 200
410 411 1140 1 198 759
411 296 510 1 74 140
412 259 545 1 39 177
413 280 397 1 57 26
414 634 1026 1 403 620
415 633 694 1 396 295
416 329 623 1 109 252
417 481 1020 1 255 615
418 665 687 1 424 284
419 323 411 1 100 41
420 273 411 1 51 42
421 343 1198 1 131 814
422 378 971 1 162 593
423 364 840 1 146 467
424 614 380 1 374 -8
425 392 880 1 176 505
426 388 740 1 169 368
427 359 640 1 140 268
428 551 549 1 319 163
429 302 1178 1 90 791
430 369 391 1 141 13
431 665 547 1 422 148
432 461 1158 1 246 772
433 316 1121 1 103 739
434 199 133 1 -26 -234
435 224 312 1 1 -54
436 266 474 1 44 105
437 287 1046 1 75 669
438 311 905 1 96 530
439 500 917 1 280 534
440 500 1054 1 280 663
441 661 591 1 419 191
442 317 873 1 100 498
443 361 789 1 143 416
444 315 429 1 92 57
445 467 893 1 248 513
446 383 958 1 166 580
447 426 1059 1 211 678
448 318 425 1 95 55
449 320 643 1 102 272
450 327 728 1 109 358
451 403 1030 1 188 651
452 505 1145 1 287 758
453 254 368 1 31 0
454 264 369 1 41 1
455 407 846 1 186 464
456 256 355 1 33 -13
457 260 136 1 34 -232
458 238 429 1 16 61
459 280 1030 1 66 654
460 359 404 1 132 27
461 434 911 1 214 529
462 298 856 1 82 482
463 601 156 1 358 -226
464 266 360 1 43 -9
465 267 294 1 43 -76
466 330 1204 1 118 820
467 373 1042 1 158 660
468 331 1095 1 117 712
469 366 999 1 151 619
470 360 374 1 135 3
471 389 1077 1 174 698
472 270 348 1 46 -20
473 328 861 1 111 487
474 415 1075 1 201 695
475 210 193 1 -14 -174
476 336 1045 1 122 664
477 338 309 1 114 -58
478 248 238 1 24 -129
479 268 240 1 43 -127
480 634 409 1 392 17
481 643 765 1 407 363
482 387 1219 1 175 835
483 419 928 1 202 550
484 204 618 1 -14 250
485 337 712 1 118 342
486 315 858 1 98 484
487 531 438 1 300 55
488 453 930 1 236 552
489 330 363 1 107 -8
490 306 423 1 84 52
491 500 256 1 268 -120
492 336 1154 1 123 770
