0 223 662 1 220 653
1 218 715 1 216 705
2 213 802 1 213 790
3 222 650 1 219 641
4 245 952 1 247 938
5 215 773 1 214 762
6 227 592 1 223 585
7 202 664 1 199 655
8 223 639 1 220 630
9 228 581 1 223 574
10 219 702 1 216 693
11 202 975 1 205 961
12 227 603 1 223 595
13 256 661 1 253 652
14 246 938 1 248 924
15 203 645 1 200 637
16 254 713 1 252 703
17 241 1063 1 245 1049
18 258 648 1 255 640
19 207 604 1 203 596
20 251 770 1 250 760
21 245 961 1 248 948
22 242 1051 1 246 1036
23 242 1076 1 245 1061
24 209 583 1 205 575
25 39 939 1 42 929
26 255 700 1 252 690
27 202 865 1 202 854
28 245 973 1 247 959
29 254 727 1 251 716
30 189 1051 1 194 1038
31 200 688 1 197 679
32 361 348 1 318 272
33 112 242 1 101 236
34 204 939 1 206 927
35 209 883 1 209 871
36 247 927 1 248 913
37 251 801 1 250 789
38 64 1001 1 69 991
39 211 755 1 210 745
40 198 710 1 196 700
41 213 535 1 208 527
42 195 1062 1 199 1047
43 258 624 1 254 615
44 255 686 1 252 676
45 205 626 1 202 618
46 196 1077 1 201 1062
47 229 890 1 230 877
48 181 916 1 183 905
49 100 229 1 90 224
50 151 573 1 147 566
51 213 688 1 210 679
52 548 922 1 538 883
53 110 795 1 110 790
54 199 1037 1 202 1024
55 220 727 1 218 717
56 218 857 1 218 846
57 243 1010 1 247 995
58 212 831 1 212 820
59 252 754 1 251 743
60 99 239 1 88 236
61 200 1011 1 203 997
62 194 755 1 193 746
63 208 703 1 206 693
64 187 832 1 188 821
65 167 465 1 161 459
66 115 228 1 103 223
67 206 569 1 202 562
68 254 780 1 252 768
69 174 1010 1 177 997
70 203 833 1 202 822
71 251 906 1 252 894
72 250 790 1 249 779
73 355 850 1 354 837
74 62 990 1 66 980
75 372 930 1 363 881
76 196 730 1 195 720
77 231 857 1 232 845
78 375 800 1 370 775
79 211 549 1 207 541
80 129 225 1 118 218
81 187 1077 1 190 1061
82 171 1038 1 176 1024
83 169 1079 1 173 1065
84 199 883 1 199 871
85 262 606 1 257 598
86 119 253 1 109 247
87 189 1038 1 193 1024
88 323 703 1 320 692
89 223 689 1 220 680
90 96 855 1 98 850
91 205 774 1 204 763
92 192 775 1 192 766
93 88 237 1 77 234
94 191 974 1 195 962
95 247 917 1 247 903
96 122 215 1 111 210
97 214 517 1 209 510
98 87 990 1 92 979
99 281 413 1 270 396
100 190 803 1 190 793
101 333 701 1 330 690
102 246 1163 1 252 1144
103 466 1039 1 465 1015
104 204 787 1 204 778
105 236 906 1 237 894
106 216 500 1 210 493
107 457 882 1 453 860
108 489 806 1 481 780
109 187 851 1 187 838
110 226 870 1 226 858
111 452 895 1 449 875
112 639 455 1 609 415
113 171 911 1 172 899
114 364 637 1 359 626
115 229 528 1 224 521
116 178 458 1 171 453
117 257 533 1 251 525
118 548 910 1 538 873
119 220 881 1 220 869
120 384 631 1 360 568
121 279 1193 1 284 1172
122 642 613 1 615 567
123 392 928 1 382 878
124 564 92 1 533 69
125 323 871 1 321 849
126 129 247 1 119 241
127 493 778 1 485 753
128 420 715 1 415 702
129 424 737 1 421 724
130 487 789 1 479 764
131 320 1068 1 323 1047
132 419 748 1 415 735
133 422 700 1 418 687
134 465 402 1 452 384
135 447 468 1 436 453
136 174 995 1 178 981
137 319 798 1 317 786
138 212 488 1 205 481
139 301 1135 1 306 1113
140 670 1153 1 653 1089
141 351 638 1 347 627
142 203 801 1 203 790
143 238 358 1 229 350
144 344 700 1 341 689
145 381 770 1 380 757
146 535 920 1 526 883
147 313 704 1 309 693
148 367 700 1 362 688
149 78 238 1 68 234
150 261 545 1 256 537
151 236 512 1 231 505
152 265 563 1 259 555
153 372 771 1 369 758
154 462 618 1 447 586
155 158 563 1 154 556
156 390 843 1 388 828
157 390 875 1 387 854
158 400 780 1 394 757
159 490 817 1 482 791
160 523 941 1 513 901
161 207 615 1 204 607
162 228 546 1 223 538
163 359 946 1 359 929
164 642 396 1 610 356
165 349 360 1 305 274
166 235 409 1 228 400
167 263 340 1 253 332
168 365 581 1 359 570
169 426 655 1 397 584
170 433 406 1 419 388
171 190 119 1 177 114
172 420 622 1 390 550
173 366 412 1 354 394
174 324 1015 1 325 994
175 432 397 1 419 379
176 635 667 1 610 618
177 264 253 1 253 247
178 190 683 1 187 674
179 376 642 1 352 576
180 642 706 1 617 658
181 282 886 1 281 873
182 616 726 1 596 679
183 349 1026 1 350 1004
184 174 32 1 159 28
185 306 1166 1 310 1145
186 251 371 1 242 362
187 188 107 1 174 103
188 631 703 1 608 656
189 620 392 1 591 356
190 255 1131 1 260 1112
191 352 660 1 347 649
192 462 664 1 452 640
193 262 353 1 252 345
194 289 262 1 277 258
195 312 1024 1 313 1004
196 420 760 1 416 746
197 248 869 1 248 857
198 345 1040 1 347 1023
199 242 1096 1 246 1080
200 410 892 1 409 877
201 261 300 1 251 292
202 191 379 1 183 372
203 412 705 1 407 691
204 322 1079 1 325 1057
205 366 659 1 362 648
206 204 398 1 197 390
207 222 464 1 215 456
208 366 671 1 363 660
209 462 849 1 458 829
210 73 1083 1 79 1075
211 227 88 1 213 83
212 298 907 1 298 892
213 309 860 1 308 845
214 238 421 1 230 412
215 264 380 1 254 372
216 194 404 1 186 397
217 313 674 1 309 664
218 195 403 1 187 395
219 546 1117 1 541 1078
220 315 693 1 311 682
221 207 312 1 197 306
222 327 1025 1 329 1006
223 278 1171 1 283 1148
224 266 368 1 258 360
225 269 1154 1 273 1131
226 183 46 1 168 42
227 220 298 1 210 292
228 182 84 1 169 81
229 604 441 1 578 406
230 191 818 1 191 807
231 443 613 1 410 540
232 202 445 1 194 437
233 383 821 1 384 808
234 228 105 1 215 101
235 351 1089 1 354 1068
236 608 460 1 582 423
237 246 814 1 245 802
238 251 297 1 241 289
239 382 901 1 382 886
240 185 893 1 186 882
241 282 494 1 275 485
242 179 56 1 165 54
243 372 1078 1 374 1056
244 209 427 1 201 418
245 229 133 1 216 128
246 444 872 1 440 851
247 218 280 1 208 273
248 611 613 1 587 571
249 227 380 1 219 373
250 381 939 1 371 887
251 321 1034 1 322 1016
252 635 417 1 604 378
253 260 281 1 250 274
254 194 405 1 186 398
255 325 887 1 325 872
256 604 663 1 583 622
257 361 888 1 361 873
258 171 119 1 158 115
259 368 960 1 369 943
260 226 339 1 216 332
261 343 794 1 341 780
262 357 810 1 353 787
263 291 1121 1 294 1098
264 342 766 1 339 753
265 313 1012 1 314 993
266 295 349 1 285 340
267 416 652 1 407 639
268 618 74 1 579 47
269 326 920 1 327 904
270 282 1105 1 285 1083
271 499 1010 1 495 977
272 611 650 1 589 607
273 479 998 1 473 959
274 184 195 1 172 190
275 575 109 1 543 85
276 189 145 1 178 142
277 446 626 1 422 571
278 214 337 1 206 330
279 626 733 1 605 687
280 421 409 1 408 392
281 684 96 1 636 64
282 455 1021 1 452 990
283 204 343 1 194 336
284 372 994 1 373 976
285 283 483 1 276 472
286 293 1109 1 295 1086
287 267 845 1 266 832
288 260 791 1 259 779
289 253 244 1 241 237
290 283 904 1 284 890
291 450 133 1 432 120
292 406 691 1 402 678
293 254 741 1 252 730
294 257 889 1 258 876
295 283 1058 1 286 1037
296 642 396 1 610 356
297 401 721 1 397 708
298 454 1068 1 454 1043
299 410 762 1 406 748
300 290 1047 1 293 1026
301 304 255 1 294 247
302 414 738 1 410 725
303 157 24 1 141 19
304 299 972 1 300 954
305 623 575 1 598 533
306 249 311 1 239 303
307 288 657 1 284 646
308 325 1058 1 327 1036
309 319 898 1 320 884
310 242 266 1 232 260
311 293 407 1 281 388
312 467 102 1 446 88
313 98 866 1 99 860
314 634 639 1 609 593
315 224 263 1 213 257
316 306 1158 1 311 1137
317 291 926 1 292 912
318 249 336 1 239 327
319 334 528 1 328 519
320 351 1127 1 353 1107
321 287 314 1 276 305
322 605 441 1 578 406
323 288 1037 1 290 1017
324 511 177 1 488 158
325 333 842 1 331 827
326 603 595 1 581 556
327 595 454 1 570 419
328 233 348 1 224 341
329 223 350 1 213 343
330 232 163 1 220 158
331 201 357 1 192 349
332 411 668 1 406 654
333 527 545 1 511 516
334 94 887 1 96 881
335 629 478 1 600 438
336 165 84 1 151 80
337 195 742 1 194 732
338 394 630 1 366 559
339 618 634 1 595 590
340 343 1104 1 346 1086
341 416 1025 1 412 989
342 419 727 1 417 713
343 545 1100 1 539 1058
344 418 1075 1 419 1053
345 290 1012 1 292 993
346 316 1056 1 318 1035
347 618 701 1 596 655
348 608 627 1 586 585
349 362 1005 1 363 987
350 215 374 1 206 365
351 625 368 1 595 332
352 338 994 1 339 973
353 356 672 1 352 661
354 624 409 1 595 372
355 197 135 1 184 131
356 369 325 1 357 315
357 228 118 1 214 113
358 309 322 1 299 313
359 370 1197 1 374 1175
360 634 503 1 605 462
361 215 389 1 206 381
362 322 639 1 318 629
363 358 992 1 360 973
364 267 402 1 258 393
365 253 428 1 244 418
366 445 972 1 444 949
367 261 480 1 255 472
368 240 379 1 231 369
369 612 567 1 588 526
370 350 894 1 350 879
371 267 264 1 255 257
372 303 1096 1 306 1076
373 184 32 1 169 27
374 270 1130 1 274 1109
375 328 818 1 327 804
376 352 725 1 349 714
377 271 1102 1 275 1084
378 478 80 1 457 65
379 286 914 1 287 900
380 338 983 1 339 964
381 389 783 1 383 758
382 319 845 1 318 830
383 358 325 1 345 311
384 266 391 1 258 383
385 259 312 1 248 304
386 621 539 1 594 498
387 214 360 1 205 352
388 340 824 1 339 811
389 200 146 1 187 141
390 426 881 1 424 864
391 240 279 1 230 274
392 253 1182 1 258 1162
393 170 109 1 156 105
394 616 551 1 591 511
395 352 1055 1 355 1038
396 437 482 1 423 462
397 643 600 1 616 555
398 191 84 1 177 79
399 205 323 1 195 316
400 353 368 1 342 358
401 238 289 1 228 282
402 322 939 1 322 924
403 644 436 1 612 396
404 233 1035 1 236 1020
405 248 464 1 241 454
406 273 804 1 272 791
407 207 279 1 196 273
408 339 712 1 336 701
409 249 255 1 239 249
410 272 546 1 266 538
411 280 1125 1 284 1102
412 308 309 1 298 302
413 180 390 1 172 381
414 201 170 1 189 166
415 236 460 1 229 451
416 605 514 1 580 475
417 522 185 1 497 164
418 296 302 1 285 294
419 218 289 1 207 282
420 213 415 1 204 406
421 199 196 1 188 190
422 319 529 1 313 520
423 377 1101 1 379 1083
424 262 470 1 255 459
425 226 503 1 220 496
426 247 355 1 237 345
427 602 999 1 589 951
428 603 662 1 582 620
429 296 583 1 290 572
430 447 989 1 442 954
431 636 657 1 611 610
432 283 967 1 284 948
433 290 368 1 281 360
434 240 369 1 231 361
435 307 1161 1 312 1139
436 260 805 1 259 794
437 437 657 1 407 583
438 343 933 1 343 916
439 329 801 1 327 789
440 586 341 1 560 310
441 358 840 1 357 827
442 354 701 1 351 689
443 326 599 1 321 589
444 520 512 1 503 484
445 267 1141 1 270 1118
446 336 349 1 322 332
447 638 514 1 609 471
448 647 633 1 619 585
449 281 1083 1 284 1063
450 166 86 1 153 83
451 191 268 1 181 263
452 232 432 1 225 425
453 253 1007 1 255 992
454 277 866 1 277 852
455 432 636 1 400 558
456 466 880 1 463 858
457 466 1021 1 463 989
458 634 558 1 607 515
459 282 834 1 281 820
460 326 749 1 325 737
461 282 387 1 272 376
462 433 855 1 430 836
463 348 920 1 348 903
464 391 1021 1 393 1001
465 284 383 1 276 374
466 287 603 1 282 592
467 293 687 1 290 679
468 273 905 1 273 891
469 221 325 1 211 318
470 231 326 1 221 319
471 372 810 1 368 787
472 223 311 1 213 305
473 228 89 1 214 85
474 204 387 1 196 380
475 245 991 1 247 977
476 326 363 1 313 347
477 399 875 1 396 853
478 263 817 1 262 804
479 643 498 1 613 456
480 233 317 1 223 309
481 371 596 1 365 585
482 235 250 1 223 242
483 295 1166 1 299 1145
484 338 1005 1 339 984
485 332 961 1 332 943
486 328 332 1 316 322
487 354 1039 1 355 1021
488 237 305 1 227 297
489 294 822 1 292 808
490 381 1036 1 383 1018
491 177 147 1 165 143
492 301 1007 1 303 988
493 305 266 1 295 260
494 216 193 1 204 188
495 235 196 1 223 190
496 606 371 1 578 337
497 614 736 1 593 690
498 352 1180 1 356 1159
499 385 890 1 384 873
500 169 576 1 166 570
501 303 672 1 299 662
502 280 819 1 279 805
503 501 398 1 483 375
504 419 892 1 418 875
505 298 320 1 287 310
506 273 381 1 265 372
507 470 213 1 451 196
508 301 1117 1 304 1095
