0 221 657 1 40 333
1 215 709 1 36 385
2 211 797 1 33 471
3 219 645 1 39 322
4 244 947 1 68 619
5 213 768 1 34 443
6 223 587 1 43 265
7 199 658 1 20 335
8 220 634 1 40 310
9 224 576 1 43 254
10 216 697 1 37 373
11 201 970 1 25 642
12 224 597 1 43 275
13 253 656 1 73 332
14 244 933 1 68 605
15 200 640 1 20 318
16 252 708 1 72 383
17 240 1059 1 65 729
18 256 643 1 75 320
19 204 598 1 24 276
20 249 765 1 71 440
21 244 956 1 68 629
22 241 1046 1 66 717
23 240 1071 1 65 742
24 206 578 1 25 255
25 37 935 1 -137 609
26 252 695 1 72 370
27 200 860 1 22 534
28 243 968 1 67 640
29 251 721 1 72 396
30 188 1047 1 14 719
31 197 683 1 18 359
32 107 236 1 -78 -84
33 202 935 1 26 608
34 357 347 1 138 -48
35 207 879 1 29 552
36 245 923 1 68 594
37 249 796 1 70 470
38 63 997 1 -110 672
39 208 750 1 31 426
40 196 704 1 16 380
41 210 529 1 29 207
42 194 1057 1 19 728
43 255 618 1 74 295
44 252 681 1 72 356
45 202 620 1 22 298
46 195 1072 1 21 743
47 227 885 1 50 558
48 179 912 1 3 585
49 95 223 1 -90 -96
50 148 567 1 -32 246
51 210 683 1 30 360
52 547 918 1 360 566
53 107 790 1 -69 470
54 198 1033 1 22 704
55 218 722 1 38 398
56 242 1005 1 67 676
57 210 826 1 32 501
58 250 749 1 71 424
59 94 233 1 -91 -84
60 198 1007 1 23 678
61 191 750 1 13 426
62 205 698 1 26 373
63 185 827 1 8 501
64 163 459 1 -18 139
65 110 222 1 -76 -97
66 225 851 1 47 524
67 203 564 1 22 242
68 252 775 1 72 448
69 172 1006 1 -2 678
70 200 828 1 22 502
71 249 902 1 73 574
72 370 927 1 184 564
73 248 785 1 69 460
74 353 845 1 174 517
75 60 986 1 -113 660
76 194 725 1 15 400
77 373 796 1 191 456
78 208 543 1 27 221
79 124 218 1 -61 -101
80 186 1073 1 10 742
81 170 1034 1 -3 705
82 167 1075 1 -6 746
83 197 879 1 19 551
84 259 600 1 78 278
85 114 247 1 -70 -73
86 188 1034 1 13 705
87 320 698 1 140 372
88 220 684 1 40 360
89 93 850 1 -81 530
90 202 769 1 24 444
91 190 770 1 12 446
92 83 232 1 -102 -86
93 190 970 1 15 642
94 244 912 1 68 584
95 118 209 1 -68 -110
96 211 511 1 29 190
97 86 986 1 -87 660
98 277 407 1 90 76
99 188 798 1 10 473
100 331 696 1 150 370
101 246 1159 1 72 825
102 465 1034 1 286 697
103 202 782 1 24 458
104 233 902 1 57 574
105 212 494 1 30 173
106 455 877 1 274 541
107 487 802 1 302 461
108 185 846 1 8 519
109 224 866 1 46 539
110 451 890 1 269 556
111 638 449 1 431 96
112 169 906 1 -7 579
113 361 631 1 179 306
114 226 522 1 44 201
115 174 452 1 -8 133
116 253 527 1 71 205
117 548 906 1 360 555
118 218 877 1 41 550
119 382 631 1 180 251
120 279 1188 1 104 853
121 642 608 1 437 248
122 562 83 1 354 -252
123 321 866 1 142 530
124 125 241 1 -61 -78
125 491 773 1 306 434
126 418 709 1 236 382
127 422 732 1 241 404
128 485 784 1 300 445
129 319 1064 1 143 729
130 416 743 1 235 415
131 419 695 1 238 367
132 462 396 1 273 64
133 443 462 1 256 133
134 172 991 1 -1 662
135 317 793 1 138 466
136 208 483 1 26 161
137 300 1130 1 126 794
138 671 1152 1 476 773
139 349 632 1 168 307
140 201 796 1 23 470
141 234 352 1 49 30
142 342 695 1 162 369
143 379 764 1 201 438
144 534 916 1 347 565
145 311 699 1 130 373
146 364 695 1 183 368
147 73 232 1 -111 -86
148 258 539 1 77 217
149 387 530 1 203 204
150 232 506 1 51 185
151 261 557 1 79 235
152 370 765 1 190 438
153 461 614 1 268 267
154 155 557 1 -25 236
155 388 838 1 209 509
156 389 871 1 208 535
157 397 775 1 214 438
158 488 813 1 303 473
159 204 609 1 25 287
160 225 540 1 43 218
161 358 941 1 180 610
162 641 390 1 432 37
163 232 403 1 48 80
164 523 939 1 334 583
165 260 334 1 74 11
166 362 575 1 179 250
167 424 656 1 218 267
168 430 400 1 240 68
169 185 112 1 -2 -206
170 363 406 1 174 74
171 323 1011 1 146 676
172 429 391 1 239 59
173 635 663 1 432 300
174 259 247 1 73 -72
175 187 678 1 7 355
176 373 642 1 172 259
177 642 703 1 440 340
178 280 881 1 101 554
179 616 722 1 418 361
180 348 1021 1 170 685
181 169 24 1 -20 -292
182 305 1162 1 130 826
183 247 365 1 62 42
184 183 101 1 -5 -217
185 631 699 1 430 338
186 619 386 1 413 36
187 254 1127 1 81 793
188 349 654 1 167 330
189 460 660 1 273 321
190 258 347 1 72 25
191 284 256 1 97 -62
192 310 1020 1 133 685
193 418 754 1 237 426
194 246 865 1 69 538
195 344 1035 1 167 704
196 241 1091 1 66 761
197 408 887 1 229 558
198 257 294 1 71 -27
199 187 373 1 3 52
200 410 699 1 228 371
201 321 1075 1 145 739
202 200 392 1 17 70
203 218 458 1 35 136
204 363 665 1 184 340
205 460 845 1 279 510
206 72 1079 1 -100 756
207 222 81 1 33 -237
208 296 902 1 118 573
209 307 855 1 129 525
210 234 415 1 50 91
211 260 374 1 75 52
212 190 398 1 6 76
213 310 668 1 130 344
214 191 397 1 7 75
215 546 1114 1 362 761
216 313 688 1 132 363
217 203 306 1 17 -13
218 326 1020 1 149 687
219 277 1167 1 103 830
220 263 362 1 78 39
221 268 1150 1 94 813
222 177 39 1 -11 -278
223 215 292 1 30 -27
224 177 77 1 -10 -239
225 603 436 1 400 87
226 189 813 1 11 487
227 440 613 1 231 223
228 198 440 1 14 117
229 224 98 1 35 -218
230 350 1084 1 174 749
231 607 454 1 404 104
232 244 809 1 65 483
233 247 291 1 61 -30
234 381 895 1 202 566
235 183 889 1 6 562
236 417 622 1 211 233
237 279 488 1 95 165
238 174 49 1 -14 -266
239 371 1073 1 194 738
240 206 421 1 21 98
241 225 126 1 37 -192
242 443 867 1 261 532
243 214 273 1 28 -47
244 610 609 1 409 253
245 223 375 1 39 53
246 380 938 1 191 571
247 319 1029 1 143 697
248 634 411 1 426 58
249 257 275 1 70 -45
250 190 399 1 6 77
251 323 882 1 146 553
252 603 658 1 405 303
253 360 883 1 181 554
254 166 112 1 -21 -204
255 367 955 1 189 624
256 222 333 1 37 12
257 341 788 1 161 461
258 355 806 1 174 468
259 290 1117 1 114 780
260 340 760 1 160 434
261 312 1008 1 134 675
262 291 343 1 105 20
263 617 65 1 401 -274
264 325 915 1 147 584
265 281 1102 1 105 765
266 499 1005 1 316 659
267 611 646 1 411 289
268 478 995 1 294 642
269 633 767 1 433 404
270 179 189 1 -7 -130
271 573 101 1 365 -236
272 185 139 1 -1 -178
273 444 627 1 243 254
274 210 331 1 26 10
275 626 730 1 427 369
276 418 403 1 228 72
277 684 87 1 459 -258
278 454 1017 1 272 672
279 200 337 1 14 15
280 371 989 1 193 657
281 280 477 1 97 152
282 292 1105 1 116 768
283 265 840 1 87 513
284 258 786 1 80 459
285 249 238 1 61 -83
286 282 899 1 104 570
287 377 815 1 197 488
288 447 125 1 252 -200
289 404 686 1 222 358
290 252 736 1 72 411
291 255 885 1 78 556
292 282 1054 1 106 719
293 641 390 1 432 36
294 399 715 1 218 388
295 453 1063 1 275 725
296 407 756 1 227 429
297 289 1043 1 113 707
298 300 248 1 114 -72
299 412 733 1 231 405
300 297 968 1 120 635
301 623 571 1 420 214
302 246 305 1 59 -16
303 286 651 1 104 326
304 324 1054 1 148 718
305 318 893 1 140 564
306 238 260 1 52 -59
307 289 401 1 101 68
308 463 95 1 267 -232
309 96 861 1 -79 540
310 634 635 1 431 275
311 219 256 1 33 -62
312 306 1154 1 131 819
313 289 921 1 113 592
314 244 330 1 59 7
315 331 522 1 148 199
316 350 1123 1 174 788
317 283 307 1 97 -14
318 604 436 1 400 86
319 287 1033 1 110 698
320 508 170 1 309 -162
321 331 836 1 152 508
322 602 590 1 403 237
323 594 448 1 392 99
324 229 342 1 44 21
325 219 344 1 33 23
326 227 156 1 40 -161
327 197 351 1 12 29
328 408 662 1 227 335
329 525 539 1 332 197
330 92 882 1 -83 561
331 629 473 1 422 119
332 358 329 1 169 2
333 160 77 1 -28 -239
334 192 737 1 14 413
335 392 630 1 187 241
336 618 629 1 417 272
337 341 1099 1 166 767
338 414 1021 1 233 672
339 417 721 1 237 393
340 417 1070 1 239 734
341 288 1008 1 112 675
342 314 1052 1 138 717
343 618 697 1 418 337
344 608 623 1 408 267
345 360 1000 1 183 668
346 211 368 1 26 45
347 624 362 1 417 11
348 337 989 1 160 654
349 354 666 1 173 341
350 624 404 1 417 52
351 192 128 1 4 -189
352 365 318 1 178 -4
353 223 111 1 35 -207
354 305 315 1 119 -6
355 369 1192 1 195 857
356 633 498 1 428 143
357 211 383 1 27 61
358 319 634 1 138 309
359 356 987 1 180 654
360 263 396 1 79 73
361 249 422 1 65 98
362 444 967 1 264 631
363 258 474 1 75 152
364 236 373 1 51 49
365 612 563 1 410 207
366 348 889 1 170 560
367 263 258 1 75 -62
368 302 1093 1 127 757
369 178 24 1 -10 -293
370 269 1126 1 94 790
371 326 812 1 147 485
372 350 720 1 170 394
373 270 1098 1 95 766
374 475 71 1 277 -255
375 284 909 1 107 581
376 337 979 1 159 645
377 387 778 1 203 440
378 317 839 1 138 511
379 354 319 1 165 -8
380 263 385 1 78 63
381 255 306 1 69 -15
382 620 534 1 416 179
383 210 354 1 25 32
384 338 819 1 160 492
385 194 139 1 7 -178
386 424 876 1 245 545
387 236 273 1 50 -45
388 252 1177 1 79 843
389 165 102 1 -23 -215
390 616 547 1 413 192
391 351 1051 1 175 719
392 434 475 1 244 142
393 643 596 1 438 236
394 186 77 1 -2 -241
395 201 318 1 15 -3
396 234 283 1 48 -38
397 321 934 1 143 605
398 643 431 1 435 76
399 232 1030 1 57 701
400 245 458 1 61 134
401 271 799 1 92 472
402 202 273 1 16 -46
403 336 706 1 156 381
404 245 249 1 59 -71
405 268 541 1 87 218
406 279 1121 1 104 784
407 304 303 1 118 -17
408 176 384 1 -7 61
409 196 163 1 9 -153
410 233 454 1 49 131
411 603 508 1 402 156
412 519 178 1 318 -156
413 292 295 1 106 -25
414 214 282 1 28 -38
415 209 409 1 25 86
416 195 190 1 8 -129
417 316 523 1 133 200
418 376 1096 1 200 764
419 258 464 1 75 139
420 223 497 1 40 176
421 243 349 1 57 25
422 602 997 1 411 634
423 603 658 1 404 302
424 292 577 1 110 252
425 446 985 1 263 636
426 636 652 1 433 292
427 281 962 1 104 630
428 286 362 1 101 40
429 236 363 1 51 41
430 307 1156 1 132 821
431 258 801 1 79 474
432 435 657 1 228 266
433 342 929 1 164 597
434 326 795 1 147 469
435 585 334 1 382 -9
436 356 835 1 178 507
437 352 695 1 171 369
438 323 594 1 141 269
439 518 507 1 324 165
440 266 1138 1 91 799
441 332 343 1 142 12
442 638 509 1 432 152
443 646 629 1 442 266
444 279 1079 1 104 745
445 161 79 1 -26 -237
446 187 262 1 1 -56
447 229 426 1 45 104
448 251 1003 1 76 673
449 275 861 1 97 533
450 430 637 1 221 241
451 465 875 1 283 539
452 465 1016 1 283 671
453 634 554 1 429 196
454 280 829 1 101 501
455 324 744 1 145 417
456 278 381 1 92 56
457 432 850 1 251 516
458 347 915 1 168 584
459 390 1016 1 213 682
460 281 377 1 96 54
461 284 597 1 103 273
462 290 682 1 110 359
463 271 900 1 93 572
464 217 319 1 31 -1
465 227 321 1 41 0
466 370 806 1 188 469
467 219 305 1 33 -15
468 224 82 1 34 -235
469 392 848 1 214 519
470 200 381 1 16 60
471 243 986 1 67 658
472 321 357 1 133 26
473 398 870 1 217 534
474 261 812 1 83 484
475 643 493 1 436 136
476 229 311 1 43 -10
477 368 590 1 186 265
478 230 243 1 44 -78
479 295 1162 1 120 827
480 337 1001 1 159 666
481 330 957 1 152 624
482 324 325 1 136 2
483 353 1034 1 176 702
484 233 299 1 47 -22
485 292 817 1 112 489
486 379 1031 1 203 699
487 172 140 1 -14 -177
488 300 1003 1 123 669
489 301 259 1 115 -60
490 211 186 1 24 -132
491 231 189 1 43 -130
492 605 365 1 400 17
493 614 732 1 415 372
494 352 1175 1 177 841
495 383 884 1 204 554
496 166 571 1 -13 250
497 300 667 1 120 343
498 278 814 1 99 486
499 498 392 1 304 55
500 417 886 1 238 556
501 294 314 1 107 -9
502 270 374 1 85 51
503 467 206 1 271 -124
504 300 1114 1 124 777
