0 175 632 1 41 333
1 167 685 1 36 386
2 160 772 1 33 472
3 179 561 1 43 265
4 188 924 1 68 621
5 163 743 1 34 444
6 173 620 1 39 322
7 174 609 1 40 311
8 181 552 1 44 254
9 152 633 1 20 335
10 169 672 1 37 374
11 144 946 1 25 644
12 180 572 1 44 275
13 208 625 1 73 326
14 189 910 1 68 606
15 160 573 1 24 276
16 154 615 1 20 318
17 199 742 1 71 441
18 204 684 1 73 384
19 182 1024 1 67 719
20 181 1037 1 66 732
21 181 1049 1 66 744
22 188 934 1 68 631
23 147 836 1 23 535
24 187 946 1 68 642
25 203 698 1 72 397
26 205 671 1 73 371
27 128 1023 1 14 721
28 135 1033 1 20 730
29 138 1010 1 23 707
30 193 854 1 69 550
31 152 855 1 29 553
32 147 911 1 26 610
33 198 772 1 70 471
34 168 503 1 29 207
35 149 657 1 18 360
36 159 725 1 31 426
37 74 204 1 -78 -85
38 157 595 1 22 298
39 210 594 1 74 295
40 205 657 1 73 357
41 190 899 1 69 596
42 56 761 1 -68 470
43 135 1049 1 21 746
44 174 862 1 51 559
45 64 189 1 -90 -97
46 104 539 1 -32 246
47 162 658 1 30 360
48 114 981 1 -2 680
49 318 920 1 185 573
50 124 887 1 3 587
51 200 753 1 72 449
52 106 1051 1 -5 748
53 160 538 1 23 242
54 184 983 1 68 678
55 158 802 1 32 502
56 200 726 1 72 424
57 62 200 1 -92 -85
58 169 697 1 38 398
59 140 983 1 24 680
60 142 725 1 13 427
61 133 802 1 8 502
62 124 431 1 -18 139
63 79 189 1 -76 -98
64 273 677 1 141 373
65 172 827 1 48 526
66 197 817 1 70 515
67 148 804 1 22 503
68 138 1022 1 23 720
69 157 672 1 26 374
70 301 826 1 175 518
71 173 658 1 40 361
72 134 946 1 15 644
73 111 1009 1 -3 707
74 196 879 1 73 576
75 166 517 1 27 221
76 93 186 1 -61 -102
77 145 699 1 15 401
78 125 1049 1 11 745
79 199 788 1 72 485
80 215 576 1 78 278
81 146 677 1 17 381
82 82 215 1 -71 -74
83 129 1010 1 13 707
84 40 821 1 -81 530
85 169 485 1 29 190
86 325 778 1 192 459
87 403 862 1 276 544
88 152 744 1 24 444
89 139 745 1 12 447
90 50 197 1 -102 -87
91 190 889 1 68 585
92 87 176 1 -69 -111
93 605 605 1 443 252
94 28 958 1 -87 662
95 241 384 1 90 76
96 328 635 1 169 269
97 180 879 1 58 576
98 137 773 1 10 474
99 143 854 1 20 553
100 284 675 1 151 370
101 184 498 1 45 201
102 183 1137 1 73 829
103 152 757 1 24 459
104 407 1021 1 287 700
105 172 468 1 31 173
106 438 789 1 304 464
107 132 822 1 8 520
108 171 842 1 47 540
109 397 875 1 271 558
110 608 443 1 437 97
111 162 853 1 41 551
112 316 611 1 180 307
113 406 1031 1 288 712
114 135 424 1 -7 133
115 614 1156 1 478 779
116 212 502 1 71 205
117 496 898 1 363 561
118 182 245 1 29 -48
119 317 675 1 184 369
120 183 864 1 60 562
121 405 445 1 258 133
122 544 66 1 358 -257
123 305 611 1 169 307
124 269 848 1 142 533
125 93 209 1 -61 -79
126 443 760 1 308 437
127 370 691 1 237 383
128 374 714 1 243 405
129 437 772 1 302 448
130 260 1045 1 144 732
131 368 726 1 236 416
132 373 677 1 240 368
133 114 880 1 -6 581
134 115 966 1 -1 664
135 267 772 1 138 467
136 168 456 1 26 161
137 239 1112 1 127 798
138 336 622 1 176 254
139 225 268 1 71 -28
140 150 771 1 23 471
141 199 325 1 49 29
142 295 674 1 163 370
143 331 745 1 202 438
144 224 351 1 75 51
145 157 69 1 -5 -218
146 41 198 1 -111 -87
147 216 515 1 77 217
148 191 481 1 51 185
149 345 510 1 204 204
150 212 339 1 62 41
151 219 533 1 80 235
152 84 199 1 -70 -89
153 320 746 1 191 439
154 112 530 1 -25 236
155 160 583 1 25 287
156 479 910 1 350 571
157 336 819 1 210 510
158 216 1170 1 105 858
159 348 759 1 216 441
160 442 994 1 318 664
161 439 800 1 305 476
162 183 515 1 44 218
163 303 634 1 168 330
164 303 923 1 181 613
165 672 75 1 470 -263
166 614 382 1 438 37
167 159 412 1 14 117
168 195 377 1 48 79
169 262 676 1 130 373
170 469 931 1 338 590
171 225 308 1 74 10
172 395 383 1 241 68
173 159 81 1 -2 -207
174 193 1106 1 81 797
175 289 303 1 137 1
176 328 386 1 175 74
177 265 992 1 147 679
178 394 374 1 241 59
179 596 660 1 438 305
180 229 221 1 73 -73
181 254 834 1 128 529
182 602 701 1 446 345
183 226 859 1 102 556
184 574 718 1 423 367
185 291 1003 1 171 688
186 243 1142 1 131 830
187 178 815 1 53 514
188 591 697 1 436 343
189 266 667 1 132 363
190 591 377 1 418 36
191 406 1132 1 263 721
192 416 646 1 274 323
193 223 322 1 73 24
194 254 231 1 98 -63
195 252 1001 1 134 688
196 369 737 1 238 427
197 193 842 1 69 539
198 285 1016 1 168 706
199 337 805 1 206 485
200 181 1069 1 67 764
201 291 740 1 161 435
202 355 870 1 230 559
203 192 1156 1 79 847
204 151 345 1 3 51
205 167 394 1 21 97
206 362 681 1 229 372
207 262 1056 1 146 743
208 351 769 1 218 448
209 164 364 1 17 69
210 179 433 1 35 135
211 640 1091 1 499 714
212 409 830 1 280 512
213 197 51 1 33 -238
214 242 881 1 119 575
215 280 818 1 154 510
216 254 990 1 135 678
217 197 390 1 50 91
218 215 264 1 61 -31
219 153 371 1 6 76
220 264 646 1 130 344
221 154 370 1 7 74
222 220 439 1 75 139
223 224 248 1 71 -46
224 169 278 1 18 -14
225 268 1001 1 150 690
226 215 1148 1 104 834
227 227 336 1 78 39
228 575 446 1 409 105
229 183 265 1 30 -28
230 152 44 1 -10 -241
231 571 428 1 404 87
232 137 788 1 12 489
233 220 450 1 76 152
234 198 69 1 36 -220
235 290 1066 1 175 753
236 140 652 1 8 355
237 327 877 1 203 568
238 239 464 1 96 164
239 170 245 1 16 -48
240 312 1056 1 195 741
241 198 96 1 37 -193
242 390 853 1 262 535
243 572 603 1 414 256
244 188 348 1 39 52
245 326 931 1 193 580
246 261 1011 1 144 700
247 260 966 1 140 653
248 605 404 1 432 58
249 153 372 1 7 77
250 270 862 1 146 555
251 563 653 1 410 307
252 306 864 1 182 555
253 212 828 1 87 523
254 139 81 1 -21 -206
255 598 650 1 437 294
256 187 306 1 37 11
257 291 768 1 162 462
258 305 788 1 175 471
259 378 735 1 248 429
260 354 747 1 224 437
261 257 318 1 105 19
262 602 49 1 407 -281
263 270 895 1 148 586
264 221 1083 1 106 769
265 571 641 1 416 293
266 424 987 1 296 648
267 590 765 1 439 411
268 150 159 1 -7 -131
269 555 84 1 369 -241
270 158 108 1 -1 -179
271 339 976 1 219 662
272 176 304 1 26 9
273 584 727 1 432 375
274 383 386 1 229 72
275 381 881 1 256 569
276 240 628 1 105 326
277 397 1004 1 274 677
278 587 614 1 428 263
279 165 309 1 14 14
280 314 971 1 195 660
281 241 453 1 97 152
282 232 1086 1 116 772
283 458 327 1 302 13
284 212 818 1 87 514
285 208 763 1 80 460
286 218 210 1 62 -84
287 227 877 1 105 572
288 359 1030 1 240 711
289 347 1042 1 230 727
290 326 796 1 198 489
291 423 106 1 254 -202
292 357 667 1 223 359
293 206 1174 1 96 862
294 203 712 1 73 411
295 223 1035 1 107 722
296 614 383 1 438 37
297 181 413 1 35 113
298 594 413 1 424 69
299 512 437 1 354 108
300 352 697 1 219 389
301 395 1048 1 277 728
302 358 738 1 228 429
303 231 1024 1 114 711
304 270 224 1 114 -74
305 364 715 1 232 406
306 277 700 1 147 398
307 287 335 1 134 26
308 212 279 1 60 -17
309 265 1035 1 148 721
310 103 319 1 -43 32
311 207 233 1 53 -60
312 253 378 1 101 68
313 562 594 1 406 249
314 595 631 1 436 279
315 188 229 1 33 -64
316 244 1135 1 132 823
317 235 900 1 113 594
318 211 303 1 59 6
319 290 500 1 149 199
320 565 569 1 407 224
321 183 373 1 36 75
322 251 283 1 97 -15
323 572 427 1 405 87
324 228 1013 1 111 701
325 485 153 1 311 -165
326 279 816 1 152 509
327 565 584 1 407 240
328 562 439 1 397 100
329 194 315 1 44 20
330 184 316 1 33 22
331 200 127 1 40 -163
332 161 323 1 12 28
333 363 644 1 228 335
334 242 794 1 115 490
335 487 528 1 335 198
336 37 853 1 -82 562
337 597 467 1 428 120
338 325 307 1 170 1
339 144 712 1 14 413
340 580 625 1 422 276
341 281 1080 1 167 770
342 370 704 1 238 394
343 249 926 1 130 619
344 41 831 1 -79 541
345 358 1054 1 241 738
346 268 946 1 148 637
347 233 318 1 82 20
348 231 987 1 113 677
349 255 1033 1 139 720
350 577 693 1 423 343
351 569 617 1 413 270
352 303 982 1 184 670
353 175 341 1 26 45
354 241 983 1 124 672
355 232 1036 1 116 724
356 597 352 1 422 11
357 235 282 1 82 -13
358 320 453 1 174 148
359 281 971 1 161 658
360 595 396 1 423 52
361 165 97 1 4 -190
362 333 298 1 179 -5
363 197 82 1 35 -209
364 272 292 1 120 -7
365 171 383 1 25 86
366 305 1174 1 196 861
367 600 492 1 433 145
368 175 357 1 27 60
369 181 471 1 40 175
370 275 612 1 139 309
371 300 969 1 181 657
372 226 372 1 79 72
373 212 397 1 65 98
374 571 466 1 406 125
375 457 929 1 325 587
376 333 463 1 187 154
377 201 347 1 51 48
378 576 557 1 415 210
379 295 870 1 171 562
380 222 1003 1 106 692
381 242 1073 1 127 761
382 241 947 1 121 638
383 208 1107 1 95 794
384 275 792 1 148 486
385 302 700 1 170 395
386 209 1077 1 96 769
387 454 51 1 279 -259
388 230 888 1 108 583
389 280 960 1 160 648
390 338 763 1 205 443
391 266 819 1 139 512
392 323 297 1 166 -9
393 347 926 1 213 581
394 227 361 1 78 62
395 222 280 1 69 -16
396 586 528 1 421 181
397 175 327 1 25 31
398 287 799 1 160 493
399 167 109 1 7 -180
400 203 246 1 51 -46
401 265 871 1 141 566
402 138 70 1 -23 -216
403 580 541 1 418 194
404 292 1032 1 176 721
405 396 459 1 245 143
406 607 592 1 444 240
407 161 45 1 -2 -243
408 167 289 1 16 -4
409 542 939 1 404 585
410 266 914 1 144 607
411 614 424 1 441 77
412 173 1008 1 57 703
413 205 432 1 61 134
414 220 776 1 93 473
415 289 685 1 157 382
416 214 222 1 59 -72
417 470 814 1 334 481
418 364 892 1 239 575
419 227 516 1 87 218
420 218 1102 1 105 788
421 271 279 1 118 -18
422 139 356 1 -8 61
423 168 134 1 9 -155
424 194 429 1 49 131
425 570 501 1 407 158
426 495 162 1 321 -159
427 260 271 1 106 -26
428 229 951 1 109 642
429 276 501 1 134 200
430 316 1078 1 201 767
431 327 610 1 190 305
432 474 437 1 319 113
433 208 322 1 58 24
434 476 465 1 324 142
435 562 653 1 409 306
436 249 554 1 111 252
437 326 758 1 197 451
438 390 974 1 265 642
439 226 942 1 105 632
440 251 338 1 102 39
441 201 336 1 51 40
442 244 1137 1 133 825
443 207 778 1 80 475
444 287 909 1 165 599
445 276 775 1 148 470
446 557 323 1 386 -10
447 305 816 1 179 509
448 305 674 1 172 370
449 280 572 1 142 269
450 481 494 1 327 166
451 406 1047 1 287 724
452 299 321 1 143 11
453 605 503 1 438 154
454 609 626 1 448 271
455 288 698 1 157 393
456 155 233 1 1 -57
457 191 400 1 45 104
458 194 981 1 76 675
459 562 548 1 402 204
460 408 1004 1 285 676
461 668 353 1 481 0
462 276 723 1 146 418
463 243 357 1 93 56
464 381 834 1 252 519
465 292 897 1 169 586
466 245 352 1 96 53
467 241 574 1 103 273
468 244 659 1 111 359
469 216 879 1 94 574
470 183 292 1 32 -2
471 193 293 1 42 -1
472 320 789 1 189 471
473 185 278 1 33 -16
474 340 830 1 215 521
475 186 964 1 68 660
476 347 1096 1 232 779
477 345 854 1 218 537
478 210 789 1 83 486
479 611 488 1 442 138
480 195 284 1 43 -11
481 362 1078 1 245 760
482 199 216 1 44 -79
483 600 428 1 430 82
484 232 1143 1 121 831
485 274 938 1 153 626
486 351 716 1 219 409
487 294 1015 1 177 705
488 394 963 1 267 632
489 200 272 1 47 -23
490 231 233 1 76 -63
491 322 1013 1 205 702
492 145 109 1 -14 -178
493 270 234 1 116 -61
494 267 571 1 129 268
495 182 157 1 24 -133
496 202 161 1 44 -131
497 577 355 1 405 16
498 571 728 1 420 378
499 289 1157 1 178 844
500 286 835 1 159 522
501 123 544 1 -13 250
502 254 644 1 120 343
503 226 792 1 100 487
504 465 377 1 307 55
505 364 870 1 239 557
506 261 289 1 108 -10
507 234 350 1 85 51
508 440 188 1 273 -126
509 560 300 1 388 -32
