0 177 607 1 41 334
1 170 660 1 37 387
2 164 748 1 34 473
3 182 536 1 44 265
4 193 901 1 69 622
5 166 719 1 35 444
6 172 649 1 37 374
7 178 584 1 41 311
8 183 527 1 44 254
9 155 609 1 20 336
10 176 596 1 40 322
11 150 923 1 26 646
12 183 547 1 44 275
13 211 600 1 74 326
14 194 887 1 69 608
15 213 584 1 75 309
16 163 548 1 24 276
17 157 590 1 21 318
18 203 718 1 72 442
19 207 660 1 73 384
20 188 1001 1 67 722
21 188 1014 1 67 734
22 187 1026 1 67 747
23 194 910 1 69 632
24 151 812 1 23 537
25 193 922 1 68 644
26 207 674 1 73 398
27 208 647 1 73 371
28 135 1000 1 15 724
29 141 1010 1 20 733
30 143 988 1 23 709
31 197 831 1 70 552
32 157 831 1 30 555
33 152 888 1 27 611
34 326 322 1 68 -177
35 202 748 1 71 472
36 170 477 1 29 207
37 152 633 1 18 360
38 163 701 1 31 427
39 72 177 1 -79 -86
40 160 570 1 23 298
41 213 569 1 75 296
42 209 632 1 74 357
43 195 875 1 69 597
44 60 737 1 -68 471
45 141 1026 1 22 748
46 324 905 1 186 582
47 61 163 1 -91 -98
48 106 515 1 -32 246
49 166 634 1 31 361
50 119 958 1 -2 682
51 129 863 1 4 588
52 204 728 1 73 451
53 113 1028 1 -5 751
54 162 513 1 23 242
55 190 960 1 68 680
56 162 778 1 33 503
57 60 174 1 -92 -86
58 173 670 1 39 399
59 146 960 1 24 682
60 145 701 1 14 428
61 178 838 1 51 561
62 137 779 1 9 504
63 125 406 1 -18 138
64 77 162 1 -77 -99
65 276 651 1 142 373
66 176 803 1 48 527
67 202 793 1 71 516
68 205 701 1 72 425
69 153 780 1 23 505
70 144 999 1 24 722
71 161 648 1 27 374
72 306 801 1 176 520
73 176 634 1 41 361
74 202 738 1 70 461
75 117 986 1 -2 709
76 201 855 1 74 578
77 168 492 1 27 221
78 91 159 1 -62 -104
79 148 675 1 16 402
80 132 1026 1 11 747
81 203 764 1 72 487
82 218 551 1 79 278
83 150 653 1 17 381
84 80 188 1 -71 -75
85 45 798 1 -80 531
86 171 460 1 29 190
87 173 444 1 31 172
88 408 839 1 277 546
89 156 720 1 25 445
90 143 721 1 12 447
91 48 171 1 -103 -88
92 196 865 1 69 587
93 139 924 1 16 646
94 316 323 1 71 -156
95 84 149 1 -69 -113
96 614 583 1 449 257
97 33 935 1 -87 663
98 242 358 1 90 76
99 330 619 1 170 277
100 185 855 1 58 578
101 141 749 1 11 475
102 329 755 1 193 462
103 148 830 1 20 554
104 287 650 1 151 371
105 186 472 1 45 201
106 191 1115 1 73 832
107 156 734 1 24 460
108 414 998 1 289 704
109 443 766 1 306 467
110 137 798 1 8 522
111 176 818 1 47 542
112 403 850 1 272 561
113 617 417 1 443 98
114 220 508 1 80 235
115 320 585 1 181 307
116 413 1007 1 290 715
117 136 399 1 -7 132
118 627 1142 1 485 793
119 214 477 1 72 204
120 549 32 1 363 -262
121 182 218 1 29 -49
122 321 650 1 185 370
123 188 841 1 61 564
124 168 829 1 41 553
125 308 585 1 170 307
126 274 825 1 143 536
127 91 183 1 -61 -81
128 448 736 1 310 439
129 374 666 1 238 383
130 114 505 1 -24 236
131 379 689 1 244 405
132 267 1022 1 145 736
133 372 700 1 238 417
134 377 651 1 241 368
135 121 943 1 -1 666
136 598 350 1 424 36
137 271 747 1 139 468
138 170 430 1 26 160
139 246 1089 1 128 802
140 224 242 1 72 -29
141 155 747 1 24 473
142 199 299 1 49 28
143 299 649 1 164 370
144 336 720 1 203 439
145 224 325 1 75 50
146 154 40 1 -5 -220
147 38 171 1 -112 -88
148 218 490 1 78 217
149 194 455 1 52 184
150 348 484 1 205 204
151 213 312 1 63 41
152 82 172 1 -70 -90
153 325 721 1 192 440
154 442 750 1 304 451
155 162 558 1 25 287
156 341 794 1 211 511
157 223 1146 1 106 862
158 444 776 1 307 479
159 185 489 1 44 218
160 307 608 1 169 330
161 308 899 1 182 615
162 683 38 1 479 -271
163 160 387 1 15 116
164 196 351 1 48 79
165 266 650 1 131 374
166 226 281 1 74 10
167 397 356 1 243 68
168 156 53 1 -3 -209
169 200 1083 1 82 800
170 289 275 1 138 0
171 329 360 1 176 74
172 271 969 1 147 682
173 396 347 1 242 59
174 605 639 1 444 310
175 229 193 1 74 -74
176 133 985 1 13 710
177 258 810 1 129 531
178 450 973 1 320 669
179 612 680 1 452 351
180 232 835 1 103 557
181 583 697 1 428 372
182 297 980 1 172 692
183 250 1119 1 132 834
184 183 791 1 54 515
185 600 676 1 441 349
186 269 642 1 133 364
187 340 606 1 178 262
188 341 319 1 70 -195
189 415 1131 1 267 744
190 223 295 1 73 23
191 253 203 1 98 -64
192 259 978 1 135 691
193 373 712 1 239 428
194 119 858 1 -6 582
195 342 781 1 207 488
196 188 1046 1 68 766
197 360 845 1 232 561
198 151 319 1 3 51
199 168 368 1 22 97
200 366 655 1 230 373
201 269 1034 1 147 746
202 374 1098 1 228 712
203 164 339 1 17 69
204 180 407 1 35 135
205 653 1077 1 507 727
206 415 806 1 282 515
207 247 857 1 120 576
208 285 794 1 154 512
209 260 967 1 136 681
210 198 364 1 50 91
211 215 237 1 62 -32
212 267 620 1 131 345
213 154 344 1 7 74
214 221 413 1 76 139
215 224 221 1 71 -47
216 169 251 1 18 -15
217 478 910 1 341 596
218 222 1126 1 105 839
219 228 310 1 78 38
220 324 827 1 192 538
221 582 420 1 414 106
222 183 238 1 30 -29
223 579 401 1 409 88
224 141 764 1 12 490
225 222 425 1 76 152
226 196 39 1 36 -221
227 296 1042 1 176 756
228 623 354 1 445 37
229 143 628 1 8 355
230 366 896 1 231 589
231 333 852 1 205 569
232 241 439 1 96 164
233 169 218 1 16 -49
234 469 576 1 321 279
235 196 68 1 37 -195
236 395 829 1 264 537
237 580 580 1 419 260
238 189 322 1 40 52
239 331 916 1 194 590
240 294 715 1 162 435
241 267 988 1 145 703
242 266 944 1 141 656
243 614 377 1 438 59
244 275 837 1 147 556
245 492 1134 1 360 802
246 571 631 1 414 311
247 311 840 1 183 557
248 216 804 1 87 525
249 606 565 1 440 239
250 137 52 1 -21 -208
251 607 628 1 443 299
252 188 280 1 37 10
253 295 743 1 163 463
254 310 766 1 176 474
255 382 709 1 249 429
256 359 722 1 225 438
257 257 291 1 106 18
258 397 418 1 227 95
259 603 369 1 428 52
260 276 871 1 149 588
261 227 1060 1 106 773
262 580 619 1 421 297
263 599 745 1 444 417
264 148 131 1 -7 -132
265 560 50 1 374 -246
266 156 80 1 -1 -181
267 345 951 1 220 665
268 176 278 1 26 8
269 593 706 1 437 381
270 384 358 1 231 72
271 386 857 1 258 571
272 243 602 1 106 327
273 404 984 1 276 682
274 596 591 1 434 267
275 165 284 1 14 14
276 320 947 1 196 662
277 242 428 1 98 152
278 238 1063 1 117 776
279 461 299 1 304 12
280 217 794 1 88 516
281 212 739 1 81 462
282 218 182 1 62 -85
283 233 854 1 106 574
284 365 1007 1 241 715
285 354 1018 1 232 730
286 330 771 1 199 490
287 423 74 1 255 -205
288 362 641 1 224 360
289 214 1151 1 97 867
290 207 688 1 73 412
291 230 1012 1 107 726
292 182 387 1 35 113
293 603 386 1 430 70
294 517 411 1 357 109
295 355 671 1 220 389
296 402 1025 1 279 732
297 363 712 1 229 430
298 237 1001 1 115 714
299 270 196 1 115 -75
300 368 690 1 233 407
301 282 675 1 147 398
302 288 309 1 134 25
303 329 743 1 198 462
304 212 252 1 60 -18
305 272 1012 1 149 725
306 103 293 1 -43 31
307 207 206 1 53 -62
308 254 353 1 101 68
309 570 570 1 411 253
310 605 609 1 442 284
311 188 201 1 33 -65
312 251 1111 1 133 826
313 241 876 1 114 596
314 211 277 1 60 5
315 292 474 1 150 198
316 573 545 1 412 227
317 184 347 1 36 74
318 251 256 1 97 -16
319 580 401 1 410 88
320 235 991 1 112 705
321 487 121 1 314 -168
322 283 792 1 153 511
323 572 560 1 412 243
324 569 413 1 401 101
325 194 288 1 44 19
326 184 290 1 33 21
327 198 99 1 41 -164
328 161 297 1 12 28
329 246 770 1 115 492
330 492 502 1 338 200
331 42 829 1 -82 562
332 605 441 1 434 122
333 326 280 1 171 1
334 147 688 1 15 414
335 588 602 1 428 280
336 288 1056 1 168 773
337 374 679 1 240 395
338 255 903 1 131 621
339 46 807 1 -79 541
340 365 1031 1 242 741
341 274 922 1 149 640
342 233 291 1 82 20
343 237 964 1 113 680
344 262 1010 1 140 724
345 586 672 1 429 348
346 577 594 1 418 274
347 309 958 1 185 673
348 175 315 1 26 44
349 247 960 1 124 675
350 238 1014 1 116 728
351 605 325 1 428 10
352 235 256 1 83 -14
353 322 428 1 175 148
354 287 948 1 162 661
355 163 69 1 5 -192
356 334 270 1 179 -6
357 195 53 1 35 -210
358 273 264 1 120 -8
359 171 357 1 25 85
360 313 1151 1 197 864
361 609 468 1 439 147
362 175 331 1 27 60
363 183 445 1 41 175
364 278 587 1 140 310
365 306 945 1 182 660
366 227 346 1 79 72
367 213 371 1 65 97
368 578 441 1 411 126
369 335 437 1 188 154
370 201 321 1 51 48
371 584 533 1 420 213
372 300 845 1 172 563
373 229 980 1 106 695
374 249 1050 1 128 764
375 247 923 1 122 640
376 215 1084 1 95 798
377 279 768 1 149 487
378 306 674 1 171 395
379 216 1054 1 97 772
380 314 1035 1 197 745
381 235 864 1 108 584
382 286 937 1 161 651
383 270 795 1 140 514
384 323 270 1 167 -10
385 351 909 1 215 589
386 227 335 1 79 62
387 221 253 1 69 -17
388 594 504 1 427 184
389 175 300 1 25 31
390 292 774 1 161 494
391 165 80 1 7 -181
392 204 219 1 51 -47
393 270 847 1 142 567
394 605 420 1 432 100
395 135 41 1 -23 -218
396 589 517 1 424 197
397 299 1008 1 177 724
398 398 432 1 247 143
399 616 570 1 450 244
400 167 263 1 16 -5
401 551 921 1 409 594
402 271 890 1 145 609
403 623 398 1 447 78
404 207 408 1 62 134
405 224 753 1 93 474
406 293 660 1 158 382
407 214 194 1 59 -73
408 476 790 1 337 486
409 369 868 1 240 578
410 229 491 1 88 217
411 225 1080 1 105 792
412 272 252 1 119 -19
413 139 331 1 -8 60
414 167 105 1 10 -156
415 195 404 1 50 131
416 577 476 1 412 160
417 260 244 1 107 -27
418 650 981 1 499 634
419 619 627 1 454 295
420 234 928 1 109 645
421 278 475 1 135 199
422 323 1054 1 202 769
423 331 584 1 191 305
424 478 410 1 322 114
425 209 296 1 58 23
426 480 439 1 326 143
427 570 630 1 414 310
428 253 530 1 111 253
429 330 733 1 198 452
430 409 906 1 275 598
431 407 881 1 278 590
432 231 920 1 105 635
433 252 312 1 102 39
434 201 310 1 52 39
435 252 1113 1 134 829
436 211 754 1 80 476
437 293 885 1 166 601
438 280 750 1 149 471
439 562 294 1 390 -11
440 310 791 1 180 510
441 309 649 1 173 370
442 283 546 1 143 269
443 485 469 1 330 167
444 412 1023 1 288 728
445 300 295 1 143 10
446 614 479 1 444 157
447 619 604 1 454 275
448 292 672 1 158 394
449 154 206 1 1 -58
450 192 374 1 46 103
451 200 957 1 77 678
452 569 524 1 407 207
453 415 983 1 287 682
454 679 325 1 490 -1
455 280 698 1 147 419
456 243 331 1 93 55
457 298 872 1 170 588
458 339 974 1 214 686
459 246 326 1 97 53
460 243 550 1 104 273
461 247 634 1 112 359
462 221 855 1 95 575
463 183 265 1 32 -3
464 193 267 1 42 -2
465 185 252 1 33 -17
466 346 805 1 216 522
467 594 319 1 419 6
468 192 941 1 68 662
469 354 1072 1 233 783
470 289 962 1 165 675
471 351 830 1 219 540
472 624 922 1 473 581
473 214 766 1 84 487
474 620 463 1 448 140
475 196 257 1 43 -12
476 368 1054 1 247 764
477 199 188 1 44 -80
478 609 401 1 436 83
479 239 1119 1 121 835
480 280 914 1 154 629
481 355 691 1 220 409
482 300 991 1 178 707
483 400 939 1 269 637
484 199 245 1 47 -24
485 231 206 1 76 -65
486 329 988 1 206 704
487 143 81 1 -14 -180
488 270 207 1 116 -62
489 270 546 1 130 268
490 181 130 1 24 -135
491 201 133 1 44 -133
492 584 327 1 410 16
493 580 708 1 425 383
494 296 1133 1 179 848
495 290 811 1 160 525
496 125 519 1 -13 250
497 257 618 1 121 343
498 231 768 1 100 489
499 469 349 1 309 54
500 369 845 1 241 559
501 262 262 1 108 -11
502 235 324 1 86 50
503 442 158 1 275 -128
504 565 272 1 392 -33
