0 189 610 1 41 334
1 181 663 1 37 387
2 175 751 1 34 473
3 193 539 1 44 265
4 203 904 1 69 623
5 177 722 1 35 445
6 183 651 1 38 375
7 189 587 1 41 311
8 188 598 1 40 322
9 167 611 1 20 336
10 195 529 1 44 254
11 159 926 1 26 647
12 194 550 1 44 275
13 222 603 1 74 326
14 204 890 1 69 609
15 151 1030 1 22 749
16 224 587 1 76 309
17 175 551 1 24 276
18 168 593 1 21 318
19 214 721 1 72 442
20 218 663 1 73 385
21 197 1004 1 67 722
22 197 1018 1 67 735
23 196 1029 1 67 748
24 204 914 1 69 633
25 161 815 1 23 537
26 202 926 1 69 645
27 218 676 1 73 398
28 219 650 1 74 372
29 144 1004 1 15 725
30 150 1013 1 20 734
31 152 991 1 23 710
32 208 834 1 70 553
33 167 834 1 30 556
34 162 891 1 27 612
35 213 751 1 71 472
36 182 480 1 29 207
37 164 636 1 18 360
38 85 180 1 -79 -87
39 171 573 1 23 298
40 224 572 1 75 296
41 220 635 1 74 358
42 205 879 1 69 598
43 71 740 1 -68 471
44 175 704 1 31 427
45 334 913 1 187 586
46 74 165 1 -91 -99
47 118 517 1 -32 246
48 177 637 1 31 361
49 129 962 1 -1 683
50 139 867 1 4 589
51 215 731 1 73 451
52 122 1031 1 -5 752
53 174 516 1 23 242
54 200 963 1 68 681
55 173 781 1 33 503
56 152 962 1 24 683
57 184 672 1 39 399
58 337 331 1 63 -186
59 156 704 1 14 428
60 188 841 1 52 562
61 147 781 1 9 504
62 137 409 1 -18 138
63 89 165 1 -77 -100
64 287 655 1 142 374
65 186 806 1 48 528
66 212 796 1 71 516
67 216 704 1 72 426
68 163 783 1 23 505
69 153 1003 1 24 723
70 73 179 1 -92 -86
71 172 650 1 27 375
72 316 805 1 176 520
73 187 637 1 41 361
74 212 741 1 70 462
75 127 989 1 -2 710
76 211 858 1 74 578
77 180 495 1 28 221
78 43 938 1 -87 664
79 152 902 1 18 623
80 104 162 1 -62 -104
81 159 678 1 16 402
82 214 767 1 72 487
83 230 553 1 79 278
84 161 655 1 17 382
85 93 191 1 -71 -75
86 56 800 1 -80 531
87 183 463 1 30 189
88 185 446 1 31 172
89 419 843 1 278 548
90 424 1003 1 290 705
91 154 724 1 13 448
92 61 174 1 -103 -89
93 206 869 1 69 588
94 149 927 1 16 647
95 327 330 1 66 -164
96 167 723 1 25 446
97 97 152 1 -69 -113
98 628 589 1 452 258
99 253 362 1 90 76
100 342 626 1 171 280
101 613 683 1 444 351
102 195 858 1 59 578
103 151 752 1 11 476
104 340 760 1 193 464
105 158 833 1 20 555
106 298 653 1 152 371
107 198 475 1 45 201
108 200 1119 1 73 834
109 166 737 1 25 460
110 454 771 1 307 469
111 147 801 1 8 523
112 186 821 1 47 542
113 414 855 1 273 562
114 631 423 1 445 99
115 231 510 1 81 235
116 332 589 1 181 307
117 423 1013 1 290 716
118 148 401 1 -7 132
119 638 1154 1 488 800
120 226 480 1 72 204
121 564 33 1 364 -265
122 194 221 1 29 -49
123 332 653 1 185 370
124 198 844 1 61 564
125 285 830 1 143 537
126 179 832 1 42 553
127 140 1028 1 11 748
128 319 588 1 170 307
129 104 185 1 -61 -81
130 460 741 1 311 441
131 346 316 1 56 -221
132 386 670 1 239 384
133 126 507 1 -24 236
134 390 692 1 244 406
135 276 1026 1 145 737
136 384 704 1 238 418
137 389 655 1 241 369
138 613 355 1 426 36
139 24 1191 1 -97 915
140 182 433 1 26 160
141 255 1094 1 128 804
142 388 971 1 243 649
143 237 244 1 72 -29
144 165 750 1 24 473
145 212 302 1 49 28
146 310 652 1 164 371
147 346 723 1 203 440
148 236 328 1 75 50
149 168 43 1 -5 -221
150 355 893 1 218 607
151 51 174 1 -113 -90
152 230 492 1 78 217
153 206 458 1 52 184
154 360 487 1 205 204
155 226 315 1 63 40
156 95 174 1 -70 -91
157 336 724 1 192 440
158 453 755 1 305 452
159 174 561 1 25 287
160 352 798 1 211 512
161 232 1151 1 106 863
162 455 782 1 308 480
163 197 492 1 44 218
164 318 611 1 170 330
165 318 903 1 182 616
166 196 295 1 33 21
167 306 719 1 162 436
168 172 390 1 15 116
169 208 354 1 48 79
170 277 654 1 131 374
171 238 284 1 74 9
172 409 360 1 243 68
173 170 56 1 -3 -210
174 209 1087 1 82 801
175 302 278 1 138 0
176 342 363 1 176 74
177 196 1049 1 68 767
178 619 646 1 446 312
179 241 196 1 74 -75
180 317 771 1 176 475
181 142 988 1 13 710
182 269 814 1 129 531
183 625 688 1 454 353
184 242 838 1 103 558
185 595 705 1 430 374
186 307 985 1 173 693
187 259 1124 1 132 835
188 193 794 1 54 515
189 436 626 1 278 323
190 280 645 1 133 364
191 351 327 1 64 -205
192 424 1147 1 269 753
193 280 752 1 139 469
194 236 298 1 73 23
195 266 206 1 99 -64
196 268 982 1 135 693
197 384 716 1 240 429
198 129 860 1 -6 583
199 353 787 1 208 489
200 371 849 1 232 561
201 164 322 1 3 50
202 180 371 1 22 97
203 378 659 1 230 373
204 279 1039 1 147 748
205 384 1112 1 229 721
206 176 341 1 17 68
207 192 410 1 35 135
208 664 1089 1 510 733
209 426 811 1 283 516
210 275 250 1 107 -28
211 257 860 1 120 577
212 295 797 1 155 513
213 269 971 1 136 682
214 210 367 1 50 91
215 228 240 1 62 -33
216 278 624 1 131 345
217 167 347 1 7 73
218 233 416 1 76 139
219 237 224 1 71 -48
220 182 253 1 18 -16
221 231 1130 1 105 841
222 240 313 1 79 38
223 445 970 1 306 664
224 334 831 1 192 539
225 596 425 1 416 106
226 195 241 1 30 -29
227 593 406 1 411 88
228 151 767 1 12 490
229 234 428 1 76 151
230 209 42 1 36 -222
231 306 1047 1 177 757
232 638 359 1 447 37
233 575 53 1 376 -248
234 154 630 1 8 356
235 375 902 1 232 591
236 343 857 1 205 570
237 253 442 1 96 164
238 182 220 1 16 -49
239 481 580 1 322 279
240 210 71 1 37 -196
241 406 834 1 265 538
242 593 587 1 421 262
243 201 324 1 40 51
244 341 923 1 195 594
245 276 992 1 145 704
246 276 949 1 141 658
247 628 382 1 441 59
248 286 841 1 148 557
249 502 1142 1 362 807
250 584 637 1 416 313
251 321 844 1 184 558
252 227 808 1 87 526
253 620 572 1 442 240
254 150 55 1 -21 -208
255 620 635 1 446 301
256 201 282 1 37 10
257 306 747 1 163 463
258 393 713 1 250 430
259 370 725 1 225 439
260 270 294 1 106 18
261 410 423 1 228 96
262 617 374 1 431 52
263 286 875 1 150 589
264 236 1064 1 107 775
265 593 625 1 423 299
266 612 753 1 447 420
267 161 134 1 -7 -133
268 355 956 1 220 666
269 188 280 1 26 8
270 134 945 1 -1 667
271 397 362 1 231 72
272 397 861 1 258 572
273 254 605 1 106 327
274 415 991 1 277 684
275 610 598 1 436 269
276 177 286 1 14 13
277 330 951 1 196 663
278 254 431 1 98 152
279 247 1067 1 117 777
280 474 303 1 304 12
281 228 797 1 88 516
282 223 743 1 81 462
283 231 185 1 62 -86
284 243 857 1 106 574
285 375 1012 1 242 716
286 364 1023 1 232 731
287 340 775 1 199 490
288 437 78 1 256 -206
289 373 645 1 225 360
290 222 1156 1 97 868
291 218 691 1 73 412
292 239 1017 1 108 728
293 194 390 1 35 113
294 617 391 1 432 70
295 366 674 1 220 390
296 412 1030 1 279 734
297 306 951 1 172 664
298 374 716 1 230 431
299 246 1005 1 115 716
300 283 198 1 115 -75
301 379 693 1 234 407
302 293 678 1 148 398
303 300 312 1 134 25
304 340 746 1 198 462
305 225 255 1 60 -19
306 281 1017 1 150 726
307 116 296 1 -43 31
308 219 209 1 53 -62
309 266 356 1 101 68
310 583 576 1 413 254
311 619 616 1 445 285
312 200 204 1 33 -65
313 260 1116 1 133 828
314 251 880 1 114 597
315 223 279 1 60 5
316 305 477 1 150 198
317 586 551 1 414 229
318 197 350 1 36 74
319 594 406 1 412 88
320 244 995 1 112 706
321 501 124 1 315 -169
322 294 796 1 154 511
323 583 418 1 403 101
324 207 291 1 45 19
325 212 102 1 41 -165
326 174 299 1 12 27
327 257 774 1 116 492
328 505 508 1 339 201
329 53 832 1 -82 563
330 619 447 1 436 123
331 338 284 1 171 0
332 158 691 1 15 415
333 602 609 1 430 282
334 297 1060 1 169 774
335 384 683 1 240 395
336 265 906 1 131 622
337 57 809 1 -78 541
338 374 1036 1 243 742
339 284 927 1 149 640
340 246 294 1 83 19
341 247 967 1 114 682
342 271 1015 1 140 725
343 599 680 1 431 350
344 590 601 1 420 276
345 319 962 1 186 674
346 188 318 1 26 44
347 257 964 1 125 676
348 247 1018 1 117 729
349 620 329 1 430 10
350 248 259 1 83 -15
351 334 431 1 175 148
352 176 71 1 5 -192
353 347 273 1 180 -6
354 208 56 1 35 -211
355 286 267 1 121 -8
356 184 360 1 25 85
357 322 1156 1 198 866
358 623 473 1 442 148
359 188 333 1 27 60
360 195 448 1 41 175
361 289 590 1 140 310
362 316 949 1 182 661
363 240 349 1 79 72
364 225 374 1 65 97
365 592 446 1 413 127
366 347 441 1 188 154
367 213 324 1 51 48
368 597 539 1 422 214
369 310 849 1 173 564
370 239 984 1 107 696
371 258 1054 1 128 766
372 256 928 1 122 641
373 224 1089 1 96 800
374 290 771 1 149 488
375 317 678 1 172 396
376 225 1058 1 97 773
377 323 1039 1 193 748
378 245 867 1 109 585
379 297 941 1 161 652
380 281 798 1 140 514
381 336 273 1 167 -10
382 361 916 1 216 593
383 240 338 1 79 62
384 234 256 1 69 -17
385 170 84 1 -1 -181
386 303 778 1 162 494
387 217 221 1 51 -48
388 280 851 1 142 568
389 619 425 1 435 101
390 149 44 1 -23 -219
391 610 510 1 432 185
392 309 1012 1 178 725
393 410 436 1 247 143
394 630 576 1 453 245
395 179 266 1 16 -5
396 563 929 1 411 597
397 281 894 1 145 609
398 638 404 1 450 78
399 219 410 1 62 134
400 235 757 1 93 475
401 304 663 1 158 382
402 227 197 1 60 -74
403 487 796 1 338 487
404 380 872 1 241 579
405 241 494 1 88 217
406 233 1085 1 105 794
407 285 255 1 119 -20
408 151 333 1 -8 60
409 180 108 1 10 -156
410 207 407 1 50 131
411 591 482 1 414 161
412 663 992 1 503 639
413 632 634 1 456 297
414 244 931 1 110 646
415 289 478 1 135 199
416 332 1058 1 203 770
417 342 588 1 192 305
418 490 414 1 322 114
419 221 298 1 58 23
420 493 443 1 327 143
421 583 637 1 416 312
422 265 534 1 112 253
423 341 737 1 199 452
424 419 912 1 276 601
425 417 885 1 278 592
426 241 924 1 106 636
427 264 315 1 102 38
428 214 313 1 52 39
429 261 1118 1 134 830
430 222 758 1 81 477
431 303 889 1 166 602
432 290 753 1 149 471
433 576 298 1 392 -11
434 320 795 1 180 510
435 320 653 1 173 370
436 295 549 1 143 269
437 498 474 1 331 168
438 422 1029 1 289 730
439 312 298 1 144 10
440 628 485 1 446 158
441 633 611 1 457 277
442 303 676 1 158 394
443 166 208 1 1 -59
444 204 376 1 46 103
445 209 960 1 77 679
446 583 529 1 409 208
447 290 701 1 147 419
448 256 334 1 93 55
449 308 876 1 171 589
450 348 979 1 215 687
451 259 329 1 97 53
452 255 553 1 104 273
453 258 636 1 112 359
454 231 859 1 95 576
455 201 796 1 62 517
456 195 268 1 32 -3
457 206 269 1 42 -2
458 468 894 1 318 569
459 197 254 1 33 -17
460 356 809 1 216 522
461 608 323 1 421 6
462 202 944 1 69 663
463 364 1078 1 234 784
464 299 967 1 165 676
465 361 835 1 220 541
466 636 931 1 475 585
467 225 769 1 84 488
468 634 469 1 451 141
469 209 260 1 43 -12
470 378 1059 1 247 765
471 212 191 1 44 -81
472 623 407 1 438 84
473 248 1124 1 122 836
474 289 918 1 154 630
475 366 694 1 221 410
476 310 995 1 178 708
477 410 945 1 270 639
478 236 482 1 82 206
479 275 239 1 108 -35
480 212 248 1 47 -24
481 244 209 1 76 -65
482 339 993 1 206 705
483 156 83 1 -14 -180
484 283 210 1 116 -62
485 282 549 1 130 268
486 194 133 1 24 -135
487 215 136 1 44 -133
488 598 332 1 412 16
489 592 715 1 427 386
490 305 1138 1 180 849
491 301 815 1 160 526
492 136 521 1 -13 250
493 268 621 1 121 343
494 242 771 1 101 489
495 482 353 1 310 54
496 380 849 1 241 560
497 275 265 1 109 -11
498 248 327 1 86 50
499 579 275 1 394 -34
