0 244 726 1 35 446
1 243 754 1 34 474
2 256 590 1 41 311
3 259 542 1 44 265
4 250 654 1 38 375
5 249 681 1 38 401
6 260 532 1 45 254
7 261 553 1 45 275
8 230 930 1 26 649
9 235 597 1 21 319
10 234 614 1 21 336
11 287 666 1 74 385
12 268 1033 1 67 750
13 242 533 1 27 256
14 290 589 1 76 309
15 240 554 1 25 277
16 255 614 1 42 334
17 275 907 1 70 625
18 283 724 1 72 443
19 289 600 1 76 323
20 269 1008 1 68 725
21 281 754 1 72 474
22 274 917 1 70 635
23 231 819 1 24 539
24 269 1019 1 67 738
25 273 929 1 69 647
26 285 679 1 73 399
27 286 652 1 74 372
28 275 894 1 70 611
29 215 1008 1 15 727
30 277 837 1 70 554
31 237 838 1 30 557
32 222 1018 1 20 736
33 144 185 1 -80 -88
34 231 639 1 19 361
35 221 1034 1 22 752
36 237 576 1 23 299
37 290 575 1 76 296
38 246 484 1 30 207
39 209 871 1 4 591
40 287 638 1 74 358
41 224 994 1 24 713
42 242 707 1 32 428
43 447 913 1 239 614
44 133 171 1 -91 -100
45 183 521 1 -32 246
46 244 640 1 31 361
47 200 966 1 -1 686
48 275 882 1 70 600
49 194 1035 1 -5 754
50 241 785 1 33 505
51 222 966 1 19 685
52 224 708 1 14 429
53 404 921 1 188 595
54 258 844 1 52 563
55 229 664 1 17 382
56 216 785 1 9 505
57 254 640 1 41 362
58 201 411 1 -17 138
59 148 170 1 -77 -101
60 257 810 1 49 529
61 270 966 1 69 683
62 355 656 1 143 374
63 284 707 1 73 426
64 240 680 1 29 401
65 224 1007 1 24 725
66 266 1074 1 68 791
67 244 498 1 28 221
68 131 184 1 -93 -88
69 140 744 1 -67 471
70 239 654 1 27 375
71 385 806 1 177 521
72 280 743 1 71 463
73 281 862 1 75 580
74 222 906 1 18 625
75 162 167 1 -62 -106
76 291 555 1 80 278
77 212 839 1 6 560
78 121 181 1 -103 -90
79 283 771 1 73 488
80 240 519 1 23 242
81 152 196 1 -72 -76
82 247 466 1 30 189
83 248 449 1 31 172
84 280 800 1 72 518
85 490 846 1 280 550
86 496 1006 1 292 709
87 276 872 1 69 589
88 219 931 1 16 649
89 235 726 1 25 447
90 408 764 1 195 467
91 156 157 1 -70 -115
92 115 943 1 -87 666
93 315 364 1 90 76
94 686 686 1 450 357
95 264 862 1 59 580
96 366 654 1 153 372
97 262 478 1 46 201
98 220 756 1 11 477
99 227 683 1 16 403
100 258 602 1 40 323
101 199 994 1 -2 713
102 215 807 1 8 524
103 525 773 1 309 472
104 255 825 1 48 544
105 296 512 1 81 235
106 273 1124 1 74 837
107 125 803 1 -80 531
108 495 1016 1 292 720
109 291 482 1 73 204
110 200 847 1 -2 568
111 254 224 1 29 -50
112 669 707 1 436 380
113 268 847 1 62 566
114 249 836 1 42 555
115 227 836 1 20 556
116 231 785 1 23 507
117 212 1032 1 11 751
118 527 975 1 318 671
119 163 190 1 -62 -82
120 529 743 1 313 443
121 430 748 1 214 448
122 453 670 1 240 384
123 458 693 1 245 407
124 291 627 1 78 348
125 348 1031 1 146 741
126 364 1109 1 166 821
127 694 644 1 453 318
128 199 865 1 -6 585
129 77 1188 1 -117 914
130 191 511 1 -24 236
131 98 1194 1 -97 918
132 272 369 1 51 90
133 459 978 1 245 657
134 297 246 1 72 -30
135 272 304 1 49 27
136 379 653 1 165 371
137 415 725 1 204 440
138 355 833 1 144 540
139 298 329 1 76 50
140 224 47 1 -5 -222
141 426 896 1 219 609
142 110 180 1 -114 -91
143 255 881 1 51 600
144 295 494 1 78 217
145 270 461 1 52 184
146 425 487 1 206 204
147 287 317 1 63 40
148 624 24 1 369 -270
149 153 179 1 -71 -92
150 404 726 1 193 441
151 523 757 1 307 456
152 240 564 1 26 287
153 421 799 1 213 513
154 211 404 1 -7 132
155 491 911 1 276 597
156 526 784 1 310 483
157 261 494 1 45 218
158 385 612 1 170 330
159 389 906 1 183 618
160 256 297 1 33 20
161 235 393 1 15 116
162 344 655 1 132 375
163 310 1058 1 109 767
164 299 286 1 75 8
165 452 706 1 239 419
166 226 59 1 -3 -212
167 251 436 1 33 161
168 281 1091 1 82 805
169 405 363 1 177 74
170 268 1053 1 68 770
171 300 198 1 74 -76
172 681 350 1 432 36
173 662 602 1 425 280
174 455 657 1 243 369
175 453 736 1 241 450
176 466 990 1 248 655
177 233 754 1 24 474
178 331 1128 1 133 839
179 262 797 1 54 516
180 503 627 1 280 326
181 347 647 1 134 365
182 234 740 1 25 461
183 297 300 1 73 22
184 255 413 1 35 135
185 340 986 1 136 696
186 215 994 1 14 713
187 348 780 1 139 498
188 441 851 1 233 563
189 327 835 1 121 552
190 350 898 1 146 611
191 445 660 1 231 374
192 350 1043 1 148 752
193 225 326 1 3 50
194 317 1071 1 118 781
195 350 753 1 140 470
196 496 813 1 284 518
197 334 250 1 110 -26
198 666 422 1 421 107
199 328 863 1 121 579
200 377 986 1 174 696
201 340 974 1 137 685
202 287 241 1 62 -34
203 270 357 1 49 78
204 328 1099 1 129 808
205 228 351 1 7 73
206 296 418 1 76 139
207 242 256 1 18 -17
208 637 41 1 380 -254
209 301 315 1 79 37
210 517 974 1 308 669
211 456 722 1 244 436
212 404 834 1 194 542
213 401 531 1 184 249
214 236 265 1 13 -11
215 255 244 1 31 -30
216 661 403 1 416 89
217 297 430 1 77 151
218 265 45 1 37 -223
219 221 634 1 8 356
220 673 522 1 432 202
221 413 859 1 206 572
222 338 817 1 130 533
223 241 223 1 16 -50
224 354 699 1 143 417
225 266 73 1 37 -197
226 680 509 1 437 188
227 665 588 1 427 265
228 262 327 1 40 51
229 331 206 1 105 -69
230 412 932 1 196 604
231 338 844 1 131 560
232 255 271 1 32 -4
233 473 360 1 245 68
234 266 221 1 41 -54
235 296 811 1 88 527
236 692 573 1 449 245
237 206 59 1 -22 -210
238 668 633 1 432 309
239 261 285 1 37 9
240 374 749 1 164 464
241 305 1157 1 107 868
242 462 714 1 251 430
243 438 726 1 227 440
244 316 444 1 97 164
245 239 344 1 17 68
246 331 295 1 106 17
247 473 423 1 230 98
248 687 369 1 437 53
249 313 860 1 107 576
250 356 878 1 150 591
251 483 857 1 275 564
252 230 525 1 14 249
253 687 758 1 453 427
254 218 137 1 -7 -134
255 426 959 1 222 669
256 248 283 1 26 7
257 204 949 1 0 669
258 459 362 1 233 71
259 467 863 1 260 574
260 666 326 1 418 15
261 321 607 1 106 327
262 682 600 1 442 274
263 237 289 1 14 13
264 401 954 1 197 665
265 317 433 1 98 152
266 320 1131 1 122 840
267 297 800 1 89 518
268 289 187 1 62 -87
269 657 638 1 421 317
270 666 717 1 433 391
271 436 1027 1 234 735
272 440 646 1 226 361
273 295 1161 1 98 872
274 374 720 1 163 437
275 310 1022 1 108 731
276 686 387 1 438 71
277 344 627 1 132 345
278 484 1034 1 281 738
279 377 954 1 173 666
280 442 716 1 231 431
281 318 1009 1 116 719
282 341 199 1 115 -77
283 291 745 1 81 463
284 447 694 1 235 408
285 408 748 1 199 463
286 285 257 1 60 -19
287 363 278 1 138 0
288 353 1021 1 151 730
289 178 300 1 -42 30
290 279 211 1 53 -63
291 654 576 1 418 257
292 692 618 1 451 290
293 259 206 1 33 -66
294 333 1120 1 134 832
295 321 883 1 115 599
296 284 281 1 60 4
297 369 478 1 151 198
298 657 551 1 419 232
299 258 352 1 37 74
300 662 402 1 417 89
301 315 999 1 113 710
302 561 117 1 318 -172
303 311 843 1 104 559
304 248 314 1 26 38
305 268 293 1 45 18
306 304 1087 1 105 797
307 234 302 1 12 27
308 406 1043 1 204 750
309 325 776 1 116 493
310 123 835 1 -82 563
311 469 828 1 258 534
312 690 444 1 442 125
313 398 283 1 172 0
314 225 694 1 15 415
315 674 610 1 435 286
316 369 1064 1 170 777
317 335 909 1 132 624
318 291 1085 1 93 799
319 446 1039 1 244 746
320 296 226 1 72 -49
321 306 296 1 83 19
322 390 965 1 187 677
323 328 968 1 125 679
324 319 1024 1 117 733
325 688 323 1 436 10
326 308 260 1 83 -16
327 397 431 1 176 148
328 212 88 1 -15 -182
329 407 272 1 181 -7
330 346 268 1 121 -9
331 245 363 1 25 85
332 395 1160 1 199 870
333 350 801 1 141 516
334 259 450 1 41 174
335 355 591 1 141 310
336 387 953 1 184 663
337 302 350 1 80 71
338 287 376 1 66 97
339 320 329 1 97 52
340 426 828 1 216 536
341 412 440 1 189 154
342 274 326 1 51 47
343 669 539 1 428 218
344 380 852 1 174 566
345 495 75 1 257 -209
346 331 1059 1 129 769
347 327 931 1 123 644
348 695 475 1 448 150
349 359 773 1 150 489
350 384 679 1 173 396
351 391 626 1 176 344
352 297 1062 1 97 776
353 395 1043 1 194 752
354 315 870 1 109 586
355 651 419 1 408 102
356 396 272 1 168 -11
357 360 749 1 149 465
358 301 339 1 79 61
359 294 258 1 69 -18
360 226 87 1 -1 -183
361 371 780 1 163 496
362 251 135 1 24 -137
363 276 223 1 52 -49
364 350 853 1 143 569
365 205 48 1 -23 -220
366 681 509 1 437 188
367 380 1015 1 179 728
368 474 435 1 249 144
369 324 247 1 99 -28
370 311 317 1 88 39
371 354 100 1 125 -175
372 282 413 1 62 134
373 304 760 1 94 476
374 371 664 1 159 383
375 285 199 1 60 -75
376 448 1016 1 243 720
377 450 875 1 242 582
378 306 495 1 88 217
379 326 357 1 101 68
380 345 255 1 120 -21
381 212 337 1 -8 59
382 237 111 1 10 -158
383 270 410 1 50 130
384 661 480 1 419 163
385 231 77 1 3 -193
386 265 58 1 35 -213
387 315 935 1 110 648
388 284 820 1 77 539
389 354 479 1 136 199
390 556 411 1 325 114
391 282 300 1 58 22
392 280 1105 1 81 818
393 559 440 1 329 143
394 674 682 1 437 356
395 330 535 1 112 253
396 410 738 1 200 453
397 488 887 1 280 594
398 326 316 1 103 38
399 275 315 1 52 38
400 308 918 1 104 631
401 373 892 1 167 604
402 675 315 1 427 5
403 390 797 1 181 512
404 387 654 1 174 371
405 361 550 1 144 269
406 382 842 1 174 555
407 679 509 1 436 187
408 371 678 1 159 395
409 226 212 1 1 -60
410 266 379 1 46 103
411 310 978 1 107 689
412 653 529 1 414 211
413 575 235 1 336 -60
414 406 550 1 189 265
415 308 817 1 101 534
416 241 438 1 23 162
417 378 879 1 171 591
418 420 982 1 216 690
419 535 299 1 306 11
420 321 555 1 105 274
421 348 964 1 143 672
422 270 799 1 63 518
423 266 272 1 42 -3
424 352 618 1 138 336
425 258 257 1 33 -18
426 426 811 1 217 524
427 685 478 1 441 159
428 273 947 1 69 665
429 436 1081 1 235 788
430 379 1054 1 179 763
431 431 838 1 221 544
432 269 263 1 43 -13
433 450 1063 1 249 769
434 270 193 1 44 -82
435 541 901 1 321 577
436 310 329 1 86 49
437 434 695 1 222 410
438 381 998 1 179 711
439 300 484 1 83 206
440 334 239 1 109 -36
441 272 250 1 47 -25
442 303 210 1 76 -66
443 411 995 1 207 707
444 213 87 1 -14 -182
445 343 211 1 117 -63
446 220 137 1 -6 -134
447 272 138 1 44 -135
448 378 1142 1 181 853
449 438 681 1 224 393
450 363 312 1 135 25
451 311 775 1 101 491
452 546 351 1 312 54
453 450 850 1 243 562
454 335 266 1 109 -12
455 645 269 1 399 -35
