0 192 711 1 216 768
1 204 526 1 226 585
2 189 741 1 215 797
3 201 574 1 222 632
4 195 640 1 219 697
5 205 515 1 226 574
6 195 666 1 219 723
7 216 1012 1 249 1065
8 232 637 1 256 694
9 205 536 1 226 595
10 176 920 1 207 975
11 180 581 1 202 640
12 179 598 1 202 658
13 231 650 1 255 707
14 216 1024 1 249 1078
15 187 516 1 208 576
16 236 573 1 258 630
17 185 537 1 206 597
18 200 597 1 223 656
19 222 896 1 251 950
20 229 710 1 254 766
21 235 584 1 257 643
22 217 999 1 250 1052
23 227 740 1 253 797
24 221 907 1 251 961
25 177 807 1 205 863
26 220 919 1 251 972
27 231 664 1 255 721
28 222 882 1 251 936
29 163 999 1 196 1054
30 223 825 1 252 879
31 195 561 1 215 617
32 172 985 1 205 1039
33 169 1009 1 201 1063
34 183 826 1 211 881
35 365 617 1 347 575
36 176 623 1 200 682
37 169 1026 1 203 1080
38 235 559 1 257 617
39 182 560 1 204 619
40 191 466 1 211 526
41 155 860 1 185 916
42 187 652 1 211 710
43 188 693 1 213 750
44 74 147 1 86 216
45 127 504 1 148 566
46 204 560 1 225 619
47 146 957 1 178 1012
48 84 161 1 97 227
49 221 870 1 251 925
50 141 1027 1 175 1082
51 187 772 1 214 828
52 169 956 1 200 1011
53 232 622 1 256 679
54 169 694 1 195 751
55 174 649 1 198 705
56 162 773 1 190 829
57 199 624 1 222 683
58 145 393 1 162 456
59 89 147 1 101 215
60 203 798 1 230 853
61 218 957 1 250 1010
62 192 447 1 211 509
63 302 640 1 325 696
64 230 693 1 254 749
65 185 665 1 210 723
66 172 998 1 205 1053
67 214 1066 1 249 1119
68 189 481 1 209 541
69 72 161 1 85 228
70 85 728 1 113 792
71 184 639 1 208 697
72 333 793 1 360 845
73 227 730 1 252 786
74 228 850 1 256 905
75 204 833 1 233 888
76 169 896 1 199 950
77 103 143 1 115 210
78 237 538 1 258 596
79 189 625 1 212 683
80 158 828 1 187 884
81 61 157 1 74 226
82 184 501 1 204 562
83 93 173 1 106 239
84 105 156 1 117 223
85 209 460 1 227 520
86 193 431 1 212 491
87 226 787 1 253 841
88 399 982 1 410 971
89 166 921 1 197 975
90 668 408 1 651 425
91 652 689 1 648 695
92 180 712 1 206 769
93 97 133 1 108 201
94 257 1054 1 291 1099
95 59 933 1 92 991
96 258 346 1 270 396
97 243 495 1 263 555
98 150 922 1 181 978
99 312 639 1 335 693
100 225 835 1 252 889
101 165 743 1 192 800
102 172 668 1 197 725
103 222 860 1 251 914
104 145 985 1 177 1040
105 160 795 1 189 849
106 137 506 1 158 567
107 476 765 1 495 801
108 199 503 1 219 563
109 664 362 1 646 381
110 668 590 1 658 598
111 221 1118 1 255 1168
112 658 651 1 652 657
113 440 837 1 464 879
114 236 464 1 254 524
115 146 836 1 177 892
116 631 709 1 632 718
117 227 757 1 254 812
118 340 711 1 364 764
119 217 845 1 247 901
120 177 773 1 204 830
121 71 788 1 100 853
122 478 971 1 505 1005
123 104 167 1 116 233
124 194 824 1 223 879
125 237 612 1 260 669
126 297 1025 1 329 1071
127 314 1101 1 349 1150
128 201 812 1 229 868
129 145 854 1 174 909
130 24 1184 1 62 1243
131 674 339 1 654 358
132 135 494 1 155 556
133 44 1190 1 82 1247
134 216 349 1 231 409
135 325 638 1 347 693
136 363 710 1 387 763
137 243 265 1 256 326
138 375 883 1 402 934
139 50 156 1 63 224
140 203 869 1 233 924
141 215 443 1 233 503
142 372 470 1 389 524
143 231 296 1 244 358
144 95 156 1 107 223
145 352 711 1 376 764
146 159 1025 1 192 1079
147 474 748 1 493 784
148 185 548 1 207 608
149 215 787 1 242 842
150 659 641 1 652 648
151 655 435 1 641 450
152 156 385 1 173 450
153 179 741 1 205 797
154 477 776 1 496 813
155 206 477 1 226 538
156 332 596 1 353 651
157 337 896 1 366 945
158 200 277 1 214 338
159 178 374 1 195 435
160 241 477 1 260 537
161 291 640 1 314 696
162 375 830 1 399 873
163 399 692 1 423 741
164 665 695 1 659 699
165 197 201 1 209 266
166 196 418 1 214 480
167 216 285 1 230 345
168 412 993 1 425 992
169 216 1045 1 250 1098
170 245 176 1 255 240
171 646 334 1 629 356
172 624 599 1 621 613
173 362 846 1 389 896
174 401 722 1 425 773
175 326 978 1 357 1025
176 353 827 1 377 870
177 173 824 1 201 881
178 281 1123 1 316 1170
179 293 631 1 316 686
180 179 727 1 206 784
181 177 283 1 192 345
182 670 576 1 660 584
183 241 280 1 254 340
184 199 394 1 216 454
185 162 985 1 195 1040
186 652 354 1 635 374
187 628 409 1 617 431
188 295 767 1 321 821
189 446 804 1 469 846
190 390 839 1 417 888
191 671 460 1 656 473
192 275 823 1 303 876
193 298 887 1 328 937
194 242 224 1 253 286
195 298 1036 1 331 1083
196 168 306 1 184 368
197 266 1067 1 300 1113
198 202 185 1 214 250
199 297 739 1 322 793
200 446 915 1 463 937
201 280 229 1 291 290
202 624 388 1 613 412
203 168 32 1 176 102
204 275 852 1 303 904
205 280 245 1 290 304
206 214 336 1 229 397
207 277 1094 1 311 1140
208 287 969 1 319 1015
209 171 331 1 187 392
210 241 400 1 257 458
211 194 261 1 207 325
212 491 629 1 503 663
213 205 849 1 234 904
214 246 295 1 260 355
215 469 973 1 494 1004
216 404 708 1 427 759
217 288 979 1 318 1026
218 348 513 1 366 569
219 180 244 1 194 306
220 199 222 1 211 286
221 241 411 1 258 471
222 669 666 1 662 671
223 636 516 1 628 531
224 285 804 1 312 857
225 244 310 1 256 368
226 301 684 1 325 739
227 522 932 1 539 954
228 644 502 1 634 517
229 628 584 1 623 598
230 206 307 1 221 369
231 276 184 1 286 247
232 678 387 1 659 403
233 210 49 1 218 117
234 242 205 1 252 267
235 286 831 1 314 884
236 318 1053 1 353 1105
237 199 251 1 212 312
238 210 199 1 221 262
239 242 800 1 270 852
240 149 33 1 157 104
241 214 836 1 243 890
242 630 631 1 628 643
243 322 734 1 346 787
244 253 1152 1 289 1200
245 387 712 1 410 763
246 261 426 1 278 484
247 182 325 1 198 386
248 276 275 1 288 335
249 623 421 1 613 442
250 259 848 1 288 901
251 433 846 1 459 891
252 175 508 1 195 569
253 290 234 1 301 296
254 361 984 1 392 1033
255 654 305 1 635 329
256 161 113 1 172 181
257 375 949 1 405 996
258 347 596 1 369 652
259 416 851 1 443 899
260 629 308 1 614 334
261 181 270 1 195 331
262 351 943 1 380 992
263 263 414 1 280 472
264 452 655 1 468 693
265 229 1085 1 264 1135
266 270 1125 1 305 1172
267 244 787 1 270 842
268 617 635 1 616 651
269 628 719 1 629 729
270 386 956 1 415 1001
271 244 1157 1 280 1205
272 321 705 1 345 759
273 258 1016 1 290 1062
274 391 966 1 420 1011
275 290 612 1 314 667
276 409 196 1 413 250
277 435 1028 1 466 1069
278 326 945 1 356 994
279 266 1003 1 298 1050
280 287 177 1 297 239
281 237 732 1 263 787
282 395 679 1 418 731
283 357 733 1 382 786
284 229 236 1 241 297
285 309 257 1 320 317
286 302 1015 1 333 1060
287 122 279 1 138 348
288 223 188 1 234 253
289 326 931 1 356 981
290 269 872 1 297 924
291 228 260 1 240 322
292 315 460 1 333 518
293 619 544 1 614 562
294 202 333 1 217 393
295 263 993 1 295 1040
296 192 304 1 206 365
297 258 831 1 286 884
298 192 294 1 206 356
299 212 273 1 226 336
300 106 133 1 118 201
301 253 1082 1 286 1129
302 305 868 1 333 917
303 356 1036 1 387 1081
304 272 763 1 298 817
305 69 822 1 98 885
306 418 819 1 442 861
307 660 461 1 646 476
308 345 262 1 354 317
309 640 668 1 637 677
310 637 608 1 632 620
311 501 634 1 517 674
312 283 898 1 314 950
313 240 1078 1 274 1129
314 396 1032 1 428 1076
315 251 276 1 264 336
316 201 235 1 214 299
317 340 956 1 370 1004
318 659 569 1 650 580
319 280 1077 1 314 1123
320 268 1018 1 299 1064
321 612 406 1 599 425
322 253 239 1 264 301
323 662 329 1 644 351
324 156 64 1 163 130
325 354 251 1 363 309
326 291 247 1 303 307
327 190 344 1 205 404
328 346 1153 1 382 1201
329 297 789 1 323 840
330 204 432 1 222 494
331 302 575 1 323 631
332 336 943 1 366 991
333 247 331 1 261 390
334 231 357 1 246 416
335 513 90 1 505 138
336 265 309 1 279 370
337 656 382 1 640 401
338 374 818 1 400 863
339 622 469 1 614 489
340 271 339 1 282 388
341 402 780 1 419 805
342 632 533 1 624 548
343 330 958 1 360 1006
344 444 48 1 441 105
345 667 476 1 653 490
346 275 923 1 305 972
347 331 663 1 355 718
348 422 995 1 437 997
349 338 610 1 359 665
350 220 297 1 233 357
351 345 1036 1 377 1082
352 262 858 1 291 911
353 621 574 1 618 590
354 258 1127 1 293 1175
355 342 252 1 350 305
356 306 735 1 332 788
357 246 320 1 260 379
358 239 237 1 250 298
359 170 62 1 179 132
360 320 766 1 345 819
361 194 111 1 204 179
362 221 201 1 233 267
363 298 841 1 326 893
364 645 502 1 635 517
365 330 1005 1 362 1055
366 269 226 1 281 288
367 255 297 1 269 357
368 300 76 1 306 140
369 226 395 1 243 453
370 250 747 1 276 800
371 653 764 1 651 768
372 318 649 1 342 704
373 306 759 1 330 813
374 400 866 1 426 910
375 251 478 1 270 537
376 449 891 1 475 932
377 214 391 1 231 450
378 189 233 1 202 297
379 174 52 1 183 122
380 209 33 1 215 101
381 193 315 1 208 376
382 262 926 1 292 976
383 237 751 1 263 804
384 231 808 1 258 863
385 299 461 1 318 519
386 673 637 1 664 642
387 267 592 1 288 649
388 665 428 1 651 445
389 508 395 1 512 436
390 227 280 1 239 340
391 228 1099 1 263 1149
392 216 90 1 223 156
393 637 684 1 633 693
394 217 230 1 229 292
395 358 723 1 382 776
396 315 943 1 345 991
397 438 877 1 464 922
398 213 79 1 220 143
399 271 296 1 284 356
400 367 736 1 392 789
401 256 909 1 285 959
402 321 881 1 350 931
403 639 297 1 623 324
404 338 783 1 364 835
405 334 638 1 357 693
406 644 502 1 633 516
407 176 255 1 190 318
408 525 942 1 543 964
409 318 662 1 341 717
410 169 190 1 181 256
411 410 697 1 434 751
412 258 971 1 288 1019
413 614 522 1 609 540
414 529 213 1 524 255
415 353 532 1 371 586
416 255 805 1 282 858
417 185 419 1 204 481
418 327 868 1 354 917
419 299 546 1 320 601
420 486 279 1 491 329
421 267 538 1 286 595
422 249 577 1 270 634
423 268 940 1 298 989
424 471 193 1 472 243
425 295 957 1 325 1002
426 498 643 1 510 676
427 210 252 1 223 314
428 298 602 1 320 657
429 465 984 1 489 1012
430 375 797 1 401 848
431 652 372 1 637 392
432 649 469 1 638 486
433 386 1074 1 419 1119
434 329 1046 1 362 1093
435 317 965 1 347 1012
436 305 983 1 336 1030
437 459 976 1 480 996
438 213 242 1 224 303
439 401 1056 1 433 1100
440 214 170 1 224 234
441 461 764 1 480 799
442 684 413 1 666 428
443 633 543 1 625 558
444 254 310 1 267 368
445 675 614 1 665 620
446 245 466 1 264 525
447 279 218 1 290 280
448 637 491 1 629 508
449 248 188 1 257 250
450 622 562 1 618 579
451 426 1088 1 458 1131
452 288 189 1 299 253
453 163 113 1 173 181
454 216 115 1 225 180
455 328 1135 1 364 1183
456 308 292 1 316 343
457 657 208 1 634 236
458 258 763 1 283 815
459 625 431 1 615 453
460 185 363 1 201 423
461 654 410 1 639 428
462 605 247 1 592 280
