0 217 676 1 37 449
1 200 885 1 27 657
2 223 604 1 39 377
3 229 538 1 43 313
4 222 630 1 39 404
5 238 963 1 70 734
6 237 977 1 69 748
7 259 601 1 76 374
8 228 562 1 43 336
9 234 500 1 46 276
10 207 562 1 22 338
11 258 615 1 76 387
12 236 989 1 69 760
13 216 479 1 28 256
14 264 537 1 78 310
15 213 501 1 26 277
16 234 479 1 46 254
17 244 861 1 72 632
18 255 674 1 74 447
19 263 549 1 78 323
20 252 705 1 74 478
21 244 871 1 72 643
22 201 771 1 25 544
23 242 883 1 71 655
24 258 629 1 75 401
25 215 706 1 36 479
26 244 848 1 72 618
27 184 963 1 16 737
28 247 790 1 72 561
29 190 973 1 22 746
30 194 950 1 25 722
31 227 762 1 50 534
32 117 121 1 -83 -93
33 201 615 1 18 386
34 204 587 1 20 363
35 190 990 1 23 762
36 264 523 1 78 297
37 211 524 1 24 300
38 221 429 1 31 206
39 179 824 1 5 597
40 214 616 1 32 390
41 214 657 1 33 431
42 253 695 1 73 467
43 156 467 1 -31 246
44 232 524 1 46 299
45 169 920 1 0 694
46 207 790 1 32 563
47 245 836 1 72 607
48 162 990 1 -4 765
49 191 921 1 20 694
50 97 117 1 -105 -94
51 259 587 1 76 360
52 196 657 1 15 432
53 187 736 1 10 510
54 226 588 1 43 363
55 111 691 1 -66 472
56 122 106 1 -79 -106
57 239 921 1 71 692
58 222 410 1 31 188
59 329 606 1 146 376
60 256 658 1 75 430
61 182 792 1 7 565
62 193 962 1 25 735
63 234 1031 1 70 802
64 219 444 1 29 221
65 106 107 1 -93 -105
66 216 589 1 32 364
67 211 602 1 28 378
68 358 760 1 181 527
69 252 815 1 77 586
70 211 735 1 35 509
71 191 860 1 19 632
72 137 103 1 -64 -111
73 176 356 1 -16 136
74 266 502 1 78 276
75 191 707 1 12 481
76 222 526 1 35 298
77 213 465 1 25 242
78 126 132 1 -73 -81
79 173 886 1 1 660
80 199 632 1 17 406
81 138 115 1 -62 -97
82 211 629 1 30 404
83 223 393 1 33 171
84 251 752 1 74 523
85 228 797 1 54 569
86 188 885 1 17 657
87 238 423 1 47 200
88 433 696 1 252 459
89 206 676 1 26 450
90 245 825 1 71 596
91 290 310 1 90 76
92 171 799 1 -1 574
93 237 490 1 46 265
94 339 604 1 156 374
95 686 670 1 474 382
96 107 117 1 -95 -92
97 240 1083 1 76 851
98 85 896 1 -87 673
99 249 800 1 73 570
100 44 1144 1 -117 926
101 539 899 1 348 617
102 167 948 1 -1 723
103 166 468 1 -21 247
104 503 737 1 317 485
105 129 92 1 -72 -120
106 465 807 1 286 562
107 266 428 1 75 204
108 132 81 1 -70 -131
109 665 689 1 458 405
110 675 703 1 466 418
111 253 722 1 75 493
112 241 811 1 67 582
113 442 682 1 261 447
114 137 126 1 -63 -87
115 265 576 1 80 349
116 318 992 1 150 755
117 373 539 1 187 309
118 334 1068 1 170 834
119 237 467 1 49 242
120 225 777 1 49 549
121 97 751 1 -78 533
122 273 460 1 83 235
123 397 851 1 223 616
124 164 456 1 -23 236
125 247 312 1 51 89
126 353 604 1 168 373
127 390 677 1 208 443
128 275 227 1 76 5
129 83 115 1 -117 -96
130 227 834 1 53 606
131 245 406 1 54 183
132 127 115 1 -72 -97
133 378 678 1 197 445
134 180 988 1 12 761
135 482 1209 1 309 919
136 501 719 1 315 468
137 213 511 1 27 288
138 239 751 1 62 523
139 186 348 1 -6 130
140 204 705 1 26 478
141 504 748 1 319 496
142 236 440 1 46 218
143 360 562 1 174 332
144 360 863 1 187 627
145 232 239 1 34 18
146 209 337 1 15 115
147 271 441 1 80 217
148 318 605 1 135 377
149 399 799 1 221 556
150 169 817 1 -5 591
151 227 469 1 39 243
152 230 162 1 29 -54
153 226 381 1 34 159
154 248 247 1 50 25
155 237 1010 1 70 781
156 278 138 1 75 -80
157 425 649 1 239 412
158 661 395 1 439 124
159 660 576 1 447 298
160 427 659 1 244 422
161 386 812 1 210 578
162 450 753 1 262 496
163 650 593 1 440 316
164 387 1066 1 224 830
165 378 796 1 198 553
166 197 789 1 22 562
167 300 1089 1 136 854
168 684 746 1 477 456
169 320 596 1 137 367
170 328 649 1 146 420
171 277 1021 1 112 783
172 205 690 1 26 465
173 209 245 1 12 24
174 565 892 1 378 616
175 274 242 1 74 20
176 230 357 1 36 134
177 183 949 1 15 722
178 403 436 1 210 204
179 471 774 1 291 528
180 320 732 1 142 502
181 668 383 1 442 113
182 414 807 1 238 569
183 299 789 1 124 558
184 322 853 1 149 619
185 319 1004 1 152 767
186 200 269 1 4 48
187 286 1034 1 121 797
188 236 147 1 34 -71
189 322 705 1 143 474
190 264 258 1 64 37
191 313 192 1 112 -30
192 287 1023 1 121 787
193 298 817 1 124 586
194 194 582 1 11 357
195 313 208 1 111 -16
196 246 299 1 49 77
197 297 1061 1 132 824
198 420 328 1 175 15
199 203 293 1 7 71
200 272 364 1 78 138
201 226 223 1 27 4
202 188 756 1 12 529
203 229 814 1 55 585
204 278 258 1 80 35
205 377 479 1 187 249
206 212 206 1 14 -14
207 232 184 1 31 -34
208 673 492 1 454 215
209 272 375 1 79 150
210 275 186 1 73 -34
211 683 479 1 460 200
212 663 405 1 441 135
213 671 279 1 440 13
214 276 273 1 77 48
215 376 576 1 191 345
216 663 561 1 449 282
217 310 146 1 107 -74
218 487 726 1 292 455
219 252 262 1 54 39
220 416 671 1 234 437
221 309 798 1 134 566
222 337 1020 1 174 788
223 231 212 1 32 -7
224 243 160 1 41 -58
225 267 764 1 90 534
226 347 946 1 178 709
227 238 800 1 63 572
228 665 610 1 454 329
229 347 701 1 167 468
230 218 789 1 44 561
231 275 999 1 107 763
232 310 771 1 133 538
233 292 391 1 99 164
234 214 287 1 18 66
235 309 238 1 108 14
236 283 814 1 109 583
237 673 555 1 456 273
238 457 816 1 280 573
239 324 197 1 122 -24
240 201 740 1 24 512
241 382 952 1 213 716
242 432 974 1 248 685
243 398 917 1 226 679
244 375 563 1 190 332
245 440 819 1 265 581
246 687 445 1 466 171
247 329 625 1 145 395
248 213 231 1 15 10
249 293 379 1 100 152
250 249 1051 1 85 818
251 288 1091 1 125 856
252 367 679 1 185 445
253 268 753 1 91 523
254 387 622 1 193 365
255 466 1213 1 293 923
256 660 699 1 455 416
257 278 1060 1 113 825
258 408 925 1 237 684
259 263 1122 1 100 889
260 348 672 1 166 440
261 279 983 1 111 746
262 413 935 1 242 694
263 318 577 1 135 347
264 281 796 1 106 566
265 444 161 1 235 -70
266 348 913 1 177 676
267 288 970 1 118 734
268 321 140 1 117 -81
269 263 697 1 83 468
270 373 910 1 201 675
271 658 550 1 444 274
272 383 700 1 203 467
273 262 198 1 61 -23
274 343 221 1 141 -3
275 274 167 1 73 -53
276 154 240 1 -41 27
277 404 868 1 231 633
278 348 900 1 177 663
279 397 622 1 189 328
280 261 222 1 61 1
281 335 499 1 146 269
282 345 425 1 153 197
283 654 520 1 440 245
284 234 296 1 37 72
285 285 960 1 115 723
286 224 266 1 27 45
287 224 256 1 26 35
288 244 235 1 46 15
289 140 93 1 -61 -119
290 427 943 1 256 702
291 662 361 1 438 93
292 329 835 1 154 600
293 683 271 1 450 4
294 298 729 1 119 498
295 93 784 1 -81 566
296 442 780 1 261 537
297 379 227 1 175 -3
298 675 647 1 464 364
299 672 586 1 458 305
300 359 790 1 181 550
301 307 864 1 135 632
302 260 1044 1 95 812
303 449 836 1 275 595
304 322 754 1 144 522
305 258 150 1 55 -67
306 284 238 1 84 16
307 234 197 1 34 -21
308 362 924 1 191 687
309 650 614 1 441 336
310 300 1043 1 135 807
311 289 985 1 120 748
312 263 320 1 67 96
313 286 202 1 85 -19
314 388 215 1 184 -11
315 325 210 1 123 -12
316 221 306 1 25 83
317 365 1121 1 203 885
318 234 395 1 43 173
319 330 540 1 144 311
320 646 494 1 431 222
321 359 911 1 188 674
322 278 294 1 81 69
323 462 424 1 240 140
324 333 753 1 155 520
325 661 444 1 440 172
326 669 510 1 451 232
327 351 925 1 181 689
328 358 630 1 176 398
329 365 576 1 180 345
330 208 24 1 0 -188
331 366 1005 1 198 766
332 277 1094 1 114 859
333 376 216 1 171 -15
334 332 701 1 153 469
335 278 284 1 80 59
336 272 200 1 70 -22
337 344 733 1 166 500
338 389 799 1 210 557
339 338 1009 1 171 773
340 350 972 1 183 738
341 303 188 1 101 -32
342 376 1004 1 208 764
343 288 260 1 89 36
344 392 950 1 222 712
345 233 77 1 28 -138
346 257 358 1 63 133
347 275 713 1 96 482
348 346 614 1 162 384
349 413 682 1 231 444
350 331 725 1 151 494
351 424 836 1 247 593
352 281 442 1 90 217
353 363 604 1 177 373
354 474 862 1 296 615
355 245 355 1 51 130
356 222 194 1 22 -23
357 348 845 1 173 609
358 225 277 1 28 55
359 285 893 1 113 659
360 262 716 1 83 486
361 255 773 1 79 544
362 330 425 1 138 198
363 295 557 1 109 329
364 259 242 1 59 20
365 248 1065 1 84 833
366 250 50 1 44 -164
367 671 663 1 460 379
368 250 192 1 49 -28
369 384 690 1 203 457
370 336 911 1 165 674
371 461 847 1 286 604
372 248 38 1 40 -178
373 303 259 1 105 35
374 393 703 1 213 470
375 281 831 1 106 600
376 274 1075 1 109 839
377 556 53 1 328 -184
378 646 215 1 417 -40
379 364 750 1 185 517
380 402 949 1 233 711
381 358 899 1 186 661
382 209 217 1 10 -2
383 400 788 1 221 546
384 345 629 1 162 397
385 202 151 1 1 -64
386 280 938 1 109 702
387 198 645 1 17 417
388 382 498 1 192 266
389 279 770 1 103 540
390 216 382 1 24 161
391 311 898 1 138 661
392 350 835 1 175 599
393 328 510 1 141 281
394 427 854 1 252 616
395 277 541 1 91 314
396 289 907 1 118 672
397 423 557 1 235 323
398 527 616 1 333 359
399 243 213 1 43 -6
400 327 568 1 141 338
401 400 765 1 222 529
402 441 855 1 267 616
403 406 1044 1 241 803
404 350 1015 1 183 777
405 338 934 1 168 695
406 415 651 1 231 412
407 246 204 1 44 -17
408 422 1025 1 254 784
409 248 132 1 44 -87
410 488 736 1 302 483
411 670 520 1 452 242
412 287 273 1 87 47
413 275 430 1 85 205
414 313 180 1 111 -40
415 281 150 1 78 -71
416 659 539 1 444 263
417 333 876 1 160 641
418 446 1058 1 280 815
419 322 151 1 119 -67
420 197 73 1 -5 -139
421 250 75 1 45 -140
422 347 1102 1 185 867
423 394 929 1 223 690
424 266 1022 1 100 792
425 319 924 1 149 688
426 481 1165 1 313 901
427 216 326 1 21 103
