0 182 498 1 43 313
1 181 521 1 44 337
2 158 847 1 28 659
3 176 563 1 40 378
4 160 523 1 22 338
5 199 925 1 71 737
6 198 938 1 70 750
7 172 636 1 37 450
8 165 460 1 26 277
9 187 459 1 47 276
10 177 590 1 40 405
11 213 575 1 77 388
12 198 951 1 70 763
13 218 507 1 79 323
14 217 496 1 79 311
15 203 822 1 72 634
16 211 635 1 75 448
17 187 437 1 46 254
18 209 665 1 74 479
19 168 438 1 28 256
20 203 833 1 72 645
21 202 845 1 72 657
22 213 589 1 76 402
23 150 936 1 22 749
24 203 809 1 72 620
25 144 926 1 17 739
26 214 561 1 77 375
27 157 733 1 25 546
28 154 912 1 25 725
29 170 666 1 36 480
30 184 724 1 51 536
31 205 751 1 73 562
32 164 483 1 25 300
33 157 548 1 20 363
34 526 866 1 385 644
35 204 798 1 72 609
36 151 953 1 24 765
37 217 482 1 78 297
38 173 388 1 31 206
39 136 786 1 5 599
40 169 576 1 32 391
41 106 427 1 -31 246
42 169 617 1 34 432
43 155 575 1 18 387
44 62 74 1 -84 -94
45 186 759 1 54 571
46 185 483 1 46 300
47 128 883 1 0 697
48 164 752 1 32 565
49 67 652 1 -66 472
50 149 884 1 21 696
51 122 954 1 -4 768
52 207 712 1 74 524
53 344 954 1 204 719
54 214 546 1 77 360
55 144 697 1 10 512
56 139 753 1 7 567
57 151 618 1 16 433
58 374 543 1 201 274
59 180 548 1 43 364
60 125 313 1 -16 136
61 67 59 1 -79 -107
62 200 883 1 71 694
63 174 369 1 32 188
64 284 565 1 147 377
65 211 618 1 75 430
66 166 424 1 25 242
67 153 925 1 26 738
68 196 993 1 70 805
69 171 403 1 29 221
70 50 60 1 -94 -106
71 165 563 1 29 378
72 316 719 1 182 528
73 294 562 1 157 374
74 205 761 1 73 572
75 167 697 1 35 511
76 151 822 1 20 635
77 219 461 1 79 276
78 126 913 1 -1 725
79 149 638 1 14 452
80 146 669 1 12 482
81 71 86 1 -74 -82
82 131 849 1 1 662
83 153 592 1 17 407
84 83 69 1 -63 -98
85 166 589 1 30 404
86 210 775 1 77 588
87 670 339 1 487 108
88 175 352 1 33 171
89 436 856 1 290 620
90 81 56 1 -65 -112
91 170 550 1 33 364
92 147 847 1 17 659
93 190 381 1 48 200
94 390 654 1 253 461
95 162 637 1 27 451
96 204 786 1 72 598
97 53 713 1 -78 533
98 240 267 1 90 76
99 129 761 1 -1 575
100 648 632 1 481 389
101 202 1045 1 76 855
102 425 767 1 288 565
103 667 529 1 492 288
104 655 368 1 475 137
105 200 771 1 68 584
106 499 863 1 352 627
107 668 290 1 484 64
108 117 428 1 -21 247
109 679 265 1 501 49
110 461 697 1 320 489
111 74 45 1 -72 -121
112 218 386 1 75 203
113 250 1007 1 123 812
114 76 33 1 -71 -132
115 489 863 1 340 622
116 656 592 1 486 349
117 209 682 1 75 494
118 370 662 1 233 469
119 384 750 1 247 550
120 297 1028 1 171 837
121 398 640 1 262 448
122 82 80 1 -63 -88
123 322 637 1 186 446
124 332 838 1 201 644
125 409 1197 1 276 959
126 219 536 1 81 350
127 279 954 1 150 759
128 327 497 1 188 309
129 190 426 1 49 242
130 182 738 1 50 551
131 225 418 1 84 235
132 356 810 1 225 618
133 115 416 1 -23 236
134 630 625 1 466 386
135 277 691 1 143 503
136 197 269 1 52 88
137 212 217 1 64 37
138 168 736 1 35 549
139 346 635 1 209 444
140 225 183 1 76 5
141 225 230 1 77 47
142 27 69 1 -117 -97
143 612 554 1 446 321
144 197 364 1 54 183
145 459 678 1 317 471
146 73 69 1 -73 -98
147 335 636 1 198 446
148 140 951 1 13 764
149 196 712 1 63 525
150 670 514 1 495 273
151 658 582 1 486 338
152 136 306 1 -6 130
153 621 351 1 445 126
154 635 666 1 472 425
155 379 642 1 243 449
156 377 526 1 237 335
157 160 666 1 26 479
158 462 708 1 321 500
159 188 399 1 47 217
160 671 393 1 490 158
161 319 823 1 188 630
162 181 195 1 34 17
163 306 562 1 169 374
164 223 400 1 81 216
165 627 651 1 464 412
166 662 639 1 495 396
167 358 759 1 222 559
168 211 1012 1 85 822
169 126 780 1 -5 593
170 177 339 1 35 159
171 198 972 1 71 784
172 356 393 1 211 204
173 657 229 1 470 7
174 620 536 1 453 303
175 449 1179 1 312 935
176 344 772 1 211 579
177 408 715 1 264 501
178 382 617 1 245 423
179 350 1025 1 225 833
180 154 750 1 22 564
181 263 1051 1 137 858
182 185 796 1 54 608
183 314 519 1 175 332
184 646 259 1 462 36
185 284 608 1 146 420
186 239 983 1 112 788
187 161 652 1 27 466
188 158 201 1 12 23
189 223 198 1 75 19
190 181 315 1 36 134
191 143 912 1 15 725
192 622 659 1 461 421
193 314 964 1 185 769
194 280 813 1 150 621
195 678 1157 1 531 898
196 372 765 1 239 571
197 415 952 1 275 718
198 656 559 1 486 319
199 282 967 1 152 771
200 149 225 1 3 47
201 248 996 1 122 802
202 184 101 1 34 -72
203 175 487 1 35 298
204 279 665 1 144 475
205 257 749 1 124 559
206 262 147 1 112 -31
207 249 985 1 122 791
208 257 778 1 124 588
209 316 563 1 178 374
210 148 542 1 11 357
211 263 163 1 111 -17
212 196 256 1 49 76
213 259 1024 1 133 829
214 198 737 1 64 549
215 175 179 1 27 3
216 145 718 1 12 531
217 187 775 1 55 587
218 633 451 1 460 218
219 228 214 1 81 34
220 400 656 1 263 463
221 179 117 1 30 -56
222 224 142 1 74 -35
223 331 436 1 188 249
224 161 161 1 14 -15
225 679 318 1 494 88
226 180 139 1 31 -35
227 160 295 1 15 114
228 624 582 1 458 345
229 611 575 1 447 341
230 385 627 1 248 436
231 642 437 1 467 204
232 152 252 1 7 73
233 269 913 1 139 717
234 223 1021 1 96 826
235 629 232 1 446 13
236 430 732 1 293 531
237 647 709 1 484 465
238 625 340 1 449 115
239 246 350 1 99 164
240 331 533 1 192 345
241 274 565 1 136 377
242 624 521 1 455 287
243 259 100 1 107 -75
244 644 589 1 475 348
245 445 687 1 295 462
246 223 333 1 79 150
247 202 219 1 55 39
248 673 555 1 499 312
249 372 629 1 235 438
250 164 244 1 18 65
251 274 555 1 138 367
252 300 981 1 175 791
253 297 894 1 168 699
254 510 883 1 362 639
255 224 725 1 91 535
256 170 270 1 24 90
257 626 570 1 460 335
258 304 660 1 168 469
259 395 113 1 236 -71
260 639 647 1 474 407
261 236 961 1 108 767
262 635 424 1 461 193
263 245 337 1 100 152
264 258 194 1 109 13
265 330 872 1 203 677
266 241 774 1 110 585
267 218 1034 1 92 841
268 633 514 1 463 278
269 416 774 1 282 576
270 274 152 1 123 -25
271 157 701 1 25 513
272 343 911 1 214 718
273 176 750 1 44 562
274 651 299 1 468 73
275 330 520 1 191 332
276 399 778 1 266 583
277 647 402 1 473 174
278 621 362 1 447 137
279 284 583 1 146 395
280 224 120 1 73 -54
281 223 321 1 78 138
282 251 1053 1 126 860
283 645 537 1 475 299
284 225 714 1 91 525
285 342 587 1 194 369
286 433 1187 1 297 940
287 293 177 1 141 -4
288 240 1022 1 114 829
289 210 1060 1 84 870
290 291 212 1 139 25
291 304 631 1 167 441
292 240 945 1 111 750
293 630 468 1 457 236
294 214 137 1 64 -39
295 384 985 1 256 788
296 239 756 1 107 567
297 270 730 1 136 540
298 308 874 1 178 679
299 248 932 1 119 738
300 271 93 1 118 -82
301 389 663 1 253 469
302 219 658 1 84 469
303 667 609 1 496 363
304 618 510 1 450 279
305 340 659 1 204 468
306 211 153 1 61 -24
307 307 953 1 179 762
308 363 828 1 232 635
309 667 361 1 485 129
310 308 860 1 178 666
311 352 590 1 191 337
312 278 923 1 149 728
313 656 339 1 474 109
314 289 457 1 147 269
315 656 280 1 472 54
316 298 382 1 154 197
317 614 479 1 446 249
318 137 237 1 -7 59
319 180 168 1 32 -8
320 166 472 1 27 288
321 245 922 1 116 727
322 173 223 1 27 44
323 682 438 1 504 203
324 173 213 1 26 35
325 355 878 1 228 682
326 85 46 1 -61 -120
327 388 903 1 258 705
328 621 316 1 444 94
329 287 795 1 155 602
330 641 224 1 457 4
331 191 187 1 43 9
332 669 412 1 489 177
333 216 82 1 64 -91
334 400 739 1 263 539
335 329 181 1 175 -3
336 630 479 1 459 246
337 636 609 1 470 370
338 633 546 1 465 310
339 335 757 1 199 557
340 317 751 1 182 553
341 236 1012 1 110 818
342 221 1006 1 96 816
343 408 795 1 276 598
344 279 713 1 145 523
345 228 240 1 81 58
346 233 194 1 85 15
347 645 354 1 465 126
348 183 152 1 34 -22
349 322 884 1 192 690
350 254 852 1 123 657
351 262 1006 1 135 811
352 250 947 1 121 752
353 228 101 1 78 -72
354 213 277 1 67 95
355 235 157 1 85 -20
356 207 199 1 59 19
357 662 402 1 484 170
358 379 652 1 242 459
359 338 170 1 184 -12
360 346 729 1 212 536
361 522 130 1 350 -68
362 249 693 1 114 502
363 329 1081 1 205 889
364 608 335 1 434 113
365 186 354 1 43 173
366 284 499 1 144 312
367 604 453 1 437 226
368 319 871 1 189 677
369 229 251 1 81 69
370 603 201 1 425 -11
371 290 712 1 156 521
372 641 393 1 464 162
373 220 1063 1 95 873
374 312 886 1 182 692
375 253 261 1 102 69
376 273 535 1 136 348
377 219 837 1 88 648
378 314 588 1 177 399
379 527 856 1 382 625
380 320 534 1 181 346
381 507 382 1 349 174
382 658 507 1 485 269
383 327 965 1 199 769
384 240 1056 1 114 863
385 327 170 1 171 -16
386 220 154 1 71 -23
387 501 355 1 343 150
388 301 692 1 167 501
389 269 814 1 138 623
390 347 759 1 211 560
391 299 970 1 172 777
392 311 933 1 184 741
393 252 143 1 102 -33
394 337 965 1 210 768
395 238 216 1 90 36
396 213 1023 1 87 832
397 249 799 1 118 609
398 234 726 1 100 536
399 353 909 1 223 715
400 179 29 1 28 -139
401 208 316 1 63 133
402 232 673 1 97 483
403 301 572 1 163 385
404 370 639 1 232 445
405 288 685 1 152 495
406 233 400 1 91 217
407 228 950 1 100 759
408 433 821 1 298 619
409 196 312 1 51 130
410 171 150 1 22 -24
411 306 805 1 174 611
412 174 234 1 28 55
413 244 855 1 113 662
414 299 701 1 164 509
415 219 677 1 84 487
416 212 734 1 79 546
417 282 383 1 139 198
418 252 896 1 123 702
419 669 578 1 497 334
420 665 320 1 481 91
421 185 305 1 40 122
422 649 466 1 475 231
423 198 147 1 50 -29
424 341 648 1 204 458
425 297 872 1 166 677
426 421 806 1 287 607
427 254 216 1 105 35
428 350 662 1 214 471
429 239 791 1 107 602
430 236 1038 1 110 844
431 640 524 1 469 287
432 329 820 1 197 626
433 320 708 1 184 514
434 363 908 1 234 714
435 318 859 1 187 664
436 353 644 1 217 455
437 249 101 1 97 -74
438 157 173 1 10 -3
439 300 587 1 163 398
440 149 106 1 1 -65
441 257 915 1 128 721
442 239 900 1 110 706
443 153 606 1 17 418
444 479 559 1 326 341
445 167 341 1 24 160
446 270 859 1 139 664
447 309 795 1 176 602
448 282 469 1 142 282
449 386 812 1 253 618
450 228 388 1 86 205
451 231 500 1 91 315
452 249 869 1 119 675
453 377 514 1 236 323
454 448 61 1 282 -126
455 191 169 1 43 -7
456 281 526 1 142 338
457 147 684 1 13 498
458 259 724 1 125 533
459 102 196 1 -40 26
460 263 534 1 124 348
461 400 813 1 268 618
462 369 1003 1 242 807
463 311 975 1 184 781
464 515 422 1 357 211
465 265 1034 1 139 841
466 662 125 1 469 -89
467 194 159 1 44 -18
468 170 203 1 23 25
469 195 85 1 44 -88
470 446 696 1 304 487
471 238 934 1 109 740
472 620 402 1 447 174
473 237 229 1 88 47
474 232 1073 1 107 881
475 267 826 1 135 634
476 301 938 1 173 746
477 262 135 1 111 -41
478 618 498 1 450 267
479 292 837 1 161 644
480 408 1018 1 282 820
481 262 691 1 128 501
482 643 501 1 471 264
483 143 25 1 -5 -141
484 197 27 1 45 -141
485 352 146 1 195 -39
486 310 1062 1 186 871
487 354 888 1 224 693
488 268 757 1 135 567
489 227 984 1 100 795
490 280 885 1 150 691
491 288 894 1 158 701
492 658 310 1 476 84
493 248 516 1 109 329
494 323 772 1 190 581
495 190 219 1 43 40
