0 181 511 1 43 313
1 181 536 1 44 337
2 154 862 1 28 661
3 176 577 1 40 379
4 159 536 1 22 339
5 194 941 1 71 739
6 193 955 1 70 753
7 170 650 1 37 451
8 165 474 1 27 278
9 187 473 1 47 276
10 176 604 1 40 405
11 212 589 1 77 389
12 193 967 1 70 765
13 217 521 1 79 323
14 217 510 1 79 311
15 200 837 1 73 636
16 209 649 1 75 448
17 149 928 1 25 727
18 188 451 1 47 254
19 168 452 1 29 256
20 199 849 1 73 647
21 198 861 1 72 658
22 212 603 1 76 403
23 145 952 1 22 751
24 200 824 1 73 621
25 140 942 1 17 741
26 213 575 1 77 375
27 221 449 1 80 251
28 154 747 1 25 547
29 168 681 1 36 481
30 181 739 1 51 537
31 165 604 1 30 405
32 164 497 1 25 300
33 156 561 1 20 364
34 201 814 1 73 610
35 145 969 1 24 767
36 217 496 1 78 297
37 174 401 1 32 206
38 133 801 1 5 601
39 168 590 1 32 391
40 201 766 1 73 564
41 107 440 1 -31 246
42 167 632 1 34 433
43 153 589 1 18 388
44 338 980 1 205 729
45 66 87 1 -84 -95
46 184 775 1 54 572
47 185 497 1 46 300
48 124 899 1 0 698
49 161 767 1 32 566
50 65 665 1 -65 473
51 145 899 1 21 698
52 207 682 1 75 480
53 117 970 1 -4 770
54 525 890 1 388 650
55 170 736 1 40 536
56 205 727 1 75 525
57 214 560 1 77 361
58 142 712 1 11 513
59 136 768 1 7 568
60 149 632 1 16 434
61 179 562 1 44 364
62 127 326 1 -16 135
63 71 72 1 -80 -108
64 195 899 1 72 696
65 175 382 1 32 188
66 284 580 1 147 377
67 210 632 1 76 431
68 167 437 1 25 242
69 149 940 1 26 740
70 191 1009 1 71 807
71 171 416 1 30 221
72 54 72 1 -94 -107
73 164 577 1 29 379
74 314 735 1 183 529
75 191 395 1 48 200
76 294 577 1 157 375
77 203 776 1 74 574
78 165 711 1 35 512
79 147 837 1 20 636
80 219 475 1 79 276
81 121 928 1 -1 727
82 147 652 1 15 452
83 144 682 1 13 483
84 75 99 1 -74 -83
85 127 864 1 1 664
86 152 607 1 18 407
87 87 82 1 -63 -99
88 494 892 1 357 650
89 207 790 1 78 590
90 677 358 1 493 109
91 176 365 1 33 171
92 434 881 1 292 628
93 86 68 1 -65 -113
94 427 948 1 302 732
95 464 970 1 337 746
96 169 563 1 33 365
97 143 863 1 18 661
98 389 670 1 254 462
99 160 651 1 27 452
100 201 801 1 72 599
101 50 725 1 -78 534
102 241 281 1 90 76
103 126 776 1 -1 577
104 651 656 1 487 395
105 196 1063 1 77 858
106 423 785 1 289 567
107 672 552 1 499 292
108 661 388 1 481 139
109 197 787 1 68 585
110 676 308 1 490 64
111 118 441 1 -21 247
112 687 283 1 506 49
113 459 716 1 321 492
114 78 57 1 -72 -122
115 219 400 1 75 203
116 245 1025 1 124 815
117 80 45 1 -71 -133
118 661 616 1 492 354
119 207 697 1 76 495
120 368 678 1 234 470
121 382 768 1 248 552
122 403 1229 1 279 972
123 292 1047 1 172 840
124 398 656 1 263 449
125 86 92 1 -64 -89
126 321 652 1 186 447
127 329 856 1 202 646
128 218 550 1 81 350
129 275 972 1 151 762
130 328 512 1 188 309
131 190 440 1 49 242
132 179 753 1 50 552
133 226 432 1 84 235
134 353 827 1 226 619
135 116 429 1 -23 236
136 633 649 1 471 392
137 275 706 1 144 504
138 199 283 1 52 88
139 215 230 1 65 36
140 165 751 1 35 550
141 345 651 1 210 445
142 227 197 1 76 4
143 228 243 1 77 47
144 615 576 1 451 325
145 198 378 1 55 183
146 458 700 1 319 474
147 76 82 1 -73 -99
148 334 652 1 199 446
149 135 967 1 13 767
150 194 727 1 63 526
151 675 536 1 501 278
152 662 605 1 492 343
153 138 319 1 -6 129
154 626 370 1 450 127
155 638 690 1 478 432
156 379 659 1 244 450
157 377 542 1 238 335
158 158 680 1 26 480
159 460 727 1 323 503
160 189 413 1 47 217
161 231 105 1 76 -84
162 678 413 1 496 160
163 317 840 1 189 632
164 184 209 1 34 16
165 306 577 1 170 374
166 224 413 1 81 216
167 630 675 1 470 418
168 666 663 1 501 402
169 355 777 1 223 562
170 206 1029 1 86 825
171 123 794 1 -5 594
172 179 352 1 35 159
173 193 988 1 71 786
174 358 408 1 212 204
175 665 246 1 476 6
176 623 558 1 458 307
177 442 1214 1 315 949
178 342 788 1 212 581
179 381 634 1 246 424
180 345 1044 1 226 836
181 151 765 1 22 565
182 257 1069 1 138 862
183 183 811 1 54 609
184 314 535 1 175 332
185 653 277 1 468 36
186 282 624 1 147 421
187 234 1001 1 113 791
188 160 666 1 27 467
189 161 214 1 12 23
190 226 212 1 75 18
191 182 329 1 37 134
192 402 994 1 269 749
193 139 928 1 15 727
194 625 683 1 466 427
195 309 982 1 186 772
196 278 830 1 150 623
197 678 1193 1 539 913
198 370 782 1 240 573
199 660 582 1 492 324
200 277 985 1 153 774
201 151 239 1 3 47
202 243 1014 1 122 805
203 187 114 1 34 -73
204 174 500 1 35 299
205 278 680 1 145 476
206 255 764 1 125 561
207 266 161 1 112 -32
208 244 1003 1 123 794
209 254 794 1 125 589
210 316 578 1 179 374
211 478 1185 1 356 950
212 147 555 1 11 358
213 266 176 1 111 -17
214 198 270 1 50 76
215 254 1042 1 133 832
216 195 752 1 65 550
217 178 193 1 27 2
218 142 732 1 12 532
219 184 790 1 56 589
220 638 471 1 465 221
221 230 228 1 81 34
222 399 673 1 264 464
223 182 130 1 30 -56
224 227 155 1 74 -36
225 332 451 1 189 249
226 164 174 1 14 -15
227 687 337 1 500 89
228 183 152 1 31 -36
229 162 308 1 15 114
230 627 605 1 463 350
231 303 647 1 168 442
232 613 597 1 452 346
233 384 644 1 249 437
234 648 458 1 473 207
235 154 265 1 7 73
236 264 930 1 140 720
237 218 1039 1 97 830
238 635 249 1 452 13
239 428 750 1 294 533
240 649 734 1 490 472
241 630 358 1 454 116
242 246 364 1 99 164
243 331 549 1 192 345
244 273 580 1 136 378
245 627 543 1 460 291
246 413 948 1 289 735
247 263 114 1 107 -76
248 647 612 1 481 354
249 444 708 1 297 467
250 224 346 1 79 150
251 204 232 1 55 38
252 678 578 1 506 317
253 371 645 1 236 438
254 166 257 1 18 65
255 273 569 1 138 368
256 295 999 1 176 793
257 294 912 1 169 701
258 510 908 1 366 649
259 222 741 1 91 537
260 171 283 1 24 89
261 173 765 1 44 564
262 629 593 1 465 339
263 303 675 1 169 470
264 399 127 1 237 -72
265 642 672 1 480 413
266 231 979 1 108 770
267 640 444 1 466 196
268 247 351 1 101 152
269 262 207 1 109 13
270 239 790 1 110 586
271 213 1052 1 93 844
272 637 536 1 468 283
273 414 792 1 283 578
274 277 166 1 123 -26
275 155 715 1 25 514
276 340 928 1 215 720
277 658 317 1 474 74
278 330 535 1 192 332
279 397 795 1 267 584
280 653 423 1 478 176
281 626 381 1 452 138
282 283 599 1 146 396
283 228 134 1 73 -55
284 345 885 1 210 646
285 225 335 1 78 138
286 246 1071 1 127 864
287 650 559 1 480 304
288 223 729 1 92 526
289 645 412 1 469 165
290 428 1217 1 300 954
291 295 191 1 142 -5
292 235 1040 1 115 833
293 204 1077 1 84 873
294 293 226 1 139 25
295 236 963 1 112 754
296 634 489 1 462 239
297 218 151 1 64 -40
298 237 771 1 107 569
299 267 746 1 136 541
300 305 891 1 179 682
301 244 951 1 119 741
302 274 107 1 118 -83
303 388 680 1 254 470
304 217 673 1 84 470
305 672 633 1 503 369
306 621 531 1 455 282
307 339 675 1 205 469
308 214 167 1 61 -25
309 303 971 1 180 764
310 390 979 1 253 721
311 361 845 1 233 636
312 673 380 1 491 131
313 305 877 1 178 668
314 352 614 1 192 345
315 274 939 1 150 731
316 663 358 1 480 111
317 289 471 1 147 269
318 663 298 1 478 55
319 299 397 1 155 197
320 618 500 1 451 253
321 139 250 1 -7 58
322 184 181 1 33 -9
323 167 486 1 28 288
324 241 939 1 116 730
325 175 236 1 27 44
326 688 459 1 511 206
327 629 578 1 464 325
328 175 226 1 26 34
329 89 58 1 -61 -121
330 385 921 1 259 708
331 626 334 1 449 95
332 285 811 1 155 604
333 648 241 1 462 4
334 193 200 1 43 8
335 675 432 1 496 179
336 219 96 1 64 -92
337 398 757 1 264 542
338 332 195 1 176 -4
339 634 500 1 464 250
340 640 632 1 476 376
341 637 568 1 470 315
342 333 775 1 200 559
343 394 1171 1 267 918
344 413 978 1 277 727
345 231 1030 1 110 821
346 216 1024 1 96 819
347 406 812 1 278 600
348 277 729 1 145 525
349 231 254 1 81 58
350 236 208 1 85 14
351 650 374 1 471 128
352 186 166 1 34 -23
353 319 902 1 193 692
354 250 868 1 123 659
355 257 1024 1 136 815
356 245 965 1 121 755
357 232 115 1 78 -73
358 215 291 1 67 95
359 238 170 1 85 -21
360 210 212 1 59 19
361 668 422 1 490 173
362 379 669 1 243 460
363 341 184 1 185 -12
364 344 746 1 213 537
365 526 146 1 353 -69
366 248 708 1 115 504
367 323 1100 1 206 892
368 613 353 1 439 114
369 187 367 1 43 173
370 284 514 1 145 312
371 609 473 1 441 229
372 315 889 1 189 679
373 231 265 1 82 69
374 609 217 1 429 -11
375 288 728 1 157 522
376 668 484 1 492 230
377 214 1082 1 95 877
378 308 903 1 183 694
379 254 275 1 102 69
380 215 853 1 89 650
381 313 603 1 178 400
382 526 880 1 385 632
383 320 549 1 181 346
384 510 400 1 351 175
385 663 529 1 491 274
386 323 984 1 200 773
387 235 1074 1 115 867
388 330 185 1 172 -16
389 224 167 1 71 -23
390 503 372 1 345 151
391 266 830 1 139 625
392 344 777 1 212 563
393 295 988 1 173 780
394 308 949 1 185 743
395 256 157 1 102 -34
396 240 230 1 90 35
397 208 1041 1 88 835
398 247 814 1 118 610
399 231 741 1 101 537
400 349 927 1 224 717
401 184 43 1 28 -140
402 210 330 1 64 132
403 673 272 1 485 30
404 369 655 1 233 446
405 286 700 1 153 496
406 190 294 1 44 99
407 234 414 1 91 217
408 618 455 1 448 210
409 223 968 1 101 762
410 646 645 1 481 386
411 430 840 1 300 622
412 197 326 1 51 129
413 173 163 1 22 -25
414 304 821 1 175 613
415 176 247 1 28 54
416 240 872 1 114 664
417 297 717 1 165 510
418 217 692 1 84 488
419 210 749 1 80 547
420 284 397 1 140 198
421 249 913 1 123 704
422 674 601 1 504 340
423 671 339 1 487 92
424 187 318 1 41 122
425 654 487 1 480 234
426 202 160 1 50 -29
427 340 665 1 205 459
428 293 889 1 167 679
429 419 824 1 289 609
430 256 229 1 105 34
431 348 678 1 215 472
432 236 808 1 108 604
433 230 1057 1 110 848
434 645 546 1 475 291
435 326 837 1 198 628
436 318 724 1 185 516
437 360 926 1 235 716
438 315 876 1 188 667
439 352 660 1 218 455
440 252 114 1 97 -75
441 160 186 1 10 -3
442 300 602 1 164 399
443 153 119 1 2 -66
444 253 932 1 129 724
445 235 918 1 110 708
446 241 719 1 109 515
447 152 620 1 18 419
448 660 338 1 476 92
449 198 881 1 73 678
450 169 354 1 25 160
451 266 876 1 140 667
452 306 812 1 177 604
453 282 484 1 142 282
454 383 829 1 254 619
455 229 402 1 86 205
456 231 514 1 92 315
457 245 886 1 119 678
458 386 610 1 225 346
459 377 530 1 237 323
460 452 74 1 283 -128
461 194 183 1 43 -7
462 281 541 1 142 338
463 237 693 1 104 489
464 145 698 1 14 499
465 257 739 1 126 534
466 105 209 1 -40 25
467 263 549 1 125 348
468 398 831 1 269 620
469 365 1022 1 243 810
470 307 994 1 185 784
471 517 439 1 359 212
472 259 1052 1 140 845
473 671 141 1 475 -91
474 197 172 1 44 -18
475 173 216 1 23 24
476 199 98 1 45 -89
477 445 716 1 306 490
478 233 953 1 109 743
479 625 421 1 452 176
480 127 445 1 -12 251
481 239 243 1 88 46
482 226 1092 1 108 885
483 263 842 1 136 636
484 297 955 1 173 748
485 270 815 1 142 611
486 265 149 1 112 -42
487 622 519 1 455 271
488 289 854 1 162 646
489 404 1037 1 283 823
490 261 707 1 128 502
491 647 522 1 476 268
492 148 38 1 -5 -142
493 201 40 1 45 -142
494 355 160 1 196 -40
495 305 1081 1 187 874
496 350 906 1 225 696
497 265 773 1 136 569
498 222 1002 1 101 797
499 276 902 1 150 693
500 284 912 1 159 703
501 665 328 1 482 85
502 655 743 1 495 480
503 248 531 1 110 330
504 321 788 1 191 582
505 192 232 1 43 39
