0 172 558 1 44 314
1 152 913 1 29 665
2 177 518 1 48 276
3 194 993 1 72 744
4 194 1006 1 71 757
5 164 698 1 38 453
6 168 625 1 41 380
7 155 520 1 27 278
8 173 581 1 45 338
9 151 584 1 23 340
10 168 651 1 41 406
11 193 1019 1 71 770
12 206 635 1 78 390
13 208 556 1 80 312
14 198 887 1 74 639
15 203 696 1 76 450
16 148 980 1 26 731
17 177 497 1 47 255
18 206 622 1 78 376
19 198 898 1 74 650
20 425 1244 1 292 950
21 196 911 1 73 662
22 205 650 1 77 404
23 198 874 1 74 625
24 139 994 1 17 746
25 211 495 1 81 252
26 158 652 1 31 406
27 150 797 1 26 549
28 162 729 1 37 483
29 176 787 1 52 540
30 154 544 1 26 301
31 148 609 1 21 365
32 198 863 1 74 614
33 145 1022 1 24 773
34 209 541 1 79 298
35 145 1004 1 23 756
36 175 543 1 47 300
37 129 851 1 6 604
38 162 447 1 32 206
39 198 814 1 74 567
40 160 679 1 35 434
41 180 824 1 55 575
42 67 115 1 -66 -116
43 52 119 1 -81 -110
44 157 816 1 33 569
45 59 713 1 -65 473
46 97 487 1 -31 246
47 201 730 1 76 482
48 116 1024 1 -3 775
49 159 761 1 36 514
50 166 785 1 41 538
51 201 775 1 75 528
52 206 606 1 78 362
53 136 761 1 11 515
54 144 951 1 21 702
55 142 680 1 16 436
56 171 609 1 44 365
57 121 951 1 0 703
58 114 373 1 -16 135
59 160 462 1 30 221
60 41 136 1 -91 -94
61 194 950 1 73 700
62 482 642 1 344 378
63 204 679 1 77 433
64 310 781 1 184 532
65 148 993 1 27 745
66 192 1062 1 72 813
67 540 943 1 403 661
68 165 411 1 34 170
69 154 484 1 26 242
70 276 624 1 149 378
71 287 622 1 159 376
72 199 825 1 75 577
73 144 888 1 20 640
74 131 819 1 8 571
75 210 520 1 80 277
76 120 981 1 -1 732
77 141 700 1 15 454
78 138 731 1 13 485
79 684 396 1 530 131
80 58 147 1 -75 -85
81 124 915 1 2 668
82 144 654 1 18 409
83 70 130 1 -64 -101
84 203 842 1 79 593
85 201 755 1 74 507
86 230 326 1 90 76
87 179 441 1 49 200
88 198 1117 1 78 865
89 385 715 1 256 464
90 430 997 1 306 739
91 681 345 1 507 67
92 163 429 1 32 188
93 140 914 1 18 665
94 154 699 1 28 454
95 672 665 1 507 368
96 121 826 1 -1 580
97 662 706 1 501 410
98 316 698 1 188 449
99 423 832 1 292 573
100 197 852 1 73 603
101 154 714 1 28 469
102 44 774 1 -77 535
103 667 427 1 495 144
104 674 655 1 507 357
105 470 1021 1 342 756
106 504 948 1 363 666
107 319 555 1 190 310
108 60 106 1 -73 -125
109 393 699 1 265 450
110 247 1080 1 125 824
111 277 821 1 151 564
112 208 445 1 76 203
113 62 93 1 -71 -136
114 166 547 1 35 301
115 480 1255 1 350 971
116 202 745 1 77 498
117 364 723 1 236 472
118 656 544 1 490 256
119 461 763 1 325 499
120 271 752 1 145 506
121 353 873 1 228 622
122 69 140 1 -65 -91
123 328 904 1 204 651
124 210 596 1 82 351
125 380 816 1 251 558
126 276 1024 1 153 769
127 161 610 1 34 366
128 180 485 1 50 243
129 105 476 1 -23 236
130 307 578 1 177 333
131 670 628 1 506 336
132 339 694 1 212 447
133 216 477 1 85 235
134 642 699 1 484 405
135 185 328 1 52 87
136 679 714 1 516 417
137 160 800 1 36 553
138 369 826 1 243 576
139 178 856 1 55 613
140 213 241 1 77 3
141 214 288 1 78 46
142 338 749 1 210 500
143 621 622 1 462 336
144 59 129 1 -74 -101
145 366 1058 1 230 759
146 135 1020 1 13 772
147 189 775 1 64 528
148 396 690 1 265 436
149 178 459 1 48 217
150 125 365 1 -5 129
151 297 692 1 169 443
152 628 409 1 461 131
153 649 741 1 491 446
154 374 703 1 246 452
155 371 585 1 240 336
156 147 815 1 23 568
157 152 729 1 27 482
158 214 149 1 76 -86
159 185 262 1 50 22
160 315 888 1 191 636
161 169 254 1 34 15
162 299 622 1 171 375
163 213 459 1 82 216
164 640 725 1 482 432
165 207 1083 1 87 832
166 435 691 1 302 432
167 639 533 1 475 247
168 499 50 1 339 -196
169 186 423 1 55 182
170 343 825 1 214 568
171 395 717 1 266 466
172 167 398 1 35 158
173 194 1041 1 72 791
174 424 680 1 291 424
175 667 279 1 491 6
176 200 274 1 65 35
177 431 1008 1 304 747
178 348 628 1 190 318
179 630 604 1 470 317
180 340 834 1 214 584
181 380 825 1 252 568
182 349 1094 1 228 842
183 260 1123 1 139 869
184 647 462 1 480 179
185 655 312 1 481 37
186 276 669 1 148 422
187 408 941 1 265 641
188 377 689 1 251 438
189 146 260 1 12 22
190 289 951 1 164 697
191 169 375 1 37 133
192 669 397 1 494 114
193 138 980 1 16 731
194 634 734 1 478 441
195 312 1033 1 188 779
196 276 878 1 152 627
197 657 462 1 491 182
198 340 807 1 215 560
199 237 1131 1 116 876
200 277 1038 1 155 782
201 137 284 1 3 46
202 245 1069 1 123 813
203 171 160 1 34 -75
204 667 334 1 492 56
205 421 1007 1 296 751
206 213 381 1 79 137
207 338 635 1 189 341
208 252 812 1 126 564
209 250 204 1 113 -34
210 246 1057 1 124 802
211 251 842 1 126 592
212 309 622 1 181 375
213 674 462 1 504 179
214 305 927 1 180 673
215 139 603 1 12 359
216 251 220 1 112 -19
217 184 315 1 50 75
218 256 1096 1 135 841
219 236 1056 1 114 800
220 234 869 1 109 620
221 191 801 1 66 553
222 163 238 1 27 1
223 137 782 1 12 535
224 273 777 1 147 527
225 232 1032 1 109 778
226 644 514 1 478 229
227 216 272 1 81 32
228 166 176 1 30 -58
229 398 946 1 258 652
230 322 494 1 190 249
231 148 220 1 14 -17
232 167 198 1 32 -38
233 148 354 1 15 114
234 219 778 1 93 529
235 635 652 1 476 362
236 620 644 1 463 357
237 672 574 1 505 284
238 444 941 1 303 649
239 654 500 1 486 214
240 140 311 1 7 72
241 635 284 1 464 13
242 428 796 1 297 539
243 662 787 1 504 489
244 633 397 1 466 119
245 219 1096 1 98 838
246 235 408 1 100 164
247 472 1058 1 341 784
248 324 593 1 194 346
249 266 625 1 138 379
250 305 939 1 180 687
251 634 588 1 472 301
252 416 996 1 292 741
253 246 158 1 108 -78
254 657 661 1 494 367
255 328 643 1 185 362
256 212 391 1 80 150
257 190 277 1 55 37
258 170 815 1 45 566
259 265 982 1 141 727
260 264 956 1 142 704
261 152 303 1 18 64
262 297 1050 1 177 799
263 295 962 1 171 707
264 211 257 1 75 17
265 150 763 1 26 517
266 157 329 1 24 89
267 637 640 1 477 351
268 298 721 1 171 472
269 383 167 1 239 -75
270 653 722 1 493 427
271 205 795 1 81 549
272 235 395 1 102 152
273 247 251 1 110 12
274 644 485 1 479 203
275 236 838 1 111 589
276 645 581 1 481 293
277 262 210 1 124 -28
278 285 775 1 158 525
279 341 976 1 217 725
280 200 194 1 64 -41
281 395 804 1 267 547
282 276 991 1 152 737
283 419 1027 1 293 766
284 322 579 1 193 333
285 396 840 1 270 588
286 629 420 1 463 143
287 140 37 1 4 -191
288 212 178 1 74 -57
289 158 209 1 23 -27
290 249 1125 1 128 872
291 659 606 1 494 315
292 651 452 1 482 170
293 329 696 1 201 448
294 281 234 1 143 -6
295 237 1094 1 116 840
296 206 1133 1 85 880
297 279 269 1 140 24
298 674 528 1 503 237
299 286 987 1 162 732
300 640 544 1 477 258
301 675 306 1 497 29
302 234 819 1 109 572
303 263 794 1 138 544
304 490 1247 1 362 969
305 445 1047 1 303 744
306 652 712 1 492 417
307 277 644 1 148 397
308 257 150 1 119 -86
309 211 720 1 85 473
310 627 576 1 467 291
311 334 719 1 207 470
312 304 1021 1 182 769
313 360 891 1 236 640
314 267 155 1 128 -83
315 385 733 1 256 483
316 284 961 1 161 709
317 676 376 1 501 95
318 301 977 1 177 723
319 680 419 1 505 135
320 288 440 1 156 197
321 623 543 1 462 261
322 124 296 1 -8 57
323 168 227 1 33 -10
324 157 532 1 28 289
325 274 529 1 143 283
326 161 282 1 27 42
327 662 355 1 488 76
328 636 625 1 476 336
329 292 640 1 164 392
330 161 272 1 26 33
331 233 970 1 110 716
332 668 366 1 496 87
333 628 373 1 461 98
334 283 859 1 157 608
335 649 275 1 475 3
336 179 245 1 43 7
337 412 838 1 286 582
338 203 141 1 65 -94
339 318 238 1 178 -6
340 607 592 1 451 310
341 649 681 1 489 389
342 210 200 1 74 -38
343 645 615 1 483 326
344 331 823 1 202 565
345 407 1246 1 272 946
346 233 1084 1 112 829
347 218 1077 1 97 825
348 217 298 1 82 57
349 222 252 1 86 13
350 655 413 1 484 132
351 170 211 1 34 -25
352 666 376 1 491 95
353 249 919 1 125 665
354 259 1078 1 137 823
355 246 1019 1 122 763
356 215 159 1 79 -75
357 202 336 1 68 94
358 222 215 1 86 -22
359 195 257 1 60 17
360 651 534 1 482 244
361 182 301 1 48 61
362 326 226 1 187 -14
363 516 181 1 360 -71
364 243 755 1 116 506
365 328 1152 1 208 899
366 614 392 1 450 117
367 175 413 1 44 172
368 276 558 1 146 313
369 611 516 1 452 236
370 315 937 1 191 684
371 217 309 1 82 68
372 606 252 1 439 -13
373 417 936 1 276 641
374 645 291 1 472 18
375 217 1137 1 96 884
376 271 727 1 144 479
377 308 648 1 179 401
378 309 952 1 185 699
379 241 319 1 102 69
380 632 762 1 477 469
381 213 902 1 90 654
382 312 594 1 183 347
383 326 1034 1 202 780
384 621 516 1 459 234
385 315 227 1 173 -18
386 208 213 1 71 -25
387 378 1005 1 254 750
388 371 916 1 247 663
389 265 878 1 140 628
390 492 377 1 343 117
391 373 762 1 242 502
392 236 1015 1 113 759
393 240 201 1 103 -36
394 226 275 1 91 34
395 209 1095 1 89 843
396 244 863 1 120 614
397 228 789 1 102 540
398 294 792 1 168 541
399 350 976 1 227 723
400 166 89 1 28 -143
401 197 375 1 64 132
402 337 797 1 211 547
403 364 699 1 235 449
404 281 747 1 154 498
405 177 339 1 44 98
406 223 459 1 92 217
407 621 497 1 459 217
408 226 803 1 101 554
409 656 695 1 495 400
410 431 887 1 303 628
411 185 371 1 52 129
412 302 869 1 177 617
413 162 293 1 28 53
414 239 920 1 115 669
415 293 763 1 166 513
416 212 740 1 85 491
417 273 441 1 141 198
418 583 886 1 440 600
419 265 836 1 140 586
420 147 60 1 10 -171
421 174 364 1 41 121
422 661 530 1 494 243
423 186 206 1 50 -31
424 432 63 1 282 -177
425 294 939 1 169 685
426 374 905 1 248 649
427 394 730 1 265 478
428 242 273 1 106 33
429 344 722 1 217 473
430 233 856 1 109 607
431 232 1112 1 111 856
432 653 592 1 488 302
433 325 884 1 200 632
434 315 926 1 190 672
435 348 705 1 220 457
436 236 159 1 98 -78
437 145 232 1 10 -5
438 112 121 1 -23 -110
439 137 166 1 2 -68
440 236 767 1 110 518
441 145 668 1 18 422
442 406 859 1 280 604
443 121 35 1 -14 -193
444 196 931 1 73 682
445 157 399 1 25 160
446 265 926 1 141 672
447 304 860 1 179 608
448 674 453 1 501 167
449 382 875 1 257 623
450 218 447 1 87 205
451 256 557 1 125 310
452 222 561 1 93 316
453 245 936 1 121 683
454 370 572 1 239 324
455 437 113 1 287 -132
456 179 228 1 44 -9
457 273 585 1 144 339
458 232 740 1 105 492
459 139 747 1 14 501
460 253 786 1 127 537
461 91 256 1 -39 24
462 78 143 1 -55 -90
463 255 594 1 126 349
464 398 877 1 272 624
465 368 1072 1 246 818
466 309 1045 1 187 791
467 512 481 1 365 216
468 263 1105 1 142 852
469 457 942 1 315 648
470 182 218 1 44 -20
471 158 261 1 24 23
472 182 143 1 45 -91
473 628 462 1 464 182
474 117 492 1 -11 251
475 225 287 1 88 45
476 229 1148 1 109 894
477 262 891 1 138 640
478 297 1005 1 175 753
479 370 339 1 164 3
480 268 863 1 143 614
481 250 193 1 112 -44
482 633 474 1 468 193
483 627 563 1 466 279
484 288 902 1 163 650
485 409 1088 1 286 831
486 256 754 1 129 505
487 655 567 1 490 278
488 130 86 1 -5 -144
489 183 86 1 46 -145
490 340 201 1 198 -42
491 254 1066 1 132 812
492 309 1134 1 189 881
493 262 821 1 137 572
494 367 1016 1 244 760
495 401 994 1 276 737
496 223 1054 1 102 803
497 668 797 1 509 498
498 240 576 1 111 331
499 318 835 1 193 585
500 178 278 1 43 38
