0 175 558 1 224 634
1 155 913 1 209 985
2 180 518 1 228 596
3 198 993 1 252 1064
4 198 1006 1 251 1078
5 167 698 1 218 773
6 171 624 1 221 700
7 158 520 1 207 598
8 176 581 1 225 658
9 153 583 1 203 660
10 171 651 1 221 727
11 197 1019 1 251 1091
12 209 635 1 258 710
13 211 555 1 260 632
14 202 887 1 254 960
15 206 696 1 256 771
16 152 980 1 206 1052
17 180 496 1 227 575
18 149 1005 1 203 1076
19 201 898 1 254 971
20 200 911 1 253 983
21 208 650 1 257 724
22 209 622 1 258 697
23 201 874 1 254 945
24 143 994 1 197 1067
25 214 494 1 261 572
26 161 651 1 211 727
27 153 797 1 206 870
28 166 729 1 217 803
29 180 787 1 232 860
30 157 543 1 206 621
31 151 608 1 201 685
32 202 863 1 254 934
33 149 1022 1 204 1093
34 211 541 1 259 618
35 178 542 1 227 620
36 133 852 1 186 924
37 164 447 1 212 526
38 201 814 1 254 887
39 164 679 1 215 754
40 184 824 1 235 896
41 68 115 1 112 203
42 53 119 1 98 208
43 160 816 1 213 889
44 62 713 1 114 793
45 99 487 1 148 566
46 205 730 1 256 802
47 120 1024 1 176 1096
48 162 761 1 216 834
49 169 785 1 221 859
50 204 775 1 256 848
51 209 606 1 258 682
52 139 761 1 191 835
53 148 951 1 201 1023
54 145 680 1 196 756
55 174 609 1 224 685
56 125 951 1 179 1023
57 116 373 1 163 455
58 162 462 1 210 541
59 42 136 1 88 225
60 198 950 1 253 1021
61 486 641 1 524 698
62 207 679 1 257 753
63 314 780 1 365 852
64 152 993 1 207 1065
65 197 1062 1 252 1134
66 545 943 1 584 982
67 167 411 1 214 490
68 157 484 1 206 562
69 279 624 1 329 699
70 290 621 1 339 696
71 202 825 1 255 897
72 148 888 1 200 960
73 135 819 1 188 892
74 212 520 1 260 597
75 124 981 1 178 1053
76 144 700 1 195 775
77 141 731 1 193 806
78 688 394 1 711 451
79 59 147 1 104 234
80 128 915 1 182 988
81 147 654 1 198 729
82 71 130 1 115 217
83 206 842 1 259 913
84 204 755 1 255 827
85 231 325 1 270 396
86 181 441 1 229 520
87 203 1117 1 258 1186
88 388 714 1 437 784
89 434 996 1 486 1060
90 685 343 1 688 387
91 165 429 1 213 508
92 144 914 1 198 985
93 157 699 1 208 774
94 677 665 1 688 690
95 125 826 1 178 900
96 667 706 1 682 732
97 319 697 1 368 769
98 427 831 1 473 893
99 200 852 1 253 923
100 157 714 1 208 789
101 48 774 1 102 855
102 671 426 1 677 465
103 679 655 1 689 678
104 474 1021 1 522 1077
105 322 555 1 370 630
106 61 105 1 105 194
107 396 699 1 446 770
108 252 1080 1 305 1145
109 281 821 1 331 884
110 210 444 1 256 523
111 63 93 1 108 183
112 168 547 1 216 621
113 484 1254 1 531 1294
114 205 745 1 257 818
115 368 722 1 416 793
116 661 543 1 672 577
117 465 763 1 506 819
118 275 751 1 325 826
119 357 872 1 408 943
120 70 140 1 114 228
121 332 903 1 384 971
122 213 596 1 262 671
123 383 815 1 431 878
124 281 1024 1 333 1090
125 163 610 1 214 686
126 183 485 1 230 563
127 108 476 1 156 556
128 310 578 1 357 653
129 675 627 1 687 657
130 342 694 1 392 767
131 218 477 1 265 555
132 647 698 1 666 727
133 187 328 1 232 407
134 684 714 1 697 738
135 164 800 1 216 873
136 372 825 1 423 896
137 214 240 1 257 323
138 215 287 1 258 366
139 341 748 1 390 820
140 625 622 1 644 657
141 60 129 1 105 217
142 370 1060 1 411 1082
143 139 1021 1 193 1092
144 192 775 1 244 848
145 399 690 1 445 756
146 180 458 1 228 537
147 127 365 1 174 449
148 300 691 1 349 764
149 632 407 1 643 452
150 654 741 1 672 768
151 377 702 1 426 772
152 373 584 1 420 657
153 150 815 1 203 888
154 155 729 1 207 803
155 215 149 1 256 233
156 187 261 1 230 342
157 319 888 1 371 957
158 171 254 1 214 335
159 302 621 1 351 695
160 216 458 1 262 536
161 645 725 1 663 754
162 212 1083 1 267 1153
163 438 691 1 482 753
164 643 532 1 656 568
165 500 47 1 519 122
166 188 423 1 235 502
167 347 825 1 395 889
168 399 716 1 447 786
169 169 398 1 216 478
170 198 1041 1 252 1112
171 428 680 1 471 744
172 671 277 1 672 326
173 202 273 1 245 355
174 435 1007 1 485 1068
175 351 629 1 371 640
176 634 603 1 651 638
177 344 834 1 395 904
178 383 825 1 432 888
179 354 1094 1 408 1163
180 265 1123 1 320 1190
181 651 460 1 661 499
182 659 310 1 663 357
183 279 669 1 329 742
184 412 943 1 446 963
185 147 260 1 192 342
186 293 951 1 344 1017
187 171 375 1 217 453
188 673 395 1 676 435
189 141 980 1 196 1052
190 639 734 1 659 763
191 316 1033 1 368 1100
192 280 878 1 332 948
193 661 460 1 673 502
194 343 807 1 395 880
195 241 1131 1 296 1197
196 282 1038 1 335 1102
197 139 284 1 183 366
198 249 1069 1 303 1134
199 172 160 1 214 244
200 671 332 1 674 377
201 425 1006 1 477 1071
202 215 380 1 259 457
203 342 636 1 369 663
204 255 812 1 306 884
205 251 204 1 293 285
206 250 1058 1 304 1123
207 255 842 1 306 913
208 312 622 1 361 695
209 678 461 1 686 499
210 309 926 1 360 994
211 142 602 1 192 679
212 252 219 1 292 300
213 186 315 1 230 395
214 261 1097 1 315 1162
215 241 1056 1 294 1121
216 237 868 1 289 940
217 195 801 1 246 873
218 164 238 1 207 321
219 140 782 1 192 855
220 277 777 1 327 848
221 236 1033 1 290 1099
222 648 513 1 660 550
223 218 271 1 261 352
224 167 175 1 210 261
225 402 947 1 439 974
226 325 494 1 371 569
227 150 220 1 194 302
228 169 197 1 212 281
229 150 354 1 195 433
230 223 778 1 273 849
231 640 652 1 657 684
232 624 644 1 644 678
233 676 574 1 687 605
234 448 942 1 484 971
235 658 499 1 668 535
236 142 311 1 187 392
237 639 282 1 645 333
238 431 796 1 478 859
239 667 787 1 685 811
240 636 395 1 647 440
241 224 1096 1 278 1159
242 237 408 1 280 484
243 476 1059 1 522 1106
244 327 592 1 374 666
245 269 625 1 318 699
246 308 938 1 361 1007
247 638 588 1 654 622
248 420 996 1 472 1061
249 248 157 1 288 241
250 662 660 1 676 688
251 331 644 1 365 683
252 214 391 1 260 470
253 192 276 1 235 357
254 173 814 1 225 887
255 269 982 1 321 1048
256 268 956 1 322 1024
257 154 303 1 198 384
258 301 1050 1 358 1119
259 299 962 1 351 1028
260 213 256 1 255 337
261 153 763 1 206 837
262 159 329 1 204 409
263 642 639 1 659 672
264 301 720 1 351 793
265 385 166 1 419 244
266 658 722 1 675 749
267 209 795 1 261 869
268 237 395 1 282 472
269 249 251 1 290 331
270 648 484 1 660 523
271 239 838 1 292 910
272 649 581 1 662 614
273 263 209 1 304 291
274 289 774 1 338 845
275 345 976 1 398 1046
276 201 194 1 244 277
277 399 804 1 447 867
278 280 991 1 332 1058
279 423 1026 1 474 1087
280 325 578 1 374 653
281 400 839 1 450 908
282 632 419 1 645 463
283 141 36 1 184 128
284 213 178 1 254 262
285 159 208 1 203 292
286 663 605 1 676 636
287 655 451 1 664 491
288 332 696 1 381 768
289 282 233 1 323 312
290 241 1094 1 296 1161
291 211 1133 1 266 1201
292 281 268 1 320 344
293 679 527 1 684 558
294 290 987 1 342 1053
295 644 543 1 658 579
296 679 304 1 678 349
297 237 819 1 289 892
298 267 793 1 318 865
299 495 1248 1 543 1291
300 449 1048 1 484 1067
301 657 712 1 674 739
302 280 643 1 328 717
303 259 149 1 299 233
304 215 720 1 265 793
305 631 576 1 648 613
306 338 718 1 387 791
307 309 1020 1 362 1090
308 364 891 1 416 961
309 268 154 1 308 236
310 388 733 1 437 803
311 288 961 1 341 1030
312 680 374 1 683 416
313 305 977 1 357 1044
314 684 418 1 687 456
315 291 439 1 336 517
316 627 543 1 643 582
317 126 295 1 171 377
318 170 226 1 213 308
319 160 532 1 208 609
320 277 528 1 324 603
321 163 281 1 207 362
322 666 353 1 670 396
323 641 624 1 657 657
324 295 639 1 344 712
325 162 271 1 206 353
326 237 970 1 290 1037
327 672 364 1 678 408
328 631 371 1 642 418
329 287 859 1 337 928
330 653 272 1 657 323
331 180 245 1 223 327
332 416 838 1 467 903
333 204 140 1 245 225
334 319 236 1 358 313
335 612 591 1 632 631
336 654 681 1 670 710
337 212 199 1 254 281
338 649 615 1 664 647
339 334 823 1 382 886
340 238 1085 1 292 1150
341 222 1077 1 277 1146
342 219 297 1 262 377
343 223 251 1 266 333
344 659 411 1 666 453
345 171 211 1 214 294
346 669 374 1 673 416
347 253 919 1 305 986
348 264 1078 1 318 1144
349 250 1019 1 303 1084
350 217 159 1 259 244
351 204 335 1 248 414
352 224 214 1 266 296
353 197 257 1 240 337
354 655 532 1 664 565
355 184 300 1 228 381
356 328 225 1 367 305
357 518 180 1 540 247
358 246 755 1 296 827
359 333 1152 1 388 1220
360 617 390 1 631 437
361 177 412 1 224 492
362 279 558 1 326 633
363 616 515 1 633 556
364 319 937 1 372 1005
365 219 309 1 262 388
366 609 249 1 621 306
367 422 937 1 457 963
368 648 289 1 653 338
369 221 1137 1 276 1205
370 274 727 1 324 800
371 312 647 1 359 721
372 313 952 1 365 1020
373 242 318 1 282 389
374 637 762 1 658 791
375 217 902 1 270 974
376 315 593 1 363 667
377 330 1034 1 383 1100
378 625 515 1 641 554
379 316 226 1 353 301
380 209 212 1 251 294
381 382 1004 1 435 1070
382 375 916 1 427 983
383 268 878 1 320 949
384 494 376 1 523 437
385 377 761 1 422 822
386 240 1016 1 293 1080
387 242 201 1 283 283
388 228 274 1 271 354
389 214 1095 1 269 1163
390 248 863 1 300 934
391 231 789 1 282 860
392 298 791 1 348 862
393 354 976 1 407 1043
394 167 88 1 209 176
395 199 374 1 244 452
396 341 796 1 391 867
397 367 699 1 415 769
398 285 746 1 334 818
399 179 339 1 224 418
400 226 458 1 273 537
401 625 496 1 641 537
402 230 802 1 281 875
403 661 695 1 676 722
404 435 887 1 484 949
405 187 371 1 232 449
406 306 869 1 357 938
407 164 293 1 208 373
408 243 921 1 295 990
409 296 763 1 346 834
410 215 739 1 265 811
411 275 441 1 321 518
412 588 886 1 621 922
413 268 836 1 320 907
414 148 59 1 190 148
415 176 363 1 221 441
416 666 529 1 676 564
417 187 205 1 230 288
418 433 62 1 463 141
419 298 939 1 349 1006
420 378 904 1 429 969
421 398 730 1 446 799
422 243 273 1 286 353
423 347 721 1 397 794
424 237 856 1 289 928
425 237 1112 1 291 1177
426 657 591 1 670 623
427 329 884 1 380 953
428 319 925 1 370 992
429 351 704 1 400 777
430 237 158 1 278 241
431 146 231 1 190 314
432 113 121 1 156 208
433 138 166 1 182 251
434 239 766 1 290 838
435 148 668 1 198 742
436 410 858 1 461 924
437 122 34 1 165 126
438 200 931 1 254 1003
439 159 399 1 205 479
440 269 926 1 321 993
441 308 860 1 359 928
442 678 451 1 683 488
443 386 875 1 437 944
444 221 446 1 267 525
445 258 556 1 305 630
446 225 560 1 273 636
447 249 936 1 301 1004
448 373 571 1 419 644
449 438 111 1 467 187
450 180 228 1 224 310
451 276 585 1 324 659
452 235 740 1 285 812
453 142 747 1 194 821
454 257 786 1 307 857
455 92 256 1 140 344
456 79 142 1 124 229
457 258 593 1 306 669
458 402 876 1 452 944
459 373 1072 1 426 1139
460 314 1045 1 367 1111
461 516 480 1 546 536
462 267 1106 1 322 1173
463 461 943 1 495 970
464 183 217 1 224 299
465 160 261 1 204 343
466 183 143 1 225 228
467 632 461 1 645 502
468 119 492 1 168 571
469 227 287 1 269 365
470 233 1148 1 289 1215
471 266 891 1 318 961
472 302 1005 1 355 1074
473 372 338 1 344 323
474 272 863 1 323 935
475 251 192 1 293 275
476 637 473 1 649 513
477 631 563 1 648 600
478 292 902 1 343 971
479 414 1088 1 466 1152
480 259 753 1 310 825
481 660 566 1 671 599
482 131 85 1 174 175
483 184 86 1 226 174
484 341 200 1 378 277
485 258 1067 1 312 1132
486 314 1133 1 369 1202
487 266 821 1 317 892
488 372 1016 1 424 1081
489 405 994 1 457 1058
490 227 1054 1 282 1124
491 673 797 1 691 820
492 243 576 1 291 651
493 322 835 1 373 905
494 179 277 1 223 358
