0 174 564 1 44 314
1 155 920 1 29 666
2 179 524 1 48 276
3 198 1000 1 72 745
4 198 1014 1 72 759
5 166 705 1 38 454
6 170 631 1 41 380
7 157 526 1 27 278
8 175 588 1 45 338
9 152 590 1 23 340
10 170 658 1 41 407
11 197 1027 1 72 772
12 208 641 1 78 390
13 210 562 1 80 312
14 201 894 1 74 641
15 206 703 1 77 451
16 152 987 1 26 733
17 179 503 1 48 255
18 149 1012 1 23 757
19 201 905 1 74 652
20 200 918 1 73 664
21 207 656 1 78 405
22 208 628 1 78 377
23 201 880 1 74 626
24 143 1002 1 18 748
25 213 500 1 81 252
26 160 658 1 31 407
27 153 803 1 26 550
28 165 735 1 37 484
29 179 794 1 52 541
30 156 550 1 26 301
31 150 615 1 21 365
32 201 870 1 74 615
33 149 1029 1 25 774
34 210 547 1 80 298
35 177 549 1 47 300
36 133 859 1 6 605
37 163 453 1 33 206
38 201 821 1 74 568
39 163 686 1 35 435
40 183 831 1 56 576
41 66 121 1 -67 -117
42 51 125 1 -81 -111
43 160 823 1 33 570
44 61 720 1 -64 473
45 98 493 1 -31 246
46 204 736 1 76 483
47 120 1031 1 -3 777
48 162 767 1 36 515
49 169 792 1 41 539
50 202 831 1 75 578
51 204 782 1 76 528
52 208 612 1 78 362
53 139 768 1 11 516
54 148 958 1 21 704
55 144 687 1 16 436
56 173 615 1 45 365
57 125 958 1 0 704
58 115 379 1 -16 134
59 161 468 1 30 221
60 40 143 1 -91 -94
61 198 957 1 73 702
62 486 648 1 345 380
63 206 685 1 77 433
64 314 787 1 185 533
65 197 1070 1 72 815
66 546 952 1 405 666
67 166 417 1 34 170
68 155 490 1 26 242
69 278 630 1 149 379
70 289 627 1 159 376
71 147 895 1 21 641
72 134 825 1 8 572
73 211 526 1 80 277
74 124 989 1 -1 734
75 143 707 1 15 455
76 140 738 1 13 486
77 691 400 1 533 131
78 57 153 1 -75 -86
79 128 923 1 2 669
80 146 661 1 18 409
81 69 136 1 -64 -102
82 206 849 1 79 594
83 204 761 1 75 508
84 229 332 1 90 76
85 180 447 1 49 200
86 203 1125 1 78 868
87 388 720 1 257 464
88 435 1004 1 307 741
89 687 348 1 512 68
90 164 435 1 33 188
91 144 921 1 18 666
92 157 706 1 28 455
93 680 673 1 512 373
94 526 954 1 381 664
95 124 833 1 -1 581
96 152 1001 1 27 746
97 670 715 1 505 415
98 319 703 1 189 450
99 427 838 1 293 575
100 200 859 1 74 604
101 47 781 1 -77 535
102 673 432 1 500 146
103 682 663 1 512 362
104 412 947 1 268 651
105 321 561 1 190 310
106 59 111 1 -74 -126
107 155 721 1 28 469
108 396 705 1 266 451
109 252 1088 1 125 827
110 281 828 1 151 566
111 209 450 1 77 203
112 61 99 1 -71 -137
113 167 553 1 36 301
114 149 822 1 23 569
115 205 752 1 77 498
116 367 728 1 236 473
117 663 550 1 495 259
118 274 758 1 146 506
119 357 879 1 228 624
120 68 146 1 -65 -92
121 332 910 1 204 653
122 213 602 1 82 352
123 383 822 1 252 559
124 281 1032 1 153 771
125 163 616 1 34 366
126 181 491 1 50 243
127 106 482 1 -23 236
128 309 584 1 177 333
129 678 635 1 511 340
130 342 700 1 212 447
131 217 483 1 85 235
132 468 771 1 327 501
133 650 707 1 489 410
134 186 334 1 52 87
135 687 723 1 521 422
136 163 807 1 36 554
137 372 832 1 243 577
138 212 246 1 77 2
139 214 293 1 78 45
140 341 754 1 211 500
141 627 630 1 466 340
142 58 136 1 -74 -102
143 139 1028 1 13 773
144 192 782 1 64 529
145 399 696 1 266 437
146 179 465 1 48 217
147 126 371 1 -5 128
148 299 697 1 170 444
149 633 413 1 466 133
150 656 750 1 495 452
151 377 708 1 247 453
152 373 590 1 240 337
153 154 735 1 27 483
154 213 154 1 76 -87
155 185 267 1 50 22
156 320 895 1 192 638
157 169 259 1 34 15
158 301 627 1 172 375
159 215 464 1 82 216
160 648 734 1 486 437
161 212 1091 1 87 834
162 438 697 1 303 434
163 646 539 1 479 250
164 499 52 1 341 -198
165 187 429 1 56 182
166 346 832 1 215 570
167 398 722 1 267 467
168 168 404 1 36 158
169 198 1048 1 73 793
170 427 686 1 292 425
171 673 282 1 496 6
172 200 279 1 65 35
173 436 1015 1 306 750
174 636 611 1 474 321
175 344 840 1 215 585
176 384 832 1 253 570
177 354 1101 1 229 845
178 265 1131 1 140 872
179 141 789 1 12 536
180 653 467 1 484 181
181 660 315 1 486 37
182 278 675 1 149 423
183 146 266 1 12 21
184 293 959 1 165 699
185 169 381 1 37 133
186 675 401 1 499 116
187 141 988 1 16 733
188 642 742 1 482 446
189 316 1041 1 189 782
190 280 885 1 153 629
191 250 1063 1 124 804
192 663 467 1 496 184
193 343 813 1 215 560
194 242 1139 1 116 878
195 282 1045 1 155 784
196 137 290 1 3 45
197 250 1077 1 124 816
198 171 166 1 34 -75
199 673 337 1 497 57
200 426 1014 1 297 753
201 214 386 1 79 137
202 342 645 1 190 346
203 255 819 1 127 565
204 250 210 1 114 -34
205 255 848 1 127 594
206 311 628 1 181 376
207 681 468 1 509 181
208 309 933 1 181 675
209 141 609 1 12 359
210 251 225 1 113 -19
211 184 321 1 50 75
212 375 1082 1 247 820
213 261 1105 1 135 844
214 241 1064 1 114 803
215 237 875 1 110 621
216 194 808 1 66 554
217 162 244 1 27 1
218 276 784 1 147 529
219 236 1041 1 110 780
220 650 520 1 483 232
221 216 277 1 82 32
222 166 181 1 30 -59
223 403 958 1 260 659
224 324 500 1 191 249
225 148 226 1 14 -17
226 167 203 1 32 -38
227 149 360 1 15 113
228 222 785 1 93 530
229 518 972 1 376 685
230 642 660 1 480 366
231 626 652 1 467 361
232 679 581 1 510 287
233 450 952 1 305 655
234 661 506 1 491 217
235 140 317 1 7 72
236 484 949 1 338 654
237 640 287 1 468 13
238 431 802 1 298 540
239 670 797 1 509 495
240 638 401 1 470 121
241 224 1104 1 98 842
242 235 414 1 101 164
243 477 1067 1 343 789
244 326 598 1 195 346
245 269 631 1 138 379
246 309 946 1 181 689
247 640 595 1 477 305
248 421 1003 1 293 743
249 246 163 1 108 -79
250 665 668 1 499 371
251 331 653 1 186 366
252 213 397 1 80 149
253 190 283 1 55 37
254 173 821 1 45 567
255 269 990 1 141 729
256 269 964 1 142 705
257 152 309 1 18 64
258 301 1057 1 178 801
259 299 969 1 172 710
260 211 262 1 75 17
261 152 770 1 26 517
262 158 334 1 24 89
263 644 647 1 482 355
264 301 726 1 171 473
265 383 171 1 240 -76
266 660 731 1 498 432
267 208 802 1 81 550
268 236 401 1 102 152
269 247 256 1 110 11
270 650 491 1 483 205
271 239 845 1 112 591
272 652 588 1 485 296
273 261 215 1 124 -28
274 288 781 1 159 526
275 346 983 1 218 727
276 224 1084 1 97 827
277 199 200 1 64 -42
278 399 811 1 268 548
279 280 999 1 152 739
280 424 1033 1 294 769
281 325 584 1 194 333
282 400 846 1 271 589
283 634 425 1 467 144
284 139 42 1 4 -192
285 211 183 1 74 -57
286 157 214 1 23 -27
287 494 953 1 348 656
288 666 613 1 499 318
289 657 458 1 487 172
290 331 702 1 201 449
291 281 239 1 143 -7
292 242 1102 1 116 843
293 211 1141 1 86 883
294 279 274 1 140 23
295 681 534 1 508 240
296 290 995 1 163 735
297 647 550 1 481 261
298 681 309 1 502 30
299 237 826 1 109 573
300 267 800 1 138 545
301 450 1059 1 305 752
302 660 720 1 497 422
303 279 649 1 148 397
304 257 155 1 119 -86
305 214 727 1 85 474
306 633 583 1 471 295
307 338 725 1 207 471
308 309 1028 1 182 771
309 364 897 1 236 641
310 266 159 1 128 -83
311 388 739 1 257 483
312 288 969 1 161 711
313 683 380 1 506 96
314 305 984 1 178 725
315 687 424 1 511 137
316 290 445 1 157 197
317 629 550 1 466 264
318 124 301 1 -8 57
319 168 232 1 33 -11
320 159 538 1 28 289
321 276 534 1 144 283
322 161 287 1 27 42
323 668 358 1 493 77
324 643 632 1 480 340
325 295 645 1 164 393
326 161 277 1 26 33
327 237 978 1 110 718
328 674 370 1 501 88
329 633 377 1 465 99
330 286 866 1 157 609
331 654 277 1 480 3
332 178 250 1 44 6
333 416 844 1 287 584
334 202 146 1 65 -95
335 318 242 1 178 -6
336 613 599 1 455 313
337 656 689 1 493 393
338 210 205 1 74 -38
339 651 623 1 487 330
340 334 830 1 203 567
341 352 639 1 191 325
342 238 1093 1 112 832
343 406 448 1 247 164
344 217 303 1 82 57
345 221 257 1 86 12
346 661 417 1 489 134
347 170 217 1 34 -25
348 672 380 1 496 96
349 253 927 1 125 667
350 264 1086 1 138 825
351 250 1027 1 123 765
352 216 164 1 79 -75
353 202 341 1 68 94
354 222 220 1 86 -23
355 195 263 1 60 17
356 657 539 1 487 247
357 182 306 1 48 60
358 326 231 1 187 -14
359 518 184 1 362 -72
360 246 762 1 117 507
361 334 1160 1 209 902
362 619 396 1 453 118
363 176 418 1 44 172
364 278 564 1 147 313
365 617 521 1 455 238
366 319 944 1 192 686
367 218 315 1 82 68
368 610 254 1 443 -13
369 422 948 1 278 648
370 649 294 1 476 18
371 222 1145 1 97 887
372 274 733 1 144 480
373 311 653 1 180 401
374 313 959 1 185 701
375 241 324 1 102 69
376 640 771 1 481 474
377 217 909 1 90 655
378 315 599 1 183 347
379 330 1042 1 203 782
380 627 522 1 463 236
381 315 231 1 174 -19
382 208 218 1 71 -26
383 660 650 1 493 353
384 383 1012 1 255 752
385 375 922 1 247 664
386 268 884 1 141 630
387 494 382 1 345 118
388 377 768 1 243 504
389 240 1023 1 114 761
390 240 206 1 103 -36
391 226 280 1 91 33
392 214 1103 1 89 845
393 247 869 1 120 615
394 231 796 1 102 541
395 298 798 1 168 542
396 354 983 1 227 725
397 165 94 1 29 -144
398 198 380 1 64 132
399 341 803 1 211 548
400 367 705 1 236 449
401 284 752 1 155 499
402 178 345 1 44 98
403 225 464 1 93 216
404 627 503 1 463 219
405 230 809 1 102 555
406 664 703 1 499 405
407 436 894 1 304 630
408 185 377 1 52 129
409 306 876 1 177 619
410 162 298 1 28 53
411 243 928 1 116 671
412 296 769 1 167 514
413 214 746 1 85 492
414 274 446 1 141 198
415 590 895 1 443 605
416 268 842 1 140 588
417 146 65 1 10 -171
418 174 370 1 41 121
419 668 537 1 499 246
420 186 211 1 50 -32
421 432 67 1 283 -179
422 298 947 1 169 687
423 379 911 1 249 651
424 397 736 1 266 479
425 242 279 1 106 32
426 347 727 1 217 474
427 236 862 1 109 608
428 237 1120 1 112 859
429 660 599 1 493 306
430 329 891 1 200 634
431 320 932 1 190 674
432 351 710 1 221 457
433 235 164 1 98 -78
434 144 237 1 10 -5
435 111 127 1 -23 -111
436 136 172 1 2 -68
437 239 773 1 110 519
438 147 674 1 18 422
439 411 865 1 281 605
440 120 40 1 -14 -193
441 200 938 1 74 684
442 157 405 1 25 159
443 269 934 1 141 674
444 308 866 1 179 609
445 681 458 1 506 169
446 387 881 1 258 625
447 220 452 1 87 205
448 258 562 1 125 310
449 224 566 1 93 316
450 249 944 1 121 685
451 372 577 1 240 325
452 437 116 1 288 -133
453 179 233 1 44 -9
454 275 591 1 144 340
455 235 746 1 105 492
456 142 754 1 14 502
457 256 793 1 127 538
458 90 263 1 -39 23
459 77 148 1 -55 -91
460 257 599 1 127 349
461 402 883 1 273 625
462 314 1052 1 187 793
463 516 486 1 367 217
464 463 953 1 317 655
465 181 223 1 44 -20
466 158 267 1 24 22
467 181 149 1 45 -92
468 634 467 1 468 184
469 118 498 1 -11 251
470 225 293 1 89 45
471 234 1157 1 109 896
472 266 898 1 138 642
473 302 1013 1 176 755
474 372 346 1 164 4
475 272 870 1 144 615
476 249 198 1 113 -44
477 639 480 1 472 195
478 633 570 1 470 282
479 292 909 1 164 652
480 414 1096 1 287 834
481 259 760 1 130 505
482 662 574 1 495 281
483 129 92 1 -5 -145
484 183 91 1 46 -146
485 340 206 1 198 -42
486 259 1074 1 133 814
487 315 1141 1 190 884
488 266 827 1 138 573
489 372 1023 1 245 763
490 406 1001 1 277 740
491 227 1061 1 103 805
492 676 807 1 514 504
493 242 582 1 111 331
494 322 842 1 194 586
495 178 283 1 44 38
