0 188 696 1 38 455
1 175 911 1 29 669
2 199 515 1 49 276
3 196 554 1 45 315
4 218 992 1 73 748
5 217 1006 1 72 762
6 191 621 1 41 381
7 178 516 1 28 278
8 195 578 1 45 339
9 174 580 1 23 341
10 191 648 1 41 408
11 217 1018 1 72 775
12 230 632 1 79 391
13 231 552 1 81 312
14 230 619 1 79 377
15 222 885 1 74 643
16 227 693 1 77 452
17 171 979 1 26 736
18 200 492 1 48 255
19 168 1003 1 23 760
20 221 897 1 74 654
21 220 910 1 74 666
22 228 646 1 78 406
23 221 872 1 74 628
24 162 993 1 18 750
25 234 490 1 82 252
26 181 648 1 32 408
27 173 794 1 27 552
28 177 540 1 26 301
29 171 605 1 21 366
30 222 861 1 75 617
31 168 1021 1 25 777
32 232 538 1 80 298
33 199 784 1 52 542
34 198 539 1 48 301
35 153 850 1 6 607
36 185 442 1 33 206
37 221 812 1 75 570
38 184 677 1 35 436
39 185 727 1 37 485
40 204 822 1 56 578
41 87 110 1 -67 -118
42 72 114 1 -82 -112
43 180 814 1 33 572
44 82 709 1 -64 474
45 119 482 1 -31 246
46 225 727 1 76 484
47 140 1022 1 -3 780
48 353 356 1 158 58
49 182 758 1 37 516
50 189 783 1 41 541
51 222 822 1 76 580
52 224 772 1 76 530
53 229 603 1 79 363
54 159 758 1 11 517
55 167 950 1 22 706
56 138 368 1 -15 134
57 165 677 1 17 437
58 436 941 1 261 622
59 194 606 1 45 366
60 144 950 1 0 707
61 183 458 1 31 221
62 61 131 1 -92 -95
63 218 949 1 74 704
64 509 642 1 348 383
65 227 676 1 78 434
66 334 778 1 186 534
67 216 1063 1 73 818
68 570 951 1 409 675
69 187 406 1 34 170
70 177 480 1 26 242
71 300 620 1 150 379
72 311 618 1 160 377
73 168 886 1 21 643
74 154 816 1 8 574
75 233 516 1 81 277
76 143 979 1 0 737
77 164 697 1 15 456
78 161 728 1 13 487
79 78 142 1 -76 -87
80 148 914 1 2 671
81 167 651 1 19 410
82 90 124 1 -64 -103
83 226 840 1 79 596
84 224 752 1 75 509
85 251 321 1 90 76
86 202 436 1 49 199
87 222 1118 1 79 872
88 410 711 1 258 466
89 548 955 1 385 673
90 214 773 1 65 530
91 185 425 1 33 188
92 164 912 1 19 669
93 361 448 1 167 140
94 144 824 1 0 582
95 433 950 1 271 662
96 172 993 1 27 749
97 685 751 1 503 461
98 340 694 1 190 451
99 449 832 1 295 578
100 220 850 1 74 606
101 68 771 1 -77 535
102 393 825 1 245 579
103 374 644 1 193 335
104 363 647 1 191 355
105 178 696 1 28 456
106 343 551 1 191 310
107 285 1124 1 141 876
108 170 814 1 23 571
109 665 609 1 481 327
110 80 100 1 -74 -127
111 176 711 1 28 470
112 417 696 1 267 451
113 271 1082 1 126 832
114 301 821 1 152 569
115 230 440 1 77 203
116 83 88 1 -72 -138
117 225 743 1 77 500
118 389 720 1 238 474
119 693 548 1 503 264
120 695 612 1 507 325
121 295 749 1 146 507
122 378 871 1 230 626
123 89 135 1 -65 -93
124 352 652 1 187 373
125 353 902 1 206 655
126 234 592 1 83 352
127 404 816 1 253 563
128 300 1025 1 154 775
129 184 606 1 34 367
130 203 481 1 51 243
131 127 472 1 -23 236
132 330 574 1 178 333
133 364 691 1 213 448
134 239 472 1 86 234
135 694 670 1 507 379
136 490 765 1 333 506
137 678 708 1 496 418
138 207 323 1 52 87
139 158 1020 1 14 776
140 384 428 1 173 102
141 234 235 1 77 1
142 235 282 1 78 45
143 362 746 1 212 502
144 655 628 1 473 346
145 80 124 1 -75 -103
146 201 454 1 48 217
147 148 360 1 -5 128
148 320 688 1 171 445
149 663 407 1 473 135
150 398 699 1 248 454
151 394 581 1 242 337
152 175 726 1 27 484
153 235 143 1 77 -88
154 207 256 1 50 21
155 340 887 1 193 641
156 191 248 1 34 14
157 323 618 1 173 376
158 236 454 1 83 216
159 405 825 1 254 573
160 676 735 1 494 446
161 231 1083 1 87 838
162 461 690 1 305 437
163 675 537 1 487 255
164 525 37 1 344 -202
165 209 418 1 56 182
166 367 826 1 216 573
167 420 713 1 269 468
168 189 393 1 36 158
169 218 1040 1 73 796
170 391 439 1 194 132
171 222 268 1 65 34
172 427 962 1 263 671
173 365 832 1 216 587
174 374 1095 1 230 848
175 161 779 1 13 537
176 684 462 1 492 185
177 692 306 1 494 38
178 299 665 1 150 424
179 167 255 1 12 21
180 313 952 1 166 702
181 191 370 1 37 133
182 453 679 1 293 427
183 161 979 1 16 735
184 670 744 1 489 455
185 336 1034 1 190 786
186 300 877 1 153 631
187 270 1057 1 125 809
188 321 962 1 173 713
189 694 462 1 503 187
190 364 805 1 216 562
191 456 1013 1 307 755
192 261 1133 1 117 883
193 302 1038 1 156 788
194 158 279 1 3 45
195 269 1071 1 124 821
196 192 154 1 34 -76
197 446 1008 1 299 757
198 235 376 1 79 137
199 186 189 1 32 -39
200 276 810 1 127 566
201 272 198 1 114 -35
202 276 840 1 127 596
203 333 618 1 182 376
204 329 926 1 182 678
205 162 599 1 12 360
206 273 214 1 113 -20
207 206 310 1 50 75
208 281 1098 1 136 848
209 261 1058 1 115 807
210 257 867 1 110 623
211 215 798 1 66 556
212 184 233 1 28 0
213 297 775 1 148 530
214 256 1034 1 110 785
215 680 517 1 490 236
216 238 267 1 82 31
217 187 170 1 30 -60
218 345 490 1 192 249
219 170 214 1 14 -18
220 170 349 1 15 113
221 369 816 1 216 560
222 243 776 1 94 532
223 540 972 1 380 694
224 670 659 1 487 374
225 654 650 1 474 368
226 458 1079 1 302 799
227 688 537 1 496 253
228 691 503 1 499 221
229 162 307 1 7 71
230 506 951 1 342 665
231 671 277 1 476 12
232 453 796 1 300 543
233 668 394 1 477 123
234 243 1097 1 99 847
235 548 1001 1 374 694
236 257 404 1 101 163
237 348 589 1 196 347
238 290 621 1 139 380
239 329 939 1 182 692
240 670 593 1 484 311
241 268 151 1 109 -80
242 240 1138 1 97 891
243 234 386 1 81 149
244 212 272 1 55 36
245 194 812 1 46 569
246 289 983 1 142 733
247 289 957 1 143 709
248 174 298 1 18 63
249 232 251 1 76 16
250 173 761 1 26 519
251 179 324 1 24 88
252 673 646 1 489 362
253 322 717 1 172 474
254 406 160 1 241 -77
255 689 732 1 506 441
256 229 793 1 82 551
257 257 391 1 102 152
258 269 245 1 111 10
259 680 486 1 491 209
260 260 837 1 113 593
261 681 587 1 493 302
262 283 203 1 125 -29
263 309 772 1 159 528
264 243 1077 1 98 831
265 221 189 1 65 -43
266 180 156 1 22 -73
267 420 804 1 269 551
268 300 992 1 153 743
269 444 1028 1 296 774
270 346 574 1 195 333
271 420 838 1 272 591
272 664 419 1 474 147
273 161 30 1 4 -193
274 233 172 1 74 -58
275 179 203 1 23 -28
276 517 956 1 352 668
277 687 453 1 495 176
278 378 682 1 206 392
279 353 693 1 202 450
280 303 228 1 144 -8
281 261 1096 1 117 847
282 230 1133 1 86 887
283 301 263 1 141 23
284 378 828 1 227 575
285 310 988 1 164 738
286 676 547 1 488 266
287 257 817 1 110 575
288 288 791 1 139 547
289 658 599 1 474 317
290 689 722 1 505 431
291 300 640 1 149 398
292 279 144 1 120 -88
293 235 717 1 86 475
294 661 580 1 477 300
295 359 716 1 208 472
296 328 1020 1 183 774
297 385 890 1 238 644
298 288 148 1 128 -85
299 409 731 1 259 485
300 308 962 1 162 714
301 433 920 1 285 670
302 201 211 1 44 -21
303 325 977 1 179 729
304 312 435 1 157 197
305 657 546 1 473 268
306 146 290 1 -8 57
307 189 221 1 33 -12
308 180 528 1 29 289
309 298 524 1 145 283
310 182 276 1 27 42
311 672 630 1 487 347
312 316 636 1 165 393
313 182 266 1 26 32
314 257 971 1 111 722
315 663 369 1 472 100
316 306 858 1 158 611
317 685 267 1 488 2
318 200 239 1 44 5
319 437 837 1 289 587
320 224 135 1 65 -96
321 340 231 1 179 -7
322 641 596 1 461 318
323 686 690 1 501 401
324 232 193 1 75 -39
325 681 621 1 495 336
326 355 824 1 204 570
327 197 409 1 45 172
328 257 1086 1 113 837
329 429 444 1 250 168
330 239 292 1 82 56
331 243 246 1 86 12
332 692 411 1 497 136
333 161 162 1 2 -70
334 191 206 1 34 -26
335 273 919 1 126 670
336 284 1080 1 139 830
337 237 152 1 79 -77
338 224 331 1 68 94
339 244 209 1 87 -24
340 217 252 1 60 16
341 269 1019 1 123 770
342 204 296 1 48 60
343 348 220 1 188 -15
344 543 172 1 365 -74
345 266 753 1 117 509
346 353 1153 1 210 906
347 648 389 1 460 120
348 299 554 1 148 313
349 645 517 1 462 242
350 340 937 1 193 689
351 239 304 1 83 67
352 638 244 1 449 -14
353 680 284 1 484 18
354 294 724 1 145 481
355 332 644 1 181 402
356 333 952 1 186 704
357 262 314 1 102 69
358 667 773 1 488 484
359 237 900 1 91 657
360 336 590 1 184 348
361 213 157 1 55 -73
362 655 518 1 470 240
363 337 221 1 175 -19
364 229 207 1 72 -27
365 689 650 1 502 360
366 396 915 1 249 667
367 288 876 1 142 632
368 388 784 1 230 520
369 518 373 1 348 118
370 259 1017 1 114 766
371 262 195 1 103 -37
372 248 269 1 91 33
373 268 861 1 121 617
374 251 787 1 103 543
375 318 790 1 169 544
376 274 600 1 122 358
377 187 83 1 29 -145
378 219 371 1 65 132
379 361 795 1 213 550
380 388 696 1 237 451
381 305 744 1 155 500
382 199 334 1 44 98
383 246 454 1 93 216
384 656 498 1 470 223
385 250 801 1 102 557
386 693 704 1 508 414
387 457 888 1 306 634
388 207 367 1 52 129
389 438 882 1 288 628
390 326 868 1 178 621
391 184 287 1 28 53
392 100 121 1 -56 -106
393 317 761 1 168 516
394 235 737 1 86 494
395 296 436 1 142 198
396 615 897 1 448 614
397 288 834 1 141 590
398 168 53 1 10 -173
399 196 360 1 41 121
400 207 200 1 50 -33
401 456 54 1 285 -181
402 318 940 1 170 691
403 399 904 1 251 654
404 419 727 1 268 481
405 264 268 1 107 32
406 369 719 1 218 475
407 257 854 1 110 610
408 690 598 1 501 312
409 349 884 1 202 636
410 340 925 1 191 677
411 372 701 1 222 458
412 344 808 1 196 564
413 257 152 1 98 -79
414 166 226 1 10 -6
415 132 116 1 -23 -112
416 260 764 1 111 520
417 167 664 1 18 424
418 432 857 1 283 608
419 142 28 1 -13 -195
420 220 929 1 74 686
421 178 394 1 26 159
422 328 859 1 180 612
423 407 874 1 259 627
424 241 442 1 88 205
425 279 553 1 126 311
426 245 556 1 94 316
427 269 936 1 122 688
428 394 568 1 241 325
429 461 103 1 290 -135
430 200 222 1 44 -10
431 297 581 1 145 340
432 255 737 1 106 494
433 162 744 1 15 503
434 277 784 1 128 540
435 113 252 1 -39 23
436 99 137 1 -56 -92
437 278 590 1 127 349
438 422 876 1 274 628
439 334 1046 1 188 797
440 540 480 1 371 219
441 179 255 1 24 22
442 203 137 1 45 -93
443 663 462 1 475 187
444 139 488 1 -11 251
445 247 282 1 89 45
446 253 1149 1 110 901
447 286 889 1 139 644
448 378 803 1 228 556
449 446 822 1 293 568
450 292 861 1 145 617
451 271 187 1 113 -45
452 669 475 1 480 199
453 662 567 1 477 288
454 312 901 1 165 655
455 435 1091 1 289 838
456 280 752 1 131 507
457 693 572 1 503 287
458 151 80 1 -5 -146
459 204 80 1 46 -147
460 362 194 1 199 -43
461 279 1069 1 133 819
462 334 1134 1 191 888
463 286 818 1 138 575
464 392 1017 1 246 766
465 247 1054 1 103 809
466 377 791 1 223 533
467 263 572 1 112 331
468 342 833 1 195 588
469 200 272 1 44 37
