0 276 574 1 79 392
1 266 829 1 75 645
2 235 591 1 42 409
3 221 854 1 29 671
4 234 638 1 39 456
5 237 562 1 42 382
6 265 934 1 73 751
7 278 505 1 81 323
8 263 961 1 73 778
9 225 458 1 28 279
10 214 946 1 24 764
11 267 814 1 75 630
12 245 435 1 48 255
13 242 495 1 45 314
14 220 521 1 24 341
15 276 518 1 80 337
16 242 519 1 46 338
17 266 853 1 74 669
18 274 589 1 79 407
19 267 841 1 75 657
20 278 494 1 81 313
21 273 637 1 78 453
22 220 737 1 27 554
23 263 949 1 73 765
24 233 669 1 38 486
25 221 497 1 26 318
26 275 558 1 79 378
27 209 936 1 18 754
28 227 436 1 30 257
29 280 431 1 82 252
30 278 479 1 81 298
31 227 757 1 34 574
32 484 907 1 265 644
33 222 481 1 26 302
34 217 548 1 22 367
35 271 669 1 77 486
36 130 46 1 -68 -120
37 268 802 1 75 619
38 204 733 1 10 552
39 231 383 1 33 206
40 276 544 1 80 363
41 199 792 1 6 609
42 206 701 1 12 519
43 214 892 1 22 709
44 211 620 1 17 438
45 266 890 1 74 707
46 216 575 1 21 394
47 348 563 1 151 380
48 191 892 1 0 710
49 249 763 1 56 580
50 529 1019 1 334 816
51 165 424 1 -31 247
52 231 618 1 36 437
53 269 756 1 75 572
54 218 564 1 23 382
55 263 1004 1 73 822
56 228 400 1 31 221
57 114 52 1 -82 -114
58 273 618 1 78 435
59 223 701 1 30 518
60 620 903 1 415 685
61 232 732 1 38 548
62 358 562 1 161 378
63 234 346 1 35 170
64 224 420 1 27 242
65 128 651 1 -64 474
66 194 856 1 2 674
67 213 593 1 19 411
68 271 695 1 76 511
69 192 766 1 0 584
70 248 377 1 50 199
71 273 715 1 77 532
72 231 364 1 33 187
73 381 721 1 187 536
74 296 262 1 90 77
75 208 672 1 14 489
76 273 781 1 80 598
77 226 590 1 32 409
78 181 308 1 -15 134
79 391 318 1 150 62
80 240 742 1 46 558
81 280 528 1 84 346
82 265 923 1 74 740
83 213 829 1 21 646
84 202 757 1 9 574
85 121 78 1 -76 -88
86 268 1060 1 79 877
87 186 966 1 -3 783
88 131 62 1 -67 -104
89 434 661 1 239 476
90 210 641 1 17 459
91 174 425 1 -21 248
92 455 655 1 260 467
93 101 68 1 -96 -98
94 486 917 1 261 636
95 318 1026 1 127 837
96 493 778 1 297 582
97 276 381 1 78 203
98 211 854 1 19 671
99 267 791 1 75 607
100 208 920 1 17 739
101 279 175 1 78 0
102 191 304 1 -5 128
103 285 414 1 87 234
104 341 692 1 147 509
105 80 1200 1 -108 1025
106 347 633 1 150 449
107 264 902 1 72 719
108 346 969 1 155 780
109 423 814 1 231 628
110 225 577 1 31 397
111 131 71 1 -66 -94
112 466 656 1 270 469
113 375 560 1 178 376
114 116 713 1 -76 536
115 252 263 1 53 86
116 247 395 1 49 217
117 348 767 1 153 573
118 290 1070 1 101 884
119 350 642 1 154 458
120 224 639 1 28 457
121 271 685 1 78 501
122 453 684 1 258 497
123 442 888 1 251 700
124 122 62 1 -76 -105
125 206 962 1 14 780
126 280 79 1 77 -89
127 390 492 1 192 310
128 254 359 1 57 182
129 223 654 1 28 472
130 439 768 1 246 581
131 589 1246 1 401 1047
132 160 190 1 -38 22
133 441 523 1 243 338
134 221 668 1 28 486
135 342 959 1 151 771
136 413 689 1 218 503
137 251 195 1 50 21
138 449 926 1 233 660
139 235 187 1 35 13
140 282 395 1 83 216
141 452 770 1 256 577
142 330 1067 1 142 882
143 267 208 1 66 33
144 281 222 1 78 44
145 413 771 1 218 577
146 307 1003 1 116 813
147 301 342 1 102 163
148 234 334 1 36 158
149 318 985 1 128 796
150 214 425 1 18 246
151 264 983 1 74 800
152 429 868 1 238 681
153 411 775 1 217 589
154 451 760 1 255 567
155 376 516 1 179 334
156 173 414 1 -22 236
157 509 635 1 307 440
158 406 175 1 200 -3
159 273 741 1 79 556
160 387 637 1 191 452
161 441 565 1 245 382
162 211 194 1 12 20
163 399 847 1 207 659
164 352 801 1 159 614
165 236 311 1 37 133
166 431 393 1 174 111
167 381 979 1 191 791
168 277 131 1 75 -40
169 216 756 1 24 573
170 348 983 1 157 794
171 203 219 1 3 44
172 315 1015 1 125 827
173 278 1026 1 88 843
174 317 1000 1 127 811
175 322 753 1 128 568
176 395 160 1 189 -16
177 214 290 1 15 113
178 238 229 1 38 54
179 375 870 1 183 681
180 470 297 1 255 99
181 251 250 1 50 74
182 345 755 1 151 569
183 327 1042 1 137 854
184 107 78 1 -91 -88
185 303 810 1 111 625
186 228 172 1 28 0
187 431 327 1 185 69
188 277 191 1 76 15
189 386 833 1 194 644
190 316 152 1 113 -21
191 392 431 1 193 249
192 335 563 1 140 380
193 308 255 1 102 70
194 247 73 1 45 -95
195 415 761 1 218 565
196 540 1015 1 347 816
197 302 761 1 110 577
198 426 314 1 179 61
199 548 946 1 337 704
200 304 333 1 103 152
201 505 1033 1 305 813
202 206 247 1 7 71
203 477 760 1 281 565
204 348 917 1 157 728
205 393 530 1 197 347
206 359 896 1 167 706
207 213 152 1 13 -19
208 282 1092 1 94 908
209 374 883 1 183 695
210 396 636 1 203 451
211 233 105 1 32 -66
212 442 859 1 250 670
213 285 1080 1 98 896
214 78 63 1 -119 -101
215 553 630 1 344 420
216 461 714 1 259 512
217 218 238 1 18 63
218 409 659 1 214 474
219 502 834 1 308 639
220 224 264 1 25 88
221 598 108 1 372 -79
222 392 171 1 186 -5
223 267 127 1 65 -44
224 343 717 1 148 528
225 453 97 1 242 -79
226 308 458 1 110 277
227 456 245 1 245 60
228 337 116 1 133 -56
229 314 184 1 111 9
230 260 742 1 67 558
231 467 255 1 257 70
232 249 714 1 56 531
233 454 817 1 261 629
234 408 634 1 215 449
235 317 778 1 124 593
236 224 93 1 22 -75
237 334 927 1 143 738
238 327 1003 1 137 814
239 426 890 1 235 701
240 207 542 1 12 361
241 297 1101 1 108 914
242 275 1076 1 87 892
243 362 953 1 170 764
244 467 782 1 274 594
245 500 742 1 302 547
246 245 183 1 45 9
247 411 747 1 218 563
248 368 660 1 173 476
249 284 231 1 83 56
250 322 740 1 129 555
251 455 673 1 260 486
252 279 316 1 80 137
253 295 207 1 92 32
254 347 202 1 141 22
255 509 607 1 297 391
256 318 136 1 115 -36
257 329 141 1 125 -31
258 269 271 1 68 94
259 250 736 1 56 552
260 424 772 1 229 579
261 333 734 1 140 549
262 305 779 1 113 595
263 284 207 1 82 31
264 220 935 1 28 752
265 281 681 1 87 496
266 346 582 1 150 399
267 324 80 1 120 -89
268 238 277 1 39 100
269 222 142 1 22 -29
270 374 964 1 185 778
271 447 643 1 249 456
272 413 814 1 221 628
273 333 84 1 129 -86
274 281 92 1 79 -78
275 400 769 1 205 575
276 479 865 1 287 674
277 245 149 1 45 -22
278 541 617 1 331 405
279 357 376 1 158 196
280 190 230 1 -8 56
281 233 160 1 33 -13
282 344 466 1 145 284
283 227 216 1 27 41
284 383 158 1 175 -20
285 261 191 1 60 15
286 363 578 1 166 394
287 227 206 1 26 31
288 364 884 1 171 695
289 285 330 1 85 152
290 306 133 1 104 -38
291 365 943 1 174 754
292 300 830 1 108 646
293 268 71 1 65 -98
294 348 819 1 154 634
295 504 702 1 299 496
296 544 537 1 338 339
297 399 878 1 207 690
298 326 161 1 123 -13
299 367 631 1 172 446
300 441 532 1 243 349
301 365 907 1 174 717
302 468 746 1 271 553
303 204 99 1 4 -68
304 235 144 1 35 -27
305 306 1076 1 118 889
306 446 850 1 252 658
307 319 864 1 126 674
308 333 1054 1 143 866
309 256 211 1 56 35
310 370 723 1 176 538
311 532 696 1 331 497
312 249 235 1 48 59
313 313 696 1 118 511
314 335 900 1 144 713
315 288 718 1 94 534
316 346 496 1 148 314
317 387 881 1 194 693
318 454 256 1 244 70
319 393 516 1 196 334
320 302 978 1 112 790
321 382 531 1 185 348
322 341 667 1 146 483
323 379 586 1 182 403
324 277 109 1 75 -59
325 289 1020 1 99 835
326 457 748 1 263 559
327 349 902 1 158 715
328 283 844 1 91 660
329 235 91 1 34 -78
330 257 95 1 55 -74
331 238 219 1 38 45
332 324 680 1 129 495
333 479 802 1 285 611
334 274 145 1 72 -28
335 351 686 1 156 501
336 317 124 1 114 -47
337 357 715 1 163 529
338 287 185 1 86 10
339 221 279 1 22 102
340 217 179 1 17 5
341 259 221 1 58 44
342 348 166 1 145 -9
343 331 869 1 139 681
344 311 789 1 118 604
345 248 895 1 57 712
346 439 878 1 247 690
347 224 335 1 26 159
348 319 541 1 123 359
349 209 165 1 10 -7
350 265 311 1 65 132
351 313 802 1 120 617
352 430 565 1 233 383
353 292 395 1 94 216
354 330 151 1 126 -22
355 296 743 1 103 559
356 307 1035 1 117 847
357 252 307 1 52 129
358 485 828 1 290 633
359 373 812 1 180 624
360 142 58 1 -57 -108
361 432 833 1 240 646
362 350 455 1 151 272
363 342 377 1 143 197
364 284 151 1 82 -22
365 335 778 1 142 592
366 331 1024 1 141 836
367 358 919 1 167 730
368 240 301 1 41 121
369 245 92 1 44 -77
370 252 138 1 50 -34
371 234 700 1 40 517
372 465 671 1 269 483
373 287 729 1 93 544
374 304 222 1 103 46
375 379 944 1 189 758
376 337 813 1 145 628
377 409 1085 1 221 900
378 306 960 1 115 771
379 385 869 1 193 680
380 418 643 1 223 459
381 391 752 1 197 566
382 315 767 1 121 582
383 176 52 1 -24 -114
384 202 767 1 9 584
385 442 905 1 250 716
386 323 909 1 132 721
387 306 708 1 112 522
388 213 609 1 18 425
389 267 872 1 75 689
390 247 775 1 53 591
391 235 251 1 35 75
392 375 802 1 181 615
393 287 383 1 88 204
394 325 495 1 126 311
395 291 498 1 94 317
396 337 803 1 146 619
397 377 764 1 184 576
398 441 510 1 242 326
399 510 38 1 292 -138
400 343 523 1 146 341
401 301 681 1 107 496
402 281 1050 1 92 864
403 141 75 1 -56 -93
404 325 531 1 128 350
405 469 820 1 276 631
406 261 142 1 60 -30
407 378 208 1 174 30
408 371 418 1 172 237
409 290 221 1 89 44
410 564 1236 1 376 1040
411 491 629 1 278 411
412 224 195 1 24 21
413 322 728 1 129 542
414 185 429 1 -11 251
415 418 911 1 227 723
416 463 1122 1 276 933
417 238 169 1 37 -2
418 333 832 1 140 647
419 424 746 1 230 558
420 311 753 1 118 567
421 493 767 1 296 572
422 239 289 1 39 111
423 356 190 1 147 4
424 409 981 1 218 792
425 368 693 1 173 507
426 326 694 1 131 509
427 310 207 1 107 31
428 409 132 1 200 -45
429 325 1013 1 134 824
430 333 762 1 139 577
431 264 169 1 63 -3
432 423 738 1 224 538
433 309 514 1 113 332
434 389 776 1 196 590
