0 237 586 1 80 393
1 228 844 1 76 648
2 197 604 1 42 410
3 200 575 1 42 383
4 195 652 1 39 458
5 237 573 1 80 379
6 227 951 1 74 756
7 240 517 1 82 324
8 225 978 1 74 783
9 183 870 1 30 675
10 187 470 1 28 279
11 176 963 1 24 768
12 229 830 1 76 634
13 188 773 1 34 577
14 203 507 1 46 315
15 182 751 1 27 556
16 181 533 1 24 342
17 239 531 1 81 338
18 204 531 1 46 339
19 229 868 1 75 672
20 236 602 1 79 408
21 201 560 1 44 367
22 229 857 1 76 660
23 240 506 1 82 313
24 235 650 1 78 455
25 226 965 1 74 770
26 241 466 1 83 275
27 194 682 1 38 489
28 183 509 1 26 319
29 388 988 1 223 746
30 171 953 1 19 758
31 394 333 1 170 37
32 234 672 1 78 477
33 188 447 1 31 258
34 242 443 1 83 252
35 179 560 1 22 368
36 240 491 1 82 299
37 184 493 1 27 302
38 233 683 1 78 488
39 91 54 1 -69 -122
40 230 817 1 76 623
41 165 747 1 10 555
42 193 395 1 34 206
43 239 557 1 80 364
44 160 807 1 7 612
45 167 715 1 12 521
46 173 633 1 17 440
47 229 906 1 75 711
48 177 588 1 21 395
49 310 576 1 152 381
50 58 61 1 -100 -113
51 152 909 1 0 714
52 211 778 1 57 583
53 127 435 1 -31 247
54 193 632 1 36 438
55 174 909 1 23 713
56 231 771 1 76 575
57 180 577 1 23 384
58 225 1021 1 74 827
59 143 320 1 -15 133
60 190 411 1 32 221
61 75 60 1 -83 -116
62 235 631 1 79 437
63 185 715 1 30 520
64 428 720 1 265 504
65 153 781 1 0 587
66 193 746 1 39 551
67 358 347 1 149 69
68 320 575 1 162 379
69 196 356 1 35 169
70 186 432 1 27 242
71 493 1045 1 338 828
72 72 75 1 -86 -101
73 90 663 1 -63 475
74 155 872 1 3 678
75 175 607 1 19 413
76 233 709 1 77 513
77 419 669 1 262 469
78 210 389 1 50 199
79 235 729 1 78 534
80 193 376 1 34 187
81 256 274 1 90 77
82 169 686 1 14 491
83 235 796 1 81 601
84 388 429 1 175 132
85 187 603 1 32 410
86 202 757 1 47 561
87 242 540 1 85 347
88 227 939 1 74 744
89 163 772 1 9 577
90 82 87 1 -77 -90
91 231 1080 1 80 883
92 148 984 1 -3 788
93 92 70 1 -67 -106
94 342 737 1 189 538
95 398 675 1 241 478
96 172 654 1 18 461
97 136 437 1 -20 248
98 62 77 1 -97 -99
99 685 627 1 500 390
100 178 770 1 24 576
101 280 1046 1 128 845
102 457 795 1 300 588
103 238 392 1 78 203
104 173 870 1 19 675
105 201 435 1 42 245
106 230 806 1 76 610
107 685 602 1 499 366
108 170 937 1 17 743
109 242 185 1 78 0
110 153 315 1 -5 127
111 247 425 1 87 234
112 304 706 1 149 510
113 40 1222 1 -109 1033
114 309 646 1 152 450
115 226 919 1 73 723
116 309 988 1 157 787
117 387 829 1 233 631
118 187 590 1 32 398
119 92 80 1 -67 -96
120 429 670 1 272 471
121 338 572 1 180 377
122 77 726 1 -76 537
123 214 274 1 53 86
124 209 407 1 49 217
125 310 785 1 154 579
126 253 1091 1 102 892
127 505 1038 1 351 826
128 312 655 1 156 460
129 186 652 1 29 459
130 174 845 1 22 650
131 234 699 1 79 504
132 417 698 1 260 499
133 406 905 1 253 705
134 83 70 1 -76 -107
135 242 89 1 77 -91
136 353 504 1 194 311
137 86 36 1 -74 -139
138 217 371 1 57 182
139 185 667 1 29 474
140 79 49 1 -80 -127
141 122 200 1 -38 20
142 404 535 1 245 339
143 183 682 1 28 488
144 305 978 1 153 778
145 167 979 1 14 785
146 269 1022 1 117 821
147 376 702 1 219 505
148 213 206 1 51 19
149 197 197 1 35 12
150 244 406 1 84 216
151 294 1086 1 143 889
152 230 219 1 66 32
153 466 957 1 312 751
154 263 354 1 102 163
155 196 345 1 37 157
156 281 1005 1 129 803
157 176 437 1 18 247
158 226 1000 1 75 805
159 242 231 1 79 43
160 393 884 1 240 685
161 339 528 1 181 334
162 135 425 1 -22 236
163 424 734 1 262 520
164 687 661 1 503 423
165 369 185 1 201 -4
166 235 755 1 80 559
167 685 517 1 495 283
168 349 650 1 192 454
169 173 204 1 12 19
170 363 863 1 209 663
171 315 817 1 161 618
172 198 322 1 38 133
173 221 709 1 65 514
174 674 337 1 483 116
175 311 1003 1 159 801
176 164 229 1 3 43
177 278 1035 1 126 834
178 241 1045 1 89 849
179 679 349 1 486 126
180 280 1019 1 128 819
181 285 768 1 129 571
182 358 170 1 190 -18
183 175 301 1 16 112
184 200 240 1 38 53
185 338 886 1 185 686
186 213 261 1 51 73
187 308 769 1 153 572
188 290 1062 1 138 862
189 67 86 1 -91 -90
190 266 825 1 112 629
191 190 182 1 28 -1
192 339 900 1 185 700
193 240 202 1 76 14
194 341 779 1 185 579
195 350 848 1 196 648
196 685 556 1 499 323
197 279 162 1 114 -23
198 682 486 1 493 256
199 229 137 1 65 -46
200 297 575 1 141 382
201 270 267 1 102 70
202 265 775 1 111 580
203 266 344 1 103 152
204 470 1078 1 313 861
205 370 441 1 167 157
206 240 142 1 75 -42
207 167 257 1 7 70
208 441 777 1 283 570
209 311 935 1 158 734
210 356 542 1 198 348
211 383 619 1 217 410
212 190 563 1 33 371
213 322 914 1 168 712
214 176 162 1 13 -21
215 245 1111 1 95 915
216 195 114 1 32 -67
217 406 875 1 252 675
218 248 1100 1 99 904
219 38 71 1 -119 -103
220 440 355 1 254 124
221 519 650 1 350 429
222 179 249 1 18 62
223 373 673 1 216 476
224 671 485 1 485 257
225 467 852 1 312 645
226 185 275 1 25 87
227 565 119 1 378 -81
228 355 182 1 187 -7
229 480 36 1 300 -153
230 306 732 1 149 532
231 417 107 1 244 -81
232 270 470 1 111 278
233 420 257 1 247 60
234 300 126 1 134 -58
235 277 195 1 112 8
236 687 300 1 493 80
237 221 757 1 68 561
238 431 267 1 259 70
239 211 728 1 57 533
240 372 751 1 212 541
241 418 833 1 263 633
242 280 793 1 125 596
243 186 102 1 22 -76
244 297 945 1 144 744
245 290 1023 1 138 822
246 390 906 1 237 706
247 169 554 1 13 362
248 260 1122 1 109 922
249 433 734 1 268 514
250 238 1096 1 88 899
251 325 972 1 172 771
252 431 797 1 276 597
253 464 759 1 305 552
254 207 193 1 45 8
255 375 761 1 219 565
256 331 674 1 174 477
257 246 242 1 83 55
258 285 755 1 130 558
259 418 687 1 262 489
260 241 327 1 80 137
261 257 218 1 92 31
262 309 213 1 142 21
263 281 146 1 115 -38
264 291 152 1 126 -33
265 233 151 1 68 -34
266 231 282 1 69 93
267 211 750 1 57 555
268 387 789 1 231 584
269 668 567 1 484 336
270 296 749 1 141 552
271 268 794 1 114 598
272 247 218 1 83 30
273 181 952 1 28 757
274 243 695 1 87 498
275 363 786 1 207 580
276 308 595 1 151 400
277 287 90 1 121 -91
278 200 288 1 39 100
279 185 152 1 22 -30
280 333 737 1 178 540
281 418 749 1 257 535
282 338 981 1 186 783
283 377 829 1 223 631
284 311 176 1 145 -10
285 297 94 1 130 -88
286 245 102 1 80 -80
287 443 882 1 289 679
288 208 160 1 45 -24
289 350 859 1 196 660
290 671 483 1 484 255
291 209 83 1 45 -97
292 379 654 1 225 460
293 151 241 1 -8 55
294 195 170 1 33 -14
295 341 913 1 188 713
296 306 478 1 147 284
297 189 226 1 27 40
298 346 169 1 177 -22
299 223 201 1 60 14
300 299 917 1 145 718
301 325 591 1 167 396
302 189 216 1 27 30
303 327 901 1 173 700
304 247 341 1 86 151
305 269 143 1 105 -40
306 328 961 1 175 760
307 262 845 1 109 649
308 668 195 1 473 -16
309 311 835 1 156 637
310 467 721 1 303 504
311 509 553 1 342 343
312 321 388 1 160 196
313 363 893 1 209 695
314 289 171 1 124 -14
315 329 644 1 173 448
316 404 545 1 245 349
317 329 925 1 175 723
318 432 762 1 274 558
319 166 109 1 5 -70
320 197 154 1 35 -29
321 270 1096 1 119 897
322 410 866 1 255 663
323 281 881 1 127 680
324 297 1073 1 145 874
325 218 221 1 56 34
326 497 713 1 335 503
327 210 246 1 48 59
328 275 710 1 119 513
329 488 1082 1 331 863
330 250 732 1 95 536
331 309 508 1 150 314
332 279 984 1 126 782
333 349 898 1 196 698
334 418 268 1 246 70
335 356 528 1 197 334
336 344 1055 1 193 858
337 265 998 1 113 797
338 258 1048 1 106 848
339 345 543 1 187 349
340 303 681 1 147 485
341 341 599 1 183 404
342 240 119 1 75 -61
343 252 1038 1 100 841
344 421 763 1 265 563
345 312 920 1 159 721
346 245 859 1 92 663
347 197 101 1 35 -80
348 367 835 1 213 637
349 219 105 1 55 -76
350 466 776 1 307 568
351 200 230 1 38 44
352 286 694 1 130 498
353 443 817 1 287 615
354 686 466 1 496 237
355 314 700 1 158 503
356 280 134 1 115 -48
357 320 729 1 164 532
358 250 196 1 86 8
359 182 290 1 22 102
360 254 683 1 98 486
361 179 188 1 17 4
362 221 232 1 58 43
363 547 996 1 385 763
364 294 886 1 140 686
365 273 804 1 119 608
366 210 911 1 57 716
367 402 894 1 249 694
368 186 346 1 27 158
369 282 554 1 124 360
370 171 175 1 10 -8
371 226 323 1 65 132
372 275 817 1 121 620
373 341 1044 1 190 847
374 254 406 1 95 216
375 292 161 1 127 -24
376 259 758 1 104 562
377 269 1055 1 118 855
378 213 318 1 52 129
379 449 845 1 293 639
380 336 828 1 181 628
381 103 66 1 -57 -110
382 232 228 1 68 39
383 396 849 1 242 650
384 312 467 1 152 273
385 305 388 1 144 197
386 386 916 1 233 715
387 247 162 1 83 -23
388 297 792 1 143 595
389 294 1044 1 142 844
390 321 937 1 168 736
391 202 312 1 41 121
392 209 102 1 44 -79
393 214 148 1 51 -35
394 196 714 1 41 519
395 249 743 1 94 547
396 345 998 1 193 797
397 266 233 1 103 45
398 343 961 1 190 763
399 484 719 1 319 502
400 300 828 1 146 631
401 373 1104 1 223 907
402 280 973 1 127 772
403 269 979 1 116 778
404 349 885 1 194 685
405 354 766 1 199 569
406 277 782 1 122 585
407 137 61 1 -24 -116
408 163 782 1 10 587
409 406 922 1 252 721
410 286 927 1 133 727
411 268 722 1 113 525
412 456 720 1 292 505
413 686 818 1 507 576
414 466 1048 1 302 809
415 229 888 1 76 693
416 208 791 1 54 595
417 197 262 1 35 75
418 338 818 1 183 619
419 676 542 1 490 310
420 249 394 1 89 204
421 287 507 1 128 312
422 253 511 1 95 317
423 300 818 1 147 622
424 404 523 1 244 327
425 305 535 1 147 341
426 264 695 1 108 498
427 245 1070 1 93 872
428 102 84 1 -57 -95
429 287 544 1 129 351
430 433 835 1 278 635
431 279 899 1 125 699
432 224 151 1 60 -32
433 340 219 1 175 29
434 423 775 1 266 572
435 334 431 1 173 237
436 243 675 1 88 480
437 253 232 1 90 43
438 247 255 1 84 67
439 455 651 1 282 422
440 186 205 1 24 20
441 343 768 1 188 570
442 284 742 1 130 545
443 146 440 1 -10 251
444 382 928 1 229 728
445 428 1142 1 278 941
446 200 179 1 37 -4
447 296 848 1 141 651
448 387 760 1 232 561
449 274 768 1 119 571
450 457 784 1 299 577
451 201 300 1 40 111
452 318 201 1 147 4
453 421 932 1 267 730
454 331 706 1 175 509
455 289 709 1 133 512
456 417 787 1 258 582
457 272 218 1 108 30
458 372 142 1 202 -46
459 287 1032 1 136 832
460 295 776 1 141 580
461 226 180 1 63 -4
462 272 526 1 114 333
