0 269 681 1 40 459
1 271 605 1 43 384
2 310 614 1 81 394
3 303 875 1 77 652
4 253 562 1 25 343
5 275 536 1 46 316
6 302 982 1 75 760
7 258 901 1 30 679
8 311 545 1 83 325
9 301 1009 1 74 788
10 272 631 1 43 411
11 251 994 1 25 773
12 257 498 1 29 279
13 304 859 1 77 637
14 275 560 1 47 340
15 255 537 1 27 319
16 301 997 1 74 775
17 304 885 1 77 664
18 310 558 1 82 339
19 246 984 1 19 763
20 309 601 1 81 380
21 303 899 1 76 676
22 309 630 1 80 409
23 273 588 1 45 368
24 312 533 1 83 314
25 312 494 1 83 275
26 259 475 1 31 258
27 262 801 1 35 580
28 304 849 1 77 626
29 307 701 1 78 479
30 255 780 1 28 559
31 138 108 1 -87 -103
32 268 712 1 39 491
33 313 471 1 84 252
34 311 519 1 82 299
35 246 691 1 18 470
36 238 780 1 11 557
37 306 802 1 77 578
38 250 588 1 23 369
39 306 712 1 78 490
40 156 86 1 -70 -124
41 310 585 1 81 365
42 249 615 1 22 396
43 245 662 1 18 442
44 304 937 1 76 715
45 240 745 1 12 524
46 383 603 1 153 382
47 124 94 1 -101 -115
48 228 940 1 0 718
49 285 808 1 58 586
50 234 837 1 7 615
51 263 423 1 34 205
52 266 660 1 37 440
53 251 939 1 23 718
54 196 465 1 -30 247
55 163 692 1 -63 475
56 259 745 1 31 523
57 303 1053 1 75 832
58 260 439 1 32 221
59 140 92 1 -84 -118
60 308 659 1 80 439
61 490 1102 1 257 855
62 460 760 1 226 522
63 497 1092 1 264 847
64 265 385 1 36 169
65 223 1014 1 -3 793
66 572 754 1 339 525
67 245 969 1 17 747
68 494 695 1 264 471
69 227 810 1 0 590
70 256 461 1 28 243
71 226 970 1 0 749
72 280 416 1 51 199
73 212 349 1 -15 132
74 308 759 1 79 537
75 262 404 1 34 187
76 230 903 1 3 681
77 242 715 1 14 493
78 309 826 1 82 604
79 260 632 1 33 412
80 138 913 1 -88 694
81 392 602 1 164 380
82 260 604 1 33 384
83 276 786 1 48 564
84 314 568 1 86 348
85 302 970 1 75 748
86 237 802 1 10 580
87 534 824 1 303 593
88 306 737 1 77 516
89 259 619 1 32 399
90 147 119 1 -78 -92
91 307 1113 1 81 890
92 323 302 1 90 77
93 157 102 1 -68 -108
94 248 635 1 20 414
95 472 702 1 243 480
96 250 606 1 23 385
97 347 1058 1 118 829
98 206 466 1 -20 248
99 308 420 1 79 202
100 247 900 1 20 679
101 388 1124 1 162 898
102 304 836 1 76 613
103 308 213 1 78 -1
104 222 343 1 -4 127
105 312 460 1 83 242
106 382 674 1 153 452
107 385 815 1 155 585
108 386 1021 1 158 794
109 462 858 1 235 634
110 157 112 1 -67 -98
111 356 1081 1 129 854
112 410 600 1 181 378
113 282 302 1 53 85
114 386 683 1 157 462
115 144 81 1 -81 -129
116 249 875 1 22 653
117 307 728 1 80 506
118 252 800 1 24 578
119 257 681 1 29 460
120 266 373 1 38 157
121 483 935 1 255 709
122 151 754 1 -75 538
123 148 103 1 -77 -109
124 492 725 1 262 501
125 150 69 1 -75 -141
126 286 398 1 58 181
127 257 696 1 29 475
128 306 118 1 78 -93
129 477 561 1 247 340
130 256 711 1 28 490
131 387 974 1 160 747
132 451 730 1 221 507
133 280 234 1 51 18
134 263 226 1 35 11
135 314 434 1 85 216
136 370 1120 1 144 896
137 296 247 1 67 31
138 369 1097 1 140 870
139 543 989 1 315 759
140 301 950 1 74 728
141 220 1049 1 -6 828
142 381 1011 1 154 784
143 387 1036 1 160 808
144 418 955 1 191 728
145 267 268 1 38 52
146 357 1038 1 130 811
147 247 465 1 19 247
148 302 1032 1 76 810
149 469 914 1 242 690
150 118 1255 1 -110 1041
151 411 555 1 182 335
152 416 931 1 187 705
153 244 329 1 16 112
154 462 791 1 234 565
155 357 797 1 129 574
156 205 454 1 -21 236
157 635 135 1 384 -84
158 436 210 1 203 -5
159 309 785 1 81 562
160 423 677 1 194 455
161 240 233 1 12 18
162 609 667 1 372 431
163 439 894 1 211 668
164 353 1069 1 127 842
165 426 531 1 195 311
166 294 739 1 65 516
167 351 969 1 124 743
168 305 169 1 76 -43
169 266 350 1 38 133
170 231 258 1 3 42
171 527 684 1 287 434
172 423 195 1 191 -19
173 332 123 1 103 -88
174 377 203 1 146 -11
175 280 290 1 51 73
176 398 946 1 169 718
177 133 119 1 -92 -92
178 341 854 1 113 632
179 256 210 1 28 -3
180 248 277 1 18 61
181 306 230 1 77 13
182 317 1080 1 90 856
183 415 808 1 187 583
184 425 878 1 197 653
185 345 189 1 115 -24
186 289 229 1 60 13
187 279 435 1 50 216
188 256 984 1 28 762
189 335 294 1 102 70
190 429 554 1 199 335
191 335 371 1 104 152
192 343 824 1 115 601
193 550 1121 1 318 876
194 429 569 1 200 349
195 234 286 1 7 69
196 408 244 1 176 28
197 580 217 1 336 -4
198 517 807 1 286 576
199 447 787 1 221 567
200 494 715 1 264 491
201 664 1037 1 424 784
202 541 64 1 299 -148
203 262 592 1 34 372
204 241 191 1 13 -22
205 321 1145 1 96 923
206 261 143 1 31 -69
207 482 905 1 255 679
208 569 775 1 335 539
209 294 164 1 66 -47
210 414 920 1 186 691
211 446 700 1 218 478
212 341 1032 1 114 804
213 417 570 1 188 350
214 427 929 1 198 703
215 421 207 1 189 -8
216 545 55 1 303 -157
217 341 497 1 112 278
218 488 281 1 250 60
219 365 152 1 135 -59
220 343 221 1 113 7
221 295 786 1 68 563
222 107 105 1 -120 -105
223 499 291 1 262 70
224 285 758 1 57 536
225 493 862 1 265 637
226 354 823 1 127 599
227 164 80 1 -61 -130
228 250 132 1 23 -78
229 332 382 1 103 163
230 366 1056 1 139 829
231 466 936 1 239 711
232 241 582 1 13 363
233 314 1130 1 89 907
234 353 1048 1 124 820
235 507 825 1 278 601
236 256 54 1 27 -153
237 541 788 1 308 557
238 274 222 1 45 7
239 404 702 1 176 479
240 351 810 1 124 588
241 253 296 1 25 80
242 310 355 1 81 137
243 406 936 1 178 708
244 374 978 1 146 751
245 347 173 1 116 -40
246 357 178 1 127 -34
247 342 126 1 112 -84
248 298 179 1 68 -35
249 298 310 1 69 93
250 285 780 1 57 558
251 511 382 1 258 130
252 313 245 1 83 29
253 340 805 1 112 583
254 352 117 1 122 -93
255 360 1095 1 134 869
256 438 817 1 209 586
257 250 181 1 22 -32
258 495 783 1 260 544
259 414 1013 1 188 788
260 452 857 1 225 634
261 361 120 1 131 -90
262 520 912 1 292 684
263 273 188 1 45 -25
264 426 890 1 198 664
265 269 248 1 40 32
266 274 112 1 45 -99
267 336 170 1 106 -43
268 395 1020 1 167 792
269 218 270 1 -8 55
270 261 198 1 33 -15
271 417 944 1 189 719
272 378 505 1 148 285
273 255 255 1 27 39
274 412 193 1 178 -23
275 375 949 1 146 723
276 321 260 1 91 44
277 397 618 1 169 397
278 255 245 1 27 29
279 333 260 1 103 43
280 316 368 1 87 151
281 337 875 1 110 653
282 323 245 1 93 30
283 247 681 1 18 462
284 537 754 1 300 515
285 391 414 1 161 196
286 302 148 1 76 -63
287 439 924 1 211 699
288 355 198 1 125 -16
289 479 1093 1 245 841
290 476 570 1 247 350
291 221 56 1 -5 -152
292 507 792 1 276 563
293 232 139 1 5 -72
294 263 182 1 35 -30
295 346 1131 1 120 905
296 388 951 1 160 726
297 357 911 1 129 686
298 372 1108 1 146 882
299 285 249 1 56 33
300 326 490 1 98 271
301 277 274 1 48 58
302 380 765 1 151 536
303 348 739 1 120 516
304 568 1123 1 336 878
305 324 762 1 96 539
306 350 952 1 123 726
307 380 535 1 151 315
308 531 993 1 302 763
309 354 1017 1 127 789
310 486 292 1 248 70
311 420 1088 1 195 864
312 334 1083 1 107 856
313 414 626 1 185 405
314 320 1105 1 94 880
315 345 160 1 115 -52
316 328 1071 1 101 848
317 274 388 1 46 171
318 399 592 1 170 370
319 262 130 1 35 -81
320 442 863 1 214 640
321 310 130 1 80 -82
322 284 133 1 56 -78
323 542 806 1 310 574
324 267 259 1 38 43
325 359 722 1 131 500
326 519 846 1 290 620
327 386 728 1 159 506
328 316 223 1 87 7
329 245 217 1 17 2
330 288 260 1 59 42
331 369 918 1 142 691
332 545 883 1 315 651
333 479 925 1 251 699
334 255 374 1 27 158
335 397 1036 1 170 809
336 237 204 1 10 -10
337 295 350 1 66 131
338 345 1099 1 119 873
339 452 599 1 249 444
340 417 1078 1 191 853
341 372 545 1 143 324
342 325 433 1 96 216
343 358 188 1 128 -25
344 333 787 1 105 565
345 345 1089 1 119 863
346 480 964 1 253 737
347 349 542 1 120 321
348 168 98 1 -58 -112
349 298 256 1 68 38
350 514 1190 1 288 963
351 374 414 1 145 197
352 463 947 1 235 721
353 268 329 1 40 111
354 313 188 1 83 -24
355 372 821 1 144 598
356 370 1078 1 143 852
357 273 131 1 44 -81
358 280 176 1 51 -37
359 342 841 1 114 619
360 270 743 1 42 522
361 323 772 1 95 550
362 422 1031 1 195 804
363 270 198 1 42 -16
364 419 991 1 192 768
365 375 858 1 148 635
366 451 1138 1 225 914
367 351 492 1 121 272
368 355 1007 1 128 780
369 344 1012 1 117 785
370 425 917 1 196 690
371 429 794 1 201 571
372 201 92 1 -25 -118
373 237 812 1 10 590
374 483 952 1 255 726
375 459 745 1 224 503
376 362 959 1 134 733
377 342 751 1 114 528
378 332 222 1 102 7
379 531 752 1 296 513
380 304 919 1 77 697
381 282 820 1 55 598
382 264 290 1 36 74
383 412 848 1 185 623
384 319 422 1 90 204
385 358 534 1 129 313
386 325 538 1 96 318
387 375 848 1 148 625
388 272 51 1 44 -157
389 476 549 1 246 327
390 500 914 1 272 686
391 168 114 1 -58 -97
392 327 1034 1 100 811
393 401 777 1 173 554
394 509 865 1 281 639
395 331 750 1 103 527
396 354 931 1 126 704
397 289 180 1 60 -33
398 464 819 1 233 590
399 581 576 1 344 343
400 317 704 1 88 482
401 504 937 1 276 708
402 314 282 1 84 67
403 252 234 1 24 19
404 418 797 1 190 573
405 427 812 1 198 585
406 216 470 1 -10 251
407 459 959 1 231 734
408 507 1178 1 281 950
409 371 879 1 142 655
410 533 814 1 302 583
411 285 790 1 56 568
412 498 964 1 270 736
413 405 734 1 176 511
414 339 244 1 109 29
415 363 1066 1 137 839
416 295 1126 1 69 904
417 376 727 1 147 505
418 292 208 1 63 -6
419 343 554 1 115 334
420 393 496 1 163 276
