0 223 696 1 40 461
1 228 574 1 47 341
2 264 628 1 82 395
3 260 891 1 77 655
4 266 495 1 85 264
5 227 549 1 47 317
6 261 999 1 76 764
7 264 546 1 84 315
8 264 559 1 83 326
9 259 1027 1 75 792
10 225 646 1 43 413
11 209 1013 1 25 777
12 209 512 1 29 280
13 206 576 1 25 344
14 261 715 1 79 481
15 204 1003 1 19 767
16 262 693 1 80 459
17 264 572 1 83 339
18 263 616 1 82 381
19 261 876 1 77 640
20 261 915 1 77 680
21 263 644 1 81 411
22 227 602 1 45 369
23 260 1015 1 75 779
24 265 507 1 84 275
25 260 903 1 77 667
26 214 918 1 31 682
27 188 892 1 6 657
28 261 865 1 77 629
29 203 632 1 22 398
30 213 794 1 28 561
31 86 119 1 -88 -104
32 218 818 1 35 582
33 222 726 1 39 493
34 419 401 1 206 120
35 265 484 1 85 252
36 208 535 1 28 303
37 264 532 1 83 300
38 260 1071 1 76 837
39 200 705 1 18 471
40 193 796 1 11 560
41 261 817 1 78 581
42 203 602 1 23 370
43 240 824 1 58 589
44 261 727 1 79 492
45 103 97 1 -71 -126
46 458 1117 1 267 861
47 262 683 1 80 449
48 264 598 1 82 366
49 207 956 1 23 721
50 199 677 1 18 443
51 261 954 1 77 719
52 194 761 1 13 526
53 337 616 1 154 383
54 184 958 1 1 722
55 190 854 1 7 618
56 215 436 1 35 205
57 530 770 1 342 529
58 220 675 1 37 441
59 224 623 1 43 385
60 117 707 1 -62 476
61 148 479 1 -30 247
62 262 773 1 79 539
63 487 865 1 302 627
64 214 760 1 31 525
65 212 452 1 32 221
66 88 104 1 -85 -120
67 262 674 1 81 440
68 451 1128 1 260 870
69 417 780 1 228 530
70 216 398 1 36 169
71 208 474 1 28 243
72 181 1033 1 -2 798
73 162 361 1 -14 132
74 183 827 1 0 593
75 266 1131 1 82 896
76 213 633 1 33 400
77 183 988 1 0 753
78 232 429 1 51 199
79 214 417 1 35 187
80 367 412 1 164 140
81 186 921 1 3 685
82 197 730 1 15 495
83 265 841 1 82 607
84 213 647 1 33 413
85 93 932 1 -88 697
86 81 128 1 -92 -95
87 347 615 1 165 381
88 214 618 1 33 385
89 231 802 1 48 567
90 268 582 1 86 349
91 260 987 1 76 752
92 202 986 1 18 751
93 192 818 1 10 583
94 428 715 1 244 482
95 261 752 1 78 518
96 95 130 1 -79 -94
97 450 707 1 266 473
98 273 314 1 90 78
99 106 114 1 -69 -110
100 201 650 1 20 416
101 204 620 1 24 386
102 306 1077 1 119 836
103 158 479 1 -20 248
104 212 711 1 30 477
105 495 840 1 306 599
106 204 918 1 20 682
107 349 1143 1 163 905
108 506 1015 1 320 775
109 260 851 1 77 616
110 258 225 1 79 -2
111 268 462 1 88 231
112 621 1038 1 407 740
113 173 356 1 -4 126
114 264 473 1 84 242
115 76 115 1 -98 -109
116 106 770 1 -75 538
117 336 688 1 154 454
118 342 832 1 156 591
119 345 1039 1 159 800
120 378 480 1 196 249
121 420 872 1 237 637
122 106 124 1 -68 -100
123 316 1101 1 130 861
124 364 612 1 183 379
125 233 315 1 53 85
126 341 696 1 158 463
127 92 92 1 -82 -131
128 205 892 1 22 656
129 262 743 1 80 508
130 208 816 1 25 581
131 212 696 1 30 462
132 217 386 1 38 156
133 442 950 1 257 714
134 497 803 1 311 562
135 420 813 1 230 562
136 260 432 1 80 202
137 448 737 1 264 503
138 372 932 1 188 695
139 255 180 1 76 -45
140 98 80 1 -75 -143
141 238 411 1 58 181
142 256 129 1 78 -95
143 211 726 1 29 492
144 346 990 1 161 753
145 194 342 1 16 112
146 407 743 1 223 509
147 230 246 1 51 18
148 214 238 1 35 10
149 266 447 1 86 216
150 330 1139 1 146 903
151 246 259 1 67 30
152 329 1116 1 141 877
153 504 1005 1 318 765
154 178 1068 1 -6 833
155 341 1029 1 155 790
156 347 1054 1 161 815
157 377 971 1 192 733
158 218 280 1 39 51
159 317 1057 1 131 817
160 260 1049 1 76 814
161 292 1141 1 107 902
162 428 929 1 244 694
163 365 567 1 183 336
164 313 812 1 130 577
165 157 468 1 -21 236
166 589 144 1 390 -87
167 387 221 1 204 -6
168 265 800 1 81 565
169 378 691 1 195 457
170 333 751 1 149 516
171 190 245 1 12 17
172 397 909 1 212 672
173 314 1089 1 128 849
174 380 543 1 197 311
175 249 754 1 66 518
176 309 986 1 125 748
177 218 363 1 38 132
178 372 830 1 188 590
179 209 175 1 32 -51
180 51 115 1 -120 -106
181 181 270 1 3 42
182 460 711 1 276 477
183 374 206 1 193 -21
184 283 134 1 103 -90
185 245 176 1 66 -49
186 231 302 1 51 72
187 357 963 1 171 723
188 396 833 1 210 591
189 298 870 1 114 635
190 206 222 1 28 -4
191 199 289 1 19 61
192 257 241 1 77 12
193 276 1099 1 91 862
194 383 894 1 199 657
195 328 213 1 147 -13
196 296 200 1 115 -26
197 239 241 1 61 12
198 231 447 1 51 216
199 214 1002 1 29 766
200 286 306 1 102 70
201 459 577 1 296 385
202 65 108 1 -108 -115
203 383 566 1 200 335
204 287 384 1 105 152
205 300 839 1 116 604
206 513 1143 1 321 890
207 429 1118 1 240 867
208 383 582 1 201 349
209 185 298 1 7 69
210 359 255 1 177 27
211 533 227 1 340 -5
212 475 823 1 289 581
213 431 581 1 249 350
214 492 73 1 302 -151
215 215 606 1 34 373
216 191 202 1 13 -23
217 282 1166 1 96 929
218 210 154 1 31 -71
219 441 919 1 257 683
220 203 322 1 24 91
221 529 792 1 338 545
222 95 114 1 -79 -110
223 273 257 1 93 29
224 403 713 1 219 479
225 299 1050 1 115 811
226 316 1077 1 130 837
227 371 582 1 190 350
228 385 945 1 199 708
229 451 875 1 267 640
230 372 217 1 190 -9
231 496 63 1 306 -161
232 401 1049 1 216 814
233 294 510 1 113 278
234 439 292 1 252 60
235 316 163 1 135 -61
236 293 233 1 113 6
237 251 801 1 69 566
238 451 301 1 264 70
239 240 773 1 58 538
240 311 837 1 127 602
241 112 91 1 -62 -132
242 200 144 1 23 -80
243 284 394 1 104 163
244 326 1076 1 140 836
245 425 952 1 241 715
246 194 597 1 13 364
247 274 1150 1 89 913
248 311 1067 1 125 827
249 465 839 1 280 604
250 204 65 1 27 -155
251 224 233 1 45 6
252 360 715 1 177 481
253 307 825 1 125 591
254 204 308 1 25 79
255 317 796 1 133 559
256 261 367 1 81 137
257 365 953 1 179 713
258 297 184 1 117 -41
259 308 189 1 128 -35
260 292 138 1 113 -86
261 249 322 1 69 92
262 270 831 1 87 596
263 450 727 1 266 493
264 264 257 1 83 28
265 223 123 1 45 -101
266 296 820 1 113 585
267 302 128 1 122 -95
268 320 1115 1 135 876
269 200 192 1 22 -33
270 219 341 1 39 111
271 374 1029 1 189 793
272 440 1025 1 254 788
273 410 872 1 226 637
274 312 132 1 131 -92
275 455 411 1 241 136
276 479 927 1 294 689
277 223 200 1 45 -26
278 384 905 1 199 668
279 219 260 1 40 32
280 286 181 1 106 -44
281 354 1038 1 169 798
282 168 283 1 -9 54
283 211 210 1 33 -17
284 376 960 1 191 723
285 330 518 1 149 285
286 206 267 1 27 38
287 363 204 1 179 -25
288 471 766 1 280 513
289 272 272 1 92 43
290 352 631 1 170 398
291 205 257 1 27 29
292 284 272 1 103 42
293 325 252 1 140 17
294 294 891 1 111 656
295 358 684 1 175 451
296 201 696 1 19 463
297 267 380 1 86 149
298 494 771 1 303 522
299 343 425 1 162 196
300 334 506 1 154 276
301 397 939 1 213 703
302 305 209 1 125 -17
303 440 1120 1 248 858
304 375 993 1 188 754
305 170 67 1 -5 -154
306 490 875 1 304 636
307 303 926 1 119 689
308 183 150 1 5 -73
309 213 194 1 35 -31
310 306 1151 1 121 913
311 347 968 1 162 731
312 363 972 1 178 733
313 314 928 1 129 691
314 333 1127 1 147 889
315 445 755 1 261 520
316 117 875 1 -65 640
317 235 261 1 56 33
318 279 502 1 98 271
319 265 282 1 84 52
320 336 779 1 152 540
321 304 754 1 121 518
322 279 776 1 97 541
323 308 969 1 124 731
324 334 548 1 152 315
325 491 1008 1 305 769
326 313 1036 1 127 796
327 438 303 1 250 70
328 381 1105 1 196 870
329 294 1103 1 108 863
330 362 940 1 176 702
331 369 639 1 186 406
332 603 542 1 405 293
333 295 171 1 115 -54
334 287 1090 1 102 854
335 226 401 1 47 171
336 354 604 1 171 371
337 212 142 1 35 -83
338 400 878 1 216 643
339 234 144 1 56 -80
340 500 821 1 312 579
341 218 271 1 39 42
342 315 737 1 132 502
343 477 860 1 292 623
344 627 367 1 426 123
345 342 741 1 160 507
346 266 234 1 87 6
347 546 1086 1 353 830
348 223 41 1 46 -178
349 425 896 1 241 660
350 276 1111 1 91 874
351 195 229 1 17 1
352 679 658 1 475 399
353 227 288 1 49 57
354 327 935 1 143 696
355 503 898 1 317 657
356 438 940 1 253 704
357 206 386 1 28 157
358 356 1054 1 171 815
359 187 215 1 10 -11
360 246 363 1 66 131
361 305 1118 1 120 880
362 185 37 1 9 -183
363 378 1095 1 193 859
364 326 558 1 144 325
365 277 446 1 96 216
366 308 199 1 128 -27
367 374 819 1 191 584
368 440 979 1 255 742
369 302 555 1 121 322
370 116 109 1 -58 -114
371 260 141 1 80 -84
372 477 1208 1 290 971
373 233 358 1 53 127
374 327 427 1 146 197
375 422 963 1 237 725
376 263 201 1 83 -26
377 329 837 1 146 601
378 330 1097 1 144 859
379 223 141 1 45 -82
380 229 188 1 51 -38
381 298 857 1 115 622
382 225 758 1 42 524
383 279 788 1 96 552
384 381 1049 1 196 810
385 221 209 1 42 -17
386 378 1007 1 194 772
387 332 873 1 149 638
388 413 1156 1 227 920
389 304 505 1 122 273
390 314 1025 1 129 786
391 303 1031 1 118 791
392 465 808 1 279 568
393 383 932 1 198 695
394 290 847 1 106 611
395 385 808 1 202 574
396 150 103 1 -25 -120
397 193 828 1 10 593
398 442 968 1 257 731
399 458 818 1 272 579
400 433 140 1 250 -84
401 297 766 1 115 530
402 282 234 1 103 6
403 489 770 1 299 520
404 261 935 1 77 700
405 215 302 1 36 73
406 370 863 1 186 627
407 271 434 1 91 204
408 312 547 1 129 314
409 278 551 1 97 319
410 543 1025 1 347 761
411 221 63 1 44 -159
412 430 561 1 247 328
413 384 827 1 200 589
414 459 928 1 274 691
415 116 124 1 -59 -99
416 286 1052 1 101 816
417 357 792 1 175 557
418 467 879 1 283 642
419 286 765 1 104 529
420 311 947 1 127 709
421 239 191 1 61 -35
422 422 835 1 235 595
423 330 575 1 148 342
424 538 589 1 348 347
425 272 719 1 89 484
426 464 952 1 278 714
427 264 295 1 85 66
428 613 592 1 415 342
429 303 1162 1 118 924
430 202 246 1 24 18
431 374 810 1 191 575
432 168 483 1 -10 252
433 418 975 1 233 738
434 470 1196 1 284 958
435 354 914 1 169 677
436 491 829 1 304 588
437 240 805 1 57 571
438 458 979 1 272 741
439 360 748 1 177 513
440 398 241 1 216 14
441 290 257 1 109 28
442 254 1147 1 70 910
443 332 742 1 148 507
444 242 220 1 64 -7
445 297 567 1 116 334
446 453 897 1 269 660
447 347 509 1 164 276
