0 175 717 1 42 465
1 183 593 1 48 343
2 217 649 1 83 398
3 208 917 1 79 663
4 183 568 1 48 318
5 224 514 1 87 265
6 160 596 1 26 346
7 154 1042 1 26 787
8 220 578 1 85 327
9 207 1029 1 78 775
10 221 566 1 85 316
11 205 1057 1 77 803
12 178 666 1 45 416
13 165 530 1 30 281
14 216 665 1 83 414
15 218 636 1 83 384
16 148 1031 1 20 777
17 215 715 1 81 463
18 219 592 1 84 341
19 223 502 1 86 253
20 210 902 1 79 648
21 208 942 1 78 688
22 181 622 1 47 371
23 213 739 1 81 486
24 205 1044 1 77 789
25 167 667 1 34 416
26 177 641 1 44 391
27 222 526 1 86 276
28 209 930 1 79 675
29 161 945 1 32 691
30 135 917 1 7 664
31 152 698 1 19 447
32 153 984 1 24 731
33 162 818 1 29 567
34 49 128 1 -90 -109
35 167 842 1 36 589
36 156 652 1 23 401
37 210 891 1 79 636
38 164 553 1 29 305
39 221 551 1 85 301
40 205 1103 1 77 849
41 151 727 1 19 475
42 142 819 1 12 566
43 211 842 1 79 588
44 157 621 1 24 372
45 356 803 1 224 547
46 441 899 1 308 638
47 175 813 1 44 560
48 190 848 1 60 595
49 173 749 1 40 497
50 213 749 1 81 496
51 66 106 1 -74 -131
52 507 1195 1 376 924
53 211 776 1 80 523
54 28 127 1 -110 -110
55 582 1108 1 440 817
56 215 705 1 82 453
57 219 619 1 84 368
58 158 1031 1 30 776
59 208 982 1 78 728
60 145 783 1 13 531
61 292 638 1 157 386
62 130 984 1 1 731
63 138 878 1 8 625
64 173 452 1 36 205
65 69 723 1 -61 477
66 104 495 1 -30 248
67 164 782 1 32 530
68 170 469 1 33 221
69 51 112 1 -87 -125
70 216 695 1 82 444
71 52 884 1 -76 633
72 122 375 1 -14 131
73 176 414 1 37 168
74 172 695 1 38 444
75 124 1062 1 -2 809
76 475 1120 1 335 830
77 447 877 1 312 612
78 164 491 1 29 243
79 215 866 1 84 614
80 338 635 1 202 381
81 131 851 1 0 599
82 495 1197 1 365 928
83 167 653 1 34 403
84 127 1017 1 0 763
85 190 446 1 52 199
86 382 742 1 249 486
87 372 823 1 233 549
88 173 433 1 36 186
89 133 947 1 4 693
90 38 113 1 -101 -123
91 38 129 1 -100 -108
92 147 752 1 15 500
93 37 955 1 -89 705
94 212 797 1 81 544
95 303 637 1 167 384
96 168 638 1 34 388
97 55 786 1 -74 540
98 181 826 1 49 573
99 223 602 1 88 351
100 207 1017 1 78 762
101 147 1014 1 19 761
102 141 841 1 11 589
103 604 1098 1 464 810
104 468 1110 1 331 826
105 58 140 1 -81 -98
106 405 734 1 270 478
107 292 869 1 159 605
108 232 335 1 89 79
109 69 123 1 -70 -114
110 154 670 1 21 419
111 56 102 1 -84 -135
112 215 766 1 82 513
113 157 640 1 24 390
114 157 840 1 26 587
115 44 139 1 -95 -99
116 115 495 1 -20 249
117 222 142 1 79 -99
118 164 733 1 31 481
119 488 73 1 325 -181
120 223 288 1 81 41
121 151 944 1 21 691
122 294 1182 1 167 923
123 457 1055 1 327 791
124 209 877 1 79 624
125 223 491 1 86 242
126 222 240 1 79 -5
127 227 480 1 90 232
128 133 370 1 -4 125
129 337 501 1 199 250
130 372 901 1 241 645
131 414 721 1 279 464
132 69 133 1 -70 -104
133 261 1141 1 133 880
134 321 635 1 186 382
135 293 721 1 161 467
136 194 331 1 54 84
137 685 542 1 517 253
138 425 442 1 270 166
139 163 717 1 31 466
140 176 401 1 39 155
141 393 984 1 262 725
142 273 977 1 142 719
143 326 1005 1 196 746
144 220 195 1 77 -48
145 219 450 1 81 202
146 301 1076 1 172 815
147 322 964 1 191 706
148 484 1197 1 355 931
149 63 88 1 -77 -148
150 197 428 1 60 181
151 437 1104 1 297 810
152 446 1058 1 316 795
153 162 748 1 30 497
154 154 357 1 16 111
155 361 769 1 226 514
156 192 261 1 51 15
157 176 253 1 35 7
158 225 464 1 87 216
159 275 1177 1 148 919
160 209 275 1 68 28
161 455 1045 1 324 781
162 198 184 1 56 -58
163 121 1099 1 -5 845
164 288 1065 1 158 805
165 312 709 1 178 455
166 264 838 1 133 584
167 179 296 1 39 50
168 262 1095 1 133 835
169 206 1081 1 78 826
170 236 1182 1 108 921
171 378 961 1 248 703
172 293 231 1 149 -16
173 291 711 1 157 457
174 349 868 1 215 605
175 113 484 1 -21 237
176 569 166 1 404 -96
177 353 240 1 207 -9
178 215 825 1 83 571
179 333 715 1 199 461
180 548 1104 1 405 812
181 286 777 1 152 522
182 152 259 1 11 15
183 348 942 1 216 682
184 458 937 1 324 672
185 259 1128 1 131 867
186 200 777 1 67 524
187 256 1021 1 127 762
188 397 722 1 261 465
189 88 144 1 -52 -95
190 330 800 1 198 545
191 177 380 1 38 132
192 525 662 1 380 393
193 173 188 1 32 -54
194 142 285 1 3 40
195 385 730 1 251 474
196 82 132 1 -57 -106
197 572 1101 1 427 806
198 415 738 1 281 481
199 340 224 1 195 -24
200 249 148 1 104 -94
201 164 704 1 31 454
202 488 1115 1 347 822
203 462 830 1 324 561
204 192 318 1 51 71
205 304 999 1 174 738
206 522 1103 1 378 806
207 247 897 1 117 642
208 692 674 1 527 378
209 169 236 1 28 -7
210 159 305 1 19 59
211 364 1101 1 219 785
212 219 258 1 78 10
213 221 1134 1 92 877
214 334 925 1 203 667
215 313 989 1 183 728
216 260 216 1 117 -29
217 210 191 1 67 -52
218 202 256 1 61 10
219 189 465 1 52 217
220 394 733 1 260 478
221 246 327 1 102 71
222 326 863 1 191 602
223 28 116 1 -110 -120
224 209 137 1 65 -104
225 250 866 1 119 612
226 64 886 1 -64 634
227 145 313 1 6 67
228 324 274 1 180 25
229 505 252 1 350 -7
230 431 859 1 295 594
231 407 1106 1 264 805
232 293 999 1 165 743
233 465 92 1 307 -160
234 537 1130 1 396 836
235 155 216 1 13 -26
236 385 707 1 250 451
237 225 1203 1 98 946
238 392 952 1 261 693
239 163 337 1 24 91
240 245 1107 1 117 849
241 486 833 1 347 563
242 59 123 1 -81 -114
243 236 273 1 94 27
244 155 294 1 15 48
245 357 738 1 223 484
246 245 1087 1 117 827
247 261 1115 1 132 854
248 335 978 1 203 720
249 292 1076 1 162 816
250 403 906 1 272 649
251 338 236 1 193 -12
252 470 82 1 311 -169
253 338 859 1 203 599
254 272 1007 1 142 749
255 409 711 1 273 454
256 252 530 1 115 279
257 289 840 1 157 585
258 405 316 1 257 59
259 282 180 1 137 -65
260 257 250 1 115 3
261 202 825 1 70 572
262 349 1083 1 220 826
263 416 326 1 269 69
264 190 797 1 59 544
265 189 136 1 45 -105
266 452 832 1 314 563
267 547 1134 1 395 818
268 261 864 1 130 609
269 77 100 1 -64 -137
270 165 157 1 23 -84
271 244 413 1 105 163
272 321 974 1 190 714
273 272 1115 1 143 854
274 375 985 1 245 726
275 478 1103 1 337 809
276 148 616 1 14 366
277 218 1186 1 91 929
278 171 77 1 27 -161
279 573 584 1 420 307
280 215 205 1 71 -39
281 374 861 1 240 598
282 187 249 1 45 3
283 398 1191 1 266 917
284 314 740 1 180 486
285 258 852 1 127 597
286 165 324 1 26 78
287 351 906 1 220 651
288 268 822 1 135 566
289 458 1064 1 328 800
290 221 385 1 82 136
291 327 605 1 191 352
292 262 200 1 118 -44
293 273 206 1 129 -39
294 259 153 1 114 -90
295 352 1115 1 212 816
296 210 339 1 70 91
297 220 857 1 89 603
298 391 962 1 260 704
299 224 1160 1 97 902
300 226 273 1 84 26
301 247 846 1 116 592
302 269 144 1 124 -99
303 294 1025 1 164 766
304 265 1153 1 137 894
305 164 206 1 22 -36
306 179 359 1 39 110
307 283 226 1 139 -20
308 321 1061 1 193 805
309 389 1062 1 259 802
310 362 901 1 230 645
311 366 1192 1 238 928
312 278 147 1 133 -96
313 213 285 1 71 37
314 556 1010 1 417 730
315 299 195 1 154 -51
316 431 962 1 300 701
317 186 214 1 45 -30
318 334 936 1 203 678
319 182 276 1 41 30
320 251 197 1 108 -47
321 441 860 1 305 595
322 129 298 1 -9 52
323 175 224 1 33 -19
324 325 994 1 194 735
325 288 538 1 151 287
326 168 281 1 27 36
327 329 222 1 181 -28
328 234 288 1 93 41
329 308 654 1 173 401
330 167 272 1 26 27
331 246 289 1 104 40
332 248 212 1 105 -33
333 288 271 1 141 16
334 610 1117 1 466 825
335 243 918 1 113 664
336 461 1078 1 325 799
337 507 138 1 347 -117
338 301 873 1 166 609
339 152 717 1 20 467
340 585 744 1 436 462
341 226 397 1 87 148
342 374 723 1 240 468
343 303 445 1 164 195
344 225 933 1 95 679
345 292 527 1 156 276
346 347 970 1 217 713
347 270 226 1 127 -20
348 431 951 1 299 690
349 322 1030 1 192 769
350 136 78 1 -6 -158
351 443 909 1 310 648
352 252 958 1 121 700
353 147 163 1 5 -77
354 177 208 1 35 -34
355 250 1190 1 123 931
356 437 807 1 301 545
357 263 961 1 132 703
358 261 880 1 130 626
359 399 783 1 265 526
360 63 898 1 -65 647
361 198 277 1 57 31
362 230 452 1 92 204
363 261 525 1 124 274
364 227 299 1 85 50
365 238 1136 1 111 877
366 256 779 1 123 524
367 230 802 1 99 548
368 255 1002 1 126 744
369 248 1132 1 120 872
370 291 569 1 154 317
371 442 1047 1 311 785
372 260 1073 1 130 813
373 403 328 1 255 71
374 510 1167 1 380 900
375 314 915 1 183 656
376 693 617 1 526 325
377 309 974 1 180 714
378 324 662 1 189 409
379 233 152 1 90 -91
380 261 187 1 117 -57
381 232 1125 1 104 868
382 274 621 1 138 369
383 186 417 1 48 170
384 680 698 1 517 403
385 362 786 1 229 531
386 421 870 1 285 612
387 309 627 1 174 374
388 177 155 1 35 -87
389 495 1154 1 355 862
390 219 1095 1 92 839
391 199 158 1 56 -84
392 455 858 1 319 593
393 179 286 1 39 40
394 267 762 1 135 507
395 654 714 1 494 421
396 249 1096 1 120 836
397 295 766 1 163 512
398 353 578 1 246 390
399 343 980 1 213 723
400 230 251 1 88 4
401 429 893 1 297 633
402 182 369 1 43 121
403 191 55 1 47 -182
404 376 926 1 245 669
405 220 1145 1 92 889
406 158 243 1 17 0
407 159 225 1 18 -17
408 189 303 1 49 56
409 276 967 1 145 708
410 608 493 1 446 213
411 388 973 1 258 714
412 166 403 1 29 156
413 303 1091 1 174 831
414 150 229 1 9 -14
415 206 380 1 67 131
416 250 1157 1 122 897
417 154 49 1 9 -188
418 325 1132 1 197 874
419 282 580 1 146 327
420 236 464 1 98 216
421 274 216 1 130 -30
422 326 847 1 194 591
423 264 616 1 128 364
424 319 1074 1 190 816
425 390 1014 1 260 755
426 259 575 1 123 324
427 80 119 1 -60 -118
428 314 1003 1 184 745
429 193 375 1 54 127
430 286 446 1 149 197
431 372 997 1 241 737
432 227 216 1 84 -29
433 279 863 1 148 608
434 275 1136 1 147 876
435 344 930 1 212 672
436 194 201 1 51 -41
437 248 883 1 117 629
438 235 1112 1 107 855
439 229 813 1 98 559
440 329 1086 1 200 825
441 184 224 1 42 -20
442 270 777 1 137 522
443 326 1040 1 197 783
444 152 282 1 13 37
445 282 901 1 152 646
446 498 51 1 337 -200
447 261 1062 1 132 802
448 250 1067 1 120 808
449 333 965 1 201 706
450 240 873 1 108 619
451 434 1001 1 303 739
452 115 113 1 -26 -125
453 141 852 1 11 599
454 392 1003 1 262 743
455 619 816 1 467 526
456 402 159 1 254 -89
457 249 791 1 117 536
458 246 250 1 104 3
459 225 752 1 92 498
460 208 963 1 79 709
461 276 1054 1 147 793
462 176 318 1 36 72
463 321 892 1 189 636
464 267 569 1 132 317
465 234 571 1 99 320
466 188 75 1 44 -164
467 411 963 1 279 703
468 277 923 1 146 667
469 277 1146 1 149 885
470 231 1085 1 103 829
471 309 819 1 178 563
472 420 910 1 288 652
473 260 980 1 129 722
474 204 205 1 61 -38
475 287 596 1 151 344
476 500 625 1 356 357
477 201 836 1 69 582
478 224 743 1 91 489
479 415 988 1 284 727
480 227 312 1 86 64
481 582 637 1 431 358
482 247 1202 1 120 943
483 164 261 1 24 16
484 282 1034 1 153 775
485 235 755 1 102 501
486 125 499 1 -9 252
487 368 1009 1 237 750
488 417 1241 1 290 979
489 304 946 1 173 688
490 215 153 1 72 -89
491 692 702 1 527 405
492 245 763 1 112 509
493 190 830 1 58 576
494 408 1016 1 277 755
495 313 773 1 180 519
496 364 261 1 219 11
497 365 722 1 230 466
498 253 274 1 111 26
499 257 1203 1 129 943
500 198 1182 1 71 926
501 285 766 1 151 512
502 559 1100 1 417 809
503 496 1207 1 366 941
504 206 235 1 64 -9
505 253 587 1 118 336
506 173 167 1 31 -75
507 406 929 1 274 670
508 304 530 1 167 278
