0 203 764 1 42 468
1 209 639 1 49 345
2 244 695 1 85 400
3 249 558 1 89 265
4 205 714 1 46 418
5 243 776 1 83 480
6 209 614 1 49 320
7 240 967 1 80 669
8 239 1082 1 79 783
9 186 642 1 27 348
10 247 611 1 86 317
11 238 1111 1 78 812
12 190 576 1 31 282
13 244 712 1 84 416
14 197 845 1 37 548
15 246 623 1 86 329
16 245 682 1 85 386
17 238 1097 1 78 798
18 181 1085 1 21 786
19 243 762 1 83 466
20 189 869 1 30 572
21 248 546 1 88 253
22 241 952 1 80 655
23 240 993 1 80 695
24 207 668 1 48 373
25 242 786 1 82 490
26 196 498 1 37 205
27 245 637 1 86 343
28 185 1095 1 27 796
29 195 714 1 35 419
30 204 688 1 45 393
31 247 570 1 87 277
32 240 981 1 80 682
33 189 1070 1 29 771
34 191 997 1 33 698
35 388 848 1 227 552
36 179 746 1 20 450
37 189 599 1 30 306
38 66 175 1 -92 -112
39 167 966 1 7 671
40 196 891 1 37 594
41 183 699 1 23 404
42 398 1190 1 238 891
43 159 1082 1 0 783
44 241 941 1 80 643
45 184 669 1 25 374
46 246 596 1 86 302
47 245 665 1 85 370
48 168 929 1 8 631
49 179 775 1 20 479
50 171 869 1 12 571
51 186 1037 1 25 739
52 204 863 1 45 566
53 201 797 1 41 502
54 242 797 1 82 501
55 188 929 1 28 632
56 97 771 1 -60 478
57 240 824 1 81 527
58 402 1211 1 228 865
59 190 856 1 31 559
60 243 752 1 83 456
61 654 1235 1 478 905
62 477 950 1 313 648
63 241 1034 1 80 736
64 173 832 1 14 536
65 320 683 1 159 388
66 46 173 1 -113 -114
67 221 898 1 61 601
68 366 679 1 205 383
69 67 1009 1 -89 711
70 160 901 1 1 605
71 398 847 1 236 551
72 145 421 1 -13 130
73 161 1038 1 2 739
74 240 891 1 80 594
75 76 186 1 -82 -101
76 128 541 1 -30 248
77 100 179 1 -58 -109
78 193 831 1 33 535
79 194 514 1 34 221
80 68 159 1 -89 -128
81 244 742 1 84 447
82 189 536 1 30 243
83 428 699 1 266 403
84 81 936 1 -77 639
85 246 918 1 85 620
86 199 742 1 39 447
87 156 1117 1 -2 818
88 481 927 1 318 623
89 242 845 1 82 549
90 437 779 1 274 482
91 175 800 1 16 504
92 213 491 1 53 199
93 198 460 1 38 168
94 160 1070 1 0 772
95 78 145 1 -80 -142
96 414 787 1 252 490
97 196 478 1 37 186
98 232 845 1 71 548
99 520 842 1 354 536
100 194 700 1 35 405
101 163 999 1 4 701
102 55 160 1 -103 -126
103 55 176 1 -102 -112
104 235 913 1 75 615
105 244 1226 1 84 925
106 170 892 1 11 595
107 418 1218 1 243 871
108 239 1069 1 79 770
109 181 717 1 21 422
110 497 1108 1 333 805
111 250 647 1 89 353
112 179 1068 1 19 769
113 318 705 1 158 410
114 61 185 1 -96 -102
115 329 681 1 170 386
116 194 685 1 35 390
117 252 378 1 88 80
118 365 1214 1 204 913
119 240 928 1 80 630
120 86 169 1 -72 -118
121 323 922 1 161 617
122 87 179 1 -72 -108
123 242 495 1 82 202
124 244 814 1 83 518
125 184 687 1 25 392
126 139 541 1 -19 249
127 655 1169 1 479 845
128 243 331 1 82 39
129 220 846 1 60 549
130 428 682 1 266 386
131 246 857 1 86 560
132 191 781 1 32 485
133 375 758 1 214 463
134 432 713 1 270 417
135 181 996 1 21 698
136 331 1243 1 169 938
137 445 764 1 283 468
138 224 920 1 65 623
139 353 679 1 191 385
140 247 535 1 87 242
141 241 283 1 80 -7
142 216 228 1 56 -61
143 251 524 1 91 232
144 241 185 1 79 -103
145 155 416 1 -3 124
146 85 156 1 -73 -132
147 650 1224 1 476 898
148 91 931 1 -67 633
149 340 681 1 180 386
150 361 1060 1 199 757
151 186 890 1 26 593
152 105 189 1 -54 -98
153 427 767 1 265 469
154 85 835 1 -73 542
155 363 543 1 202 250
156 127 529 1 -31 238
157 240 1151 1 80 852
158 239 238 1 77 -51
159 287 1174 1 126 869
160 296 1201 1 135 896
161 433 724 1 272 429
162 215 376 1 54 83
163 217 309 1 56 18
164 324 766 1 163 470
165 628 1238 1 453 910
166 191 765 1 32 470
167 428 1035 1 266 734
168 310 653 1 150 359
169 356 1015 1 194 716
170 163 61 1 3 -225
171 79 135 1 -79 -152
172 221 472 1 61 180
173 406 949 1 244 651
174 200 446 1 40 155
175 485 1113 1 322 809
176 190 797 1 30 501
177 190 1085 1 30 785
178 422 730 1 261 433
179 389 756 1 227 460
180 35 174 1 -122 -113
181 196 297 1 35 6
182 418 686 1 257 392
183 249 509 1 89 216
184 312 1236 1 151 933
185 178 349 1 19 58
186 494 1099 1 330 795
187 154 40 1 -4 -245
188 153 1155 1 -5 855
189 341 754 1 181 458
190 214 502 1 53 210
191 199 340 1 39 48
192 229 318 1 68 27
193 239 1135 1 79 836
194 176 403 1 16 111
195 180 765 1 21 469
196 413 1011 1 252 712
197 297 887 1 135 589
198 426 742 1 264 445
199 319 757 1 159 461
200 209 877 1 50 579
201 137 530 1 -21 237
202 336 1132 1 175 829
203 436 744 1 275 447
204 599 195 1 418 -102
205 373 280 1 210 -11
206 245 874 1 84 577
207 362 760 1 201 464
208 300 221 1 138 -68
209 315 824 1 154 527
210 171 303 1 11 13
211 427 777 1 265 480
212 381 992 1 219 692
213 294 1188 1 133 883
214 429 1002 1 265 702
215 212 362 1 52 70
216 228 825 1 68 529
217 203 61 1 42 -224
218 361 759 1 200 463
219 362 846 1 200 550
220 247 341 1 86 49
221 199 424 1 39 132
222 223 866 1 62 569
223 162 329 1 2 38
224 381 920 1 218 616
225 608 38 1 424 -251
226 360 264 1 198 -26
227 338 1053 1 176 751
228 267 191 1 105 -98
229 192 752 1 32 457
230 647 1214 1 472 886
231 325 1128 1 164 824
232 93 146 1 -67 -140
233 186 379 1 26 87
234 257 932 1 97 635
235 445 46 1 275 -241
236 279 946 1 118 649
237 189 280 1 28 -9
238 239 300 1 78 8
239 266 370 1 102 72
240 367 975 1 206 675
241 447 781 1 285 485
242 315 1069 1 154 765
243 280 258 1 118 -31
244 289 1077 1 129 774
245 513 101 1 337 -190
246 192 257 1 32 -32
247 45 164 1 -113 -123
248 210 346 1 49 55
249 297 1169 1 136 865
250 228 234 1 67 -55
251 228 181 1 66 -108
252 166 358 1 6 66
253 345 315 1 182 23
254 198 247 1 37 -41
255 426 1116 1 264 814
256 486 123 1 314 -167
257 416 773 1 254 478
258 174 260 1 13 -29
259 415 751 1 254 455
260 92 132 1 -66 -154
261 272 1244 1 110 938
262 320 1117 1 159 815
263 279 1164 1 119 862
264 76 169 1 -82 -118
265 281 916 1 120 618
266 222 299 1 61 8
267 314 1001 1 152 701
268 257 317 1 95 25
269 388 783 1 226 487
270 279 1146 1 118 842
271 365 1142 1 203 839
272 255 1191 1 94 889
273 437 954 1 276 656
274 358 276 1 195 -14
275 490 114 1 318 -177
276 199 36 1 38 -249
277 277 574 1 117 280
278 360 855 1 198 559
279 428 356 1 261 59
280 311 1216 1 150 911
281 218 888 1 59 592
282 440 366 1 274 69
283 269 1234 1 108 931
284 292 913 1 132 616
285 352 946 1 192 645
286 310 307 1 145 10
287 183 201 1 23 -87
288 267 457 1 106 164
289 410 1036 1 249 736
290 211 796 1 51 500
291 174 662 1 15 368
292 358 1109 1 196 809
293 193 231 1 32 -57
294 495 989 1 330 685
295 283 882 1 122 584
296 188 122 1 27 -165
297 169 902 1 10 605
298 207 292 1 46 1
299 294 1018 1 134 714
300 344 786 1 183 489
301 347 1043 1 185 740
302 314 1055 1 152 752
303 186 369 1 25 77
304 303 1055 1 141 753
305 351 634 1 189 339
306 212 214 1 51 -74
307 299 871 1 137 573
308 497 1119 1 334 815
309 244 429 1 83 136
310 354 648 1 194 354
311 393 1063 1 231 765
312 281 242 1 119 -47
313 293 248 1 131 -41
314 277 195 1 115 -93
315 232 383 1 71 91
316 251 304 1 90 13
317 250 906 1 90 609
318 478 959 1 315 657
319 249 1181 1 89 880
320 426 1012 1 264 712
321 218 191 1 57 -97
322 202 831 1 43 535
323 247 316 1 85 24
324 410 975 1 249 676
325 319 568 1 158 276
326 287 185 1 125 -103
327 301 1213 1 139 909
328 357 1084 1 195 781
329 183 250 1 22 -39
330 232 248 1 72 -42
331 303 268 1 141 -22
332 159 71 1 -1 -214
333 394 948 1 234 651
334 297 189 1 134 -100
335 317 236 1 155 -54
336 467 1013 1 305 712
337 205 257 1 45 -32
338 304 1065 1 143 763
339 367 986 1 206 687
340 255 233 1 94 -56
341 341 867 1 180 569
342 201 319 1 41 28
343 249 442 1 88 148
344 270 239 1 109 -50
345 475 910 1 311 606
346 149 343 1 -10 51
347 194 268 1 33 -22
348 554 63 1 373 -227
349 314 582 1 153 288
350 188 325 1 27 35
351 532 288 1 358 -9
352 255 331 1 94 40
353 445 1145 1 282 842
354 336 698 1 175 403
355 187 316 1 26 25
356 268 254 1 106 -35
357 351 828 1 190 531
358 479 69 1 309 -220
359 275 968 1 115 670
360 266 1182 1 106 880
361 198 929 1 39 631
362 248 355 1 87 63
363 480 1101 1 316 798
364 268 330 1 106 38
365 332 1063 1 170 760
366 404 768 1 243 471
367 328 488 1 166 195
368 256 984 1 96 686
369 278 895 1 117 598
370 382 1021 1 220 722
371 290 267 1 128 -22
372 442 57 1 269 -231
373 466 1002 1 304 701
374 154 124 1 -6 -162
375 269 222 1 107 -67
376 520 853 1 354 548
377 166 208 1 6 -80
378 408 729 1 246 433
379 357 1039 1 194 733
380 420 716 1 258 420
381 292 930 1 132 632
382 431 828 1 269 531
383 92 949 1 -65 653
384 329 1053 1 167 752
385 218 320 1 57 29
386 202 403 1 41 111
387 454 955 1 292 656
388 291 1142 1 130 838
389 374 235 1 207 -58
390 554 384 1 377 80
391 285 827 1 125 529
392 260 850 1 100 553
393 289 1058 1 128 756
394 283 1191 1 122 887
395 295 648 1 134 350
396 406 684 1 245 389
397 294 1131 1 132 827
398 390 815 1 229 518
399 368 1029 1 206 729
400 426 367 1 260 71
401 49 1011 1 -108 713
402 143 72 1 -16 -213
403 206 86 1 45 -200
404 353 707 1 192 411
405 252 194 1 90 -94
406 280 228 1 118 -60
407 454 911 1 291 607
408 300 665 1 140 371
409 209 462 1 49 170
410 394 832 1 233 535
411 337 671 1 176 376
412 253 1150 1 93 850
413 218 201 1 57 -87
414 563 39 1 382 -250
415 489 908 1 325 604
416 199 331 1 39 39
417 297 809 1 137 512
418 342 974 1 181 673
419 283 1155 1 122 850
420 277 292 1 116 1
421 484 1137 1 320 832
422 378 1030 1 216 731
423 250 293 1 88 2
424 464 941 1 302 641
425 203 413 1 43 121
426 405 704 1 244 408
427 233 328 1 72 36
428 254 1203 1 94 901
429 177 287 1 17 -2
430 250 886 1 89 589
431 178 269 1 18 -20
432 176 339 1 16 47
433 313 272 1 151 -18
434 219 351 1 58 59
435 649 532 1 467 220
436 423 1024 1 262 724
437 189 447 1 29 156
438 367 1041 1 206 741
439 339 1148 1 177 845
440 169 273 1 9 -16
441 228 424 1 67 131
442 293 1159 1 131 854
443 270 849 1 110 552
444 170 94 1 10 -192
445 361 1187 1 200 886
446 260 508 1 100 216
447 294 257 1 132 -32
448 202 388 1 41 96
449 336 983 1 175 683
450 291 661 1 130 366
451 354 1129 1 193 828
452 427 1066 1 264 765
453 329 1024 1 169 725
454 285 620 1 124 326
455 572 460 1 399 157
456 97 165 1 -61 -122
457 271 1217 1 110 913
458 214 419 1 54 126
459 182 391 1 22 99
460 407 1048 1 245 748
461 246 258 1 85 -31
462 311 912 1 150 615
463 311 1195 1 149 891
464 377 980 1 216 680
465 260 1223 1 99 919
466 213 245 1 52 -44
467 280 933 1 119 635
468 428 1180 1 266 877
469 269 1168 1 108 867
470 259 862 1 99 564
471 279 218 1 117 -71
472 203 267 1 42 -22
473 300 824 1 139 527
474 346 1105 1 184 802
475 173 326 1 12 35
476 314 951 1 154 653
477 346 1028 1 183 725
478 282 1232 1 122 927
479 295 1119 1 133 816
480 283 1125 1 122 822
481 366 1016 1 204 716
482 270 922 1 110 625
483 409 738 1 247 442
484 471 1053 1 308 751
485 132 159 1 -27 -129
486 428 1054 1 266 754
487 281 1009 1 121 706
488 379 1143 1 218 840
489 279 839 1 118 542
490 266 293 1 105 1
491 213 512 1 52 220
492 254 800 1 94 503
493 190 352 1 30 61
494 241 1015 1 80 716
495 310 1109 1 149 806
496 196 362 1 36 71
497 205 189 1 44 -100
498 334 1084 1 172 781
499 292 614 1 133 319
500 260 616 1 100 322
501 207 179 1 46 -108
502 206 118 1 44 -169
503 531 169 1 357 -124
504 439 966 1 276 665
505 446 1014 1 284 713
506 386 959 1 224 660
507 309 973 1 149 674
508 313 1205 1 151 901
509 265 1141 1 105 840
510 672 700 1 489 380
511 395 766 1 233 469
512 292 1034 1 131 732
513 223 248 1 62 -40
514 345 1080 1 183 777
515 313 641 1 153 346
516 230 886 1 70 588
517 252 791 1 92 493
518 451 1040 1 288 738
519 303 1180 1 142 875
520 474 1025 1 311 723
521 519 85 1 344 -205
522 184 305 1 23 14
523 316 1089 1 155 787
524 327 896 1 166 599
525 666 874 1 486 552
526 264 803 1 103 506
527 149 545 1 -9 252
528 542 59 1 366 -231
529 334 952 1 173 653
530 260 527 1 100 234
531 221 334 1 60 43
532 436 921 1 272 618
533 274 810 1 114 513
534 220 878 1 60 581
535 444 1069 1 282 767
536 364 620 1 198 316
537 274 316 1 112 24
538 329 1094 1 168 792
539 233 1241 1 72 939
540 313 813 1 153 517
541 289 939 1 129 641
542 226 278 1 64 -12
543 404 1068 1 242 767
544 279 633 1 119 338
545 191 211 1 31 -78
546 330 574 1 169 279
