0 192 767 1 42 469
1 198 641 1 49 345
2 234 697 1 85 401
3 238 560 1 89 265
4 233 778 1 83 480
5 198 616 1 49 320
6 231 970 1 81 670
7 195 716 1 46 419
8 230 1085 1 79 784
9 175 644 1 27 348
10 236 613 1 87 318
11 229 1115 1 78 814
12 179 578 1 31 282
13 233 714 1 84 417
14 187 848 1 37 549
15 235 626 1 86 329
16 235 684 1 85 386
17 229 1100 1 78 800
18 171 1089 1 21 787
19 233 765 1 83 467
20 179 872 1 30 573
21 237 548 1 88 253
22 231 955 1 81 655
23 231 997 1 80 696
24 197 680 1 47 382
25 196 670 1 48 374
26 231 789 1 82 490
27 185 500 1 37 205
28 235 639 1 86 343
29 176 1099 1 27 798
30 184 717 1 35 420
31 194 690 1 45 394
32 236 572 1 87 277
33 231 984 1 81 683
34 180 1073 1 30 772
35 182 1000 1 33 699
36 378 850 1 227 553
37 168 748 1 20 450
38 633 1237 1 466 910
39 178 601 1 30 306
40 53 177 1 -92 -113
41 158 970 1 7 671
42 186 894 1 37 595
43 172 702 1 23 404
44 390 1193 1 238 893
45 149 1085 1 0 784
46 231 944 1 81 644
47 173 671 1 25 374
48 235 598 1 86 302
49 234 667 1 85 370
50 158 932 1 8 632
51 169 778 1 20 480
52 161 872 1 12 572
53 176 1040 1 25 740
54 194 866 1 45 567
55 191 800 1 41 502
56 232 800 1 82 501
57 178 932 1 28 632
58 87 774 1 -60 478
59 230 826 1 81 528
60 393 1221 1 229 873
61 180 859 1 31 560
62 233 754 1 83 457
63 648 1240 1 480 911
64 468 952 1 314 649
65 232 1037 1 80 737
66 163 835 1 14 536
67 310 685 1 160 388
68 32 175 1 -113 -114
69 211 901 1 61 602
70 355 681 1 205 384
71 57 1013 1 -90 712
72 150 905 1 1 605
73 388 849 1 237 552
74 133 423 1 -13 130
75 151 1041 1 2 740
76 231 894 1 81 595
77 63 187 1 -83 -102
78 117 544 1 -30 248
79 87 180 1 -59 -110
80 183 834 1 33 535
81 182 516 1 34 221
82 55 161 1 -90 -129
83 233 744 1 84 447
84 178 538 1 30 243
85 417 700 1 266 403
86 71 940 1 -77 640
87 236 921 1 86 621
88 189 745 1 39 448
89 147 1122 1 -2 820
90 472 929 1 319 625
91 232 848 1 82 550
92 427 781 1 275 483
93 165 803 1 16 505
94 202 493 1 54 199
95 186 462 1 38 168
96 151 1074 1 0 773
97 65 146 1 -80 -143
98 404 789 1 252 491
99 185 479 1 37 186
100 221 847 1 72 549
101 511 845 1 355 538
102 183 702 1 35 406
103 153 1003 1 4 702
104 42 162 1 -103 -127
105 42 177 1 -102 -112
106 226 915 1 76 616
107 236 1230 1 84 926
108 160 895 1 11 596
109 409 1228 1 244 879
110 230 1072 1 79 772
111 170 720 1 21 423
112 489 1111 1 334 807
113 239 649 1 90 353
114 170 1072 1 19 771
115 307 707 1 158 410
116 48 187 1 -97 -103
117 319 683 1 170 386
118 647 1174 1 481 850
119 183 688 1 35 390
120 239 380 1 88 80
121 357 1217 1 205 915
122 230 931 1 80 631
123 73 171 1 -72 -118
124 314 925 1 161 619
125 74 181 1 -72 -108
126 231 497 1 82 202
127 234 817 1 83 518
128 173 690 1 25 393
129 127 544 1 -19 249
130 231 333 1 82 39
131 210 849 1 60 549
132 418 684 1 267 386
133 236 859 1 87 561
134 181 783 1 32 485
135 365 760 1 214 463
136 422 715 1 271 418
137 172 1000 1 22 699
138 323 1247 1 170 941
139 435 766 1 283 469
140 214 923 1 65 623
141 342 681 1 192 385
142 236 537 1 87 242
143 229 285 1 80 -7
144 204 230 1 56 -61
145 240 526 1 91 232
146 229 187 1 79 -103
147 143 418 1 -3 124
148 72 157 1 -73 -132
149 643 1229 1 478 903
150 81 934 1 -67 634
151 330 682 1 180 386
152 352 1063 1 199 759
153 177 893 1 26 594
154 92 190 1 -54 -99
155 417 769 1 266 470
156 75 838 1 -73 542
157 352 545 1 202 250
158 115 532 1 -31 238
159 231 1155 1 80 853
160 227 239 1 77 -51
161 278 1178 1 126 871
162 288 1205 1 135 898
163 423 726 1 272 429
164 203 377 1 54 83
165 205 311 1 56 18
166 314 768 1 163 471
167 621 1243 1 455 916
168 181 768 1 32 470
169 419 1037 1 266 736
170 299 655 1 150 359
171 347 1018 1 194 717
172 300 688 1 148 391
173 150 62 1 3 -225
174 66 136 1 -80 -153
175 209 474 1 61 180
176 396 951 1 245 652
177 188 448 1 40 155
178 477 1116 1 323 811
179 180 800 1 31 501
180 181 1088 1 31 786
181 412 731 1 261 434
182 379 758 1 228 461
183 183 299 1 35 5
184 408 688 1 258 392
185 238 510 1 89 216
186 304 1240 1 151 936
187 166 351 1 19 58
188 486 1101 1 331 797
189 141 41 1 -4 -246
190 144 1159 1 -5 857
191 331 756 1 181 459
192 202 504 1 53 210
193 187 342 1 39 48
194 217 319 1 68 26
195 231 1138 1 80 837
196 164 405 1 16 111
197 170 767 1 21 470
198 404 1014 1 252 713
199 287 890 1 135 590
200 416 744 1 264 446
201 308 759 1 159 461
202 200 880 1 50 580
203 126 532 1 -21 237
204 328 1136 1 175 831
205 426 745 1 275 448
206 588 194 1 420 -103
207 362 281 1 210 -12
208 235 877 1 84 578
209 352 762 1 202 465
210 288 222 1 138 -68
211 305 826 1 155 527
212 159 306 1 11 13
213 417 779 1 265 481
214 372 995 1 220 693
215 285 1192 1 133 885
216 420 1004 1 266 704
217 200 364 1 52 70
218 218 828 1 69 530
219 190 63 1 42 -224
220 350 761 1 200 464
221 352 848 1 201 550
222 235 343 1 86 49
223 187 426 1 39 132
224 213 869 1 62 570
225 150 331 1 2 38
226 372 923 1 218 618
227 597 37 1 426 -253
228 348 265 1 198 -26
229 329 1057 1 177 753
230 255 192 1 106 -98
231 181 754 1 32 457
232 640 1219 1 474 892
233 317 1131 1 164 826
234 79 148 1 -67 -141
235 174 380 1 26 86
236 247 935 1 97 636
237 433 46 1 275 -242
238 269 949 1 119 650
239 177 282 1 29 -9
240 227 301 1 78 8
241 254 372 1 101 73
242 358 978 1 206 677
243 437 783 1 285 486
244 306 1072 1 155 767
245 268 259 1 118 -32
246 281 1081 1 129 776
247 491 1203 1 322 854
248 501 101 1 338 -192
249 180 259 1 32 -32
250 32 165 1 -113 -124
251 198 347 1 49 54
252 289 1173 1 136 867
253 216 235 1 67 -56
254 215 182 1 66 -108
255 154 359 1 6 66
256 333 316 1 182 23
257 185 249 1 37 -42
258 418 1119 1 264 816
259 474 123 1 315 -168
260 406 775 1 254 478
261 161 261 1 13 -29
262 406 753 1 254 456
263 80 133 1 -66 -155
264 263 1248 1 110 941
265 311 1121 1 159 817
266 63 171 1 -83 -118
267 271 919 1 121 619
268 209 301 1 61 8
269 305 1004 1 153 703
270 245 318 1 96 25
271 378 785 1 226 488
272 271 1150 1 118 844
273 357 1145 1 204 841
274 578 61 1 404 -231
275 247 1195 1 94 891
276 428 956 1 276 657
277 346 278 1 195 -15
278 478 114 1 319 -178
279 186 38 1 38 -250
280 399 1205 1 245 901
281 266 576 1 117 280
282 350 857 1 199 559
283 416 357 1 262 59
284 431 1138 1 277 834
285 303 1220 1 150 913
286 209 891 1 59 593
287 428 367 1 274 69
288 333 770 1 183 472
289 260 1238 1 108 933
290 283 916 1 132 616
291 343 948 1 193 646
292 298 308 1 145 10
293 171 202 1 23 -87
294 255 458 1 107 164
295 402 1039 1 250 737
296 201 799 1 52 501
297 163 665 1 15 368
298 349 1112 1 197 811
299 181 233 1 32 -57
300 467 1220 1 296 863
301 486 992 1 331 686
302 273 884 1 122 585
303 175 123 1 27 -165
304 160 905 1 11 606
305 194 294 1 46 1
306 285 1021 1 134 716
307 334 788 1 183 490
308 339 1047 1 186 742
309 305 1059 1 153 754
310 174 371 1 25 77
311 293 1058 1 142 755
312 340 636 1 190 339
313 199 216 1 51 -75
314 289 873 1 137 574
315 489 1122 1 335 817
316 232 431 1 83 136
317 344 650 1 194 354
318 384 1066 1 232 766
319 269 243 1 119 -48
320 280 249 1 131 -42
321 265 196 1 116 -94
322 220 385 1 71 91
323 239 305 1 90 13
324 241 909 1 91 609
325 469 961 1 316 659
326 240 1185 1 89 882
327 417 1014 1 265 714
328 206 192 1 57 -97
329 192 834 1 43 536
330 235 317 1 85 24
331 401 977 1 249 678
332 308 570 1 159 276
333 275 186 1 125 -103
334 292 1218 1 140 911
335 349 1087 1 195 783
336 170 251 1 22 -39
337 220 249 1 72 -42
338 291 270 1 141 -22
339 146 72 1 -1 -215
340 385 951 1 234 652
341 284 190 1 134 -100
342 305 237 1 156 -54
343 459 1015 1 305 713
344 193 259 1 45 -32
345 295 1068 1 143 765
346 358 989 1 207 688
347 243 234 1 94 -57
348 332 870 1 181 570
349 189 321 1 41 28
350 237 443 1 88 148
351 258 240 1 109 -51
352 466 913 1 312 608
353 137 345 1 -10 51
354 181 269 1 33 -22
355 542 62 1 374 -228
356 303 584 1 153 288
357 176 327 1 27 35
358 399 1231 1 234 881
359 520 289 1 360 -9
360 243 332 1 94 39
361 437 1148 1 283 844
362 326 700 1 176 404
363 174 318 1 26 25
364 255 256 1 106 -36
365 341 830 1 190 531
366 466 69 1 310 -221
367 265 971 1 115 671
368 258 1186 1 106 882
369 189 932 1 39 632
370 236 357 1 87 63
371 471 1104 1 317 800
372 255 331 1 106 38
373 323 1067 1 171 762
374 395 769 1 244 472
375 316 489 1 167 195
376 247 987 1 97 687
377 269 898 1 118 599
378 373 1024 1 220 723
379 278 269 1 128 -23
380 430 57 1 270 -233
381 458 1004 1 305 702
382 141 126 1 -6 -163
383 256 224 1 107 -67
384 511 856 1 355 550
385 153 209 1 6 -80
386 397 731 1 247 433
387 348 1042 1 194 735
388 410 718 1 259 421
389 283 933 1 132 633
390 421 830 1 270 532
391 82 953 1 -65 654
392 320 1056 1 168 753
393 206 322 1 57 29
394 190 405 1 41 111
395 444 957 1 292 657
396 283 1146 1 131 840
397 362 236 1 207 -59
398 543 385 1 379 81
399 275 829 1 125 530
400 250 853 1 100 554
401 280 1061 1 128 757
402 340 967 1 188 664
403 274 1196 1 122 890
404 285 650 1 134 351
405 396 686 1 245 389
406 285 1135 1 132 829
407 380 817 1 230 519
408 359 1032 1 207 730
409 414 369 1 260 71
410 40 1015 1 -108 714
411 130 73 1 -16 -214
412 193 87 1 45 -200
413 343 709 1 193 412
414 239 196 1 91 -94
415 268 230 1 118 -61
416 446 914 1 291 609
417 289 667 1 140 371
418 198 464 1 49 170
419 384 834 1 233 536
420 327 673 1 176 376
421 244 1155 1 93 852
422 205 203 1 57 -87
423 551 37 1 384 -252
424 480 911 1 326 606
425 187 332 1 39 39
426 287 811 1 137 513
427 333 977 1 181 674
428 274 1159 1 122 853
429 265 294 1 116 1
430 476 1140 1 321 834
431 369 1033 1 217 733
432 238 294 1 89 2
433 455 943 1 303 643
434 192 415 1 43 121
435 396 706 1 244 408
436 221 329 1 72 35
437 246 1207 1 94 903
438 165 289 1 17 -2
439 240 889 1 89 590
440 166 271 1 18 -20
441 164 340 1 16 47
442 301 273 1 151 -18
443 376 621 1 220 314
444 207 353 1 58 59
445 640 535 1 469 222
446 414 1026 1 262 725
447 177 449 1 30 156
448 358 1044 1 206 742
449 330 1152 1 177 847
450 156 275 1 9 -16
451 217 426 1 67 131
452 285 1163 1 132 857
453 260 852 1 110 553
454 157 96 1 10 -192
455 280 905 1 129 605
456 248 510 1 100 216
457 281 258 1 132 -33
458 190 390 1 41 96
459 326 986 1 175 685
460 280 663 1 131 366
461 346 1132 1 193 829
462 418 1069 1 265 767
463 320 1027 1 169 726
464 274 622 1 125 326
465 561 461 1 400 158
466 84 167 1 -62 -122
467 262 1221 1 110 915
468 203 421 1 54 126
469 171 393 1 22 99
470 399 1051 1 246 749
471 234 260 1 85 -32
472 301 915 1 151 616
473 302 1200 1 150 894
474 368 982 1 216 681
475 252 1228 1 100 921
476 200 246 1 52 -44
477 270 936 1 119 636
478 420 1183 1 267 879
479 260 1171 1 109 869
480 250 864 1 99 565
481 266 220 1 117 -71
482 191 269 1 42 -23
483 290 827 1 139 528
484 337 1108 1 185 804
485 161 328 1 12 35
486 305 953 1 154 654
487 337 1031 1 184 727
488 274 1237 1 122 929
489 286 1123 1 134 818
490 275 1129 1 122 824
491 358 1019 1 205 717
492 260 925 1 110 626
493 399 740 1 248 443
494 463 1056 1 309 753
495 155 72 1 8 -215
496 118 160 1 -28 -129
497 419 1057 1 266 755
498 122 41 1 -24 -246
499 272 1012 1 121 708
500 371 1147 1 218 842
501 269 842 1 119 543
502 254 294 1 105 1
503 201 514 1 53 220
504 244 802 1 94 504
505 178 354 1 30 61
506 231 1018 1 81 718
507 302 1113 1 149 808
508 185 364 1 36 71
509 192 190 1 44 -100
510 325 1087 1 173 782
511 281 615 1 133 319
512 249 619 1 100 322
513 194 181 1 46 -109
514 193 119 1 44 -169
515 519 169 1 359 -125
516 430 969 1 277 666
517 437 1017 1 284 715
518 376 962 1 224 661
519 300 976 1 149 676
520 305 1210 1 152 903
521 256 1146 1 105 842
522 664 703 1 492 383
523 385 767 1 234 470
524 283 1038 1 131 734
525 210 250 1 62 -41
526 336 1084 1 183 779
527 303 643 1 153 347
528 220 889 1 71 589
529 242 793 1 92 494
530 442 1043 1 289 740
531 295 1184 1 142 878
532 465 1027 1 311 724
533 506 85 1 345 -207
534 171 307 1 23 14
535 307 1093 1 155 789
536 317 899 1 167 600
537 658 879 1 489 556
538 254 805 1 104 507
539 138 547 1 -9 253
540 530 58 1 368 -233
541 325 954 1 174 654
542 249 529 1 100 234
543 209 336 1 60 43
544 203 410 1 55 115
545 427 924 1 272 620
546 264 813 1 114 514
547 210 881 1 60 582
548 436 1071 1 282 769
549 353 622 1 199 317
550 261 317 1 112 24
551 320 1098 1 168 794
552 201 279 1 53 -12
553 225 1246 1 72 941
554 303 816 1 154 518
555 280 942 1 129 642
556 213 280 1 64 -12
557 395 1070 1 243 768
558 268 635 1 120 338
559 179 212 1 31 -78
560 319 575 1 169 279
