0 254 741 1 223 792
1 286 1077 1 259 1126
2 296 671 1 266 722
3 301 533 1 270 586
4 265 525 1 233 579
5 294 753 1 264 803
6 261 589 1 230 641
7 290 946 1 262 995
8 256 689 1 226 741
9 287 1062 1 260 1111
10 261 614 1 230 666
11 238 618 1 207 669
12 299 587 1 268 639
13 242 551 1 212 602
14 295 688 1 265 739
15 247 823 1 218 873
16 298 599 1 267 650
17 297 658 1 266 708
18 286 1092 1 259 1140
19 228 1064 1 201 1114
20 294 739 1 264 790
21 239 847 1 211 897
22 257 675 1 227 727
23 301 521 1 269 574
24 290 931 1 261 980
25 289 973 1 261 1022
26 259 653 1 227 704
27 259 644 1 228 695
28 293 764 1 263 813
29 249 472 1 217 525
30 298 612 1 267 664
31 234 1074 1 207 1124
32 256 664 1 225 715
33 300 545 1 268 598
34 289 960 1 261 1009
35 237 1049 1 210 1098
36 522 1218 1 492 1243
37 240 975 1 213 1025
38 439 828 1 410 876
39 230 722 1 200 773
40 693 1245 1 658 1259
41 242 574 1 210 627
42 216 945 1 188 996
43 117 146 1 85 204
44 246 869 1 218 919
45 234 675 1 204 726
46 446 1174 1 421 1221
47 206 1060 1 179 1110
48 290 920 1 262 969
49 255 730 1 225 781
50 235 644 1 205 696
51 299 571 1 267 623
52 251 775 1 222 825
53 297 641 1 266 692
54 217 907 1 189 957
55 230 751 1 200 802
56 221 846 1 192 896
57 232 1016 1 205 1066
58 255 840 1 226 890
59 274 834 1 246 883
60 293 774 1 263 824
61 237 907 1 209 957
62 291 802 1 262 851
63 448 1227 1 420 1255
64 240 833 1 211 883
65 294 729 1 264 779
66 246 691 1 216 742
67 528 934 1 498 976
68 289 1014 1 261 1063
69 148 744 1 119 799
70 411 584 1 378 635
71 223 809 1 194 860
72 373 660 1 341 710
73 271 877 1 242 926
74 419 656 1 387 705
75 115 985 1 89 1037
76 210 879 1 181 929
77 449 827 1 419 875
78 198 394 1 166 449
79 209 1016 1 182 1066
80 95 144 1 64 202
81 242 808 1 213 859
82 128 157 1 95 215
83 180 515 1 149 569
84 152 149 1 119 207
85 246 488 1 215 542
86 120 130 1 88 187
87 295 719 1 265 769
88 242 510 1 210 564
89 481 677 1 449 726
90 462 1222 1 433 1246
91 130 913 1 102 965
92 295 897 1 267 945
93 250 719 1 220 770
94 203 1096 1 177 1147
95 533 913 1 503 953
96 292 823 1 263 873
97 225 777 1 196 828
98 266 465 1 234 519
99 251 434 1 219 487
100 207 1049 1 180 1099
101 466 766 1 435 814
102 249 451 1 217 506
103 282 822 1 252 872
104 574 830 1 540 867
105 246 675 1 216 727
106 211 978 1 184 1027
107 106 131 1 74 190
108 285 891 1 256 940
109 290 1209 1 265 1256
110 220 870 1 191 920
111 463 1235 1 434 1260
112 287 1049 1 260 1098
113 130 115 1 98 174
114 232 694 1 202 745
115 547 1097 1 518 1138
116 302 623 1 271 674
117 227 1047 1 200 1097
118 113 156 1 81 214
119 478 1018 1 449 1063
120 382 658 1 352 708
121 533 1226 1 503 1248
122 246 661 1 215 712
123 620 561 1 579 599
124 301 354 1 267 401
125 412 1198 1 387 1244
126 477 1241 1 446 1259
127 289 907 1 261 955
128 370 710 1 340 760
129 138 140 1 106 198
130 373 907 1 343 948
131 138 150 1 106 208
132 296 469 1 263 522
133 191 516 1 160 569
134 130 105 1 98 163
135 105 143 1 73 201
136 296 304 1 262 358
137 482 661 1 449 709
138 371 682 1 339 732
139 296 835 1 268 884
140 242 757 1 212 808
141 427 737 1 396 786
142 485 692 1 453 740
143 290 869 1 260 918
144 230 975 1 202 1024
145 377 1228 1 352 1272
146 497 744 1 466 792
147 273 898 1 246 948
148 294 792 1 264 842
149 405 656 1 374 706
150 300 509 1 268 562
151 294 255 1 261 310
152 269 200 1 236 255
153 304 499 1 272 552
154 208 389 1 176 443
155 136 126 1 105 184
156 140 908 1 112 959
157 393 658 1 362 708
158 158 159 1 124 218
159 480 746 1 448 793
160 333 1160 1 307 1203
161 136 808 1 107 863
162 179 504 1 148 558
163 287 1132 1 261 1181
164 236 665 1 205 715
165 375 1060 1 348 1105
166 207 899 1 178 948
167 342 1187 1 316 1230
168 486 703 1 455 751
169 267 349 1 234 403
170 270 282 1 236 337
171 574 64 1 525 120
172 545 90 1 500 145
173 376 744 1 345 793
174 681 1250 1 646 1265
175 242 742 1 212 793
176 295 155 1 260 213
177 142 116 1 111 175
178 364 627 1 331 680
179 405 998 1 377 1044
180 361 662 1 330 712
181 82 142 1 50 200
182 274 446 1 242 500
183 456 930 1 427 977
184 253 420 1 221 474
185 245 193 1 212 249
186 535 1102 1 507 1142
187 241 774 1 211 824
188 238 1064 1 211 1113
189 475 708 1 444 756
190 441 734 1 410 783
191 248 269 1 215 324
192 472 664 1 440 714
193 303 483 1 270 536
194 487 1234 1 457 1253
195 230 322 1 198 377
196 544 1088 1 515 1128
197 292 209 1 258 266
198 200 1134 1 174 1184
199 394 733 1 363 781
200 266 476 1 234 529
201 610 1201 1 575 1213
202 252 313 1 219 367
203 282 290 1 248 345
204 287 1115 1 261 1164
205 228 377 1 195 430
206 463 994 1 435 1039
207 347 866 1 316 914
208 294 854 1 265 902
209 479 721 1 447 769
210 260 855 1 231 904
211 189 504 1 158 558
212 263 891 1 235 940
213 489 723 1 458 771
214 428 252 1 392 306
215 235 868 1 207 918
216 414 738 1 384 787
217 354 193 1 319 248
218 223 276 1 191 331
219 479 756 1 448 804
220 431 974 1 402 1020
221 340 1174 1 314 1217
222 479 985 1 449 1030
223 265 336 1 232 389
224 256 31 1 222 91
225 413 737 1 382 786
226 367 1100 1 341 1146
227 413 825 1 383 873
228 300 314 1 266 368
229 251 398 1 219 452
230 273 844 1 243 893
231 214 303 1 182 357
232 432 905 1 401 947
233 269 855 1 241 906
234 386 1039 1 359 1082
235 321 162 1 286 218
236 242 728 1 212 779
237 373 1113 1 346 1156
238 238 352 1 205 406
239 306 911 1 278 960
240 312 1164 1 287 1211
241 271 823 1 241 873
242 328 926 1 300 975
243 612 608 1 572 645
244 241 252 1 209 308
245 381 825 1 351 874
246 292 272 1 258 326
247 316 346 1 281 393
248 417 957 1 388 1003
249 499 760 1 468 809
250 333 230 1 299 286
251 665 162 1 611 212
252 373 734 1 341 784
253 548 1210 1 517 1236
254 375 1137 1 348 1180
255 414 1000 1 387 1045
256 245 230 1 212 285
257 96 134 1 64 193
258 262 319 1 229 374
259 465 652 1 433 701
260 344 1155 1 318 1198
261 281 206 1 247 261
262 294 1147 1 268 1194
263 439 762 1 408 811
264 218 331 1 186 385
265 517 925 1 486 969
266 399 288 1 364 342
267 251 219 1 217 275
268 475 1102 1 447 1145
269 290 166 1 256 223
270 468 753 1 437 801
271 226 232 1 192 288
272 468 730 1 437 778
273 414 868 1 383 911
274 145 102 1 112 162
275 638 1192 1 602 1206
276 337 1062 1 310 1105
277 127 140 1 95 198
278 315 1229 1 291 1274
279 274 272 1 241 327
280 363 983 1 334 1029
281 310 289 1 276 344
282 274 888 1 246 937
283 326 1131 1 300 1174
284 413 1128 1 386 1170
285 216 29 1 183 90
286 364 802 1 336 851
287 358 1094 1 331 1138
288 302 1174 1 275 1221
289 488 936 1 459 982
290 413 249 1 377 303
291 549 80 1 504 135
292 312 215 1 277 271
293 454 1186 1 428 1231
294 330 550 1 298 601
295 411 834 1 381 883
296 483 331 1 445 380
297 488 1122 1 460 1164
298 357 1202 1 332 1245
299 269 867 1 240 916
300 414 238 1 380 291
301 496 341 1 458 390
302 395 745 1 365 795
303 314 1219 1 289 1264
304 342 892 1 314 941
305 321 304 1 286 357
306 402 928 1 375 972
307 362 280 1 325 329
308 236 173 1 203 229
309 461 1019 1 432 1065
310 263 773 1 232 824
311 226 638 1 195 690
312 406 1092 1 379 1138
313 246 203 1 212 260
314 520 1232 1 489 1249
315 546 977 1 515 1016
316 331 895 1 302 943
317 333 861 1 303 909
318 240 91 1 206 151
319 484 883 1 453 928
320 219 880 1 191 930
321 259 265 1 226 320
322 395 764 1 365 813
323 394 1029 1 368 1071
324 238 343 1 205 396
325 350 1039 1 323 1083
326 403 610 1 372 660
327 265 185 1 231 242
328 547 1109 1 519 1148
329 297 403 1 264 456
330 407 625 1 376 675
331 441 1045 1 414 1092
332 335 213 1 300 269
333 347 219 1 312 275
334 331 166 1 296 223
335 284 357 1 251 410
336 304 277 1 271 331
337 300 885 1 272 934
338 529 943 1 500 986
339 296 1164 1 270 1211
340 476 995 1 448 1040
341 231 948 1 203 997
342 252 809 1 223 859
343 299 289 1 266 343
344 460 957 1 432 1003
345 348 853 1 319 899
346 341 156 1 306 213
347 347 1199 1 321 1243
348 403 1070 1 378 1113
349 236 222 1 202 278
350 285 220 1 252 275
351 362 1053 1 336 1097
352 357 240 1 322 295
353 212 40 1 178 101
354 445 929 1 416 976
355 330 1219 1 303 1262
356 377 873 1 348 924
357 392 846 1 362 894
358 372 207 1 337 263
359 518 998 1 489 1041
360 258 229 1 225 285
361 352 1049 1 325 1093
362 308 205 1 275 260
363 254 292 1 221 347
364 302 416 1 269 468
365 324 211 1 289 266
366 528 897 1 496 937
367 201 316 1 168 370
368 246 240 1 213 295
369 280 151 1 246 208
370 367 559 1 335 610
371 240 299 1 207 354
372 417 517 1 384 570
373 453 1238 1 424 1263
374 593 261 1 546 309
375 308 304 1 275 358
376 494 1132 1 466 1174
377 388 676 1 357 725
378 239 289 1 206 344
379 321 226 1 287 282
380 402 806 1 372 855
381 537 34 1 494 92
382 324 948 1 296 996
383 248 907 1 220 957
384 301 329 1 267 382
385 529 1089 1 501 1130
386 457 747 1 426 795
387 382 462 1 348 515
388 305 964 1 278 1012
389 431 1005 1 403 1050
390 344 239 1 309 295
391 517 987 1 488 1030
392 207 95 1 173 153
393 574 841 1 540 879
394 219 179 1 186 237
395 461 708 1 429 756
396 327 875 1 299 923
397 342 909 1 313 958
398 483 808 1 452 855
399 141 926 1 113 978
400 270 293 1 237 348
401 254 377 1 221 430
402 486 1223 1 457 1248
403 505 937 1 475 982
404 338 1127 1 312 1171
405 429 206 1 389 258
406 336 805 1 306 854
407 310 829 1 281 878
408 337 1041 1 309 1086
409 398 946 1 370 991
410 348 624 1 315 673
411 460 662 1 427 711
412 341 1116 1 313 1160
413 442 794 1 412 842
414 417 1012 1 389 1058
415 482 343 1 443 391
416 98 987 1 70 1039
417 196 41 1 162 102
418 259 55 1 225 116
419 406 684 1 374 734
420 305 165 1 271 222
421 334 200 1 299 256
422 343 1001 1 315 1044
423 262 436 1 230 490
424 446 812 1 415 859
425 390 648 1 358 698
426 300 1133 1 274 1180
427 271 172 1 237 229
428 542 895 1 510 935
429 252 304 1 219 358
430 348 787 1 318 836
431 404 1027 1 377 1066
432 392 956 1 363 1001
433 331 265 1 297 320
434 201 520 1 170 573
435 534 1125 1 505 1165
436 428 1014 1 399 1059
437 303 265 1 269 320
438 256 387 1 223 440
439 326 1148 1 300 1193
440 286 301 1 252 354
441 301 1185 1 275 1232
442 229 259 1 197 315
443 300 864 1 270 914
444 230 241 1 198 297
445 228 312 1 195 366
446 368 244 1 332 299
447 271 325 1 239 378
448 473 1007 1 445 1052
449 242 421 1 210 475
450 416 1024 1 388 1069
451 386 1134 1 359 1177
452 221 245 1 189 301
453 281 398 1 248 451
454 340 1146 1 313 1188
455 321 828 1 291 877
456 223 64 1 190 123
457 339 881 1 310 929
458 313 483 1 281 536
459 347 229 1 313 284
460 254 361 1 221 415
461 415 879 1 385 927
462 343 637 1 312 688
463 401 1113 1 375 1158
464 476 1050 1 448 1095
465 378 1007 1 351 1053
466 338 596 1 306 647
467 413 1117 1 386 1163
468 148 136 1 116 194
469 316 1203 1 291 1247
470 267 393 1 234 446
471 235 365 1 202 418
472 457 1032 1 428 1077
473 411 1167 1 385 1212
474 299 230 1 265 286
475 361 892 1 332 940
476 357 1181 1 331 1225
477 427 962 1 398 1008
478 337 795 1 307 843
479 306 1209 1 280 1253
480 266 217 1 232 273
481 329 912 1 301 961
482 476 1166 1 450 1209
483 310 840 1 280 889
484 332 190 1 298 246
485 255 239 1 222 295
486 351 803 1 321 851
487 394 1091 1 367 1134
488 225 300 1 192 354
489 364 931 1 336 979
490 393 1011 1 365 1055
491 312 247 1 278 301
492 321 851 1 291 900
493 330 1110 1 303 1154
494 320 901 1 291 950
495 462 717 1 430 765
496 522 1039 1 493 1082
497 221 40 1 187 100
498 183 129 1 151 187
499 320 841 1 291 890
500 478 1039 1 449 1083
501 330 991 1 302 1036
502 427 1130 1 401 1173
503 320 265 1 285 320
504 265 486 1 233 540
505 305 777 1 275 827
506 243 325 1 210 380
507 289 994 1 262 1043
508 249 336 1 216 390
509 257 159 1 224 216
510 523 1191 1 496 1231
511 313 592 1 281 643
512 347 1135 1 321 1178
513 259 88 1 224 146
514 592 137 1 545 190
515 489 950 1 460 994
516 496 999 1 468 1042
517 324 279 1 290 333
518 436 942 1 407 987
519 359 954 1 330 1001
520 359 1192 1 333 1235
521 312 1123 1 286 1170
522 375 1044 1 348 1089
523 447 744 1 416 793
524 340 1017 1 313 1062
525 276 220 1 242 276
526 392 1066 1 365 1109
527 366 617 1 334 668
528 280 865 1 251 914
529 303 769 1 273 817
530 501 1025 1 472 1068
531 350 1167 1 324 1209
532 524 1011 1 495 1053
533 580 48 1 532 105
534 236 277 1 203 332
535 315 781 1 285 830
536 278 804 1 249 853
537 384 933 1 356 980
538 313 502 1 281 555
539 274 308 1 241 362
540 268 381 1 235 435
541 487 908 1 456 948
542 325 789 1 295 838
543 494 1055 1 466 1097
544 659 1224 1 622 1239
545 327 289 1 293 343
546 267 250 1 233 305
547 278 1223 1 253 1271
548 364 793 1 335 841
549 339 919 1 311 967
550 278 251 1 245 306
551 454 1052 1 426 1096
552 331 608 1 301 660
553 244 182 1 210 238
554 236 211 1 203 267
