0 247 746 1 43 472
1 279 1084 1 79 807
2 290 677 1 86 403
3 296 539 1 90 266
4 259 530 1 53 259
5 288 758 1 84 483
6 255 595 1 50 321
7 282 952 1 82 676
8 250 695 1 46 421
9 280 1068 1 80 792
10 256 620 1 50 346
11 232 623 1 27 349
12 293 592 1 88 319
13 237 556 1 32 283
14 289 694 1 85 419
15 240 828 1 38 553
16 293 605 1 87 331
17 291 663 1 86 388
18 278 1098 1 79 821
19 220 1070 1 21 794
20 287 745 1 84 470
21 232 852 1 31 577
22 251 680 1 47 407
23 295 527 1 89 254
24 283 937 1 82 661
25 282 979 1 81 702
26 253 658 1 47 384
27 253 649 1 48 375
28 286 769 1 83 494
29 244 477 1 37 205
30 292 618 1 87 344
31 226 1080 1 27 805
32 249 669 1 45 396
33 294 551 1 88 278
34 282 966 1 82 689
35 229 1055 1 30 779
36 515 1227 1 313 925
37 233 981 1 33 705
38 433 834 1 230 556
39 223 727 1 20 453
40 236 579 1 30 307
41 209 950 1 8 676
42 113 151 1 -94 -115
43 239 875 1 38 600
44 228 681 1 24 406
45 438 1181 1 241 901
46 198 1066 1 0 791
47 283 926 1 82 649
48 248 736 1 45 461
49 229 650 1 25 376
50 293 577 1 87 303
51 245 780 1 42 505
52 291 646 1 86 372
53 210 912 1 9 637
54 224 757 1 20 483
55 214 852 1 12 577
56 225 1022 1 25 746
57 248 846 1 46 571
58 268 839 1 66 564
59 286 780 1 83 504
60 229 912 1 29 637
61 284 808 1 82 532
62 440 1235 1 240 937
63 233 839 1 31 564
64 288 734 1 84 459
65 239 697 1 36 422
66 522 941 1 318 657
67 282 1020 1 81 743
68 142 749 1 -60 479
69 405 590 1 199 315
70 216 815 1 14 540
71 366 666 1 161 390
72 527 921 1 323 634
73 264 882 1 62 607
74 413 662 1 208 385
75 108 990 1 -90 718
76 687 1255 1 479 942
77 203 885 1 1 610
78 443 833 1 239 555
79 193 399 1 -13 129
80 201 1022 1 2 747
81 91 149 1 -116 -117
82 235 814 1 33 539
83 123 161 1 -84 -104
84 175 520 1 -30 249
85 147 154 1 -60 -112
86 173 272 1 -35 4
87 241 494 1 35 222
88 115 135 1 -91 -132
89 289 724 1 85 450
90 236 516 1 31 244
91 475 683 1 269 406
92 454 1230 1 253 928
93 122 919 1 -77 645
94 288 903 1 87 626
95 244 724 1 40 450
96 195 1102 1 -2 827
97 286 829 1 83 553
98 219 783 1 16 508
99 261 471 1 54 199
100 245 439 1 39 167
101 200 1055 1 0 780
102 460 772 1 255 494
103 244 457 1 38 186
104 275 828 1 73 553
105 567 837 1 361 548
106 240 681 1 36 407
107 204 983 1 4 708
108 102 136 1 -105 -130
109 278 897 1 77 621
110 282 1216 1 85 937
111 213 876 1 11 600
112 456 1244 1 255 942
113 279 1055 1 80 778
114 126 120 1 -81 -146
115 225 699 1 22 425
116 540 1105 1 338 819
117 296 629 1 91 355
118 219 1053 1 20 778
119 108 161 1 -98 -105
120 471 1025 1 270 744
121 376 664 1 172 388
122 526 1235 1 323 931
123 239 667 1 35 393
124 614 568 1 400 279
125 296 359 1 87 81
126 405 1205 1 207 925
127 469 1250 1 267 942
128 282 913 1 81 636
129 364 716 1 160 441
130 134 145 1 -74 -121
131 366 914 1 163 629
132 134 155 1 -73 -111
133 290 474 1 83 202
134 185 521 1 -19 249
135 126 110 1 -81 -156
136 101 148 1 -106 -118
137 291 309 1 82 38
138 476 667 1 270 389
139 365 688 1 160 412
140 290 841 1 88 565
141 236 763 1 32 488
142 421 743 1 217 466
143 479 698 1 274 420
144 283 875 1 80 599
145 223 980 1 22 705
146 368 1235 1 172 953
147 491 751 1 286 472
148 266 904 1 66 628
149 287 798 1 84 522
150 399 662 1 194 387
151 295 515 1 88 242
152 290 261 1 81 -9
153 265 205 1 56 -64
154 299 505 1 92 232
155 203 394 1 -3 123
156 132 131 1 -74 -135
157 133 913 1 -67 639
158 387 664 1 182 388
159 153 164 1 -55 -102
160 473 752 1 268 473
161 325 1167 1 127 884
162 229 874 1 27 598
163 129 813 1 -72 543
164 174 509 1 -31 238
165 279 1138 1 81 861
166 229 670 1 25 395
167 368 1067 1 168 785
168 199 905 1 -1 628
169 335 1194 1 136 911
170 480 709 1 275 432
171 262 355 1 54 83
172 265 287 1 56 17
173 570 70 1 346 -200
174 541 97 1 320 -174
175 369 750 1 165 473
176 236 747 1 32 473
177 290 161 1 80 -106
178 138 121 1 -68 -144
179 357 633 1 152 360
180 398 1005 1 197 725
181 355 668 1 150 392
182 268 452 1 62 180
183 449 936 1 247 657
184 248 425 1 41 154
185 241 198 1 32 -70
186 528 1109 1 327 823
187 234 779 1 31 504
188 231 1070 1 31 794
189 469 715 1 264 437
190 435 741 1 230 463
191 243 274 1 35 4
192 465 671 1 260 394
193 297 488 1 90 216
194 479 1243 1 277 936
195 226 327 1 18 57
196 537 1095 1 336 809
197 288 215 1 78 -54
198 192 1140 1 -5 865
199 387 738 1 183 462
200 261 481 1 54 209
201 603 1210 1 396 896
202 247 319 1 39 47
203 277 296 1 68 25
204 279 1122 1 81 845
205 223 382 1 15 110
206 456 1001 1 255 720
207 340 873 1 136 595
208 287 860 1 85 583
209 473 727 1 267 449
210 253 861 1 51 584
211 184 509 1 -21 238
212 256 897 1 55 620
213 483 729 1 278 451
214 424 258 1 212 -13
215 408 744 1 204 468
216 350 198 1 140 -71
217 219 281 1 11 11
218 473 763 1 268 484
219 424 981 1 222 700
220 332 1181 1 134 898
221 472 992 1 269 711
222 260 342 1 52 69
223 253 36 1 42 -228
224 406 743 1 202 467
225 360 1107 1 161 827
226 406 832 1 203 554
227 295 320 1 87 48
228 246 404 1 39 132
229 266 850 1 63 574
230 210 308 1 2 37
231 425 912 1 221 628
232 263 861 1 61 586
233 379 1046 1 179 763
234 317 167 1 106 -101
235 236 734 1 32 460
236 366 1119 1 166 837
237 233 357 1 25 86
238 299 917 1 98 641
239 304 1171 1 107 892
240 264 829 1 61 553
241 322 932 1 120 655
242 607 615 1 393 326
243 237 258 1 29 -11
244 374 832 1 171 554
245 288 278 1 78 6
246 311 352 1 101 74
247 410 964 1 208 684
248 493 767 1 288 489
249 329 236 1 119 -34
250 661 169 1 432 -108
251 540 1220 1 337 918
252 367 1144 1 168 861
253 407 1007 1 207 725
254 240 235 1 32 -34
255 92 139 1 -115 -127
256 257 324 1 49 53
257 459 658 1 253 381
258 336 1162 1 138 879
259 277 211 1 67 -58
260 286 1154 1 88 875
261 432 769 1 229 491
262 213 336 1 6 65
263 510 932 1 306 650
264 394 294 1 184 21
265 246 224 1 37 -44
266 467 1109 1 268 825
267 286 171 1 76 -96
268 462 759 1 257 481
269 222 237 1 12 -31
270 462 737 1 257 459
271 407 875 1 204 592
272 141 107 1 -67 -158
273 631 1202 1 423 889
274 329 1069 1 130 786
275 123 145 1 -84 -121
276 307 1237 1 111 955
277 270 277 1 61 6
278 356 989 1 154 710
279 305 295 1 96 24
280 268 893 1 66 617
281 319 1138 1 120 856
282 406 1135 1 206 851
283 213 34 1 3 -229
284 358 808 1 156 531
285 350 1101 1 151 819
286 294 1181 1 95 902
287 482 943 1 280 663
288 408 255 1 197 -16
289 545 86 1 325 -185
290 307 221 1 97 -48
291 446 1193 1 248 912
292 324 555 1 118 281
293 404 841 1 201 563
294 479 338 1 265 60
295 480 1129 1 281 845
296 350 1210 1 152 926
297 262 872 1 60 597
298 491 348 1 278 70
299 389 751 1 185 475
300 306 1226 1 109 945
301 335 899 1 134 622
302 316 309 1 106 37
303 395 934 1 195 652
304 357 286 1 145 9
305 232 178 1 23 -90
306 454 1026 1 253 745
307 256 779 1 52 504
308 219 643 1 15 370
309 398 1099 1 199 819
310 242 208 1 32 -59
311 513 1241 1 309 932
312 540 984 1 336 697
313 324 901 1 122 624
314 326 867 1 124 590
315 236 97 1 26 -169
316 477 890 1 274 608
317 212 885 1 11 610
318 255 270 1 46 0
319 78 147 1 -129 -119
320 389 770 1 185 493
321 387 1036 1 188 752
322 233 348 1 25 76
323 343 1046 1 143 764
324 397 616 1 192 341
325 261 191 1 51 -77
326 366 740 1 161 464
327 540 1116 1 339 829
328 292 409 1 84 136
329 401 631 1 196 356
330 434 1052 1 235 773
331 331 219 1 120 -50
332 342 225 1 132 -44
333 327 172 1 116 -97
334 279 363 1 71 90
335 300 282 1 91 11
336 293 891 1 92 614
337 523 951 1 320 667
338 288 1170 1 90 892
339 469 1002 1 268 721
340 224 954 1 23 678
341 246 814 1 43 539
342 295 294 1 86 23
343 454 963 1 252 684
344 341 859 1 139 579
345 337 162 1 126 -106
346 339 1206 1 141 924
347 396 1077 1 198 794
348 231 227 1 22 -41
349 281 225 1 72 -44
350 355 1060 1 156 778
351 352 246 1 142 -24
352 208 46 1 -1 -218
353 438 936 1 237 657
354 322 1226 1 123 943
355 370 879 1 168 604
356 386 852 1 183 575
357 368 213 1 157 -56
358 512 1005 1 309 722
359 254 234 1 45 -34
360 345 1056 1 145 774
361 304 210 1 95 -59
362 249 298 1 41 27
363 297 421 1 89 148
364 320 216 1 109 -53
365 196 322 1 -11 50
366 242 245 1 33 -24
367 276 157 1 66 -111
368 361 565 1 155 290
369 235 304 1 27 33
370 411 523 1 204 250
371 445 1246 1 245 946
372 588 268 1 367 -11
373 304 309 1 95 38
374 486 1140 1 287 855
375 382 682 1 177 406
376 234 294 1 26 24
377 605 25 1 379 -244
378 317 232 1 107 -38
379 395 813 1 192 535
380 534 40 1 315 -227
381 318 954 1 116 677
382 241 913 1 40 637
383 296 334 1 87 62
384 522 1096 1 321 811
385 451 753 1 246 475
386 376 468 1 168 195
387 298 969 1 98 693
388 424 1011 1 223 730
389 339 245 1 129 -25
390 510 994 1 308 710
391 203 100 1 -6 -166
392 568 848 1 361 560
393 215 184 1 6 -82
394 455 714 1 249 436
395 320 881 1 119 604
396 335 915 1 134 638
397 477 815 1 273 536
398 134 932 1 -66 658
399 266 299 1 57 28
400 249 382 1 42 110
401 479 1233 1 278 930
402 498 944 1 296 663
403 330 1134 1 132 852
404 424 212 1 209 -61
405 329 812 1 127 534
406 303 835 1 101 558
407 330 1048 1 129 767
408 392 952 1 190 671
409 342 630 1 136 354
410 453 669 1 248 391
411 333 1123 1 133 841
412 436 800 1 232 523
413 410 1019 1 209 738
414 477 350 1 264 71
415 91 992 1 -109 719
416 193 47 1 -17 -217
417 255 61 1 45 -204
418 400 690 1 195 414
419 301 171 1 91 -97
420 329 206 1 119 -63
421 336 1007 1 135 725
422 257 441 1 50 170
423 384 654 1 178 378
424 292 1139 1 94 861
425 266 178 1 57 -90
426 535 902 1 330 616
427 247 309 1 39 38
428 342 793 1 138 516
429 397 1034 1 197 748
430 385 963 1 184 682
431 326 270 1 117 0
432 195 525 1 -9 253
433 526 1133 1 326 847
434 420 1021 1 220 740
435 299 271 1 89 0
436 251 393 1 43 120
437 318 1155 1 120 874
438 281 307 1 72 34
439 293 1192 1 95 913
440 225 265 1 17 -4
441 293 870 1 90 594
442 226 246 1 18 -22
443 223 317 1 15 46
444 363 250 1 152 -20
445 267 330 1 59 58
446 466 1014 1 265 733
447 237 426 1 30 155
448 409 1031 1 209 750
449 379 1141 1 180 858
450 217 250 1 9 -18
451 276 404 1 68 131
452 332 1153 1 133 869
453 314 834 1 111 557
454 220 69 1 10 -196
455 332 887 1 130 610
456 307 488 1 101 216
457 343 235 1 133 -35
458 249 367 1 41 95
459 408 885 1 206 607
460 337 643 1 132 368
461 394 1120 1 196 839
462 469 1058 1 268 776
463 370 1014 1 171 733
464 332 602 1 126 327
465 405 1124 1 206 844
466 144 141 1 -63 -125
467 308 1210 1 111 928
468 262 399 1 54 126
469 230 370 1 22 98
470 449 1039 1 249 757
471 403 1174 1 205 893
472 295 236 1 85 -34
473 354 898 1 152 621
474 350 1188 1 151 906
475 433 822 1 229 544
476 420 968 1 219 688
477 331 800 1 128 523
478 298 1216 1 101 934
479 261 222 1 52 -46
480 322 918 1 121 641
481 469 1174 1 270 890
482 303 846 1 100 570
483 327 195 1 118 -74
484 251 245 1 42 -24
485 344 809 1 141 532
486 386 1098 1 187 815
487 220 305 1 12 34
488 357 937 1 156 659
489 386 1018 1 186 736
490 308 252 1 98 -18
491 314 857 1 112 580
492 323 1117 1 123 836
493 313 908 1 111 631
494 455 724 1 250 446
495 515 1046 1 313 762
496 218 45 1 7 -219
497 180 134 1 -28 -132
498 313 847 1 111 570
499 471 1046 1 270 764
500 323 997 1 122 717
501 420 1137 1 221 854
502 315 270 1 106 0
503 260 492 1 53 220
504 298 783 1 95 507
505 238 331 1 30 60
506 282 1000 1 82 724
507 244 342 1 36 70
508 254 165 1 44 -103
509 515 1199 1 316 913
510 307 598 1 101 323
511 340 1142 1 141 859
512 255 93 1 44 -173
513 588 143 1 366 -129
514 483 957 1 280 674
515 490 1006 1 288 723
516 319 284 1 110 13
517 429 948 1 227 668
518 352 961 1 151 682
519 351 1199 1 154 916
520 304 1130 1 106 851
521 368 1051 1 168 769
522 441 751 1 236 473
523 333 1023 1 133 743
524 271 225 1 62 -43
525 385 1073 1 185 790
526 360 623 1 154 348
527 273 871 1 71 594
528 297 775 1 93 498
529 494 1032 1 293 749
530 342 1174 1 144 891
531 517 1018 1 315 733
532 576 55 1 352 -215
533 231 283 1 23 12
534 308 787 1 105 510
535 272 810 1 69 534
536 377 939 1 176 660
537 308 508 1 101 235
538 269 313 1 61 41
539 263 387 1 55 115
540 480 915 1 276 629
541 318 794 1 115 518
542 487 1062 1 286 778
543 651 1234 1 443 922
544 322 294 1 113 23
545 262 255 1 53 -14
546 270 1230 1 73 952
547 357 799 1 155 521
548 332 925 1 131 648
549 274 256 1 65 -14
550 446 1059 1 246 777
551 325 614 1 121 340
552 240 187 1 30 -81
553 231 216 1 23 -52
