0 203 616 1 51 322
1 193 770 1 44 474
2 237 699 1 87 404
3 178 644 1 27 350
4 223 1111 1 80 812
5 244 560 1 90 266
6 207 551 1 54 259
7 234 781 1 85 485
8 207 574 1 54 281
9 228 977 1 82 679
10 196 717 1 47 422
11 202 642 1 50 347
12 186 852 1 38 556
13 185 575 1 32 283
14 241 614 1 88 319
15 196 628 1 44 335
16 224 1095 1 81 796
17 187 558 1 34 266
18 236 716 1 86 421
19 181 624 1 29 331
20 240 626 1 88 331
21 198 680 1 48 385
22 237 685 1 87 389
23 223 1126 1 80 826
24 164 1097 1 22 799
25 234 768 1 85 472
26 177 876 1 31 580
27 197 702 1 47 408
28 243 548 1 89 254
29 228 962 1 82 664
30 227 1005 1 82 706
31 200 671 1 49 377
32 232 792 1 84 496
33 225 1071 1 81 772
34 192 497 1 38 205
35 240 640 1 88 345
36 170 1107 1 27 810
37 169 1048 1 26 750
38 196 691 1 46 397
39 242 572 1 89 278
40 227 991 1 82 693
41 173 1082 1 30 783
42 203 599 1 50 306
43 177 1007 1 33 709
44 380 858 1 231 559
45 169 750 1 20 455
46 183 600 1 31 307
47 176 937 1 29 640
48 99 170 1 -60 -114
49 153 976 1 8 680
50 101 181 1 -56 -103
51 63 167 1 -95 -117
52 184 899 1 38 603
53 174 702 1 24 408
54 385 1210 1 243 907
55 142 1094 1 0 796
56 229 951 1 82 652
57 194 758 1 45 463
58 176 671 1 25 377
59 66 151 1 -92 -134
60 241 598 1 88 304
61 190 803 1 42 508
62 238 668 1 87 373
63 154 937 1 9 640
64 169 779 1 21 484
65 159 876 1 12 579
66 88 770 1 -59 480
67 475 948 1 326 640
68 213 863 1 66 566
69 233 803 1 84 507
70 468 968 1 320 662
71 53 1016 1 -90 721
72 179 863 1 32 566
73 193 870 1 46 574
74 234 757 1 85 461
75 564 584 1 401 272
76 206 902 1 59 605
77 186 719 1 36 424
78 227 1046 1 82 747
79 353 612 1 200 316
80 162 838 1 15 542
81 314 688 1 162 391
82 231 831 1 83 534
83 231 853 1 84 556
84 147 909 1 1 613
85 390 858 1 241 558
86 142 418 1 -13 128
87 145 1048 1 2 751
88 41 164 1 -117 -119
89 181 837 1 34 542
90 74 178 1 -85 -106
91 122 540 1 -30 249
92 423 707 1 271 407
93 123 290 1 -35 3
94 189 514 1 35 222
95 235 747 1 85 451
96 184 536 1 31 244
97 148 1008 1 4 711
98 65 943 1 -78 648
99 362 685 1 209 387
100 234 928 1 87 629
101 407 796 1 257 496
102 190 747 1 41 452
103 139 1130 1 -1 832
104 516 867 1 364 555
105 211 873 1 64 576
106 174 1097 1 31 798
107 243 650 1 91 356
108 164 806 1 17 510
109 209 491 1 55 199
110 194 459 1 39 167
111 143 1082 1 1 784
112 277 1227 1 137 920
113 192 477 1 38 185
114 221 852 1 73 555
115 566 594 1 405 284
116 187 703 1 36 409
117 312 941 1 164 635
118 52 151 1 -106 -132
119 92 125 1 -68 -160
120 224 922 1 77 624
121 226 1247 1 86 944
122 158 900 1 12 603
123 317 772 1 166 475
124 152 965 1 8 668
125 224 1082 1 81 783
126 284 1237 1 142 932
127 84 161 1 -74 -123
128 77 136 1 -82 -148
129 172 721 1 22 427
130 487 1135 1 341 826
131 205 628 1 53 335
132 163 1080 1 20 782
133 58 177 1 -99 -107
134 417 1053 1 272 749
135 323 686 1 173 390
136 83 147 1 -75 -137
137 186 689 1 36 394
138 213 928 1 67 631
139 244 380 1 86 82
140 350 1235 1 209 931
141 228 938 1 82 639
142 311 739 1 161 442
143 424 690 1 271 391
144 85 171 1 -74 -113
145 239 495 1 84 202
146 236 864 1 88 567
147 216 224 1 56 -65
148 133 541 1 -19 250
149 77 125 1 -82 -158
150 51 163 1 -107 -120
151 241 329 1 83 37
152 210 538 1 57 245
153 312 711 1 161 414
154 430 817 1 280 517
155 223 1061 1 79 762
156 74 834 1 -72 544
157 302 689 1 151 393
158 369 766 1 218 468
159 427 722 1 275 422
160 228 900 1 81 602
161 167 1006 1 22 709
162 301 1120 1 157 815
163 439 775 1 288 474
164 440 792 1 290 491
165 233 821 1 85 524
166 347 685 1 195 388
167 197 337 1 39 46
168 243 536 1 89 243
169 421 752 1 269 451
170 240 280 1 81 -10
171 247 526 1 93 232
172 152 414 1 -3 123
173 425 763 1 274 463
174 76 937 1 -67 642
175 239 235 1 78 -55
176 335 686 1 183 389
177 238 905 1 91 607
178 163 342 1 5 53
179 421 777 1 270 476
180 270 1199 1 128 893
181 174 898 1 27 601
182 121 529 1 -31 238
183 224 1167 1 82 867
184 176 692 1 25 397
185 313 1096 1 169 792
186 295 1057 1 152 753
187 144 929 1 -1 632
188 469 958 1 321 652
189 73 983 1 -70 687
190 156 32 1 -7 -251
191 428 733 1 277 433
192 211 375 1 54 82
193 215 307 1 56 16
194 526 90 1 351 -206
195 495 117 1 324 -178
196 182 770 1 33 475
197 243 180 1 80 -108
198 88 137 1 -70 -146
199 275 1096 1 131 793
200 311 1150 1 168 845
201 305 654 1 153 361
202 344 1032 1 198 730
203 228 230 1 68 -59
204 217 472 1 62 180
205 396 962 1 249 661
206 197 445 1 41 154
207 192 217 1 31 -71
208 475 1139 1 330 830
209 180 802 1 31 506
210 414 695 1 262 395
211 351 853 1 202 554
212 417 738 1 266 438
213 382 764 1 232 465
214 193 293 1 35 3
215 246 509 1 91 216
216 301 1016 1 155 715
217 455 652 1 301 351
218 175 347 1 18 56
219 236 873 1 88 575
220 485 1125 1 339 816
221 135 1169 1 -5 870
222 541 292 1 372 -11
223 304 679 1 152 383
224 335 762 1 184 464
225 209 502 1 55 209
226 227 316 1 69 24
227 223 1150 1 81 850
228 171 402 1 15 110
229 466 650 1 311 346
230 403 1028 1 257 724
231 488 1013 1 339 704
232 233 884 1 86 586
233 210 853 1 62 556
234 284 896 1 137 598
235 427 827 1 277 526
236 198 885 1 51 587
237 410 784 1 259 483
238 131 529 1 -21 238
239 201 922 1 55 624
240 431 753 1 280 453
241 375 280 1 213 -14
242 356 768 1 205 469
243 302 218 1 140 -72
244 302 1088 1 157 784
245 169 300 1 10 10
246 370 1008 1 224 705
247 277 1213 1 135 907
248 419 1019 1 271 715
249 209 362 1 52 69
250 206 55 1 42 -230
251 276 1155 1 134 849
252 354 767 1 204 468
253 245 339 1 87 47
254 195 424 1 39 132
255 270 1119 1 126 814
256 77 952 1 -67 657
257 159 327 1 1 36
258 371 941 1 223 634
259 208 885 1 61 589
260 258 933 1 112 634
261 269 187 1 107 -103
262 182 756 1 33 461
263 182 377 1 25 86
264 245 942 1 99 644
265 267 957 1 121 658
266 187 277 1 29 -12
267 321 856 1 172 557
268 238 298 1 79 5
269 259 373 1 101 74
270 356 991 1 210 688
271 280 256 1 119 -35
272 618 191 1 440 -111
273 243 797 1 94 500
274 313 1175 1 170 869
275 353 1034 1 209 731
276 191 253 1 31 -35
277 314 270 1 153 -21
278 42 154 1 -116 -128
279 207 344 1 49 53
280 407 682 1 255 382
281 281 1193 1 139 887
282 403 887 1 252 575
283 231 1184 1 89 881
284 420 786 1 270 486
285 380 792 1 230 493
286 162 355 1 6 65
287 457 958 1 309 654
288 345 314 1 185 21
289 306 1136 1 162 833
290 197 243 1 37 -45
291 414 1138 1 270 832
292 249 859 1 102 561
293 272 1085 1 128 782
294 238 190 1 76 -98
295 313 977 1 167 675
296 172 256 1 12 -32
297 410 761 1 259 461
298 353 900 1 205 597
299 317 905 1 170 607
300 343 612 1 189 315
301 297 1068 1 153 764
302 373 24 1 205 -265
303 73 161 1 -85 -123
304 220 297 1 61 6
305 256 315 1 97 23
306 213 918 1 67 620
307 263 1168 1 120 863
308 352 1165 1 208 859
309 165 52 1 2 -231
310 383 825 1 234 525
311 429 969 1 282 667
312 231 325 1 72 34
313 309 586 1 156 290
314 360 276 1 198 -17
315 499 107 1 328 -189
316 259 241 1 98 -50
317 392 1223 1 250 919
318 196 573 1 43 281
319 350 654 1 197 356
320 363 612 1 209 316
321 351 865 1 202 566
322 430 361 1 267 60
323 427 1159 1 283 852
324 297 907 1 150 608
325 391 848 1 241 547
326 286 1080 1 142 776
327 295 1242 1 153 935
328 442 371 1 280 70
329 138 33 1 -24 -251
330 336 775 1 186 477
331 608 582 1 440 264
332 281 923 1 135 625
333 266 329 1 107 36
334 341 960 1 196 657
335 306 307 1 146 9
336 183 196 1 22 -91
337 552 588 1 391 278
338 400 1054 1 255 751
339 203 802 1 53 506
340 344 1126 1 201 824
341 193 227 1 32 -61
342 677 927 1 513 593
343 297 886 1 149 587
344 270 926 1 123 627
345 272 892 1 124 593
346 189 115 1 26 -171
347 157 909 1 11 613
348 205 289 1 46 0
349 27 162 1 -130 -121
350 336 794 1 186 495
351 477 1149 1 332 840
352 219 186 1 58 -102
353 298 185 1 136 -105
354 182 367 1 25 76
355 400 989 1 254 688
356 166 665 1 15 371
357 346 639 1 193 342
358 212 210 1 51 -79
359 66 140 1 -92 -143
360 487 1147 1 343 837
361 240 429 1 84 136
362 306 844 1 157 545
363 232 245 1 72 -45
364 381 1079 1 236 777
365 282 239 1 121 -51
366 294 245 1 133 -45
367 279 191 1 117 -98
368 406 715 1 254 416
369 299 1160 1 156 853
370 229 383 1 71 90
371 251 302 1 91 10
372 239 916 1 92 618
373 273 1051 1 129 748
374 416 1029 1 270 726
375 304 856 1 155 557
376 435 764 1 284 464
377 168 979 1 23 681
378 192 838 1 44 542
379 245 314 1 86 22
380 530 913 1 377 599
381 272 576 1 119 281
382 287 884 1 140 583
383 289 182 1 126 -108
384 266 848 1 118 549
385 318 1039 1 172 738
386 182 246 1 22 -42
387 420 680 1 268 381
388 397 928 1 249 621
389 266 1149 1 124 843
390 262 1210 1 120 905
391 304 266 1 143 -26
392 584 486 1 416 171
393 161 64 1 -1 -220
394 384 961 1 238 660
395 430 677 1 277 378
396 332 877 1 184 578
397 319 233 1 158 -58
398 459 1033 1 312 727
399 204 253 1 45 -36
400 324 997 1 178 696
401 191 993 1 47 696
402 199 317 1 41 26
403 246 441 1 89 148
404 271 236 1 110 -54
405 415 725 1 263 426
406 145 340 1 -11 50
407 192 264 1 33 -25
408 185 323 1 27 33
409 613 620 1 448 301
410 245 245 1 85 -45
411 254 330 1 95 37
412 433 1170 1 289 863
413 330 704 1 179 407
414 184 314 1 26 23
415 561 45 1 384 -250
416 268 251 1 107 -39
417 342 837 1 193 538
418 316 839 1 167 541
419 488 61 1 318 -232
420 262 979 1 117 680
421 186 937 1 40 640
422 246 354 1 88 62
423 469 1126 1 324 818
424 208 173 1 47 -115
425 229 172 1 67 -116
426 325 489 1 169 195
427 244 995 1 99 696
428 371 1038 1 225 735
429 291 265 1 130 -26
430 471 978 1 323 672
431 458 1022 1 311 716
432 228 842 1 81 544
433 154 117 1 -6 -168
434 517 878 1 364 567
435 166 203 1 6 -84
436 301 924 1 154 624
437 402 738 1 251 438
438 203 29 1 38 -256
439 267 905 1 120 607
440 281 941 1 135 641
441 424 840 1 275 539
442 333 1151 1 189 846
443 347 1108 1 203 803
444 216 318 1 57 27
445 198 402 1 42 110
446 283 1052 1 139 749
447 445 970 1 298 667
448 276 1165 1 133 860
449 376 232 1 211 -63
450 329 1028 1 183 724
451 173 336 1 15 45
452 276 836 1 127 537
453 326 1213 1 184 909
454 275 1076 1 130 773
455 338 979 1 191 676
456 453 31 1 281 -260
457 289 654 1 136 356
458 402 692 1 249 393
459 324 1079 1 180 773
460 356 1047 1 211 744
461 428 373 1 266 72
462 33 1017 1 -109 723
463 145 64 1 -17 -220
464 209 80 1 45 -206
465 347 713 1 196 415
466 253 190 1 91 -99
467 281 226 1 119 -65
468 282 1035 1 136 731
469 206 461 1 50 169
470 639 215 1 460 -90
471 440 808 1 290 508
472 331 677 1 179 380
473 550 882 1 397 566
474 237 1168 1 95 867
475 218 196 1 57 -92
476 483 931 1 333 622
477 219 884 1 72 587
478 288 817 1 139 519
479 331 989 1 185 687
480 277 290 1 117 -1
481 666 564 1 492 241
482 142 545 1 -9 253
483 473 1163 1 329 855
484 366 1047 1 221 745
485 248 291 1 89 0
486 429 901 1 278 588
487 200 413 1 43 120
488 262 1185 1 121 881
489 376 974 1 229 672
490 175 283 1 16 -5
491 239 895 1 91 597
492 176 266 1 18 -23
493 174 544 1 21 252
494 614 106 1 435 -194
495 216 350 1 59 58
496 435 1189 1 292 881
497 592 384 1 421 74
498 413 1041 1 267 738
499 186 446 1 31 155
500 355 1058 1 210 755
501 324 1171 1 181 866
502 167 269 1 8 -19
503 225 424 1 68 131
504 276 1184 1 134 878
505 260 859 1 112 560
506 172 87 1 9 -198
507 279 912 1 131 613
508 201 963 1 55 664
509 333 714 1 182 417
510 256 509 1 102 216
511 294 255 1 133 -36
512 198 387 1 41 95
513 355 910 1 207 610
514 285 665 1 133 369
515 250 1201 1 108 899
516 300 1078 1 156 773
517 416 1086 1 270 781
518 279 624 1 127 328
519 351 1153 1 208 850
520 95 157 1 -64 -127
521 252 1242 1 112 936
522 211 419 1 55 126
523 179 389 1 22 98
524 396 1067 1 251 763
525 349 1204 1 207 900
526 246 255 1 86 -35
527 153 926 1 8 630
528 294 1221 1 153 914
529 380 845 1 230 546
530 366 995 1 220 693
531 278 824 1 128 526
532 609 49 1 430 -247
533 212 241 1 52 -48
534 268 943 1 122 645
535 415 1204 1 273 898
536 249 871 1 101 573
537 279 215 1 118 -75
538 201 263 1 42 -26
539 291 832 1 142 534
540 332 1127 1 189 822
541 170 324 1 12 33
542 304 963 1 157 663
543 331 1047 1 187 743
544 259 272 1 99 -19
545 260 881 1 112 583
546 419 1214 1 277 908
547 256 230 1 95 -60
548 287 1124 1 144 819
549 403 747 1 252 447
550 462 1076 1 316 769
551 355 981 1 209 679
552 301 973 1 155 673
553 259 872 1 111 573
554 417 1074 1 272 769
555 251 496 1 96 204
556 268 1025 1 123 722
557 204 182 1 43 -105
558 130 151 1 -29 -134
559 266 291 1 106 0
560 208 512 1 54 220
561 244 807 1 96 510
562 259 210 1 98 -79
563 187 350 1 30 59
564 227 1026 1 82 728
565 193 361 1 36 69
566 330 843 1 181 544
567 463 1230 1 319 921
568 254 620 1 102 324
569 285 1173 1 142 867
570 207 112 1 44 -175
571 543 165 1 371 -133
572 437 1034 1 290 729
573 269 304 1 110 12
574 574 443 1 407 133
575 298 987 1 152 686
576 296 1231 1 155 925
577 249 1159 1 107 857
578 649 316 1 471 4
579 313 1079 1 170 775
580 241 202 1 80 -87
581 425 1197 1 282 890
582 222 245 1 62 -44
583 330 1103 1 187 797
584 308 645 1 156 349
585 258 945 1 111 646
586 219 895 1 72 597
587 441 1061 1 295 755
588 287 1206 1 145 899
589 465 1046 1 318 739
590 531 75 1 357 -220
591 181 302 1 23 11
592 197 347 1 39 56
593 268 220 1 107 -70
594 218 834 1 70 536
595 323 965 1 177 664
596 218 365 1 61 72
597 256 528 1 102 235
598 219 333 1 61 41
599 212 407 1 55 115
600 427 944 1 278 636
601 264 818 1 116 520
602 431 956 1 284 654
603 434 1091 1 288 785
604 301 227 1 139 -63
605 346 1142 1 203 839
606 664 459 1 489 140
607 273 315 1 113 22
608 312 280 1 151 -13
609 212 275 1 53 -15
610 278 950 1 132 651
611 416 1061 1 270 758
612 224 275 1 65 -15
613 393 1087 1 248 783
614 273 636 1 122 341
615 191 205 1 30 -82
616 182 234 1 22 -53
