0 232 645 1 52 324
1 269 730 1 88 408
2 208 674 1 28 353
3 273 588 1 92 267
4 236 579 1 55 259
5 268 813 1 87 491
6 236 603 1 55 282
7 265 1014 1 84 690
8 228 749 1 48 427
9 208 1150 1 28 824
10 232 672 1 52 350
11 229 734 1 49 412
12 214 605 1 33 285
13 271 643 1 90 322
14 226 658 1 45 337
15 263 1136 1 83 810
16 215 587 1 35 266
17 268 747 1 88 425
18 210 655 1 30 333
19 271 655 1 90 334
20 269 713 1 88 393
21 226 802 1 45 479
22 263 1168 1 82 840
23 203 1139 1 22 813
24 267 800 1 86 477
25 212 911 1 32 587
26 220 888 1 39 564
27 272 576 1 91 255
28 223 838 1 43 514
29 265 999 1 84 675
30 265 1043 1 84 717
31 231 701 1 50 380
32 266 825 1 85 502
33 264 1111 1 83 785
34 229 906 1 47 582
35 211 1123 1 31 797
36 219 525 1 39 205
37 271 669 1 89 348
38 82 179 1 -96 -139
39 229 712 1 49 390
40 228 722 1 47 401
41 115 197 1 -63 -119
42 272 600 1 91 280
43 265 1029 1 84 704
44 562 906 1 375 576
45 205 1089 1 26 763
46 232 629 1 52 308
47 222 825 1 42 502
48 214 1046 1 34 721
49 419 889 1 236 566
50 201 782 1 21 460
51 212 630 1 32 309
52 263 1152 1 82 826
53 189 1014 1 9 689
54 219 935 1 39 611
55 205 734 1 25 412
56 180 1136 1 0 809
57 265 987 1 84 663
58 227 791 1 46 468
59 206 702 1 26 380
60 271 626 1 90 306
61 270 698 1 89 376
62 108 151 1 -70 -166
63 190 974 1 9 650
64 512 1005 1 328 678
65 202 813 1 21 490
66 193 911 1 13 588
67 53 192 1 -123 -125
68 121 802 1 -58 482
69 370 28 1 189 -287
70 427 888 1 246 565
71 267 836 1 86 513
72 517 987 1 334 659
73 88 1057 1 -91 732
74 213 898 1 33 574
75 268 789 1 87 466
76 241 938 1 61 614
77 218 750 1 37 428
78 210 974 1 30 649
79 90 206 1 -88 -111
80 265 1085 1 84 760
81 385 639 1 203 318
82 195 873 1 15 550
83 347 717 1 165 395
84 265 864 1 85 541
85 264 407 1 84 85
86 99 173 1 -78 -143
87 266 887 1 86 563
88 182 946 1 2 621
89 167 447 1 -12 127
90 182 1089 1 2 763
91 118 209 1 -59 -108
92 215 872 1 35 549
93 178 967 1 -1 642
94 149 571 1 -30 250
95 458 734 1 276 412
96 68 181 1 -109 -137
97 79 195 1 -98 -122
98 216 543 1 36 222
99 268 778 1 87 456
100 212 565 1 32 245
101 185 1048 1 5 723
102 100 982 1 -79 658
103 270 963 1 89 639
104 444 826 1 262 503
105 436 995 1 254 671
106 235 835 1 54 512
107 222 779 1 42 456
108 177 1174 1 -1 847
109 394 712 1 213 390
110 236 247 1 56 -69
111 245 907 1 65 584
112 535 1180 1 350 849
113 212 1138 1 32 812
114 274 680 1 93 359
115 349 985 1 167 656
116 146 319 1 -34 0
117 197 840 1 17 517
118 237 519 1 56 199
119 221 487 1 40 167
120 181 1124 1 1 798
121 262 305 1 81 -13
122 219 505 1 39 185
123 255 886 1 75 563
124 219 734 1 37 412
125 446 1063 1 263 738
126 259 958 1 79 633
127 192 936 1 12 612
128 352 803 1 170 480
129 384 1072 1 202 745
130 188 1003 1 8 678
131 263 1122 1 83 796
132 101 188 1 -77 -128
133 93 163 1 -85 -153
134 203 753 1 23 432
135 235 658 1 54 337
136 201 1121 1 21 795
137 75 205 1 -102 -112
138 459 718 1 277 395
139 461 1091 1 278 764
140 356 715 1 176 393
141 173 26 1 -6 -289
142 217 720 1 36 398
143 249 965 1 68 640
144 347 827 1 165 504
145 264 973 1 83 649
146 346 769 1 164 446
147 101 199 1 -77 -118
148 266 522 1 86 202
149 271 898 1 90 575
150 496 931 1 311 595
151 160 571 1 -19 251
152 92 152 1 -85 -164
153 67 192 1 -110 -125
154 264 354 1 83 35
155 239 566 1 58 246
156 345 740 1 164 418
157 468 847 1 285 524
158 262 1101 1 81 775
159 108 866 1 -70 546
160 474 678 1 291 354
161 556 88 1 367 -223
162 404 795 1 222 473
163 463 749 1 281 427
164 204 1045 1 23 720
165 342 1165 1 161 836
166 477 803 1 294 480
167 478 821 1 296 498
168 261 204 1 81 -113
169 268 855 1 87 531
170 381 713 1 199 391
171 172 44 1 -6 -272
172 272 564 1 91 243
173 457 781 1 274 458
174 276 553 1 95 233
175 177 442 1 -2 121
176 284 538 1 104 216
177 462 792 1 279 469
178 110 977 1 -68 652
179 524 111 1 340 -202
180 219 363 1 39 44
181 368 714 1 186 393
182 274 941 1 93 616
183 185 370 1 5 51
184 458 806 1 276 483
185 208 934 1 28 610
186 190 281 1 11 -36
187 148 559 1 -31 239
188 264 1210 1 84 883
189 207 723 1 26 401
190 335 718 1 154 397
191 336 1101 1 155 772
192 465 760 1 282 438
193 540 537 1 355 213
194 107 1023 1 -71 698
195 455 915 1 271 579
196 235 401 1 55 81
197 237 332 1 57 13
198 376 1162 1 194 832
199 490 908 1 306 580
200 249 253 1 68 -63
201 519 122 1 335 -190
202 259 257 1 79 -59
203 458 816 1 275 492
204 214 803 1 33 480
205 342 1135 1 161 805
206 104 164 1 -73 -152
207 316 1141 1 134 812
208 432 937 1 249 605
209 353 1196 1 171 866
210 337 683 1 156 362
211 449 720 1 266 399
212 500 994 1 316 667
213 378 1108 1 196 779
214 531 1170 1 347 839
215 236 539 1 56 219
216 244 499 1 64 179
217 426 995 1 243 670
218 223 472 1 42 153
219 211 242 1 31 -75
220 213 836 1 32 513
221 360 1094 1 178 765
222 388 885 1 206 561
223 453 767 1 271 444
224 275 865 1 94 541
225 418 793 1 236 470
226 214 319 1 35 0
227 274 537 1 92 216
228 340 1055 1 159 729
229 490 679 1 307 356
230 197 374 1 18 54
231 271 908 1 90 584
232 519 673 1 336 349
233 174 1214 1 -5 886
234 594 633 1 407 306
235 467 29 1 285 -286
236 337 708 1 155 386
237 369 792 1 188 469
238 237 529 1 56 209
239 249 341 1 69 22
240 180 56 1 1 -259
241 264 1192 1 83 865
242 195 429 1 15 110
243 502 679 1 318 355
244 532 1055 1 348 725
245 268 919 1 88 595
246 354 1139 1 173 810
247 274 929 1 93 605
248 321 930 1 140 607
249 341 614 1 159 293
250 465 858 1 283 534
251 446 813 1 264 490
252 159 559 1 -20 239
253 237 958 1 57 633
254 468 782 1 285 459
255 399 300 1 217 -17
256 391 797 1 209 475
257 323 240 1 142 -77
258 214 788 1 34 466
259 645 40 1 453 -269
260 190 327 1 10 8
261 411 1046 1 229 719
262 309 1166 1 128 836
263 232 388 1 52 68
264 223 79 1 43 -237
265 317 1203 1 137 872
266 268 365 1 88 46
267 219 452 1 39 132
268 444 1094 1 260 766
269 111 991 1 -68 667
270 180 354 1 1 34
271 411 983 1 228 653
272 242 920 1 63 597
273 231 919 1 52 596
274 295 969 1 114 644
275 288 209 1 108 -108
276 205 404 1 25 85
277 282 978 1 101 654
278 328 1172 1 147 842
279 371 1148 1 190 819
280 305 993 1 124 668
281 208 302 1 29 -15
282 357 889 1 176 565
283 260 322 1 79 3
284 278 399 1 99 77
285 396 1028 1 214 702
286 301 278 1 120 -38
287 658 193 1 465 -121
288 277 830 1 96 507
289 355 1223 1 173 892
290 394 1074 1 213 746
291 574 305 1 387 -13
292 211 279 1 31 -39
293 263 934 1 82 610
294 336 292 1 155 -25
295 58 183 1 -119 -134
296 229 370 1 49 51
297 442 708 1 259 386
298 333 1090 1 152 761
299 323 1243 1 141 912
300 271 1230 1 91 901
301 416 821 1 235 499
302 537 1193 1 352 862
303 185 383 1 5 64
304 369 337 1 188 18
305 347 1182 1 165 853
306 217 268 1 37 -49
307 459 1180 1 276 851
308 284 894 1 104 570
309 646 594 1 456 266
310 311 1129 1 131 800
311 352 1014 1 170 688
312 446 789 1 264 466
313 355 939 1 173 615
314 374 639 1 193 318
315 337 1111 1 156 782
316 513 556 1 328 230
317 523 1184 1 339 853
318 89 189 1 -88 -128
319 242 322 1 61 3
320 278 340 1 98 20
321 249 954 1 68 630
322 304 1218 1 123 887
323 182 78 1 2 -238
324 420 855 1 239 532
325 436 493 1 264 191
326 470 1004 1 287 678
327 253 350 1 73 32
328 219 39 1 39 -276
329 399 599 1 217 278
330 400 609 1 218 288
331 383 297 1 202 -21
332 279 263 1 99 -54
333 383 681 1 201 359
334 395 638 1 213 318
335 388 897 1 206 573
336 456 382 1 274 60
337 563 933 1 377 600
338 334 942 1 153 617
339 428 879 1 246 555
340 326 1125 1 145 796
341 470 391 1 287 70
342 153 58 1 -25 -258
343 371 805 1 190 482
344 318 959 1 137 635
345 474 1204 1 291 873
346 202 222 1 22 -96
347 387 1167 1 205 840
348 212 252 1 32 -65
349 333 920 1 152 596
350 215 814 1 34 491
351 308 962 1 125 637
352 308 927 1 127 602
353 205 139 1 26 -177
354 380 1223 1 198 893
355 192 946 1 12 622
356 226 314 1 46 -3
357 372 824 1 190 501
358 525 1195 1 341 864
359 318 206 1 137 -110
360 205 395 1 25 75
361 442 1025 1 259 699
362 196 696 1 16 375
363 378 666 1 197 345
364 232 234 1 52 -83
365 238 210 1 58 -107
366 266 456 1 85 136
367 653 101 1 461 -210
368 424 1116 1 241 790
369 303 262 1 122 -55
370 315 268 1 134 -49
371 299 213 1 118 -103
372 442 743 1 259 421
373 341 1208 1 159 877
374 252 409 1 72 89
375 272 327 1 92 8
376 275 951 1 94 627
377 459 1066 1 276 739
378 340 889 1 158 565
379 472 792 1 289 469
380 205 1017 1 24 692
381 225 872 1 45 549
382 267 339 1 87 19
383 476 1026 1 294 699
384 471 40 1 288 -272
385 303 603 1 121 283
386 324 918 1 143 593
387 309 204 1 128 -113
388 301 883 1 120 558
389 687 757 1 494 422
390 358 1079 1 176 752
391 202 271 1 22 -46
392 455 706 1 273 384
393 351 36 1 170 -279
394 307 1197 1 126 866
395 326 288 1 145 -29
396 178 89 1 -1 -227
397 464 702 1 282 381
398 257 214 1 77 -103
399 370 911 1 188 587
400 341 255 1 160 -62
401 503 1072 1 319 744
402 224 278 1 45 -39
403 363 1035 1 181 709
404 229 1031 1 48 706
405 561 916 1 376 586
406 220 343 1 40 24
407 271 468 1 91 148
408 292 259 1 111 -58
409 451 753 1 268 430
410 212 289 1 32 -28
411 442 938 1 258 601
412 207 350 1 27 31
413 662 654 1 471 323
414 695 327 1 506 7
415 277 355 1 96 35
416 479 1214 1 296 884
417 364 733 1 182 411
418 205 340 1 26 21
419 289 275 1 108 -43
420 379 869 1 197 546
421 511 69 1 326 -244
422 438 966 1 254 630
423 221 974 1 41 650
424 516 1169 1 332 839
425 521 1210 1 337 879
426 227 196 1 47 -120
427 248 195 1 67 -122
428 342 1146 1 161 817
429 354 514 1 172 194
430 282 1032 1 101 707
431 411 1075 1 229 749
432 312 288 1 132 -29
433 514 1016 1 330 689
434 502 1060 1 318 732
435 263 877 1 82 553
436 172 143 1 -7 -174
437 186 229 1 6 -88
438 462 1052 1 279 725
439 339 958 1 157 634
440 438 766 1 256 443
441 218 53 1 38 -263
442 303 941 1 122 616
443 319 976 1 137 651
444 463 871 1 280 547
445 375 1195 1 193 866
446 238 344 1 58 25
447 222 429 1 42 110
448 323 1096 1 142 767
449 487 1005 1 304 679
450 317 1214 1 135 883
451 369 1068 1 187 740
452 314 1224 1 133 893
453 195 363 1 15 43
454 311 869 1 130 545
455 628 511 1 437 185
456 377 1018 1 195 691
457 620 475 1 432 151
458 436 719 1 254 397
459 366 1123 1 184 793
460 397 1086 1 215 759
461 455 394 1 273 73
462 252 268 1 72 -49
463 365 1056 1 183 729
464 68 1058 1 -110 733
465 226 104 1 46 -212
466 301 1016 1 120 691
467 381 742 1 200 420
468 273 213 1 92 -104
469 302 248 1 121 -69
470 320 1077 1 139 749
471 322 250 1 141 -67
472 232 489 1 51 169
473 683 216 1 489 -99
474 558 79 1 371 -232
475 364 705 1 183 383
476 598 926 1 411 593
477 278 1213 1 97 885
478 237 220 1 57 -96
479 464 831 1 282 508
480 254 919 1 73 595
481 323 850 1 142 526
482 417 678 1 235 352
483 371 1028 1 189 701
484 277 252 1 96 -64
485 299 314 1 119 -3
486 170 575 1 -9 254
487 408 1085 1 226 759
488 270 314 1 90 -3
489 223 440 1 43 120
490 304 1232 1 123 902
491 416 1012 1 234 686
492 196 310 1 16 -8
493 563 269 1 377 -48
494 197 291 1 17 -26
495 202 573 1 21 253
496 597 52 1 408 -258
497 239 376 1 59 56
498 482 1236 1 299 905
499 633 401 1 443 79
500 456 1080 1 273 753
501 212 473 1 32 154
502 366 1218 1 185 888
503 187 295 1 8 -22
504 249 451 1 69 131
505 317 1234 1 137 902
506 295 893 1 114 569
507 189 113 1 9 -204
508 315 947 1 134 623
509 367 743 1 185 421
510 316 277 1 135 -40
511 221 414 1 41 94
512 340 1122 1 159 793
513 459 1126 1 276 798
514 612 436 1 423 113
515 310 652 1 129 331
516 394 1196 1 212 868
517 112 185 1 -66 -132
518 301 237 1 120 -80
519 235 446 1 55 126
520 202 417 1 22 97
521 438 1107 1 256 779
522 267 278 1 86 -38
523 188 964 1 8 639
524 417 876 1 235 553
525 312 857 1 131 534
526 232 265 1 52 -52
527 305 979 1 124 655
528 284 906 1 103 581
529 605 372 1 415 50
530 222 289 1 42 -29
531 326 865 1 145 542
532 375 1173 1 193 843
533 191 350 1 11 31
534 342 998 1 160 673
535 280 295 1 100 -22
536 296 916 1 115 592
537 378 25 1 197 -289
538 439 776 1 257 453
539 507 1117 1 323 788
540 395 1018 1 213 692
541 340 1009 1 159 684
542 295 907 1 114 582
543 279 523 1 98 203
544 306 1068 1 125 739
545 222 207 1 43 -110
546 152 44 1 -26 -271
547 288 314 1 107 -3
548 278 840 1 98 517
549 279 233 1 99 -84
550 210 377 1 30 58
551 265 1065 1 84 739
552 688 365 1 493 43
553 217 388 1 37 68
554 367 875 1 185 551
555 505 584 1 320 258
556 285 648 1 104 327
557 326 1222 1 145 891
558 224 134 1 44 -182
559 572 172 1 385 -143
560 480 1073 1 297 745
561 292 328 1 111 9
562 614 465 1 425 141
563 290 1204 1 109 875
564 261 225 1 80 -92
565 472 1243 1 289 912
566 243 269 1 63 -48
567 423 970 1 240 641
568 589 41 1 401 -269
569 340 674 1 158 352
570 295 981 1 114 656
571 504 1048 1 321 718
572 485 1102 1 302 773
573 202 328 1 23 9
574 219 373 1 39 54
575 597 31 1 408 -278
576 640 557 1 449 230
577 252 867 1 71 544
578 362 1002 1 181 676
579 242 391 1 62 71
580 285 556 1 104 235
581 241 358 1 61 39
582 236 434 1 56 114
583 266 245 1 85 -72
584 299 852 1 118 528
585 472 990 1 290 665
586 478 1133 1 295 804
587 522 977 1 337 648
588 389 1184 1 207 856
589 295 338 1 115 19
590 334 302 1 153 -16
591 233 300 1 53 -18
592 316 986 1 134 661
593 354 24 1 173 -289
594 245 300 1 65 -18
595 436 1127 1 253 799
596 304 665 1 124 344
597 162 90 1 -16 -226
598 202 260 1 22 -57
