0 232 645 1 52 324
1 269 730 1 89 408
2 208 674 1 28 353
3 273 588 1 92 267
4 236 579 1 56 259
5 268 813 1 87 491
6 236 603 1 55 283
7 265 1014 1 84 691
8 228 749 1 48 427
9 208 1150 1 28 825
10 232 672 1 52 351
11 229 734 1 49 412
12 214 605 1 33 285
13 271 643 1 90 322
14 226 658 1 45 337
15 263 1136 1 83 811
16 215 587 1 35 267
17 268 747 1 88 425
18 210 655 1 30 334
19 271 655 1 90 334
20 269 713 1 89 393
21 226 802 1 45 480
22 263 1168 1 82 842
23 203 1139 1 22 814
24 267 800 1 87 478
25 212 911 1 32 588
26 220 888 1 39 565
27 272 576 1 91 255
28 223 838 1 43 515
29 265 999 1 84 676
30 265 1043 1 84 719
31 231 701 1 50 380
32 266 825 1 86 503
33 264 1111 1 83 786
34 229 906 1 47 583
35 211 1123 1 31 798
36 219 525 1 39 205
37 271 669 1 90 348
38 82 179 1 -96 -140
39 229 712 1 49 390
40 228 722 1 47 401
41 115 197 1 -63 -120
42 272 600 1 91 280
43 265 1029 1 84 705
44 562 906 1 377 578
45 205 1089 1 26 764
46 232 629 1 52 308
47 222 825 1 42 503
48 214 1046 1 34 722
49 419 889 1 236 567
50 201 782 1 21 460
51 212 630 1 32 309
52 263 1152 1 82 827
53 189 1014 1 9 690
54 219 935 1 39 612
55 205 734 1 25 413
56 180 1136 1 0 811
57 265 987 1 84 664
58 227 791 1 47 469
59 206 702 1 26 381
60 271 626 1 90 306
61 270 698 1 89 376
62 108 151 1 -70 -166
63 190 974 1 9 651
64 512 1005 1 329 680
65 202 813 1 21 491
66 193 911 1 13 589
67 53 192 1 -123 -125
68 121 802 1 -58 482
69 370 28 1 189 -288
70 427 888 1 246 565
71 267 836 1 86 514
72 517 987 1 335 661
73 88 1057 1 -91 733
74 213 898 1 33 575
75 268 789 1 87 467
76 241 938 1 61 614
77 218 750 1 37 429
78 210 974 1 30 650
79 90 206 1 -88 -111
80 265 1085 1 84 761
81 385 639 1 204 318
82 195 873 1 15 550
83 347 717 1 166 395
84 265 864 1 85 542
85 264 407 1 84 85
86 99 173 1 -79 -143
87 266 887 1 86 564
88 182 946 1 2 622
89 167 447 1 -12 127
90 182 1089 1 2 765
91 118 209 1 -59 -109
92 215 872 1 35 549
93 178 967 1 -1 643
94 149 571 1 -30 250
95 458 734 1 276 412
96 68 181 1 -110 -137
97 79 195 1 -98 -123
98 216 543 1 36 222
99 268 778 1 87 457
100 212 565 1 32 245
101 185 1048 1 5 724
102 100 982 1 -79 659
103 270 963 1 89 640
104 444 826 1 262 503
105 436 995 1 255 672
106 235 835 1 54 513
107 222 779 1 42 457
108 177 1174 1 -1 849
109 394 712 1 213 391
110 236 247 1 56 -70
111 245 907 1 66 585
112 535 1180 1 351 852
113 212 1138 1 32 814
114 274 680 1 93 359
115 349 985 1 168 658
116 146 319 1 -34 0
117 197 840 1 17 518
118 237 519 1 56 199
119 221 487 1 40 167
120 181 1124 1 1 799
121 262 305 1 81 -13
122 219 505 1 39 185
123 255 886 1 75 563
124 219 734 1 37 413
125 446 1063 1 263 739
126 259 958 1 79 634
127 192 936 1 12 613
128 352 803 1 170 481
129 384 1072 1 203 746
130 188 1003 1 8 679
131 263 1122 1 83 797
132 101 188 1 -77 -129
133 93 163 1 -85 -154
134 203 753 1 23 432
135 235 658 1 55 337
136 201 1121 1 21 797
137 75 205 1 -103 -112
138 459 718 1 277 396
139 461 1091 1 278 765
140 356 715 1 177 394
141 173 26 1 -6 -290
142 217 720 1 37 398
143 249 965 1 68 641
144 347 827 1 166 505
145 264 973 1 84 650
146 346 769 1 165 447
147 101 199 1 -77 -118
148 266 522 1 86 202
149 271 898 1 91 575
150 496 931 1 312 599
151 160 571 1 -19 251
152 92 152 1 -85 -165
153 67 192 1 -110 -125
154 264 354 1 83 35
155 239 566 1 58 246
156 345 740 1 164 419
157 468 847 1 286 525
158 262 1101 1 81 776
159 108 866 1 -70 546
160 474 678 1 292 355
161 556 88 1 369 -225
162 404 795 1 223 474
163 463 749 1 281 428
164 204 1045 1 23 721
165 342 1165 1 161 838
166 477 803 1 295 481
167 478 821 1 296 498
168 261 204 1 81 -114
169 268 855 1 87 532
170 381 713 1 199 392
171 172 44 1 -7 -273
172 272 564 1 91 243
173 457 781 1 275 458
174 276 553 1 95 233
175 177 442 1 -2 121
176 284 538 1 104 216
177 462 792 1 280 469
178 110 977 1 -68 653
179 524 111 1 341 -203
180 219 363 1 39 44
181 368 714 1 187 393
182 274 941 1 93 617
183 185 370 1 5 51
184 458 806 1 276 483
185 208 934 1 28 611
186 190 281 1 11 -36
187 148 559 1 -31 239
188 264 1210 1 84 885
189 207 723 1 26 402
190 335 718 1 154 397
191 336 1101 1 155 774
192 465 760 1 283 438
193 540 537 1 356 214
194 107 1023 1 -71 699
195 455 915 1 271 582
196 235 401 1 55 81
197 237 332 1 57 13
198 376 1162 1 194 834
199 490 908 1 307 582
200 249 253 1 68 -64
201 519 122 1 336 -192
202 259 257 1 79 -59
203 458 816 1 276 493
204 214 803 1 34 481
205 342 1135 1 161 807
206 104 164 1 -73 -153
207 316 1141 1 134 814
208 432 937 1 250 607
209 353 1196 1 172 869
210 337 683 1 156 362
211 449 720 1 267 399
212 500 994 1 316 669
213 378 1108 1 196 781
214 531 1170 1 348 841
215 236 539 1 56 219
216 244 499 1 64 179
217 426 995 1 244 671
218 223 472 1 42 153
219 211 242 1 31 -76
220 213 836 1 32 513
221 360 1094 1 179 767
222 388 885 1 206 562
223 453 767 1 271 444
224 275 865 1 94 542
225 418 793 1 237 471
226 214 319 1 35 0
227 274 537 1 93 216
228 340 1055 1 159 730
229 490 679 1 308 357
230 197 374 1 18 54
231 271 908 1 90 585
232 519 673 1 337 350
233 174 1214 1 -5 888
234 594 633 1 409 307
235 467 29 1 285 -287
236 337 708 1 156 387
237 369 792 1 188 470
238 237 529 1 56 209
239 249 341 1 69 22
240 180 56 1 1 -260
241 264 1192 1 83 867
242 195 429 1 15 109
243 502 679 1 319 356
244 532 1055 1 349 727
245 268 919 1 88 596
246 354 1139 1 173 812
247 274 929 1 93 606
248 321 930 1 141 607
249 341 614 1 159 293
250 465 858 1 283 535
251 446 813 1 264 490
252 159 559 1 -20 239
253 237 958 1 57 634
254 468 782 1 286 459
255 399 300 1 218 -18
256 391 797 1 210 475
257 323 240 1 142 -77
258 214 788 1 34 466
259 645 40 1 456 -271
260 190 327 1 10 8
261 411 1046 1 229 721
262 309 1166 1 129 838
263 232 388 1 52 67
264 223 79 1 43 -238
265 317 1203 1 137 875
266 268 365 1 88 46
267 219 452 1 39 132
268 444 1094 1 261 768
269 111 991 1 -68 668
270 180 354 1 1 34
271 411 983 1 228 655
272 242 920 1 63 597
273 231 919 1 52 597
274 295 969 1 115 645
275 288 209 1 108 -108
276 205 404 1 25 85
277 282 978 1 101 655
278 328 1172 1 147 844
279 371 1148 1 190 821
280 305 993 1 124 670
281 208 302 1 29 -15
282 357 889 1 176 566
283 260 322 1 79 2
284 278 399 1 99 77
285 396 1028 1 215 703
286 301 278 1 121 -39
287 658 193 1 468 -122
288 277 830 1 96 508
289 355 1223 1 174 895
290 394 1074 1 214 748
291 574 305 1 388 -13
292 211 279 1 31 -39
293 263 934 1 82 611
294 336 292 1 155 -25
295 58 183 1 -120 -134
296 229 370 1 49 51
297 442 708 1 260 387
298 333 1090 1 152 763
299 323 1243 1 142 914
300 271 1230 1 91 903
301 416 821 1 235 499
302 537 1193 1 353 864
303 185 383 1 5 63
304 369 337 1 188 18
305 347 1182 1 166 855
306 217 268 1 37 -49
307 459 1180 1 277 853
308 284 894 1 104 570
309 646 594 1 458 268
310 311 1129 1 131 802
311 352 1014 1 171 689
312 446 789 1 264 467
313 355 939 1 174 616
314 374 639 1 193 318
315 337 1111 1 156 784
316 513 556 1 329 232
317 523 1184 1 339 855
318 89 189 1 -88 -129
319 242 322 1 61 3
320 278 340 1 98 20
321 249 954 1 68 631
322 304 1218 1 123 889
323 182 78 1 2 -239
324 420 855 1 239 532
325 470 1004 1 288 679
326 253 350 1 73 31
327 219 39 1 39 -277
328 399 599 1 218 278
329 400 609 1 219 289
330 383 297 1 202 -21
331 279 263 1 99 -54
332 383 681 1 201 360
333 395 638 1 213 318
334 388 897 1 207 574
335 456 382 1 275 60
336 563 933 1 379 603
337 334 942 1 153 618
338 428 879 1 247 556
339 326 1125 1 145 797
340 470 391 1 288 71
341 153 58 1 -25 -259
342 371 805 1 190 483
343 318 959 1 138 636
344 474 1204 1 292 876
345 202 222 1 22 -96
346 387 1167 1 205 841
347 212 252 1 32 -65
348 333 920 1 152 597
349 215 814 1 34 492
350 308 962 1 126 638
351 308 927 1 127 603
352 205 139 1 26 -178
353 380 1223 1 198 895
354 192 946 1 12 623
355 226 314 1 46 -3
356 372 824 1 190 502
357 525 1195 1 342 866
358 318 206 1 138 -111
359 205 395 1 25 75
360 442 1025 1 260 700
361 196 696 1 16 375
362 378 666 1 197 345
363 232 234 1 52 -84
364 238 210 1 58 -107
365 266 456 1 86 136
366 653 101 1 463 -211
367 424 1116 1 242 791
368 303 262 1 123 -55
369 315 268 1 135 -50
370 299 213 1 118 -104
371 442 743 1 260 421
372 341 1208 1 160 879
373 252 409 1 72 89
374 272 327 1 92 7
375 275 951 1 94 628
376 459 1066 1 277 741
377 340 889 1 159 566
378 472 792 1 290 470
379 205 1017 1 24 693
380 225 872 1 45 550
381 267 339 1 87 19
382 476 1026 1 294 700
383 471 40 1 288 -274
384 303 603 1 122 283
385 324 918 1 143 594
386 309 204 1 128 -114
387 301 883 1 121 559
388 687 757 1 497 425
389 358 1079 1 176 754
390 202 271 1 22 -46
391 455 706 1 273 385
392 351 36 1 170 -280
393 307 1197 1 126 868
394 326 288 1 145 -29
395 178 89 1 -1 -228
396 464 702 1 282 381
397 257 214 1 77 -103
398 370 911 1 188 588
399 341 255 1 160 -62
400 503 1072 1 320 746
401 224 278 1 44 -39
402 363 1035 1 182 711
403 229 1031 1 48 707
404 561 916 1 377 588
405 220 343 1 40 24
406 271 468 1 91 148
407 292 259 1 111 -59
408 451 753 1 269 431
409 212 289 1 32 -29
410 442 938 1 259 605
411 207 350 1 27 30
412 662 654 1 473 326
413 695 327 1 508 7
414 277 355 1 96 35
415 479 1214 1 297 886
416 364 733 1 182 411
417 205 340 1 25 20
418 289 275 1 109 -43
419 379 869 1 198 547
420 511 69 1 327 -246
421 438 966 1 255 634
422 221 974 1 41 651
423 516 1169 1 333 841
424 521 1210 1 338 881
425 227 196 1 47 -121
426 248 195 1 67 -122
427 342 1146 1 161 819
428 354 514 1 173 194
429 282 1032 1 101 708
430 411 1075 1 230 750
431 312 288 1 132 -30
432 514 1016 1 331 690
433 502 1060 1 319 734
434 263 877 1 82 554
435 172 143 1 -7 -174
436 186 229 1 6 -89
437 462 1052 1 280 726
438 339 958 1 157 635
439 438 766 1 256 444
440 218 53 1 38 -264
441 303 941 1 123 617
442 319 976 1 138 652
443 463 871 1 281 548
444 375 1195 1 194 868
445 238 344 1 58 25
446 222 429 1 42 110
447 323 1096 1 142 769
448 487 1005 1 305 680
449 317 1214 1 136 886
450 369 1068 1 188 742
451 314 1224 1 133 895
452 195 363 1 15 43
453 311 869 1 130 546
454 628 511 1 440 186
455 377 1018 1 196 693
456 620 475 1 434 152
457 436 719 1 254 398
458 366 1123 1 185 795
459 397 1086 1 216 761
460 455 394 1 273 73
461 252 268 1 72 -49
462 365 1056 1 183 731
463 68 1058 1 -110 734
464 226 104 1 46 -213
465 301 1016 1 120 692
466 381 742 1 200 420
467 273 213 1 92 -104
468 302 248 1 121 -69
469 320 1077 1 139 751
470 322 250 1 141 -68
471 232 489 1 52 169
472 683 216 1 492 -100
473 558 79 1 373 -234
474 364 705 1 183 384
475 598 926 1 413 596
476 278 1213 1 97 887
477 237 220 1 57 -97
478 464 831 1 282 509
479 254 919 1 73 596
480 323 850 1 142 527
481 417 678 1 235 354
482 371 1028 1 189 703
483 277 252 1 96 -65
484 299 314 1 119 -4
485 170 575 1 -9 255
486 408 1085 1 226 760
487 270 314 1 90 -3
488 223 440 1 43 120
489 304 1232 1 123 904
490 416 1012 1 234 687
491 196 310 1 16 -8
492 563 269 1 378 -48
493 197 291 1 17 -27
494 202 573 1 22 253
495 597 52 1 410 -260
496 239 376 1 59 56
497 482 1236 1 300 907
498 633 401 1 445 79
499 456 1080 1 274 754
500 212 473 1 32 154
501 366 1218 1 185 890
502 187 295 1 8 -22
503 249 451 1 69 131
504 317 1234 1 137 905
505 295 893 1 114 570
506 189 113 1 9 -204
507 315 947 1 134 623
508 367 743 1 186 421
509 316 277 1 135 -40
510 221 414 1 41 94
511 340 1122 1 159 795
512 459 1126 1 277 800
513 612 436 1 425 113
514 310 652 1 129 331
515 394 1196 1 213 869
516 112 185 1 -66 -133
517 301 237 1 120 -80
518 235 446 1 55 126
519 202 417 1 22 97
520 438 1107 1 257 781
521 267 278 1 87 -39
522 188 964 1 8 640
523 417 876 1 235 554
524 312 857 1 131 535
525 232 265 1 52 -52
526 305 979 1 125 656
527 284 906 1 103 582
528 605 372 1 417 51
529 222 289 1 42 -29
530 326 865 1 145 543
531 375 1173 1 193 845
532 191 350 1 11 31
533 342 998 1 161 674
534 280 295 1 100 -22
535 296 916 1 115 593
536 378 25 1 198 -290
537 439 776 1 257 454
538 507 1117 1 324 790
539 395 1018 1 214 693
540 340 1009 1 159 685
541 295 907 1 114 583
542 279 523 1 98 203
543 306 1068 1 125 741
544 222 207 1 43 -111
545 152 44 1 -26 -272
546 288 314 1 107 -4
547 278 840 1 98 518
548 279 233 1 99 -85
549 210 377 1 30 58
550 265 1065 1 84 741
551 688 365 1 496 43
552 217 388 1 37 68
553 367 875 1 185 552
554 505 584 1 321 259
555 285 648 1 104 327
556 326 1222 1 145 893
557 224 134 1 44 -183
558 572 172 1 387 -144
559 480 1073 1 298 747
560 292 328 1 112 9
561 614 465 1 427 141
562 290 1204 1 109 877
563 261 225 1 81 -92
564 472 1243 1 289 915
565 243 269 1 63 -48
566 423 970 1 241 643
567 589 41 1 403 -271
568 340 674 1 159 353
569 295 981 1 114 657
570 504 1048 1 322 720
571 485 1102 1 303 775
572 202 328 1 23 9
573 219 373 1 39 54
574 597 31 1 410 -280
575 640 557 1 452 232
576 252 867 1 72 545
577 362 1002 1 181 677
578 242 391 1 62 71
579 285 556 1 104 236
580 241 358 1 61 39
581 236 434 1 56 114
582 266 245 1 85 -73
583 299 852 1 118 529
584 472 990 1 290 666
585 478 1133 1 296 805
586 522 977 1 338 650
587 389 1184 1 208 858
588 295 338 1 115 19
589 334 302 1 153 -16
590 233 300 1 53 -18
591 316 986 1 135 662
592 354 24 1 173 -290
593 245 300 1 65 -18
594 436 1127 1 254 801
595 304 665 1 124 344
596 162 90 1 -16 -227
597 202 260 1 22 -57
