0 327 1229 1 367 1179
1 370 213 1 407 140
2 392 515 1 432 455
3 392 501 1 432 440
4 306 784 1 344 731
5 447 1104 1 493 1092
6 367 1230 1 406 1191
7 387 677 1 425 620
8 372 501 1 411 440
9 171 377 1 201 315
10 380 213 1 417 141
11 428 245 1 467 174
12 373 515 1 412 454
13 337 1222 1 377 1172
14 392 525 1 431 464
15 397 540 1 436 480
16 402 1194 1 443 1161
17 412 265 1 450 196
18 414 760 1 455 707
19 228 67 1 255 -18
20 390 583 1 430 524
21 408 779 1 450 726
22 208 432 1 240 370
23 224 541 1 255 478
24 310 766 1 347 713
25 128 504 1 159 446
26 420 714 1 459 657
27 263 461 1 296 393
28 388 452 1 427 388
29 252 185 1 285 120
30 428 970 1 470 927
31 400 261 1 438 192
32 394 968 1 434 924
33 441 964 1 484 921
34 213 379 1 244 315
35 390 919 1 429 871
36 159 1089 1 186 1053
37 403 906 1 444 857
38 262 474 1 295 407
39 140 806 1 174 755
40 387 605 1 427 547
41 278 392 1 312 325
42 403 843 1 444 793
43 398 817 1 440 765
44 447 936 1 490 891
45 413 372 1 453 306
46 242 417 1 275 355
47 129 518 1 159 460
48 175 1135 1 209 1094
49 318 1089 1 355 1050
50 383 692 1 422 635
51 438 520 1 478 462
52 206 690 1 238 635
53 442 954 1 485 911
54 133 563 1 164 507
55 278 410 1 312 345
56 375 1209 1 414 1170
57 187 972 1 221 926
58 369 1241 1 407 1202
59 430 773 1 472 717
60 378 1171 1 417 1133
61 193 444 1 224 383
62 102 1194 1 123 1166
63 246 561 1 278 498
64 413 833 1 453 782
65 353 839 1 393 788
66 130 430 1 159 369
67 424 303 1 463 236
68 376 346 1 414 281
69 372 246 1 409 185
70 409 967 1 450 924
71 428 203 1 467 125
72 367 558 1 405 498
73 293 829 1 331 776
74 372 1219 1 411 1181
75 416 612 1 456 554
76 227 478 1 258 412
77 412 789 1 454 737
78 431 959 1 473 916
79 405 280 1 443 211
80 353 849 1 393 799
81 250 467 1 282 399
82 204 1044 1 233 1006
83 322 259 1 358 197
84 374 1200 1 413 1161
85 107 1209 1 129 1181
86 428 789 1 470 735
87 316 228 1 352 167
88 377 525 1 416 464
89 209 565 1 243 506
90 318 835 1 355 784
91 309 708 1 345 653
92 320 1214 1 360 1165
93 281 373 1 316 309
94 406 486 1 445 423
95 376 785 1 415 730
96 442 446 1 483 379
97 177 495 1 208 436
98 343 371 1 380 303
99 31 1213 1 49 1186
100 329 216 1 365 152
101 428 371 1 469 302
102 116 369 1 143 304
103 311 403 1 347 338
104 366 675 1 405 618
105 242 640 1 279 583
106 399 724 1 440 668
107 394 218 1 431 151
108 265 126 1 297 52
109 432 439 1 472 370
110 429 234 1 468 161
111 119 636 1 151 582
112 432 929 1 474 884
113 291 775 1 328 721
114 304 242 1 341 183
115 123 1079 1 147 1043
116 398 186 1 435 117
117 178 475 1 209 415
118 502 1183 1 555 1185
119 278 142 1 308 60
120 105 1093 1 132 1053
121 362 423 1 401 359
122 243 491 1 277 431
123 176 590 1 208 534
124 353 674 1 392 617
125 178 637 1 211 581
126 154 497 1 185 438
127 405 305 1 444 240
128 320 703 1 356 646
129 170 1088 1 200 1050
130 177 578 1 210 521
131 375 235 1 412 173
132 242 650 1 277 594
133 211 798 1 246 746
134 484 1187 1 534 1189
135 369 258 1 406 197
136 119 1216 1 143 1188
137 243 404 1 276 340
138 314 209 1 349 146
139 393 1170 1 432 1139
140 224 158 1 256 93
141 194 1046 1 225 1001
142 130 937 1 159 892
143 396 208 1 433 141
144 214 973 1 248 927
145 147 1044 1 175 1005
146 363 959 1 401 914
147 223 393 1 254 329
148 236 555 1 267 492
149 309 276 1 345 214
150 154 637 1 186 581
151 340 265 1 377 206
152 124 605 1 155 551
153 133 1182 1 160 1150
154 243 394 1 276 329
155 419 382 1 459 315
156 435 145 1 474 59
157 210 812 1 246 760
158 368 541 1 407 481
159 155 595 1 187 539
160 117 1001 1 144 959
161 255 942 1 292 893
162 27 1254 1 46 1228
163 243 480 1 277 420
164 179 753 1 214 700
165 240 468 1 272 401
166 384 964 1 423 920
167 387 441 1 425 378
168 473 1177 1 522 1177
169 338 806 1 377 754
170 434 540 1 474 483
171 120 667 1 152 614
172 414 847 1 454 797
173 334 552 1 372 493
174 367 488 1 405 426
175 378 456 1 416 392
176 399 958 1 439 914
177 113 1074 1 137 1036
178 409 1181 1 449 1146
179 155 712 1 189 659
180 149 1083 1 179 1042
181 227 578 1 258 516
182 297 138 1 329 58
183 224 833 1 260 781
184 200 386 1 231 322
185 170 390 1 202 327
186 232 496 1 263 434
187 179 832 1 215 781
188 402 679 1 441 621
189 421 583 1 462 524
190 156 1006 1 184 965
191 156 753 1 189 700
192 223 404 1 255 341
193 388 291 1 426 227
194 431 352 1 471 282
195 155 610 1 187 555
196 416 223 1 455 151
197 157 785 1 191 734
198 292 412 1 327 348
199 169 1012 1 198 971
200 365 691 1 406 633
201 364 390 1 402 325
202 417 556 1 457 499
203 146 1140 1 175 1103
204 311 593 1 348 535
205 366 602 1 404 544
206 405 499 1 444 437
207 260 265 1 296 208
208 136 553 1 167 497
209 381 1114 1 419 1074
210 154 514 1 185 456
211 290 785 1 327 732
212 178 515 1 209 456
213 410 255 1 448 185
214 111 1198 1 134 1169
215 398 827 1 439 776
216 406 467 1 445 403
217 163 986 1 191 944
218 367 306 1 404 241
219 361 465 1 400 402
220 385 861 1 424 811
221 376 678 1 416 622
222 254 333 1 290 279
223 224 654 1 256 597
224 135 958 1 162 914
225 405 934 1 446 890
226 84 1152 1 108 1118
227 384 193 1 421 127
228 416 234 1 455 163
229 365 717 1 405 663
230 125 725 1 158 674
231 179 785 1 215 734
232 246 872 1 284 821
233 396 774 1 437 721
234 415 1130 1 454 1091
235 211 164 1 243 98
236 382 882 1 421 833
237 405 577 1 444 518
238 86 1042 1 107 1004
239 316 1029 1 353 987
240 256 154 1 288 85
241 335 1029 1 373 988
242 475 1157 1 525 1155
243 258 73 1 286 -12
244 236 283 1 271 223
245 368 444 1 406 380
246 161 950 1 190 906
247 280 250 1 316 192
248 351 423 1 389 359
249 413 992 1 453 949
250 375 291 1 413 225
251 138 1210 1 161 1182
252 124 1114 1 156 1071
253 406 896 1 446 846
254 110 549 1 140 493
255 387 981 1 427 937
256 406 920 1 448 874
257 396 424 1 436 360
258 385 203 1 422 139
259 292 483 1 328 421
260 421 922 1 462 876
261 430 268 1 469 197
262 312 818 1 350 766
263 398 982 1 438 938
264 314 756 1 353 702
265 164 1143 1 202 1095
266 247 833 1 283 781
267 104 749 1 138 698
268 241 341 1 277 284
269 62 1217 1 84 1188
270 374 280 1 412 214
271 84 1177 1 106 1147
272 399 198 1 437 129
273 303 256 1 340 198
274 87 1189 1 109 1158
275 298 960 1 337 912
276 310 582 1 348 524
277 361 521 1 400 460
278 290 725 1 327 671
279 154 940 1 184 893
280 403 176 1 440 106
281 58 689 1 83 634
282 178 728 1 213 676
283 390 1190 1 430 1155
284 177 711 1 212 657
285 160 1051 1 188 1011
286 94 351 1 119 285
287 404 166 1 441 95
288 223 421 1 255 359
289 208 902 1 245 852
290 155 669 1 188 615
291 152 1071 1 182 1031
292 331 1044 1 369 1002
293 384 540 1 424 480
294 221 517 1 251 453
295 438 205 1 477 126
296 184 982 1 218 935
297 416 488 1 456 427
298 362 977 1 400 933
299 186 1135 1 220 1093
300 156 727 1 189 675
301 439 530 1 479 473
302 137 1083 1 167 1042
303 522 1128 1 579 1123
304 97 611 1 128 556
305 236 157 1 269 91
306 102 1026 1 125 987
307 28 1225 1 49 1194
308 167 399 1 198 338
309 311 413 1 347 349
310 311 608 1 349 551
311 293 839 1 330 788
312 291 583 1 328 524
313 305 184 1 340 115
314 70 372 1 96 308
315 177 611 1 210 555
316 155 653 1 188 598
317 363 332 1 400 270
318 179 956 1 208 912
319 421 213 1 460 140
320 361 578 1 399 520
321 107 1239 1 136 1204
322 198 177 1 230 111
323 435 222 1 474 147
324 102 1114 1 131 1073
325 364 945 1 402 901
326 195 359 1 225 292
327 81 1229 1 104 1199
328 63 1021 1 84 983
329 292 493 1 328 431
330 291 608 1 328 551
331 301 724 1 339 671
332 92 1161 1 117 1127
333 137 1130 1 168 1089
334 378 258 1 416 197
335 290 593 1 327 535
336 408 1017 1 449 976
337 422 399 1 462 333
338 364 1029 1 403 988
339 439 193 1 478 112
340 51 1244 1 75 1211
341 345 436 1 382 372
342 329 563 1 366 504
343 121 710 1 154 658
344 132 1141 1 160 1106
345 153 476 1 184 416
346 200 797 1 236 746
347 292 851 1 330 801
348 291 708 1 328 654
349 282 957 1 320 909
350 578 863 1 658 824
351 57 1136 1 79 1102
352 77 1076 1 105 1035
353 383 336 1 422 275
354 271 372 1 304 306
355 112 1146 1 138 1111
356 407 1058 1 449 1017
357 62 1004 1 79 966
358 116 991 1 142 948
359 292 508 1 328 447
360 354 705 1 394 650
361 145 386 1 175 322
362 433 919 1 475 873
363 409 982 1 450 938
364 130 1161 1 159 1124
365 102 975 1 126 932
366 311 499 1 348 437
367 489 1153 1 540 1150
368 659 965 1 789 969
369 57 1202 1 78 1171
370 153 578 1 185 521
371 26 1241 1 47 1211
372 319 241 1 355 182
373 393 309 1 431 246
374 380 156 1 416 85
375 93 364 1 118 297
376 386 228 1 423 165
377 472 1167 1 521 1166
378 398 563 1 438 504
379 413 453 1 453 391
380 27 1073 1 41 1041
381 108 358 1 134 292
382 395 1134 1 435 1095
383 45 1040 1 68 1000
384 129 743 1 162 692
385 150 979 1 177 936
386 34 1184 1 55 1152
387 312 1183 1 351 1138
388 420 636 1 460 579
389 435 698 1 478 639
390 158 851 1 192 802
391 309 508 1 346 448
392 505 1168 1 559 1168
393 364 271 1 401 212
394 327 1075 1 364 1035
395 397 1051 1 435 1011
396 386 722 1 427 666
397 55 589 1 79 530
398 223 495 1 254 431
399 289 150 1 320 70
400 87 1142 1 112 1105
401 197 1061 1 233 1013
402 429 381 1 470 313
403 332 235 1 368 174
404 169 963 1 196 920
405 382 1021 1 422 979
406 343 757 1 381 702
407 162 1134 1 196 1091
408 138 1054 1 169 1010
409 151 420 1 182 358
410 181 364 1 210 298
411 87 1088 1 110 1053
412 419 320 1 458 253
413 302 164 1 336 95
414 60 1031 1 80 993
415 343 770 1 382 714
416 386 1042 1 426 1001
417 218 991 1 256 942
418 111 980 1 134 938
419 176 1073 1 210 1028
420 91 971 1 115 928
421 146 1000 1 175 958
422 425 175 1 463 92
423 226 612 1 258 554
424 203 940 1 234 895
425 157 831 1 192 781
426 365 1209 1 404 1170
427 224 870 1 261 820
428 413 1212 1 455 1211
429 591 853 1 677 811
430 393 904 1 433 855
431 41 1216 1 55 1194
432 152 1253 1 177 1225
433 315 776 1 354 721
434 115 1101 1 147 1059
435 322 825 1 360 774
436 360 1161 1 398 1131
437 91 1234 1 110 1210
438 195 951 1 227 905
439 382 247 1 419 185
440 467 1115 1 516 1107
441 54 1147 1 77 1112
442 209 369 1 239 305
443 165 868 1 195 819
444 401 691 1 441 636
445 153 1060 1 184 1020
446 51 1075 1 63 1044
447 152 990 1 180 947
448 355 439 1 394 375
449 213 83 1 243 11
450 132 968 1 158 925
451 120 1043 1 143 1004
452 153 1241 1 181 1211
453 487 937 1 536 899
454 34 1000 1 51 961
455 120 473 1 151 415
456 128 528 1 159 470
457 172 1114 1 207 1071
458 302 422 1 338 359
459 296 877 1 334 827
460 111 1130 1 137 1095
461 398 1081 1 438 1041
462 408 1067 1 448 1027
463 408 1115 1 447 1076
464 384 947 1 423 902
465 290 245 1 326 187
466 62 1189 1 78 1164
467 399 992 1 439 950
468 405 296 1 444 229
469 130 800 1 164 749
470 267 251 1 303 195
471 398 661 1 438 605
472 328 835 1 365 784
473 131 391 1 160 330
474 217 912 1 253 863
475 393 1006 1 433 964
476 359 1071 1 398 1031
477 184 901 1 214 854
478 44 358 1 67 292
479 114 1252 1 141 1221
480 39 1233 1 54 1210
481 342 670 1 381 614
482 45 1254 1 68 1222
483 249 273 1 284 215
484 446 976 1 489 933
485 468 870 1 514 822
486 405 764 1 445 711
487 456 1104 1 503 1093
488 239 68 1 267 -16
489 217 689 1 249 633
490 361 498 1 400 436
491 24 1152 1 38 1118
492 139 1223 1 160 1199
493 63 1068 1 83 1031
494 408 1077 1 449 1037
495 311 484 1 348 423
496 124 753 1 158 701
497 301 286 1 335 214
498 58 1042 1 79 1003
499 178 668 1 212 614
500 175 1125 1 207 1084
501 268 197 1 303 136
502 273 1223 1 306 1195
503 406 136 1 443 53
504 53 610 1 77 553
505 123 1151 1 148 1117
506 176 1145 1 213 1097
507 258 1229 1 291 1201
508 158 963 1 186 919
509 343 722 1 382 667
510 53 1017 1 73 978
511 406 428 1 445 364
512 423 877 1 465 828
513 357 926 1 395 880
514 377 1230 1 416 1192
515 402 530 1 441 470
516 374 357 1 411 288
517 239 990 1 271 947
518 366 291 1 403 228
519 105 1227 1 133 1192
520 313 422 1 349 359
521 342 461 1 380 397
522 482 1176 1 532 1176
523 423 912 1 465 866
524 372 977 1 411 933
525 53 1098 1 83 1055
526 408 1027 1 448 985
527 507 1048 1 561 1028
528 281 1025 1 316 984
529 100 936 1 123 893
530 91 1112 1 117 1074
531 291 421 1 326 358
532 407 641 1 448 585
533 357 549 1 396 489
534 156 1231 1 181 1204
535 53 1064 1 74 1026
536 463 671 1 507 610
537 316 788 1 354 735
538 50 1088 1 70 1052
539 145 959 1 171 915
540 380 181 1 417 114
541 394 946 1 434 902
542 215 1003 1 250 957
543 414 498 1 454 438
544 292 255 1 328 197
545 163 898 1 193 851
546 311 393 1 347 328
547 197 419 1 229 357
548 357 1103 1 395 1064
549 174 1044 1 208 998
550 396 414 1 436 350
551 76 1097 1 104 1057
552 220 1080 1 254 1039
553 413 679 1 453 623
554 72 1215 1 96 1183
555 92 1013 1 120 970
556 192 349 1 221 281
557 139 1198 1 161 1171
558 128 1017 1 154 977
559 362 152 1 397 68
560 30 1175 1 49 1144
561 308 967 1 344 923
562 81 992 1 106 949
563 487 1099 1 538 1087
564 500 1158 1 553 1156
565 218 1015 1 255 967
566 383 1104 1 422 1064
567 83 1113 1 110 1075
568 88 1026 1 114 985
569 29 1103 1 54 1064
570 286 1197 1 325 1151
571 410 713 1 450 657
572 57 1228 1 75 1203
573 356 1113 1 396 1069
574 113 1188 1 136 1158
575 452 946 1 494 902
576 192 941 1 223 895
577 69 993 1 92 951
578 330 1059 1 367 1017
579 351 884 1 389 835
580 400 79 1 437 4
581 404 374 1 443 314
582 72 1005 1 94 965
583 187 1085 1 221 1043
584 223 672 1 256 616
585 357 1245 1 396 1205
586 311 1122 1 349 1080
587 133 1237 1 167 1197
588 408 622 1 448 565
589 117 879 1 152 829
590 311 1228 1 350 1184
591 432 450 1 472 381
592 177 914 1 208 867
593 333 693 1 372 637
594 237 170 1 269 104
595 419 1167 1 460 1136
596 410 567 1 451 508
597 145 1150 1 170 1117
598 265 166 1 298 100
599 432 279 1 472 208
600 408 1142 1 448 1108
601 275 318 1 311 261
602 133 889 1 166 840
603 501 1203 1 554 1203
604 199 811 1 235 759
605 359 1040 1 398 999
606 195 897 1 231 849
607 421 185 1 459 105
608 391 249 1 429 185
609 228 796 1 263 743
610 267 136 1 299 67
611 343 551 1 381 492
612 228 970 1 260 926
613 517 763 1 574 704
614 186 101 1 215 30
615 144 1238 1 173 1205
616 132 1039 1 159 999
617 427 527 1 468 469
618 35 1009 1 49 972
619 97 1150 1 122 1116
620 40 1244 1 65 1210
621 395 1017 1 434 974
622 414 1194 1 456 1164
623 240 585 1 275 527
624 141 1251 1 179 1204
625 64 1088 1 87 1051
626 379 918 1 418 872
627 301 607 1 339 550
628 140 1120 1 171 1080
629 31 1162 1 50 1129
630 454 628 1 497 566
631 94 1004 1 119 962
632 213 891 1 246 842
633 87 1132 1 112 1096
634 342 712 1 381 657
635 387 639 1 427 584
636 383 1005 1 423 963
637 335 1164 1 375 1118
638 242 359 1 276 299
639 130 1005 1 154 965
640 51 1211 1 68 1187
641 352 1185 1 391 1140
642 28 983 1 43 944
643 452 1094 1 499 1082
644 105 1010 1 131 968
645 138 1066 1 168 1024
646 139 517 1 169 459
647 219 902 1 254 853
648 408 244 1 446 173
649 326 1126 1 364 1084
650 258 222 1 294 165
651 276 1201 1 316 1153
652 331 380 1 368 314
653 399 93 1 436 20
654 495 1124 1 547 1114
655 330 725 1 368 671
656 54 1173 1 77 1139
657 406 213 1 444 140
658 422 437 1 462 369
659 261 1147 1 299 1103
660 464 1084 1 511 1058
661 337 344 1 374 276
662 155 402 1 185 340
663 367 1090 1 405 1050
664 234 1245 1 265 1217
665 406 413 1 445 349
666 216 186 1 248 121
667 266 154 1 299 85
668 119 652 1 151 598
669 363 1051 1 401 1010
670 392 346 1 431 279
671 199 567 1 233 509
672 143 822 1 172 771
673 419 293 1 458 225
674 126 1067 1 155 1028
675 315 671 1 353 616
676 406 344 1 444 278
677 366 788 1 405 736
678 291 218 1 324 145
679 97 986 1 122 944
680 196 1030 1 228 988
681 316 807 1 353 755
682 390 259 1 428 194
683 376 267 1 414 205
684 291 668 1 327 611
685 353 940 1 391 895
686 79 975 1 102 933
687 114 1053 1 140 1013
688 192 996 1 224 953
689 237 958 1 274 910
690 286 874 1 324 824
691 150 918 1 177 873
692 70 1228 1 91 1201
693 68 1203 1 84 1179
694 163 65 1 192 -5
695 252 306 1 286 244
696 375 1047 1 414 1006
697 268 956 1 305 908
698 495 988 1 546 956
699 74 1146 1 97 1113
700 62 1244 1 85 1213
701 424 1137 1 466 1103
702 83 1218 1 107 1187
703 383 316 1 421 253
704 382 851 1 423 801
705 408 186 1 445 116
706 122 1092 1 149 1052
707 206 952 1 237 907
708 278 198 1 312 136
709 125 958 1 150 914
710 280 153 1 312 82
711 257 1020 1 292 979
712 40 1172 1 56 1145
713 60 370 1 84 305
714 261 107 1 292 32
715 105 1178 1 130 1144
716 309 1242 1 348 1196
717 298 1056 1 337 1007
718 498 1225 1 552 1232
719 293 183 1 328 117
720 139 796 1 174 744
721 30 1057 1 49 1019
722 182 398 1 213 336
723 167 1002 1 194 961
724 371 861 1 411 811
725 416 358 1 456 288
726 397 619 1 437 562
727 463 1016 1 508 979
728 267 1025 1 302 983
729 355 720 1 395 666
730 221 1190 1 251 1160
731 395 270 1 433 202
732 227 595 1 260 537
733 398 236 1 435 172
734 255 321 1 290 261
735 316 167 1 348 86
736 316 636 1 354 580
737 374 223 1 411 160
738 394 166 1 431 95
739 348 988 1 385 945
740 192 925 1 222 880
741 244 372 1 276 305
742 228 982 1 261 939
743 271 942 1 309 893
744 227 814 1 263 763
745 127 990 1 150 950
746 98 960 1 123 917
747 31 1084 1 51 1048
748 393 1199 1 433 1164
749 222 1230 1 252 1202
750 406 441 1 445 377
751 408 1225 1 448 1192
752 293 275 1 327 205
753 137 371 1 167 305
754 96 1044 1 123 1002
755 205 912 1 239 864
756 380 1245 1 419 1206
757 338 160 1 371 78
758 77 1021 1 100 981
759 355 291 1 393 230
760 257 255 1 293 198
761 301 591 1 338 533
762 103 1104 1 134 1062
763 65 1078 1 89 1039
