0 328 1228 1 366 1186
1 373 212 1 405 120
2 394 514 1 431 445
3 394 500 1 431 429
4 308 783 1 340 730
5 447 1104 1 495 1154
6 367 1230 1 403 1211
7 388 677 1 424 615
8 374 500 1 409 429
9 173 376 1 193 302
10 383 212 1 415 122
11 430 244 1 467 157
12 375 514 1 410 444
13 338 1221 1 376 1179
14 394 524 1 430 454
15 399 539 1 435 471
16 403 1194 1 441 1188
17 414 264 1 450 179
18 416 759 1 455 705
19 231 66 1 246 -50
20 392 582 1 428 515
21 410 778 1 449 724
22 210 431 1 233 357
23 226 540 1 244 464
24 312 765 1 344 711
25 130 502 1 149 436
26 421 713 1 459 652
27 265 459 1 288 375
28 390 451 1 426 376
29 254 184 1 281 107
30 429 970 1 470 938
31 403 260 1 438 177
32 395 967 1 432 935
33 442 964 1 485 932
34 215 378 1 237 300
35 391 918 1 428 876
36 160 1088 1 164 1077
37 404 905 1 443 860
38 264 472 1 286 391
39 141 804 1 165 754
40 389 604 1 425 540
41 280 390 1 306 308
42 405 842 1 443 794
43 400 816 1 439 765
44 448 935 1 491 901
45 416 371 1 452 292
46 244 415 1 269 343
47 131 516 1 150 451
48 176 1134 1 197 1110
49 319 1088 1 348 1066
50 384 691 1 420 629
51 440 519 1 478 457
52 207 689 1 228 630
53 443 954 1 485 921
54 135 561 1 155 498
55 280 409 1 306 330
56 375 1208 1 412 1190
57 108 1208 1 100 1218
58 369 1240 1 404 1224
59 432 772 1 472 715
60 378 1171 1 415 1152
61 195 443 1 217 371
62 102 1192 1 93 1203
63 248 559 1 269 485
64 414 832 1 453 782
65 355 838 1 391 789
66 132 428 1 150 357
67 426 302 1 463 221
68 379 345 1 413 269
69 374 245 1 409 178
70 410 967 1 448 935
71 431 201 1 467 102
72 369 557 1 403 489
73 294 828 1 328 776
74 372 1218 1 408 1201
75 418 611 1 456 547
76 229 477 1 248 395
77 414 788 1 453 736
78 432 959 1 473 926
79 407 279 1 442 194
80 355 848 1 391 800
81 252 465 1 273 382
82 204 1042 1 215 1025
83 325 258 1 357 187
84 374 1199 1 411 1179
85 86 1040 1 80 1023
86 430 788 1 470 733
87 319 226 1 351 159
88 379 524 1 414 454
89 211 563 1 235 497
90 320 834 1 352 785
91 311 707 1 340 649
92 321 1213 1 358 1172
93 283 371 1 312 296
94 408 485 1 445 412
95 377 784 1 414 729
96 444 445 1 483 363
97 179 494 1 200 425
98 346 370 1 377 286
99 31 1211 1 13 1223
100 332 215 1 364 142
101 431 370 1 469 285
102 118 367 1 131 287
103 314 402 1 343 325
104 368 675 1 403 613
105 244 638 1 273 577
106 401 723 1 439 664
107 396 217 1 431 137
108 268 125 1 292 32
109 434 438 1 472 352
110 432 233 1 468 142
111 121 635 1 141 576
112 433 928 1 474 893
113 292 774 1 324 720
114 307 241 1 339 176
115 123 1078 1 123 1065
116 400 185 1 434 103
117 180 473 1 201 404
118 502 1184 1 569 1265
119 281 140 1 302 32
120 105 1091 1 112 1071
121 365 422 1 398 346
122 245 490 1 271 420
123 178 589 1 200 527
124 354 673 1 389 612
125 180 635 1 203 575
126 156 495 1 176 427
127 407 304 1 443 228
128 321 702 1 351 641
129 171 1087 1 183 1068
130 179 577 1 202 513
131 378 234 1 411 166
132 244 649 1 271 589
133 212 796 1 239 745
134 484 1188 1 545 1270
135 371 257 1 406 191
136 119 1215 1 116 1224
137 245 402 1 270 326
138 317 208 1 348 135
139 393 1170 1 429 1168
140 227 157 1 253 80
141 194 1044 1 214 1013
142 131 936 1 142 899
143 399 207 1 432 128
144 214 972 1 238 935
145 148 1043 1 155 1022
146 364 958 1 397 925
147 225 392 1 248 315
148 237 553 1 257 478
149 312 275 1 343 204
150 155 635 1 177 576
151 343 264 1 376 199
152 125 604 1 145 544
153 133 1181 1 137 1179
154 246 392 1 270 315
155 421 381 1 459 301
156 438 144 1 474 29
157 212 811 1 239 759
158 370 540 1 405 472
159 157 594 1 178 532
160 118 999 1 122 974
161 256 941 1 287 896
162 27 1253 1 11 1268
163 245 479 1 271 409
164 181 752 1 206 698
165 242 467 1 262 384
166 385 963 1 420 930
167 389 440 1 424 366
168 473 1177 1 531 1256
169 340 805 1 374 754
170 436 539 1 474 479
171 122 665 1 143 609
172 415 846 1 454 798
173 336 551 1 368 484
174 369 487 1 403 415
175 380 455 1 415 379
176 400 957 1 437 924
177 113 1072 1 112 1057
178 409 1180 1 448 1170
179 157 711 1 180 656
180 150 1082 1 163 1058
181 228 576 1 248 505
182 300 136 1 324 32
183 226 832 1 253 781
184 203 385 1 223 308
185 173 389 1 193 313
186 234 495 1 255 421
187 180 831 1 208 781
188 403 678 1 440 616
189 423 582 1 462 515
190 157 1005 1 164 980
191 158 752 1 180 698
192 226 403 1 248 328
193 390 290 1 426 215
194 433 351 1 471 264
195 157 609 1 178 549
196 419 222 1 454 133
197 158 783 1 182 733
198 294 411 1 323 336
199 170 1011 1 180 985
200 367 690 1 403 627
201 367 389 1 400 311
202 419 555 1 457 494
203 146 1139 1 157 1124
204 313 591 1 344 527
205 368 601 1 402 537
206 166 1142 1 195 1104
207 407 498 1 444 427
208 263 263 1 295 203
209 137 1199 1 135 1207
210 138 551 1 158 488
211 381 1113 1 417 1090
212 156 512 1 176 446
213 292 784 1 323 730
214 180 514 1 201 447
215 412 254 1 448 169
216 111 1197 1 107 1203
217 400 826 1 438 776
218 408 466 1 445 390
219 164 985 1 173 957
220 369 305 1 403 229
221 363 464 1 398 390
222 386 860 1 423 813
223 378 676 1 414 617
224 256 332 1 290 275
225 225 652 1 247 590
226 136 956 1 142 925
227 406 934 1 445 899
228 84 1150 1 82 1145
229 387 192 1 420 116
230 418 233 1 454 147
231 367 717 1 403 660
232 126 723 1 149 671
233 181 783 1 207 733
234 248 871 1 278 823
235 398 773 1 436 720
236 415 1130 1 454 1107
237 214 163 1 239 86
238 383 882 1 419 835
239 407 576 1 444 510
240 317 1028 1 346 1001
241 259 152 1 284 69
242 336 1028 1 367 1001
243 476 1158 1 533 1230
244 260 71 1 279 -44
245 238 282 1 268 214
246 370 443 1 404 367
247 283 249 1 315 186
248 354 422 1 386 346
249 414 991 1 452 961
250 378 290 1 411 212
251 138 1209 1 135 1218
252 125 1113 1 142 1086
253 407 895 1 445 849
254 112 547 1 130 484
255 388 980 1 424 948
256 407 919 1 446 882
257 398 423 1 435 348
258 388 202 1 422 129
259 294 482 1 324 410
260 422 921 1 462 885
261 432 267 1 469 180
262 313 817 1 346 766
263 399 981 1 436 949
264 316 755 1 349 700
265 189 970 1 210 933
266 248 832 1 278 781
267 106 747 1 128 696
268 244 339 1 275 277
269 62 1216 1 54 1222
270 377 279 1 411 201
271 85 1176 1 77 1178
272 402 197 1 437 116
273 306 255 1 339 192
274 87 1188 1 81 1191
275 299 959 1 333 916
276 312 581 1 344 516
277 363 520 1 398 450
278 292 724 1 323 668
279 155 938 1 170 900
280 406 175 1 440 92
281 60 687 1 63 628
282 180 727 1 205 673
283 391 1189 1 428 1178
284 179 710 1 204 654
285 160 1050 1 170 1027
286 96 349 1 105 266
287 407 165 1 440 79
288 225 420 1 248 346
289 210 901 1 239 855
290 157 667 1 180 610
291 153 1069 1 164 1048
292 332 1043 1 363 1017
293 386 539 1 423 471
294 223 516 1 240 438
295 441 203 1 478 103
296 184 980 1 210 940
297 418 487 1 455 418
298 363 976 1 395 944
299 186 1134 1 209 1107
300 158 726 1 181 672
301 441 529 1 479 467
302 138 1081 1 150 1057
303 522 1128 1 598 1195
304 99 609 1 118 550
305 239 156 1 265 79
306 103 1025 1 100 1005
307 28 1224 1 18 1227
308 169 398 1 190 325
309 314 412 1 343 337
310 313 607 1 345 544
311 294 838 1 326 789
312 293 582 1 324 517
313 308 183 1 337 101
314 72 370 1 82 292
315 179 609 1 202 548
316 157 651 1 180 593
317 366 331 1 399 260
318 180 955 1 190 923
319 424 212 1 459 121
320 363 577 1 397 512
321 163 950 1 174 915
322 108 1237 1 116 1231
323 201 175 1 225 98
324 437 221 1 475 127
325 102 1112 1 114 1090
326 364 944 1 397 911
327 198 358 1 215 274
328 81 1227 1 77 1232
329 63 1020 1 54 1001
330 294 491 1 324 421
331 293 607 1 323 544
332 303 723 1 335 667
333 92 1160 1 93 1152
334 136 1128 1 154 1105
335 381 257 1 416 190
336 292 592 1 323 528
337 409 1017 1 448 988
338 424 398 1 462 319
339 364 1028 1 399 1001
340 441 191 1 478 87
341 51 1242 1 47 1244
342 347 435 1 379 358
343 331 562 1 363 495
344 122 708 1 144 654
345 133 1140 1 139 1130
346 156 474 1 175 405
347 202 795 1 229 745
348 293 850 1 326 801
349 293 707 1 324 650
350 283 956 1 316 913
351 579 864 1 711 850
352 57 1135 1 51 1128
353 78 1074 1 85 1051
354 386 335 1 421 267
355 273 370 1 298 290
356 113 1144 1 115 1136
357 408 1058 1 447 1032
358 62 1003 1 44 986
359 117 989 1 120 962
360 294 506 1 324 437
361 356 704 1 391 645
362 147 384 1 165 308
363 434 918 1 475 882
364 410 981 1 449 949
365 130 1159 1 140 1146
366 102 974 1 102 945
367 313 498 1 344 427
368 489 1153 1 552 1222
369 660 966 1 961 1101
370 57 1200 1 47 1204
371 155 577 1 176 514
372 26 1240 1 16 1245
373 322 240 1 354 175
374 395 308 1 431 235
375 383 155 1 415 70
376 95 362 1 105 279
377 389 227 1 423 155
378 472 1167 1 529 1243
379 400 562 1 437 496
380 415 453 1 452 380
381 28 1072 1 1 1069
382 110 356 1 121 274
383 395 1133 1 433 1112
384 45 1039 1 42 1016
385 130 741 1 153 689
386 151 977 1 156 949
387 34 1183 1 23 1183
388 312 1182 1 347 1150
389 422 635 1 460 573
390 437 697 1 478 633
391 160 849 1 182 803
392 311 507 1 342 438
393 505 1169 1 574 1245
394 367 270 1 401 206
395 328 1074 1 358 1051
396 398 1051 1 433 1025
397 388 721 1 426 663
398 57 587 1 60 519
399 225 494 1 245 417
400 291 149 1 314 43
401 87 1140 1 90 1127
402 197 1059 1 227 1020
403 431 380 1 470 298
404 335 233 1 367 166
405 170 962 1 177 932
406 382 1020 1 419 992
407 345 756 1 379 700
408 162 1132 1 184 1105
409 139 1052 1 155 1023
410 153 418 1 173 345
411 184 363 1 201 281
412 88 1087 1 83 1076
413 421 319 1 458 239
414 305 163 1 334 81
415 60 1030 1 50 1012
416 345 768 1 379 712
417 387 1042 1 423 1015
418 219 989 1 251 947
419 111 978 1 109 952
420 176 1071 1 200 1039
421 92 969 1 90 941
422 147 999 1 158 970
423 428 173 1 463 65
424 227 611 1 249 545
425 204 939 1 221 902
426 158 830 1 184 781
427 365 1208 1 401 1190
428 226 869 1 254 821
429 413 1212 1 452 1289
430 592 853 1 741 837
431 394 903 1 432 858
432 41 1215 1 14 1238
433 151 1251 1 154 1263
434 317 775 1 350 719
435 116 1099 1 131 1073
436 324 824 1 356 774
437 360 1161 1 392 1159
438 91 1233 1 78 1251
439 196 950 1 215 913
440 384 246 1 419 177
441 467 1116 1 523 1172
442 55 1145 1 50 1136
443 211 368 1 232 290
444 166 866 1 181 823
445 403 690 1 440 631
446 154 1059 1 167 1035
447 51 1073 1 21 1074
448 153 988 1 160 961
449 357 438 1 391 362
450 216 82 1 238 -6
451 132 967 1 138 936
452 120 1041 1 119 1024
453 153 1240 1 160 1244
454 488 937 1 543 917
455 35 998 1 17 978
456 122 471 1 142 405
457 130 526 1 150 460
458 173 1112 1 195 1084
459 304 421 1 334 347
460 297 876 1 331 829
461 112 1129 1 114 1119
462 399 1080 1 436 1057
463 408 1067 1 447 1042
464 408 1114 1 446 1092
465 385 946 1 420 912
466 293 244 1 325 181
467 62 1188 1 41 1204
468 400 992 1 437 961
469 407 295 1 443 215
470 131 798 1 156 748
471 270 250 1 302 191
472 400 660 1 437 599
473 329 834 1 362 784
474 133 389 1 151 317
475 218 910 1 245 867
476 394 1006 1 431 976
477 359 1070 1 394 1047
478 185 899 1 199 860
479 46 356 1 51 273
480 114 1251 1 118 1254
481 39 1231 1 14 1255
482 344 669 1 378 609
483 44 1252 1 40 1254
484 251 271 1 283 210
485 447 976 1 490 945
486 469 869 1 517 828
487 406 762 1 444 709
488 456 1104 1 508 1154
489 241 67 1 258 -48
490 219 688 1 238 628
491 363 497 1 398 425
492 24 1150 1 5 1152
493 63 1066 1 53 1052
494 409 1077 1 448 1052
495 313 483 1 344 412
496 125 752 1 148 699
497 304 284 1 330 195
498 59 1040 1 49 1023
499 180 666 1 204 610
500 175 1124 1 194 1100
501 271 196 1 301 127
502 273 1222 1 294 1229
503 408 135 1 442 27
504 54 608 1 57 543
505 123 1150 1 124 1144
506 176 1143 1 207 1106
507 258 1228 1 277 1236
508 159 961 1 168 930
509 345 721 1 379 664
510 54 1016 1 42 996
511 409 427 1 444 350
512 424 876 1 465 832
513 358 925 1 391 888
514 377 1229 1 413 1213
515 404 529 1 440 461
516 376 356 1 409 271
517 239 989 1 260 958
518 368 290 1 402 218
519 106 1226 1 113 1219
520 315 421 1 345 346
521 344 460 1 377 385
522 482 1176 1 542 1255
523 424 911 1 464 874
524 373 976 1 407 944
525 54 1097 1 65 1068
526 408 1027 1 447 998
527 507 1048 1 574 1075
528 281 1024 1 307 997
529 101 935 1 97 904
530 91 1110 1 94 1095
531 294 420 1 321 345
532 409 640 1 447 579
533 359 548 1 394 480
534 156 1230 1 157 1242
535 53 1062 1 45 1046
536 465 670 1 510 600
537 317 787 1 351 734
538 50 1087 1 40 1075
539 146 957 1 150 927
540 383 181 1 416 102
541 395 946 1 432 912
542 216 1002 1 242 964
543 416 497 1 454 429
544 295 254 1 327 190
545 164 897 1 178 856
546 313 392 1 343 314
547 199 418 1 221 344
548 358 1102 1 391 1082
549 175 1042 1 198 1007
550 399 413 1 435 337
551 77 1096 1 85 1073
552 221 1080 1 242 1054
553 414 678 1 453 618
554 72 1213 1 70 1214
555 92 1011 1 102 982
556 195 348 1 212 262
557 193 1088 1 210 1066
558 129 1016 1 132 992
559 365 150 1 394 38
560 31 1173 1 14 1177
561 308 966 1 337 932
562 82 990 1 84 961
563 487 1099 1 548 1146
564 500 1159 1 567 1232
565 219 1013 1 249 973
566 383 1104 1 420 1079
567 83 1112 1 89 1094
568 88 1025 1 92 999
569 30 1101 1 29 1083
570 287 1195 1 321 1163
571 411 712 1 450 653
572 57 1227 1 39 1244
573 356 1113 1 393 1081
574 114 1186 1 110 1190
575 453 945 1 496 913
576 193 940 1 210 903
577 69 992 1 66 965
578 330 1058 1 362 1030
579 351 883 1 386 836
580 403 78 1 436 -12
581 406 373 1 442 306
582 73 1003 1 66 981
583 225 671 1 247 610
584 357 1244 1 393 1224
585 311 1121 1 343 1094
586 134 1236 1 153 1218
587 410 621 1 447 559
588 119 877 1 144 830
589 311 1227 1 346 1197
590 434 449 1 472 365
591 178 912 1 194 873
592 335 692 1 367 632
593 240 169 1 266 91
594 419 1166 1 459 1165
595 412 566 1 451 500
596 145 1149 1 147 1145
597 267 165 1 295 87
598 434 278 1 472 190
599 408 1141 1 446 1134
600 277 317 1 310 255
601 134 887 1 156 842
602 501 1204 1 567 1279
603 201 810 1 228 758
604 360 1040 1 393 1013
605 196 896 1 223 851
606 423 184 1 459 80
607 394 248 1 429 176
608 229 794 1 256 742
609 269 135 1 296 52
610 345 550 1 378 482
611 229 969 1 248 936
612 518 763 1 591 698
613 189 99 1 210 13
614 144 1236 1 154 1234
615 133 1038 1 140 1015
616 429 526 1 468 464
617 36 1008 1 12 992
618 97 1149 1 97 1141
619 40 1242 1 39 1240
620 395 1016 1 431 987
621 414 1194 1 455 1195
622 242 584 1 269 520
623 141 1249 1 170 1217
624 64 1087 1 61 1072
625 380 917 1 414 880
626 303 606 1 335 543
627 141 1119 1 156 1097
628 31 1161 1 18 1158
629 456 627 1 499 556
630 95 1003 1 96 976
631 215 889 1 236 847
632 88 1130 1 87 1120
633 343 711 1 377 652
634 389 638 1 426 579
635 384 1005 1 420 975
636 335 1163 1 373 1127
637 244 358 1 273 290
638 131 1004 1 131 981
639 51 1210 1 30 1228
640 352 1184 1 389 1153
641 29 981 1 4 962
642 452 1095 1 504 1143
643 106 1008 1 108 983
644 138 1064 1 153 1038
645 141 515 1 160 449
646 220 900 1 246 856
647 411 243 1 446 156
648 326 1125 1 359 1099
649 261 221 1 293 160
650 277 1199 1 312 1162
651 334 379 1 365 300
652 402 92 1 435 4
653 495 1124 1 559 1178
654 332 724 1 364 667
655 55 1171 1 49 1167
656 409 212 1 443 121
657 424 436 1 461 354
658 262 1146 1 293 1115
659 464 1084 1 515 1094
660 339 343 1 370 258
661 157 400 1 177 328
662 367 1089 1 401 1067
663 234 1244 1 249 1254
664 409 412 1 445 336
665 219 184 1 244 109
666 269 152 1 295 71
667 121 651 1 141 593
668 363 1050 1 398 1024
669 395 345 1 430 265
670 201 566 1 225 501
671 143 820 1 159 771
672 421 292 1 458 210
673 127 1066 1 135 1045
674 317 670 1 350 611
675 408 343 1 444 264
676 367 787 1 403 735
677 293 217 1 319 124
678 98 985 1 99 957
679 196 1029 1 214 1000
680 317 806 1 350 754
681 393 257 1 427 183
682 379 267 1 414 196
683 292 666 1 323 606
684 354 939 1 386 904
685 80 974 1 76 947
686 115 1051 1 118 1030
687 193 995 1 211 964
688 238 957 1 268 914
689 287 873 1 320 826
690 151 916 1 156 881
691 70 1227 1 59 1239
692 68 1201 1 46 1221
693 166 63 1 186 -22
694 254 305 1 282 233
695 376 1046 1 411 1020
696 269 955 1 300 912
697 495 988 1 555 986
698 75 1144 1 68 1141
699 62 1243 1 57 1247
700 424 1137 1 465 1128
701 83 1217 1 81 1218
702 386 315 1 421 243
703 383 850 1 422 801
704 410 185 1 445 101
705 122 1090 1 130 1070
706 207 951 1 224 916
707 281 197 1 311 127
708 125 956 1 129 925
709 282 151 1 309 65
710 258 1020 1 281 992
711 40 1170 1 18 1181
712 62 368 1 70 288
713 264 106 1 287 12
714 105 1177 1 106 1172
715 309 1241 1 345 1209
716 299 1055 1 335 1012
717 498 1225 1 565 1321
718 296 182 1 325 104
719 141 794 1 165 743
720 30 1056 1 18 1040
721 185 397 1 206 323
722 168 1001 1 175 975
723 373 860 1 410 812
724 419 357 1 456 271
725 399 618 1 436 555
726 464 1016 1 510 998
727 268 1024 1 293 996
728 357 719 1 393 662
729 221 1189 1 234 1192
730 398 269 1 432 187
731 228 593 1 253 529
732 401 235 1 435 161
733 258 320 1 288 253
734 319 166 1 343 58
735 318 635 1 351 575
736 376 222 1 410 150
737 396 165 1 430 80
738 349 988 1 380 957
739 146 1226 1 147 1234
740 193 924 1 207 888
741 247 370 1 269 288
742 229 981 1 249 949
743 272 941 1 304 896
744 228 812 1 257 762
745 127 989 1 125 966
746 99 959 1 100 928
747 32 1082 1 18 1071
748 393 1199 1 431 1187
749 222 1229 1 235 1238
750 409 440 1 445 364
751 408 1224 1 447 1221
752 296 274 1 322 186
753 140 369 1 156 289
754 97 1042 1 101 1018
755 206 911 1 230 868
756 380 1244 1 417 1225
757 340 159 1 367 50
758 78 1020 1 75 998
759 358 289 1 392 222
760 260 253 1 292 194
761 303 590 1 334 526
762 104 1102 1 117 1077
763 166 1237 1 180 1232
