0 392 1200 1 375 1154
1 407 179 1 410 127
2 438 485 1 437 440
3 438 471 1 437 425
4 359 758 1 350 712
5 505 1094 1 491 1054
6 431 1207 1 413 1162
7 437 649 1 430 604
8 418 471 1 415 425
9 211 353 1 208 302
10 417 179 1 420 128
11 466 210 1 470 160
12 419 486 1 416 440
13 402 1193 1 385 1147
14 438 495 1 436 450
15 444 510 1 441 465
16 451 231 1 454 182
17 468 732 1 460 689
18 256 36 1 260 -24
19 431 1217 1 414 1172
20 438 554 1 434 508
21 461 751 1 455 707
22 250 408 1 247 357
23 268 517 1 262 467
24 363 741 1 354 695
25 173 482 1 167 432
26 471 685 1 464 640
27 305 434 1 303 383
28 432 422 1 431 375
29 286 157 1 289 104
30 486 947 1 474 904
31 439 227 1 442 178
32 451 945 1 439 901
33 435 1196 1 418 1151
34 499 940 1 488 898
35 253 354 1 250 302
36 384 1187 1 368 1140
37 216 1072 1 200 1026
38 459 879 1 449 836
39 251 1024 1 236 977
40 305 447 1 301 397
41 193 784 1 183 736
42 435 576 1 431 531
43 319 364 1 317 313
44 459 816 1 449 773
45 453 790 1 445 746
46 504 912 1 493 869
47 456 339 1 456 292
48 284 391 1 281 341
49 174 496 1 168 446
50 377 1068 1 362 1023
51 434 665 1 427 620
52 484 488 1 483 444
53 255 667 1 247 620
54 499 930 1 488 888
55 179 542 1 173 492
56 166 1195 1 147 1147
57 319 383 1 318 333
58 484 746 1 476 700
59 235 420 1 231 369
60 192 1166 1 175 1119
61 291 536 1 286 486
62 467 806 1 458 763
63 408 812 1 399 769
64 172 408 1 167 356
65 464 269 1 467 222
66 418 315 1 419 266
67 410 214 1 414 166
68 466 944 1 454 901
69 465 166 1 470 114
70 414 529 1 410 483
71 347 804 1 338 757
72 465 583 1 461 538
73 270 453 1 266 402
74 465 762 1 458 719
75 488 935 1 477 893
76 234 1113 1 218 1065
77 444 247 1 447 198
78 408 823 1 399 779
79 292 441 1 289 389
80 361 230 1 363 180
81 437 1186 1 419 1141
82 436 1176 1 420 1132
83 482 762 1 474 717
84 354 198 1 357 148
85 423 496 1 421 450
86 256 541 1 250 492
87 372 810 1 362 765
88 91 1200 1 70 1152
89 178 1201 1 159 1154
90 322 345 1 322 295
91 451 455 1 449 409
92 429 758 1 421 712
93 486 414 1 486 366
94 221 472 1 216 422
95 230 982 1 216 936
96 385 341 1 385 291
97 366 185 1 370 135
98 470 338 1 472 290
99 155 347 1 151 292
100 353 374 1 352 325
101 417 648 1 411 602
102 291 616 1 286 567
103 451 696 1 445 651
104 431 184 1 435 135
105 175 1063 1 162 1016
106 297 96 1 301 40
107 476 407 1 475 359
108 467 199 1 471 148
109 168 616 1 160 566
110 488 905 1 477 862
111 344 750 1 335 703
112 343 213 1 345 164
113 434 151 1 439 101
114 221 452 1 217 401
115 563 1177 1 549 1139
116 309 110 1 313 52
117 405 393 1 405 346
118 287 466 1 283 417
119 116 1176 1 96 1128
120 223 568 1 216 519
121 403 647 1 397 601
122 226 614 1 219 566
123 198 474 1 193 424
124 445 273 1 448 225
125 223 556 1 218 506
126 413 203 1 416 155
127 291 626 1 284 578
128 264 775 1 254 727
129 544 1181 1 529 1143
130 407 226 1 411 179
131 29 1000 1 16 949
132 285 377 1 283 327
133 351 179 1 354 128
134 454 1150 1 437 1108
135 258 131 1 261 77
136 172 983 1 158 936
137 433 175 1 437 125
138 214 847 1 203 799
139 204 1028 1 188 980
140 419 936 1 407 892
141 141 1026 1 124 978
142 263 368 1 261 317
143 280 531 1 275 480
144 347 247 1 350 197
145 202 615 1 194 566
146 379 235 1 382 187
147 171 584 1 163 536
148 37 1186 1 15 1137
149 285 367 1 282 317
150 462 349 1 463 302
151 470 107 1 476 52
152 264 789 1 254 741
153 414 512 1 412 466
154 202 573 1 195 524
155 126 1255 1 106 1202
156 313 918 1 300 872
157 115 1031 1 99 982
158 287 455 1 283 406
159 231 731 1 223 683
160 282 443 1 279 391
161 440 941 1 428 897
162 431 410 1 430 364
163 533 1171 1 518 1133
164 392 780 1 383 735
165 481 508 1 479 465
166 170 646 1 161 598
167 469 820 1 459 777
168 380 524 1 377 478
169 412 458 1 410 412
170 215 1033 1 201 985
171 161 1179 1 141 1133
172 45 1169 1 24 1120
173 422 426 1 421 379
174 456 934 1 444 891
175 470 1159 1 454 1116
176 60 1028 1 43 978
177 206 690 1 197 642
178 29 1148 1 15 1095
179 272 554 1 266 504
180 330 105 1 334 49
181 278 810 1 268 762
182 241 362 1 238 310
183 211 366 1 209 314
184 275 471 1 270 422
185 233 810 1 224 762
186 453 650 1 446 605
187 469 553 1 466 509
188 211 989 1 197 941
189 225 994 1 211 947
190 208 732 1 198 683
191 264 379 1 261 328
192 428 259 1 431 211
193 473 318 1 475 270
194 206 1064 1 192 1016
195 202 588 1 195 540
196 453 188 1 458 138
197 209 763 1 200 716
198 334 384 1 333 335
199 417 664 1 411 618
200 406 360 1 407 312
201 464 526 1 461 482
202 359 566 1 354 519
203 414 574 1 409 528
204 46 1008 1 30 957
205 450 468 1 449 422
206 299 238 1 300 189
207 182 532 1 175 482
208 440 1091 1 425 1047
209 199 492 1 193 442
210 343 760 1 334 713
211 222 492 1 217 442
212 448 221 1 452 171
213 47 1024 1 28 974
214 453 800 1 444 757
215 451 436 1 449 390
216 149 1114 1 132 1066
217 406 274 1 409 226
218 405 436 1 405 388
219 440 835 1 430 791
220 427 650 1 421 605
221 295 308 1 295 259
222 271 630 1 264 582
223 461 911 1 450 868
224 421 159 1 425 110
225 54 1171 1 34 1122
226 454 199 1 458 150
227 417 690 1 410 646
228 176 704 1 167 657
229 232 763 1 223 716
230 301 848 1 292 802
231 450 746 1 442 703
232 476 1106 1 459 1063
233 245 137 1 248 83
234 437 856 1 426 813
235 453 547 1 449 503
236 374 1007 1 360 963
237 289 125 1 292 70
238 393 1008 1 380 963
239 535 1151 1 520 1112
240 287 40 1 291 -19
241 275 256 1 276 206
242 412 414 1 411 366
243 319 222 1 321 173
244 394 393 1 394 346
245 471 968 1 457 925
246 415 259 1 417 210
247 371 677 1 363 631
248 462 869 1 451 826
249 156 528 1 149 478
250 444 957 1 432 914
251 462 896 1 452 852
252 440 393 1 440 346
253 422 170 1 426 121
254 336 456 1 334 407
255 236 957 1 222 910
256 477 898 1 466 855
257 469 233 1 473 184
258 366 792 1 356 747
259 455 959 1 443 915
260 366 731 1 359 684
261 301 809 1 291 762
262 157 729 1 147 681
263 282 315 1 282 266
264 208 1143 1 192 1094
265 414 248 1 416 199
266 436 163 1 441 113
267 342 228 1 344 179
268 145 1175 1 126 1126
269 358 555 1 354 508
270 407 492 1 405 446
271 342 700 1 334 654
272 111 1205 1 91 1156
273 439 141 1 444 91
274 106 671 1 96 620
275 230 706 1 221 659
276 452 1168 1 436 1124
277 228 689 1 220 640
278 280 846 1 269 800
279 132 330 1 128 275
280 439 131 1 445 80
281 265 396 1 261 346
282 205 647 1 197 599
283 172 1174 1 153 1126
284 390 1022 1 376 977
285 431 511 1 429 465
286 264 493 1 259 442
287 357 688 1 349 642
288 475 168 1 480 116
289 89 1244 1 71 1195
290 461 457 1 460 412
291 418 954 1 406 910
292 207 705 1 198 658
293 486 498 1 484 454
294 157 1011 1 141 963
295 205 915 1 193 868
296 583 1120 1 570 1082
297 145 591 1 137 541
298 270 130 1 273 76
299 143 1254 1 123 1205
300 184 1093 1 169 1045
301 208 376 1 205 324
302 353 384 1 352 335
303 359 581 1 355 535
304 347 813 1 337 769
305 339 556 1 334 509
306 340 153 1 344 101
307 109 352 1 104 297
308 225 588 1 218 539
309 196 1196 1 177 1148
310 204 631 1 197 582
311 404 301 1 405 254
312 458 178 1 463 127
313 409 550 1 404 504
314 221 1116 1 205 1068
315 87 1216 1 67 1166
316 233 151 1 234 96
317 472 186 1 477 136
318 229 1132 1 212 1085
319 61 1040 1 43 990
320 420 923 1 408 879
321 234 334 1 232 281
322 113 1227 1 93 1178
323 34 1245 1 10 1197
324 336 466 1 334 417
325 339 582 1 334 535
326 353 699 1 346 653
327 150 1145 1 133 1097
328 417 226 1 420 178
329 338 567 1 333 520
330 467 994 1 454 951
331 465 366 1 466 319
332 422 1007 1 409 963
333 475 155 1 481 103
334 55 1161 1 35 1112
335 388 406 1 387 359
336 376 535 1 372 489
337 172 689 1 163 641
338 197 453 1 192 403
339 254 774 1 244 728
340 347 826 1 337 781
341 342 683 1 335 637
342 340 932 1 328 888
343 637 851 1 634 806
344 116 1122 1 97 1073
345 425 304 1 426 258
346 310 344 1 309 293
347 392 1144 1 376 1100
348 467 1035 1 453 992
349 154 1026 1 138 978
350 34 1167 1 13 1117
351 216 1158 1 198 1110
352 337 481 1 334 433
353 406 679 1 399 634
354 185 363 1 182 310
355 489 895 1 478 852
356 467 958 1 454 915
357 244 1012 1 230 966
358 198 1111 1 181 1062
359 156 958 1 141 910
360 356 471 1 354 423
361 549 1146 1 535 1107
362 179 1250 1 159 1201
363 199 556 1 193 507
364 88 1226 1 67 1177
365 357 212 1 360 163
366 433 277 1 436 230
367 415 122 1 420 70
368 131 342 1 127 287
369 423 195 1 427 147
370 532 1160 1 517 1122
371 446 533 1 443 489
372 458 422 1 457 376
373 147 336 1 142 281
374 456 1110 1 440 1067
375 170 973 1 156 925
376 180 722 1 171 674
377 204 961 1 190 913
378 113 1160 1 95 1111
379 73 1044 1 55 994
380 469 607 1 464 563
381 486 670 1 481 624
382 213 830 1 202 782
383 421 415 1 420 368
384 354 481 1 351 433
385 566 1162 1 552 1124
386 403 239 1 406 192
387 386 1053 1 371 1009
388 456 1028 1 440 985
389 439 695 1 433 649
390 100 571 1 91 518
391 266 470 1 262 420
392 321 118 1 325 62
393 188 1067 1 172 1019
394 230 1030 1 215 982
395 472 348 1 473 301
396 369 204 1 372 155
397 49 1038 1 31 988
398 440 998 1 427 954
399 396 730 1 387 684
400 193 397 1 189 345
401 220 340 1 217 287
402 44 985 1 27 934
403 57 948 1 40 899
404 459 287 1 462 239
405 337 133 1 341 80
406 224 934 1 211 887
407 396 743 1 388 696
408 445 1019 1 431 976
409 146 1126 1 128 1077
410 168 1104 1 152 1055
411 146 954 1 130 906
412 215 1216 1 196 1169
413 460 137 1 466 84
414 272 589 1 266 540
415 211 809 1 201 762
416 427 1186 1 411 1141
417 157 1135 1 139 1086
418 651 840 1 649 795
419 449 877 1 438 834
420 494 920 1 483 877
421 116 1138 1 100 1088
422 369 750 1 361 703
423 375 1108 1 360 1063
424 376 799 1 366 755
425 419 1142 1 404 1100
426 102 1227 1 84 1177
427 122 1197 1 102 1148
428 420 215 1 423 167
429 526 1107 1 512 1068
430 249 344 1 246 293
431 84 1043 1 65 994
432 453 663 1 445 620
433 235 931 1 222 883
434 191 1218 1 173 1170
435 207 972 1 193 924
436 398 409 1 398 361
437 243 54 1 247 -2
438 186 951 1 172 903
439 43 1047 1 23 997
440 544 918 1 534 876
441 88 987 1 71 937
442 163 451 1 158 400
443 173 507 1 167 456
444 189 864 1 178 817
445 345 393 1 343 345
446 190 1124 1 174 1077
447 458 1057 1 443 1015
448 467 1044 1 453 1001
449 58 964 1 39 914
450 468 1091 1 452 1049
451 440 923 1 428 880
452 328 217 1 331 168
453 457 969 1 444 926
454 445 262 1 448 214
455 183 779 1 174 731
456 305 224 1 307 175
457 449 633 1 443 588
458 382 809 1 372 765
459 171 369 1 167 316
460 113 1013 1 97 964
461 451 983 1 438 940
462 418 1049 1 404 1005
463 68 986 1 52 937
464 82 339 1 77 282
465 78 1011 1 61 961
466 176 1235 1 157 1187
467 393 643 1 386 597
468 183 1079 1 167 1031
469 287 246 1 289 196
470 504 952 1 492 910
471 523 845 1 515 802
472 458 736 1 450 692
473 515 1095 1 501 1055
474 267 36 1 272 -23
475 265 667 1 257 619
476 407 469 1 405 422
477 81 1139 1 62 1090
478 45 1150 1 25 1100
479 170 1183 1 151 1135
480 468 1054 1 454 1011
481 356 456 1 353 408
482 176 732 1 167 683
483 339 255 1 340 203
484 227 646 1 220 598
485 234 1105 1 219 1057
486 305 169 1 307 118
487 334 1206 1 316 1161
488 440 99 1 446 44
489 98 592 1 89 540
490 318 1212 1 302 1167
491 213 945 1 198 897
492 395 695 1 388 650
493 107 1004 1 90 954
494 450 397 1 449 350
495 478 851 1 469 808
496 413 903 1 401 859
497 440 1206 1 422 1162
498 449 500 1 446 455
499 414 325 1 415 276
500 294 970 1 281 924
501 406 259 1 408 211
502 166 1210 1 149 1160
503 81 1198 1 61 1148
504 355 394 1 354 345
505 386 432 1 385 384
506 543 1170 1 527 1132
507 479 888 1 468 845
508 429 954 1 417 910
509 65 1162 1 46 1113
510 466 1004 1 453 961
511 566 1035 1 554 995
512 338 1004 1 325 959
513 153 921 1 139 872
514 138 1218 1 118 1169
515 333 393 1 331 344
516 458 612 1 453 568
517 404 521 1 401 474
518 63 1184 1 43 1136
519 513 642 1 509 597
520 369 762 1 361 717
521 473 1205 1 455 1164
522 199 941 1 185 893
523 416 148 1 421 98
524 450 923 1 439 880
525 273 981 1 260 934
526 460 467 1 459 422
527 331 227 1 333 178
528 353 364 1 352 315
529 239 395 1 235 344
530 417 1081 1 402 1037
531 427 1247 1 408 1202
532 439 383 1 440 336
533 146 1097 1 129 1048
534 280 1061 1 264 1014
535 464 650 1 458 606
536 132 1200 1 114 1151
537 143 1001 1 128 953
538 231 324 1 228 271
539 252 932 1 239 885
540 396 116 1 401 60
541 363 945 1 352 900
542 546 1089 1 533 1050
543 561 1152 1 546 1113
544 183 990 1 167 942
545 277 993 1 264 945
546 443 1081 1 428 1037
547 194 971 1 180 923
548 59 985 1 42 934
549 229 1220 1 210 1172
550 183 999 1 169 951
551 461 684 1 455 640
552 162 1077 1 147 1027
553 509 922 1 497 880
554 124 1210 1 104 1162
555 123 978 1 108 928
556 215 1042 1 200 994
557 406 858 1 395 814
558 433 42 1 440 -10
559 53 1201 1 32 1152
560 127 989 1 111 941
561 389 1039 1 376 997
562 271 649 1 264 601
563 420 1221 1 403 1175
564 371 1099 1 356 1054
565 457 593 1 453 549
566 173 858 1 162 809
567 375 1202 1 358 1156
568 476 417 1 476 369
569 174 1131 1 157 1082
570 384 668 1 377 622
571 271 143 1 274 89
572 480 1147 1 464 1105
573 458 537 1 456 493
574 204 1045 1 189 997
575 299 137 1 302 84
576 471 244 1 475 195
577 467 1122 1 452 1078
578 315 291 1 316 242
579 258 1005 1 244 958
580 62 1205 1 42 1156
581 253 788 1 243 740
582 417 1018 1 404 974
583 457 148 1 462 95
584 430 216 1 434 168
585 281 772 1 271 724
586 299 107 1 304 52
587 390 523 1 386 477
588 570 740 1 566 693
589 217 74 1 220 16
590 131 1189 1 112 1141
591 194 1035 1 179 986
592 475 495 1 473 451
593 37 1057 1 18 1007
594 60 937 1 43 886
595 284 951 1 271 905
596 452 993 1 439 950
597 288 560 1 282 512
598 53 1216 1 34 1166
599 434 895 1 423 851
600 350 581 1 345 534
601 212 1128 1 196 1079
602 88 1148 1 70 1099
603 503 599 1 500 553
604 161 1219 1 143 1171
605 268 869 1 256 822
606 394 686 1 387 641
607 437 611 1 432 566
608 441 983 1 428 939
609 78 1147 1 59 1098
610 282 332 1 282 283
611 101 1196 1 82 1147
612 81 971 1 63 921
613 161 993 1 146 945
614 189 940 1 176 892
615 184 495 1 177 445
616 68 955 1 51 905
617 446 210 1 450 160
618 387 1103 1 372 1058
619 296 195 1 298 145
620 373 351 1 373 301
621 432 57 1 439 5
622 555 1114 1 542 1075
623 382 700 1 374 654
624 155 1047 1 138 998
625 235 941 1 221 893
626 124 1079 1 106 1030
627 443 178 1 448 127
628 466 404 1 465 357
629 147 1011 1 132 963
630 200 994 1 186 946
631 377 314 1 378 264
632 196 379 1 192 327
633 425 1067 1 411 1024
634 294 1228 1 277 1182
635 449 382 1 449 335
636 251 159 1 253 105
637 299 124 1 303 70
638 168 632 1 160 582
639 421 1028 1 408 984
640 433 313 1 435 265
641 246 544 1 240 494
642 193 801 1 183 753
643 458 260 1 462 211
644 180 964 1 166 916
645 365 645 1 359 599
646 447 311 1 448 264
647 419 760 1 411 717
648 326 188 1 328 134
649 152 970 1 137 921
650 589 1130 1 575 1092
651 189 1245 1 170 1196
652 133 1245 1 114 1195
653 370 781 1 360 736
654 428 226 1 432 178
655 416 235 1 419 187
656 340 642 1 334 595
657 409 917 1 397 873
658 133 960 1 118 911
659 64 1195 1 44 1146
660 42 995 1 26 944
661 55 1239 1 35 1189
662 341 849 1 331 804
663 203 900 1 190 852
664 260 1027 1 245 980
665 193 37 1 197 -20
666 351 852 1 341 807
667 291 279 1 291 228
668 433 1024 1 420 980
669 325 932 1 313 886
670 553 971 1 542 930
671 226 1074 1 210 1027
672 123 1229 1 103 1180
673 484 1116 1 470 1074
674 197 874 1 186 826
675 424 284 1 426 236
676 438 824 1 429 781
677 444 151 1 449 101
678 142 1244 1 122 1195
679 314 170 1 317 118
680 179 941 1 164 892
681 314 1001 1 301 955
682 99 350 1 93 295
683 292 77 1 297 20
684 164 1161 1 146 1113
685 373 1216 1 356 1169
686 358 1029 1 345 984
687 328 153 1 332 101
688 193 774 1 183 726
689 116 990 1 100 941
690 223 374 1 220 322
691 427 834 1 417 791
692 458 325 1 460 276
693 447 590 1 442 545
694 522 995 1 509 953
695 325 1005 1 311 959
696 408 693 1 400 648
697 280 1173 1 263 1127
698 434 237 1 437 188
699 274 571 1 267 522
700 435 202 1 439 154
701 295 294 1 295 244
702 349 135 1 353 78
703 365 609 1 360 564
704 411 191 1 415 142
705 429 131 1 434 80
706 406 966 1 392 922
707 205 1211 1 186 1164
708 247 907 1 233 859
709 284 345 1 283 293
710 284 962 1 271 916
711 328 918 1 317 872
712 281 790 1 271 744
713 254 979 1 241 932
714 152 943 1 138 895
715 455 1178 1 438 1133
716 282 1213 1 264 1168
717 450 409 1 449 363
718 59 1149 1 40 1099
719 331 246 1 332 193
720 177 348 1 174 294
721 72 1208 1 53 1158
722 260 890 1 249 843
723 443 1221 1 426 1176
724 371 126 1 375 70
725 133 1006 1 116 957
726 395 259 1 398 212
727 296 228 1 298 179
728 348 564 1 344 518
729 72 1054 1 53 1005
