0 383 1207 1 377 1147
1 421 1215 1 415 1151
2 402 185 1 412 129
3 432 491 1 438 439
4 432 477 1 438 424
5 352 764 1 352 709
6 496 1106 1 490 1037
7 431 655 1 432 602
8 412 477 1 417 424
9 206 358 1 211 302
10 413 185 1 422 129
11 462 215 1 471 161
12 413 491 1 418 439
13 393 1199 1 387 1140
14 433 501 1 437 449
15 438 516 1 442 464
16 56 1182 1 60 1111
17 446 237 1 455 183
18 461 738 1 461 685
19 252 40 1 263 -19
20 422 1225 1 416 1161
21 432 560 1 435 507
22 455 757 1 456 704
23 245 412 1 250 357
24 262 522 1 266 467
25 356 746 1 356 692
26 167 487 1 171 431
27 465 691 1 465 637
28 300 439 1 306 384
29 427 427 1 433 374
30 283 162 1 291 104
31 478 954 1 475 897
32 434 233 1 443 178
33 443 952 1 441 894
34 427 1204 1 420 1141
35 491 948 1 488 891
36 248 358 1 253 303
37 452 885 1 450 831
38 299 452 1 305 398
39 186 790 1 187 733
40 429 582 1 433 530
41 314 369 1 320 314
42 451 822 1 450 769
43 446 796 1 446 742
44 497 920 1 494 863
45 450 344 1 457 292
46 279 395 1 284 341
47 168 501 1 171 445
48 369 1075 1 365 1014
49 427 671 1 428 618
50 479 494 1 484 442
51 248 672 1 250 617
52 492 938 1 488 881
53 173 546 1 177 490
54 155 1204 1 156 1133
55 314 388 1 320 334
56 376 1193 1 370 1133
57 477 752 1 477 696
58 230 425 1 235 369
59 183 1175 1 183 1106
60 284 541 1 289 486
61 461 812 1 460 758
62 401 819 1 401 765
63 166 412 1 171 356
64 459 275 1 468 222
65 413 320 1 420 266
66 406 220 1 415 164
67 458 951 1 456 894
68 461 172 1 471 117
69 408 535 1 411 482
70 110 1205 1 111 1135
71 340 810 1 341 753
72 459 588 1 462 537
73 264 458 1 270 403
74 459 769 1 459 715
75 481 943 1 478 886
76 440 252 1 448 198
77 401 829 1 400 775
78 287 445 1 292 391
79 356 235 1 364 179
80 428 1193 1 421 1131
81 428 1184 1 422 1122
82 185 1205 1 185 1135
83 475 769 1 475 713
84 350 203 1 358 146
85 418 501 1 422 449
86 250 546 1 254 491
87 365 816 1 364 761
88 223 1120 1 222 1057
89 168 1210 1 168 1140
90 317 350 1 324 295
91 446 460 1 451 409
92 422 763 1 422 708
93 481 419 1 486 367
94 215 476 1 219 421
95 222 990 1 223 928
96 380 346 1 387 292
97 362 191 1 371 134
98 466 343 1 473 291
99 150 351 1 155 294
100 348 379 1 354 325
101 411 654 1 412 600
102 285 620 1 288 565
103 445 702 1 446 648
104 427 190 1 436 135
105 293 101 1 303 42
106 471 412 1 476 360
107 463 204 1 472 150
108 161 620 1 164 564
109 481 913 1 478 856
110 337 755 1 338 700
111 338 218 1 346 161
112 430 157 1 440 101
113 215 456 1 220 401
114 556 1190 1 546 1117
115 306 114 1 316 57
116 400 399 1 407 346
117 281 471 1 286 416
118 243 1030 1 241 970
119 217 572 1 220 518
120 397 653 1 399 599
121 220 619 1 223 564
122 193 479 1 197 424
123 441 278 1 449 224
124 217 560 1 221 505
125 409 208 1 417 152
126 285 631 1 287 576
127 257 780 1 257 724
128 537 1194 1 527 1121
129 403 232 1 412 176
130 205 836 1 206 778
131 280 382 1 285 327
132 346 184 1 355 127
133 445 1159 1 439 1096
134 254 136 1 263 76
135 163 990 1 165 928
136 429 180 1 438 124
137 207 853 1 206 795
138 411 943 1 409 885
139 131 1033 1 133 969
140 258 372 1 264 317
141 274 535 1 279 481
142 343 252 1 351 196
143 196 619 1 198 564
144 375 240 1 383 185
145 165 589 1 167 534
146 26 1195 1 30 1121
147 279 372 1 285 317
148 457 355 1 464 302
149 466 112 1 477 57
150 257 794 1 257 737
151 409 518 1 413 465
152 196 578 1 199 523
153 36 1014 1 40 950
154 151 1066 1 152 1003
155 305 924 1 303 867
156 105 1038 1 108 974
157 281 460 1 286 405
158 224 736 1 226 680
159 276 448 1 282 393
160 433 948 1 430 890
161 426 416 1 431 363
162 526 1184 1 517 1111
163 385 786 1 385 732
164 475 514 1 480 462
165 163 650 1 165 595
166 462 826 1 460 773
167 374 530 1 379 476
168 407 464 1 411 411
169 33 1177 1 37 1106
170 417 431 1 422 379
171 448 942 1 445 884
172 462 1167 1 456 1104
173 50 1035 1 55 968
174 199 695 1 201 639
175 266 558 1 270 503
176 326 110 1 336 52
177 271 815 1 271 757
178 236 366 1 241 311
179 206 370 1 212 314
180 269 476 1 274 422
181 226 815 1 227 758
182 446 656 1 447 603
183 463 559 1 467 507
184 202 996 1 203 934
185 216 1001 1 217 939
186 201 737 1 202 680
187 259 384 1 264 329
188 424 264 1 432 210
189 468 324 1 475 271
190 197 1070 1 198 1008
191 196 593 1 199 538
192 449 194 1 459 139
193 202 768 1 204 712
194 329 389 1 335 335
195 207 1080 1 207 1015
196 410 671 1 413 616
197 402 365 1 408 312
198 458 531 1 463 479
199 195 1036 1 195 972
200 353 571 1 356 518
201 408 579 1 411 527
202 80 1209 1 82 1137
203 445 474 1 450 421
204 294 243 1 302 186
205 212 1123 1 210 1059
206 176 536 1 179 481
207 432 1098 1 427 1038
208 193 496 1 196 441
209 336 765 1 336 710
210 216 497 1 220 441
211 444 226 1 453 172
212 36 1031 1 41 965
213 446 806 1 445 753
214 446 442 1 451 390
215 140 1122 1 140 1055
216 402 280 1 410 226
217 400 441 1 406 388
218 433 841 1 431 787
219 421 655 1 422 603
220 198 923 1 198 863
221 291 312 1 296 256
222 264 635 1 268 580
223 453 918 1 452 862
224 33 1002 1 37 936
225 417 165 1 426 109
226 43 1180 1 46 1108
227 449 205 1 459 150
228 411 696 1 412 643
229 169 709 1 172 654
230 225 768 1 227 712
231 294 854 1 294 797
232 443 752 1 443 699
233 468 1114 1 461 1054
234 242 142 1 250 83
235 430 862 1 428 808
236 447 553 1 450 501
237 366 1015 1 363 955
238 286 130 1 294 71
239 385 1015 1 383 955
240 528 1163 1 519 1092
241 283 44 1 294 -14
242 270 261 1 277 205
243 407 419 1 412 366
244 315 227 1 322 170
245 389 399 1 395 346
246 463 976 1 459 918
247 411 264 1 418 210
248 364 683 1 365 629
249 455 875 1 453 821
250 149 533 1 153 477
251 436 964 1 434 907
252 454 904 1 453 846
253 435 399 1 441 346
254 418 176 1 427 120
255 331 461 1 336 406
256 227 963 1 228 903
257 470 905 1 467 849
258 464 239 1 474 185
259 359 798 1 359 743
260 448 966 1 444 908
261 360 736 1 361 681
262 294 815 1 294 758
263 149 734 1 151 678
264 278 320 1 284 264
265 410 253 1 417 199
266 432 169 1 442 113
267 337 233 1 345 176
268 135 1183 1 136 1114
269 352 560 1 356 507
270 402 497 1 406 445
271 335 705 1 337 651
272 100 1214 1 102 1141
273 435 147 1 445 91
274 188 1148 1 188 1082
275 98 676 1 103 618
276 223 711 1 225 656
277 444 1176 1 438 1113
278 221 694 1 224 638
279 272 852 1 272 796
280 127 334 1 132 277
281 436 137 1 446 80
282 259 401 1 264 346
283 198 652 1 201 596
284 161 1182 1 162 1113
285 382 1029 1 379 969
286 425 516 1 430 464
287 258 498 1 263 443
288 350 694 1 352 639
289 471 173 1 481 119
290 78 1253 1 80 1183
291 456 462 1 461 410
292 411 961 1 408 903
293 200 710 1 202 655
294 480 504 1 485 452
295 112 1183 1 113 1113
296 576 1133 1 566 1063
297 139 595 1 142 539
298 267 134 1 275 75
299 47 1014 1 51 949
300 181 1216 1 182 1145
301 203 380 1 208 324
302 348 389 1 354 335
303 353 586 1 357 533
304 340 819 1 340 765
305 333 562 1 337 508
306 337 159 1 345 101
307 104 356 1 109 298
308 218 593 1 221 537
309 257 1027 1 256 966
310 198 635 1 200 580
311 399 307 1 406 252
312 454 183 1 464 129
313 403 555 1 406 502
314 199 1150 1 197 1086
315 76 1223 1 77 1153
316 229 155 1 237 96
317 468 192 1 478 138
318 219 1140 1 218 1074
319 50 1047 1 55 980
320 412 931 1 410 873
321 229 339 1 235 283
322 101 1236 1 103 1165
323 121 1097 1 121 1031
324 331 471 1 336 417
325 333 587 1 336 533
326 346 704 1 348 650
327 141 1153 1 141 1086
328 413 231 1 422 176
329 332 572 1 336 518
330 459 1002 1 455 944
331 460 372 1 467 320
332 414 1014 1 411 955
333 471 161 1 481 106
334 383 412 1 389 359
335 370 541 1 374 487
336 165 694 1 167 638
337 191 458 1 195 402
338 246 779 1 248 724
339 340 832 1 339 777
340 336 688 1 337 634
341 332 938 1 330 882
342 631 862 1 623 799
343 420 310 1 427 256
344 306 349 1 312 294
345 384 1153 1 380 1088
346 459 1043 1 455 983
347 178 1254 1 178 1182
348 206 1166 1 205 1099
349 331 486 1 336 432
350 399 685 1 401 631
351 180 367 1 186 311
352 482 902 1 479 846
353 459 965 1 456 908
354 236 1019 1 236 957
355 189 1117 1 187 1053
356 152 1082 1 154 1018
357 350 476 1 356 422
358 542 1159 1 533 1087
359 150 1010 1 152 948
360 193 561 1 197 505
361 77 1234 1 78 1164
362 353 217 1 361 160
363 429 282 1 437 228
364 412 127 1 421 70
365 126 346 1 132 289
366 419 201 1 428 145
367 524 1173 1 515 1101
368 440 539 1 444 487
369 453 428 1 458 375
370 141 340 1 146 283
371 448 1118 1 442 1058
372 161 980 1 164 918
373 173 727 1 175 671
374 196 968 1 197 906
375 102 1168 1 105 1099
376 63 1052 1 67 984
377 464 613 1 465 561
378 480 676 1 482 623
379 416 421 1 421 368
380 348 486 1 353 433
381 559 1174 1 549 1103
382 399 245 1 407 189
383 378 1061 1 374 1000
384 448 1036 1 442 977
385 432 701 1 434 646
386 93 575 1 98 518
387 260 475 1 265 420
388 318 123 1 327 66
389 179 1074 1 178 1010
390 221 1036 1 220 975
391 467 354 1 474 301
392 365 209 1 373 153
393 39 1045 1 44 978
394 432 1006 1 429 947
395 389 736 1 389 681
396 24 1255 1 26 1179
397 187 401 1 193 345
398 215 344 1 221 288
399 34 991 1 38 926
400 47 955 1 52 891
401 455 292 1 463 239
402 333 138 1 342 80
403 215 941 1 217 880
404 389 749 1 390 693
405 194 1209 1 193 1141
406 437 1027 1 433 968
407 135 1133 1 136 1066
408 159 1111 1 159 1047
409 136 961 1 138 899
410 204 1225 1 204 1155
411 457 143 1 467 88
412 265 594 1 269 539
413 203 814 1 205 758
414 419 1194 1 413 1131
415 147 1142 1 147 1075
416 645 852 1 637 789
417 442 884 1 440 829
418 487 928 1 483 871
419 106 1145 1 107 1079
420 362 756 1 363 699
421 367 1115 1 363 1055
422 369 806 1 368 750
423 411 1151 1 407 1088
424 219 1047 1 218 985
425 416 220 1 424 165
426 518 1119 1 511 1049
427 244 348 1 249 293
428 74 1051 1 77 984
429 110 1069 1 111 1005
430 446 670 1 447 617
431 227 937 1 228 877
432 181 1226 1 181 1157
433 198 978 1 199 917
434 394 415 1 400 362
435 240 59 1 249 -1
436 32 1055 1 37 987
437 537 927 1 532 868
438 77 994 1 81 929
439 158 455 1 162 399
440 167 511 1 171 455
441 181 870 1 183 812
442 340 398 1 345 344
443 181 1132 1 181 1066
444 122 1252 1 122 1181
445 450 1065 1 445 1006
446 459 1052 1 455 993
447 48 971 1 52 905
448 460 1099 1 454 1040
449 432 931 1 430 873
450 324 222 1 332 165
451 120 1225 1 121 1155
452 449 977 1 446 919
453 440 268 1 449 214
454 176 784 1 178 727
455 301 229 1 309 172
456 442 639 1 444 586
457 375 815 1 374 761
458 166 373 1 171 317
459 104 1020 1 107 955
460 443 991 1 440 933
461 410 1056 1 407 997
462 58 993 1 63 929
463 76 342 1 83 284
464 68 1018 1 72 953
465 166 1244 1 165 1174
466 386 649 1 388 595
467 173 1086 1 173 1022
468 283 251 1 290 194
469 497 960 1 493 903
470 516 852 1 515 797
471 451 742 1 451 689
472 507 1107 1 500 1038
473 264 41 1 275 -18
474 258 672 1 261 617
475 401 474 1 406 421
476 70 1147 1 73 1077
477 34 1158 1 37 1087
478 461 1061 1 456 1002
479 350 461 1 355 408
480 169 737 1 171 680
481 334 260 1 342 205
482 366 1245 1 360 1180
483 221 651 1 223 596
484 225 1112 1 224 1049
485 301 174 1 309 116
486 324 1215 1 321 1147
487 437 104 1 447 48
488 91 596 1 96 540
489 309 1221 1 307 1153
490 204 952 1 205 890
491 388 701 1 390 647
492 445 402 1 450 350
493 471 858 1 470 803
494 405 910 1 403 853
495 431 1214 1 424 1152
496 443 506 1 447 454
497 410 330 1 417 277
498 286 977 1 285 917
499 401 264 1 409 210
500 123 1208 1 123 1138
501 70 1206 1 71 1136
502 350 399 1 356 345
503 381 437 1 387 384
504 535 1183 1 525 1110
505 472 895 1 469 839
506 421 961 1 419 903
507 54 1170 1 57 1101
508 459 1011 1 454 953
509 559 1046 1 552 981
510 329 1011 1 329 951
511 144 927 1 147 865
512 174 1060 1 174 997
513 328 398 1 333 344
514 452 618 1 454 566
515 398 526 1 403 473
516 156 1217 1 156 1148
517 52 1193 1 56 1122
518 507 649 1 509 597
519 362 768 1 363 713
520 237 1062 1 236 998
521 412 154 1 422 97
522 443 931 1 441 873
523 264 987 1 264 928
524 455 472 1 460 420
525 327 232 1 334 175
526 348 369 1 354 315
527 233 399 1 238 344
528 409 1088 1 404 1027
529 160 1192 1 159 1122
530 434 389 1 441 336
531 136 1104 1 136 1039
532 271 1067 1 269 1005
533 457 657 1 459 604
534 67 1253 1 68 1181
535 134 1008 1 135 945
536 226 329 1 232 272
537 243 939 1 244 879
538 393 121 1 402 65
539 356 952 1 355 894
540 539 1101 1 531 1033
541 553 1164 1 544 1093
542 174 997 1 175 935
543 269 999 1 268 939
544 435 1088 1 430 1028
545 186 978 1 187 916
546 49 991 1 53 926
547 218 1228 1 216 1160
548 174 1006 1 176 944
549 455 690 1 456 637
550 423 1120 1 418 1059
551 502 930 1 498 873
552 114 984 1 117 921
553 206 1049 1 206 985
554 206 1038 1 207 977
555 399 864 1 397 810
556 430 48 1 441 -9
557 41 1209 1 44 1138
558 117 996 1 120 933
559 381 1047 1 378 988
560 265 654 1 268 599
561 411 1228 1 405 1165
562 362 1106 1 359 1045
563 451 598 1 454 547
564 165 862 1 166 805
565 366 1209 1 360 1147
566 471 422 1 476 370
567 165 1138 1 164 1072
568 378 673 1 380 620
569 268 147 1 276 88
570 471 1156 1 466 1093
571 453 543 1 457 491
572 195 1052 1 195 989
573 295 142 1 304 83
574 466 250 1 476 196
575 459 1131 1 454 1067
576 311 295 1 318 240
577 250 1012 1 250 951
578 51 1214 1 53 1142
579 246 793 1 246 736
580 409 1026 1 406 966
581 453 153 1 463 99
582 426 221 1 435 166
583 273 778 1 274 721
584 295 112 1 305 52
585 384 529 1 388 476
586 564 749 1 562 692
587 213 78 1 222 17
588 185 1041 1 185 979
589 469 501 1 474 449
590 27 1064 1 31 996
591 50 943 1 55 879
592 276 958 1 276 898
593 445 1001 1 440 943
594 281 565 1 285 510
595 42 1225 1 45 1153
596 426 902 1 425 845
597 344 586 1 347 532
598 203 1135 1 201 1071
599 78 1156 1 80 1087
600 497 605 1 500 552
601 151 1227 1 151 1159
602 259 876 1 260 818
603 387 692 1 389 638
604 431 616 1 433 564
605 433 990 1 430 932
606 67 1155 1 70 1086
607 278 337 1 284 282
608 90 1204 1 92 1134
609 70 978 1 75 913
610 153 1000 1 153 937
611 180 946 1 183 885
612 178 499 1 181 444
613 59 962 1 63 898
614 442 215 1 451 161
615 378 1110 1 374 1049
616 292 200 1 299 142
617 368 356 1 374 302
618 429 63 1 440 5
619 548 1126 1 539 1057
620 376 706 1 376 652
621 145 1054 1 146 989
622 418 1255 1 410 1191
623 114 1086 1 116 1020
624 439 184 1 449 129
625 460 410 1 466 358
626 137 1018 1 139 955
627 191 1001 1 192 938
628 372 319 1 380 265
629 191 383 1 196 327
630 418 1075 1 413 1015
631 284 1237 1 283 1168
632 445 387 1 450 335
633 247 164 1 255 105
634 296 129 1 305 71
635 161 636 1 164 580
636 413 1036 1 410 976
637 429 319 1 436 265
638 240 549 1 243 493
639 186 806 1 188 749
640 454 265 1 463 212
641 171 970 1 173 908
642 359 651 1 362 597
643 443 317 1 449 264
644 412 767 1 413 713
645 254 931 1 253 872
646 322 192 1 331 136
647 143 976 1 145 914
648 581 1142 1 571 1072
649 60 939 1 64 876
650 363 787 1 362 732
651 424 232 1 433 177
652 411 241 1 420 186
653 334 647 1 336 593
654 401 924 1 400 866
655 124 966 1 127 903
656 52 1203 1 55 1132
657 130 976 1 133 914
658 43 1248 1 46 1176
659 334 855 1 334 800
660 195 907 1 197 846
661 189 42 1 199 -19
662 344 857 1 343 802
663 286 283 1 293 227
664 425 1031 1 422 972
665 317 938 1 316 881
666 545 981 1 540 919
667 477 1125 1 471 1063
668 189 880 1 191 821
669 419 289 1 427 235
670 431 830 1 430 776
671 440 156 1 450 101
672 132 1252 1 132 1180
673 310 175 1 318 116
674 170 947 1 171 886
675 306 1007 1 305 947
676 93 354 1 99 296
677 289 83 1 299 22
678 155 1169 1 154 1102
679 364 1223 1 359 1161
680 350 1035 1 347 978
681 96 1009 1 100 945
682 325 158 1 333 100
683 186 779 1 187 722
684 106 997 1 109 933
685 218 378 1 223 322
686 420 840 1 419 786
687 453 330 1 461 278
688 441 596 1 443 544
689 514 1003 1 509 945
690 316 1012 1 315 951
691 401 699 1 402 645
692 271 1182 1 269 1115
693 430 242 1 438 188
694 267 575 1 270 521
695 431 208 1 440 153
696 290 298 1 297 243
697 345 139 1 355 83
698 359 615 1 362 561
699 407 197 1 416 140
700 425 136 1 435 80
701 398 974 1 394 915
702 194 1220 1 194 1150
703 238 913 1 239 853
704 279 350 1 285 294
705 276 968 1 276 909
706 320 924 1 319 867
707 273 796 1 274 740
708 246 985 1 245 925
709 143 949 1 145 888
710 446 1186 1 440 1122
711 272 1223 1 271 1154
712 445 415 1 450 362
713 86 1235 1 87 1165
714 326 250 1 334 195
715 172 352 1 178 295
716 61 1216 1 64 1145
717 252 896 1 253 838
718 434 1229 1 428 1165
719 367 131 1 377 75
720 123 1013 1 125 949
721 391 265 1 399 210
722 292 233 1 299 175
723 343 570 1 346 516
724 61 1062 1 65 995
