0 370 1202 1 378 1143
1 407 1210 1 416 1147
2 396 179 1 413 128
3 423 486 1 439 437
4 423 472 1 439 423
5 341 759 1 354 706
6 483 1105 1 491 1031
7 421 651 1 433 600
8 403 472 1 418 423
9 197 351 1 212 301
10 406 179 1 422 129
11 455 210 1 472 160
12 404 486 1 419 437
13 380 1194 1 388 1136
14 424 496 1 438 447
15 429 511 1 443 462
16 41 1177 1 64 1106
17 439 232 1 456 182
18 450 734 1 462 683
19 246 32 1 264 -18
20 408 1221 1 417 1157
21 422 555 1 436 506
22 444 753 1 457 702
23 236 406 1 251 356
24 252 516 1 268 466
25 345 742 1 357 689
26 157 480 1 172 429
27 454 687 1 466 635
28 291 433 1 307 384
29 419 422 1 433 373
30 276 155 1 292 102
31 466 951 1 476 894
32 427 227 1 444 177
33 431 948 1 442 891
34 413 1200 1 421 1136
35 479 945 1 489 887
36 239 352 1 255 302
37 281 956 1 293 902
38 440 881 1 451 828
39 290 447 1 306 397
40 174 784 1 189 730
41 420 577 1 434 528
42 305 363 1 321 313
43 440 818 1 451 766
44 435 792 1 447 739
45 485 916 1 494 860
46 443 340 1 458 291
47 270 389 1 285 340
48 158 494 1 173 444
49 356 1071 1 367 1010
50 417 667 1 429 616
51 470 489 1 484 440
52 211 1114 1 224 1053
53 480 934 1 489 878
54 163 540 1 178 489
55 140 1200 1 160 1128
56 306 382 1 322 333
57 466 748 1 478 694
58 221 418 1 236 368
59 168 1170 1 186 1101
60 274 536 1 291 485
61 449 808 1 460 756
62 390 814 1 402 762
63 157 405 1 172 355
64 452 270 1 468 221
65 405 315 1 421 265
66 399 214 1 415 162
67 446 948 1 456 891
68 454 166 1 471 117
69 399 530 1 412 480
70 95 1200 1 115 1130
71 329 805 1 342 751
72 363 1189 1 371 1129
73 449 584 1 463 535
74 255 452 1 271 402
75 448 765 1 460 713
76 468 940 1 478 883
77 433 247 1 449 197
78 390 824 1 402 772
79 277 439 1 294 390
80 349 229 1 365 177
81 414 1190 1 423 1126
82 414 1180 1 423 1117
83 170 1201 1 189 1129
84 464 765 1 476 711
85 343 197 1 359 144
86 408 496 1 423 447
87 240 540 1 255 489
88 354 811 1 365 758
89 153 1206 1 172 1134
90 309 344 1 325 293
91 437 455 1 451 407
92 411 759 1 423 706
93 472 414 1 487 366
94 205 470 1 221 420
95 208 986 1 225 925
96 371 341 1 388 292
97 356 185 1 372 132
98 458 338 1 474 290
99 141 343 1 157 293
100 339 374 1 355 324
101 400 649 1 413 598
102 274 615 1 290 563
103 434 697 1 447 646
104 420 185 1 437 133
105 286 94 1 304 41
106 462 407 1 477 360
107 456 199 1 473 149
108 151 613 1 166 563
109 469 909 1 479 853
110 326 750 1 339 697
111 332 212 1 347 159
112 424 151 1 441 99
113 206 450 1 221 399
114 542 1190 1 545 1110
115 299 108 1 317 57
116 392 393 1 408 344
117 272 465 1 287 415
118 229 1026 1 243 966
119 207 566 1 221 516
120 386 648 1 400 597
121 210 613 1 224 562
122 183 472 1 198 422
123 433 273 1 450 223
124 207 554 1 223 503
125 402 203 1 418 150
126 274 625 1 289 574
127 245 774 1 259 721
128 523 1194 1 527 1113
129 396 226 1 412 174
130 193 830 1 208 776
131 271 376 1 286 326
132 340 178 1 356 125
133 432 1156 1 440 1091
134 248 129 1 264 75
135 149 985 1 168 925
136 422 175 1 439 123
137 195 847 1 208 792
138 399 939 1 411 882
139 250 366 1 265 316
140 264 530 1 280 480
141 185 613 1 200 562
142 368 235 1 384 182
143 154 582 1 169 532
144 271 366 1 286 316
145 449 350 1 464 301
146 460 107 1 477 57
147 245 788 1 259 735
148 400 513 1 414 463
149 185 571 1 201 521
150 237 669 1 252 616
151 137 1062 1 155 999
152 293 919 1 305 864
153 91 1033 1 112 970
154 272 454 1 287 404
155 213 731 1 228 677
156 267 442 1 284 392
157 420 944 1 431 887
158 417 411 1 432 362
159 512 1183 1 517 1104
160 374 781 1 386 729
161 466 509 1 481 460
162 152 644 1 167 593
163 450 822 1 461 770
164 365 525 1 380 475
165 398 459 1 412 410
166 408 426 1 423 378
167 436 938 1 446 881
168 448 1163 1 457 1100
169 35 1030 1 59 964
170 188 689 1 203 637
171 255 553 1 271 502
172 320 103 1 337 52
173 260 810 1 272 755
174 227 359 1 243 310
175 197 364 1 213 313
176 259 470 1 275 421
177 214 810 1 229 755
178 436 652 1 448 601
179 454 555 1 468 506
180 189 991 1 206 930
181 202 996 1 220 935
182 190 731 1 203 677
183 251 377 1 265 328
184 416 259 1 432 209
185 460 319 1 476 271
186 184 1066 1 200 1004
187 185 587 1 200 537
188 443 189 1 460 138
189 191 762 1 205 710
190 321 383 1 336 333
191 193 1076 1 210 1011
192 400 666 1 414 615
193 393 360 1 409 311
194 449 527 1 463 477
195 181 1031 1 198 968
196 343 566 1 357 516
197 398 574 1 412 525
198 64 1205 1 86 1132
199 436 469 1 451 420
200 287 237 1 302 183
201 197 1118 1 212 1055
202 166 530 1 181 479
203 419 1095 1 428 1034
204 183 490 1 198 440
205 325 760 1 338 707
206 206 490 1 222 440
207 437 221 1 454 171
208 117 1029 1 137 965
209 435 802 1 446 750
210 437 437 1 451 388
211 125 1117 1 144 1051
212 336 247 1 352 194
213 395 274 1 411 224
214 391 436 1 407 387
215 421 837 1 432 784
216 411 651 1 423 601
217 185 917 1 201 860
218 283 306 1 297 253
219 253 629 1 269 579
220 441 915 1 453 859
221 257 993 1 269 935
222 257 570 1 272 519
223 410 160 1 427 107
224 27 1176 1 51 1103
225 442 200 1 460 149
226 400 691 1 413 641
227 158 703 1 173 652
228 214 762 1 228 710
229 282 849 1 296 794
230 432 748 1 444 697
231 455 1111 1 462 1050
232 235 135 1 251 81
233 418 858 1 429 805
234 438 549 1 451 500
235 130 1195 1 150 1124
236 353 1010 1 365 951
237 280 123 1 295 69
238 372 1011 1 384 951
239 514 1163 1 519 1084
240 277 36 1 295 -14
241 263 255 1 278 203
242 398 414 1 413 365
243 308 221 1 323 168
244 381 393 1 396 344
245 451 972 1 460 915
246 403 259 1 419 208
247 353 678 1 366 627
248 443 871 1 454 818
249 139 526 1 155 476
250 424 961 1 435 903
251 442 900 1 454 843
252 426 394 1 442 345
253 411 171 1 428 118
254 322 455 1 337 405
255 458 902 1 468 846
256 457 234 1 474 184
257 348 794 1 360 741
258 435 962 1 445 905
259 349 731 1 362 678
260 131 1254 1 149 1183
261 282 809 1 295 755
262 138 727 1 153 676
263 270 314 1 285 261
264 403 248 1 418 197
265 426 164 1 443 112
266 330 227 1 346 173
267 120 1178 1 139 1108
268 342 555 1 357 505
269 392 493 1 407 443
270 324 700 1 338 649
271 84 1210 1 106 1135
272 428 141 1 446 89
273 174 1144 1 191 1078
274 87 669 1 105 617
275 212 705 1 226 654
276 430 1173 1 439 1109
277 210 688 1 225 635
278 260 847 1 274 793
279 118 326 1 134 276
280 429 131 1 446 79
281 251 395 1 266 345
282 187 646 1 202 594
283 369 1025 1 380 966
284 103 993 1 124 929
285 416 511 1 431 462
286 249 492 1 265 442
287 339 689 1 353 637
288 464 168 1 481 119
289 63 1249 1 84 1177
290 447 458 1 462 408
291 398 957 1 409 899
292 189 704 1 204 653
293 471 499 1 485 450
294 97 1178 1 118 1108
295 562 1132 1 565 1056
296 128 589 1 144 538
297 260 127 1 276 74
298 33 1009 1 55 945
299 166 1211 1 185 1140
300 194 373 1 209 323
301 340 384 1 355 334
302 343 582 1 358 531
303 329 814 1 341 762
304 323 556 1 338 506
305 330 152 1 346 99
306 95 348 1 111 297
307 208 586 1 223 536
308 243 1022 1 258 962
309 187 630 1 202 578
310 392 301 1 407 251
311 447 178 1 464 128
312 393 551 1 407 501
313 185 1144 1 199 1082
314 60 1218 1 81 1148
315 222 148 1 238 94
316 462 187 1 479 137
317 206 1135 1 221 1070
318 36 1042 1 59 976
319 400 927 1 411 869
320 220 332 1 237 282
321 25 1028 1 45 960
322 106 1091 1 124 1027
323 142 1255 1 158 1185
324 322 465 1 337 415
325 323 582 1 337 532
326 335 699 1 349 648
327 126 1148 1 145 1081
328 406 226 1 422 174
329 322 567 1 337 516
330 446 998 1 456 940
331 452 367 1 467 319
332 401 1010 1 412 951
333 465 156 1 482 106
334 375 407 1 390 357
335 360 536 1 375 486
336 154 688 1 169 636
337 54 1202 1 76 1130
338 182 451 1 197 401
339 235 774 1 249 722
340 328 827 1 340 774
341 325 683 1 339 632
342 320 933 1 332 879
343 620 862 1 621 797
344 209 1104 1 226 1045
345 413 305 1 428 254
346 297 343 1 313 293
347 370 1149 1 381 1083
348 446 1039 1 456 980
349 222 944 1 236 888
350 163 1249 1 181 1176
351 192 1162 1 208 1094
352 322 481 1 338 430
353 389 681 1 402 629
354 172 360 1 187 310
355 470 899 1 480 843
356 447 962 1 457 904
357 222 1015 1 238 953
358 138 1076 1 157 1014
359 341 471 1 357 421
360 528 1158 1 533 1080
361 137 1005 1 154 944
362 183 554 1 198 504
363 164 951 1 182 892
364 346 211 1 361 158
365 421 277 1 438 227
366 405 121 1 422 69
367 117 338 1 134 288
368 412 195 1 429 143
369 510 1173 1 516 1093
370 431 534 1 445 485
371 444 423 1 459 374
372 133 1026 1 152 963
373 132 332 1 148 282
374 434 1114 1 443 1054
375 162 721 1 177 669
376 183 963 1 200 903
377 87 1164 1 109 1094
378 49 1047 1 71 980
379 229 990 1 243 930
380 454 608 1 466 559
381 470 672 1 482 621
382 34 1140 1 58 1069
383 407 416 1 422 367
384 339 481 1 354 431
385 545 1174 1 548 1095
386 392 240 1 408 187
387 365 1057 1 376 996
388 435 1032 1 443 973
389 421 696 1 435 644
390 82 568 1 100 516
391 251 469 1 267 419
392 311 116 1 328 66
393 165 1069 1 181 1006
394 430 889 1 441 834
395 459 349 1 475 300
396 359 204 1 374 151
397 24 1040 1 49 974
398 419 1002 1 430 943
399 378 731 1 390 678
400 178 395 1 194 344
401 207 337 1 223 287
402 33 950 1 56 888
403 447 287 1 463 238
404 327 132 1 343 79
405 202 936 1 220 877
406 379 744 1 391 690
407 180 1204 1 196 1136
408 424 1023 1 434 964
409 121 1128 1 139 1062
410 145 1105 1 161 1043
411 122 956 1 142 895
412 190 1221 1 208 1149
413 450 137 1 467 88
414 255 588 1 271 537
415 192 809 1 206 755
416 405 1189 1 414 1126
417 132 1137 1 150 1070
418 149 1011 1 166 950
419 634 852 1 634 787
420 430 880 1 441 826
421 475 924 1 484 867
422 92 1141 1 110 1075
423 351 751 1 364 697
424 354 1111 1 365 1050
425 358 801 1 369 748
426 398 1148 1 408 1083
427 206 1028 1 220 968
428 206 1043 1 220 982
429 409 215 1 425 163
430 504 1118 1 511 1043
431 235 342 1 250 292
432 249 1041 1 263 980
433 96 1064 1 114 1001
434 436 666 1 447 615
435 87 1183 1 109 1111
436 166 1221 1 184 1151
437 185 973 1 202 913
438 385 410 1 401 360
439 234 51 1 250 -2
440 41 1080 1 64 1012
441 524 924 1 532 864
442 63 989 1 86 925
443 148 449 1 163 398
444 157 504 1 173 453
445 169 864 1 184 809
446 331 393 1 346 343
447 166 1127 1 184 1061
448 107 1247 1 126 1175
449 437 1062 1 446 1002
450 446 1048 1 456 989
451 34 966 1 57 902
452 447 1095 1 455 1035
453 420 927 1 431 870
454 317 216 1 333 163
455 105 1220 1 124 1149
456 437 973 1 447 915
457 433 263 1 449 213
458 164 778 1 180 725
459 294 223 1 309 169
460 432 634 1 445 584
461 363 810 1 375 758
462 157 366 1 172 315
463 90 1015 1 111 952
464 431 987 1 441 929
465 397 1052 1 408 993
466 44 989 1 67 925
467 67 334 1 85 284
468 237 1086 1 253 1021
469 151 1240 1 168 1168
470 376 644 1 389 593
471 276 245 1 291 191
472 484 957 1 494 900
473 505 850 1 515 795
474 440 738 1 452 687
475 493 1106 1 501 1031
476 258 33 1 276 -18
477 247 667 1 263 615
478 392 469 1 407 420
479 55 1142 1 77 1072
480 166 1099 1 182 1036
481 448 1057 1 457 998
482 341 456 1 356 406
483 158 731 1 173 678
484 326 254 1 343 205
485 351 1240 1 361 1175
486 210 645 1 225 594
487 46 1212 1 68 1139
488 294 168 1 309 114
489 310 1212 1 323 1142
490 431 98 1 447 48
491 80 590 1 99 539
492 295 1218 1 309 1147
493 191 947 1 208 887
494 378 696 1 391 645
495 436 398 1 451 349
496 460 854 1 471 800
497 393 906 1 405 850
498 418 1211 1 426 1147
499 434 501 1 448 453
500 401 325 1 418 276
501 273 972 1 287 913
502 394 259 1 410 208
503 108 1204 1 127 1133
504 179 1113 1 189 1049
505 341 394 1 357 344
506 372 432 1 388 383
507 521 1182 1 525 1103
508 460 892 1 470 836
509 409 957 1 420 900
510 40 1165 1 61 1095
511 446 1008 1 455 949
512 546 1045 1 551 976
513 317 1007 1 331 948
514 131 922 1 151 862
515 161 1055 1 177 993
516 320 393 1 334 343
517 441 613 1 455 564
518 388 521 1 404 472
519 142 1212 1 159 1143
520 36 1189 1 60 1116
521 497 645 1 509 595
522 351 763 1 364 711
523 56 1105 1 76 1038
524 223 1056 1 239 994
525 406 148 1 422 96
526 431 928 1 442 870
527 446 468 1 461 418
528 320 226 1 335 173
529 339 364 1 355 314
530 224 393 1 240 343
531 395 1084 1 406 1023
532 145 1187 1 163 1117
533 426 383 1 442 335
534 122 1098 1 139 1035
535 258 1062 1 271 1001
536 447 652 1 460 602
537 52 1248 1 72 1176
538 325 1161 1 338 1094
539 121 1002 1 138 941
540 217 321 1 234 272
541 231 935 1 246 876
542 386 115 1 403 65
543 192 1247 1 211 1173
544 218 1024 1 234 962
545 215 959 1 230 899
546 343 948 1 356 891
547 525 1100 1 531 1026
548 539 1164 1 543 1085
549 43 1222 1 64 1151
550 422 1084 1 431 1024
551 172 973 1 189 913
552 34 986 1 58 922
553 161 1001 1 179 940
554 444 686 1 457 635
555 409 1116 1 419 1055
556 490 926 1 498 870
557 100 978 1 120 917
558 192 1044 1 209 981
559 193 1034 1 210 973
560 388 860 1 398 807
561 425 42 1 442 -11
562 26 1205 1 49 1132
563 368 1043 1 380 984
564 254 648 1 270 597
565 397 1224 1 407 1160
566 59 1232 1 82 1158
567 349 1102 1 361 1041
568 441 594 1 455 545
569 153 857 1 168 802
570 352 1204 1 362 1143
571 462 417 1 477 370
572 151 1134 1 167 1068
573 367 669 1 381 618
574 261 140 1 277 87
575 458 1153 1 466 1087
576 443 539 1 458 489
577 182 1047 1 198 985
578 289 135 1 305 82
579 459 245 1 476 195
580 445 1128 1 455 1062
581 304 290 1 318 237
582 237 1007 1 252 947
583 35 1209 1 58 1136
584 234 788 1 248 734
585 397 1022 1 407 962
586 447 148 1 464 98
587 419 216 1 435 165
588 262 772 1 276 718
589 44 1017 1 64 954
590 374 524 1 389 474
591 553 746 1 562 691
592 207 70 1 223 16
593 172 1036 1 187 975
594 460 496 1 474 447
595 214 934 1 231 873
596 36 938 1 60 875
597 263 953 1 278 895
598 432 997 1 441 939
599 271 559 1 286 509
600 113 981 1 133 919
601 27 1220 1 49 1148
602 414 899 1 426 842
603 334 581 1 348 531
604 537 1211 1 540 1130
605 62 1151 1 84 1082
606 487 601 1 501 551
607 136 1223 1 154 1153
608 247 870 1 262 815
609 376 687 1 390 636
610 421 612 1 434 562
611 421 986 1 431 928
612 52 1150 1 74 1081
613 270 331 1 285 280
614 75 1200 1 96 1128
615 56 973 1 79 909
616 111 1019 1 130 956
617 139 995 1 156 933
618 167 941 1 186 882
619 168 493 1 183 443
620 44 956 1 67 894
621 435 210 1 452 160
622 365 1106 1 376 1045
623 285 194 1 300 139
624 98 1004 1 118 941
625 360 350 1 375 301
626 423 57 1 441 3
627 534 1125 1 539 1050
628 364 701 1 378 650
629 404 1251 1 411 1186
630 171 1059 1 186 998
631 433 179 1 449 128
632 452 405 1 467 357
633 124 1012 1 142 951
634 178 996 1 195 934
635 364 313 1 381 264
636 182 376 1 197 326
637 405 1071 1 414 1010
638 270 1233 1 285 1162
639 436 383 1 451 334
640 240 157 1 256 103
641 290 123 1 306 69
642 151 630 1 166 578
643 401 1032 1 411 972
644 421 314 1 437 264
645 230 543 1 245 491
646 174 799 1 190 746
647 447 260 1 463 210
648 158 966 1 176 905
649 349 645 1 363 595
650 435 312 1 450 262
651 401 762 1 414 711
652 241 925 1 255 869
653 315 186 1 332 135
654 130 971 1 148 910
655 568 1142 1 570 1065
656 46 934 1 68 872
657 351 782 1 363 730
658 417 226 1 434 175
659 404 236 1 420 184
660 324 642 1 338 591
661 389 920 1 401 863
662 111 961 1 130 900
663 37 1199 1 60 1127
664 116 971 1 136 911
665 28 1243 1 50 1170
666 322 850 1 335 797
667 182 902 1 199 843
668 137 1095 1 154 1032
669 183 33 1 200 -21
670 332 852 1 344 799
671 279 277 1 294 226
672 412 1027 1 423 968
673 305 933 1 317 878
674 533 979 1 540 915
675 464 1121 1 472 1058
676 177 874 1 194 818
677 412 284 1 427 233
678 419 826 1 431 774
679 434 151 1 451 99
680 117 1248 1 136 1174
681 303 168 1 319 114
682 157 942 1 174 882
683 293 1003 1 307 943
684 84 346 1 101 296
685 282 75 1 300 22
686 139 1165 1 158 1097
687 351 1218 1 360 1156
688 337 1030 1 348 975
689 83 1004 1 104 941
690 318 152 1 334 98
691 174 773 1 189 720
692 93 992 1 113 930
693 210 372 1 225 321
694 409 837 1 420 784
695 445 325 1 461 277
696 431 591 1 444 542
697 502 1000 1 510 941
698 303 1007 1 317 947
699 390 694 1 403 643
700 257 1178 1 272 1109
701 423 237 1 439 187
702 192 1101 1 207 1039
703 424 203 1 441 151
704 283 292 1 298 241
705 338 133 1 356 83
706 349 610 1 363 559
707 400 191 1 417 138
708 419 131 1 436 79
709 385 969 1 395 912
710 180 1216 1 197 1144
711 226 908 1 241 850
712 270 343 1 287 294
713 263 964 1 278 905
714 309 918 1 321 864
715 262 791 1 276 737
716 233 980 1 247 922
717 130 944 1 149 885
718 432 1182 1 441 1118
719 258 1219 1 273 1148
720 436 410 1 451 361
721 71 1230 1 90 1159
722 319 244 1 335 194
723 163 345 1 180 294
724 180 942 1 198 882
725 240 891 1 255 835
726 420 1224 1 429 1161
727 361 125 1 378 75
728 109 1008 1 128 945
729 384 259 1 399 208
730 285 227 1 299 173
731 333 565 1 347 514
732 46 1058 1 70 990
