0 375 1173 1 380 1140
1 412 1183 1 418 1147
2 406 148 1 413 119
3 433 459 1 440 430
4 433 444 1 440 416
5 349 733 1 354 702
6 488 1085 1 493 1040
7 429 624 1 434 594
8 412 444 1 419 416
9 206 322 1 211 293
10 416 148 1 423 119
11 466 180 1 473 151
12 413 459 1 420 430
13 385 1165 1 390 1133
14 433 469 1 439 440
15 438 484 1 444 456
16 46 1151 1 59 1110
17 450 202 1 457 173
18 458 708 1 463 678
19 413 1193 1 418 1157
20 431 528 1 437 499
21 452 727 1 458 697
22 244 377 1 251 348
23 260 489 1 267 459
24 353 715 1 358 684
25 165 451 1 171 423
26 463 661 1 467 630
27 299 405 1 307 375
28 428 395 1 435 365
29 286 124 1 292 94
30 472 926 1 478 892
31 438 198 1 445 168
32 437 923 1 443 889
33 126 1234 1 137 1193
34 486 920 1 491 886
35 248 323 1 254 294
36 289 930 1 294 898
37 447 855 1 453 824
38 298 418 1 306 389
39 182 756 1 189 726
40 428 551 1 435 522
41 314 334 1 321 305
42 447 792 1 452 762
43 442 765 1 449 735
44 491 892 1 496 858
45 453 311 1 459 283
46 279 361 1 285 332
47 166 465 1 172 437
48 362 1045 1 368 1010
49 425 641 1 430 611
50 479 461 1 486 433
51 486 910 1 491 876
52 171 512 1 177 483
53 145 1173 1 156 1132
54 315 354 1 321 325
55 411 1236 1 416 1198
56 474 722 1 479 690
57 431 154 1 438 125
58 229 390 1 235 361
59 282 508 1 290 478
60 457 782 1 462 751
61 397 787 1 403 758
62 165 376 1 171 347
63 462 241 1 469 212
64 415 286 1 422 257
65 409 185 1 416 154
66 453 923 1 458 889
67 465 136 1 472 106
68 408 503 1 413 474
69 101 1172 1 111 1133
70 336 779 1 343 746
71 368 1161 1 373 1126
72 458 558 1 464 529
73 263 424 1 270 395
74 455 739 1 462 709
75 475 915 1 480 881
76 443 218 1 450 188
77 397 798 1 403 768
78 285 411 1 293 382
79 359 200 1 366 169
80 419 1163 1 424 1126
81 175 1143 1 183 1104
82 175 1174 1 185 1133
83 472 739 1 478 707
84 353 167 1 360 137
85 418 469 1 424 440
86 248 513 1 255 483
87 361 784 1 366 754
88 158 1180 1 168 1138
89 318 315 1 325 286
90 446 428 1 453 400
91 419 733 1 425 701
92 482 386 1 489 358
93 213 442 1 220 413
94 45 1242 1 57 1200
95 381 312 1 388 283
96 366 155 1 373 124
97 468 310 1 475 281
98 149 314 1 156 285
99 349 345 1 356 316
100 409 622 1 414 592
101 282 588 1 290 557
102 443 671 1 449 641
103 296 62 1 304 31
104 472 379 1 478 351
105 467 169 1 474 140
106 158 586 1 165 557
107 476 885 1 481 851
108 334 723 1 339 693
109 342 183 1 348 152
110 434 121 1 442 91
111 214 421 1 221 392
112 547 1171 1 550 1122
113 309 75 1 316 45
114 401 365 1 408 337
115 280 437 1 287 408
116 42 1163 1 55 1120
117 215 538 1 221 510
118 394 621 1 401 591
119 218 585 1 224 556
120 191 444 1 197 415
121 444 244 1 451 215
122 215 526 1 222 497
123 413 173 1 419 143
124 197 703 1 203 672
125 282 598 1 289 568
126 253 747 1 259 717
127 527 1175 1 531 1126
128 406 197 1 413 167
129 200 804 1 208 772
130 279 347 1 286 318
131 350 148 1 356 117
132 437 1131 1 442 1093
133 257 98 1 264 66
134 298 892 1 305 860
135 433 145 1 440 114
136 235 999 1 242 965
137 202 820 1 208 788
138 194 966 1 204 930
139 405 914 1 411 880
140 248 1036 1 256 1000
141 258 337 1 265 308
142 272 502 1 279 473
143 418 1172 1 422 1136
144 193 586 1 199 556
145 378 205 1 385 175
146 162 555 1 168 526
147 279 337 1 286 308
148 459 321 1 466 293
149 471 75 1 478 45
150 253 762 1 259 730
151 408 486 1 415 457
152 142 1035 1 152 998
153 160 1055 1 169 1019
154 193 544 1 200 515
155 244 641 1 251 610
156 97 1007 1 108 970
157 280 426 1 287 397
158 221 703 1 228 673
159 275 414 1 283 384
160 427 919 1 432 885
161 427 383 1 433 354
162 516 1164 1 520 1115
163 381 755 1 387 724
164 476 481 1 482 453
165 160 616 1 166 588
166 457 796 1 463 766
167 374 497 1 381 468
168 407 431 1 413 403
169 418 399 1 424 370
170 231 952 1 239 918
171 442 913 1 447 879
172 453 1138 1 459 1101
173 536 1173 1 539 1124
174 196 662 1 202 632
175 263 525 1 270 496
176 330 71 1 337 41
177 267 783 1 273 751
178 236 330 1 242 302
179 206 335 1 213 305
180 268 442 1 274 413
181 221 782 1 229 751
182 445 625 1 449 595
183 463 528 1 469 499
184 208 970 1 218 935
185 198 1017 1 207 981
186 259 349 1 265 320
187 427 230 1 433 201
188 470 290 1 477 262
189 226 932 1 233 898
190 193 559 1 200 531
191 453 158 1 461 129
192 198 735 1 205 705
193 330 355 1 336 326
194 199 1050 1 208 1012
195 408 639 1 415 609
196 403 332 1 410 303
197 458 499 1 465 471
198 215 960 1 223 924
199 352 539 1 358 510
200 407 548 1 413 519
201 446 441 1 452 413
202 297 207 1 303 177
203 203 1089 1 211 1054
204 174 501 1 180 473
205 425 1068 1 430 1033
206 191 461 1 197 433
207 333 733 1 338 703
208 214 462 1 221 433
209 448 191 1 455 162
210 122 1003 1 133 966
211 442 776 1 448 746
212 447 409 1 452 381
213 36 940 1 50 903
214 345 217 1 352 187
215 405 245 1 412 216
216 401 408 1 408 379
217 428 810 1 434 780
218 419 624 1 425 595
219 79 1178 1 91 1138
220 292 277 1 298 247
221 27 990 1 38 953
222 448 890 1 454 857
223 263 965 1 270 932
224 264 542 1 272 513
225 421 129 1 428 99
226 30 1148 1 45 1107
227 454 170 1 461 140
228 408 665 1 414 636
229 166 675 1 173 647
230 221 735 1 228 706
231 209 946 1 218 911
232 440 722 1 445 692
233 460 1085 1 463 1049
234 244 104 1 250 73
235 425 832 1 430 801
236 170 1221 1 179 1180
237 446 522 1 452 493
238 135 1168 1 146 1128
239 359 985 1 365 950
240 289 92 1 295 60
241 378 985 1 385 950
242 519 1144 1 522 1096
243 273 225 1 279 195
244 407 386 1 414 357
245 318 191 1 324 161
246 390 365 1 397 337
247 457 947 1 461 913
248 413 230 1 420 200
249 144 1089 1 153 1051
250 361 652 1 367 622
251 450 845 1 455 814
252 147 497 1 153 469
253 430 935 1 436 902
254 449 876 1 456 841
255 436 366 1 443 337
256 422 140 1 429 110
257 330 427 1 338 398
258 464 877 1 469 844
259 468 204 1 475 175
260 355 767 1 361 736
261 442 937 1 447 903
262 357 705 1 363 673
263 136 1226 1 147 1185
264 290 782 1 296 751
265 146 699 1 153 671
266 279 285 1 285 255
267 437 133 1 444 103
268 341 197 1 347 167
269 125 1152 1 136 1111
270 173 904 1 182 871
271 351 528 1 357 499
272 401 465 1 408 436
273 332 673 1 338 644
274 69 1230 1 80 1190
275 440 111 1 447 80
276 92 1252 1 104 1209
277 94 642 1 102 611
278 219 678 1 226 649
279 435 1147 1 440 1110
280 218 660 1 225 630
281 267 820 1 274 789
282 126 297 1 132 267
283 440 100 1 447 70
284 259 366 1 265 337
285 195 618 1 202 589
286 374 999 1 381 965
287 108 967 1 119 929
288 424 484 1 432 456
289 256 464 1 264 435
290 348 662 1 353 632
291 475 137 1 483 108
292 69 1220 1 80 1180
293 456 429 1 463 401
294 404 932 1 410 898
295 197 677 1 203 648
296 480 471 1 487 443
297 217 1088 1 224 1052
298 568 1113 1 571 1066
299 136 561 1 142 532
300 269 96 1 276 65
301 38 982 1 50 946
302 172 1184 1 182 1144
303 202 344 1 208 315
304 349 355 1 356 326
305 352 554 1 359 525
306 336 787 1 342 758
307 331 529 1 338 500
308 340 121 1 347 91
309 102 319 1 109 289
310 216 559 1 222 530
311 184 891 1 192 860
312 195 602 1 201 573
313 402 272 1 408 243
314 458 148 1 466 118
315 402 523 1 408 494
316 34 1003 1 47 964
317 65 1191 1 77 1151
318 231 117 1 237 86
319 473 157 1 480 127
320 41 1016 1 53 978
321 27 1236 1 40 1195
322 406 902 1 412 868
323 229 303 1 236 273
324 159 961 1 166 924
325 112 1064 1 122 1027
326 147 1226 1 156 1187
327 330 437 1 337 408
328 332 555 1 338 526
329 343 673 1 350 643
330 416 197 1 423 167
331 331 540 1 337 510
332 452 973 1 458 939
333 462 339 1 469 310
334 407 985 1 413 950
335 476 125 1 483 95
336 384 378 1 390 350
337 369 508 1 375 479
338 161 660 1 168 631
339 59 1174 1 71 1133
340 190 423 1 196 394
341 243 747 1 249 717
342 335 801 1 341 770
343 333 656 1 339 626
344 93 1137 1 105 1097
345 629 844 1 630 801
346 196 947 1 200 913
347 423 276 1 429 247
348 306 314 1 313 285
349 375 1124 1 382 1085
350 452 1014 1 457 979
351 229 917 1 236 884
352 53 1020 1 66 982
353 331 453 1 338 423
354 397 654 1 403 624
355 180 331 1 186 302
356 477 874 1 482 841
357 453 936 1 458 903
358 174 1003 1 184 967
359 350 443 1 357 414
360 533 1139 1 537 1091
361 143 978 1 152 943
362 191 527 1 198 497
363 170 926 1 179 891
364 356 182 1 362 151
365 432 248 1 439 219
366 127 1070 1 137 1035
367 320 86 1 328 54
368 125 309 1 132 280
369 423 165 1 430 135
370 515 1154 1 519 1105
371 439 507 1 446 479
372 453 395 1 460 367
373 139 998 1 149 963
374 140 303 1 146 274
375 440 1088 1 445 1053
376 226 1020 1 234 985
377 420 1144 1 425 1107
378 170 693 1 177 664
379 188 937 1 197 902
380 28 1250 1 40 1205
381 235 962 1 242 929
382 462 582 1 467 553
383 478 646 1 484 616
384 39 1112 1 52 1072
385 417 388 1 423 359
386 348 453 1 355 424
387 550 1155 1 553 1106
388 402 210 1 409 180
389 371 1031 1 376 996
390 441 1007 1 445 972
391 430 670 1 436 639
392 204 1170 1 213 1131
393 89 540 1 97 510
394 259 440 1 266 412
395 37 971 1 49 934
396 170 1042 1 179 1006
397 437 864 1 443 831
398 469 320 1 476 292
399 369 174 1 375 144
400 425 977 1 432 942
401 386 704 1 391 674
402 186 366 1 193 336
403 215 308 1 221 279
404 38 924 1 50 888
405 458 258 1 464 230
406 336 101 1 344 70
407 208 910 1 218 876
408 386 718 1 392 685
409 430 998 1 435 963
410 69 1178 1 81 1136
411 128 930 1 138 894
412 30 1014 1 42 976
413 461 106 1 469 77
414 263 561 1 270 531
415 199 781 1 206 751
416 137 1110 1 147 1072
417 154 984 1 163 949
418 416 90 1 423 60
419 644 834 1 644 791
420 437 853 1 442 823
421 481 899 1 486 866
422 358 725 1 365 692
423 359 1084 1 366 1049
424 365 774 1 370 744
425 402 1123 1 409 1085
426 212 1000 1 219 966
427 212 1016 1 219 981
428 419 185 1 426 155
429 509 1099 1 514 1052
430 244 313 1 249 284
431 254 1015 1 262 979
432 101 1037 1 112 1000
433 444 639 1 449 610
434 92 1156 1 104 1115
435 171 1195 1 181 1154
436 394 381 1 402 353
437 46 1053 1 59 1014
438 531 901 1 536 865
439 68 962 1 80 925
440 157 420 1 163 391
441 165 476 1 172 447
442 177 836 1 184 806
443 340 364 1 347 335
444 113 1220 1 123 1179
445 442 1036 1 448 1002
446 452 1023 1 457 988
447 453 1069 1 456 1035
448 427 902 1 432 868
449 327 186 1 333 156
450 110 1193 1 121 1152
451 443 948 1 448 914
452 444 234 1 450 204
453 172 750 1 179 720
454 304 193 1 310 163
455 441 608 1 446 579
456 371 784 1 376 754
457 165 336 1 171 308
458 96 989 1 106 952
459 437 962 1 442 928
460 402 1027 1 409 992
461 50 962 1 62 926
462 75 305 1 82 275
463 243 1059 1 251 1022
464 156 1212 1 165 1171
465 384 617 1 390 588
466 286 215 1 292 185
467 491 932 1 496 898
468 512 826 1 518 792
469 448 712 1 454 682
470 498 1086 1 503 1040
471 155 1105 1 165 1069
472 255 640 1 262 610
473 401 442 1 408 413
474 187 1005 1 196 968
475 172 1071 1 181 1035
476 453 1032 1 458 998
477 350 428 1 357 399
478 165 704 1 172 673
479 336 224 1 343 195
480 357 1212 1 362 1175
481 218 617 1 225 588
482 52 1185 1 63 1143
483 304 137 1 310 106
484 315 1186 1 323 1145
485 442 66 1 448 37
486 87 562 1 95 532
487 299 1192 1 308 1151
488 56 1165 1 69 1124
489 386 669 1 392 639
490 446 370 1 452 341
491 467 829 1 473 797
492 400 881 1 406 848
493 423 1184 1 427 1147
494 443 474 1 449 446
495 412 296 1 418 267
496 279 946 1 287 912
497 404 230 1 410 200
498 114 1176 1 123 1136
499 141 1194 1 152 1155
500 350 366 1 357 336
501 381 404 1 388 375
502 526 1163 1 529 1114
503 467 867 1 472 834
504 415 932 1 421 898
505 45 1138 1 56 1098
506 452 982 1 457 948
507 552 1024 1 556 982
508 323 981 1 330 947
509 137 896 1 147 861
510 166 1028 1 175 992
511 329 364 1 335 335
512 450 587 1 456 558
513 397 494 1 405 465
514 148 1185 1 157 1145
515 506 620 1 511 590
516 359 736 1 365 706
517 61 1077 1 72 1039
518 229 1031 1 237 994
519 416 118 1 423 87
520 437 903 1 443 869
521 455 439 1 462 412
522 330 196 1 336 166
523 348 336 1 356 306
524 233 364 1 239 335
525 27 1114 1 39 1075
526 436 355 1 443 327
527 264 1035 1 270 1001
528 455 626 1 461 596
529 56 1220 1 68 1179
530 331 1134 1 338 1096
531 181 1119 1 189 1079
532 226 292 1 232 263
533 237 908 1 245 874
534 397 83 1 404 53
535 197 1220 1 208 1178
536 224 997 1 232 962
537 349 922 1 357 889
538 530 1080 1 534 1035
539 544 1145 1 548 1097
540 48 1193 1 60 1153
541 427 1058 1 433 1023
542 178 946 1 187 912
543 40 959 1 52 923
544 167 975 1 176 939
545 453 660 1 458 630
546 392 1235 1 397 1198
547 415 1089 1 420 1054
548 496 902 1 500 869
549 106 952 1 116 917
550 262 861 1 269 829
551 395 833 1 399 803
552 236 932 1 243 898
553 131 986 1 140 951
554 374 1017 1 380 984
555 261 621 1 269 592
556 402 1196 1 408 1160
557 65 1203 1 77 1161
558 355 1075 1 362 1040
559 450 568 1 456 539
560 160 829 1 167 798
561 358 1176 1 363 1141
562 472 389 1 478 361
563 290 820 1 296 790
564 375 642 1 381 613
565 270 109 1 277 78
566 463 1128 1 468 1090
567 453 511 1 459 483
568 299 104 1 305 73
569 470 215 1 478 186
570 451 1103 1 456 1064
571 313 260 1 319 231
572 243 982 1 251 946
573 193 1095 1 200 1060
574 241 761 1 248 730
575 402 996 1 408 961
576 457 117 1 465 87
577 429 187 1 436 157
578 270 745 1 276 714
579 49 990 1 60 954
580 383 496 1 390 467
581 561 724 1 566 688
582 216 37 1 223 6
583 469 468 1 476 440
584 220 906 1 229 872
585 41 912 1 53 875
586 438 971 1 443 938
587 368 988 1 375 953
588 280 532 1 286 502
589 119 954 1 129 919
590 33 1192 1 45 1151
591 421 874 1 427 840
592 342 554 1 349 524
593 201 997 1 210 961
594 541 1192 1 544 1143
595 114 1249 1 125 1205
596 496 575 1 503 545
597 253 844 1 261 812
598 384 661 1 391 631
599 187 1171 1 196 1130
600 427 961 1 432 927
601 58 1123 1 69 1084
602 124 1084 1 133 1047
603 129 959 1 138 924
604 61 947 1 73 910
605 116 992 1 127 956
606 198 1135 1 206 1096
607 455 638 1 460 608
608 176 464 1 182 436
609 49 931 1 61 895
610 445 180 1 453 150
611 371 1079 1 377 1044
612 295 164 1 301 133
613 103 977 1 114 941
614 369 322 1 376 292
615 435 25 1 442 -5
616 539 1106 1 543 1060
617 373 674 1 378 644
618 34 1100 1 47 1061
619 409 1223 1 412 1186
620 177 1032 1 185 997
621 443 148 1 450 118
622 462 377 1 468 349
623 174 914 1 184 880
624 184 969 1 193 934
625 374 284 1 381 255
626 190 347 1 196 318
627 410 1046 1 415 1010
628 275 1207 1 284 1166
629 445 354 1 452 326
630 250 126 1 256 95
631 300 91 1 306 60
632 158 602 1 165 573
633 406 1006 1 412 972
634 431 284 1 438 256
635 238 515 1 244 485
636 457 231 1 464 202
637 163 940 1 173 904
638 357 619 1 363 589
639 445 283 1 451 254
640 409 736 1 415 706
641 248 899 1 255 866
642 324 155 1 331 125
643 135 945 1 145 909
644 573 1124 1 575 1076
645 51 908 1 63 872
646 359 755 1 364 725
647 428 197 1 435 167
648 415 206 1 421 176
649 332 615 1 338 585
650 395 895 1 402 861
651 116 935 1 127 899
652 370 1254 1 375 1218
653 122 945 1 133 910
654 34 1215 1 46 1173
655 329 824 1 336 793
656 188 876 1 197 841
657 30 1136 1 42 1097
658 142 1067 1 152 1032
659 288 248 1 294 218
660 418 1002 1 424 967
661 311 906 1 318 874
662 539 957 1 544 918
663 79 1194 1 90 1151
664 469 1097 1 474 1059
665 184 848 1 192 815
666 422 255 1 429 226
667 427 800 1 433 769
668 445 121 1 452 90
669 122 1221 1 132 1179
670 137 1236 1 148 1195
671 259 990 1 266 956
672 299 977 1 307 942
673 100 1065 1 111 1027
674 92 317 1 98 287
675 292 43 1 300 11
676 37 992 1 49 955
677 356 1189 1 361 1154
678 343 1003 1 350 971
679 88 978 1 100 942
680 328 121 1 335 90
681 181 746 1 188 716
682 98 965 1 109 929
683 218 343 1 224 314
684 416 810 1 421 780
685 455 296 1 463 268
686 440 565 1 445 536
687 508 977 1 512 941
688 309 981 1 317 946
689 399 667 1 404 638
690 262 1152 1 270 1112
691 433 207 1 440 178
692 198 1073 1 206 1038
693 435 174 1 442 143
694 292 263 1 299 234
695 348 101 1 356 71
696 357 583 1 364 553
697 411 161 1 418 131
698 430 100 1 437 70
699 391 944 1 396 910
700 154 1085 1 163 1048
701 232 882 1 240 848
702 279 314 1 286 285
703 268 938 1 277 904
704 270 764 1 276 733
705 89 1182 1 101 1140
706 135 918 1 145 884
707 99 1111 1 108 1075
708 131 1247 1 142 1204
709 262 1193 1 272 1152
710 446 382 1 452 353
711 326 908 1 333 876
712 328 214 1 335 185
713 171 315 1 179 286
714 186 916 1 195 881
715 247 864 1 254 832
716 425 1197 1 431 1161
717 371 93 1 378 63
718 68 1125 1 80 1085
719 394 230 1 400 200
720 295 197 1 300 166
721 341 537 1 348 508
722 51 1032 1 64 992
