0 375 1162 1 380 1139
1 412 1173 1 418 1147
2 411 137 1 413 116
3 436 449 1 440 429
4 436 435 1 440 414
5 351 723 1 355 701
6 488 1077 1 494 1042
7 432 614 1 434 593
8 415 435 1 419 414
9 209 311 1 211 291
10 421 137 1 423 116
11 471 170 1 473 148
12 416 449 1 420 429
13 385 1154 1 390 1132
14 436 459 1 439 438
15 441 474 1 444 454
16 409 1244 1 414 1216
17 455 192 1 457 171
18 460 698 1 464 677
19 412 1183 1 419 1157
20 434 518 1 438 497
21 454 718 1 459 696
22 248 366 1 251 346
23 263 478 1 267 457
24 355 705 1 358 683
25 168 441 1 171 421
26 465 651 1 467 629
27 302 394 1 307 373
28 432 384 1 435 363
29 290 113 1 292 91
30 473 917 1 478 892
31 443 187 1 445 166
32 438 914 1 443 889
33 126 1223 1 136 1194
34 487 911 1 492 886
35 251 312 1 254 292
36 290 919 1 294 897
37 448 846 1 453 823
38 301 408 1 305 387
39 184 746 1 188 725
40 431 541 1 435 520
41 54 1252 1 66 1221
42 318 324 1 321 303
43 449 783 1 453 761
44 444 756 1 449 734
45 492 883 1 497 858
46 457 301 1 460 280
47 282 350 1 285 330
48 169 455 1 172 435
49 362 1035 1 368 1010
50 427 632 1 431 609
51 483 451 1 486 432
52 487 901 1 492 876
53 173 501 1 177 481
54 145 1162 1 155 1133
55 318 343 1 321 323
56 410 1226 1 416 1198
57 476 713 1 480 689
58 436 144 1 438 122
59 232 379 1 235 359
60 285 498 1 290 476
61 458 773 1 462 750
62 399 778 1 403 756
63 168 365 1 171 345
64 467 231 1 470 210
65 420 276 1 422 255
66 414 174 1 417 153
67 453 914 1 458 889
68 470 125 1 473 103
69 411 493 1 414 472
70 101 1161 1 110 1133
71 338 769 1 343 745
72 461 548 1 464 527
73 266 413 1 270 392
74 457 730 1 462 707
75 476 906 1 481 881
76 447 207 1 450 186
77 399 788 1 403 767
78 289 401 1 293 380
79 364 189 1 366 167
80 419 1153 1 424 1126
81 175 1133 1 182 1105
82 175 1163 1 184 1134
83 474 730 1 478 706
84 358 156 1 360 135
85 421 459 1 424 438
86 251 502 1 254 481
87 363 775 1 366 753
88 159 1169 1 167 1140
89 322 304 1 325 283
90 450 418 1 453 398
91 421 723 1 425 700
92 486 376 1 489 356
93 216 431 1 220 411
94 44 1230 1 56 1201
95 385 302 1 388 281
96 371 144 1 373 122
97 472 300 1 475 279
98 152 302 1 155 282
99 352 335 1 356 314
100 411 612 1 414 591
101 285 577 1 290 556
102 445 662 1 449 639
103 301 50 1 304 28
104 476 369 1 479 349
105 472 158 1 474 137
106 161 575 1 165 555
107 477 876 1 481 851
108 39 1246 1 50 1216
109 336 713 1 340 691
110 346 172 1 348 150
111 49 1241 1 60 1211
112 440 110 1 442 88
113 217 410 1 221 390
114 546 1164 1 551 1125
115 314 63 1 316 42
116 405 355 1 409 335
117 284 426 1 287 406
118 42 1151 1 53 1122
119 218 528 1 221 508
120 397 612 1 401 590
121 220 575 1 224 555
122 194 433 1 197 413
123 448 234 1 451 212
124 218 516 1 222 495
125 417 162 1 419 141
126 199 692 1 203 671
127 285 587 1 289 567
128 255 737 1 259 716
129 527 1168 1 532 1129
130 411 186 1 414 165
131 202 793 1 207 771
132 283 336 1 286 316
133 355 137 1 356 115
134 437 1121 1 442 1094
135 262 86 1 264 64
136 299 882 1 305 859
137 138 1147 1 147 1118
138 438 134 1 440 112
139 235 988 1 242 964
140 47 1140 1 57 1111
141 195 956 1 203 930
142 406 905 1 412 880
143 249 1025 1 256 1000
144 261 326 1 264 306
145 275 492 1 279 471
146 417 1162 1 423 1136
147 195 575 1 199 555
148 382 195 1 385 173
149 165 544 1 168 525
150 283 326 1 286 306
151 463 311 1 466 291
152 477 63 1 479 42
153 254 751 1 259 729
154 411 476 1 415 455
155 142 1024 1 151 999
156 160 1044 1 168 1019
157 196 533 1 200 514
158 246 631 1 251 609
159 97 996 1 107 970
160 284 415 1 287 395
161 223 692 1 228 671
162 279 403 1 283 382
163 428 910 1 433 885
164 430 373 1 433 353
165 516 1157 1 521 1119
166 383 745 1 387 723
167 479 472 1 483 452
168 203 809 1 208 787
169 162 606 1 166 587
170 459 787 1 463 765
171 377 487 1 381 466
172 410 421 1 413 401
173 28 1249 1 39 1219
174 421 389 1 424 368
175 232 941 1 239 917
176 443 904 1 448 879
177 453 1129 1 459 1101
178 536 1166 1 540 1128
179 198 651 1 202 631
180 266 514 1 270 494
181 334 59 1 336 38
182 269 772 1 273 750
183 239 319 1 242 300
184 209 324 1 212 303
185 271 431 1 274 411
186 223 772 1 229 750
187 447 615 1 450 594
188 466 518 1 470 497
189 209 960 1 217 935
190 199 1007 1 206 981
191 263 337 1 265 318
192 431 220 1 434 199
193 474 280 1 478 259
194 226 921 1 233 898
195 196 548 1 199 529
196 458 148 1 461 126
197 200 724 1 205 704
198 333 344 1 336 324
199 411 630 1 415 608
200 407 321 1 410 301
201 461 489 1 465 469
202 215 949 1 222 924
203 355 529 1 358 508
204 410 538 1 413 517
205 449 431 1 452 411
206 301 196 1 303 175
207 203 1078 1 211 1054
208 176 490 1 179 471
209 425 1059 1 430 1033
210 194 450 1 197 431
211 335 723 1 338 701
212 217 452 1 221 432
213 452 181 1 455 159
214 122 992 1 132 966
215 444 767 1 448 745
216 450 399 1 453 379
217 37 929 1 48 903
218 350 206 1 353 185
219 409 235 1 412 214
220 404 398 1 408 377
221 430 801 1 434 779
222 422 615 1 425 594
223 79 1167 1 90 1139
224 296 266 1 298 246
225 27 978 1 37 953
226 449 881 1 455 856
227 166 1250 1 174 1222
228 263 955 1 270 932
229 267 531 1 272 511
230 426 118 1 428 96
231 31 1137 1 43 1109
232 458 159 1 461 138
233 410 655 1 414 634
234 168 664 1 172 645
235 223 724 1 228 704
236 210 936 1 217 912
237 442 713 1 446 691
238 460 1075 1 464 1049
239 249 92 1 250 70
240 427 822 1 431 800
241 170 1209 1 178 1181
242 449 512 1 453 491
243 134 1157 1 145 1129
244 359 975 1 365 950
245 294 80 1 295 58
246 379 976 1 385 950
247 518 1136 1 523 1099
248 134 1170 1 143 1142
249 277 214 1 279 193
250 411 376 1 414 355
251 322 180 1 324 159
252 394 355 1 397 335
253 458 938 1 462 913
254 418 219 1 420 198
255 144 1078 1 153 1052
256 363 642 1 367 620
257 452 836 1 456 813
258 150 486 1 153 468
259 431 926 1 436 902
260 450 866 1 456 841
261 439 355 1 443 335
262 427 130 1 429 108
263 334 417 1 338 396
264 465 868 1 470 843
265 473 194 1 476 172
266 357 757 1 361 735
267 442 928 1 447 903
268 359 695 1 363 672
269 137 1214 1 146 1186
270 291 772 1 296 750
271 148 689 1 152 670
272 283 274 1 286 253
273 442 122 1 444 101
274 345 186 1 347 165
275 125 1141 1 134 1113
276 174 894 1 181 870
277 354 518 1 358 497
278 404 455 1 408 434
279 334 663 1 338 642
280 69 1219 1 79 1191
281 445 100 1 447 78
282 91 1240 1 103 1211
283 96 631 1 101 610
284 221 667 1 226 647
285 435 1138 1 441 1110
286 220 650 1 225 629
287 269 809 1 274 788
288 129 285 1 132 265
289 445 89 1 448 67
290 262 355 1 265 335
291 197 607 1 202 588
292 375 990 1 381 965
293 109 956 1 118 929
294 428 474 1 432 454
295 259 453 1 263 433
296 350 652 1 354 630
297 480 127 1 483 105
298 69 1209 1 79 1181
299 460 419 1 463 400
300 405 923 1 410 898
301 199 666 1 203 646
302 484 461 1 487 442
303 217 1076 1 224 1051
304 568 1107 1 572 1069
305 138 550 1 142 530
306 274 84 1 276 63
307 227 1074 1 233 1049
308 39 971 1 48 946
309 171 1174 1 181 1145
310 205 333 1 208 313
311 353 345 1 356 324
312 355 544 1 359 524
313 338 778 1 342 757
314 334 519 1 338 498
315 345 110 1 347 88
316 105 307 1 108 287
317 219 548 1 222 528
318 185 881 1 191 859
319 197 591 1 201 571
320 406 262 1 408 241
321 463 137 1 466 116
322 405 514 1 408 493
323 34 992 1 45 965
324 65 1180 1 76 1152
325 236 105 1 237 83
326 477 146 1 480 124
327 42 1005 1 51 978
328 27 1225 1 38 1196
329 407 892 1 412 867
330 232 291 1 235 271
331 159 951 1 165 924
332 112 1053 1 121 1028
333 147 1215 1 156 1188
334 334 427 1 337 406
335 334 545 1 338 524
336 345 663 1 350 641
337 421 186 1 424 165
338 333 529 1 337 508
339 453 964 1 458 939
340 466 329 1 469 308
341 408 975 1 414 950
342 481 114 1 484 92
343 387 368 1 390 348
344 372 498 1 376 478
345 163 649 1 168 630
346 60 1163 1 70 1134
347 193 412 1 196 392
348 244 736 1 249 716
349 337 790 1 341 769
350 335 646 1 339 625
351 93 1125 1 103 1098
352 631 838 1 632 802
353 427 265 1 429 245
354 310 303 1 313 283
355 375 1115 1 382 1086
356 452 1005 1 458 979
357 230 906 1 236 884
358 53 1009 1 64 983
359 334 442 1 338 422
360 399 645 1 403 623
361 183 320 1 186 300
362 478 865 1 482 841
363 454 927 1 459 903
364 175 993 1 183 968
365 353 433 1 357 412
366 532 1131 1 538 1094
367 144 967 1 151 943
368 194 516 1 197 496
369 171 915 1 179 891
370 360 171 1 363 149
371 436 238 1 439 217
372 128 1059 1 136 1035
373 324 74 1 328 51
374 128 298 1 131 277
375 428 155 1 430 133
376 514 1146 1 520 1108
377 442 498 1 446 477
378 457 385 1 460 365
379 140 987 1 148 963
380 143 291 1 146 271
381 440 1079 1 445 1053
382 226 1010 1 234 985
383 420 1134 1 426 1107
384 172 682 1 176 663
385 189 926 1 196 902
386 27 1238 1 38 1207
387 235 952 1 242 928
388 465 572 1 468 552
389 480 637 1 484 614
390 39 1101 1 50 1074
391 420 378 1 423 357
392 351 443 1 355 422
393 550 1148 1 554 1110
394 407 199 1 409 178
395 371 1021 1 376 996
396 442 997 1 445 972
397 432 660 1 437 637
398 204 1158 1 212 1131
399 91 529 1 96 508
400 262 429 1 266 410
401 37 959 1 47 935
402 170 1031 1 178 1006
403 438 855 1 443 831
404 473 310 1 476 290
405 373 163 1 375 142
406 426 967 1 432 942
407 388 695 1 392 672
408 190 354 1 193 334
409 218 297 1 221 277
410 39 914 1 48 888
411 462 248 1 465 227
412 341 89 1 344 68
413 209 900 1 217 876
414 388 708 1 392 684
415 431 988 1 436 963
416 69 1167 1 79 1138
417 129 919 1 137 894
418 30 1003 1 40 976
419 467 95 1 469 74
420 265 550 1 270 530
421 201 771 1 206 750
422 137 1099 1 146 1073
423 155 973 1 163 949
424 421 79 1 423 57
425 646 828 1 647 792
426 438 844 1 442 822
427 482 891 1 486 866
428 360 715 1 365 691
429 359 1074 1 366 1049
430 367 764 1 371 742
431 224 1041 1 230 1016
432 402 1114 1 409 1086
433 212 990 1 219 966
434 424 174 1 426 153
435 509 1091 1 515 1055
436 247 302 1 249 282
437 255 1004 1 262 979
438 102 1025 1 111 1001
439 446 630 1 449 609
440 92 1145 1 102 1116
441 171 1184 1 180 1156
442 398 371 1 402 351
443 46 1042 1 57 1015
444 532 893 1 536 866
445 69 951 1 79 926
446 159 409 1 162 389
447 168 465 1 172 445
448 179 826 1 184 805
449 344 354 1 347 333
450 443 1027 1 448 1002
451 452 1013 1 458 988
452 453 1060 1 457 1035
453 428 893 1 432 868
454 331 175 1 334 154
455 110 1182 1 120 1153
456 444 939 1 448 914
457 448 223 1 451 202
458 174 739 1 179 719
459 308 182 1 310 161
460 443 598 1 447 577
461 372 774 1 376 753
462 169 325 1 171 306
463 96 978 1 105 953
464 437 953 1 442 928
465 403 1017 1 409 992
466 50 952 1 60 926
467 78 293 1 81 273
468 244 1049 1 251 1023
469 156 1201 1 164 1173
470 387 607 1 390 586
471 290 204 1 292 183
472 492 923 1 496 898
473 514 817 1 518 792
474 450 702 1 454 681
475 498 1079 1 504 1043
476 154 1094 1 164 1069
477 257 630 1 262 608
478 404 432 1 408 411
479 187 994 1 195 968
480 172 1060 1 180 1035
481 454 1023 1 459 998
482 353 418 1 357 397
483 167 693 1 172 672
484 340 213 1 343 193
485 356 1202 1 362 1175
486 220 607 1 224 587
487 51 1174 1 62 1144
488 309 125 1 310 104
489 314 1176 1 322 1146
490 447 55 1 449 33
491 89 551 1 95 531
492 299 1181 1 308 1152
493 56 1154 1 67 1125
494 388 659 1 392 638
495 449 360 1 452 339
496 468 821 1 473 797
497 401 871 1 406 847
498 422 1174 1 427 1147
499 446 464 1 449 444
500 416 286 1 418 265
501 280 936 1 287 912
502 409 219 1 411 198
503 114 1165 1 122 1137
504 141 1183 1 151 1156
505 354 355 1 357 334
506 384 394 1 388 373
507 525 1156 1 530 1118
508 468 858 1 472 834
509 416 923 1 421 898
510 205 973 1 212 949
511 453 973 1 457 948
512 552 1017 1 557 984
513 323 971 1 330 947
514 137 886 1 146 861
515 167 1017 1 175 992
516 332 353 1 335 333
517 212 1005 1 219 980
518 453 578 1 456 557
519 400 484 1 405 463
520 148 1173 1 156 1146
521 70 1244 1 80 1215
522 508 611 1 512 588
523 361 726 1 365 705
524 61 1066 1 71 1040
525 229 1020 1 237 994
526 421 107 1 424 85
527 438 893 1 443 868
528 459 429 1 462 410
529 334 185 1 336 164
530 352 325 1 356 304
531 236 353 1 239 333
532 27 1103 1 38 1076
533 439 345 1 443 325
534 264 1025 1 270 1001
535 458 616 1 461 595
536 56 1209 1 67 1180
537 331 1124 1 338 1096
538 180 1108 1 188 1080
539 229 281 1 232 261
540 238 898 1 244 874
541 402 71 1 404 50
542 196 1210 1 207 1179
543 224 987 1 232 962
544 351 912 1 357 888
545 531 1073 1 535 1037
546 545 1138 1 549 1100
547 127 1201 1 137 1172
548 48 1182 1 59 1154
549 428 1048 1 433 1023
550 179 936 1 186 912
551 40 948 1 50 923
552 201 1041 1 207 1013
553 168 965 1 175 940
554 455 650 1 459 628
555 391 1223 1 397 1198
556 415 1080 1 420 1054
557 497 893 1 501 868
558 107 941 1 115 917
559 263 851 1 269 828
560 396 824 1 399 802
561 237 921 1 243 898
562 131 975 1 139 950
563 374 1008 1 381 984
564 264 611 1 269 590
565 401 1186 1 408 1160
566 65 1191 1 76 1163
567 355 1065 1 362 1040
568 453 558 1 456 537
569 162 818 1 167 797
570 357 1165 1 363 1141
571 476 379 1 479 359
572 292 810 1 296 789
573 378 633 1 382 611
574 275 98 1 277 76
575 463 1119 1 469 1091
576 455 502 1 459 481
577 190 1029 1 198 1005
578 303 92 1 305 71
579 475 205 1 478 184
580 451 1094 1 457 1065
581 317 249 1 319 229
582 243 971 1 250 946
583 193 1083 1 200 1060
584 243 750 1 248 728
585 403 987 1 408 961
586 462 106 1 465 84
587 434 176 1 437 155
588 271 735 1 276 713
589 50 979 1 59 954
590 386 486 1 390 466
591 564 716 1 568 688
592 220 25 1 223 4
593 429 580 1 432 559
594 473 458 1 476 439
595 221 896 1 228 872
596 41 901 1 51 876
597 439 962 1 443 937
598 369 978 1 375 953
599 282 521 1 286 501
600 120 943 1 128 919
601 33 1181 1 43 1152
602 422 864 1 427 840
603 345 544 1 349 523
604 202 987 1 209 962
605 540 1185 1 545 1147
606 114 1237 1 124 1207
607 499 566 1 503 543
608 254 834 1 261 811
609 387 651 1 391 630
610 187 1160 1 195 1131
611 428 952 1 433 927
612 58 1112 1 68 1085
613 124 1073 1 133 1047
614 129 948 1 137 924
615 62 937 1 71 910
616 117 981 1 126 956
617 197 1124 1 205 1097
618 457 629 1 461 607
619 179 454 1 182 434
620 50 920 1 60 895
621 450 169 1 453 148
622 371 1069 1 377 1044
623 300 153 1 301 131
624 103 967 1 113 941
625 373 311 1 376 290
626 539 1098 1 544 1063
627 375 665 1 378 643
628 35 1090 1 45 1062
629 408 1213 1 413 1186
630 177 1021 1 185 997
631 448 137 1 450 116
632 466 367 1 469 346
633 175 904 1 183 880
634 185 959 1 192 934
635 378 274 1 381 253
636 194 336 1 196 317
637 410 1036 1 416 1010
638 274 1197 1 283 1168
639 449 344 1 453 324
640 254 114 1 256 93
641 304 80 1 306 58
642 161 592 1 165 571
643 406 997 1 412 972
644 436 274 1 438 254
645 240 504 1 244 483
646 462 220 1 465 199
647 164 929 1 172 904
648 359 609 1 364 588
649 449 273 1 451 252
650 411 726 1 415 705
651 248 888 1 255 865
652 329 144 1 331 123
653 136 934 1 144 909
654 573 1118 1 577 1080
655 52 897 1 61 872
656 361 746 1 364 724
657 433 186 1 435 165
658 419 195 1 422 174
659 334 604 1 338 584
660 396 885 1 402 861
661 117 924 1 125 899
662 369 1243 1 375 1218
663 123 934 1 132 910
664 34 1203 1 45 1175
665 331 813 1 336 792
666 189 866 1 196 841
667 30 1125 1 40 1098
668 143 1057 1 151 1032
669 292 237 1 294 216
670 419 993 1 424 967
671 311 896 1 318 874
672 540 950 1 544 919
673 78 1182 1 88 1152
674 470 1088 1 474 1060
675 185 837 1 191 814
676 427 244 1 429 224
677 428 790 1 433 768
678 450 110 1 452 88
679 137 1225 1 147 1197
680 259 980 1 266 956
681 300 967 1 306 942
682 100 1053 1 110 1027
683 95 305 1 98 285
684 297 31 1 300 9
685 38 980 1 47 955
686 356 1179 1 362 1154
687 343 993 1 350 970
688 89 967 1 98 942
689 333 110 1 335 88
690 183 735 1 188 714
691 99 955 1 108 930
692 221 332 1 224 312
693 120 1183 1 130 1155
694 417 800 1 422 779
695 460 286 1 463 266
696 442 555 1 446 534
697 508 968 1 513 941
698 310 971 1 317 946
699 401 658 1 405 636
700 261 1142 1 270 1113
701 437 197 1 440 176
702 199 1062 1 206 1037
703 440 163 1 442 141
704 296 252 1 299 232
705 353 90 1 356 68
706 360 573 1 364 552
707 415 150 1 418 129
708 435 89 1 437 67
709 392 934 1 396 910
710 154 1074 1 162 1048
711 233 872 1 239 848
712 283 303 1 286 283
713 269 928 1 277 904
714 271 753 1 276 732
715 89 1172 1 100 1142
716 136 908 1 144 883
717 99 1099 1 107 1075
718 130 1235 1 141 1206
719 262 1182 1 271 1153
720 450 372 1 453 351
721 327 898 1 333 875
722 332 203 1 335 182
723 174 304 1 178 283
724 187 906 1 195 881
725 248 853 1 254 832
726 425 1187 1 431 1161
727 376 81 1 378 60
728 68 1113 1 78 1086
729 398 219 1 401 199
730 299 186 1 300 165
731 344 527 1 348 507
732 51 1021 1 62 993
