0 372 1154 1 381 1138
1 414 128 1 414 114
2 437 441 1 440 427
3 438 427 1 441 412
4 351 715 1 355 699
5 486 1072 1 494 1044
6 432 607 1 434 591
7 417 427 1 419 412
8 211 301 1 211 289
9 424 131 1 423 114
10 474 161 1 474 146
11 418 441 1 420 427
12 383 1146 1 391 1131
13 438 451 1 440 437
14 442 467 1 445 452
15 406 1236 1 415 1216
16 458 183 1 457 168
17 460 691 1 464 676
18 410 1176 1 419 1157
19 435 511 1 438 496
20 454 710 1 459 694
21 249 357 1 251 344
22 264 470 1 267 456
23 355 697 1 359 682
24 169 431 1 171 419
25 465 644 1 468 627
26 304 386 1 306 371
27 434 376 1 435 362
28 294 103 1 292 89
29 472 910 1 479 892
30 446 178 1 446 164
31 437 907 1 443 889
32 124 1214 1 136 1195
33 486 904 1 492 885
34 253 303 1 254 290
35 289 911 1 294 896
36 448 839 1 453 822
37 303 399 1 305 385
38 183 737 1 188 724
39 432 533 1 435 519
40 51 1242 1 65 1222
41 320 315 1 321 301
42 449 775 1 453 760
43 444 749 1 449 733
44 492 876 1 497 857
45 459 293 1 460 279
46 284 341 1 285 328
47 170 445 1 172 434
48 360 1028 1 368 1010
49 428 624 1 431 608
50 484 443 1 487 430
51 486 894 1 492 876
52 174 492 1 177 480
53 143 1154 1 154 1134
54 320 334 1 321 321
55 408 1218 1 416 1198
56 476 706 1 480 688
57 440 135 1 438 120
58 234 370 1 235 357
59 286 489 1 290 475
60 458 765 1 463 749
61 399 770 1 403 755
62 170 356 1 171 344
63 470 223 1 470 208
64 422 268 1 422 253
65 417 165 1 417 151
66 452 907 1 459 888
67 474 116 1 473 101
68 412 485 1 414 470
69 98 1152 1 110 1134
70 338 761 1 343 744
71 462 541 1 465 526
72 267 404 1 270 391
73 457 723 1 463 706
74 475 899 1 481 881
75 451 199 1 450 184
76 399 780 1 403 766
77 290 392 1 293 378
78 367 180 1 366 166
79 417 1145 1 425 1126
80 173 1155 1 184 1135
81 474 723 1 478 705
82 361 147 1 360 133
83 422 451 1 424 437
84 252 493 1 254 480
85 363 767 1 366 752
86 156 1161 1 167 1140
87 324 295 1 325 282
88 452 410 1 453 396
89 421 716 1 425 698
90 488 368 1 489 354
91 218 422 1 220 409
92 42 1220 1 55 1202
93 387 293 1 388 279
94 374 135 1 373 120
95 474 292 1 476 277
96 154 293 1 155 281
97 354 326 1 356 312
98 412 605 1 415 589
99 286 569 1 290 555
100 445 654 1 449 638
101 304 40 1 304 26
102 478 360 1 479 347
103 475 150 1 475 135
104 161 566 1 165 554
105 476 869 1 482 850
106 36 1236 1 49 1217
107 336 705 1 340 690
108 349 163 1 348 149
109 46 1231 1 59 1212
110 443 101 1 442 86
111 219 401 1 220 389
112 544 1159 1 552 1128
113 317 53 1 316 39
114 407 347 1 409 333
115 285 418 1 287 404
116 40 1142 1 52 1123
117 218 519 1 221 507
118 398 604 1 401 589
119 221 566 1 224 553
120 196 424 1 197 412
121 451 225 1 451 211
122 219 507 1 222 494
123 420 154 1 420 139
124 199 683 1 203 670
125 285 579 1 289 565
126 254 729 1 259 714
127 525 1163 1 533 1132
128 414 178 1 414 163
129 202 784 1 207 770
130 285 328 1 286 314
131 357 128 1 357 113
132 435 1114 1 442 1094
133 265 76 1 264 62
134 298 874 1 306 858
135 135 1138 1 147 1118
136 234 980 1 242 964
137 44 1131 1 56 1112
138 194 947 1 203 929
139 405 898 1 412 880
140 247 1017 1 256 1000
141 263 317 1 264 304
142 276 483 1 279 469
143 415 1155 1 423 1136
144 196 566 1 199 553
145 385 186 1 385 172
146 166 535 1 168 524
147 285 317 1 286 304
148 465 304 1 466 289
149 481 54 1 479 39
150 254 743 1 259 728
151 413 468 1 416 453
152 159 1036 1 168 1019
153 197 524 1 199 512
154 247 622 1 251 608
155 285 406 1 287 393
156 223 684 1 228 670
157 280 394 1 283 380
158 427 903 1 433 885
159 433 365 1 433 351
160 514 1152 1 522 1121
161 383 738 1 388 722
162 480 464 1 483 450
163 202 800 1 208 786
164 163 597 1 166 585
165 459 780 1 464 764
166 378 479 1 381 465
167 412 413 1 414 399
168 25 1239 1 38 1220
169 423 381 1 425 366
170 231 932 1 239 917
171 442 897 1 448 879
172 451 1122 1 459 1101
173 534 1161 1 541 1131
174 198 642 1 202 630
175 267 506 1 270 492
176 338 49 1 336 35
177 268 764 1 273 748
178 241 310 1 242 298
179 211 314 1 212 302
180 272 423 1 274 410
181 223 763 1 229 749
182 448 608 1 450 592
183 467 511 1 470 496
184 208 952 1 217 935
185 197 998 1 206 981
186 265 329 1 265 316
187 434 211 1 434 197
188 477 272 1 478 257
189 226 913 1 232 897
190 197 540 1 199 528
191 462 139 1 461 124
192 200 716 1 205 703
193 335 336 1 336 322
194 411 622 1 415 606
195 409 313 1 410 299
196 463 481 1 465 468
197 214 941 1 222 924
198 356 521 1 358 507
199 411 530 1 413 516
200 96 987 1 106 970
201 304 187 1 304 173
202 133 1151 1 144 1130
203 177 481 1 179 470
204 423 1051 1 430 1033
205 195 441 1 197 430
206 335 715 1 339 700
207 219 443 1 221 430
208 456 172 1 455 157
209 121 984 1 131 966
210 444 759 1 448 744
211 452 391 1 453 377
212 35 921 1 46 903
213 352 197 1 353 183
214 412 226 1 412 212
215 406 390 1 408 376
216 429 794 1 434 778
217 422 607 1 425 592
218 77 1158 1 89 1139
219 299 257 1 298 244
220 26 969 1 36 953
221 448 874 1 455 856
222 163 1241 1 174 1222
223 263 946 1 270 931
224 268 523 1 272 510
225 430 109 1 428 95
226 29 1128 1 42 1109
227 461 150 1 461 135
228 411 647 1 415 633
229 168 656 1 172 644
230 223 716 1 228 703
231 209 928 1 216 911
232 442 705 1 446 690
233 458 1068 1 464 1049
234 252 82 1 250 68
235 426 815 1 431 799
236 167 1201 1 177 1182
237 451 505 1 453 490
238 358 968 1 365 950
239 297 70 1 295 56
240 378 968 1 385 950
241 516 1131 1 524 1101
242 131 1161 1 143 1142
243 279 205 1 279 192
244 413 368 1 414 354
245 325 171 1 324 157
246 396 347 1 397 333
247 457 931 1 462 913
248 421 210 1 420 196
249 142 1069 1 152 1052
250 364 634 1 367 619
251 451 829 1 456 812
252 151 477 1 153 466
253 430 919 1 437 901
254 449 860 1 456 840
255 442 348 1 444 333
256 430 121 1 429 106
257 335 408 1 338 394
258 465 861 1 470 843
259 476 185 1 476 170
260 357 749 1 361 734
261 441 921 1 447 902
262 359 687 1 364 671
263 134 1205 1 145 1187
264 291 764 1 296 749
265 148 680 1 152 668
266 286 265 1 286 251
267 445 114 1 444 99
268 348 177 1 347 163
269 123 1133 1 134 1113
270 173 885 1 180 870
271 355 510 1 358 496
272 406 447 1 409 433
273 335 655 1 339 641
274 66 1210 1 79 1191
275 448 91 1 447 76
276 89 1231 1 102 1211
277 96 622 1 101 609
278 222 659 1 226 646
279 432 1130 1 441 1110
280 221 641 1 225 628
281 269 801 1 274 787
282 131 275 1 131 263
283 449 80 1 448 65
284 264 346 1 265 334
285 198 598 1 202 586
286 373 982 1 381 964
287 108 947 1 117 929
288 429 467 1 433 452
289 261 445 1 263 431
290 350 644 1 354 629
291 484 118 1 483 103
292 67 1200 1 79 1181
293 462 411 1 464 398
294 404 915 1 410 897
295 226 1002 1 233 985
296 199 657 1 203 645
297 485 454 1 488 440
298 216 1067 1 224 1051
299 566 1102 1 573 1072
300 139 541 1 142 529
301 277 75 1 276 61
302 225 1065 1 233 1048
303 410 1165 1 418 1147
304 169 1165 1 180 1146
305 207 324 1 208 312
306 355 336 1 356 323
307 356 536 1 359 522
308 337 769 1 342 756
309 335 511 1 338 497
310 348 100 1 347 86
311 107 297 1 108 285
312 220 540 1 222 527
313 184 872 1 191 858
314 198 582 1 201 570
315 408 254 1 408 239
316 172 1124 1 182 1105
317 466 129 1 466 113
318 406 506 1 408 491
319 33 983 1 44 965
320 63 1170 1 75 1152
321 239 95 1 237 81
322 481 137 1 481 122
323 40 996 1 50 979
324 25 1215 1 38 1197
325 406 885 1 412 867
326 234 282 1 235 269
327 158 943 1 164 924
328 110 1044 1 120 1027
329 145 1206 1 155 1188
330 335 419 1 338 405
331 335 536 1 338 523
332 346 655 1 350 640
333 424 177 1 424 163
334 334 521 1 337 507
335 452 957 1 459 938
336 468 321 1 469 306
337 407 968 1 414 950
338 485 105 1 484 90
339 389 360 1 391 346
340 373 490 1 376 476
341 164 641 1 168 629
342 194 403 1 196 390
343 245 728 1 249 715
344 337 782 1 342 768
345 336 638 1 339 624
346 91 1117 1 103 1098
347 632 833 1 634 803
348 430 257 1 430 243
349 312 294 1 313 281
350 373 1107 1 382 1086
351 450 998 1 458 978
352 229 897 1 236 883
353 52 1000 1 63 983
354 335 434 1 338 420
355 399 637 1 403 622
356 185 310 1 186 298
357 477 858 1 483 840
358 453 920 1 459 902
359 174 984 1 183 967
360 355 425 1 357 410
361 530 1126 1 538 1097
362 142 959 1 151 943
363 195 507 1 197 494
364 170 907 1 178 890
365 363 162 1 363 148
366 439 229 1 439 215
367 127 1050 1 136 1034
368 328 64 1 327 49
369 130 288 1 131 275
370 431 146 1 431 132
371 512 1141 1 520 1111
372 444 490 1 446 476
373 459 377 1 461 363
374 139 979 1 148 963
375 145 281 1 145 269
376 438 1072 1 446 1053
377 86 1169 1 100 1148
378 418 1126 1 426 1107
379 172 674 1 176 662
380 188 918 1 196 902
381 25 1228 1 37 1208
382 466 565 1 468 550
383 481 630 1 485 613
384 37 1092 1 49 1074
385 422 370 1 424 355
386 353 435 1 355 421
387 548 1143 1 555 1112
388 409 191 1 409 177
389 369 1014 1 376 996
390 440 990 1 445 972
391 432 653 1 437 636
392 202 1149 1 212 1131
393 92 519 1 96 507
394 263 421 1 266 408
395 36 951 1 46 935
396 438 848 1 443 830
397 475 302 1 477 288
398 376 154 1 375 140
399 425 960 1 432 941
400 388 687 1 392 671
401 191 345 1 193 333
402 220 287 1 221 275
403 38 905 1 47 888
404 465 240 1 465 225
405 345 80 1 344 66
406 208 892 1 217 875
407 388 700 1 392 683
408 429 981 1 436 963
409 129 910 1 137 894
410 28 995 1 39 977
411 471 86 1 469 71
412 266 542 1 270 528
413 201 762 1 206 749
414 135 1091 1 146 1073
415 154 965 1 162 948
416 425 70 1 423 55
417 647 824 1 649 793
418 438 837 1 443 821
419 481 884 1 487 865
420 67 1160 1 78 1138
421 360 707 1 365 690
422 358 1066 1 366 1049
423 367 756 1 371 741
424 222 1032 1 230 1016
425 400 1106 1 409 1086
426 211 981 1 219 965
427 427 166 1 427 152
428 508 1086 1 516 1057
429 249 292 1 249 280
430 253 996 1 262 979
431 100 1017 1 110 1000
432 447 623 1 449 607
433 90 1137 1 102 1117
434 400 363 1 402 349
435 45 1033 1 56 1015
436 532 888 1 537 866
437 68 943 1 78 926
438 161 400 1 162 388
439 169 456 1 172 444
440 178 817 1 184 804
441 346 345 1 347 332
442 441 1020 1 448 1001
443 451 1006 1 458 987
444 451 1053 1 457 1035
445 427 886 1 433 868
446 334 166 1 334 152
447 108 1173 1 119 1154
448 443 931 1 449 913
449 451 215 1 451 200
450 173 731 1 179 718
451 311 173 1 311 159
452 444 591 1 447 576
453 372 766 1 376 752
454 170 316 1 171 304
455 94 970 1 104 953
456 436 945 1 443 927
457 401 1010 1 409 992
458 49 943 1 59 926
459 80 283 1 81 271
460 242 1041 1 251 1023
461 153 1193 1 164 1173
462 388 599 1 391 585
463 293 195 1 292 181
464 491 916 1 497 898
465 514 811 1 519 791
466 450 695 1 454 679
467 497 1073 1 504 1045
468 153 1086 1 163 1069
469 257 621 1 262 607
470 406 424 1 409 409
471 185 986 1 194 968
472 171 1051 1 180 1035
473 452 1016 1 459 997
474 355 410 1 357 396
475 167 684 1 172 671
476 343 204 1 343 191
477 353 1193 1 363 1175
478 221 598 1 224 586
479 49 1164 1 61 1145
480 312 116 1 310 102
481 312 1168 1 322 1147
482 451 45 1 449 31
483 90 541 1 94 529
484 243 839 1 249 825
485 296 1174 1 308 1153
486 54 1145 1 66 1126
487 388 652 1 392 637
488 450 420 1 452 409
489 451 352 1 453 337
490 468 813 1 474 796
491 400 864 1 406 847
492 420 1166 1 428 1147
493 448 457 1 449 442
494 417 278 1 419 263
495 279 928 1 286 911
496 412 210 1 411 197
497 142 1016 1 151 998
498 139 1175 1 150 1156
499 356 347 1 357 333
500 387 386 1 389 372
501 523 1151 1 531 1121
502 468 851 1 472 833
503 415 915 1 421 898
504 203 964 1 211 948
505 451 966 1 458 948
506 551 1012 1 558 985
507 322 963 1 330 946
508 136 877 1 145 861
509 165 1008 1 174 992
510 334 345 1 335 331
511 210 996 1 219 980
512 454 570 1 457 555
513 402 476 1 405 462
514 145 1164 1 156 1146
515 67 1234 1 80 1216
516 509 604 1 512 587
517 361 718 1 365 704
518 59 1057 1 70 1040
519 228 1012 1 237 994
520 425 97 1 424 83
521 437 887 1 443 868
522 461 421 1 463 408
523 337 176 1 336 162
524 354 316 1 356 302
525 238 344 1 239 332
526 25 1094 1 37 1076
527 442 337 1 443 323
528 263 1016 1 270 1000
529 459 609 1 462 594
530 54 1199 1 66 1181
531 329 1116 1 338 1097
532 179 1099 1 188 1080
533 231 272 1 232 259
534 237 890 1 244 873
535 405 62 1 404 47
536 194 1202 1 207 1180
537 223 979 1 231 962
538 349 905 1 357 888
539 529 1067 1 536 1039
540 543 1133 1 550 1102
541 124 1192 1 136 1172
542 46 1172 1 58 1155
543 426 1041 1 433 1023
544 178 928 1 186 911
545 116 1238 1 128 1220
546 199 1032 1 206 1013
547 169 1177 1 180 1156
548 167 956 1 175 939
549 455 643 1 459 627
550 388 1215 1 398 1197
551 413 1072 1 421 1054
552 497 886 1 501 868
553 106 933 1 115 917
554 263 843 1 269 828
555 396 816 1 400 801
556 236 913 1 243 897
557 130 967 1 139 950
558 373 1000 1 381 984
559 264 602 1 269 589
560 108 1149 1 120 1126
561 62 1182 1 75 1163
562 354 1057 1 362 1040
563 454 551 1 457 536
564 161 809 1 167 796
565 355 1158 1 364 1141
566 478 371 1 479 357
567 291 802 1 297 788
568 378 625 1 382 610
569 278 88 1 277 74
570 461 1113 1 469 1091
571 457 494 1 460 480
572 188 1020 1 198 1005
573 307 83 1 305 69
574 478 196 1 478 182
575 449 1087 1 457 1065
576 319 241 1 320 227
577 242 963 1 250 946
578 192 1074 1 200 1059
579 243 742 1 248 727
580 402 980 1 409 961
581 466 97 1 465 82
582 437 167 1 437 153
583 271 727 1 276 712
584 49 970 1 58 954
585 388 478 1 390 464
586 565 710 1 568 687
587 39 941 1 49 923
588 429 572 1 432 558
589 474 451 1 477 437
590 220 888 1 228 872
591 40 892 1 50 876
592 438 955 1 443 937
593 367 971 1 375 953
594 283 513 1 286 499
595 119 934 1 127 918
596 31 1171 1 42 1153
597 421 857 1 427 839
598 346 536 1 349 521
599 200 978 1 209 961
600 538 1180 1 546 1149
601 111 1228 1 123 1208
602 500 558 1 503 542
603 254 825 1 261 810
604 387 644 1 391 629
605 184 1151 1 195 1132
606 427 944 1 433 926
607 56 1103 1 67 1085
608 122 1064 1 132 1047
609 129 939 1 137 924
610 61 928 1 70 910
611 116 972 1 125 956
612 195 1115 1 205 1097
613 459 622 1 461 606
614 180 445 1 182 433
615 49 911 1 59 895
616 454 161 1 453 146
617 369 1061 1 377 1044
618 302 143 1 301 129
619 102 958 1 112 941
620 375 302 1 376 288
621 538 1093 1 545 1064
622 375 657 1 378 642
623 33 1081 1 44 1062
624 405 1205 1 413 1186
625 175 1012 1 184 996
626 452 129 1 451 113
627 468 359 1 469 345
628 174 896 1 182 880
629 183 950 1 192 934
630 380 265 1 382 251
631 195 327 1 196 315
632 409 1029 1 416 1010
633 272 1189 1 283 1168
634 452 337 1 453 322
635 257 105 1 256 91
636 308 70 1 306 56
637 161 582 1 165 570
638 405 989 1 413 971
639 439 266 1 438 252
640 241 495 1 244 482
641 465 212 1 465 197
642 163 921 1 172 904
643 360 601 1 364 586
644 452 265 1 452 250
645 411 719 1 415 704
646 248 880 1 255 865
647 332 135 1 331 121
648 135 925 1 143 909
649 571 1113 1 578 1082
650 51 888 1 60 872
651 361 738 1 365 723
652 436 177 1 435 163
653 422 187 1 422 172
654 335 596 1 338 582
655 396 878 1 402 861
656 116 916 1 125 899
657 366 1234 1 375 1217
658 122 926 1 131 910
659 32 1194 1 44 1175
660 330 805 1 336 791
661 188 857 1 195 841
662 29 1116 1 40 1098
663 295 228 1 294 214
664 417 986 1 425 967
665 311 888 1 318 873
666 540 944 1 545 920
667 76 1173 1 88 1153
668 468 1082 1 474 1060
669 185 829 1 191 814
670 429 236 1 429 222
671 428 782 1 433 767
672 453 101 1 452 86
673 134 1217 1 146 1197
674 258 972 1 266 955
675 298 959 1 306 942
676 98 1045 1 109 1027
677 96 295 1 97 283
678 202 1069 1 211 1054
679 36 971 1 46 955
680 353 1170 1 362 1153
681 342 985 1 350 969
682 87 959 1 97 942
683 336 100 1 335 86
684 183 726 1 188 713
685 98 946 1 107 929
686 223 323 1 224 310
687 118 1174 1 130 1155
688 417 793 1 422 777
689 463 278 1 463 264
690 443 548 1 446 533
691 507 962 1 513 941
692 309 963 1 317 946
693 401 650 1 405 635
694 259 1134 1 269 1114
695 441 189 1 440 174
696 197 1054 1 205 1037
697 443 154 1 443 139
698 298 243 1 299 230
699 357 80 1 356 66
700 361 565 1 364 551
701 419 142 1 418 127
702 439 80 1 437 65
703 391 927 1 396 909
704 152 1065 1 162 1049
705 232 864 1 239 847
706 285 294 1 286 281
707 268 920 1 277 903
708 271 745 1 276 731
709 135 899 1 144 883
710 97 1090 1 107 1075
711 128 1227 1 140 1206
712 260 1174 1 271 1154
713 452 364 1 453 350
714 326 890 1 333 874
715 335 194 1 335 180
716 176 295 1 178 282
717 186 897 1 194 881
718 493 1062 1 499 1033
719 422 1179 1 431 1160
720 379 72 1 378 57
721 66 1104 1 78 1086
722 401 211 1 401 197
723 302 177 1 301 163
724 345 519 1 348 505
725 49 1013 1 60 994
