0 375 1132 1 382 1134
1 422 104 1 414 109
2 444 420 1 441 423
3 444 406 1 442 408
4 355 694 1 356 696
5 490 1058 1 495 1044
6 438 587 1 435 588
7 423 406 1 420 409
8 217 278 1 212 285
9 431 107 1 424 110
10 482 138 1 475 142
11 424 420 1 421 423
12 385 1124 1 392 1127
13 444 430 1 441 433
14 449 446 1 446 449
15 408 1215 1 416 1213
16 465 160 1 458 164
17 465 671 1 465 672
18 412 1155 1 420 1154
19 441 490 1 439 492
20 459 690 1 460 691
21 255 335 1 251 341
22 269 448 1 267 452
23 360 677 1 360 679
24 174 409 1 171 416
25 471 624 1 469 624
26 310 364 1 307 368
27 300 79 1 293 85
28 476 892 1 480 889
29 453 155 1 446 160
30 441 888 1 445 886
31 126 1194 1 137 1193
32 490 886 1 493 883
33 259 280 1 255 286
34 373 1063 1 379 1066
35 293 890 1 295 892
36 88 1106 1 100 1106
37 452 819 1 455 819
38 309 377 1 306 382
39 188 716 1 189 720
40 438 513 1 436 515
41 54 1221 1 65 1220
42 326 292 1 321 297
43 453 756 1 454 757
44 449 729 1 450 729
45 496 858 1 498 855
46 466 271 1 461 274
47 290 318 1 285 324
48 175 423 1 172 430
49 145 1134 1 155 1132
50 364 1008 1 369 1007
51 433 604 1 432 605
52 491 421 1 488 426
53 491 876 1 493 873
54 180 470 1 178 476
55 326 312 1 322 317
56 410 1197 1 418 1195
57 202 978 1 207 979
58 481 687 1 481 684
59 447 111 1 439 116
60 240 347 1 236 353
61 292 468 1 290 471
62 463 746 1 464 746
63 403 750 1 404 752
64 175 333 1 171 340
65 477 200 1 471 204
66 429 245 1 423 249
67 425 142 1 418 146
68 457 888 1 460 886
69 482 92 1 474 96
70 418 464 1 415 467
71 101 1132 1 110 1132
72 342 740 1 344 740
73 450 1065 1 458 1063
74 468 520 1 466 522
75 273 382 1 270 387
76 463 703 1 464 703
77 480 881 1 482 878
78 458 176 1 451 180
79 403 760 1 404 762
80 296 370 1 293 374
81 374 157 1 367 161
82 419 1125 1 426 1123
83 175 1135 1 184 1133
84 479 704 1 479 702
85 368 123 1 361 129
86 429 430 1 425 433
87 257 472 1 255 476
88 367 747 1 367 748
89 159 1141 1 167 1138
90 172 1146 1 181 1144
91 441 355 1 436 358
92 331 273 1 326 278
93 436 829 1 440 832
94 426 695 1 426 695
95 496 346 1 490 350
96 223 400 1 220 406
97 394 270 1 389 275
98 381 111 1 374 116
99 482 270 1 476 273
100 159 270 1 155 277
101 361 304 1 356 309
102 417 585 1 416 586
103 291 548 1 291 551
104 451 634 1 450 635
105 286 183 1 279 188
106 485 339 1 480 343
107 483 126 1 475 130
108 166 544 1 165 551
109 481 851 1 483 848
110 40 1215 1 50 1215
111 340 685 1 341 687
112 356 139 1 349 144
113 49 1211 1 60 1210
114 451 77 1 443 82
115 224 379 1 221 385
116 549 1145 1 553 1128
117 324 28 1 316 35
118 414 325 1 410 329
119 291 396 1 288 401
120 43 1123 1 52 1121
121 224 498 1 221 503
122 403 583 1 402 585
123 226 544 1 224 550
124 201 402 1 198 408
125 458 202 1 452 206
126 224 485 1 223 490
127 428 130 1 420 135
128 203 662 1 204 667
129 291 558 1 290 562
130 259 708 1 260 711
131 529 1149 1 534 1132
132 422 154 1 415 159
133 206 763 1 208 767
134 291 305 1 287 311
135 365 104 1 357 109
136 438 1096 1 443 1092
137 272 51 1 264 58
138 302 853 1 307 855
139 205 1130 1 213 1129
140 237 959 1 243 961
141 47 1111 1 56 1110
142 197 928 1 203 927
143 410 879 1 413 877
144 33 1110 1 42 1108
145 269 294 1 265 300
146 281 462 1 279 466
147 417 1134 1 424 1133
148 201 545 1 200 550
149 392 163 1 386 167
150 170 513 1 168 520
151 291 295 1 287 300
152 473 282 1 467 285
153 490 29 1 480 34
154 259 722 1 260 725
155 419 447 1 416 450
156 202 502 1 200 509
157 251 602 1 252 604
158 123 1113 1 134 1111
159 139 1119 1 147 1116
160 291 384 1 288 390
161 227 663 1 228 667
162 235 912 1 240 914
163 286 372 1 283 377
164 431 884 1 434 882
165 439 343 1 434 347
166 518 1138 1 523 1122
167 388 717 1 389 719
168 487 442 1 484 446
169 207 779 1 209 783
170 167 575 1 167 582
171 464 760 1 465 761
172 384 458 1 382 461
173 418 392 1 415 395
174 28 1218 1 39 1218
175 430 359 1 425 362
176 187 1132 1 196 1130
177 446 878 1 449 876
178 454 1102 1 460 1099
179 538 1148 1 542 1131
180 203 621 1 203 626
181 272 484 1 271 489
182 273 743 1 274 745
183 247 287 1 242 294
184 216 291 1 213 298
185 278 401 1 275 406
186 227 742 1 230 746
187 453 588 1 451 589
188 473 490 1 471 492
189 212 931 1 217 932
190 79 985 1 87 984
191 271 306 1 265 312
192 441 188 1 435 192
193 485 250 1 479 253
194 99 979 1 107 978
195 229 892 1 233 894
196 202 518 1 200 524
197 227 1044 1 234 1045
198 470 115 1 462 119
199 205 694 1 206 700
200 341 313 1 337 318
201 417 602 1 416 603
202 416 291 1 411 295
203 469 460 1 466 464
204 218 921 1 223 922
205 361 500 1 359 503
206 417 509 1 414 512
207 99 967 1 106 968
208 310 163 1 304 169
209 136 1130 1 145 1128
210 183 459 1 180 466
211 426 1032 1 432 1030
212 200 420 1 197 426
213 339 695 1 340 697
214 224 421 1 222 426
215 464 149 1 456 153
216 125 964 1 131 964
217 449 740 1 449 740
218 459 371 1 454 373
219 39 901 1 47 901
220 359 174 1 354 179
221 419 203 1 413 208
222 412 368 1 409 372
223 434 774 1 435 775
224 428 587 1 426 589
225 305 235 1 299 240
226 29 949 1 36 951
227 453 855 1 456 853
228 166 1219 1 175 1219
229 267 925 1 271 927
230 273 502 1 272 507
231 437 85 1 429 90
232 45 1201 1 56 1200
233 470 127 1 462 131
234 416 627 1 416 630
235 172 634 1 173 641
236 228 694 1 229 700
237 78 1151 1 88 1151
238 447 685 1 447 686
239 461 1048 1 465 1046
240 258 57 1 251 64
241 431 795 1 432 796
242 164 933 1 169 935
243 457 484 1 454 486
244 362 948 1 366 947
245 304 45 1 296 51
246 381 949 1 386 947
247 521 1118 1 525 1102
248 135 1141 1 144 1140
249 37 965 1 44 964
250 420 346 1 415 350
251 81 1138 1 90 1137
252 332 148 1 325 153
253 402 325 1 398 329
254 461 912 1 463 910
255 428 187 1 421 192
256 369 614 1 368 616
257 455 809 1 457 809
258 156 455 1 154 463
259 434 900 1 438 898
260 454 841 1 457 838
261 449 326 1 444 330
262 438 97 1 430 101
263 342 387 1 338 391
264 469 843 1 471 840
265 484 162 1 477 166
266 361 729 1 362 731
267 445 902 1 448 900
268 364 666 1 364 668
269 137 1185 1 146 1184
270 295 743 1 297 745
271 152 658 1 153 665
272 292 242 1 286 247
273 603 1251 1 606 1226
274 453 90 1 445 94
275 355 154 1 348 159
276 176 865 1 181 868
277 360 489 1 359 492
278 412 426 1 410 429
279 340 635 1 340 638
280 70 1189 1 80 1189
281 456 67 1 448 71
282 92 1210 1 103 1209
283 100 601 1 101 606
284 226 638 1 227 643
285 435 1111 1 442 1108
286 225 620 1 226 624
287 273 780 1 275 784
288 136 252 1 131 259
289 457 56 1 449 61
290 270 324 1 266 330
291 203 577 1 202 583
292 145 1048 1 153 1049
293 112 927 1 118 927
294 436 446 1 434 449
295 266 423 1 264 428
296 355 623 1 355 626
297 492 94 1 484 98
298 70 1179 1 79 1179
299 469 389 1 465 394
300 408 896 1 411 895
301 229 982 1 234 982
302 204 636 1 204 642
303 492 432 1 489 436
304 571 1089 1 574 1072
305 144 519 1 143 526
306 284 50 1 277 56
307 412 1145 1 420 1144
308 213 301 1 209 308
309 361 314 1 356 319
310 361 515 1 360 519
311 31 1094 1 40 1096
312 251 998 1 256 998
313 342 749 1 343 752
314 341 490 1 339 493
315 355 76 1 347 82
316 112 274 1 108 282
317 225 518 1 223 523
318 203 561 1 202 566
319 415 231 1 409 235
320 175 1103 1 183 1103
321 475 105 1 467 109
322 412 485 1 409 488
323 67 1150 1 76 1150
324 245 70 1 238 77
325 489 114 1 481 118
326 43 977 1 51 977
327 28 1194 1 38 1195
328 411 866 1 413 864
329 240 259 1 236 265
330 162 923 1 168 923
331 341 397 1 338 401
332 341 515 1 339 519
333 351 634 1 351 637
334 192 977 1 198 978
335 201 1077 1 210 1077
336 431 154 1 425 159
337 340 500 1 338 503
338 456 937 1 460 935
339 476 300 1 470 302
340 410 949 1 415 947
341 494 81 1 485 85
342 396 338 1 391 342
343 379 469 1 377 472
344 168 619 1 169 625
345 199 380 1 196 387
346 249 706 1 250 712
347 341 762 1 343 764
348 341 618 1 340 620
349 94 1096 1 103 1096
350 641 821 1 636 804
351 25 1208 1 37 1206
352 436 235 1 430 239
353 382 967 1 386 965
354 318 272 1 314 277
355 376 1088 1 383 1084
356 454 979 1 459 976
357 55 981 1 63 981
358 182 1079 1 189 1078
359 341 412 1 339 416
360 405 617 1 404 618
361 190 287 1 186 294
362 482 840 1 484 837
363 457 901 1 460 899
364 178 964 1 183 965
365 361 403 1 358 407
366 535 1113 1 539 1097
367 200 485 1 198 491
368 174 887 1 179 888
369 370 138 1 364 143
370 446 207 1 440 211
371 62 952 1 69 954
372 335 38 1 328 44
373 135 265 1 131 272
374 439 123 1 432 127
375 517 1128 1 521 1111
376 450 469 1 447 472
377 466 356 1 461 359
378 142 959 1 148 960
379 151 258 1 146 266
380 441 1052 1 447 1050
381 89 1148 1 100 1147
382 421 1106 1 427 1104
383 177 652 1 177 658
384 407 1186 1 414 1183
385 211 911 1 217 909
386 472 545 1 469 547
387 487 610 1 486 610
388 40 1072 1 50 1072
389 429 348 1 424 351
390 359 413 1 356 417
391 552 1130 1 556 1113
392 417 168 1 410 172
393 373 995 1 377 993
394 444 971 1 446 969
395 438 632 1 438 633
396 141 985 1 147 985
397 97 498 1 96 504
398 269 399 1 266 405
399 40 931 1 47 932
400 483 281 1 477 284
401 383 131 1 376 136
402 429 941 1 433 939
403 393 667 1 393 668
404 197 322 1 193 329
405 226 264 1 221 271
406 41 885 1 47 886
407 473 217 1 466 221
408 352 55 1 344 61
409 212 872 1 217 873
410 393 680 1 393 680
411 176 934 1 183 934
412 433 962 1 437 960
413 32 975 1 39 975
414 479 62 1 470 66
415 271 520 1 271 525
416 205 741 1 207 745
417 157 944 1 163 946
418 433 45 1 424 51
419 657 813 1 650 794
420 442 817 1 444 817
421 486 865 1 488 863
422 69 1140 1 79 1137
423 365 686 1 366 686
424 361 1046 1 367 1046
425 371 736 1 372 738
426 225 1012 1 231 1013
427 403 1087 1 410 1084
428 214 960 1 220 962
429 435 143 1 428 147
430 512 1072 1 516 1057
431 255 270 1 250 276
432 257 976 1 263 976
433 453 602 1 450 604
434 93 1117 1 102 1115
435 406 341 1 403 345
436 48 1013 1 56 1014
437 537 871 1 538 864
438 71 923 1 78 924
439 166 377 1 163 384
440 174 434 1 172 440
441 183 796 1 185 800
442 352 323 1 348 328
443 445 1001 1 449 999
444 455 987 1 459 985
445 454 1034 1 458 1032
446 431 867 1 434 865
447 341 143 1 335 148
448 446 912 1 450 910
449 458 192 1 452 196
450 178 709 1 180 715
451 317 150 1 311 155
452 450 571 1 448 572
453 377 746 1 377 748
454 176 293 1 171 300
455 155 1048 1 162 1046
456 194 1052 1 201 1056
457 440 926 1 444 925
458 405 991 1 410 989
459 53 923 1 60 924
460 85 259 1 81 267
461 245 1022 1 251 1021
462 139 1034 1 146 1036
463 393 579 1 392 581
464 299 172 1 293 177
465 495 898 1 498 895
466 519 792 1 520 789
467 455 675 1 455 676
468 502 1059 1 505 1045
469 156 1066 1 164 1067
470 262 601 1 262 604
471 412 402 1 410 406
472 190 967 1 195 965
473 174 1030 1 181 1032
474 455 997 1 460 994
475 361 388 1 358 392
476 172 662 1 173 667
477 350 181 1 343 186
478 240 851 1 243 853
479 226 577 1 225 582
480 53 1143 1 62 1143
481 318 91 1 311 98
482 315 1149 1 323 1145
483 177 1056 1 184 1055
484 94 520 1 94 526
485 247 818 1 250 822
486 299 1154 1 309 1151
487 57 1125 1 67 1124
488 393 631 1 393 633
489 458 330 1 453 333
490 472 794 1 475 793
491 404 845 1 407 844
492 422 1146 1 429 1144
493 454 436 1 450 439
494 425 255 1 419 259
495 283 908 1 287 908
496 419 187 1 412 192
497 146 995 1 152 996
498 142 1154 1 151 1154
499 99 1007 1 106 1009
500 363 324 1 358 329
501 393 364 1 389 368
502 527 1138 1 532 1121
503 472 833 1 473 830
504 419 897 1 422 895
505 207 944 1 212 946
506 455 947 1 459 945
507 557 998 1 559 985
508 326 944 1 331 944
509 140 857 1 145 859
510 340 323 1 336 328
511 214 975 1 220 977
512 459 550 1 458 552
513 408 455 1 406 458
514 117 1169 1 127 1170
515 70 1214 1 81 1213
516 516 585 1 513 584
517 366 698 1 366 700
518 387 1211 1 396 1212
519 433 73 1 425 78
520 442 867 1 444 865
521 467 400 1 464 404
522 344 153 1 337 158
523 361 294 1 357 298
524 244 322 1 240 328
525 29 1073 1 37 1074
526 449 316 1 444 319
527 122 926 1 129 927
528 464 589 1 463 590
529 333 1097 1 339 1094
530 267 995 1 272 996
531 237 249 1 232 255
532 152 1034 1 159 1036
533 414 36 1 404 43
534 197 1181 1 208 1178
535 189 851 1 192 855
536 534 1054 1 537 1039
537 547 1119 1 551 1103
538 128 1171 1 137 1170
539 49 1152 1 59 1152
540 429 1022 1 434 1020
541 182 907 1 187 909
542 119 1216 1 129 1217
543 202 1014 1 207 1011
544 171 1157 1 181 1154
545 461 623 1 460 624
546 391 1193 1 399 1194
547 416 1052 1 422 1051
548 501 868 1 502 865
549 109 913 1 115 914
550 267 822 1 270 824
551 400 796 1 401 797
552 239 892 1 244 894
553 134 946 1 139 948
554 152 926 1 158 926
555 377 981 1 382 981
556 75 1106 1 85 1106
557 110 1128 1 121 1125
558 66 1161 1 76 1161
559 357 1037 1 363 1037
560 250 951 1 256 954
561 460 530 1 458 532
562 166 788 1 168 793
563 358 1137 1 365 1137
564 485 349 1 480 353
565 296 782 1 298 785
566 384 605 1 383 607
567 285 63 1 277 70
568 466 1094 1 470 1089
569 463 474 1 461 476
570 192 1000 1 199 1002
571 314 58 1 306 64
572 486 173 1 479 177
573 161 1245 1 171 1247
574 326 218 1 320 223
575 248 721 1 249 724
576 405 960 1 410 958
577 475 73 1 466 77
578 445 144 1 438 149
579 276 706 1 277 708
580 52 950 1 59 952
581 394 457 1 391 460
582 149 1224 1 161 1222
583 572 694 1 569 686
584 42 921 1 49 921
585 435 551 1 433 554
586 481 429 1 478 433
587 224 861 1 227 863
588 43 873 1 50 874
589 441 936 1 445 934
590 371 952 1 376 950
591 289 491 1 287 496
592 122 915 1 128 916
593 34 1150 1 43 1151
594 426 838 1 428 837
595 351 514 1 350 518
596 542 1167 1 547 1150
597 114 1208 1 124 1206
598 507 538 1 504 538
599 113 1143 1 123 1143
600 392 624 1 392 625
601 430 925 1 434 923
602 87 1002 1 95 999
603 132 919 1 138 921
604 64 909 1 70 908
605 119 952 1 126 953
606 197 1096 1 205 1095
607 463 602 1 462 602
608 185 423 1 182 429
609 52 892 1 59 893
610 461 137 1 454 141
611 372 1041 1 378 1041
612 309 119 1 302 125
613 106 938 1 113 939
614 382 280 1 377 284
615 412 1243 1 420 1241
616 542 1079 1 546 1065
617 380 637 1 379 639
618 36 1060 1 45 1060
619 135 1217 1 145 1216
620 179 992 1 185 994
621 460 105 1 451 109
622 475 337 1 470 341
623 178 876 1 183 877
624 60 1180 1 71 1179
625 387 243 1 382 247
626 201 304 1 196 311
627 412 1009 1 417 1007
628 274 1169 1 284 1166
629 459 315 1 454 318
630 264 80 1 256 87
631 315 45 1 306 51
632 166 561 1 165 567
633 409 970 1 414 969
634 446 244 1 439 248
635 247 474 1 245 478
636 472 190 1 466 193
637 167 901 1 172 902
638 365 580 1 365 583
639 459 242 1 453 246
640 416 698 1 416 700
641 186 1152 1 196 1148
642 339 110 1 332 116
643 139 906 1 144 907
644 577 1100 1 579 1083
645 54 869 1 60 870
646 366 718 1 366 719
647 443 155 1 436 159
648 55 1252 1 66 1250
649 429 164 1 423 168
650 340 576 1 339 579
651 400 859 1 403 858
652 120 896 1 125 897
653 368 1211 1 377 1213
654 126 905 1 132 907
655 35 1173 1 45 1173
656 335 785 1 337 787
657 192 838 1 196 838
658 186 931 1 190 933
659 140 934 1 146 936
660 301 204 1 295 210
661 421 966 1 426 964
662 315 867 1 319 869
663 545 928 1 546 919
664 188 809 1 192 811
665 436 213 1 430 218
666 433 762 1 434 764
667 461 77 1 453 81
668 136 1197 1 147 1195
669 261 952 1 267 953
670 302 939 1 307 939
671 102 272 1 97 280
672 39 951 1 47 953
673 355 1149 1 363 1150
674 91 939 1 98 940
675 343 75 1 336 81
676 188 705 1 189 710
677 101 926 1 108 927
678 229 300 1 224 306
679 121 1153 1 131 1153
680 421 772 1 423 774
681 470 256 1 464 260
682 449 527 1 447 529
683 511 944 1 514 939
684 312 944 1 318 943
685 406 629 1 406 632
686 262 1114 1 270 1112
687 448 166 1 441 170
688 187 1089 1 194 1088
689 451 131 1 444 135
690 305 220 1 300 226
691 363 55 1 356 61
692 366 544 1 365 547
693 426 118 1 419 122
694 447 56 1 438 61
695 395 907 1 397 907
696 345 25 1 337 31
697 148 1143 1 157 1144
698 291 271 1 287 277
699 272 900 1 278 901
700 204 964 1 210 965
701 276 724 1 277 727
702 139 879 1 144 881
703 101 1069 1 108 1072
704 131 1206 1 141 1204
705 263 1155 1 272 1152
706 459 343 1 454 346
707 330 870 1 334 871
708 342 171 1 336 176
709 182 272 1 178 278
710 190 877 1 195 878
711 497 1047 1 500 1033
712 424 1158 1 433 1157
713 387 47 1 379 53
714 68 1084 1 78 1084
715 408 188 1 402 192
716 308 153 1 301 159
717 351 498 1 349 501
718 53 993 1 61 992
