0 345 1113 1 385 1128
1 420 84 1 416 102
2 434 403 1 443 417
3 434 388 1 443 402
4 337 675 1 358 691
5 467 1053 1 498 1047
6 384 1140 1 423 1150
7 423 570 1 437 582
8 413 388 1 422 403
9 208 253 1 213 279
10 430 86 1 426 103
11 480 119 1 476 135
12 414 402 1 423 417
13 346 1046 1 381 1060
14 433 413 1 442 427
15 438 429 1 447 443
16 378 1198 1 418 1209
17 462 141 1 460 157
18 448 656 1 467 667
19 389 1120 1 427 1129
20 429 473 1 441 487
21 442 675 1 462 686
22 246 312 1 252 335
23 257 426 1 268 447
24 342 658 1 361 673
25 162 385 1 173 410
26 455 609 1 471 619
27 300 342 1 308 362
28 298 54 1 294 78
29 454 878 1 482 885
30 450 136 1 448 152
31 419 874 1 447 883
32 96 1174 1 138 1190
33 468 872 1 495 879
34 355 1106 1 395 1121
35 251 256 1 256 280
36 176 959 1 209 975
37 269 870 1 297 887
38 59 1086 1 101 1103
39 431 803 1 457 814
40 299 356 1 307 376
41 169 693 1 191 715
42 425 496 1 438 509
43 155 1087 1 194 1102
44 318 270 1 323 291
45 434 740 1 456 751
46 430 713 1 452 724
47 475 845 1 501 851
48 460 253 1 463 268
49 281 296 1 287 318
50 163 399 1 173 425
51 115 1115 1 156 1131
52 338 992 1 371 1003
53 418 588 1 434 600
54 95 1093 1 136 1109
55 469 863 1 495 870
56 166 446 1 179 470
57 318 291 1 323 311
58 380 1181 1 420 1191
59 24 1203 1 67 1218
60 464 672 1 483 680
61 445 92 1 441 108
62 230 324 1 237 347
63 73 957 1 108 976
64 279 447 1 292 466
65 444 730 1 466 741
66 384 732 1 407 746
67 165 307 1 172 334
68 473 182 1 473 197
69 423 227 1 424 242
70 421 122 1 419 139
71 435 874 1 462 882
72 481 73 1 475 89
73 406 447 1 416 461
74 323 721 1 346 735
75 455 504 1 468 516
76 263 360 1 271 382
77 445 688 1 466 698
78 458 867 1 484 875
79 455 157 1 452 173
80 384 743 1 406 757
81 286 348 1 294 369
82 370 135 1 368 154
83 391 1110 1 428 1119
84 462 689 1 481 697
85 365 102 1 362 121
86 418 413 1 427 427
87 244 450 1 257 470
88 348 729 1 369 743
89 165 947 1 197 962
90 431 337 1 438 352
91 323 251 1 327 271
92 415 814 1 443 827
93 408 679 1 428 690
94 212 376 1 222 400
95 387 250 1 391 268
96 379 90 1 375 108
97 476 252 1 478 267
98 150 243 1 156 271
99 353 284 1 358 302
100 402 567 1 418 581
101 276 527 1 292 546
102 435 618 1 452 629
103 280 159 1 281 181
104 481 108 1 477 123
105 151 520 1 167 545
106 460 837 1 485 844
107 205 963 1 236 978
108 323 666 1 343 681
109 353 117 1 350 137
110 450 57 1 444 74
111 213 355 1 222 379
112 523 1142 1 556 1131
113 106 1176 1 149 1192
114 242 904 1 273 922
115 406 306 1 411 323
116 280 374 1 289 395
117 146 1119 1 186 1131
118 210 475 1 223 498
119 388 566 1 404 580
120 211 522 1 226 544
121 189 378 1 199 403
122 454 184 1 454 199
123 212 892 1 242 910
124 211 462 1 224 485
125 425 110 1 422 127
126 185 640 1 205 662
127 275 537 1 291 556
128 240 687 1 262 706
129 503 1145 1 536 1135
130 418 135 1 416 151
131 186 741 1 210 762
132 283 283 1 288 304
133 362 82 1 359 102
134 270 25 1 265 50
135 176 1110 1 215 1125
136 212 939 1 245 957
137 172 908 1 205 924
138 387 864 1 415 873
139 261 271 1 266 294
140 269 441 1 281 461
141 83 1233 1 128 1252
142 186 522 1 201 544
143 388 142 1 387 160
144 156 489 1 170 515
145 175 995 1 209 1009
146 283 272 1 288 294
147 466 264 1 469 278
148 329 1120 1 367 1132
149 240 701 1 262 719
150 408 429 1 418 444
151 226 932 1 258 950
152 188 479 1 202 503
153 236 580 1 253 600
154 223 866 1 252 882
155 108 1100 1 149 1115
156 281 833 1 309 850
157 280 362 1 289 384
158 210 641 1 230 662
159 99 1145 1 142 1162
160 276 350 1 284 371
161 409 870 1 436 879
162 428 1099 1 465 1105
163 431 326 1 436 341
164 492 1134 1 526 1125
165 369 699 1 391 713
166 476 425 1 486 440
167 186 758 1 211 778
168 151 552 1 168 576
169 444 745 1 467 755
170 372 439 1 383 455
171 408 374 1 416 389
172 449 353 1 456 367
173 421 341 1 427 356
174 424 864 1 451 873
175 427 1088 1 463 1095
176 512 1144 1 545 1134
177 186 598 1 204 621
178 259 463 1 272 484
179 253 723 1 276 740
180 239 263 1 243 288
181 208 267 1 214 292
182 267 378 1 276 400
183 438 571 1 453 584
184 461 474 1 473 487
185 51 964 1 88 982
186 262 283 1 267 306
187 437 169 1 436 185
188 480 232 1 481 247
189 136 1076 1 175 1090
190 187 495 1 201 519
191 208 720 1 232 740
192 468 96 1 464 112
193 186 672 1 207 694
194 333 292 1 338 312
195 117 1029 1 155 1046
196 401 585 1 418 599
197 206 871 1 235 890
198 409 272 1 413 288
199 82 945 1 118 963
200 348 481 1 361 498
201 404 492 1 416 506
202 73 945 1 108 965
203 306 141 1 306 162
204 106 1111 1 146 1126
205 169 435 1 181 461
206 400 1017 1 434 1026
207 189 396 1 199 421
208 321 676 1 342 691
209 212 397 1 223 421
210 461 130 1 458 146
211 430 724 1 452 735
212 123 1085 1 163 1101
213 355 153 1 355 171
214 414 184 1 414 201
215 403 350 1 411 366
216 414 757 1 438 770
217 412 570 1 428 583
218 298 212 1 301 233
219 431 842 1 458 850
220 221 906 1 252 923
221 260 480 1 274 501
222 436 65 1 431 82
223 187 903 1 219 919
224 467 108 1 464 124
225 400 610 1 417 624
226 155 611 1 175 636
227 209 673 1 231 695
228 47 1130 1 90 1149
229 430 669 1 449 681
230 435 1034 1 468 1042
231 256 31 1 252 57
232 410 778 1 434 791
233 139 912 1 171 931
234 445 467 1 456 480
235 338 932 1 368 943
236 25 927 1 60 948
237 357 933 1 388 944
238 495 1113 1 528 1104
239 375 1225 1 417 1236
240 145 1087 1 184 1101
241 411 328 1 417 344
242 50 1118 1 92 1135
243 328 125 1 326 146
244 394 306 1 400 323
245 438 898 1 465 906
246 210 791 1 237 810
247 353 596 1 369 611
248 435 793 1 459 804
249 143 430 1 155 457
250 412 885 1 440 895
251 433 826 1 460 834
252 441 308 1 446 323
253 331 366 1 340 385
254 448 829 1 473 837
255 481 144 1 479 159
256 342 710 1 364 725
257 423 888 1 450 896
258 346 648 1 366 662
259 276 723 1 299 740
260 134 635 1 155 660
261 285 220 1 288 240
262 577 1254 1 610 1232
263 253 761 1 277 779
264 452 70 1 447 87
265 352 132 1 349 152
266 152 845 1 183 864
267 348 469 1 360 486
268 402 408 1 411 423
269 323 616 1 341 632
270 39 1169 1 81 1186
271 456 47 1 449 64
272 61 1191 1 104 1207
273 82 576 1 102 601
274 209 616 1 228 638
275 408 1096 1 444 1104
276 209 598 1 227 619
277 189 913 1 219 929
278 127 224 1 132 253
279 457 36 1 450 53
280 261 301 1 267 324
281 187 554 1 204 578
282 86 906 1 119 925
283 424 428 1 435 443
284 254 401 1 265 422
285 339 604 1 356 620
286 491 75 1 486 91
287 386 881 1 413 891
288 187 614 1 205 637
289 36 930 1 71 951
290 383 1129 1 422 1140
291 547 1086 1 577 1075
292 129 494 1 144 520
293 283 24 1 278 49
294 145 974 1 179 992
295 204 276 1 210 302
296 353 294 1 358 312
297 348 496 1 362 513
298 410 1084 1 446 1089
299 224 978 1 258 994
300 322 730 1 345 747
301 328 470 1 341 487
302 353 53 1 349 74
303 103 246 1 109 276
304 211 495 1 224 518
305 187 538 1 203 561
306 410 212 1 411 228
307 473 86 1 468 102
308 400 467 1 411 482
309 36 1130 1 77 1147
310 242 44 1 239 70
311 488 95 1 483 110
312 53 1238 1 101 1252
313 388 851 1 415 861
314 233 235 1 237 259
315 137 903 1 169 920
316 27 1105 1 68 1122
317 331 377 1 340 395
318 328 496 1 340 513
319 335 615 1 353 631
320 166 957 1 200 974
321 172 1058 1 211 1074
322 428 135 1 426 151
323 327 480 1 340 498
324 432 923 1 462 932
325 468 282 1 472 296
326 386 934 1 417 944
327 493 61 1 486 78
328 207 882 1 236 901
329 387 319 1 393 336
330 367 450 1 378 467
331 151 596 1 170 620
332 188 356 1 197 381
333 231 686 1 252 706
334 321 743 1 345 759
335 325 598 1 342 615
336 65 1076 1 105 1094
337 627 820 1 640 808
338 110 1042 1 148 1060
339 431 216 1 432 232
340 357 951 1 388 961
341 311 249 1 315 271
342 349 1074 1 385 1082
343 430 964 1 462 972
344 183 923 1 214 942
345 28 960 1 64 979
346 153 1059 1 191 1075
347 331 392 1 340 410
348 389 600 1 406 613
349 182 262 1 187 288
350 461 827 1 486 834
351 434 887 1 462 896
352 393 1131 1 431 1140
353 62 1098 1 103 1114
354 350 383 1 360 401
355 510 1109 1 542 1099
356 119 974 1 154 992
357 186 462 1 199 485
358 150 866 1 180 885
359 367 117 1 365 136
360 441 188 1 442 204
361 126 237 1 132 266
362 436 103 1 433 120
363 491 1123 1 524 1114
364 438 453 1 449 466
365 457 339 1 463 353
366 142 231 1 147 260
367 414 1037 1 449 1046
368 59 1129 1 102 1145
369 393 1091 1 430 1100
370 159 630 1 179 653
371 377 1169 1 417 1179
372 187 890 1 218 906
373 458 529 1 471 541
374 472 596 1 488 605
375 256 853 1 284 869
376 420 330 1 426 345
377 348 393 1 358 411
378 527 1126 1 559 1116
379 413 148 1 412 165
380 348 979 1 380 989
381 420 957 1 449 966
382 422 615 1 440 627
383 114 964 1 148 982
384 81 472 1 97 499
385 258 376 1 268 399
386 118 1239 1 163 1260
387 477 263 1 479 277
388 380 109 1 378 128
389 405 926 1 435 935
390 376 649 1 395 662
391 92 941 1 127 959
392 187 297 1 194 323
393 218 239 1 222 265
394 467 200 1 468 214
395 351 32 1 345 54
396 376 662 1 395 674
397 151 914 1 185 931
398 409 947 1 439 956
399 46 930 1 81 950
400 139 928 1 172 946
401 426 1221 1 465 1211
402 479 41 1 471 59
403 257 499 1 272 520
404 185 719 1 209 740
405 38 1118 1 80 1135
406 432 24 1 425 43
407 645 812 1 655 799
408 421 801 1 446 812
409 465 852 1 490 859
410 133 1049 1 170 1065
411 347 668 1 368 681
412 334 1029 1 369 1042
413 352 718 1 374 733
414 199 993 1 233 1009
415 376 1073 1 412 1082
416 240 843 1 268 862
417 115 935 1 149 953
418 431 124 1 429 140
419 488 1067 1 519 1060
420 247 246 1 251 270
421 232 957 1 265 972
422 437 586 1 452 599
423 187 1122 1 227 1138
424 238 778 1 262 797
425 398 323 1 404 339
426 517 861 1 541 863
427 45 902 1 79 921
428 155 352 1 164 378
429 162 409 1 173 434
430 59 1066 1 100 1085
431 344 303 1 349 321
432 186 999 1 221 1018
433 420 986 1 452 995
434 430 973 1 461 981
435 368 1250 1 411 1262
436 428 1019 1 461 1028
437 409 853 1 436 862
438 338 121 1 336 141
439 110 1161 1 154 1177
440 424 898 1 452 907
441 454 173 1 453 189
442 159 687 1 182 710
443 314 127 1 313 148
444 435 554 1 450 567
445 358 728 1 379 743
446 167 267 1 172 294
447 127 1027 1 164 1044
448 123 1075 1 163 1092
449 417 911 1 446 921
450 380 975 1 413 985
451 27 901 1 61 921
452 75 230 1 81 261
453 78 1245 1 124 1259
454 111 1012 1 148 1032
455 378 561 1 393 576
456 105 1121 1 145 1137
457 295 148 1 294 170
458 473 885 1 500 891
459 499 780 1 522 786
460 438 659 1 457 671
461 477 1053 1 508 1047
462 138 1029 1 175 1045
463 246 580 1 264 599
464 402 384 1 411 400
465 147 1010 1 183 1028
466 430 983 1 463 990
467 351 368 1 359 386
468 153 639 1 174 662
469 345 159 1 345 180
470 217 831 1 245 848
471 210 555 1 227 577
472 316 68 1 312 91
473 286 1133 1 325 1143
474 148 1036 1 186 1052
475 78 494 1 95 522
476 227 798 1 252 817
477 270 1139 1 311 1149
478 80 1096 1 122 1112
479 377 614 1 395 628
480 450 313 1 455 327
481 453 780 1 477 789
482 383 829 1 409 840
483 138 1206 1 182 1223
484 443 419 1 452 433
485 419 236 1 421 253
486 259 890 1 289 905
487 414 168 1 413 185
488 112 1135 1 153 1151
489 73 985 1 108 1006
490 354 304 1 360 323
491 383 345 1 391 362
492 502 1133 1 535 1124
493 451 819 1 476 827
494 396 882 1 424 891
495 431 933 1 461 941
496 534 992 1 562 986
497 302 927 1 333 940
498 116 837 1 146 856
499 332 301 1 337 321
500 445 533 1 460 546
501 396 437 1 408 452
502 86 1150 1 129 1167
503 39 1193 1 82 1211
504 502 571 1 515 580
505 348 680 1 368 695
506 357 1192 1 399 1207
507 432 53 1 426 71
508 420 853 1 447 862
509 340 131 1 338 151
510 353 273 1 358 292
511 235 298 1 241 322
512 441 298 1 446 313
513 97 905 1 130 924
514 449 573 1 465 584
515 67 1200 1 112 1217
516 241 974 1 274 992
517 230 224 1 233 249
518 126 1013 1 161 1032
519 188 838 1 217 854
520 130 969 1 165 988
521 167 1164 1 210 1177
522 84 1205 1 129 1223
523 161 930 1 194 947
524 510 1048 1 540 1041
525 522 1115 1 554 1105
526 66 1038 1 105 1056
527 403 1006 1 437 1016
528 157 887 1 188 905
529 88 1195 1 131 1213
530 383 1087 1 421 1097
531 142 1138 1 182 1152
532 355 1255 1 398 1267
533 445 607 1 462 618
534 394 1079 1 430 1086
535 361 1175 1 402 1188
536 389 1036 1 424 1046
537 480 855 1 505 862
538 84 891 1 116 911
539 309 1174 1 350 1190
540 379 779 1 403 792
541 442 1080 1 478 1085
542 110 925 1 141 944
543 127 905 1 159 923
544 352 965 1 384 977
545 46 1087 1 86 1104
546 81 1109 1 122 1124
547 35 1141 1 78 1159
548 331 1020 1 365 1032
549 446 514 1 460 527
550 145 765 1 170 787
551 275 761 1 300 780
552 368 587 1 384 602
553 283 38 1 278 62
554 451 457 1 462 470
555 166 979 1 201 998
556 312 34 1 307 57
557 483 155 1 481 170
558 320 196 1 322 216
559 107 991 1 143 1008
560 229 700 1 251 719
561 381 945 1 412 955
562 474 53 1 467 70
563 442 125 1 439 141
564 257 685 1 278 703
565 69 1000 1 106 1018
566 382 439 1 392 455
567 118 1205 1 162 1220
568 558 685 1 572 685
569 169 879 1 200 895
570 421 533 1 435 547
571 201 840 1 229 859
572 359 1245 1 402 1257
573 418 922 1 447 930
574 347 935 1 378 947
575 275 470 1 288 490
576 97 894 1 129 913
577 130 998 1 166 1012
578 405 824 1 430 833
579 338 495 1 352 512
580 516 1163 1 550 1153
581 494 524 1 507 533
582 83 1123 1 124 1140
583 376 606 1 394 620
584 201 1056 1 238 1071
585 407 910 1 436 920
586 58 982 1 96 998
587 212 1109 1 251 1126
588 107 898 1 139 918
589 38 888 1 71 906
590 93 931 1 127 950
591 130 1240 1 176 1258
592 448 586 1 464 597
593 173 398 1 183 424
594 26 870 1 60 890
595 459 118 1 456 134
596 346 1024 1 380 1036
597 306 96 1 303 118
598 80 917 1 114 936
599 375 260 1 378 278
600 190 853 1 219 870
601 518 1074 1 549 1067
602 363 620 1 381 634
603 104 1197 1 147 1213
604 458 85 1 453 102
605 142 856 1 172 872
606 242 868 1 271 885
607 154 856 1 184 874
608 29 1159 1 72 1177
609 381 223 1 384 240
610 192 279 1 197 305
611 387 994 1 419 1004
612 245 1153 1 286 1164
613 451 297 1 456 311
614 261 54 1 257 79
615 428 813 1 453 825
616 150 537 1 167 561
617 384 955 1 416 965
618 440 225 1 441 241
619 234 451 1 246 473
620 469 171 1 467 186
621 143 880 1 174 898
622 350 561 1 366 577
623 453 224 1 454 239
624 398 681 1 418 695
625 156 1133 1 198 1146
626 337 87 1 333 109
627 114 885 1 145 904
628 552 1098 1 582 1086
629 29 846 1 61 867
630 347 699 1 368 714
631 440 135 1 438 151
632 109 1053 1 148 1068
633 185 934 1 217 952
634 426 144 1 424 161
635 325 557 1 341 573
636 378 844 1 405 854
637 95 875 1 126 894
638 338 1193 1 379 1208
639 101 884 1 133 904
640 330 868 1 359 881
641 408 1106 1 445 1115
642 161 911 1 192 929
643 115 913 1 148 933
644 295 182 1 296 203
645 397 951 1 428 961
646 293 848 1 321 864
647 524 920 1 549 918
648 167 788 1 193 807
649 431 195 1 431 211
650 414 746 1 436 758
651 460 57 1 454 74
652 427 1163 1 465 1158
653 237 933 1 269 949
654 279 922 1 309 936
655 92 243 1 98 274
656 144 822 1 172 844
657 150 834 1 180 851
658 327 1130 1 366 1145
659 342 53 1 337 74
660 169 683 1 191 705
661 76 905 1 109 924
662 220 275 1 225 300
663 91 1134 1 133 1150
664 402 756 1 425 769
665 464 238 1 466 253
666 435 510 1 449 523
667 489 932 1 517 936
668 288 926 1 320 940
669 390 612 1 408 626
670 234 1098 1 272 1110
671 445 146 1 443 163
672 158 1069 1 196 1085
673 448 112 1 445 128
674 299 198 1 301 219
675 363 32 1 357 54
676 352 525 1 367 541
677 388 839 1 414 849
678 446 35 1 440 53
679 372 892 1 400 903
680 221 954 1 253 971
681 284 249 1 288 271
682 249 881 1 279 897
683 179 945 1 212 961
684 256 704 1 279 722
685 115 858 1 146 878
686 72 1048 1 110 1068
687 123 1184 1 167 1196
688 234 1138 1 274 1150
689 450 325 1 456 339
690 308 851 1 336 866
691 338 149 1 337 169
692 173 245 1 179 272
693 167 857 1 196 875
694 472 1041 1 503 1035
695 396 1143 1 435 1153
696 167 841 1 197 858
697 38 1063 1 80 1082
698 403 168 1 403 185
699 304 130 1 303 152
700 338 479 1 350 496
701 24 973 1 62 990
702 90 916 1 125 936
