0 343 1019 1 384 1055
1 419 53 1 418 93
2 432 376 1 445 410
3 432 361 1 446 395
4 335 650 1 360 685
5 343 1086 1 387 1123
6 463 1036 1 504 1055
7 381 1116 1 426 1148
8 421 545 1 440 577
9 411 361 1 424 396
10 205 225 1 214 271
11 429 55 1 428 93
12 479 89 1 478 126
13 412 375 1 425 410
14 432 386 1 445 420
15 436 402 1 450 436
16 375 1174 1 422 1207
17 462 111 1 462 148
18 446 630 1 470 662
19 260 333 1 272 375
20 385 1096 1 430 1127
21 427 447 1 443 480
22 439 649 1 465 681
23 243 283 1 254 327
24 253 399 1 270 441
25 340 632 1 364 668
26 159 357 1 173 403
27 453 583 1 474 613
28 297 314 1 310 355
29 278 130 1 282 173
30 452 855 1 486 883
31 449 106 1 450 144
32 416 850 1 450 880
33 465 849 1 499 877
34 388 1084 1 432 1117
35 248 228 1 257 272
36 120 1229 1 170 1273
37 171 935 1 210 974
38 54 1064 1 101 1105
39 429 778 1 460 809
40 296 328 1 309 369
41 165 668 1 192 710
42 423 469 1 441 503
43 251 840 1 283 880
44 316 242 1 324 283
45 432 715 1 459 747
46 428 688 1 455 719
47 473 822 1 505 849
48 459 225 1 465 260
49 279 268 1 288 311
50 159 372 1 174 418
51 335 969 1 374 1002
52 416 563 1 436 595
53 151 1064 1 196 1102
54 467 839 1 499 867
55 163 419 1 180 464
56 316 262 1 325 303
57 110 1095 1 157 1133
58 137 1106 1 185 1142
59 377 1156 1 423 1189
60 462 647 1 486 675
61 444 61 1 443 100
62 227 296 1 238 340
63 276 420 1 293 460
64 442 705 1 469 736
65 382 707 1 409 741
66 161 279 1 173 327
67 473 153 1 475 188
68 397 993 1 437 1024
69 421 93 1 421 131
70 432 850 1 466 880
71 481 41 1 478 79
72 404 420 1 419 454
73 320 696 1 348 730
74 453 478 1 470 510
75 206 867 1 243 907
76 443 663 1 469 694
77 455 844 1 488 872
78 454 127 1 455 164
79 381 718 1 409 752
80 283 320 1 296 362
81 353 1080 1 397 1116
82 369 106 1 370 146
83 370 1239 1 421 1273
84 459 664 1 485 693
85 266 843 1 300 882
86 363 72 1 363 113
87 416 386 1 429 420
88 241 424 1 258 464
89 346 703 1 372 738
90 160 923 1 198 961
91 430 309 1 440 344
92 321 222 1 329 263
93 413 790 1 445 823
94 406 653 1 431 684
95 208 349 1 223 393
96 386 222 1 393 260
97 378 60 1 377 100
98 475 224 1 481 258
99 146 214 1 156 263
100 351 255 1 360 295
101 400 542 1 420 575
102 273 501 1 294 540
103 432 593 1 455 624
104 87 1109 1 133 1151
105 68 935 1 108 976
106 54 1107 1 102 1147
107 481 77 1 479 114
108 147 494 1 168 539
109 457 814 1 489 842
110 164 1097 1 209 1138
111 320 640 1 345 676
112 351 88 1 352 129
113 450 26 1 446 65
114 210 328 1 223 372
115 519 1126 1 564 1142
116 102 1154 1 150 1194
117 240 878 1 275 918
118 404 278 1 413 315
119 278 347 1 291 388
120 80 1207 1 129 1251
121 222 907 1 260 946
122 206 448 1 224 492
123 386 540 1 407 574
124 207 496 1 227 538
125 186 350 1 200 396
126 453 155 1 456 191
127 350 1238 1 401 1273
128 207 436 1 225 478
129 424 81 1 424 119
130 182 614 1 207 656
131 273 511 1 293 551
132 237 662 1 263 701
133 499 1130 1 544 1146
134 417 105 1 418 143
135 183 718 1 211 757
136 280 254 1 289 297
137 361 52 1 360 93
138 46 1075 1 95 1116
139 168 884 1 206 923
140 384 840 1 418 871
141 258 243 1 267 286
142 265 414 1 282 454
143 182 495 1 202 539
144 387 113 1 389 152
145 152 462 1 171 509
146 170 971 1 210 1009
147 280 243 1 289 286
148 465 236 1 471 270
149 237 676 1 264 714
150 406 402 1 421 437
151 184 453 1 203 497
152 233 554 1 255 594
153 220 842 1 254 880
154 279 807 1 311 845
155 278 335 1 291 377
156 207 615 1 232 656
157 115 971 1 158 1008
158 272 322 1 286 364
159 406 846 1 439 876
160 425 1075 1 469 1105
161 429 298 1 438 333
162 488 1118 1 533 1135
163 367 674 1 393 708
164 182 733 1 212 773
165 144 986 1 184 1026
166 148 525 1 169 571
167 442 720 1 470 751
168 370 413 1 385 449
169 407 347 1 418 382
170 448 325 1 458 360
171 419 313 1 429 349
172 262 1240 1 312 1280
173 421 841 1 455 870
174 423 1065 1 467 1095
175 508 1128 1 553 1145
176 183 573 1 206 616
177 255 436 1 273 478
178 55 1076 1 103 1116
179 251 698 1 277 735
180 236 235 1 244 280
181 205 238 1 215 284
182 263 351 1 277 394
183 436 546 1 455 578
184 460 448 1 476 480
185 27 1092 1 75 1133
186 46 943 1 88 984
187 259 255 1 268 299
188 436 140 1 438 177
189 479 203 1 483 238
190 131 1053 1 176 1091
191 184 469 1 202 513
192 206 695 1 233 735
193 467 65 1 466 103
194 331 264 1 340 304
195 112 1006 1 156 1046
196 399 560 1 421 593
197 251 1239 1 301 1279
198 407 243 1 415 281
199 78 922 1 118 963
200 346 454 1 363 491
201 402 465 1 418 500
202 68 922 1 108 965
203 304 111 1 307 154
204 166 408 1 182 454
205 185 368 1 200 414
206 319 651 1 344 686
207 209 370 1 224 414
208 460 100 1 460 137
209 428 699 1 454 730
210 119 1062 1 164 1102
211 60 1054 1 105 1095
212 413 155 1 416 193
213 401 322 1 413 358
214 412 733 1 440 765
215 410 544 1 430 577
216 296 184 1 302 225
217 429 818 1 462 848
218 218 882 1 254 920
219 257 454 1 275 495
220 435 35 1 432 74
221 183 879 1 220 918
222 467 77 1 466 115
223 398 584 1 420 619
224 152 586 1 176 630
225 206 647 1 232 689
226 43 1109 1 90 1150
227 427 644 1 452 676
228 432 1010 1 471 1040
229 170 924 1 208 964
230 408 754 1 437 786
231 134 889 1 172 930
232 443 441 1 458 474
233 334 908 1 371 941
234 83 1167 1 134 1205
235 354 909 1 391 942
236 491 1097 1 535 1115
237 371 1199 1 420 1233
238 409 300 1 419 336
239 208 916 1 247 954
240 326 96 1 328 138
241 392 278 1 402 315
242 435 874 1 469 904
243 195 968 1 235 1007
244 350 571 1 372 606
245 432 768 1 462 799
246 139 403 1 156 451
247 409 862 1 443 892
248 430 803 1 463 832
249 439 280 1 448 316
250 329 339 1 342 378
251 446 805 1 477 834
252 480 114 1 481 150
253 340 685 1 366 720
254 420 864 1 454 894
255 344 622 1 369 657
256 164 956 1 202 995
257 273 698 1 301 735
258 131 609 1 156 655
259 283 192 1 289 233
260 573 1243 1 622 1251
261 250 735 1 279 774
262 451 39 1 449 78
263 350 102 1 351 144
264 148 822 1 183 862
265 345 443 1 362 480
266 399 381 1 413 416
267 320 590 1 343 627
268 77 550 1 102 597
269 206 590 1 230 632
270 404 1073 1 448 1103
271 206 572 1 229 614
272 184 890 1 220 928
273 122 195 1 132 245
274 233 832 1 265 870
275 258 273 1 268 316
276 184 529 1 205 572
277 81 883 1 119 924
278 422 402 1 438 436
279 251 373 1 266 416
280 336 579 1 359 615
281 491 43 1 488 81
282 382 858 1 417 889
283 183 588 1 207 631
284 380 1105 1 425 1138
285 544 1071 1 586 1085
286 125 468 1 145 514
287 144 902 1 183 941
288 173 1086 1 217 1125
289 141 950 1 181 991
290 201 248 1 211 294
291 351 265 1 360 305
292 346 470 1 364 507
293 407 1061 1 449 1090
294 148 1100 1 195 1138
295 320 705 1 347 742
296 326 443 1 343 481
297 422 197 1 426 234
298 24 1049 1 71 1090
299 98 217 1 109 268
300 207 469 1 225 512
301 318 718 1 347 754
302 184 512 1 205 555
303 408 183 1 413 220
304 64 1090 1 112 1130
305 473 54 1 471 92
306 398 440 1 413 475
307 137 1115 1 184 1153
308 361 1234 1 411 1269
309 487 64 1 485 101
310 49 1214 1 102 1255
311 386 828 1 418 859
312 229 205 1 237 251
313 116 1123 1 164 1162
314 328 349 1 342 388
315 325 469 1 342 507
316 332 590 1 355 626
317 183 647 1 209 689
318 427 105 1 428 143
319 325 454 1 342 491
320 429 900 1 466 929
321 468 254 1 474 288
322 383 910 1 420 942
323 493 29 1 489 68
324 30 938 1 73 979
325 385 291 1 395 328
326 365 424 1 380 460
327 148 570 1 171 615
328 92 1195 1 143 1236
329 185 328 1 198 374
330 228 660 1 254 701
331 322 573 1 344 609
332 628 804 1 653 816
333 72 1222 1 125 1262
334 430 187 1 434 224
335 354 927 1 391 959
336 308 220 1 316 263
337 109 1110 1 155 1151
338 35 1220 1 87 1263
339 427 941 1 465 970
340 171 844 1 207 883
341 74 1089 1 122 1127
342 141 1064 1 185 1102
343 328 365 1 342 403
344 386 574 1 409 608
345 178 233 1 188 280
346 458 803 1 490 831
347 431 864 1 466 893
348 390 1107 1 435 1139
349 27 1201 1 80 1241
350 348 356 1 362 394
351 506 1093 1 550 1109
352 132 879 1 170 919
353 183 435 1 200 479
354 145 843 1 181 883
355 366 87 1 366 128
356 441 159 1 444 196
357 121 208 1 132 258
358 436 73 1 435 111
359 487 1107 1 531 1124
360 436 426 1 452 459
361 456 311 1 466 345
362 137 202 1 147 252
363 411 1013 1 452 1044
364 351 24 1 350 66
365 76 1075 1 123 1114
366 390 1066 1 433 1098
367 156 604 1 180 648
368 374 1145 1 420 1178
369 107 920 1 147 961
370 183 867 1 220 905
371 456 503 1 474 535
372 470 571 1 491 600
373 252 827 1 286 865
374 419 302 1 428 338
375 346 366 1 359 404
376 523 1110 1 567 1126
377 412 119 1 413 157
378 344 955 1 382 988
379 416 933 1 452 964
380 420 590 1 442 622
381 119 1240 1 171 1280
382 76 445 1 97 493
383 115 1213 1 165 1257
384 317 1232 1 366 1271
385 476 235 1 482 269
386 378 80 1 379 120
387 402 902 1 439 933
388 374 623 1 397 657
389 87 918 1 127 959
390 184 269 1 195 316
391 214 210 1 223 257
392 467 171 1 470 206
393 373 637 1 398 669
394 148 891 1 185 930
395 406 924 1 443 954
396 41 907 1 81 950
397 134 905 1 173 945
398 208 765 1 239 805
399 421 1206 1 471 1224
400 202 847 1 237 887
401 254 473 1 273 514
402 210 803 1 243 840
403 182 694 1 210 735
404 646 796 1 670 808
405 419 776 1 449 808
406 462 829 1 494 857
407 127 1026 1 171 1065
408 345 642 1 370 676
409 332 1005 1 372 1039
410 349 693 1 376 728
411 344 1050 1 388 1082
412 373 1051 1 416 1082
413 27 1176 1 78 1216
414 111 911 1 150 952
415 431 94 1 431 132
416 484 1050 1 526 1069
417 217 945 1 257 982
418 244 217 1 252 262
419 103 966 1 144 1007
420 51 961 1 95 1001
421 435 561 1 455 593
422 184 1097 1 229 1137
423 235 753 1 264 792
424 396 294 1 407 331
425 514 841 1 547 864
426 39 880 1 78 921
427 152 324 1 165 371
428 158 382 1 174 428
429 54 1043 1 100 1085
430 342 275 1 351 314
431 183 976 1 223 1015
432 417 963 1 455 993
433 427 949 1 465 979
434 364 1225 1 414 1260
435 425 995 1 464 1026
436 406 829 1 439 859
437 337 91 1 337 133
438 107 1139 1 154 1178
439 421 875 1 455 904
440 453 144 1 455 180
441 156 661 1 183 704
442 312 98 1 314 140
443 433 528 1 453 561
444 355 703 1 382 738
445 163 238 1 173 287
446 122 1003 1 165 1043
447 120 1053 1 164 1092
448 414 888 1 449 918
449 377 952 1 416 984
450 70 201 1 81 253
451 112 995 1 154 1036
452 376 536 1 396 570
453 293 118 1 295 162
454 470 861 1 504 889
455 497 757 1 527 783
456 436 634 1 460 665
457 473 1036 1 515 1056
458 133 1006 1 176 1045
459 243 554 1 265 594
460 400 357 1 413 392
461 325 1045 1 368 1077
462 427 959 1 466 988
463 349 341 1 361 379
464 150 614 1 176 657
465 343 129 1 346 171
466 127 1106 1 173 1145
467 207 529 1 228 571
468 140 1155 1 189 1194
469 283 1111 1 328 1144
470 144 1013 1 187 1052
471 73 468 1 95 516
472 224 773 1 254 812
473 266 1116 1 313 1150
474 375 588 1 397 622
475 108 1054 1 153 1095
476 449 285 1 458 319
477 450 756 1 480 785
478 380 806 1 412 837
479 134 1182 1 183 1223
480 441 392 1 455 426
481 417 207 1 423 244
482 256 866 1 291 902
483 413 139 1 415 177
484 68 962 1 109 1004
485 352 276 1 361 315
486 381 317 1 393 354
487 497 1118 1 542 1134
488 449 796 1 479 824
489 393 858 1 428 889
490 428 909 1 465 939
491 531 973 1 569 993
492 299 903 1 336 938
493 111 813 1 147 854
494 330 273 1 339 314
495 29 1191 1 81 1230
496 444 508 1 462 540
497 394 411 1 410 445
498 227 949 1 265 988
499 197 814 1 231 855
500 500 546 1 520 575
501 345 655 1 371 690
502 354 1166 1 401 1202
503 417 830 1 450 860
504 338 101 1 340 143
505 246 869 1 282 904
506 351 245 1 360 284
507 232 270 1 242 314
508 440 270 1 448 305
509 92 882 1 130 923
510 448 547 1 467 579
511 64 1176 1 113 1218
512 238 950 1 276 988
513 226 194 1 234 241
514 95 1168 1 144 1209
515 183 814 1 218 853
516 96 1124 1 142 1163
517 162 1142 1 211 1179
518 81 1181 1 130 1224
519 55 947 1 97 986
520 157 907 1 195 946
521 506 1031 1 547 1049
522 518 1100 1 562 1116
523 61 1016 1 105 1057
524 400 983 1 440 1014
525 287 1240 1 338 1280
526 381 1063 1 424 1095
527 114 1034 1 158 1075
528 351 1228 1 401 1264
529 444 582 1 465 613
530 390 1057 1 433 1087
531 358 1148 1 405 1184
532 386 1012 1 427 1044
533 477 832 1 509 860
534 236 1248 1 288 1287
535 61 1167 1 113 1205
536 306 1147 1 353 1185
537 377 754 1 405 787
538 439 1058 1 482 1086
539 122 882 1 160 922
540 349 941 1 387 976
541 232 765 1 263 805
542 170 1036 1 213 1074
543 87 971 1 128 1014
544 327 995 1 368 1030
545 444 488 1 462 520
546 142 740 1 172 783
547 88 945 1 130 985
548 273 736 1 302 775
549 366 562 1 387 597
550 98 1089 1 145 1129
551 450 431 1 465 463
552 55 1147 1 105 1187
553 170 1075 1 215 1113
554 482 126 1 483 161
555 319 167 1 323 209
556 52 1157 1 103 1198
557 226 674 1 253 714
558 378 921 1 415 953
559 115 1138 1 164 1177
560 25 1156 1 76 1197
561 441 95 1 441 133
562 254 661 1 280 698
563 64 976 1 107 1018
564 380 412 1 395 448
565 115 1182 1 164 1222
566 557 663 1 580 685
567 395 816 1 428 848
568 164 855 1 201 894
569 419 507 1 437 541
570 109 1232 1 160 1273
571 355 1220 1 405 1255
572 70 1211 1 123 1250
573 415 898 1 450 928
574 344 912 1 381 945
575 273 444 1 290 484
576 92 871 1 130 912
577 125 974 1 167 1013
578 402 800 1 434 831
579 336 469 1 354 506
580 113 899 1 150 942
581 512 1147 1 558 1164
582 492 498 1 510 528
583 79 1099 1 125 1140
584 374 581 1 396 615
585 197 1031 1 239 1069
586 404 887 1 440 917
587 174 945 1 215 983
588 186 932 1 224 971
589 208 1084 1 253 1123
590 191 1003 1 232 1043
591 89 907 1 127 949
592 127 1216 1 177 1257
593 446 560 1 467 592
594 169 371 1 184 417
595 129 1164 1 178 1204
596 458 88 1 458 125
597 343 1000 1 383 1034
598 304 66 1 304 110
599 75 894 1 114 936
600 373 231 1 380 270
601 185 829 1 220 868
602 514 1058 1 556 1075
603 361 594 1 384 629
604 221 866 1 257 904
605 457 54 1 455 93
606 137 831 1 173 871
607 239 843 1 273 881
608 150 832 1 185 872
609 264 823 1 296 861
610 380 193 1 386 232
611 188 251 1 198 297
612 384 971 1 422 1002
613 241 1131 1 288 1166
614 450 269 1 458 304
615 462 1026 1 502 1046
616 425 788 1 456 820
617 147 511 1 168 556
618 381 931 1 419 963
619 439 196 1 443 233
620 231 425 1 248 466
621 468 142 1 470 178
622 128 992 1 169 1032
623 348 535 1 369 571
624 451 195 1 456 231
625 396 656 1 421 689
626 151 1112 1 199 1149
627 334 56 1 334 100
628 549 1083 1 592 1097
629 344 674 1 370 709
630 439 105 1 440 143
631 104 1029 1 149 1069
632 272 833 1 304 871
633 425 115 1 426 153
634 322 530 1 343 567
635 375 820 1 408 852
636 90 852 1 127 893
637 335 1166 1 382 1203
638 97 861 1 134 903
639 102 851 1 140 892
640 327 844 1 362 878
641 405 1082 1 448 1114
642 156 887 1 194 927
643 35 1144 1 84 1187
644 394 928 1 431 959
645 291 823 1 323 859
646 521 900 1 556 922
647 181 1011 1 223 1050
648 577 721 1 603 739
649 430 166 1 433 203
650 411 721 1 439 753
651 460 25 1 456 65
652 423 1147 1 470 1168
653 233 910 1 271 947
654 275 898 1 311 934
655 87 214 1 98 266
656 140 797 1 173 840
657 145 810 1 181 850
658 325 1105 1 369 1141
659 151 1122 1 199 1159
660 165 657 1 192 700
661 226 897 1 262 935
662 217 247 1 226 292
663 154 553 1 177 597
664 214 892 1 252 929
665 399 732 1 428 764
666 464 209 1 468 245
667 434 484 1 451 517
668 485 910 1 521 936
669 285 903 1 322 938
670 388 587 1 410 620
671 229 1076 1 274 1111
672 444 116 1 445 154
673 106 876 1 145 917
674 447 82 1 447 119
675 297 169 1 302 211
676 184 994 1 225 1033
677 350 499 1 369 535
678 386 815 1 417 846
679 368 868 1 402 901
680 52 905 1 92 948
681 217 930 1 255 968
682 281 220 1 289 263
683 245 858 1 281 895
684 254 678 1 281 717
685 83 1126 1 130 1167
686 118 1162 1 168 1200
687 229 1117 1 276 1152
688 449 297 1 458 332
689 305 826 1 338 861
690 335 118 1 339 161
691 169 216 1 180 264
692 162 834 1 197 873
693 102 1200 1 151 1242
694 392 1118 1 438 1151
695 162 819 1 197 857
696 159 870 1 197 910
697 403 139 1 405 177
698 302 101 1 304 144
699 335 452 1 352 489
700 85 893 1 125 935
