0 352 1015 1 384 1054
1 426 47 1 418 91
2 440 371 1 446 409
3 440 356 1 446 394
4 343 646 1 360 684
5 352 1081 1 388 1122
6 471 1033 1 505 1056
7 390 1112 1 427 1148
8 429 540 1 440 575
9 419 356 1 425 394
10 212 221 1 214 270
11 436 49 1 428 92
12 486 83 1 479 124
13 420 371 1 425 409
14 439 382 1 445 419
15 444 398 1 450 434
16 383 1170 1 422 1207
17 469 106 1 462 147
18 455 626 1 471 660
19 267 329 1 273 373
20 394 1092 1 431 1126
21 435 442 1 444 479
22 448 645 1 466 679
23 250 279 1 254 326
24 261 395 1 270 439
25 348 628 1 364 667
26 166 353 1 174 402
27 461 579 1 474 612
28 304 310 1 310 353
29 285 125 1 282 171
30 460 851 1 486 882
31 456 101 1 450 142
32 425 846 1 451 880
33 474 845 1 500 876
34 397 1080 1 432 1116
35 255 223 1 257 271
36 63 1061 1 101 1105
37 180 931 1 210 973
38 129 1225 1 171 1272
39 437 774 1 460 808
40 303 324 1 309 368
41 173 664 1 193 709
42 431 465 1 441 502
43 260 837 1 284 878
44 323 238 1 325 282
45 440 711 1 460 745
46 437 684 1 456 718
47 481 818 1 505 848
48 466 220 1 465 258
49 286 264 1 288 309
50 167 368 1 175 417
51 344 965 1 374 1001
52 424 559 1 437 594
53 166 1067 1 202 1110
54 475 836 1 500 867
55 170 415 1 180 463
56 323 258 1 325 302
57 118 1091 1 157 1133
58 386 1153 1 424 1189
59 470 643 1 487 674
60 451 56 1 443 98
61 234 292 1 238 339
62 283 416 1 294 459
63 450 701 1 469 735
64 390 703 1 410 740
65 169 275 1 173 325
66 480 148 1 475 187
67 406 990 1 438 1024
68 428 88 1 421 129
69 440 847 1 466 879
70 488 35 1 478 78
71 412 416 1 419 453
72 329 692 1 349 728
73 461 473 1 471 509
74 215 864 1 244 906
75 451 659 1 469 693
76 463 840 1 489 872
77 461 122 1 455 162
78 390 714 1 409 751
79 290 316 1 296 360
80 362 1076 1 398 1115
81 376 101 1 370 144
82 378 1235 1 422 1273
83 468 660 1 485 692
84 275 840 1 300 881
85 370 67 1 364 112
86 424 381 1 430 419
87 249 420 1 258 463
88 354 700 1 372 737
89 168 919 1 198 961
90 437 304 1 440 343
91 328 218 1 329 262
92 421 786 1 446 822
93 414 649 1 431 683
94 216 345 1 223 392
95 393 217 1 393 259
96 384 55 1 377 98
97 483 219 1 481 257
98 153 210 1 156 262
99 359 251 1 360 293
100 408 538 1 421 574
101 281 497 1 294 538
102 440 589 1 455 623
103 96 1106 1 134 1150
104 76 931 1 108 975
105 63 1104 1 102 1147
106 488 71 1 480 112
107 155 490 1 168 538
108 466 810 1 490 841
109 173 1094 1 209 1137
110 329 636 1 345 675
111 358 83 1 352 127
112 157 819 1 184 862
113 217 324 1 224 371
114 528 1124 1 565 1143
115 248 874 1 276 917
116 412 274 1 414 313
117 285 343 1 291 387
118 89 1203 1 130 1250
119 231 904 1 260 945
120 214 444 1 224 490
121 394 536 1 407 573
122 215 492 1 227 537
123 193 346 1 200 394
124 460 150 1 456 189
125 359 1234 1 402 1273
126 215 432 1 226 477
127 431 76 1 424 118
128 190 610 1 207 655
129 281 507 1 293 549
130 246 658 1 264 700
131 507 1128 1 546 1148
132 424 100 1 418 142
133 192 716 1 212 756
134 287 250 1 290 295
135 368 47 1 360 92
136 54 1072 1 95 1116
137 176 881 1 206 922
138 393 837 1 419 870
139 265 239 1 268 285
140 273 410 1 282 453
141 190 491 1 203 537
142 394 108 1 389 151
143 160 458 1 171 507
144 287 239 1 290 285
145 472 231 1 472 269
146 245 672 1 264 713
147 414 398 1 421 436
148 192 449 1 203 496
149 240 550 1 255 593
150 228 838 1 254 879
151 287 803 1 311 844
152 285 331 1 291 375
153 215 611 1 232 655
154 123 967 1 158 1008
155 280 318 1 286 362
156 414 842 1 440 876
157 434 1072 1 470 1104
158 437 293 1 439 332
159 496 1116 1 534 1136
160 376 670 1 393 707
161 190 729 1 213 772
162 152 982 1 185 1025
163 156 522 1 170 570
164 450 716 1 470 749
165 378 408 1 386 447
166 414 342 1 419 381
167 455 321 1 459 358
168 427 309 1 430 347
169 271 1235 1 313 1279
170 430 837 1 455 870
171 432 1061 1 467 1094
172 517 1127 1 554 1146
173 191 569 1 206 614
174 263 432 1 274 476
175 63 1073 1 104 1116
176 259 694 1 278 734
177 243 231 1 244 279
178 212 234 1 215 283
179 271 347 1 278 392
180 444 542 1 456 576
181 467 443 1 476 479
182 35 1088 1 75 1133
183 54 940 1 88 983
184 266 251 1 268 297
185 443 135 1 439 176
186 486 198 1 484 237
187 139 1049 1 176 1091
188 192 465 1 203 512
189 214 691 1 234 734
190 474 60 1 466 101
191 338 260 1 340 303
192 121 1002 1 156 1045
193 407 556 1 421 592
194 260 1234 1 302 1278
195 415 239 1 415 279
196 86 918 1 118 963
197 354 450 1 363 490
198 410 461 1 419 499
199 76 919 1 108 964
200 311 107 1 307 153
201 173 404 1 182 453
202 193 365 1 200 413
203 327 647 1 344 685
204 216 366 1 224 413
205 467 95 1 460 135
206 436 695 1 455 729
207 128 1059 1 165 1101
208 68 1050 1 105 1095
209 420 150 1 417 191
210 409 317 1 413 357
211 421 728 1 441 764
212 418 540 1 431 576
213 304 179 1 302 224
214 437 815 1 462 847
215 226 878 1 254 919
216 264 450 1 276 494
217 442 29 1 433 72
218 191 876 1 221 917
219 474 72 1 466 113
220 406 580 1 420 617
221 160 582 1 176 629
222 214 644 1 233 688
223 52 1106 1 91 1150
224 436 640 1 452 675
225 440 1006 1 472 1039
226 178 921 1 209 963
227 417 750 1 437 785
228 142 886 1 172 929
229 451 436 1 459 473
230 343 905 1 372 941
231 91 1163 1 134 1206
232 363 906 1 391 941
233 499 1095 1 536 1116
234 380 1195 1 421 1233
235 417 296 1 419 335
236 216 912 1 247 953
237 333 91 1 328 136
238 400 273 1 402 314
239 444 870 1 470 903
240 204 964 1 236 1006
241 358 567 1 372 605
242 441 764 1 463 798
243 146 400 1 156 449
244 417 858 1 444 891
245 439 799 1 464 831
246 447 276 1 449 314
247 336 334 1 342 376
248 454 802 1 478 834
249 488 108 1 481 148
250 348 681 1 367 719
251 429 861 1 455 893
252 352 618 1 369 656
253 172 952 1 203 994
254 282 694 1 301 734
255 139 605 1 156 653
256 290 187 1 289 231
257 582 1243 1 624 1253
258 258 731 1 279 773
259 458 34 1 449 76
260 357 97 1 351 142
261 353 438 1 363 479
262 407 376 1 414 415
263 328 586 1 344 626
264 85 547 1 103 596
265 214 586 1 230 631
266 413 1069 1 449 1103
267 214 568 1 229 612
268 193 887 1 221 927
269 129 191 1 132 244
270 241 828 1 266 869
271 265 269 1 268 315
272 192 525 1 205 571
273 89 880 1 119 923
274 430 397 1 438 434
275 259 369 1 266 414
276 344 575 1 359 613
277 498 37 1 489 79
278 391 854 1 417 888
279 191 584 1 207 630
280 389 1101 1 426 1137
281 553 1068 1 588 1086
282 133 464 1 145 513
283 152 899 1 183 941
284 182 1082 1 217 1124
285 149 947 1 181 990
286 208 244 1 211 293
287 358 261 1 360 303
288 354 466 1 364 505
289 416 1058 1 450 1089
290 156 1097 1 195 1138
291 328 701 1 348 741
292 333 439 1 343 480
293 429 192 1 427 232
294 32 1045 1 71 1090
295 105 213 1 109 267
296 215 465 1 226 511
297 327 714 1 347 753
298 192 508 1 205 554
299 416 178 1 413 219
300 72 1086 1 112 1130
301 480 49 1 471 91
302 406 436 1 414 474
303 145 1112 1 184 1153
304 370 1230 1 412 1268
305 495 58 1 486 99
306 58 1210 1 102 1255
307 394 824 1 419 858
308 236 201 1 238 250
309 124 1119 1 164 1162
310 336 345 1 342 387
311 333 465 1 343 506
312 340 586 1 355 625
313 191 643 1 209 688
314 434 100 1 428 142
315 332 450 1 342 490
316 438 896 1 466 929
317 475 249 1 475 287
318 392 907 1 421 941
319 38 934 1 73 979
320 393 286 1 395 327
321 372 419 1 381 459
322 156 566 1 172 613
323 101 1190 1 143 1235
324 192 324 1 198 373
325 236 656 1 254 700
326 330 569 1 345 608
327 637 801 1 656 817
328 81 1218 1 125 1262
329 437 182 1 434 222
330 362 924 1 391 959
331 315 216 1 317 261
332 118 1106 1 155 1150
333 44 1216 1 88 1263
334 435 937 1 466 969
335 180 841 1 208 882
336 149 1061 1 186 1101
337 336 361 1 342 402
338 394 570 1 409 607
339 185 229 1 188 279
340 467 799 1 490 831
341 440 860 1 466 893
342 399 1103 1 435 1138
343 36 1197 1 80 1241
344 356 352 1 362 392
345 515 1091 1 551 1110
346 140 875 1 170 919
347 190 431 1 201 478
348 154 839 1 181 882
349 373 82 1 367 126
350 448 154 1 444 194
351 128 204 1 132 256
352 443 68 1 435 110
353 496 1105 1 533 1126
354 444 422 1 452 458
355 464 306 1 466 344
356 144 198 1 147 250
357 420 1009 1 453 1043
358 230 762 1 253 803
359 146 1102 1 186 1142
360 399 1062 1 434 1098
361 164 600 1 180 647
362 383 1141 1 421 1177
363 116 917 1 147 960
364 191 864 1 220 905
365 464 499 1 474 534
366 478 566 1 492 599
367 261 824 1 286 864
368 427 297 1 429 336
369 353 362 1 360 403
370 532 1108 1 569 1127
371 419 114 1 414 156
372 353 952 1 383 987
373 425 930 1 453 963
374 428 586 1 443 620
375 128 1236 1 172 1279
376 84 442 1 97 492
377 124 1210 1 165 1257
378 326 1228 1 367 1270
379 483 230 1 482 267
380 385 75 1 379 119
381 411 898 1 439 932
382 382 620 1 398 656
383 96 914 1 127 958
384 191 265 1 195 314
385 221 206 1 223 255
386 474 166 1 470 204
387 381 633 1 398 668
388 156 888 1 186 930
389 414 920 1 443 954
390 49 903 1 81 949
391 142 902 1 173 944
392 216 762 1 239 804
393 203 974 1 234 1015
394 429 1204 1 472 1226
395 210 844 1 237 886
396 218 799 1 243 840
397 190 690 1 211 734
398 655 794 1 673 809
399 427 772 1 449 807
400 470 825 1 495 856
401 136 1022 1 172 1065
402 353 638 1 371 675
403 341 1001 1 373 1038
404 358 689 1 377 726
405 353 1047 1 389 1082
406 381 1048 1 417 1082
407 35 1172 1 79 1216
408 120 907 1 150 951
409 438 89 1 431 130
410 493 1048 1 528 1070
411 226 942 1 257 982
412 251 213 1 252 261
413 112 963 1 144 1007
414 60 957 1 95 1000
415 443 556 1 456 592
416 243 749 1 264 791
417 403 290 1 407 330
418 523 837 1 548 864
419 47 877 1 79 921
420 159 320 1 165 370
421 166 378 1 174 426
422 62 1039 1 100 1085
423 349 270 1 351 313
424 191 972 1 223 1014
425 425 959 1 456 992
426 435 946 1 466 978
427 374 1221 1 415 1260
428 434 991 1 465 1025
429 415 825 1 440 859
430 343 86 1 338 131
431 115 1135 1 155 1178
432 429 871 1 456 904
433 460 139 1 456 179
434 164 658 1 183 703
435 319 93 1 314 138
436 441 524 1 453 560
437 363 699 1 382 737
438 170 234 1 173 285
439 128 1049 1 164 1092
440 422 885 1 450 918
441 386 948 1 416 983
442 77 197 1 81 252
443 121 991 1 154 1036
444 384 531 1 396 569
445 300 114 1 296 161
446 478 857 1 505 888
447 505 753 1 527 783
448 444 630 1 461 664
449 482 1034 1 516 1056
450 142 1003 1 176 1044
451 250 550 1 266 593
452 408 353 1 414 391
453 498 24 1 489 66
454 334 1042 1 368 1077
455 436 955 1 467 988
456 356 336 1 361 377
457 158 610 1 176 656
458 350 124 1 347 169
459 135 1102 1 174 1145
460 215 525 1 229 570
461 150 1151 1 190 1193
462 291 1107 1 329 1144
463 153 1009 1 188 1051
464 81 464 1 95 515
465 37 893 1 69 938
466 274 1113 1 314 1150
467 383 584 1 398 621
468 117 1050 1 153 1094
469 456 280 1 458 318
470 458 752 1 481 784
471 389 802 1 412 837
472 143 1178 1 184 1222
473 449 387 1 455 424
474 424 202 1 424 243
475 264 862 1 292 902
476 420 134 1 415 176
477 359 271 1 362 314
478 389 313 1 393 353
479 506 1116 1 544 1136
480 457 792 1 480 824
481 402 854 1 428 888
482 437 906 1 465 938
483 540 971 1 571 993
484 307 900 1 336 938
485 119 810 1 147 854
486 337 269 1 339 312
487 38 1187 1 81 1231
488 452 503 1 463 539
489 402 406 1 410 444
490 235 946 1 265 987
491 206 811 1 231 854
492 508 541 1 520 574
493 354 651 1 371 688
494 362 1161 1 402 1201
495 425 826 1 451 859
496 345 97 1 340 141
497 254 865 1 282 904
498 358 240 1 360 283
499 239 266 1 242 313
500 85 1072 1 123 1114
501 447 265 1 449 303
502 100 879 1 131 923
503 456 543 1 468 577
504 42 1099 1 81 1141
505 246 945 1 277 987
506 233 190 1 234 239
507 103 1164 1 144 1208
508 191 811 1 219 852
509 104 1120 1 143 1163
510 171 1139 1 211 1179
511 89 1178 1 131 1223
512 63 943 1 98 986
513 165 903 1 195 945
514 515 1029 1 549 1050
515 527 1098 1 563 1117
516 69 1012 1 105 1057
517 409 979 1 441 1013
518 296 1235 1 339 1279
519 390 1060 1 425 1095
520 123 1030 1 158 1074
521 360 1224 1 401 1264
522 452 578 1 465 612
523 399 1053 1 434 1086
524 367 1144 1 405 1183
525 395 1009 1 428 1043
526 485 828 1 510 859
527 245 1244 1 289 1286
528 70 1163 1 114 1205
529 315 1143 1 353 1184
530 385 749 1 406 786
531 448 1054 1 483 1085
532 130 878 1 160 921
533 357 938 1 387 975
534 240 762 1 264 804
535 179 1033 1 213 1074
536 96 967 1 129 1013
537 336 991 1 369 1029
538 452 483 1 463 519
539 150 736 1 172 781
540 96 941 1 130 985
541 281 732 1 302 774
542 374 558 1 387 595
543 106 1086 1 145 1129
544 458 426 1 466 462
545 64 1143 1 106 1187
546 178 1071 1 216 1112
547 489 120 1 484 160
548 326 163 1 324 207
549 61 1153 1 103 1197
550 234 671 1 253 712
551 386 918 1 416 952
552 123 1135 1 164 1177
553 34 1152 1 76 1196
554 448 90 1 441 131
555 263 657 1 281 697
556 73 972 1 107 1018
557 387 408 1 395 447
558 124 1178 1 164 1221
559 565 659 1 582 685
560 404 812 1 428 847
561 173 851 1 202 893
562 427 502 1 438 539
563 118 1228 1 161 1272
564 364 1216 1 406 1254
565 79 1207 1 123 1250
566 423 894 1 451 927
567 352 908 1 382 944
568 281 440 1 290 483
569 100 867 1 130 911
570 133 971 1 167 1013
571 411 796 1 434 830
572 343 465 1 354 505
573 122 896 1 151 941
574 521 1146 1 559 1165
575 500 493 1 511 526
576 383 577 1 397 614
577 205 1028 1 240 1069
578 412 883 1 440 917
579 183 942 1 216 982
580 194 928 1 225 970
581 216 1080 1 253 1123
582 200 999 1 233 1043
583 97 904 1 128 949
584 136 1212 1 178 1257
585 454 556 1 468 590
586 177 367 1 185 416
587 138 1161 1 179 1204
588 465 82 1 458 124
589 352 996 1 384 1033
590 311 62 1 305 108
591 83 891 1 114 935
592 380 226 1 381 269
593 193 825 1 220 867
594 523 1055 1 558 1076
595 369 590 1 384 627
596 230 863 1 257 903
597 465 49 1 456 91
598 145 827 1 173 870
599 247 840 1 273 880
600 158 829 1 186 872
601 272 819 1 297 860
602 387 188 1 386 231
603 195 247 1 198 296
604 392 967 1 423 1001
605 250 1127 1 289 1166
606 458 264 1 458 302
607 470 1023 1 504 1047
608 434 784 1 457 819
609 155 507 1 168 554
610 390 928 1 420 962
611 447 191 1 443 231
612 238 421 1 248 465
613 475 136 1 470 176
614 136 988 1 169 1032
615 356 531 1 369 570
616 459 190 1 457 229
617 404 652 1 421 688
618 160 1108 1 199 1149
619 341 50 1 335 98
620 558 1081 1 593 1098
621 353 670 1 370 707
622 446 100 1 440 141
623 113 1025 1 149 1068
624 280 828 1 304 870
625 432 110 1 426 151
626 330 526 1 343 566
627 384 817 1 409 851
628 98 848 1 127 893
629 345 1162 1 383 1202
630 105 857 1 134 902
631 111 847 1 140 891
632 336 841 1 362 877
633 413 1079 1 449 1113
634 165 884 1 194 926
635 44 1141 1 85 1186
636 403 924 1 432 958
637 299 819 1 324 858
638 529 897 1 557 922
639 189 1007 1 224 1049
640 586 717 1 605 739
641 438 161 1 434 201
642 420 717 1 440 752
643 432 1144 1 471 1168
644 242 906 1 271 946
645 283 894 1 312 933
646 94 211 1 98 265
647 149 793 1 174 839
648 153 807 1 181 849
649 333 1101 1 369 1140
650 159 1118 1 200 1159
651 173 654 1 192 699
652 234 893 1 263 934
653 224 243 1 227 291
654 162 549 1 178 596
655 223 888 1 252 928
656 407 727 1 428 763
657 471 204 1 469 243
658 442 480 1 452 516
659 494 906 1 522 936
660 293 899 1 323 937
661 396 583 1 411 619
662 238 1072 1 275 1111
663 451 111 1 445 152
664 115 872 1 145 916
665 454 77 1 447 118
666 304 164 1 303 210
667 192 991 1 225 1032
668 358 495 1 369 534
669 394 812 1 418 846
670 377 865 1 403 900
671 61 902 1 92 947
672 225 926 1 256 967
673 288 215 1 289 261
674 253 854 1 282 894
675 262 674 1 281 716
676 91 1122 1 130 1167
677 126 1158 1 168 1200
678 238 1113 1 276 1152
679 456 293 1 459 330
680 314 822 1 339 860
681 342 113 1 339 159
682 177 212 1 180 262
683 170 831 1 198 872
684 110 1196 1 152 1242
685 402 1114 1 439 1150
686 170 815 1 198 856
687 168 867 1 197 909
688 410 134 1 405 176
689 309 96 1 304 142
690 343 448 1 353 488
691 93 890 1 125 935
