0 360 1012 1 385 1053
1 360 1079 1 388 1121
2 429 43 1 418 89
3 445 368 1 446 407
4 445 352 1 447 392
5 349 643 1 361 683
6 442 301 1 441 341
7 478 1032 1 506 1057
8 397 1109 1 427 1147
9 434 537 1 441 574
10 424 352 1 425 393
11 216 218 1 214 268
12 439 45 1 428 90
13 490 79 1 479 122
14 425 367 1 426 407
15 445 378 1 446 417
16 449 394 1 451 433
17 391 1167 1 423 1206
18 473 102 1 463 145
19 460 623 1 471 659
20 272 326 1 273 372
21 402 1089 1 431 1126
22 440 439 1 444 477
23 454 642 1 466 678
24 254 276 1 254 324
25 265 392 1 270 438
26 354 625 1 364 665
27 171 351 1 174 401
28 467 575 1 475 611
29 309 306 1 310 352
30 289 122 1 282 170
31 467 848 1 487 882
32 460 97 1 451 140
33 431 844 1 451 879
34 481 842 1 501 875
35 404 1078 1 433 1115
36 259 220 1 257 269
37 70 1059 1 102 1105
38 186 930 1 211 973
39 136 1222 1 171 1271
40 444 771 1 461 807
41 307 321 1 309 366
42 180 662 1 193 708
43 437 462 1 442 500
44 266 834 1 284 877
45 327 234 1 325 280
46 446 708 1 460 744
47 443 680 1 456 717
48 488 815 1 506 847
49 471 216 1 466 257
50 290 261 1 289 308
51 172 366 1 175 415
52 351 963 1 375 1000
53 430 555 1 437 593
54 173 1065 1 202 1110
55 482 833 1 501 866
56 175 413 1 180 461
57 327 255 1 326 300
58 125 1089 1 157 1132
59 393 1150 1 425 1188
60 476 640 1 488 673
61 455 51 1 443 96
62 238 289 1 239 337
63 288 413 1 294 457
64 456 698 1 470 734
65 396 700 1 410 739
66 173 273 1 173 324
67 484 143 1 476 185
68 413 987 1 438 1023
69 432 84 1 421 128
70 447 844 1 467 878
71 492 30 1 479 76
72 417 412 1 420 452
73 429 784 1 446 821
74 467 470 1 471 507
75 221 862 1 244 905
76 457 656 1 470 691
77 470 837 1 490 871
78 465 118 1 455 161
79 396 711 1 410 749
80 295 313 1 296 359
81 379 98 1 370 143
82 386 1233 1 422 1272
83 474 657 1 486 691
84 281 837 1 301 880
85 374 63 1 364 110
86 429 378 1 430 418
87 254 417 1 258 461
88 360 697 1 373 736
89 175 917 1 199 960
90 333 214 1 329 260
91 370 1074 1 398 1113
92 420 646 1 432 682
93 220 342 1 223 390
94 397 213 1 393 257
95 388 51 1 377 97
96 487 215 1 482 255
97 157 208 1 157 260
98 363 247 1 360 292
99 414 534 1 421 572
100 286 494 1 295 537
101 446 585 1 456 622
102 103 1104 1 134 1150
103 82 930 1 108 975
104 70 1102 1 102 1147
105 492 67 1 480 111
106 160 488 1 168 537
107 472 807 1 490 841
108 181 1091 1 210 1136
109 334 634 1 346 674
110 362 79 1 352 126
111 163 816 1 184 861
112 222 321 1 224 370
113 535 1123 1 567 1144
114 337 687 1 349 727
115 255 872 1 276 916
116 416 270 1 414 312
117 290 339 1 291 385
118 96 1201 1 130 1250
119 238 901 1 260 944
120 219 442 1 224 489
121 400 533 1 407 571
122 220 489 1 228 536
123 198 344 1 200 393
124 465 146 1 457 188
125 367 1232 1 402 1272
126 220 429 1 226 476
127 435 72 1 424 116
128 196 608 1 207 654
129 286 504 1 294 548
130 252 655 1 264 698
131 515 1127 1 547 1148
132 428 96 1 419 140
133 292 247 1 290 294
134 371 43 1 361 90
135 61 1071 1 95 1116
136 183 879 1 207 922
137 400 834 1 419 870
138 270 235 1 268 284
139 278 407 1 283 452
140 196 489 1 203 536
141 398 105 1 389 149
142 165 456 1 171 506
143 292 236 1 290 283
144 477 227 1 472 267
145 251 670 1 264 712
146 419 394 1 421 434
147 197 446 1 203 494
148 246 547 1 255 592
149 294 801 1 312 843
150 290 328 1 291 374
151 221 609 1 232 654
152 130 965 1 159 1008
153 284 315 1 286 361
154 421 839 1 441 875
155 441 1069 1 470 1104
156 441 289 1 439 330
157 504 1115 1 535 1137
158 382 667 1 394 706
159 100 999 1 127 1046
160 159 980 1 185 1025
161 161 519 1 170 568
162 457 712 1 471 748
163 383 405 1 386 446
164 419 339 1 419 379
165 460 317 1 459 357
166 432 305 1 430 346
167 279 1232 1 313 1278
168 436 834 1 456 869
169 440 1059 1 468 1094
170 524 1125 1 556 1147
171 197 566 1 206 613
172 268 429 1 274 475
173 70 1071 1 104 1116
174 265 691 1 278 733
175 247 228 1 245 277
176 216 231 1 215 281
177 275 344 1 278 391
178 450 538 1 456 575
179 473 440 1 477 477
180 42 1087 1 75 1133
181 60 938 1 88 983
182 270 248 1 268 296
183 448 131 1 439 174
184 491 194 1 484 235
185 146 1047 1 176 1091
186 197 462 1 203 510
187 220 689 1 234 733
188 478 55 1 467 100
189 343 256 1 341 301
190 127 1000 1 156 1045
191 413 553 1 422 591
192 268 1232 1 302 1277
193 419 235 1 416 277
194 93 917 1 118 962
195 359 447 1 364 489
196 415 458 1 419 497
197 83 917 1 108 964
198 315 104 1 308 151
199 178 402 1 183 452
200 197 362 1 200 411
201 333 644 1 344 684
202 221 363 1 224 411
203 471 90 1 461 134
204 442 691 1 455 728
205 135 1057 1 165 1101
206 75 1049 1 106 1094
207 424 146 1 417 189
208 414 314 1 414 355
209 427 725 1 441 762
210 424 537 1 431 575
211 308 176 1 303 223
212 444 812 1 463 846
213 233 876 1 255 918
214 269 447 1 276 492
215 446 25 1 433 71
216 198 874 1 221 916
217 478 67 1 467 111
218 412 577 1 421 616
219 166 579 1 177 628
220 220 641 1 233 687
221 59 1104 1 91 1149
222 442 637 1 453 673
223 448 1004 1 473 1038
224 185 919 1 209 962
225 423 747 1 438 784
226 149 884 1 172 929
227 456 433 1 459 471
228 349 902 1 372 940
229 99 1162 1 135 1205
230 369 903 1 392 940
231 507 1094 1 537 1116
232 388 1192 1 421 1232
233 422 292 1 420 333
234 222 910 1 248 952
235 337 88 1 328 135
236 405 269 1 402 312
237 451 868 1 470 902
238 211 962 1 236 1005
239 364 564 1 373 604
240 447 761 1 463 797
241 151 397 1 156 448
242 424 855 1 444 891
243 445 796 1 464 830
244 452 272 1 449 313
245 341 331 1 342 375
246 461 799 1 479 833
247 492 104 1 482 147
248 354 678 1 367 718
249 435 858 1 455 892
250 358 615 1 369 654
251 179 949 1 203 994
252 288 691 1 301 733
253 145 603 1 156 652
254 294 184 1 290 230
255 590 1243 1 625 1255
256 264 729 1 280 772
257 462 29 1 449 74
258 358 435 1 363 477
259 412 373 1 414 413
260 334 583 1 344 624
261 91 545 1 103 594
262 220 584 1 231 630
263 420 1067 1 449 1102
264 219 566 1 229 611
265 199 885 1 221 927
266 133 188 1 132 242
267 248 825 1 266 868
268 270 266 1 269 314
269 197 522 1 206 569
270 95 878 1 120 923
271 436 394 1 439 433
272 263 366 1 267 413
273 350 572 1 359 612
274 502 32 1 489 78
275 397 851 1 418 887
276 199 969 1 224 1013
277 197 582 1 208 629
278 396 1098 1 426 1136
279 560 1067 1 589 1087
280 138 462 1 145 512
281 159 897 1 183 940
282 165 826 1 186 871
283 156 945 1 181 989
284 212 241 1 211 291
285 363 257 1 360 302
286 359 463 1 364 504
287 423 1056 1 451 1089
288 163 1096 1 195 1138
289 334 698 1 348 740
290 339 436 1 343 478
291 433 188 1 427 231
292 39 1043 1 71 1090
293 109 211 1 109 265
294 220 463 1 226 509
295 333 711 1 348 751
296 197 506 1 205 553
297 420 174 1 413 217
298 80 1085 1 113 1130
299 484 44 1 472 89
300 411 433 1 414 473
301 153 1110 1 184 1153
302 377 1227 1 413 1268
303 499 53 1 486 98
304 65 1209 1 102 1255
305 401 822 1 420 857
306 240 198 1 238 248
307 132 1117 1 164 1161
308 341 342 1 342 385
309 338 462 1 343 504
310 346 583 1 356 623
311 197 640 1 210 687
312 438 96 1 429 140
313 337 447 1 343 489
314 445 893 1 467 928
315 480 245 1 475 285
316 399 904 1 421 940
317 45 933 1 73 978
318 397 283 1 396 325
319 378 416 1 381 457
320 162 564 1 172 612
321 197 322 1 199 371
322 242 654 1 255 699
323 336 566 1 345 607
324 644 799 1 658 818
325 89 1217 1 126 1262
326 442 178 1 435 221
327 369 921 1 392 958
328 320 213 1 317 260
329 125 1104 1 155 1150
330 51 1215 1 88 1262
331 442 934 1 466 969
332 186 839 1 208 882
333 341 358 1 343 401
334 400 567 1 410 606
335 189 227 1 188 277
336 473 796 1 491 830
337 447 857 1 467 892
338 407 1100 1 436 1137
339 43 1195 1 80 1241
340 361 348 1 362 391
341 522 1089 1 553 1111
342 147 873 1 170 918
343 195 429 1 201 476
344 160 837 1 182 881
345 377 79 1 367 125
346 452 150 1 444 193
347 132 201 1 132 255
348 447 63 1 435 108
349 503 1104 1 534 1126
350 450 418 1 453 457
351 469 303 1 467 342
352 148 195 1 147 249
353 427 1007 1 454 1043
354 236 759 1 253 802
355 152 1100 1 186 1142
356 406 1060 1 434 1097
357 170 598 1 181 646
358 390 1138 1 421 1176
359 122 915 1 147 960
360 197 862 1 220 904
361 354 773 1 371 811
362 470 495 1 475 532
363 484 563 1 492 598
364 267 821 1 287 863
365 431 293 1 429 335
366 358 359 1 360 401
367 539 1107 1 570 1128
368 423 110 1 414 154
369 360 949 1 384 986
370 432 927 1 453 962
371 434 582 1 443 619
372 136 1234 1 172 1279
373 89 440 1 97 491
374 133 1207 1 166 1256
375 334 1225 1 367 1269
376 488 226 1 483 266
377 389 71 1 380 117
378 418 896 1 440 931
379 388 616 1 398 654
380 102 913 1 128 958
381 195 263 1 196 313
382 225 203 1 224 254
383 478 161 1 471 203
384 387 630 1 399 667
385 162 886 1 186 929
386 421 917 1 444 953
387 55 902 1 81 949
388 149 900 1 173 943
389 222 759 1 240 803
390 209 971 1 235 1014
391 436 1204 1 473 1227
392 217 841 1 238 885
393 224 797 1 244 839
394 197 688 1 211 733
395 108 1189 1 143 1235
396 662 792 1 675 809
397 434 769 1 450 806
398 477 822 1 496 855
399 143 1020 1 172 1064
400 359 635 1 371 673
401 348 998 1 373 1037
402 364 686 1 377 725
403 360 1045 1 389 1082
404 388 1045 1 417 1081
405 43 1170 1 79 1216
406 126 905 1 151 950
407 442 85 1 431 128
408 500 1047 1 529 1070
409 233 939 1 258 981
410 255 210 1 252 259
411 119 961 1 145 1006
412 123 1215 1 156 1262
413 449 553 1 456 590
414 250 747 1 265 790
415 408 286 1 407 328
416 530 834 1 549 863
417 80 1072 1 113 1116
418 163 318 1 165 368
419 171 376 1 175 425
420 69 1038 1 100 1084
421 354 266 1 352 311
422 432 956 1 456 992
423 442 943 1 466 978
424 381 1219 1 416 1259
425 441 989 1 465 1024
426 421 823 1 440 858
427 347 83 1 338 130
428 122 1134 1 155 1178
429 436 868 1 457 903
430 465 135 1 456 177
431 170 656 1 184 702
432 323 90 1 315 137
433 447 521 1 454 558
434 369 696 1 383 736
435 174 232 1 173 284
436 135 1047 1 164 1091
437 429 882 1 451 917
438 392 946 1 417 982
439 81 195 1 81 250
440 128 989 1 155 1035
441 389 528 1 397 567
442 158 1059 1 186 1101
443 304 110 1 296 159
444 485 854 1 505 888
445 512 750 1 528 782
446 450 626 1 461 663
447 489 1032 1 517 1057
448 256 548 1 266 592
449 413 349 1 414 390
450 341 1040 1 369 1077
451 443 952 1 467 987
452 361 333 1 362 376
453 164 608 1 176 655
454 354 120 1 347 168
455 142 1101 1 174 1144
456 220 523 1 229 569
457 157 1149 1 190 1193
458 298 1105 1 329 1143
459 160 1007 1 188 1051
460 86 462 1 95 514
461 43 891 1 69 937
462 282 1111 1 314 1150
463 389 581 1 398 620
464 198 726 1 213 771
465 124 1049 1 154 1094
466 461 276 1 458 316
467 465 748 1 482 783
468 395 799 1 413 836
469 151 1176 1 184 1222
470 454 384 1 456 423
471 429 198 1 424 241
472 270 860 1 292 901
473 425 130 1 416 174
474 364 268 1 362 312
475 394 309 1 394 352
476 513 1114 1 545 1136
477 464 789 1 481 823
478 408 852 1 429 888
479 444 903 1 466 937
480 547 969 1 572 993
481 314 897 1 337 937
482 125 808 1 147 853
483 342 265 1 339 311
484 45 1185 1 82 1230
485 458 500 1 463 537
486 407 402 1 411 443
487 242 944 1 266 986
488 212 808 1 232 853
489 514 538 1 521 572
490 360 648 1 371 687
491 370 1158 1 403 1200
492 432 823 1 451 858
493 349 93 1 340 140
494 261 863 1 283 903
495 363 237 1 361 281
496 243 263 1 242 311
497 91 1070 1 123 1114
498 452 261 1 449 302
499 46 861 1 72 907
500 107 877 1 131 922
501 461 540 1 468 576
502 48 1097 1 82 1141
503 253 943 1 277 986
504 237 187 1 235 237
505 110 1163 1 145 1208
506 198 809 1 219 852
507 111 1118 1 143 1162
508 178 1137 1 212 1179
509 70 942 1 98 986
510 172 901 1 196 945
511 522 1027 1 550 1050
512 534 1096 1 564 1118
513 76 1010 1 105 1056
514 416 976 1 441 1013
515 304 1232 1 339 1278
516 267 466 1 273 510
517 398 1057 1 425 1094
518 130 1028 1 158 1074
519 368 1221 1 402 1263
520 457 574 1 466 610
521 406 1050 1 435 1086
522 375 1141 1 406 1182
523 402 1006 1 429 1042
524 492 825 1 510 858
525 253 1241 1 289 1286
526 78 1161 1 114 1205
527 323 1140 1 354 1183
528 392 746 1 406 785
529 455 1052 1 484 1085
530 137 877 1 160 921
531 364 935 1 388 974
532 246 759 1 264 803
533 186 1031 1 214 1073
534 103 965 1 129 1012
535 343 989 1 369 1028
536 458 479 1 463 518
537 157 734 1 172 780
538 103 939 1 130 984
539 287 730 1 302 773
540 380 555 1 388 594
541 113 1084 1 145 1128
542 463 423 1 466 461
543 71 1142 1 106 1187
544 186 1069 1 216 1112
545 494 116 1 484 158
546 330 159 1 324 206
547 68 1152 1 103 1197
548 240 668 1 253 711
549 393 915 1 416 951
550 131 1134 1 164 1177
551 42 1150 1 77 1196
552 452 86 1 442 130
553 268 654 1 281 696
554 350 979 1 374 1019
555 392 404 1 395 445
556 218 875 1 241 916
557 572 655 1 583 684
558 410 809 1 429 846
559 180 849 1 202 892
560 433 499 1 438 538
561 125 1225 1 161 1272
562 372 1213 1 406 1253
563 87 1205 1 123 1250
564 430 891 1 451 927
565 359 906 1 382 943
566 286 437 1 291 481
567 107 865 1 130 911
568 139 969 1 168 1012
569 417 793 1 435 829
570 349 462 1 354 503
571 129 893 1 151 940
572 528 1145 1 560 1166
573 506 489 1 511 525
574 388 574 1 397 613
575 212 1025 1 240 1068
576 419 881 1 441 916
577 190 940 1 216 981
578 201 926 1 225 969
579 224 1077 1 254 1122
580 207 997 1 233 1042
581 104 902 1 128 948
582 145 1210 1 178 1256
583 460 553 1 468 589
584 182 365 1 185 414
585 146 1159 1 179 1203
586 469 78 1 459 122
587 358 994 1 384 1032
588 315 58 1 305 107
589 90 889 1 114 934
590 384 223 1 381 267
591 200 823 1 221 867
592 530 1054 1 559 1077
593 375 587 1 384 626
594 236 860 1 258 903
595 468 44 1 456 89
596 151 826 1 174 870
597 80 972 1 107 1017
598 279 816 1 297 859
599 391 184 1 386 229
600 199 244 1 199 295
601 399 965 1 424 1001
602 257 1125 1 289 1165
603 462 260 1 459 301
604 477 1022 1 505 1047
605 440 781 1 457 818
606 160 505 1 168 553
607 397 925 1 420 961
608 451 187 1 444 230
609 243 418 1 248 464
610 479 132 1 471 174
611 143 986 1 170 1031
612 362 528 1 369 569
613 463 186 1 457 228
614 410 648 1 422 687
615 167 1107 1 199 1149
616 345 47 1 335 96
617 566 1080 1 595 1099
618 359 667 1 371 706
619 450 96 1 440 140
620 120 1024 1 149 1068
621 287 826 1 305 869
622 436 106 1 427 150
623 336 523 1 344 565
624 390 814 1 409 851
625 104 847 1 127 892
626 352 1159 1 383 1201
627 112 855 1 134 901
628 117 845 1 141 891
629 342 838 1 363 877
630 421 1076 1 449 1112
631 171 881 1 194 925
632 51 1139 1 85 1186
633 410 922 1 432 957
634 306 816 1 324 857
635 537 895 1 558 922
636 54 1166 1 90 1210
637 197 1004 1 224 1048
638 593 714 1 606 739
639 101 1094 1 134 1137
640 442 157 1 434 200
641 426 714 1 440 751
642 439 1143 1 472 1169
643 249 904 1 272 945
644 290 892 1 312 932
645 98 208 1 98 263
646 155 791 1 174 838
647 160 805 1 181 849
648 341 1098 1 370 1139
649 167 1116 1 200 1158
650 179 651 1 193 698
651 241 890 1 263 933
652 228 240 1 227 289
653 168 547 1 178 594
654 229 886 1 253 928
655 414 724 1 429 761
656 475 200 1 469 242
657 447 476 1 452 514
658 501 904 1 523 935
659 300 897 1 323 936
660 402 579 1 411 618
661 245 1070 1 275 1110
662 455 107 1 445 151
663 122 870 1 145 915
664 458 72 1 448 116
665 308 161 1 303 208
666 199 989 1 226 1032
667 363 492 1 370 532
668 400 809 1 419 845
669 384 862 1 404 899
670 67 900 1 92 947
671 232 923 1 256 966
672 292 212 1 290 260
673 260 852 1 282 893
674 268 672 1 281 715
675 134 1157 1 169 1199
676 245 1111 1 277 1151
677 461 289 1 459 329
678 321 819 1 339 859
679 181 210 1 180 261
680 176 829 1 198 872
681 118 1193 1 152 1241
682 409 1111 1 440 1149
683 176 813 1 198 856
684 174 865 1 197 909
685 414 130 1 406 174
686 313 93 1 305 141
687 348 445 1 353 487
688 100 888 1 126 934
