0 363 1009 1 385 1052
1 363 1075 1 389 1119
2 432 38 1 419 88
3 448 364 1 447 406
4 448 349 1 447 391
5 352 640 1 361 682
6 445 297 1 441 340
7 481 1031 1 507 1057
8 400 1107 1 428 1146
9 438 533 1 441 573
10 427 349 1 425 391
11 219 214 1 214 267
12 442 41 1 429 88
13 493 75 1 480 121
14 428 364 1 426 406
15 447 374 1 446 416
16 452 391 1 451 432
17 394 1165 1 423 1205
18 476 98 1 463 143
19 464 620 1 471 658
20 274 322 1 273 370
21 405 1086 1 432 1125
22 443 436 1 445 476
23 457 639 1 466 677
24 257 273 1 254 323
25 268 389 1 270 437
26 357 622 1 365 664
27 173 348 1 174 399
28 470 572 1 475 610
29 312 303 1 311 351
30 291 118 1 283 168
31 470 846 1 488 881
32 463 93 1 451 139
33 434 841 1 452 878
34 484 840 1 501 875
35 407 1075 1 433 1114
36 262 217 1 257 267
37 73 1057 1 102 1104
38 189 926 1 211 972
39 140 1219 1 172 1270
40 447 768 1 461 806
41 310 317 1 309 365
42 183 659 1 193 707
43 440 458 1 442 499
44 269 831 1 285 876
45 330 230 1 325 278
46 450 705 1 461 743
47 446 677 1 457 716
48 491 812 1 507 846
49 474 212 1 466 255
50 293 257 1 289 306
51 174 362 1 175 414
52 354 960 1 375 999
53 433 552 1 438 591
54 176 1062 1 203 1109
55 485 830 1 501 865
56 178 410 1 181 460
57 330 251 1 326 299
58 397 1147 1 425 1187
59 479 637 1 488 672
60 458 48 1 444 95
61 241 285 1 239 336
62 291 410 1 294 456
63 459 695 1 470 732
64 399 697 1 410 738
65 175 270 1 174 322
66 487 139 1 476 183
67 416 984 1 439 1022
68 435 80 1 422 126
69 450 841 1 467 878
70 494 26 1 479 74
71 420 409 1 420 450
72 432 781 1 447 819
73 470 466 1 472 506
74 224 859 1 244 904
75 460 653 1 470 690
76 473 835 1 490 870
77 468 114 1 456 159
78 399 708 1 410 748
79 297 309 1 297 357
80 382 94 1 371 141
81 389 1230 1 423 1271
82 477 653 1 487 689
83 284 834 1 301 879
84 377 59 1 364 108
85 432 374 1 431 416
86 257 414 1 259 460
87 363 694 1 373 734
88 178 915 1 199 959
89 336 211 1 330 259
90 373 1071 1 399 1112
91 423 643 1 432 681
92 223 339 1 223 389
93 400 209 1 394 256
94 391 47 1 377 95
95 490 211 1 482 254
96 160 204 1 157 259
97 366 244 1 361 290
98 417 531 1 421 571
99 289 491 1 295 536
100 449 582 1 456 620
101 106 1102 1 134 1149
102 85 927 1 109 974
103 495 63 1 481 109
104 163 485 1 168 536
105 475 804 1 491 840
106 128 1088 1 158 1132
107 337 631 1 346 673
108 365 75 1 353 124
109 251 822 1 267 867
110 166 814 1 184 860
111 224 318 1 224 368
112 539 1122 1 568 1145
113 340 683 1 350 726
114 259 869 1 277 915
115 419 266 1 414 310
116 293 336 1 292 384
117 99 1198 1 131 1249
118 222 439 1 225 488
119 403 529 1 408 570
120 223 486 1 228 535
121 200 341 1 200 392
122 468 142 1 457 186
123 370 1229 1 403 1271
124 223 426 1 226 474
125 438 68 1 424 114
126 199 605 1 208 653
127 289 501 1 294 547
128 255 652 1 265 697
129 518 1126 1 548 1149
130 431 93 1 419 139
131 294 243 1 290 292
132 463 313 1 460 355
133 374 39 1 361 88
134 64 1068 1 95 1116
135 185 876 1 207 921
136 403 831 1 420 869
137 272 232 1 268 282
138 280 403 1 283 450
139 199 486 1 203 535
140 401 101 1 390 148
141 168 453 1 172 505
142 295 233 1 290 282
143 480 223 1 473 266
144 254 667 1 265 711
145 422 391 1 422 433
146 200 443 1 203 493
147 249 544 1 256 591
148 298 798 1 312 842
149 293 324 1 291 373
150 224 606 1 233 653
151 132 963 1 159 1007
152 287 311 1 286 360
153 424 837 1 441 874
154 444 1066 1 471 1103
155 445 286 1 439 329
156 507 1114 1 536 1138
157 385 664 1 394 705
158 102 996 1 128 1045
159 162 978 1 186 1024
160 164 516 1 170 567
161 460 709 1 471 747
162 386 402 1 387 445
163 422 335 1 420 378
164 435 301 1 431 345
165 282 1229 1 314 1277
166 440 832 1 457 868
167 443 1056 1 469 1093
168 528 1125 1 556 1147
169 200 563 1 207 612
170 271 426 1 274 474
171 73 1069 1 104 1116
172 268 688 1 279 731
173 250 224 1 245 276
174 219 228 1 215 280
175 278 341 1 278 389
176 453 535 1 457 574
177 476 436 1 477 476
178 45 1084 1 75 1132
179 151 1067 1 179 1112
180 63 936 1 88 983
181 273 244 1 268 294
182 450 127 1 439 172
183 494 190 1 485 233
184 200 459 1 203 509
185 223 686 1 234 732
186 481 51 1 467 98
187 346 252 1 341 300
188 130 998 1 156 1044
189 416 550 1 422 590
190 271 1229 1 303 1276
191 422 231 1 416 276
192 96 915 1 118 961
193 362 444 1 364 487
194 418 454 1 420 496
195 86 915 1 109 963
196 318 100 1 308 150
197 183 1090 1 210 1136
198 181 399 1 183 450
199 200 359 1 200 410
200 336 641 1 345 683
201 224 360 1 225 410
202 474 86 1 461 132
203 445 688 1 456 727
204 137 1055 1 165 1100
205 78 1046 1 106 1094
206 427 142 1 417 188
207 417 310 1 414 354
208 430 723 1 442 761
209 427 533 1 432 574
210 311 173 1 303 221
211 251 757 1 265 802
212 447 809 1 464 845
213 236 873 1 255 917
214 272 444 1 276 491
215 201 871 1 221 916
216 481 63 1 467 110
217 415 574 1 421 615
218 169 576 1 177 627
219 223 638 1 233 686
220 62 1102 1 91 1149
221 445 633 1 453 672
222 451 1001 1 473 1038
223 367 561 1 373 602
224 188 916 1 209 961
225 426 744 1 438 783
226 152 881 1 173 928
227 459 429 1 460 470
228 352 900 1 373 939
229 102 1159 1 135 1205
230 372 900 1 392 939
231 510 1093 1 538 1117
232 391 1190 1 422 1231
233 425 288 1 420 332
234 149 1046 1 177 1090
235 340 84 1 328 133
236 408 266 1 403 311
237 454 865 1 471 902
238 214 959 1 236 1004
239 450 758 1 464 796
240 154 395 1 156 447
241 427 853 1 445 890
242 448 793 1 465 829
243 455 268 1 450 311
244 344 328 1 343 373
245 464 796 1 479 832
246 495 100 1 482 145
247 357 675 1 368 717
248 438 855 1 456 891
249 361 612 1 370 653
250 182 947 1 203 993
251 291 688 1 302 732
252 148 600 1 157 651
253 297 181 1 290 228
254 594 1243 1 627 1257
255 267 726 1 280 771
256 465 25 1 450 73
257 361 432 1 363 476
258 415 369 1 415 412
259 337 580 1 345 623
260 93 542 1 103 593
261 223 581 1 231 628
262 424 1064 1 450 1101
263 222 563 1 230 610
264 202 882 1 221 926
265 136 185 1 132 241
266 272 263 1 269 312
267 200 519 1 206 568
268 439 390 1 439 432
269 266 363 1 267 412
270 353 569 1 360 611
271 505 28 1 489 76
272 401 849 1 418 887
273 201 966 1 224 1012
274 200 579 1 208 628
275 399 1096 1 427 1136
276 564 1066 1 590 1087
277 141 459 1 145 510
278 162 894 1 184 940
279 167 823 1 186 870
280 215 238 1 211 290
281 366 254 1 361 300
282 362 459 1 365 503
283 426 1053 1 451 1088
284 166 1094 1 196 1137
285 337 695 1 349 738
286 342 433 1 344 477
287 436 185 1 428 229
288 42 1041 1 71 1089
289 112 208 1 109 264
290 223 460 1 226 508
291 336 708 1 348 750
292 200 503 1 205 551
293 423 171 1 414 216
294 83 1082 1 113 1130
295 487 40 1 472 87
296 414 429 1 415 471
297 156 1107 1 185 1152
298 380 1225 1 413 1267
299 502 49 1 487 96
300 68 1206 1 102 1255
301 242 901 1 261 943
302 404 819 1 420 856
303 243 195 1 238 247
304 135 1114 1 165 1161
305 344 338 1 343 384
306 341 459 1 343 503
307 349 580 1 356 622
308 200 637 1 210 686
309 441 93 1 429 139
310 340 443 1 343 487
311 448 890 1 467 927
312 483 241 1 476 283
313 402 901 1 422 939
314 47 931 1 73 978
315 400 279 1 396 324
316 381 413 1 381 456
317 165 561 1 172 611
318 200 319 1 199 370
319 245 651 1 255 698
320 339 563 1 345 606
321 648 798 1 659 818
322 92 1214 1 126 1262
323 444 175 1 435 219
324 372 919 1 392 957
325 323 209 1 317 258
326 128 1102 1 156 1149
327 55 1212 1 88 1262
328 445 932 1 467 968
329 189 837 1 208 881
330 344 354 1 343 399
331 403 564 1 410 604
332 192 223 1 188 276
333 477 794 1 492 829
334 450 854 1 468 891
335 410 1097 1 437 1136
336 46 1193 1 80 1241
337 364 345 1 363 390
338 526 1088 1 554 1112
339 60 1045 1 89 1093
340 149 871 1 171 917
341 198 426 1 201 475
342 379 75 1 367 123
343 455 146 1 445 191
344 135 198 1 132 253
345 449 59 1 436 106
346 506 1103 1 535 1127
347 453 414 1 453 455
348 472 299 1 467 341
349 151 192 1 147 247
350 430 1004 1 454 1042
351 239 756 1 253 801
352 155 1098 1 186 1142
353 409 1057 1 435 1096
354 172 595 1 181 644
355 393 1135 1 422 1175
356 125 912 1 147 959
357 200 859 1 220 903
358 356 770 1 372 810
359 473 492 1 475 531
360 487 559 1 493 597
361 270 818 1 287 862
362 434 290 1 430 333
363 361 355 1 360 400
364 543 1106 1 571 1129
365 426 107 1 414 153
366 363 946 1 384 985
367 435 924 1 454 961
368 437 579 1 444 618
369 139 1231 1 173 1279
370 91 437 1 97 490
371 136 1204 1 166 1255
372 337 1222 1 368 1267
373 491 222 1 483 264
374 392 67 1 380 115
375 421 893 1 440 931
376 391 613 1 398 653
377 105 910 1 128 957
378 198 259 1 196 311
379 228 200 1 224 252
380 481 157 1 471 201
381 391 626 1 399 665
382 165 883 1 186 929
383 424 915 1 444 952
384 58 899 1 82 948
385 152 898 1 174 943
386 225 756 1 240 802
387 195 936 1 217 981
388 212 969 1 235 1014
389 440 1203 1 473 1228
390 220 838 1 238 884
391 227 794 1 244 838
392 199 685 1 211 732
393 111 1186 1 144 1235
394 667 791 1 677 810
395 437 766 1 450 804
396 480 819 1 496 855
397 146 1018 1 172 1063
398 362 632 1 371 672
399 351 995 1 374 1036
400 367 683 1 377 724
401 363 1043 1 390 1081
402 391 1043 1 418 1081
403 46 1168 1 79 1216
404 130 903 1 151 950
405 445 81 1 432 127
406 503 1046 1 529 1071
407 258 206 1 252 258
408 121 959 1 145 1006
409 125 1211 1 156 1262
410 452 550 1 457 589
411 253 744 1 265 789
412 411 283 1 408 327
413 73 1100 1 102 1147
414 533 832 1 549 863
415 83 1069 1 113 1115
416 166 315 1 165 367
417 173 373 1 175 424
418 72 1036 1 101 1084
419 356 263 1 352 310
420 435 954 1 457 991
421 445 940 1 467 977
422 384 1216 1 416 1258
423 444 986 1 466 1023
424 424 820 1 441 857
425 350 79 1 338 128
426 124 1132 1 155 1178
427 439 865 1 457 902
428 468 131 1 457 176
429 173 653 1 184 701
430 325 86 1 315 135
431 450 517 1 454 557
432 372 693 1 383 734
433 177 228 1 173 282
434 139 1045 1 165 1091
435 432 879 1 451 916
436 396 943 1 417 981
437 83 192 1 81 249
438 131 987 1 155 1034
439 392 525 1 397 566
440 161 1056 1 186 1100
441 307 106 1 296 158
442 488 852 1 506 887
443 515 747 1 529 781
444 453 624 1 462 662
445 492 1031 1 518 1057
446 258 545 1 266 591
447 416 345 1 415 388
448 344 1038 1 369 1076
449 446 950 1 468 986
450 364 329 1 362 374
451 167 605 1 176 653
452 103 1231 1 136 1281
453 223 520 1 229 567
454 160 1147 1 191 1193
455 301 1103 1 329 1143
456 163 1005 1 188 1050
457 89 460 1 95 512
458 45 889 1 69 937
459 285 1109 1 315 1149
460 392 578 1 399 619
461 200 722 1 213 770
462 127 1046 1 154 1093
463 464 273 1 459 315
464 468 746 1 482 782
465 398 796 1 413 835
466 85 1093 1 114 1139
467 457 380 1 456 422
468 432 194 1 424 240
469 273 857 1 292 900
470 222 947 1 244 990
471 367 264 1 362 311
472 396 306 1 394 350
473 517 1114 1 546 1137
474 467 786 1 481 822
475 411 849 1 429 887
476 447 901 1 466 937
477 551 968 1 573 994
478 316 895 1 337 936
479 128 806 1 147 853
480 344 262 1 340 309
481 48 1182 1 82 1230
482 461 497 1 464 536
483 410 399 1 411 441
484 245 941 1 266 985
485 215 805 1 232 852
486 517 534 1 521 571
487 362 645 1 372 686
488 373 1155 1 403 1199
489 435 820 1 452 857
490 352 89 1 341 138
491 264 860 1 283 902
492 366 233 1 361 280
493 246 259 1 243 310
494 94 1068 1 123 1114
495 455 257 1 449 300
496 48 858 1 71 906
497 110 875 1 131 921
498 464 536 1 469 575
499 199 1072 1 227 1114
500 51 1095 1 82 1141
501 257 940 1 278 985
502 239 183 1 235 236
503 201 806 1 219 851
504 114 1116 1 143 1162
505 181 1135 1 212 1179
506 73 939 1 98 985
507 175 899 1 196 944
508 525 1026 1 551 1051
509 538 1095 1 565 1118
510 79 1008 1 105 1056
511 419 974 1 442 1012
512 308 1229 1 340 1276
513 269 462 1 273 509
514 401 1055 1 426 1093
515 133 1026 1 159 1073
516 371 1219 1 403 1262
517 460 571 1 466 609
518 409 1049 1 435 1085
519 378 1137 1 406 1181
520 405 1003 1 429 1041
521 495 823 1 511 857
522 257 1238 1 290 1285
523 80 1159 1 114 1205
524 326 1137 1 354 1182
525 395 743 1 407 783
526 459 1049 1 484 1084
527 140 874 1 161 920
528 367 933 1 388 973
529 189 1029 1 214 1072
530 347 986 1 370 1027
531 461 477 1 464 516
532 159 731 1 173 779
533 106 937 1 130 984
534 290 727 1 303 771
535 383 552 1 388 593
536 115 1082 1 146 1128
537 466 419 1 466 459
538 74 1139 1 106 1187
539 189 1067 1 216 1111
540 497 111 1 484 156
541 333 156 1 324 204
542 71 1149 1 103 1197
543 243 665 1 254 710
544 396 912 1 417 950
545 134 1131 1 165 1177
546 44 1148 1 77 1196
547 455 82 1 442 128
548 271 651 1 281 695
549 353 976 1 374 1018
550 395 401 1 396 444
551 220 872 1 241 915
552 575 653 1 584 684
553 413 807 1 429 845
554 182 846 1 202 892
555 436 496 1 439 536
556 128 1223 1 161 1271
557 375 1210 1 407 1252
558 90 1202 1 123 1249
559 433 889 1 452 926
560 362 903 1 383 942
561 289 434 1 291 480
562 98 875 1 120 922
563 70 955 1 97 1000
564 420 791 1 435 828
565 352 458 1 355 502
566 532 1144 1 561 1167
567 509 486 1 512 524
568 391 571 1 398 612
569 215 1023 1 241 1067
570 423 878 1 441 915
571 204 923 1 226 968
572 210 994 1 233 1041
573 107 900 1 128 947
574 148 1207 1 179 1255
575 463 549 1 468 588
576 184 362 1 185 413
577 88 1117 1 119 1163
578 472 74 1 459 120
579 362 991 1 385 1031
580 317 55 1 305 105
581 93 887 1 115 934
582 387 219 1 381 265
583 203 820 1 221 866
584 534 1052 1 560 1077
585 378 584 1 385 625
586 240 858 1 258 902
587 471 40 1 456 87
588 154 823 1 174 869
589 83 969 1 107 1016
590 282 813 1 298 858
591 394 181 1 387 227
592 202 241 1 199 293
593 402 962 1 424 1000
594 260 1123 1 290 1165
595 465 257 1 459 299
596 480 1021 1 505 1048
597 443 778 1 458 817
598 163 502 1 169 552
599 400 923 1 421 961
600 453 183 1 444 228
601 246 415 1 248 462
602 482 128 1 471 173
603 146 983 1 170 1030
604 365 525 1 370 568
605 466 182 1 458 226
606 413 646 1 422 686
607 170 1104 1 200 1148
608 347 42 1 335 95
609 569 1079 1 596 1100
610 362 664 1 371 705
611 453 92 1 441 138
612 122 1021 1 149 1067
613 290 823 1 305 868
614 439 102 1 427 148
615 339 520 1 344 564
616 393 811 1 410 850
617 107 845 1 127 891
618 355 1156 1 384 1200
619 115 853 1 135 900
620 120 843 1 141 890
621 345 835 1 363 876
622 424 1074 1 450 1112
623 174 878 1 195 924
624 55 1137 1 85 1186
625 413 919 1 433 956
626 309 813 1 325 856
627 540 893 1 559 921
628 56 1163 1 90 1210
629 200 1002 1 224 1047
630 597 712 1 607 739
631 103 1092 1 134 1137
632 445 153 1 434 198
633 429 711 1 441 750
634 442 1142 1 473 1170
635 383 1024 1 407 1061
636 252 901 1 272 944
637 293 889 1 313 931
638 100 205 1 98 262
639 158 789 1 174 837
640 163 802 1 181 848
641 344 1095 1 370 1138
642 170 1114 1 200 1158
643 182 648 1 193 696
644 244 888 1 263 932
645 231 236 1 227 288
646 171 544 1 178 593
647 233 883 1 253 927
648 417 721 1 429 760
649 478 196 1 469 240
650 451 473 1 453 513
651 504 901 1 524 934
652 303 894 1 323 935
653 405 576 1 411 617
654 248 1068 1 276 1110
655 458 103 1 446 149
656 125 868 1 145 915
657 461 68 1 448 114
658 311 158 1 303 207
659 202 986 1 226 1031
660 366 488 1 370 531
661 403 806 1 419 844
662 387 860 1 404 898
663 70 897 1 92 946
664 295 208 1 290 258
665 263 849 1 282 892
666 271 669 1 282 714
667 136 1155 1 169 1199
668 248 1109 1 277 1151
669 464 285 1 459 327
670 324 816 1 340 858
671 183 206 1 180 259
672 180 826 1 198 871
673 122 1191 1 152 1240
674 412 1109 1 440 1148
675 179 811 1 198 855
676 177 863 1 198 908
677 417 127 1 406 173
678 315 89 1 305 139
679 351 442 1 353 485
680 103 885 1 126 933
