0 337 1017 1 387 1046
1 369 1243 1 425 1268
2 400 44 1 419 78
3 417 370 1 448 399
4 417 355 1 448 383
5 323 647 1 362 676
6 413 303 1 442 332
7 458 1047 1 508 1060
8 376 1117 1 429 1142
9 408 540 1 443 566
10 396 355 1 427 384
11 187 220 1 214 259
12 409 45 1 430 79
13 461 80 1 481 112
14 397 370 1 427 399
15 417 380 1 447 409
16 422 396 1 453 424
17 370 1176 1 425 1201
18 444 103 1 464 134
19 435 626 1 473 652
20 242 328 1 273 363
21 380 1096 1 433 1121
22 413 441 1 446 469
23 428 646 1 468 671
24 225 279 1 255 315
25 237 395 1 270 429
26 327 629 1 366 658
27 141 354 1 174 392
28 441 578 1 477 603
29 280 308 1 311 343
30 260 125 1 284 160
31 443 854 1 489 876
32 431 99 1 452 130
33 408 850 1 453 874
34 298 235 1 326 270
35 457 848 1 503 870
36 25 939 1 79 972
37 382 1085 1 435 1110
38 230 222 1 258 259
39 43 1073 1 100 1102
40 160 938 1 211 968
41 305 216 1 330 251
42 419 775 1 463 800
43 279 323 1 309 357
44 152 668 1 194 701
45 409 464 1 443 492
46 241 840 1 286 870
47 421 712 1 462 737
48 417 684 1 458 710
49 464 820 1 508 842
50 443 217 1 467 247
51 261 263 1 289 299
52 142 369 1 175 407
53 327 970 1 376 996
54 403 558 1 439 585
55 148 1075 1 203 1106
56 458 838 1 503 861
57 146 416 1 181 453
58 298 256 1 326 291
59 373 1158 1 427 1183
60 384 1033 1 435 1057
61 451 643 1 490 666
62 170 893 1 221 922
63 209 291 1 239 328
64 260 416 1 294 449
65 431 701 1 472 726
66 371 704 1 412 732
67 143 275 1 174 315
68 455 145 1 477 175
69 390 994 1 440 1018
70 402 87 1 423 118
71 423 850 1 469 873
72 462 31 1 480 64
73 390 415 1 421 443
74 404 788 1 449 814
75 440 472 1 473 499
76 97 1227 1 157 1258
77 432 660 1 472 684
78 447 843 1 492 866
79 151 1066 1 205 1095
80 197 870 1 245 899
81 436 119 1 457 150
82 371 715 1 412 742
83 266 315 1 297 349
84 350 100 1 372 133
85 449 660 1 488 684
86 256 843 1 302 873
87 345 66 1 365 100
88 401 380 1 432 409
89 225 419 1 259 453
90 334 701 1 374 728
91 148 927 1 198 956
92 72 1215 1 131 1246
93 394 650 1 434 674
94 191 345 1 224 382
95 368 214 1 394 247
96 358 54 1 378 87
97 459 216 1 483 245
98 127 210 1 156 250
99 334 249 1 361 282
100 387 537 1 423 564
101 259 498 1 296 529
102 420 588 1 458 614
103 156 888 1 206 917
104 152 801 1 199 832
105 463 68 1 482 99
106 131 492 1 169 529
107 449 813 1 492 835
108 121 894 1 172 924
109 308 638 1 347 666
110 333 82 1 354 116
111 54 940 1 107 971
112 222 831 1 268 861
113 136 825 1 184 856
114 193 324 1 224 361
115 519 1140 1 570 1149
116 310 691 1 351 720
117 99 1104 1 156 1131
118 231 878 1 278 909
119 388 272 1 415 302
120 261 342 1 292 376
121 114 1235 1 173 1266
122 191 445 1 225 481
123 373 536 1 409 564
124 192 493 1 228 528
125 168 347 1 201 384
126 436 148 1 458 178
127 346 1241 1 405 1267
128 192 433 1 227 468
129 406 74 1 426 106
130 168 613 1 208 647
131 259 508 1 295 540
132 224 660 1 265 691
133 498 1144 1 550 1154
134 399 99 1 420 131
135 263 249 1 291 284
136 432 318 1 461 347
137 174 978 1 225 1008
138 34 1086 1 93 1115
139 34 1144 1 93 1174
140 375 840 1 421 864
141 240 237 1 268 274
142 249 409 1 283 443
143 167 493 1 204 528
144 369 108 1 391 140
145 136 460 1 172 498
146 263 238 1 290 274
147 449 229 1 474 257
148 224 675 1 266 705
149 391 397 1 423 426
150 192 850 1 238 879
151 168 450 1 204 486
152 95 925 1 147 956
153 269 806 1 313 836
154 261 330 1 292 365
155 193 614 1 233 647
156 104 978 1 157 1006
157 255 317 1 286 352
158 397 845 1 442 870
159 420 1077 1 472 1100
160 413 291 1 441 321
161 486 1132 1 538 1142
162 356 671 1 396 699
163 133 524 1 170 561
164 431 716 1 473 741
165 355 408 1 388 437
166 391 341 1 421 370
167 404 307 1 432 337
168 257 1241 1 316 1272
169 413 840 1 458 864
170 418 1067 1 470 1090
171 507 1142 1 559 1152
172 169 571 1 207 606
173 240 432 1 274 467
174 239 696 1 280 726
175 217 230 1 245 268
176 186 233 1 215 272
177 246 347 1 278 382
178 423 541 1 458 567
179 446 442 1 479 469
180 122 1083 1 178 1110
181 31 951 1 86 981
182 241 250 1 269 286
183 418 133 1 441 164
184 462 195 1 486 225
185 380 1023 1 432 1048
186 168 466 1 204 502
187 193 694 1 235 726
188 449 57 1 468 89
189 314 259 1 342 292
190 386 556 1 423 584
191 246 1240 1 304 1271
192 391 237 1 417 268
193 70 976 1 124 1006
194 332 450 1 365 480
195 388 461 1 421 489
196 54 929 1 107 960
197 286 107 1 309 142
198 75 913 1 127 944
199 149 406 1 183 443
200 168 365 1 200 403
201 307 648 1 346 676
202 192 366 1 225 403
203 442 92 1 462 123
204 138 1071 1 190 1103
205 417 695 1 457 721
206 374 1106 1 428 1131
207 48 1062 1 105 1092
208 395 148 1 418 179
209 386 316 1 415 346
210 402 729 1 443 755
211 397 540 1 433 567
212 279 180 1 304 214
213 221 765 1 266 796
214 420 817 1 465 841
215 241 450 1 277 484
216 172 884 1 221 912
217 449 69 1 468 101
218 385 580 1 423 608
219 138 584 1 177 620
220 193 646 1 234 680
221 119 1022 1 173 1050
222 416 640 1 455 666
223 426 1010 1 475 1034
224 337 567 1 374 596
225 308 705 1 350 732
226 398 751 1 440 777
227 24 1192 1 86 1218
228 429 435 1 461 463
229 326 910 1 374 935
230 73 1178 1 133 1205
231 346 910 1 394 935
232 489 1111 1 540 1121
233 367 1201 1 424 1227
234 393 294 1 421 324
235 120 1061 1 176 1088
236 308 91 1 329 125
237 376 271 1 404 303
238 427 874 1 472 897
239 170 713 1 213 746
240 118 987 1 171 1016
241 186 970 1 237 1000
242 423 765 1 465 790
243 122 401 1 156 440
244 400 861 1 446 885
245 421 802 1 466 825
246 424 274 1 451 303
247 313 333 1 343 366
248 437 804 1 480 827
249 463 105 1 483 136
250 328 682 1 369 711
251 411 864 1 457 887
252 332 619 1 371 647
253 413 311 1 441 341
254 261 696 1 303 726
255 117 609 1 157 645
256 265 187 1 291 221
257 190 765 1 235 795
258 238 735 1 281 765
259 433 32 1 451 64
260 89 1104 1 147 1132
261 331 438 1 364 469
262 384 375 1 416 405
263 308 587 1 346 617
264 61 550 1 102 587
265 192 588 1 232 622
266 399 1075 1 451 1098
267 192 570 1 230 604
268 307 714 1 349 744
269 102 190 1 132 233
270 73 1011 1 127 1042
271 240 268 1 269 304
272 169 527 1 206 562
273 391 1023 1 442 1048
274 95 1239 1 157 1265
275 408 396 1 440 424
276 234 369 1 267 404
277 323 576 1 361 605
278 473 33 1 491 66
279 374 858 1 419 882
280 188 811 1 235 840
281 169 586 1 208 621
282 112 1120 1 169 1149
283 543 1082 1 593 1091
284 109 466 1 146 504
285 132 906 1 183 936
286 137 835 1 186 866
287 183 244 1 212 282
288 334 260 1 361 292
289 331 466 1 366 496
290 401 1065 1 453 1086
291 138 1109 1 195 1136
292 311 439 1 345 470
293 405 190 1 429 221
294 206 832 1 253 862
295 78 213 1 109 256
296 192 467 1 227 501
297 242 1252 1 301 1283
298 169 510 1 206 545
299 391 177 1 415 208
300 53 1099 1 111 1128
301 455 46 1 473 78
302 384 435 1 416 464
303 128 1116 1 185 1141
304 357 1237 1 415 1263
305 470 55 1 488 86
306 32 1114 1 91 1142
307 376 828 1 421 852
308 210 200 1 238 238
309 434 414 1 466 441
310 107 1131 1 164 1159
311 313 344 1 343 376
312 310 465 1 344 496
313 319 586 1 357 616
314 169 646 1 211 680
315 159 910 1 208 942
316 409 99 1 430 130
317 310 450 1 344 480
318 421 899 1 469 923
319 451 246 1 477 275
320 375 910 1 423 935
321 369 285 1 397 316
322 350 419 1 383 449
323 133 569 1 173 605
324 168 325 1 199 362
325 215 659 1 256 692
326 116 956 1 167 986
327 309 570 1 346 599
328 394 115 1 416 145
329 631 810 1 664 820
330 64 1233 1 125 1261
331 341 45 1 362 80
332 346 928 1 394 953
333 291 214 1 318 250
334 100 1119 1 155 1147
335 27 1232 1 87 1260
336 420 941 1 468 964
337 159 848 1 207 877
338 313 360 1 344 392
339 374 571 1 411 598
340 159 229 1 188 268
341 450 802 1 493 824
342 423 863 1 469 886
343 385 1108 1 438 1132
344 28 915 1 80 945
345 514 1078 1 564 1091
346 332 351 1 364 382
347 505 1105 1 555 1115
348 30 1062 1 87 1092
349 119 883 1 170 914
350 167 433 1 201 468
351 347 82 1 368 115
352 423 153 1 446 183
353 101 203 1 131 245
354 417 66 1 437 98
355 485 1121 1 536 1131
356 422 421 1 454 448
357 441 305 1 468 333
358 64 1084 1 122 1112
359 117 197 1 146 239
360 405 1013 1 456 1038
361 209 765 1 254 796
362 82 1118 1 140 1146
363 384 1068 1 436 1092
364 142 603 1 181 638
365 369 1146 1 423 1172
366 315 80 1 339 120
367 91 972 1 144 1002
368 169 1027 1 222 1055
369 328 779 1 373 805
370 160 927 1 210 957
371 443 498 1 477 524
372 458 565 1 494 590
373 403 295 1 431 325
374 330 361 1 361 393
375 523 1123 1 573 1133
376 336 956 1 385 982
377 409 933 1 455 957
378 408 586 1 445 611
379 112 1249 1 172 1277
380 58 443 1 96 483
381 149 937 1 201 965
382 313 1232 1 370 1262
383 460 227 1 484 256
384 359 74 1 381 107
385 206 935 1 257 964
386 394 902 1 442 926
387 361 620 1 400 647
388 121 1174 1 180 1201
389 251 832 1 297 863
390 166 265 1 196 304
391 196 205 1 224 244
392 202 909 1 251 938
393 449 163 1 472 193
394 129 986 1 182 1015
395 457 1036 1 506 1050
396 361 633 1 400 659
397 136 895 1 186 925
398 398 924 1 446 948
399 117 1146 1 174 1176
400 166 947 1 216 977
401 184 980 1 236 1009
402 419 1225 1 474 1234
403 199 895 1 248 922
404 153 957 1 204 988
405 198 804 1 244 834
406 61 1122 1 119 1152
407 62 1221 1 122 1249
408 85 923 1 137 953
409 57 910 1 110 941
410 651 803 1 682 812
411 409 773 1 452 799
412 454 827 1 498 850
413 333 640 1 373 666
414 324 1006 1 375 1032
415 338 690 1 379 718
416 338 1055 1 391 1079
417 366 1055 1 419 1079
418 218 551 1 256 583
419 149 755 1 194 788
420 412 88 1 433 119
421 481 1062 1 531 1074
422 226 212 1 253 249
423 169 693 1 212 726
424 423 556 1 458 583
425 224 752 1 266 783
426 380 288 1 409 319
427 220 941 1 269 969
428 146 916 1 197 945
429 508 841 1 551 860
430 53 1087 1 111 1114
431 134 321 1 166 360
432 141 379 1 175 417
433 43 1052 1 99 1082
434 325 269 1 353 302
435 62 985 1 116 1016
436 410 963 1 459 987
437 420 949 1 468 973
438 361 1227 1 418 1254
439 418 995 1 468 1019
440 397 829 1 442 853
441 97 1149 1 155 1176
442 412 874 1 459 897
443 436 137 1 458 167
444 143 661 1 185 695
445 294 94 1 316 128
446 420 524 1 455 550
447 344 701 1 384 728
448 144 234 1 173 274
449 139 1028 1 193 1057
450 406 888 1 452 912
451 369 953 1 419 977
452 420 1139 1 474 1161
453 49 197 1 80 241
454 96 898 1 148 928
455 206 776 1 251 807
456 106 1094 1 163 1121
457 363 531 1 398 560
458 94 998 1 148 1028
459 462 860 1 508 882
460 488 755 1 531 776
461 424 630 1 463 655
462 470 1048 1 519 1060
463 169 931 1 219 960
464 228 553 1 266 585
465 385 351 1 416 381
466 380 1010 1 431 1037
467 318 1050 1 370 1074
468 76 1081 1 134 1108
469 421 958 1 469 982
470 333 335 1 363 367
471 136 612 1 177 647
472 76 1248 1 136 1279
473 192 527 1 230 561
474 169 913 1 220 942
475 135 927 1 187 957
476 276 1117 1 330 1141
477 56 467 1 94 506
478 410 1169 1 465 1195
479 73 924 1 126 955
480 259 1123 1 315 1148
481 362 584 1 400 612
482 170 731 1 214 764
483 99 1061 1 154 1090
484 433 278 1 460 307
485 440 753 1 484 777
486 371 805 1 415 830
487 54 1109 1 113 1137
488 427 386 1 457 414
489 401 199 1 425 231
490 245 868 1 293 896
491 193 959 1 244 987
492 335 270 1 363 303
493 366 312 1 395 342
494 496 1131 1 548 1141
495 440 794 1 483 817
496 384 858 1 430 882
497 421 909 1 468 932
498 529 981 1 575 995
499 289 905 1 338 932
500 97 817 1 146 849
501 313 268 1 340 302
502 431 502 1 465 529
503 380 405 1 412 434
504 217 952 1 267 981
505 204 229 1 231 266
506 489 540 1 523 565
507 333 652 1 373 680
508 349 1165 1 405 1193
509 408 829 1 453 853
510 320 96 1 342 130
511 235 871 1 283 899
512 334 239 1 362 272
513 214 265 1 243 302
514 424 263 1 451 292
515 318 1132 1 373 1159
516 435 542 1 470 568
517 171 1086 1 227 1113
518 142 1159 1 201 1185
519 229 951 1 279 980
520 207 189 1 234 227
521 185 828 1 233 858
522 171 817 1 218 847
523 153 1152 1 211 1178
524 131 1009 1 185 1035
525 41 955 1 95 984
526 504 1041 1 553 1053
527 517 1113 1 567 1122
528 49 1023 1 104 1053
529 394 983 1 443 1008
530 284 1240 1 342 1271
531 238 469 1 273 502
532 108 1021 1 163 1050
533 347 1230 1 404 1257
534 431 577 1 468 603
535 63 1100 1 122 1127
536 353 1147 1 408 1175
537 163 1044 1 216 1072
538 469 831 1 512 853
539 214 909 1 262 938
540 233 1252 1 291 1281
541 51 1179 1 112 1206
542 301 1147 1 356 1176
543 366 751 1 408 778
544 437 1061 1 486 1082
545 109 886 1 160 916
546 340 942 1 389 969
547 213 967 1 263 995
548 320 996 1 371 1023
549 431 482 1 465 509
550 129 740 1 174 773
551 76 951 1 129 981
552 261 735 1 304 766
553 352 558 1 389 587
554 96 942 1 148 972
555 436 425 1 468 452
556 45 1158 1 105 1186
557 161 1082 1 216 1109
558 465 117 1 486 147
559 69 1156 1 129 1183
560 301 162 1 325 196
561 42 1168 1 102 1196
562 213 673 1 255 704
563 370 922 1 418 946
564 88 1012 1 143 1040
565 423 89 1 443 120
566 242 659 1 282 689
567 326 984 1 376 1013
568 365 407 1 397 437
569 191 884 1 241 912
570 551 660 1 586 680
571 386 815 1 431 840
572 153 858 1 202 888
573 406 502 1 440 530
574 97 1171 1 157 1197
575 351 1221 1 409 1248
576 407 897 1 453 921
577 335 913 1 383 938
578 257 440 1 292 473
579 67 888 1 118 919
580 38 970 1 94 999
581 393 799 1 436 823
582 321 465 1 356 495
583 512 1162 1 563 1171
584 76 1129 1 133 1157
585 480 492 1 513 517
586 84 1204 1 143 1233
587 361 577 1 399 605
588 396 887 1 443 911
589 348 591 1 386 620
590 183 1006 1 234 1036
591 24 883 1 74 916
592 129 552 1 168 588
593 434 555 1 470 581
594 153 368 1 185 406
595 59 1133 1 118 1162
596 440 80 1 460 111
597 336 1001 1 386 1027
598 285 62 1 306 97
599 62 900 1 113 931
600 356 224 1 382 257
601 173 832 1 220 862
602 513 1068 1 562 1080
603 33 1210 1 94 1239
604 210 867 1 258 897
605 439 45 1 457 78
606 124 835 1 173 865
607 52 983 1 106 1014
608 254 821 1 299 852
609 363 186 1 387 219
610 170 247 1 199 285
611 376 972 1 425 996
612 234 1138 1 290 1163
613 435 262 1 460 291
614 416 785 1 459 811
615 131 510 1 169 545
616 374 932 1 422 957
617 422 188 1 445 220
618 215 421 1 249 455
619 450 134 1 472 164
620 335 532 1 371 561
621 433 188 1 459 218
622 384 653 1 424 679
623 142 1121 1 199 1147
624 315 48 1 335 85
625 30 1009 1 86 1040
626 550 1097 1 598 1105
627 129 859 1 179 888
628 333 671 1 373 699
629 233 1241 1 291 1272
630 213 858 1 261 886
631 262 831 1 307 862
632 407 109 1 428 140
633 309 527 1 345 557
634 366 820 1 411 845
635 331 1165 1 386 1194
636 84 865 1 134 897
637 89 855 1 139 886
638 318 844 1 364 871
639 399 1084 1 452 1108
640 144 890 1 195 920
641 280 1011 1 331 1037
642 25 1154 1 84 1184
643 386 928 1 434 952
644 281 821 1 326 851
645 516 904 1 561 920
646 27 1183 1 88 1210
647 174 1014 1 225 1044
648 574 721 1 610 737
649 74 1108 1 133 1136
650 413 159 1 436 190
651 401 717 1 442 744
652 420 1161 1 474 1173
653 357 1035 1 408 1058
654 224 911 1 272 940
655 265 900 1 313 927
656 322 955 1 371 984
657 67 210 1 97 253
658 129 799 1 175 831
659 132 813 1 180 844
660 142 1130 1 200 1156
661 152 657 1 194 690
662 216 897 1 264 927
663 199 242 1 227 280
664 139 551 1 179 587
665 389 728 1 431 754
666 447 201 1 471 231
667 420 479 1 454 506
668 479 911 1 526 931
669 275 904 1 324 932
670 375 583 1 413 610
671 221 1083 1 275 1108
672 426 109 1 447 140
673 191 503 1 227 537
674 95 880 1 145 911
675 429 75 1 449 106
676 279 164 1 304 199
677 173 998 1 226 1027
678 336 495 1 371 524
679 376 815 1 420 839
680 359 869 1 405 894
681 201 822 1 248 851
682 263 214 1 290 250
683 234 859 1 283 888
684 241 676 1 283 708
685 28 1243 1 90 1273
686 222 1124 1 277 1149
687 433 291 1 461 319
688 296 824 1 341 852
689 150 212 1 180 251
690 39 1227 1 101 1254
691 94 1206 1 153 1237
692 149 821 1 197 852
693 148 875 1 197 904
694 385 133 1 407 165
695 283 96 1 306 132
696 321 448 1 354 478
697 72 898 1 124 930
