0 342 1031 1 392 1035
1 472 1076 1 517 1066
2 382 53 1 422 60
3 407 379 1 452 384
4 407 364 1 452 369
5 319 660 1 366 664
6 402 311 1 446 317
7 389 1114 1 438 1114
8 384 1135 1 434 1135
9 402 550 1 447 554
10 386 364 1 430 369
11 172 234 1 216 244
12 391 53 1 432 61
13 444 87 1 484 94
14 387 379 1 431 384
15 408 389 1 451 394
16 412 405 1 456 410
17 380 1195 1 430 1195
18 427 111 1 468 117
19 431 636 1 477 640
20 230 340 1 274 347
21 341 62 1 381 71
22 64 1089 1 119 1087
23 405 450 1 450 455
24 426 656 1 472 659
25 212 292 1 256 300
26 226 407 1 272 415
27 323 642 1 370 646
28 129 369 1 175 378
29 437 588 1 481 591
30 268 319 1 313 327
31 243 138 1 285 145
32 447 868 1 495 868
33 415 107 1 455 113
34 410 865 1 458 866
35 285 246 1 328 254
36 461 862 1 509 862
37 44 1103 1 100 1100
38 390 1103 1 440 1103
39 216 235 1 259 244
40 160 961 1 213 962
41 241 854 1 290 859
42 291 228 1 333 236
43 420 787 1 467 790
44 154 1092 1 207 1090
45 267 334 1 311 342
46 148 684 1 196 690
47 402 474 1 447 479
48 99 1133 1 157 1129
49 420 723 1 467 726
50 415 695 1 463 698
51 467 833 1 514 834
52 429 225 1 471 231
53 248 275 1 291 284
54 131 384 1 176 393
55 332 988 1 381 989
56 398 569 1 443 573
57 36 1118 1 92 1113
58 462 852 1 509 853
59 136 432 1 182 440
60 285 267 1 329 275
61 382 1177 1 432 1177
62 147 1171 1 200 1170
63 449 653 1 495 655
64 196 305 1 240 314
65 250 429 1 296 435
66 430 713 1 476 715
67 369 716 1 416 720
68 130 291 1 175 300
69 440 153 1 481 158
70 396 1010 1 445 1010
71 203 928 1 253 930
72 385 98 1 426 103
73 426 864 1 474 865
74 444 38 1 484 45
75 381 424 1 425 429
76 404 800 1 453 803
77 433 481 1 477 486
78 430 671 1 476 673
79 67 1201 1 122 1197
80 450 857 1 497 858
81 420 127 1 460 133
82 369 727 1 416 731
83 254 326 1 298 334
84 333 112 1 374 117
85 447 671 1 493 673
86 47 1118 1 103 1114
87 327 78 1 368 85
88 392 389 1 435 395
89 216 433 1 261 440
90 332 714 1 378 717
91 69 961 1 123 960
92 56 1254 1 111 1250
93 391 661 1 438 663
94 180 359 1 225 368
95 355 223 1 397 231
96 170 822 1 220 824
97 120 1049 1 174 1047
98 446 223 1 487 229
99 111 224 1 156 235
100 321 260 1 364 267
101 381 548 1 426 552
102 251 511 1 298 517
103 416 598 1 462 602
104 156 910 1 208 911
105 158 822 1 209 825
106 446 75 1 485 81
107 123 509 1 170 517
108 451 826 1 498 827
109 120 917 1 173 917
110 304 651 1 350 655
111 315 94 1 356 101
112 38 1188 1 94 1184
113 133 847 1 185 848
114 181 338 1 226 347
115 536 1173 1 582 1159
116 308 705 1 354 709
117 375 281 1 419 287
118 250 355 1 294 362
119 179 791 1 227 795
120 181 460 1 227 468
121 367 547 1 413 551
122 183 508 1 230 516
123 157 362 1 202 371
124 420 156 1 461 162
125 27 968 1 82 967
126 182 447 1 228 455
127 388 84 1 428 91
128 163 629 1 210 635
129 251 522 1 297 528
130 220 676 1 268 680
131 514 1177 1 560 1164
132 382 110 1 423 116
133 249 261 1 292 269
134 52 1225 1 109 1219
135 257 858 1 306 862
136 173 915 1 223 915
137 37 1176 1 93 1172
138 378 855 1 425 856
139 226 250 1 270 259
140 239 422 1 285 429
141 51 1091 1 105 1088
142 159 509 1 205 516
143 352 119 1 394 125
144 127 477 1 173 485
145 249 250 1 292 258
146 436 236 1 478 241
147 221 690 1 268 694
148 382 406 1 426 412
149 159 465 1 205 474
150 261 847 1 310 851
151 269 821 1 317 825
152 250 342 1 294 351
153 188 630 1 236 635
154 243 328 1 288 336
155 399 860 1 447 862
156 429 1095 1 478 1095
157 402 300 1 444 306
158 502 1165 1 548 1152
159 353 684 1 399 687
160 389 823 1 436 827
161 125 541 1 172 549
162 431 727 1 477 730
163 346 418 1 391 424
164 380 350 1 424 356
165 392 316 1 435 322
166 79 1240 1 134 1240
167 54 955 1 107 954
168 416 855 1 463 856
169 426 1085 1 476 1084
170 524 1175 1 570 1162
171 162 587 1 209 594
172 230 446 1 276 453
173 235 711 1 282 715
174 203 243 1 246 252
175 172 247 1 216 257
176 235 360 1 280 368
177 200 819 1 250 821
178 418 551 1 462 555
179 438 450 1 483 455
180 270 121 1 311 128
181 452 1077 1 500 1074
182 84 1174 1 138 1173
183 227 262 1 270 271
184 402 142 1 444 148
185 449 202 1 490 208
186 387 1040 1 437 1040
187 159 482 1 205 490
188 190 711 1 238 715
189 432 64 1 471 71
190 301 269 1 344 277
191 31 1132 1 88 1131
192 381 567 1 427 571
193 63 1163 1 118 1159
194 377 246 1 420 252
195 323 461 1 368 467
196 380 471 1 425 476
197 74 937 1 128 938
198 139 421 1 184 430
199 221 782 1 269 786
200 157 380 1 202 389
201 303 661 1 349 665
202 181 381 1 227 389
203 425 100 1 465 106
204 528 1097 1 574 1086
205 415 707 1 462 709
206 383 1124 1 433 1124
207 140 1117 1 193 1115
208 380 157 1 421 164
209 375 325 1 418 331
210 401 741 1 448 744
211 392 550 1 437 554
212 167 994 1 218 994
213 391 1086 1 441 1086
214 422 831 1 470 833
215 77 1139 1 133 1134
216 232 464 1 279 471
217 171 905 1 222 906
218 432 77 1 472 83
219 380 591 1 426 596
220 131 601 1 179 609
221 188 663 1 237 669
222 207 949 1 258 950
223 413 651 1 459 654
224 432 1026 1 480 1026
225 332 579 1 377 584
226 306 718 1 353 721
227 398 763 1 444 766
228 421 444 1 465 449
229 329 927 1 378 928
230 349 927 1 398 928
231 505 1142 1 550 1130
232 56 1118 1 112 1115
233 378 1219 1 429 1220
234 382 302 1 425 309
235 116 977 1 169 979
236 291 104 1 332 111
237 364 281 1 407 287
238 431 888 1 477 889
239 168 730 1 216 735
240 119 1011 1 172 1011
241 149 821 1 200 824
242 423 777 1 470 780
243 111 417 1 157 427
244 403 876 1 451 877
245 423 816 1 471 816
246 411 282 1 454 288
247 302 345 1 346 351
248 439 818 1 486 819
249 446 113 1 487 119
250 326 695 1 372 699
251 414 878 1 462 879
252 327 632 1 375 635
253 401 320 1 445 326
254 259 711 1 306 715
255 110 626 1 159 634
256 252 199 1 293 207
257 102 1004 1 157 1002
258 236 750 1 284 754
259 414 41 1 454 47
260 147 949 1 200 950
261 322 450 1 367 456
262 375 385 1 419 390
263 302 600 1 349 605
264 132 930 1 184 930
265 153 1068 1 205 1067
266 52 569 1 102 576
267 187 604 1 234 611
268 407 1093 1 457 1092
269 185 586 1 233 592
270 305 729 1 353 733
271 167 971 1 218 971
272 86 205 1 131 217
273 227 281 1 271 289
274 161 542 1 208 550
275 398 1039 1 447 1040
276 399 405 1 444 410
277 223 382 1 268 390
278 318 588 1 364 592
279 455 40 1 494 47
280 150 984 1 202 984
281 376 873 1 424 874
282 163 602 1 210 610
283 443 1102 1 493 1100
284 561 1113 1 606 1100
285 100 483 1 147 491
286 114 1183 1 167 1181
287 135 856 1 187 859
288 169 258 1 213 267
289 321 270 1 364 277
290 323 477 1 369 483
291 409 1085 1 458 1082
292 142 1138 1 196 1134
293 302 451 1 347 457
294 390 198 1 432 205
295 63 229 1 108 240
296 183 481 1 229 489
297 408 1055 1 457 1053
298 161 526 1 208 533
299 376 186 1 418 192
300 67 1131 1 122 1126
301 437 53 1 476 60
302 375 445 1 419 451
303 77 1198 1 132 1194
304 133 1153 1 187 1150
305 345 1077 1 395 1075
306 452 62 1 492 68
307 469 1066 1 515 1055
308 56 1056 1 111 1055
309 378 843 1 426 844
310 195 213 1 239 222
311 425 423 1 470 428
312 301 355 1 346 362
313 302 477 1 347 483
314 314 599 1 360 604
315 164 662 1 213 669
316 159 931 1 210 933
317 392 110 1 433 115
318 301 462 1 347 467
319 426 914 1 474 915
320 439 254 1 481 260
321 379 927 1 428 928
322 130 1052 1 183 1051
323 357 294 1 400 301
324 341 429 1 386 435
325 126 586 1 174 593
326 155 339 1 200 348
327 211 675 1 258 680
328 125 1109 1 180 1107
329 303 582 1 349 587
330 651 832 1 685 822
331 177 997 1 228 999
332 323 57 1 364 64
333 349 945 1 398 946
334 276 226 1 320 234
335 55 1130 1 111 1126
336 425 956 1 474 956
337 157 870 1 208 870
338 301 371 1 347 378
339 369 582 1 415 586
340 145 243 1 189 253
341 452 815 1 499 816
342 427 877 1 474 878
343 393 1126 1 443 1126
344 331 1000 1 380 1003
345 322 362 1 366 368
346 521 1137 1 566 1123
347 118 906 1 170 907
348 157 448 1 203 455
349 330 94 1 371 100
350 408 161 1 449 167
351 85 218 1 131 229
352 399 76 1 440 82
353 501 1154 1 547 1140
354 186 933 1 237 935
355 414 429 1 458 434
356 429 312 1 472 318
357 102 212 1 146 223
358 54 945 1 108 946
359 136 620 1 183 627
360 378 1165 1 428 1165
361 168 1113 1 222 1109
362 134 919 1 186 919
363 328 793 1 376 796
364 437 507 1 481 511
365 454 575 1 499 578
366 391 304 1 434 310
367 320 372 1 364 379
368 540 1155 1 585 1142
369 122 1039 1 175 1039
370 341 974 1 389 974
371 30 1095 1 86 1090
372 414 949 1 460 950
373 403 596 1 449 599
374 67 1216 1 123 1213
375 47 461 1 96 470
376 53 967 1 107 966
377 149 960 1 202 960
378 324 1250 1 375 1252
379 447 234 1 488 240
380 342 86 1 384 92
381 399 196 1 441 202
382 398 918 1 447 919
383 357 632 1 403 635
384 252 849 1 301 852
385 152 280 1 197 289
386 181 218 1 224 228
387 116 1230 1 171 1229
388 435 171 1 476 176
389 31 1215 1 88 1211
390 132 939 1 184 941
391 358 645 1 404 648
392 402 940 1 451 940
393 157 1111 1 209 1112
394 38 1237 1 95 1232
395 199 915 1 250 916
396 101 1040 1 154 1039
397 54 1214 1 110 1210
398 54 936 1 109 936
399 674 826 1 706 815
400 409 785 1 456 788
401 457 841 1 503 842
402 145 911 1 197 912
403 329 652 1 376 654
404 330 1023 1 379 1024
405 336 703 1 382 707
406 374 1076 1 424 1075
407 211 566 1 258 571
408 147 773 1 196 777
409 395 98 1 436 103
410 495 1092 1 541 1081
411 211 225 1 254 234
412 166 710 1 214 715
413 418 566 1 462 570
414 222 768 1 269 772
415 368 297 1 412 304
416 123 1173 1 176 1171
417 146 937 1 198 939
418 515 858 1 560 856
419 121 337 1 167 346
420 130 395 1 176 403
421 44 1080 1 99 1078
422 312 280 1 355 287
423 416 979 1 464 980
424 425 965 1 474 965
425 372 1247 1 423 1246
426 425 1011 1 473 1012
427 399 843 1 447 845
428 145 923 1 197 924
429 416 888 1 464 889
430 420 145 1 461 151
431 138 678 1 187 684
432 277 107 1 318 114
433 414 533 1 459 538
434 341 714 1 388 717
435 130 249 1 174 260
436 142 1053 1 195 1052
437 409 903 1 457 904
438 374 969 1 423 970
439 431 1159 1 480 1157
440 32 213 1 79 225
441 96 920 1 148 922
442 205 793 1 253 797
443 108 1124 1 164 1119
444 356 542 1 402 547
445 466 873 1 513 874
446 491 767 1 537 768
447 421 640 1 467 644
448 337 1086 1 388 1087
449 221 567 1 268 573
450 375 360 1 419 366
451 386 1027 1 435 1029
452 325 1072 1 374 1070
453 78 1111 1 133 1107
454 426 974 1 475 974
455 322 346 1 366 353
456 131 630 1 179 636
457 182 859 1 232 861
458 124 1220 1 179 1217
459 185 542 1 232 549
460 209 782 1 257 786
461 136 950 1 188 950
462 45 485 1 94 493
463 215 926 1 265 929
464 266 1149 1 318 1145
465 357 596 1 403 600
466 168 748 1 217 753
467 421 286 1 464 291
468 441 765 1 489 767
469 117 1149 1 171 1146
470 418 394 1 461 400
471 386 208 1 428 215
472 246 886 1 296 888
473 195 981 1 246 981
474 264 194 1 307 200
475 248 835 1 297 840
476 323 281 1 366 288
477 354 321 1 398 327
478 512 1164 1 558 1151
479 442 808 1 488 809
480 387 873 1 435 874
481 425 924 1 473 925
482 542 1004 1 586 997
483 291 923 1 341 925
484 93 841 1 146 842
485 99 1143 1 154 1139
486 300 279 1 343 287
487 424 511 1 469 516
488 370 415 1 416 420
489 219 970 1 270 972
490 189 242 1 233 251
491 485 548 1 529 552
492 330 665 1 377 668
493 360 1181 1 410 1183
494 209 959 1 260 960
495 411 844 1 458 845
496 115 1058 1 168 1058
497 48 1185 1 104 1181
498 55 923 1 108 924
499 321 249 1 364 256
500 200 279 1 244 287
501 88 1139 1 144 1137
502 411 271 1 454 277
503 46 1201 1 102 1195
504 326 1150 1 377 1151
505 429 552 1 475 556
506 85 1076 1 140 1074
507 429 565 1 474 569
508 192 201 1 235 211
509 169 838 1 219 840
510 159 1181 1 213 1176
511 379 820 1 425 822
512 282 1062 1 333 1062
513 108 909 1 159 910
514 518 1069 1 563 1058
515 534 1144 1 579 1131
516 120 933 1 173 934
517 229 483 1 275 489
518 111 1048 1 164 1046
519 141 1015 1 193 1015
520 113 1244 1 167 1245
521 426 587 1 472 590
522 120 1098 1 174 1096
523 363 1163 1 413 1166
524 165 1069 1 217 1067
525 472 844 1 518 845
526 191 904 1 242 905
527 35 1158 1 91 1155
528 88 900 1 140 902
529 310 1164 1 361 1166
530 366 763 1 412 767
531 98 1109 1 152 1107
532 65 972 1 119 972
533 344 960 1 394 962
534 214 987 1 266 988
535 326 1013 1 375 1015
536 185 847 1 235 850
537 27 992 1 83 992
538 424 492 1 469 496
539 126 759 1 176 763
540 66 1010 1 120 1009
541 259 750 1 307 755
542 347 570 1 392 574
543 177 943 1 228 944
544 427 434 1 472 438
545 57 1203 1 112 1197
546 399 818 1 446 819
547 449 124 1 489 130
548 73 1186 1 129 1182
549 286 175 1 328 182
550 110 990 1 163 989
551 431 1194 1 479 1181
552 209 689 1 257 693
553 374 938 1 422 939
554 28 958 1 82 958
555 406 98 1 446 104
556 238 674 1 285 678
557 57 1020 1 111 1020
558 356 417 1 400 423
559 231 862 1 281 865
560 557 672 1 598 671
561 152 880 1 203 881
562 399 512 1 444 517
563 131 960 1 183 961
564 235 892 1 285 892
565 130 1130 1 184 1127
566 135 867 1 187 869
567 410 912 1 458 914
568 339 930 1 388 931
569 249 453 1 294 460
570 64 913 1 118 913
571 178 884 1 230 884
572 64 941 1 117 942
573 313 477 1 359 482
574 530 1196 1 575 1182
575 475 499 1 519 503
576 37 929 1 92 929
577 311 269 1 354 276
578 357 589 1 402 593
579 376 1015 1 425 1016
580 399 902 1 447 903
581 122 1076 1 175 1076
582 343 603 1 390 608
583 358 1249 1 409 1250
584 409 817 1 456 819
585 122 569 1 170 576
586 141 383 1 186 392
587 55 1108 1 110 1104
588 423 88 1 463 94
589 341 1018 1 391 1019
590 267 76 1 308 83
591 309 839 1 357 842
592 342 234 1 385 242
593 171 853 1 222 855
594 421 53 1 461 60
595 121 857 1 173 858
596 38 1053 1 93 1052
597 361 1239 1 412 1239
598 95 939 1 148 939
599 348 195 1 390 202
600 156 261 1 200 271
601 382 989 1 430 989
602 241 1164 1 293 1161
603 422 270 1 464 276
604 416 797 1 464 800
605 123 526 1 171 533
606 378 948 1 427 949
607 112 1138 1 166 1133
608 206 435 1 251 442
609 435 142 1 476 147
610 328 544 1 374 549
611 46 1151 1 102 1147
612 381 664 1 428 668
613 146 1150 1 200 1146
614 297 58 1 337 67
615 30 1037 1 86 1036
616 568 1128 1 612 1114
617 127 881 1 179 882
618 330 684 1 376 688
619 213 877 1 263 879
620 302 539 1 348 545
621 367 836 1 415 837
622 482 1079 1 527 1068
623 340 1182 1 390 1184
624 82 890 1 134 890
625 87 878 1 139 880
626 321 861 1 368 862
627 407 1102 1 457 1102
628 188 878 1 238 881
629 283 1032 1 335 1032
630 419 523 1 464 527
631 179 1101 1 232 1100
632 391 945 1 439 945
633 280 836 1 330 840
634 526 923 1 570 918
635 36 1003 1 92 1001
636 585 735 1 625 732
637 398 169 1 439 174
638 400 729 1 446 733
639 225 937 1 276 938
640 362 1055 1 413 1054
641 396 1240 1 447 1240
642 267 919 1 316 920
643 326 969 1 375 973
644 51 226 1 97 238
645 127 818 1 177 821
646 129 835 1 181 837
647 356 98 1 397 104
648 148 1158 1 201 1154
649 147 674 1 196 679
650 185 256 1 229 265
651 132 568 1 180 575
652 56 977 1 110 976
653 388 740 1 435 743
654 433 208 1 474 215
655 413 488 1 458 493
656 485 926 1 532 925
657 277 923 1 327 924
658 371 594 1 416 598
659 227 1108 1 278 1105
660 410 118 1 450 124
661 183 517 1 229 525
662 332 1120 1 383 1119
663 412 84 1 452 90
664 264 177 1 306 184
665 219 947 1 269 949
666 329 506 1 374 512
667 377 830 1 425 831
668 204 980 1 255 981
669 362 884 1 409 886
670 200 841 1 250 843
671 249 225 1 292 234
672 235 878 1 285 880
673 238 692 1 286 696
674 146 1025 1 199 1027
675 221 847 1 271 851
676 228 1151 1 280 1147
677 422 299 1 464 304
678 297 839 1 345 842
679 136 225 1 180 236
680 146 844 1 197 845
681 147 897 1 198 898
682 370 144 1 410 150
683 266 110 1 308 117
684 312 459 1 357 465
685 70 923 1 124 924
