0 346 1030 1 392 1034
1 476 1077 1 519 1066
2 383 50 1 423 58
3 409 377 1 452 383
4 409 362 1 452 367
5 322 659 1 366 663
6 404 309 1 446 315
7 393 1113 1 439 1113
8 388 1134 1 435 1135
9 405 548 1 447 552
10 388 362 1 430 368
11 173 233 1 216 242
12 392 51 1 433 59
13 445 85 1 485 92
14 389 377 1 431 383
15 409 387 1 452 393
16 414 404 1 457 409
17 384 1194 1 431 1194
18 428 109 1 468 115
19 434 635 1 478 638
20 232 338 1 275 346
21 341 60 1 381 69
22 68 1089 1 120 1086
23 407 449 1 450 454
24 429 655 1 473 658
25 213 291 1 257 299
26 228 406 1 272 413
27 326 641 1 370 645
28 132 369 1 176 377
29 439 586 1 482 590
30 269 318 1 313 325
31 244 136 1 286 144
32 450 867 1 496 868
33 416 105 1 456 111
34 414 864 1 459 865
35 286 245 1 328 253
36 464 861 1 510 861
37 48 1104 1 100 1099
38 394 1102 1 441 1103
39 217 234 1 259 242
40 164 961 1 213 961
41 245 853 1 290 858
42 292 226 1 333 234
43 423 786 1 468 789
44 158 1091 1 208 1089
45 268 333 1 312 340
46 150 684 1 197 688
47 404 472 1 448 477
48 103 1133 1 157 1129
49 423 722 1 467 725
50 418 694 1 463 697
51 471 832 1 515 833
52 431 223 1 471 229
53 250 274 1 292 282
54 132 384 1 177 392
55 335 988 1 381 988
56 400 567 1 444 571
57 39 1118 1 92 1113
58 465 851 1 510 852
59 138 431 1 183 439
60 286 266 1 329 273
61 386 1176 1 433 1176
62 150 1170 1 200 1169
63 452 652 1 495 653
64 198 304 1 241 312
65 252 427 1 296 433
66 433 711 1 477 714
67 372 715 1 416 719
68 131 290 1 175 299
69 441 150 1 481 156
70 400 1009 1 446 1010
71 206 927 1 254 929
72 386 96 1 426 101
73 430 863 1 475 864
74 445 35 1 484 43
75 383 423 1 425 428
76 408 799 1 454 802
77 435 479 1 478 484
78 432 669 1 477 672
79 70 1202 1 123 1197
80 454 856 1 498 857
81 421 125 1 461 131
82 372 726 1 416 730
83 255 325 1 299 332
84 334 110 1 374 116
85 450 669 1 494 671
86 50 1118 1 103 1114
87 328 77 1 368 83
88 394 387 1 436 393
89 218 432 1 261 438
90 335 713 1 379 716
91 71 960 1 123 960
92 59 1255 1 112 1249
93 394 659 1 438 661
94 182 358 1 225 366
95 356 222 1 398 229
96 173 821 1 221 823
97 123 1050 1 174 1046
98 447 221 1 488 227
99 112 223 1 157 233
100 322 258 1 364 265
101 384 546 1 427 550
102 253 510 1 299 515
103 419 597 1 463 601
104 159 910 1 208 910
105 83 1240 1 134 1239
106 447 73 1 486 79
107 125 508 1 171 515
108 454 825 1 499 826
109 123 917 1 174 917
110 307 650 1 351 654
111 316 93 1 356 100
112 41 1188 1 94 1184
113 136 847 1 185 847
114 182 337 1 226 345
115 541 1174 1 584 1160
116 311 704 1 355 707
117 377 279 1 419 286
118 251 353 1 295 361
119 182 790 1 228 794
120 183 459 1 227 466
121 369 545 1 413 550
122 186 507 1 231 514
123 158 361 1 202 369
124 421 154 1 462 160
125 30 968 1 82 967
126 184 446 1 229 453
127 389 82 1 429 89
128 165 628 1 211 634
129 253 521 1 298 526
130 223 675 1 269 679
131 519 1178 1 562 1165
132 383 108 1 423 114
133 251 260 1 293 268
134 56 1225 1 110 1218
135 57 1131 1 111 1126
136 260 857 1 306 861
137 176 914 1 223 915
138 381 854 1 426 855
139 228 249 1 270 257
140 241 421 1 285 428
141 163 822 1 209 824
142 54 1091 1 105 1088
143 161 508 1 206 514
144 353 117 1 394 123
145 129 476 1 174 484
146 250 249 1 293 257
147 438 234 1 478 240
148 224 689 1 269 693
149 384 405 1 427 410
150 161 465 1 206 472
151 265 846 1 311 850
152 272 820 1 317 824
153 251 341 1 294 349
154 190 629 1 236 634
155 244 327 1 288 335
156 403 859 1 448 861
157 433 1094 1 479 1094
158 403 298 1 444 304
159 506 1166 1 550 1153
160 355 682 1 400 686
161 392 822 1 437 826
162 127 540 1 172 547
163 434 726 1 478 729
164 348 417 1 391 422
165 382 348 1 425 354
166 394 314 1 436 320
167 419 854 1 464 855
168 430 1084 1 477 1084
169 529 1176 1 572 1163
170 164 587 1 210 593
171 232 445 1 276 452
172 238 710 1 283 713
173 204 242 1 247 251
174 173 246 1 217 255
175 237 358 1 281 366
176 203 818 1 251 820
177 420 549 1 463 553
178 440 449 1 483 454
179 271 120 1 311 126
180 455 1076 1 501 1073
181 88 1174 1 138 1172
182 228 261 1 271 269
183 404 141 1 444 146
184 450 200 1 490 206
185 391 1039 1 437 1040
186 161 481 1 206 488
187 193 710 1 238 714
188 433 62 1 472 69
189 302 268 1 344 275
190 35 1132 1 88 1130
191 383 565 1 428 570
192 67 1164 1 119 1159
193 379 244 1 421 250
194 325 460 1 368 466
195 382 469 1 425 474
196 77 938 1 128 937
197 141 421 1 185 429
198 224 781 1 269 784
199 158 379 1 202 387
200 305 660 1 350 664
201 183 380 1 227 387
202 426 98 1 466 104
203 532 1098 1 575 1087
204 418 705 1 462 708
205 387 1123 1 434 1124
206 143 1118 1 193 1115
207 381 155 1 422 162
208 376 324 1 419 330
209 404 740 1 448 743
210 394 548 1 438 553
211 170 993 1 218 993
212 395 1085 1 442 1085
213 425 830 1 471 832
214 80 1140 1 133 1134
215 234 463 1 279 470
216 174 905 1 223 905
217 433 74 1 472 81
218 383 590 1 427 595
219 134 601 1 180 608
220 191 662 1 237 667
221 210 949 1 258 949
222 416 649 1 460 653
223 436 1025 1 481 1025
224 334 578 1 378 583
225 309 717 1 354 720
226 401 761 1 445 765
227 423 443 1 465 448
228 332 926 1 378 927
229 353 926 1 398 927
230 509 1143 1 552 1130
231 59 1118 1 112 1115
232 382 1218 1 429 1219
233 383 301 1 425 307
234 119 977 1 169 978
235 292 103 1 332 109
236 365 279 1 407 286
237 434 887 1 478 888
238 171 730 1 216 734
239 168 1069 1 218 1067
240 152 821 1 200 823
241 426 776 1 471 779
242 113 417 1 158 425
243 406 875 1 452 876
244 426 815 1 472 815
245 413 280 1 455 286
246 147 1077 1 197 1074
247 303 343 1 346 350
248 442 816 1 487 818
249 448 110 1 487 117
250 329 694 1 373 698
251 418 877 1 463 878
252 330 631 1 375 634
253 403 318 1 445 325
254 262 710 1 306 713
255 113 626 1 159 632
256 253 198 1 294 205
257 105 1004 1 157 1002
258 239 749 1 285 753
259 415 38 1 454 45
260 150 949 1 200 949
261 324 448 1 368 454
262 376 383 1 420 389
263 305 599 1 349 603
264 135 930 1 184 930
265 156 1067 1 205 1066
266 54 568 1 102 574
267 189 603 1 234 609
268 411 1092 1 458 1092
269 188 585 1 233 591
270 308 727 1 353 732
271 170 970 1 219 970
272 87 204 1 131 215
273 229 280 1 271 288
274 164 541 1 209 548
275 401 1038 1 448 1039
276 400 404 1 444 409
277 224 381 1 268 388
278 321 586 1 365 591
279 456 37 1 495 44
280 153 983 1 203 984
281 379 872 1 425 873
282 166 602 1 211 609
283 447 1101 1 494 1099
284 565 1114 1 608 1100
285 102 482 1 147 490
286 117 1184 1 168 1180
287 138 856 1 187 858
288 121 896 1 169 896
289 170 257 1 213 266
290 323 268 1 365 276
291 325 476 1 369 481
292 413 1084 1 459 1082
293 145 1138 1 196 1134
294 304 449 1 348 455
295 392 196 1 432 204
296 64 228 1 108 238
297 185 480 1 229 487
298 412 1054 1 457 1052
299 163 525 1 208 531
300 377 184 1 418 191
301 70 1131 1 122 1126
302 438 51 1 477 58
303 377 443 1 420 449
304 81 1198 1 133 1194
305 136 1153 1 187 1150
306 349 1076 1 396 1075
307 453 59 1 492 66
308 473 1067 1 517 1056
309 60 1057 1 111 1055
310 381 842 1 426 843
311 196 211 1 239 220
312 427 421 1 471 426
313 303 354 1 346 360
314 304 476 1 348 482
315 317 598 1 361 602
316 167 661 1 213 667
317 162 931 1 211 932
318 393 108 1 433 114
319 303 460 1 347 466
320 429 913 1 475 914
321 441 252 1 481 258
322 382 926 1 428 927
323 134 1052 1 184 1050
324 359 293 1 401 299
325 343 428 1 386 434
326 129 585 1 175 592
327 157 338 1 200 347
328 213 674 1 259 679
329 129 1109 1 180 1106
330 306 581 1 350 586
331 655 832 1 689 822
332 181 996 1 228 999
333 323 55 1 364 62
334 353 944 1 398 945
335 278 224 1 320 232
336 428 955 1 474 956
337 160 869 1 209 869
338 303 370 1 347 376
339 371 581 1 416 585
340 146 242 1 189 251
341 455 814 1 500 815
342 430 876 1 475 877
343 398 1125 1 444 1125
344 186 953 1 232 955
345 335 999 1 381 1002
346 323 360 1 367 366
347 525 1137 1 568 1124
348 121 906 1 171 907
349 158 447 1 203 454
350 331 92 1 371 98
351 409 160 1 449 166
352 87 217 1 131 228
353 400 74 1 440 81
354 505 1155 1 549 1141
355 416 428 1 459 433
356 41 1178 1 94 1172
357 102 211 1 147 221
358 56 946 1 108 945
359 138 619 1 184 625
360 382 1164 1 429 1164
361 172 1113 1 223 1109
362 137 919 1 187 918
363 331 793 1 377 795
364 439 505 1 482 510
365 457 573 1 500 577
366 393 302 1 435 308
367 322 371 1 365 377
368 545 1155 1 587 1143
369 126 1039 1 175 1038
370 344 973 1 390 974
371 33 1095 1 87 1089
372 417 948 1 461 949
373 406 595 1 450 598
374 72 1216 1 124 1212
375 48 460 1 96 468
376 56 967 1 107 965
377 153 960 1 202 959
378 329 1249 1 375 1251
379 449 232 1 489 238
380 343 84 1 384 90
381 401 194 1 442 201
382 401 917 1 447 918
383 360 630 1 404 634
384 255 847 1 301 851
385 153 279 1 197 287
386 182 217 1 225 226
387 122 1230 1 172 1228
388 436 169 1 476 174
389 35 1216 1 88 1210
390 135 939 1 184 940
391 360 644 1 405 646
392 406 939 1 451 940
393 161 1111 1 210 1111
394 42 1237 1 95 1231
395 202 915 1 250 915
396 104 1040 1 155 1038
397 57 1215 1 111 1210
398 58 936 1 109 935
399 678 826 1 710 815
400 412 784 1 457 787
401 460 840 1 504 841
402 148 911 1 197 911
403 332 651 1 377 653
404 334 1022 1 380 1023
405 339 702 1 383 706
406 124 1099 1 175 1095
407 378 1076 1 425 1074
408 213 564 1 258 570
409 150 773 1 196 776
410 396 96 1 436 102
411 499 1093 1 543 1081
412 213 223 1 254 232
413 169 710 1 214 714
414 420 564 1 463 569
415 225 767 1 270 771
416 369 296 1 412 302
417 127 1173 1 177 1171
418 49 1200 1 102 1195
419 518 857 1 561 855
420 123 336 1 167 344
421 132 394 1 176 402
422 48 1081 1 100 1077
423 314 278 1 356 285
424 420 978 1 464 979
425 429 963 1 474 964
426 376 1246 1 424 1246
427 429 1010 1 474 1011
428 403 842 1 448 844
429 148 922 1 197 923
430 419 887 1 464 888
431 421 143 1 462 149
432 141 677 1 187 683
433 278 105 1 319 112
434 416 532 1 460 536
435 344 713 1 389 716
436 131 248 1 174 258
437 413 902 1 458 903
438 378 969 1 424 969
439 435 1158 1 481 1156
440 33 212 1 79 223
441 99 921 1 149 921
442 208 792 1 254 796
443 112 1124 1 164 1119
444 359 541 1 402 546
445 469 872 1 514 873
446 494 765 1 538 766
447 424 639 1 468 642
448 341 1085 1 388 1087
449 223 566 1 269 571
450 377 359 1 420 365
451 390 1026 1 436 1028
452 328 1072 1 375 1069
453 430 973 1 475 973
454 324 345 1 366 351
455 133 629 1 179 635
456 185 859 1 233 860
457 129 1220 1 180 1216
458 187 541 1 232 547
459 212 781 1 257 785
460 139 950 1 188 950
461 46 485 1 94 492
462 219 925 1 265 928
463 270 1148 1 319 1145
464 360 594 1 404 599
465 171 747 1 217 752
466 422 284 1 464 290
467 444 764 1 489 766
468 121 1149 1 171 1145
469 420 393 1 462 398
470 388 206 1 429 213
471 249 886 1 296 887
472 199 981 1 246 980
473 265 192 1 307 199
474 252 834 1 297 838
475 324 279 1 366 286
476 356 319 1 399 326
477 517 1165 1 560 1152
478 445 806 1 489 808
479 390 872 1 436 873
480 428 922 1 474 924
481 546 1005 1 588 997
482 295 923 1 342 924
483 96 841 1 146 841
484 103 1143 1 155 1139
485 301 277 1 343 285
486 427 510 1 470 515
487 372 413 1 416 419
488 222 969 1 271 971
489 190 241 1 233 249
490 488 547 1 530 550
491 333 664 1 377 667
492 364 1179 1 410 1182
493 212 959 1 260 959
494 414 843 1 459 844
495 56 956 1 107 954
496 118 1058 1 168 1057
497 51 1185 1 104 1181
498 58 923 1 109 923
499 322 247 1 365 254
500 202 277 1 245 286
501 92 1139 1 144 1136
502 413 269 1 455 275
503 150 938 1 199 938
504 331 1149 1 378 1150
505 432 550 1 475 554
506 89 1076 1 141 1073
507 432 564 1 475 568
508 30 1007 1 83 1004
509 193 200 1 236 209
510 171 838 1 220 839
511 163 1182 1 213 1176
512 381 818 1 425 820
513 286 1062 1 333 1061
514 111 908 1 160 909
515 522 1070 1 565 1059
516 538 1144 1 581 1132
517 123 933 1 173 934
518 231 482 1 275 488
519 114 1048 1 164 1046
520 144 1015 1 194 1014
521 117 1244 1 168 1244
522 429 585 1 473 589
523 367 1161 1 414 1165
524 476 843 1 519 844
525 194 904 1 243 905
526 39 1158 1 91 1155
527 91 900 1 140 901
528 314 1162 1 361 1165
529 368 762 1 413 765
530 181 986 1 228 987
531 102 1109 1 153 1106
532 68 972 1 119 972
533 348 959 1 394 961
534 218 987 1 266 987
535 330 1013 1 376 1014
536 188 847 1 235 849
537 30 993 1 83 991
538 426 490 1 470 495
539 129 758 1 177 762
540 69 1010 1 120 1008
541 262 749 1 308 754
542 349 569 1 393 573
543 180 942 1 229 943
544 429 432 1 472 437
545 60 1203 1 112 1197
546 402 817 1 447 818
547 450 122 1 490 128
548 76 1187 1 129 1182
549 287 174 1 328 181
550 113 989 1 164 989
551 435 1196 1 481 1182
552 212 688 1 258 692
553 377 937 1 423 938
554 31 958 1 82 958
555 407 96 1 447 102
556 240 673 1 285 676
557 60 1021 1 111 1020
558 358 416 1 401 421
559 234 861 1 281 864
560 560 670 1 600 670
561 154 880 1 203 880
562 401 510 1 444 516
563 135 960 1 183 960
564 238 891 1 286 891
565 133 1131 1 185 1126
566 138 866 1 187 868
567 414 911 1 459 913
568 342 930 1 388 930
569 251 452 1 294 458
570 67 913 1 118 912
571 181 884 1 230 884
572 67 941 1 117 941
573 315 475 1 359 481
574 534 1197 1 577 1183
575 477 497 1 519 502
576 40 930 1 92 928
577 312 267 1 354 275
578 359 587 1 403 592
579 379 1014 1 425 1015
580 403 901 1 448 902
581 125 1076 1 175 1076
582 135 978 1 184 978
583 346 602 1 390 607
584 362 1247 1 410 1249
585 413 816 1 457 818
586 124 568 1 170 575
587 142 382 1 187 391
588 58 1108 1 111 1104
589 424 85 1 464 92
590 345 1017 1 391 1018
591 268 74 1 309 81
592 312 837 1 358 841
593 343 233 1 385 240
594 174 853 1 222 854
595 422 50 1 461 58
596 124 857 1 174 857
597 41 1054 1 94 1052
598 365 1238 1 413 1238
599 98 939 1 148 938
600 349 193 1 390 200
601 157 260 1 200 269
602 385 988 1 431 988
603 245 1164 1 294 1161
604 424 268 1 465 274
605 125 525 1 171 532
606 382 948 1 427 948
607 115 1138 1 167 1133
608 207 434 1 251 441
609 436 139 1 476 146
610 330 542 1 375 547
611 152 1025 1 199 1026
612 384 662 1 428 666
613 149 1150 1 200 1145
614 297 56 1 338 65
615 34 1038 1 86 1036
616 572 1129 1 614 1115
617 130 881 1 179 881
618 332 683 1 377 686
619 216 876 1 264 878
620 305 538 1 348 543
621 371 835 1 416 836
622 486 1079 1 529 1068
623 344 1180 1 391 1183
624 85 890 1 134 889
625 90 878 1 140 879
626 325 860 1 368 861
627 412 1101 1 458 1101
628 191 877 1 238 880
629 287 1031 1 335 1031
630 421 521 1 464 526
631 183 1101 1 232 1099
632 394 943 1 440 944
633 283 835 1 330 839
634 529 922 1 572 918
635 40 1003 1 92 1001
636 588 735 1 627 731
637 399 167 1 439 173
638 403 727 1 447 731
639 228 936 1 276 937
640 366 1055 1 414 1053
641 401 1238 1 447 1239
642 270 918 1 317 919
643 329 968 1 375 972
644 51 226 1 97 236
645 131 817 1 178 820
646 132 835 1 181 836
647 357 96 1 397 102
648 234 779 1 280 783
649 152 1158 1 201 1154
650 150 673 1 196 678
651 186 255 1 229 264
652 135 568 1 181 574
653 58 977 1 110 975
654 391 738 1 435 742
655 434 206 1 475 213
656 415 487 1 459 491
657 489 925 1 533 925
658 281 923 1 328 923
659 373 592 1 417 597
660 230 1108 1 279 1104
661 411 116 1 450 122
662 185 516 1 230 523
663 336 1119 1 384 1119
664 413 82 1 453 88
665 265 175 1 306 183
666 222 946 1 269 948
667 331 505 1 375 510
668 380 829 1 425 830
669 207 980 1 255 980
670 366 884 1 410 885
671 203 841 1 251 842
672 250 224 1 292 232
673 238 878 1 286 879
674 240 691 1 286 695
675 225 845 1 272 849
676 232 1151 1 280 1147
677 423 297 1 465 303
678 300 838 1 345 841
679 137 225 1 180 234
680 193 1005 1 240 1006
681 149 843 1 197 844
682 150 897 1 199 897
683 371 142 1 410 148
684 267 109 1 308 116
685 314 458 1 358 464
686 74 923 1 125 923
