0 357 1008 1 394 1029
1 487 1066 1 524 1069
2 57 1084 1 100 1098
3 424 354 1 454 376
4 424 339 1 454 361
5 335 638 1 368 658
6 419 286 1 448 309
7 403 1092 1 441 1110
8 402 1239 1 443 1257
9 419 527 1 449 547
10 403 339 1 432 361
11 187 208 1 217 235
12 409 24 1 434 51
13 462 59 1 487 84
14 404 354 1 433 376
15 424 365 1 453 387
16 429 381 1 459 403
17 394 1174 1 433 1191
18 445 83 1 470 108
19 448 614 1 480 633
20 245 314 1 276 339
21 357 34 1 382 62
22 77 1068 1 120 1085
23 422 427 1 452 448
24 442 634 1 475 653
25 227 267 1 257 292
26 241 383 1 273 407
27 339 619 1 372 640
28 145 344 1 176 371
29 453 565 1 484 584
30 283 294 1 314 318
31 399 25 1 424 50
32 260 111 1 287 137
33 462 848 1 498 864
34 433 79 1 457 104
35 426 845 1 462 861
36 300 220 1 329 246
37 477 842 1 512 858
38 404 1082 1 443 1099
39 231 209 1 260 235
40 82 1209 1 126 1226
41 230 558 1 263 579
42 437 99 1 462 124
43 435 765 1 470 784
44 421 1035 1 460 1050
45 282 309 1 313 333
46 163 661 1 198 684
47 419 450 1 450 471
48 372 1238 1 412 1257
49 436 701 1 469 720
50 432 673 1 465 692
51 483 813 1 518 829
52 447 199 1 473 222
53 264 250 1 293 276
54 146 360 1 177 386
55 346 968 1 383 985
56 414 546 1 446 566
57 48 1099 1 92 1112
58 478 832 1 513 848
59 151 408 1 183 433
60 301 242 1 330 267
61 396 1156 1 435 1173
62 465 631 1 498 648
63 212 280 1 242 306
64 265 404 1 298 427
65 446 690 1 479 709
66 385 694 1 418 714
67 145 265 1 175 292
68 457 125 1 483 149
69 399 1114 1 438 1132
70 272 836 1 308 856
71 402 70 1 427 95
72 442 844 1 477 861
73 257 833 1 292 853
74 397 400 1 427 421
75 420 778 1 456 798
76 450 457 1 480 478
77 446 649 1 479 667
78 79 1181 1 123 1196
79 465 837 1 501 853
80 175 939 1 214 958
81 384 705 1 418 725
82 269 301 1 300 325
83 350 85 1 375 109
84 215 799 1 252 817
85 463 649 1 496 666
86 344 51 1 369 77
87 408 365 1 438 387
88 231 409 1 262 432
89 348 692 1 380 711
90 217 905 1 255 925
91 68 1233 1 113 1248
92 407 638 1 440 656
93 195 335 1 226 360
94 307 201 1 334 227
95 371 197 1 399 222
96 353 983 1 391 1001
97 133 1029 1 175 1045
98 464 196 1 490 219
99 126 198 1 157 226
100 337 234 1 366 258
101 398 525 1 429 545
102 267 488 1 300 509
103 432 576 1 465 595
104 39 948 1 82 964
105 45 1112 1 88 1129
106 92 1217 1 136 1237
107 463 46 1 488 71
108 138 485 1 171 510
109 467 806 1 502 822
110 349 1060 1 387 1075
111 320 628 1 352 648
112 332 68 1 357 93
113 51 1167 1 95 1182
114 147 826 1 186 844
115 196 313 1 227 339
116 551 1165 1 590 1165
117 324 682 1 357 702
118 134 1006 1 172 1028
119 392 255 1 421 279
120 266 330 1 296 354
121 72 1112 1 112 1125
122 197 436 1 228 461
123 383 524 1 415 544
124 199 485 1 232 509
125 172 337 1 203 363
126 438 129 1 463 153
127 389 1004 1 427 1021
128 198 423 1 230 447
129 405 57 1 430 83
130 178 606 1 212 629
131 267 498 1 299 521
132 236 653 1 270 674
133 529 1170 1 568 1169
134 399 83 1 424 107
135 265 235 1 294 261
136 191 984 1 228 1005
137 94 940 1 134 958
138 95 1174 1 138 1188
139 62 1071 1 105 1086
140 186 894 1 224 912
141 393 835 1 428 852
142 77 1010 1 118 1027
143 242 224 1 271 250
144 254 398 1 286 421
145 404 802 1 439 821
146 134 896 1 174 914
147 174 485 1 207 509
148 370 92 1 395 117
149 142 453 1 174 478
150 265 224 1 294 250
151 454 210 1 480 233
152 236 667 1 270 688
153 399 382 1 429 404
154 88 1057 1 130 1074
155 442 1066 1 479 1081
156 174 442 1 207 466
157 277 824 1 313 845
158 284 799 1 319 820
159 265 318 1 296 343
160 203 606 1 237 629
161 258 303 1 289 328
162 415 840 1 450 857
163 443 1076 1 482 1091
164 419 274 1 446 297
165 517 1157 1 556 1157
166 369 661 1 402 681
167 66 1203 1 110 1218
168 140 517 1 173 542
169 447 705 1 480 724
170 362 394 1 393 416
171 397 325 1 426 348
172 157 1057 1 198 1072
173 409 291 1 437 313
174 431 835 1 466 851
175 539 1167 1 578 1167
176 203 894 1 241 912
177 177 564 1 211 587
178 245 422 1 277 446
179 161 929 1 201 946
180 251 689 1 284 708
181 218 217 1 247 244
182 188 221 1 217 248
183 251 335 1 282 359
184 434 528 1 465 548
185 455 427 1 485 448
186 286 94 1 312 120
187 29 1203 1 75 1217
188 243 237 1 272 263
189 420 116 1 446 139
190 191 955 1 230 972
191 466 175 1 492 199
192 411 989 1 448 1006
193 174 458 1 207 483
194 205 688 1 240 709
195 450 36 1 473 61
196 317 244 1 346 268
197 674 824 1 700 824
198 397 544 1 430 564
199 394 220 1 422 243
200 339 437 1 370 460
201 397 447 1 427 468
202 51 1178 1 96 1193
203 87 917 1 128 934
204 154 397 1 185 423
205 172 356 1 203 381
206 319 638 1 351 659
207 196 356 1 228 381
208 443 72 1 468 96
209 544 1087 1 581 1090
210 431 684 1 464 703
211 398 1103 1 436 1120
212 28 1224 1 72 1240
213 397 130 1 423 155
214 391 300 1 421 323
215 416 719 1 450 738
216 408 527 1 439 547
217 180 972 1 220 990
218 194 768 1 229 789
219 437 812 1 474 828
220 89 1120 1 133 1133
221 248 440 1 280 464
222 449 48 1 474 74
223 397 568 1 429 590
224 147 578 1 180 602
225 204 640 1 238 662
226 220 929 1 259 946
227 429 628 1 462 648
228 447 1005 1 484 1022
229 347 557 1 379 577
230 321 696 1 356 715
231 413 741 1 447 760
232 438 421 1 467 441
233 206 766 1 243 786
234 343 907 1 380 923
235 364 906 1 401 923
236 519 1133 1 558 1134
237 391 1197 1 432 1216
238 399 277 1 427 300
239 168 1068 1 209 1087
240 307 77 1 333 103
241 380 255 1 409 279
242 446 868 1 481 885
243 183 707 1 218 729
244 178 1048 1 219 1065
245 174 888 1 209 907
246 438 755 1 473 774
247 126 393 1 158 419
248 418 856 1 454 872
249 439 795 1 475 812
250 429 256 1 457 279
251 318 320 1 348 343
252 455 797 1 489 814
253 465 85 1 489 109
254 341 673 1 375 693
255 430 858 1 465 874
256 343 609 1 377 629
257 418 295 1 447 318
258 274 688 1 308 708
259 126 603 1 160 627
260 168 1057 1 209 1073
261 251 728 1 286 748
262 89 1100 1 132 1115
263 90 1024 1 132 1042
264 338 426 1 369 448
265 391 361 1 421 383
266 318 577 1 351 598
267 42 962 1 85 978
268 90 1091 1 132 1105
269 220 765 1 258 784
270 65 546 1 102 569
271 202 581 1 235 604
272 421 1073 1 460 1089
273 201 563 1 234 585
274 320 706 1 355 727
275 181 950 1 220 967
276 100 179 1 131 208
277 400 1024 1 438 1041
278 243 256 1 272 281
279 155 1118 1 197 1133
280 176 519 1 210 543
281 415 381 1 446 403
282 238 357 1 269 381
283 334 565 1 366 586
284 465 1054 1 502 1069
285 164 962 1 204 981
286 391 853 1 427 870
287 178 579 1 212 603
288 459 1083 1 497 1097
289 577 1105 1 614 1104
290 115 459 1 148 484
291 149 836 1 188 854
292 130 875 1 170 893
293 184 232 1 214 259
294 338 244 1 366 269
295 340 453 1 371 476
296 423 1066 1 462 1080
297 318 427 1 349 449
298 77 203 1 109 232
299 198 458 1 230 481
300 176 502 1 209 526
301 393 160 1 420 184
302 455 24 1 479 49
303 392 422 1 422 443
304 123 1120 1 166 1134
305 26 1237 1 69 1257
306 359 1058 1 398 1073
307 470 32 1 494 58
308 484 1055 1 522 1058
309 69 1036 1 112 1053
310 393 823 1 429 840
311 210 186 1 240 213
312 442 399 1 472 420
313 318 331 1 348 354
314 318 454 1 349 476
315 330 576 1 363 597
316 180 639 1 214 662
317 409 83 1 435 107
318 317 438 1 348 460
319 441 893 1 477 910
320 48 1136 1 92 1153
321 394 906 1 431 923
322 143 1032 1 185 1048
323 374 269 1 402 292
324 357 406 1 388 428
325 142 562 1 176 587
326 170 314 1 201 340
327 226 652 1 260 674
328 138 1089 1 181 1105
329 319 559 1 351 580
330 129 1202 1 172 1218
331 406 1072 1 445 1089
332 339 29 1 366 55
333 364 925 1 401 941
334 292 199 1 321 225
335 440 936 1 477 952
336 153 797 1 189 817
337 171 849 1 210 866
338 318 347 1 348 370
339 385 560 1 417 579
340 160 217 1 190 244
341 468 795 1 502 811
342 442 857 1 478 874
343 408 1105 1 446 1122
344 195 931 1 233 951
345 338 337 1 368 360
346 536 1128 1 574 1128
347 67 1088 1 111 1103
348 172 424 1 204 448
349 59 1100 1 103 1113
350 347 67 1 372 92
351 425 135 1 451 159
352 166 1047 1 206 1064
353 100 192 1 131 221
354 417 48 1 442 74
355 516 1145 1 554 1146
356 48 911 1 92 926
357 431 405 1 461 427
358 49 1156 1 94 1171
359 68 935 1 108 951
360 116 186 1 147 214
361 123 1030 1 164 1047
362 28 958 1 71 975
363 151 597 1 185 620
364 392 1144 1 432 1161
365 83 903 1 125 921
366 148 898 1 188 915
367 344 772 1 379 791
368 257 1251 1 298 1271
369 453 483 1 484 504
370 471 552 1 503 571
371 408 278 1 436 301
372 336 348 1 366 371
373 556 1146 1 593 1147
374 236 759 1 271 780
375 355 954 1 392 970
376 43 1074 1 87 1088
377 428 929 1 464 946
378 419 573 1 452 592
379 60 437 1 96 463
380 65 946 1 107 963
381 140 1236 1 184 1249
382 338 1226 1 377 1247
383 464 208 1 491 231
384 359 59 1 385 84
385 417 169 1 443 193
386 413 898 1 450 914
387 373 609 1 406 629
388 310 1235 1 350 1257
389 167 254 1 198 281
390 196 192 1 225 219
391 25 1066 1 68 1083
392 95 927 1 135 946
393 452 144 1 478 167
394 146 918 1 185 937
395 374 623 1 406 641
396 417 920 1 454 936
397 175 908 1 212 928
398 50 1216 1 95 1231
399 161 886 1 198 908
400 68 1252 1 108 1276
401 195 904 1 234 921
402 114 1020 1 155 1036
403 67 1194 1 111 1209
404 67 915 1 109 933
405 425 763 1 459 782
406 472 821 1 507 838
407 133 1128 1 174 1145
408 345 629 1 378 648
409 345 1002 1 382 1020
410 351 681 1 385 701
411 132 1079 1 176 1094
412 388 1057 1 427 1072
413 226 542 1 259 565
414 161 750 1 198 772
415 412 70 1 437 95
416 510 1082 1 548 1084
417 170 807 1 209 825
418 209 756 1 245 777
419 226 199 1 255 225
420 181 687 1 216 709
421 434 543 1 465 563
422 237 745 1 271 766
423 385 272 1 414 295
424 205 847 1 242 866
425 113 1255 1 156 1272
426 268 172 1 295 199
427 531 841 1 566 853
428 137 312 1 168 338
429 145 371 1 177 396
430 57 1060 1 100 1076
431 329 254 1 357 279
432 232 832 1 269 852
433 29 944 1 72 961
434 430 959 1 467 975
435 440 945 1 477 961
436 158 824 1 198 841
437 439 991 1 476 1007
438 415 823 1 450 840
439 159 902 1 198 920
440 431 868 1 467 885
441 438 118 1 463 142
442 153 655 1 188 678
443 294 80 1 320 106
444 431 510 1 462 530
445 357 691 1 390 711
446 145 224 1 175 251
447 155 1180 1 197 1194
448 425 883 1 461 899
449 389 949 1 426 966
450 445 1141 1 484 1154
451 46 187 1 79 216
452 131 886 1 171 904
453 121 1104 1 164 1118
454 372 519 1 404 540
455 481 854 1 517 870
456 507 746 1 541 763
457 438 618 1 470 637
458 236 544 1 270 566
459 391 336 1 421 358
460 401 1006 1 438 1024
461 338 1053 1 377 1068
462 441 953 1 478 970
463 338 321 1 368 345
464 146 607 1 180 630
465 196 839 1 234 856
466 200 519 1 233 542
467 39 1202 1 83 1218
468 137 1055 1 176 1073
469 150 929 1 189 947
470 153 1024 1 193 1042
471 58 461 1 94 486
472 146 1128 1 188 1142
473 25 880 1 67 898
474 279 1130 1 321 1144
475 374 573 1 406 594
476 183 725 1 219 747
477 438 261 1 466 283
478 457 744 1 492 762
479 435 370 1 464 392
480 403 181 1 431 205
481 260 865 1 298 883
482 209 961 1 248 978
483 281 168 1 308 193
484 264 811 1 299 833
485 111 1137 1 153 1154
486 339 255 1 368 279
487 371 296 1 400 319
488 527 1156 1 566 1156
489 457 788 1 492 804
490 402 853 1 438 870
491 440 904 1 477 920
492 558 993 1 594 999
493 306 903 1 344 921
494 107 820 1 146 838
495 113 1122 1 155 1138
496 316 253 1 344 278
497 441 489 1 472 509
498 387 391 1 418 412
499 434 301 1 463 323
500 204 216 1 234 243
501 502 526 1 533 545
502 346 642 1 379 662
503 373 1157 1 413 1178
504 223 938 1 262 956
505 426 824 1 461 840
506 60 1165 1 105 1180
507 68 902 1 109 920
508 337 223 1 366 247
509 216 253 1 245 279
510 102 1119 1 145 1135
511 428 246 1 456 268
512 161 917 1 199 935
513 340 1128 1 380 1147
514 446 529 1 477 548
515 197 828 1 235 847
516 446 542 1 477 562
517 39 987 1 83 1003
518 207 174 1 236 202
519 182 817 1 221 836
520 172 1162 1 214 1175
521 391 798 1 428 816
522 297 1042 1 335 1059
523 121 887 1 160 906
524 217 895 1 256 913
525 534 1058 1 571 1061
526 549 1135 1 587 1136
527 233 945 1 270 965
528 57 1240 1 102 1256
529 244 459 1 277 482
530 125 1162 1 169 1179
531 128 1221 1 169 1241
532 443 564 1 475 584
533 130 1230 1 172 1250
534 377 1140 1 416 1161
535 488 824 1 522 840
536 135 913 1 174 931
537 38 1212 1 83 1227
538 102 878 1 141 898
539 324 1140 1 363 1161
540 381 741 1 415 760
541 191 964 1 230 983
542 110 1089 1 153 1105
543 79 952 1 120 969
544 359 940 1 397 958
545 381 1235 1 422 1252
546 340 992 1 378 1010
547 96 1142 1 137 1161
548 40 973 1 83 989
549 441 468 1 471 489
550 142 735 1 178 757
551 79 989 1 121 1006
552 275 728 1 309 749
553 363 547 1 395 568
554 118 850 1 157 868
555 191 922 1 230 940
556 444 410 1 474 431
557 68 1183 1 112 1196
558 414 798 1 450 814
559 467 96 1 492 120
560 85 1167 1 130 1181
561 303 150 1 329 174
562 222 831 1 260 849
563 32 1077 1 76 1093
564 225 666 1 259 687
565 389 918 1 426 935
566 41 937 1 83 955
567 423 71 1 448 95
568 253 651 1 287 671
569 69 1000 1 112 1017
570 372 393 1 402 415
571 245 841 1 283 860
572 576 653 1 606 666
573 108 920 1 149 936
574 415 489 1 446 510
575 145 938 1 184 957
576 167 1015 1 207 1033
577 149 846 1 188 864
578 426 892 1 462 909
579 203 813 1 240 833
580 353 910 1 390 927
581 265 430 1 296 453
582 77 892 1 118 910
583 76 920 1 117 938
584 329 453 1 361 475
585 544 1188 1 583 1188
586 152 1098 1 194 1113
587 492 475 1 522 496
588 229 798 1 265 818
589 327 244 1 355 268
590 373 566 1 405 586
591 390 994 1 428 1011
592 414 882 1 451 898
593 146 957 1 185 975
594 360 580 1 392 601
595 371 1226 1 412 1245
596 425 797 1 460 814
597 137 546 1 171 569
598 149 974 1 188 992
599 156 359 1 187 385
600 441 59 1 465 84
601 355 997 1 393 1014
602 284 49 1 310 75
603 323 816 1 359 836
604 359 208 1 387 233
605 184 832 1 223 851
606 136 958 1 174 977
607 439 24 1 463 50
608 135 836 1 174 854
609 51 1033 1 94 1050
610 375 1216 1 415 1235
611 365 168 1 392 193
612 171 235 1 201 262
613 396 969 1 433 985
614 254 1145 1 295 1160
615 439 244 1 466 267
616 138 502 1 172 526
617 393 928 1 430 945
618 50 1195 1 95 1208
619 220 411 1 252 435
620 452 114 1 478 138
621 267 826 1 303 846
622 344 521 1 376 542
623 161 1003 1 201 1022
624 397 641 1 430 661
625 159 1131 1 201 1145
626 313 29 1 339 57
627 43 1017 1 86 1034
628 585 1121 1 621 1120
629 140 861 1 180 878
630 346 661 1 378 681
631 120 943 1 160 961
632 318 516 1 350 538
633 382 816 1 418 832
634 496 1068 1 534 1071
635 354 1158 1 393 1179
636 100 858 1 140 876
637 163 952 1 202 971
638 421 1082 1 460 1099
639 93 1130 1 136 1146
640 69 1099 1 113 1114
641 435 499 1 466 520
642 405 924 1 442 941
643 295 814 1 332 834
644 542 908 1 577 917
645 47 984 1 92 999
646 383 1223 1 426 1242
647 605 720 1 635 729
648 415 142 1 441 166
649 415 707 1 449 726
650 239 916 1 278 934
651 88 1002 1 130 1020
652 377 1037 1 416 1051
653 410 1217 1 450 1236
654 281 898 1 319 916
655 147 1204 1 187 1224
656 64 200 1 97 229
657 142 794 1 179 816
658 395 1248 1 436 1266
659 373 71 1 399 96
660 247 757 1 281 778
661 210 918 1 248 935
662 162 651 1 197 673
663 200 230 1 230 257
664 148 545 1 182 568
665 426 1008 1 463 1025
666 403 718 1 437 737
667 450 182 1 477 205
668 430 465 1 460 486
669 501 908 1 537 922
670 292 902 1 330 920
671 387 571 1 419 591
672 240 1089 1 280 1103
673 427 90 1 452 114
674 198 494 1 231 518
675 348 1099 1 386 1116
676 280 151 1 308 176
677 345 483 1 376 505
678 392 810 1 428 826
679 218 960 1 257 977
680 377 864 1 412 881
681 193 758 1 230 779
682 216 982 1 254 1000
683 264 199 1 293 225
684 249 857 1 287 876
685 253 669 1 288 690
686 241 1132 1 282 1146
687 439 273 1 467 296
688 312 817 1 347 836
689 150 200 1 181 227
690 437 199 1 463 222
691 203 983 1 242 1002
692 32 893 1 75 910
693 160 876 1 199 894
694 387 117 1 412 141
695 282 84 1 309 110
696 328 436 1 359 458
