0 367 989 1 396 1023
1 483 1058 1 512 1083
2 66 1065 1 99 1098
3 446 335 1 455 369
4 446 319 1 456 353
5 352 619 1 369 651
6 441 266 1 449 301
7 412 1077 1 443 1107
8 410 1223 1 445 1253
9 437 509 1 451 540
10 424 319 1 433 354
11 209 185 1 217 227
12 488 36 1 488 75
13 425 335 1 434 369
14 415 1067 1 445 1096
15 445 345 1 455 379
16 450 362 1 460 395
17 402 1158 1 435 1188
18 470 61 1 471 98
19 465 597 1 482 627
20 265 292 1 276 331
21 501 1065 1 526 1075
22 357 952 1 385 981
23 442 408 1 454 441
24 460 617 1 477 647
25 248 244 1 258 284
26 261 362 1 273 400
27 356 601 1 373 634
28 164 322 1 176 363
29 472 548 1 486 578
30 304 272 1 314 310
31 237 183 1 244 224
32 283 88 1 287 129
33 477 834 1 500 860
34 457 57 1 459 95
35 440 830 1 463 857
36 322 198 1 330 237
37 491 828 1 514 854
38 252 186 1 260 227
39 247 538 1 264 573
40 461 77 1 464 115
41 86 1050 1 119 1083
42 303 287 1 313 325
43 179 641 1 199 678
44 438 432 1 451 464
45 379 1222 1 414 1253
46 452 684 1 471 714
47 448 656 1 467 686
48 498 800 1 520 825
49 470 178 1 475 214
50 285 228 1 293 268
51 165 337 1 177 379
52 432 528 1 447 559
53 57 1081 1 90 1112
54 492 818 1 515 844
55 170 386 1 183 426
56 323 219 1 331 258
57 405 1140 1 437 1170
58 54 1092 1 87 1127
59 483 615 1 500 643
60 59 1159 1 94 1192
61 232 257 1 242 298
62 285 383 1 298 420
63 462 674 1 481 703
64 401 676 1 420 708
65 165 242 1 175 285
66 482 104 1 484 140
67 408 1099 1 439 1128
68 285 816 1 310 851
69 427 48 1 429 86
70 456 830 1 479 857
71 427 1023 1 456 1049
72 418 381 1 428 414
73 172 911 1 201 943
74 435 762 1 457 792
75 469 440 1 481 471
76 207 1246 1 242 1286
77 463 633 1 481 661
78 120 1097 1 154 1129
79 480 823 1 503 849
80 186 922 1 214 955
81 390 1060 1 421 1086
82 452 749 1 472 778
83 400 687 1 420 719
84 290 279 1 300 317
85 373 60 1 377 100
86 490 24 1 489 62
87 481 633 1 498 661
88 368 28 1 370 68
89 429 345 1 439 379
90 250 387 1 263 425
91 363 674 1 382 705
92 424 621 1 442 650
93 215 312 1 226 353
94 329 179 1 335 219
95 394 175 1 400 213
96 143 1011 1 174 1043
97 488 176 1 491 211
98 147 174 1 156 218
99 359 212 1 366 250
100 416 507 1 430 538
101 285 467 1 301 503
102 450 559 1 466 589
103 48 929 1 79 963
104 156 463 1 172 503
105 482 793 1 503 818
106 358 1045 1 388 1073
107 336 609 1 354 642
108 356 45 1 359 85
109 102 1156 1 137 1188
110 216 291 1 227 331
111 565 1166 1 593 1172
112 339 663 1 358 696
113 267 810 1 291 841
114 169 1096 1 200 1132
115 415 235 1 422 271
116 286 309 1 296 347
117 91 1189 1 126 1224
118 80 1095 1 115 1126
119 215 415 1 229 454
120 401 505 1 416 537
121 217 464 1 232 502
122 191 314 1 203 355
123 462 108 1 465 144
124 400 988 1 428 1017
125 216 402 1 230 440
126 430 35 1 431 74
127 194 585 1 212 623
128 285 478 1 300 514
129 252 633 1 271 668
130 542 1171 1 571 1177
131 423 61 1 426 99
132 286 213 1 294 253
133 71 1052 1 104 1085
134 196 869 1 222 902
135 421 109 1 424 146
136 407 820 1 430 848
137 87 991 1 118 1025
138 263 201 1 271 242
139 273 377 1 286 414
140 418 784 1 441 815
141 145 878 1 174 910
142 192 464 1 207 502
143 394 70 1 396 108
144 160 431 1 175 472
145 286 202 1 294 242
146 477 189 1 481 224
147 252 647 1 271 682
148 419 363 1 430 397
149 97 1039 1 129 1072
150 452 1052 1 481 1079
151 192 420 1 207 460
152 290 806 1 314 839
153 74 1213 1 112 1248
154 98 1053 1 130 1086
155 297 780 1 320 814
156 286 296 1 296 335
157 220 586 1 238 623
158 278 281 1 289 320
159 429 825 1 452 853
160 454 1063 1 484 1089
161 441 254 1 447 289
162 530 1158 1 559 1164
163 385 643 1 403 675
164 157 496 1 174 536
165 463 689 1 482 718
166 383 374 1 394 409
167 418 305 1 428 340
168 166 1039 1 197 1071
169 431 271 1 439 305
170 445 820 1 468 847
171 552 1168 1 581 1175
172 215 877 1 241 909
173 194 543 1 211 581
174 250 726 1 272 761
175 264 401 1 277 439
176 266 669 1 285 703
177 240 194 1 247 236
178 209 198 1 217 240
179 271 313 1 282 352
180 453 510 1 467 541
181 475 408 1 487 440
182 37 1184 1 73 1217
183 264 214 1 272 255
184 444 94 1 447 131
185 202 938 1 230 969
186 491 154 1 494 190
187 423 974 1 450 1003
188 192 436 1 207 476
189 221 668 1 240 703
190 339 222 1 346 260
191 415 527 1 431 558
192 417 198 1 423 235
193 358 418 1 371 453
194 416 428 1 428 461
195 119 1236 1 156 1270
196 172 375 1 186 416
197 285 1234 1 321 1268
198 191 333 1 203 374
199 335 620 1 353 653
200 216 334 1 228 374
201 468 49 1 469 87
202 559 1086 1 585 1095
203 448 668 1 466 697
204 208 821 1 233 853
205 35 1204 1 71 1239
206 413 280 1 422 315
207 432 702 1 452 732
208 427 509 1 441 541
209 106 918 1 134 955
210 284 1251 1 321 1286
211 208 747 1 230 783
212 453 797 1 475 824
213 148 1073 1 180 1104
214 267 419 1 281 457
215 159 894 1 186 926
216 475 25 1 475 64
217 414 551 1 430 583
218 163 557 1 181 596
219 220 619 1 239 657
220 232 911 1 260 943
221 446 611 1 463 642
222 459 991 1 486 1018
223 365 538 1 380 571
224 337 677 1 357 709
225 429 724 1 449 754
226 458 402 1 469 434
227 220 747 1 243 781
228 356 891 1 381 920
229 76 1226 1 110 1269
230 376 891 1 402 920
231 533 1133 1 561 1141
232 399 1182 1 434 1212
233 179 630 1 198 667
234 420 257 1 428 292
235 331 54 1 334 95
236 403 235 1 410 271
237 460 854 1 483 881
238 198 687 1 219 724
239 187 1030 1 219 1063
240 186 869 1 212 902
241 454 739 1 475 768
242 145 371 1 158 412
243 454 781 1 477 807
244 451 236 1 458 271
245 339 299 1 349 336
246 76 1248 1 113 1283
247 470 784 1 491 810
248 490 62 1 491 100
249 357 655 1 376 687
250 360 590 1 378 622
251 440 275 1 448 310
252 290 669 1 309 703
253 142 581 1 161 621
254 161 1082 1 194 1112
255 178 1039 1 209 1071
256 266 708 1 287 742
257 96 1083 1 131 1114
258 101 1004 1 131 1039
259 358 406 1 370 441
260 412 341 1 423 375
261 335 558 1 352 592
262 52 943 1 83 976
263 354 985 1 383 1016
264 82 523 1 101 563
265 219 560 1 236 598
266 431 1059 1 462 1087
267 217 542 1 235 579
268 336 687 1 356 721
269 192 932 1 220 964
270 121 154 1 131 199
271 411 1009 1 440 1038
272 264 234 1 272 273
273 157 929 1 186 963
274 194 498 1 210 536
275 390 1247 1 426 1278
276 436 362 1 448 395
277 258 335 1 269 374
278 352 546 1 367 579
279 476 1042 1 504 1067
280 405 838 1 428 866
281 195 559 1 212 597
282 443 843 1 467 870
283 593 1106 1 618 1111
284 133 437 1 148 478
285 162 818 1 187 851
286 142 856 1 169 890
287 205 209 1 214 251
288 359 223 1 367 261
289 359 434 1 372 469
290 433 1054 1 464 1078
291 337 407 1 350 442
292 97 179 1 108 223
293 217 436 1 230 475
294 194 481 1 209 519
295 416 139 1 421 176
296 411 403 1 423 436
297 131 1103 1 165 1134
298 144 985 1 173 1023
299 370 1044 1 399 1071
300 498 1052 1 524 1063
301 79 1017 1 111 1051
302 407 808 1 430 836
303 232 162 1 240 204
304 463 380 1 474 412
305 175 955 1 204 989
306 338 310 1 349 346
307 337 434 1 350 469
308 348 557 1 364 591
309 196 619 1 215 657
310 434 61 1 436 99
311 337 418 1 349 453
312 454 879 1 479 906
313 51 1056 1 85 1088
314 407 892 1 432 920
315 407 1087 1 438 1117
316 395 248 1 403 284
317 377 386 1 389 420
318 159 541 1 176 580
319 190 292 1 201 333
320 242 632 1 261 668
321 337 540 1 353 574
322 137 1184 1 172 1217
323 416 1057 1 446 1086
324 377 909 1 402 938
325 429 836 1 452 864
326 95 1132 1 129 1165
327 452 922 1 479 949
328 167 777 1 189 812
329 184 831 1 209 863
330 338 326 1 349 362
331 403 542 1 419 573
332 180 193 1 190 236
333 483 781 1 504 807
334 456 843 1 479 870
335 417 1090 1 448 1119
336 207 912 1 234 946
337 57 1112 1 93 1143
338 359 316 1 369 352
339 550 1128 1 577 1135
340 76 1070 1 109 1102
341 190 402 1 204 441
342 67 1082 1 101 1113
343 370 44 1 373 84
344 449 114 1 452 150
345 158 806 1 185 840
346 120 167 1 131 212
347 442 25 1 443 65
348 529 1146 1 557 1153
349 58 892 1 89 925
350 451 387 1 462 419
351 58 1137 1 92 1170
352 79 915 1 106 949
353 137 161 1 146 206
354 132 1011 1 163 1044
355 38 940 1 69 973
356 167 576 1 185 614
357 385 1122 1 418 1156
358 401 1129 1 433 1158
359 95 884 1 124 918
360 358 756 1 380 786
361 317 178 1 321 217
362 263 1230 1 300 1267
363 473 465 1 485 497
364 490 536 1 504 565
365 120 1108 1 154 1138
366 430 258 1 437 293
367 357 327 1 367 363
368 570 1147 1 597 1154
369 251 740 1 272 774
370 367 938 1 393 967
371 441 915 1 465 942
372 437 556 1 453 586
373 122 1246 1 161 1279
374 78 414 1 95 456
375 146 1219 1 183 1250
376 345 1207 1 379 1242
377 488 187 1 492 222
378 440 148 1 444 185
379 426 883 1 451 911
380 390 591 1 407 622
381 317 1216 1 352 1251
382 188 231 1 198 273
383 217 168 1 225 211
384 34 1047 1 67 1082
385 106 908 1 135 943
386 476 123 1 479 158
387 141 1062 1 174 1094
388 68 1095 1 103 1127
389 391 604 1 408 635
390 101 1198 1 136 1234
391 430 905 1 456 933
392 187 890 1 213 924
393 73 1186 1 109 1217
394 235 749 1 258 780
395 183 994 1 213 1026
396 218 827 1 243 861
397 74 1176 1 110 1209
398 440 747 1 461 777
399 488 808 1 509 834
400 141 1109 1 174 1142
401 362 611 1 380 642
402 367 662 1 386 695
403 398 1045 1 429 1071
404 243 522 1 260 558
405 437 48 1 439 86
406 525 1081 1 551 1090
407 183 788 1 208 822
408 202 965 1 229 1000
409 248 175 1 255 217
410 196 667 1 216 703
411 407 251 1 415 287
412 291 149 1 296 191
413 549 831 1 568 851
414 156 289 1 168 331
415 164 348 1 177 389
416 66 1041 1 99 1074
417 351 233 1 358 271
418 245 814 1 270 847
419 176 945 1 204 977
420 443 945 1 469 972
421 453 930 1 479 957
422 170 806 1 197 838
423 451 976 1 478 1004
424 429 809 1 452 836
425 445 854 1 469 881
426 462 96 1 464 133
427 169 634 1 189 672
428 318 57 1 321 98
429 450 492 1 463 524
430 373 673 1 392 705
431 165 200 1 175 243
432 162 1162 1 197 1194
433 438 868 1 462 895
434 401 935 1 428 963
435 182 859 1 208 891
436 67 162 1 78 207
437 143 867 1 170 901
438 391 501 1 405 533
439 452 526 1 466 557
440 496 840 1 519 866
441 525 734 1 544 758
442 455 601 1 472 631
443 253 524 1 270 560
444 412 316 1 422 351
445 412 991 1 440 1020
446 348 1040 1 378 1066
447 454 939 1 480 966
448 359 301 1 369 337
449 162 586 1 181 624
450 454 1125 1 486 1152
451 218 498 1 234 536
452 47 1183 1 82 1217
453 161 910 1 189 944
454 164 1006 1 193 1039
455 75 438 1 93 480
456 154 1111 1 188 1141
457 36 862 1 65 896
458 288 1115 1 321 1143
459 391 555 1 407 587
460 198 704 1 220 741
461 461 241 1 467 275
462 473 729 1 494 757
463 455 351 1 465 385
464 427 160 1 432 197
465 273 848 1 298 880
466 219 944 1 248 975
467 303 146 1 309 185
468 163 939 1 191 974
469 361 234 1 368 271
470 392 275 1 401 311
471 541 1157 1 569 1163
472 473 773 1 494 800
473 416 838 1 440 866
474 454 889 1 478 916
475 574 990 1 597 1002
476 318 886 1 344 917
477 119 802 1 145 835
478 133 1001 1 165 1032
479 338 232 1 345 270
480 116 1039 1 148 1072
481 460 471 1 473 502
482 408 371 1 419 405
483 106 1023 1 138 1056
484 456 281 1 464 315
485 226 193 1 234 235
486 523 510 1 535 538
487 362 623 1 380 656
488 382 1139 1 415 1172
489 235 920 1 262 953
490 440 809 1 463 836
491 388 1083 1 419 1115
492 68 1146 1 103 1179
493 79 883 1 107 917
494 359 201 1 367 239
495 236 230 1 246 271
496 111 1101 1 144 1133
497 451 225 1 458 260
498 349 1111 1 382 1143
499 465 511 1 479 542
500 210 810 1 235 843
501 464 525 1 479 556
502 49 970 1 81 1002
503 228 151 1 236 193
504 107 1181 1 142 1214
505 321 1240 1 356 1275
506 138 1020 1 169 1053
507 179 1146 1 214 1175
508 99 897 1 127 931
509 192 947 1 220 980
510 230 877 1 256 910
511 548 1056 1 574 1066
512 564 1136 1 591 1143
513 244 927 1 271 961
514 262 438 1 277 475
515 234 1251 1 270 1287
516 97 1072 1 130 1104
517 461 547 1 476 577
518 421 1003 1 449 1031
519 126 978 1 156 1011
520 503 811 1 524 836
521 146 894 1 173 928
522 45 1194 1 82 1227
523 113 860 1 140 894
524 332 1121 1 365 1155
525 396 724 1 416 755
526 203 945 1 230 979
527 120 1071 1 153 1103
528 371 924 1 398 955
529 388 1219 1 423 1249
530 352 976 1 379 1006
531 275 1225 1 311 1262
532 461 450 1 473 482
533 156 714 1 179 751
534 221 526 1 238 563
535 290 709 1 310 743
536 381 529 1 396 561
537 130 831 1 156 865
538 203 904 1 230 936
539 465 391 1 476 423
540 76 1165 1 111 1197
541 429 783 1 451 810
542 492 74 1 493 111
543 326 127 1 330 167
544 235 814 1 260 846
545 41 1058 1 74 1092
546 241 646 1 260 681
547 402 903 1 427 931
548 448 49 1 449 87
549 269 631 1 288 665
550 127 1033 1 159 1066
551 392 373 1 403 408
552 258 824 1 283 856
553 599 644 1 609 663
554 119 901 1 147 934
555 434 470 1 448 503
556 157 919 1 185 953
557 234 930 1 261 962
558 162 827 1 187 861
559 439 878 1 463 905
560 217 794 1 241 828
561 366 895 1 392 924
562 283 409 1 296 446
563 89 873 1 117 907
564 101 1146 1 136 1177
565 87 901 1 116 936
566 348 433 1 362 468
567 152 1245 1 188 1284
568 556 1189 1 586 1195
569 84 954 1 115 987
570 513 458 1 524 489
571 243 778 1 266 813
572 349 222 1 356 260
573 390 548 1 406 580
574 401 978 1 429 1007
575 428 867 1 452 894
576 377 562 1 393 595
577 379 1209 1 414 1241
578 440 782 1 461 810
579 154 524 1 171 563
580 175 336 1 187 378
581 466 36 1 467 75
582 367 980 1 395 1010
583 307 26 1 311 67
584 337 798 1 361 831
585 381 187 1 388 224
586 197 815 1 222 847
587 146 938 1 175 973
588 456 328 1 466 361
589 61 1014 1 93 1048
590 383 1199 1 417 1231
591 388 146 1 393 184
592 191 212 1 201 254
593 409 954 1 435 982
594 262 1131 1 295 1159
595 462 224 1 468 259
596 156 481 1 172 520
597 406 913 1 431 941
598 56 1177 1 94 1209
599 239 389 1 253 428
600 477 93 1 479 129
601 281 806 1 304 841
602 363 501 1 377 535
603 275 823 1 300 855
604 414 623 1 432 655
605 58 1122 1 93 1153
606 53 998 1 85 1032
607 601 1124 1 626 1128
608 152 843 1 179 876
609 362 643 1 380 675
610 131 924 1 159 958
611 336 497 1 351 531
612 511 1067 1 537 1077
613 363 1140 1 395 1174
614 174 933 1 202 967
615 432 1068 1 462 1096
616 78 1081 1 111 1113
617 455 482 1 468 513
618 418 910 1 444 937
619 559 901 1 580 918
620 56 967 1 89 999
621 629 714 1 640 728
622 438 121 1 442 158
623 431 690 1 451 720
624 99 983 1 129 1017
625 230 885 1 256 921
626 417 1202 1 452 1232
627 294 881 1 319 912
628 154 1183 1 188 1220
629 85 175 1 96 221
630 157 774 1 180 810
631 402 1232 1 438 1263
632 397 49 1 400 88
633 221 899 1 248 932
634 221 207 1 230 249
635 165 523 1 182 562
636 437 993 1 465 1022
637 419 700 1 439 731
638 475 161 1 478 197
639 450 447 1 462 479
640 515 896 1 539 919
641 304 886 1 330 916
642 405 553 1 420 585
643 248 1074 1 280 1102
644 452 68 1 453 105
645 216 474 1 231 511
646 303 128 1 308 168
647 185 910 1 213 943
648 364 464 1 378 498
649 407 794 1 429 822
650 228 943 1 257 975
651 390 848 1 414 877
652 226 963 1 254 996
653 286 176 1 293 217
654 262 840 1 288 872
655 65 1230 1 101 1270
656 269 649 1 289 684
657 146 818 1 173 852
658 35 1214 1 69 1253
659 249 1117 1 282 1145
660 461 253 1 468 288
661 326 798 1 349 831
662 171 175 1 181 219
663 460 178 1 464 214
664 111 1050 1 143 1082
665 43 874 1 73 908
666 173 858 1 199 891
667 305 61 1 311 102
668 348 416 1 360 451
