0 331 996 1 398 1019
1 447 1067 1 514 1082
2 25 1075 1 98 1098
3 416 340 1 457 363
4 416 324 1 457 347
5 319 624 1 371 647
6 413 270 1 451 295
7 373 1232 1 447 1251
8 405 514 1 452 535
9 394 324 1 435 348
10 180 186 1 217 221
11 402 769 1 459 788
12 462 42 1 489 68
13 395 340 1 436 363
14 378 1075 1 447 1094
15 415 350 1 456 373
16 420 367 1 462 390
17 366 1167 1 437 1186
18 444 66 1 472 91
19 433 603 1 484 622
20 235 294 1 276 325
21 467 1082 1 529 1081
22 322 959 1 386 979
23 411 413 1 455 435
24 427 623 1 478 642
25 219 246 1 258 278
26 230 364 1 273 394
27 323 605 1 374 629
28 134 323 1 177 358
29 440 554 1 487 573
30 275 274 1 315 304
31 209 184 1 244 218
32 256 90 1 288 122
33 443 842 1 502 858
34 431 62 1 460 88
35 406 838 1 465 855
36 294 200 1 330 231
37 457 836 1 517 852
38 80 1108 1 154 1129
39 251 821 1 311 847
40 224 187 1 261 221
41 215 541 1 265 568
42 435 82 1 465 107
43 273 289 1 314 319
44 144 644 1 199 673
45 408 437 1 452 459
46 342 1231 1 416 1251
47 419 690 1 473 710
48 415 662 1 469 682
49 465 808 1 522 823
50 443 183 1 476 207
51 256 230 1 294 262
52 433 1103 1 500 1118
53 46 1060 1 119 1083
54 134 338 1 178 373
55 400 534 1 449 555
56 459 827 1 517 842
57 138 387 1 184 421
58 294 222 1 331 252
59 368 1149 1 439 1168
60 451 622 1 501 638
61 203 259 1 242 292
62 253 386 1 298 415
63 429 680 1 483 699
64 367 682 1 421 704
65 135 242 1 175 279
66 456 109 1 486 133
67 372 1108 1 441 1126
68 401 54 1 430 80
69 422 837 1 481 854
70 391 1032 1 457 1048
71 387 386 1 429 409
72 135 918 1 201 942
73 259 796 1 317 821
74 439 445 1 483 466
75 430 639 1 483 657
76 446 831 1 505 847
77 148 929 1 214 953
78 354 1070 1 423 1086
79 417 754 1 474 774
80 367 692 1 421 714
81 260 281 1 300 311
82 347 64 1 377 94
83 403 165 1 437 191
84 448 639 1 500 657
85 342 33 1 371 62
86 399 350 1 440 373
87 219 390 1 263 420
88 330 679 1 383 701
89 169 1254 1 244 1282
90 113 1253 1 189 1280
91 391 626 1 443 646
92 185 314 1 227 347
93 301 182 1 336 212
94 367 179 1 401 207
95 113 1068 1 185 1090
96 460 181 1 493 204
97 117 173 1 156 212
98 331 215 1 367 244
99 384 511 1 432 533
100 253 471 1 302 498
101 418 564 1 468 584
102 123 465 1 172 498
103 449 800 1 506 816
104 321 1055 1 390 1072
105 303 614 1 355 638
106 330 49 1 359 78
107 186 292 1 227 325
108 532 1186 1 598 1181
109 306 668 1 359 692
110 231 815 1 292 839
111 130 1103 1 202 1129
112 386 239 1 423 264
113 256 311 1 297 341
114 183 417 1 229 449
115 370 510 1 418 533
116 185 466 1 233 497
117 161 315 1 203 350
118 435 113 1 466 138
119 364 995 1 430 1015
120 185 404 1 231 435
121 404 40 1 432 68
122 160 588 1 213 618
123 253 481 1 301 509
124 218 636 1 272 664
125 509 1190 1 575 1186
126 397 67 1 427 93
127 408 1079 1 476 1093
128 258 215 1 295 247
129 378 1085 1 445 1105
130 61 1167 1 137 1188
131 159 875 1 222 899
132 395 113 1 425 140
133 373 827 1 431 845
134 178 938 1 244 960
135 235 203 1 272 236
136 170 919 1 235 944
137 242 379 1 286 409
138 384 790 1 442 811
139 107 884 1 174 909
140 159 466 1 208 497
141 368 74 1 397 102
142 128 432 1 175 467
143 258 203 1 295 235
144 449 194 1 483 218
145 218 651 1 272 677
146 389 368 1 431 391
147 66 1031 1 138 1055
148 416 1062 1 483 1077
149 161 422 1 207 455
150 255 811 1 316 834
151 58 1062 1 130 1086
152 262 785 1 322 810
153 256 299 1 297 330
154 186 589 1 239 618
155 249 283 1 290 314
156 395 833 1 454 851
157 418 1072 1 486 1088
158 412 259 1 449 283
159 496 1177 1 562 1173
160 352 648 1 405 670
161 124 497 1 174 531
162 429 695 1 484 714
163 352 378 1 395 403
164 389 310 1 429 334
165 126 1048 1 197 1070
166 402 275 1 440 299
167 411 828 1 470 845
168 435 612 1 486 631
169 519 1188 1 585 1183
170 178 884 1 242 907
171 161 546 1 212 577
172 216 730 1 273 757
173 233 404 1 278 433
174 232 673 1 286 698
175 211 195 1 248 229
176 180 199 1 218 234
177 240 316 1 282 346
178 160 885 1 225 907
179 422 515 1 468 536
180 445 414 1 489 435
181 31 1061 1 103 1085
182 235 216 1 272 248
183 417 99 1 448 124
184 165 946 1 230 968
185 463 159 1 495 183
186 388 981 1 452 1000
187 160 438 1 207 471
188 186 671 1 241 699
189 310 225 1 347 254
190 54 1010 1 125 1034
191 383 532 1 432 554
192 389 203 1 424 229
193 328 422 1 372 447
194 386 433 1 430 456
195 97 1149 1 171 1171
196 141 376 1 186 411
197 247 1242 1 323 1266
198 160 335 1 203 369
199 302 624 1 354 648
200 185 336 1 228 369
201 442 54 1 470 80
202 415 673 1 468 693
203 172 827 1 234 851
204 74 1236 1 151 1259
205 130 780 1 190 809
206 384 284 1 423 309
207 399 708 1 454 728
208 395 514 1 442 536
209 68 925 1 134 952
210 134 1064 1 207 1084
211 211 893 1 274 920
212 419 805 1 477 822
213 108 1082 1 180 1104
214 208 931 1 273 957
215 236 422 1 282 452
216 382 556 1 432 578
217 130 559 1 182 592
218 186 622 1 240 652
219 195 919 1 260 941
220 414 617 1 465 637
221 423 999 1 488 1016
222 333 543 1 381 567
223 303 682 1 358 705
224 395 730 1 450 750
225 427 407 1 470 429
226 341 899 1 403 917
227 499 1152 1 565 1149
228 144 633 1 199 663
229 392 261 1 429 286
230 149 1040 1 219 1062
231 304 58 1 335 88
232 374 239 1 411 265
233 426 862 1 485 878
234 62 1047 1 134 1071
235 163 691 1 219 719
236 149 875 1 213 900
237 420 745 1 476 764
238 114 372 1 159 407
239 148 1029 1 218 1054
240 420 789 1 478 805
241 423 241 1 459 265
242 309 302 1 349 330
243 436 791 1 493 807
244 464 68 1 492 93
245 324 660 1 377 683
246 328 595 1 379 618
247 412 280 1 450 304
248 256 673 1 310 698
249 108 584 1 161 617
250 113 1190 1 189 1217
251 139 1047 1 209 1070
252 232 713 1 288 738
253 56 1094 1 130 1115
254 316 1073 1 384 1095
255 327 410 1 371 436
256 382 345 1 424 369
257 303 562 1 353 587
258 318 993 1 385 1013
259 174 750 1 231 779
260 47 525 1 100 559
261 186 563 1 237 593
262 396 1069 1 464 1085
263 185 544 1 235 574
264 449 32 1 476 57
265 92 153 1 130 193
266 375 1017 1 441 1035
267 235 235 1 273 267
268 120 936 1 186 961
269 161 500 1 211 532
270 48 1216 1 125 1239
271 406 367 1 449 390
272 227 337 1 269 368
273 319 550 1 369 575
274 441 1052 1 506 1067
275 370 845 1 430 864
276 26 1157 1 103 1180
277 162 561 1 213 593
278 409 850 1 469 868
279 560 1125 1 623 1119
280 100 438 1 148 473
281 123 1076 1 195 1097
282 124 824 1 187 849
283 105 863 1 169 888
284 176 210 1 214 245
285 331 227 1 368 255
286 328 438 1 373 463
287 398 1064 1 466 1078
288 321 898 1 383 918
289 89 1170 1 164 1190
290 307 411 1 351 437
291 109 943 1 175 971
292 67 177 1 107 217
293 185 438 1 231 470
294 161 483 1 210 514
295 389 143 1 422 169
296 381 407 1 424 431
297 54 1198 1 132 1220
298 334 1054 1 401 1071
299 373 815 1 432 833
300 203 163 1 240 198
301 433 385 1 475 407
302 138 962 1 205 987
303 309 313 1 349 341
304 306 438 1 351 464
305 315 561 1 365 586
306 162 622 1 216 652
307 407 67 1 437 92
308 306 422 1 350 448
309 419 887 1 481 904
310 372 899 1 434 918
311 371 1095 1 440 1115
312 367 252 1 404 278
313 347 390 1 390 415
314 125 543 1 177 576
315 160 293 1 201 327
316 208 635 1 262 664
317 304 544 1 354 569
318 64 1016 1 135 1041
319 121 900 1 186 925
320 342 917 1 403 936
321 395 844 1 454 861
322 54 1141 1 129 1164
323 418 930 1 481 946
324 147 838 1 209 862
325 463 1070 1 527 1070
326 124 851 1 187 876
327 309 330 1 350 357
328 370 547 1 420 568
329 151 194 1 190 230
330 450 789 1 506 804
331 421 850 1 481 867
332 381 1098 1 450 1117
333 374 801 1 430 820
334 329 320 1 370 347
335 517 1146 1 581 1142
336 159 404 1 205 436
337 26 1092 1 100 1114
338 344 48 1 374 77
339 422 119 1 453 144
340 122 812 1 185 838
341 47 1081 1 121 1103
342 91 166 1 130 206
343 39 1024 1 110 1050
344 495 1165 1 561 1161
345 40 1105 1 114 1127
346 421 391 1 464 414
347 107 160 1 146 199
348 156 894 1 220 918
349 133 578 1 186 610
350 368 1189 1 441 1209
351 79 1247 1 156 1269
352 364 1137 1 435 1156
353 203 851 1 265 876
354 56 890 1 123 917
355 98 1028 1 169 1052
356 324 762 1 381 783
357 289 180 1 322 210
358 226 1238 1 301 1263
359 442 471 1 487 492
360 459 542 1 506 560
361 49 1022 1 119 1046
362 401 263 1 439 287
363 326 331 1 368 357
364 537 1167 1 601 1162
365 332 946 1 395 965
366 188 882 1 250 906
367 406 922 1 467 940
368 405 561 1 455 581
369 34 1187 1 110 1209
370 44 414 1 94 451
371 57 966 1 127 988
372 181 793 1 240 820
373 308 1214 1 381 1238
374 461 193 1 494 216
375 412 152 1 446 178
376 391 891 1 453 908
377 358 596 1 409 618
378 280 1223 1 353 1248
379 119 910 1 185 934
380 158 232 1 198 267
381 189 169 1 225 204
382 68 914 1 135 941
383 449 128 1 481 152
384 103 1071 1 174 1094
385 27 1106 1 102 1128
386 358 609 1 409 630
387 395 913 1 457 930
388 65 1190 1 142 1214
389 41 897 1 108 923
390 31 1197 1 109 1218
391 200 753 1 258 777
392 145 1000 1 213 1025
393 182 832 1 243 858
394 214 883 1 278 908
395 85 902 1 150 929
396 406 753 1 463 773
397 454 816 1 511 831
398 329 615 1 381 637
399 75 1006 1 146 1030
400 334 668 1 387 690
401 154 940 1 220 963
402 363 1054 1 430 1070
403 211 525 1 260 554
404 411 54 1 440 80
405 491 1099 1 554 1097
406 147 794 1 208 820
407 183 951 1 248 974
408 220 177 1 256 211
409 162 670 1 217 699
410 124 1013 1 194 1037
411 378 255 1 416 281
412 516 842 1 571 852
413 126 289 1 168 325
414 133 349 1 177 383
415 27 1049 1 98 1074
416 323 236 1 359 265
417 211 819 1 271 844
418 138 951 1 204 975
419 407 953 1 471 970
420 418 938 1 481 955
421 134 813 1 196 837
422 416 984 1 480 1001
423 395 816 1 453 834
424 131 802 1 192 827
425 410 861 1 470 878
426 435 101 1 466 126
427 135 637 1 190 668
428 291 61 1 322 92
429 418 498 1 465 519
430 340 679 1 393 701
431 136 200 1 175 237
432 123 1173 1 197 1194
433 403 875 1 464 893
434 366 942 1 430 961
435 145 866 1 208 890
436 36 159 1 77 201
437 105 874 1 170 899
438 105 985 1 173 1007
439 359 505 1 406 528
440 420 532 1 468 552
441 462 848 1 521 864
442 492 742 1 546 756
443 423 606 1 473 626
444 54 1035 1 126 1059
445 220 527 1 270 555
446 383 320 1 424 345
447 376 999 1 442 1018
448 312 1049 1 379 1066
449 419 947 1 482 964
450 329 304 1 370 331
451 128 588 1 181 619
452 90 1114 1 164 1134
453 418 1136 1 488 1152
454 185 500 1 234 531
455 277 1036 1 345 1059
456 415 34 1 444 58
457 281 67 1 311 96
458 42 439 1 92 475
459 114 1121 1 188 1142
460 251 1126 1 322 1144
461 359 560 1 408 582
462 163 709 1 221 737
463 432 246 1 469 268
464 440 736 1 496 753
465 35 1077 1 109 1102
466 426 357 1 466 379
467 164 1007 1 233 1030
468 238 855 1 299 877
469 316 1234 1 390 1259
470 125 945 1 192 971
471 332 237 1 369 265
472 363 279 1 402 305
473 507 1176 1 573 1172
474 439 781 1 496 797
475 382 846 1 441 864
476 419 897 1 480 914
477 542 1005 1 601 1007
478 283 894 1 346 915
479 81 807 1 144 833
480 94 1010 1 164 1032
481 309 235 1 346 264
482 76 1048 1 148 1071
483 429 476 1 475 497
484 377 376 1 420 400
485 160 528 1 211 559
486 427 286 1 466 309
487 197 194 1 234 228
488 492 517 1 537 534
489 329 628 1 382 651
490 346 1146 1 417 1168
491 107 916 1 174 941
492 407 817 1 465 834
493 351 1089 1 421 1112
494 331 205 1 368 233
495 207 232 1 246 265
496 423 230 1 459 254
497 197 814 1 258 839
498 313 1119 1 383 1140
499 433 517 1 480 537
500 378 1065 1 448 1084
501 433 531 1 480 551
502 225 750 1 283 774
503 200 151 1 236 187
504 267 1121 1 337 1137
505 283 1248 1 358 1272
506 81 1118 1 154 1138
507 140 1158 1 214 1177
508 77 889 1 144 916
509 61 904 1 127 930
510 154 954 1 221 978
511 110 825 1 173 850
512 515 1073 1 578 1072
513 531 1155 1 595 1151
514 91 1069 1 163 1092
515 99 949 1 166 976
516 231 441 1 277 470
517 57 1082 1 130 1105
518 429 553 1 478 572
519 385 1010 1 451 1029
520 87 985 1 156 1010
521 137 973 1 206 996
522 470 819 1 527 834
523 77 832 1 141 858
524 296 1127 1 367 1151
525 362 729 1 418 750
526 80 1081 1 152 1103
527 336 932 1 399 953
528 351 1227 1 425 1247
529 316 983 1 381 1004
530 237 1232 1 312 1258
531 237 1242 1 313 1265
532 429 455 1 475 477
533 121 717 1 179 747
534 189 529 1 239 558
535 256 713 1 312 739
536 349 534 1 397 557
537 92 837 1 156 863
538 104 1002 1 174 1026
539 434 396 1 477 418
540 77 853 1 141 880
541 395 790 1 453 807
542 466 80 1 494 104
543 299 131 1 331 160
544 121 884 1 187 910
545 159 926 1 225 949
546 207 650 1 261 677
547 367 911 1 429 929
548 422 54 1 451 80
549 236 635 1 289 661
550 88 1041 1 159 1065
551 362 378 1 405 402
552 223 830 1 284 853
553 570 654 1 614 663
554 602 728 1 645 730
555 403 475 1 449 498
556 197 936 1 262 960
557 180 1038 1 249 1060
558 404 885 1 465 903
559 331 902 1 393 921
560 109 1033 1 178 1055
561 252 412 1 297 440
562 50 879 1 116 906
563 60 1157 1 136 1178
564 95 1197 1 171 1219
565 317 437 1 363 463
566 327 973 1 391 992
567 44 962 1 114 986
568 483 464 1 526 484
569 185 928 1 251 952
570 208 783 1 267 809
571 320 225 1 357 254
572 358 553 1 407 576
573 366 985 1 431 1004
574 394 875 1 454 892
575 111 1203 1 188 1228
576 345 568 1 395 590
577 341 1217 1 416 1238
578 406 789 1 463 807
579 121 526 1 172 558
580 144 337 1 188 372
581 440 41 1 468 68
582 315 1247 1 390 1269
583 179 487 1 228 517
584 81 1131 1 156 1154
585 354 190 1 389 218
586 161 821 1 222 845
587 90 795 1 152 822
588 201 958 1 267 978
589 354 1255 1 428 1276
590 427 333 1 467 355
591 45 172 1 84 213
592 346 1207 1 419 1228
593 361 150 1 394 178
594 162 212 1 201 248
595 373 962 1 437 980
596 225 1141 1 296 1160
597 434 229 1 469 253
598 45 939 1 114 965
599 123 482 1 172 515
600 370 921 1 433 939
601 209 391 1 253 422
602 451 98 1 480 122
603 75 1161 1 150 1181
604 245 812 1 305 837
605 331 505 1 379 530
606 239 830 1 300 853
607 381 629 1 433 650
608 569 1144 1 631 1137
609 114 849 1 178 875
610 329 648 1 381 671
611 304 501 1 352 526
612 477 1084 1 540 1083
613 326 1146 1 397 1170
614 539 995 1 597 995
615 395 1077 1 464 1094
616 103 1119 1 177 1139
617 423 487 1 469 508
618 168 896 1 232 922
619 383 917 1 445 935
620 63 1071 1 136 1095
621 411 126 1 443 151
622 398 695 1 452 716
623 422 1200 1 491 1199
624 78 1032 1 148 1058
625 87 1058 1 159 1080
626 380 1210 1 454 1229
627 258 888 1 320 910
628 55 173 1 95 215
629 121 777 1 181 807
630 366 1241 1 440 1261
631 371 54 1 401 81
632 185 907 1 249 930
633 73 994 1 142 1019
634 192 208 1 230 243
635 132 526 1 183 557
636 402 1001 1 467 1019
637 385 706 1 441 727
638 447 166 1 479 190
639 419 452 1 463 473
640 481 906 1 541 918
641 268 893 1 331 914
642 373 558 1 422 580
643 211 1084 1 281 1102
644 425 73 1 454 98
645 183 476 1 232 506
646 215 908 1 279 931
647 276 131 1 309 162
648 148 917 1 213 941
649 332 468 1 379 493
650 163 1067 1 233 1089
651 356 856 1 415 875
652 171 808 1 232 832
653 258 178 1 294 210
654 227 846 1 289 870
655 317 178 1 351 206
656 236 653 1 290 680
657 88 1183 1 164 1201
658 212 1128 1 283 1146
659 432 258 1 469 282
660 291 803 1 350 827
661 142 175 1 180 212
662 68 1210 1 145 1232
663 432 182 1 466 207
664 71 1059 1 143 1082
665 135 864 1 199 889
666 317 420 1 361 446
