0 481 1069 1 521 1078
1 446 331 1 461 348
2 446 315 1 461 332
3 350 618 1 374 635
4 442 260 1 455 278
5 406 1234 1 453 1246
6 437 506 1 457 522
7 424 314 1 439 332
8 206 178 1 218 205
9 434 764 1 464 778
10 489 169 1 497 186
11 425 330 1 440 348
12 411 1075 1 452 1088
13 445 341 1 460 358
14 450 358 1 466 375
15 399 1168 1 443 1181
16 465 596 1 489 610
17 261 285 1 277 309
18 353 960 1 391 973
19 442 404 1 459 421
20 459 617 1 484 630
21 246 238 1 260 262
22 257 356 1 275 380
23 354 599 1 378 617
24 161 316 1 178 343
25 471 547 1 493 561
26 301 264 1 317 288
27 235 177 1 246 202
28 476 841 1 509 851
29 458 49 1 463 69
30 438 837 1 471 849
31 321 190 1 333 214
32 491 835 1 524 845
33 488 30 1 493 48
34 28 943 1 72 961
35 250 178 1 262 204
36 229 251 1 244 276
37 403 1109 1 447 1121
38 244 535 1 268 556
39 463 69 1 469 89
40 471 173 1 480 190
41 502 1103 1 542 1099
42 300 280 1 316 303
43 174 639 1 202 662
44 438 429 1 457 445
45 375 1233 1 421 1246
46 451 685 1 478 699
47 447 656 1 474 670
48 498 806 1 529 816
49 283 222 1 296 245
50 364 991 1 403 1007
51 161 332 1 179 359
52 433 523 1 454 539
53 492 825 1 524 835
54 166 381 1 185 407
55 321 212 1 334 235
56 401 1150 1 444 1163
57 483 616 1 507 627
58 466 1106 1 507 1116
59 137 884 1 175 903
60 281 378 1 300 400
61 461 674 1 488 688
62 399 676 1 426 692
63 161 236 1 176 263
64 484 97 1 490 115
65 72 1064 1 119 1082
66 428 43 1 433 63
67 455 836 1 487 848
68 417 377 1 434 394
69 290 790 1 321 809
70 469 436 1 488 452
71 462 633 1 488 646
72 480 830 1 512 840
73 387 1075 1 428 1085
74 450 750 1 479 764
75 399 687 1 426 703
76 286 272 1 302 295
77 432 153 1 441 173
78 410 1088 1 451 1099
79 480 634 1 506 646
80 69 1231 1 119 1249
81 429 341 1 444 358
82 247 382 1 265 406
83 361 674 1 387 690
84 288 804 1 320 823
85 373 54 1 380 77
86 397 994 1 435 1008
87 38 1177 1 89 1194
88 420 984 1 458 994
89 423 620 1 448 634
90 212 307 1 228 332
91 328 173 1 338 196
92 394 168 1 404 189
93 79 958 1 123 975
94 202 944 1 241 960
95 142 166 1 156 195
96 359 205 1 370 227
97 415 504 1 436 520
98 283 464 1 305 485
99 450 557 1 473 572
100 216 883 1 252 900
101 152 459 1 174 485
102 482 799 1 512 809
103 24 953 1 69 971
104 334 608 1 359 626
105 356 40 1 362 62
106 213 285 1 229 310
107 570 1215 1 614 1204
108 337 663 1 363 680
109 401 818 1 434 832
110 415 229 1 427 248
111 284 303 1 299 326
112 602 1151 1 642 1140
113 212 410 1 231 435
114 400 503 1 422 520
115 214 460 1 235 484
116 188 309 1 205 335
117 463 102 1 470 120
118 284 292 1 299 314
119 213 397 1 232 421
120 141 1073 1 186 1089
121 190 583 1 215 606
122 282 475 1 303 496
123 249 631 1 275 652
124 546 1220 1 591 1209
125 424 56 1 430 76
126 441 1082 1 483 1091
127 285 206 1 297 230
128 427 833 1 459 844
129 41 1098 1 89 1115
130 414 1099 1 456 1111
131 285 1224 1 332 1243
132 470 52 1 476 72
133 75 1025 1 119 1044
134 422 102 1 429 122
135 162 918 1 202 938
136 261 194 1 274 219
137 269 371 1 288 394
138 416 785 1 447 800
139 188 460 1 209 484
140 156 427 1 176 453
141 284 194 1 297 219
142 284 81 1 290 106
143 418 1010 1 457 1022
144 248 646 1 275 666
145 419 358 1 435 376
146 419 1032 1 458 1043
147 189 416 1 209 441
148 262 227 1 275 251
149 295 780 1 326 799
150 216 584 1 241 606
151 84 1087 1 130 1105
152 275 273 1 291 298
153 354 1061 1 395 1072
154 441 249 1 453 267
155 532 1205 1 577 1195
156 383 643 1 409 659
157 88 1174 1 138 1190
158 153 492 1 176 518
159 462 689 1 489 702
160 382 370 1 399 389
161 418 300 1 433 319
162 38 1129 1 87 1148
163 431 265 1 444 283
164 162 835 1 198 854
165 443 827 1 476 838
166 467 606 1 491 619
167 556 1217 1 601 1206
168 206 886 1 243 902
169 190 540 1 214 564
170 247 726 1 276 746
171 259 397 1 280 419
172 263 668 1 290 687
173 238 187 1 249 213
174 206 191 1 219 218
175 268 308 1 284 331
176 430 32 1 435 51
177 453 508 1 473 523
178 476 405 1 493 420
179 456 999 1 494 1010
180 137 1086 1 181 1103
181 262 207 1 274 232
182 445 88 1 451 106
183 57 1199 1 108 1215
184 492 146 1 500 165
185 189 432 1 209 457
186 217 666 1 244 688
187 126 1251 1 173 1271
188 338 216 1 350 238
189 124 1023 1 166 1041
190 415 525 1 437 541
191 142 951 1 182 972
192 417 192 1 428 212
193 357 414 1 375 433
194 416 425 1 434 442
195 125 1154 1 172 1170
196 169 370 1 187 397
197 35 1070 1 83 1089
198 188 328 1 205 354
199 333 618 1 358 636
200 213 329 1 230 354
201 469 41 1 474 61
202 447 668 1 473 682
203 461 231 1 473 252
204 413 275 1 427 293
205 431 703 1 458 717
206 243 890 1 278 909
207 451 804 1 483 815
208 214 815 1 249 833
209 261 463 1 282 485
210 413 549 1 436 566
211 159 554 1 183 580
212 216 618 1 243 641
213 366 1060 1 406 1070
214 445 611 1 470 625
215 363 537 1 385 555
216 335 676 1 362 694
217 427 725 1 455 739
218 458 398 1 475 414
219 175 933 1 214 951
220 373 898 1 408 911
221 536 1180 1 579 1170
222 173 629 1 201 652
223 420 251 1 433 270
224 179 1044 1 221 1060
225 331 50 1 337 72
226 402 228 1 414 248
227 458 861 1 491 872
228 194 686 1 222 708
229 451 1075 1 492 1084
230 149 901 1 188 920
231 453 740 1 481 754
232 141 366 1 160 393
233 453 787 1 485 798
234 452 230 1 463 248
235 337 293 1 352 314
236 160 1042 1 202 1058
237 469 789 1 500 800
238 492 54 1 496 73
239 355 654 1 381 671
240 152 1132 1 199 1146
241 359 589 1 383 606
242 441 270 1 454 288
243 287 668 1 314 687
244 137 579 1 163 605
245 468 1136 1 511 1142
246 263 708 1 292 727
247 226 945 1 264 963
248 135 1208 1 182 1228
249 357 402 1 375 422
250 412 336 1 428 354
251 333 556 1 357 575
252 351 992 1 390 1006
253 204 746 1 235 768
254 402 831 1 436 844
255 73 521 1 100 547
256 215 558 1 239 581
257 132 863 1 170 883
258 214 539 1 238 562
259 49 1181 1 99 1198
260 122 1216 1 169 1233
261 116 145 1 129 175
262 408 1016 1 447 1029
263 187 874 1 224 893
264 190 495 1 212 519
265 136 1036 1 180 1053
266 436 358 1 453 375
267 253 329 1 271 353
268 350 544 1 372 562
269 262 813 1 295 831
270 475 1057 1 514 1065
271 402 844 1 435 857
272 192 556 1 215 580
273 441 849 1 475 861
274 135 837 1 173 857
275 129 433 1 149 459
276 152 823 1 188 843
277 263 1253 1 311 1271
278 203 203 1 216 229
279 359 217 1 371 238
280 357 431 1 377 450
281 431 1068 1 472 1077
282 352 897 1 387 912
283 135 1096 1 181 1112
284 336 403 1 354 423
285 112 1085 1 158 1102
286 92 170 1 107 201
287 214 432 1 233 456
288 190 477 1 212 502
289 417 133 1 425 153
290 411 398 1 428 416
291 166 976 1 207 993
292 128 943 1 167 962
293 229 154 1 241 180
294 463 376 1 480 392
295 178 943 1 217 961
296 337 305 1 352 325
297 335 430 1 354 450
298 346 555 1 369 574
299 192 617 1 218 641
300 435 57 1 440 76
301 335 414 1 354 434
302 452 886 1 487 897
303 110 1145 1 157 1163
304 404 899 1 439 911
305 395 242 1 408 262
306 376 382 1 393 401
307 154 538 1 178 564
308 187 286 1 203 312
309 239 630 1 265 652
310 335 538 1 357 557
311 143 992 1 186 1008
312 147 910 1 186 930
313 181 1028 1 221 1047
314 373 916 1 408 930
315 427 843 1 460 855
316 108 1039 1 151 1058
317 451 930 1 487 940
318 175 838 1 210 857
319 149 1028 1 192 1042
320 337 321 1 353 342
321 401 541 1 424 556
322 177 186 1 191 214
323 483 787 1 513 797
324 454 849 1 487 860
325 405 799 1 436 813
326 358 311 1 373 331
327 554 1173 1 597 1163
328 115 1176 1 165 1192
329 187 397 1 207 422
330 450 108 1 457 126
331 105 871 1 143 891
332 116 158 1 130 189
333 532 1193 1 575 1183
334 88 1070 1 131 1084
335 451 383 1 468 399
336 209 841 1 244 860
337 245 169 1 257 194
338 132 152 1 146 182
339 163 573 1 188 598
340 402 1190 1 446 1203
341 68 875 1 107 896
342 398 1138 1 441 1151
343 83 893 1 123 913
344 81 1209 1 129 1227
345 356 760 1 385 774
346 316 171 1 324 193
347 473 463 1 492 478
348 491 535 1 512 548
349 431 252 1 443 271
350 356 322 1 371 342
351 575 1195 1 618 1184
352 363 946 1 400 959
353 439 922 1 473 934
354 437 554 1 460 569
355 70 409 1 93 438
356 233 793 1 267 810
357 341 1211 1 387 1228
358 102 907 1 141 927
359 441 140 1 449 160
360 424 890 1 459 902
361 389 590 1 413 606
362 313 1220 1 359 1238
363 185 224 1 199 251
364 214 160 1 226 187
365 478 116 1 485 134
366 35 973 1 80 992
367 389 603 1 413 618
368 428 913 1 463 924
369 113 947 1 153 965
370 66 900 1 107 920
371 263 216 1 275 241
372 151 886 1 188 905
373 452 59 1 458 80
374 53 1097 1 100 1115
375 246 881 1 281 900
376 39 1001 1 83 1021
377 150 1108 1 195 1124
378 151 812 1 186 832
379 439 748 1 468 762
380 487 814 1 518 825
381 190 885 1 226 903
382 360 609 1 385 625
383 365 662 1 392 679
384 163 813 1 199 831
385 395 1059 1 436 1069
386 438 43 1 443 63
387 527 1123 1 568 1115
388 216 929 1 254 946
389 212 954 1 251 970
390 27 1189 1 77 1205
391 191 666 1 220 688
392 318 1247 1 363 1263
393 151 1099 1 196 1116
394 407 245 1 420 265
395 175 794 1 209 813
396 38 1188 1 89 1203
397 552 846 1 582 851
398 24 1202 1 76 1217
399 153 283 1 169 310
400 161 343 1 179 369
401 155 958 1 194 978
402 351 226 1 362 248
403 129 1001 1 172 1018
404 280 1234 1 327 1251
405 441 953 1 477 964
406 451 938 1 487 949
407 449 984 1 486 995
408 427 815 1 459 827
409 234 927 1 272 944
410 157 803 1 193 822
411 443 860 1 476 872
412 463 89 1 469 108
413 165 632 1 192 656
414 318 53 1 324 76
415 449 490 1 470 505
416 371 673 1 397 690
417 163 193 1 176 221
418 498 1090 1 539 1085
419 436 874 1 470 886
420 398 943 1 435 955
421 144 962 1 184 981
422 390 498 1 410 515
423 451 524 1 473 539
424 496 847 1 528 857
425 525 740 1 554 749
426 454 600 1 478 614
427 182 1054 1 224 1071
428 66 1085 1 112 1104
429 248 522 1 272 543
430 412 311 1 427 329
431 254 747 1 286 766
432 343 1054 1 384 1065
433 229 861 1 264 880
434 358 295 1 373 316
435 158 583 1 183 607
436 172 867 1 210 885
437 451 1140 1 495 1150
438 276 263 1 292 287
439 215 495 1 237 518
440 153 712 1 182 736
441 104 1075 1 151 1091
442 67 434 1 91 462
443 281 1132 1 326 1144
444 390 553 1 412 570
445 194 704 1 223 726
446 191 1002 1 232 1020
447 211 791 1 243 811
448 473 732 1 502 744
449 456 347 1 471 364
450 139 1120 1 185 1135
451 268 854 1 302 871
452 24 1075 1 72 1092
453 151 931 1 189 952
454 349 1231 1 396 1248
455 32 1145 1 82 1160
456 360 227 1 372 249
457 392 269 1 406 289
458 544 1205 1 588 1194
459 472 779 1 502 790
460 414 845 1 447 857
461 452 896 1 486 907
462 580 1022 1 617 1018
463 314 893 1 350 909
464 362 1091 1 405 1101
465 107 808 1 143 828
466 63 1096 1 110 1114
467 336 226 1 349 248
468 151 851 1 188 870
469 460 468 1 479 483
470 407 367 1 424 385
471 189 523 1 213 546
472 457 276 1 470 293
473 223 186 1 236 212
474 524 509 1 544 521
475 360 622 1 385 639
476 379 1142 1 422 1158
477 30 1111 1 77 1129
478 439 816 1 471 827
479 385 1087 1 426 1102
480 359 194 1 370 216
481 234 224 1 248 249
482 161 1138 1 208 1153
483 149 1039 1 192 1055
484 452 219 1 463 237
485 287 814 1 315 836
486 346 1118 1 388 1133
487 465 509 1 485 524
488 464 523 1 486 538
489 232 747 1 264 767
490 225 142 1 237 169
491 297 1127 1 341 1138
492 175 1007 1 215 1027
493 168 1165 1 215 1179
494 105 891 1 144 911
495 136 825 1 173 844
496 552 1095 1 592 1088
497 569 1183 1 611 1172
498 230 838 1 265 856
499 57 1114 1 106 1131
500 194 1014 1 234 1032
501 145 941 1 185 961
502 259 435 1 280 457
503 227 774 1 258 794
504 87 905 1 127 925
505 461 546 1 483 560
506 131 1066 1 176 1084
507 304 1012 1 344 1027
508 503 818 1 534 827
509 103 832 1 141 853
510 329 1124 1 372 1141
511 394 724 1 422 739
512 367 932 1 404 947
513 384 1229 1 431 1242
514 199 815 1 233 834
515 348 982 1 385 997
516 271 1229 1 317 1248
517 460 448 1 479 463
518 218 523 1 241 546
519 287 708 1 315 728
520 380 528 1 401 544
521 348 1071 1 389 1087
522 465 388 1 482 403
523 104 853 1 142 874
524 427 788 1 459 800
525 494 66 1 499 85
526 151 1079 1 197 1094
527 93 1020 1 136 1039
528 217 747 1 247 768
529 140 1110 1 186 1125
530 237 645 1 264 665
531 399 910 1 434 923
532 114 1226 1 163 1244
533 140 853 1 178 871
534 449 43 1 454 62
535 266 630 1 292 650
536 265 417 1 284 438
537 392 369 1 408 388
538 171 904 1 209 923
539 609 653 1 630 659
540 226 891 1 260 912
541 644 733 1 667 733
542 149 921 1 187 940
543 333 688 1 361 706
544 210 1041 1 252 1057
545 437 884 1 471 896
546 362 902 1 398 916
547 237 816 1 270 835
548 124 1204 1 173 1219
549 347 430 1 366 449
550 79 876 1 119 896
551 358 973 1 396 987
552 157 861 1 194 881
553 515 454 1 532 470
554 44 1157 1 92 1176
555 238 780 1 270 800
556 348 216 1 360 237
557 389 547 1 411 563
558 399 984 1 436 997
559 426 874 1 460 885
560 142 1132 1 188 1147
561 83 1156 1 131 1175
562 253 870 1 287 890
563 376 561 1 399 578
564 375 1217 1 422 1232
565 438 788 1 469 800
566 318 1020 1 358 1034
567 150 521 1 174 546
568 172 331 1 189 358
569 349 1247 1 396 1262
570 208 481 1 230 504
571 42 1227 1 92 1247
572 381 180 1 392 201
573 188 821 1 224 840
574 116 796 1 152 816
575 162 771 1 195 792
576 423 169 1 433 189
577 457 297 1 471 313
578 161 844 1 198 863
579 456 323 1 472 340
580 69 165 1 83 197
581 379 1207 1 425 1222
582 95 917 1 134 937
583 388 138 1 397 160
584 189 205 1 202 232
585 405 963 1 442 975
586 254 1148 1 300 1161
587 463 218 1 473 236
588 71 943 1 113 962
589 67 976 1 109 996
590 152 477 1 174 502
591 402 921 1 438 933
592 374 1242 1 421 1255
593 237 385 1 255 408
594 479 85 1 484 104
595 142 1008 1 184 1026
596 361 499 1 382 517
597 270 829 1 303 846
598 413 623 1 438 638
599 96 1009 1 138 1028
600 609 1174 1 650 1160
601 243 917 1 279 936
602 360 642 1 385 659
603 55 893 1 94 917
604 79 909 1 119 929
605 334 494 1 355 513
606 512 1107 1 553 1101
607 360 1143 1 402 1160
608 576 1010 1 612 1006
609 428 1079 1 470 1090
610 81 1132 1 128 1149
611 454 479 1 474 494
612 192 1037 1 235 1053
613 416 917 1 451 929
614 71 1137 1 119 1155
615 123 1046 1 167 1063
616 439 115 1 446 134
617 430 689 1 457 704
618 454 1226 1 501 1220
619 115 1061 1 159 1079
620 414 1209 1 460 1223
621 289 888 1 324 904
622 79 167 1 94 198
623 151 775 1 183 796
624 399 1243 1 446 1256
625 398 44 1 404 65
626 162 493 1 184 519
627 127 933 1 165 953
628 219 201 1 232 227
629 161 521 1 184 545
630 434 1001 1 473 1013
631 418 700 1 445 715
632 476 153 1 484 172
633 449 444 1 468 459
634 515 908 1 550 915
635 299 892 1 335 909
636 403 551 1 426 567
637 240 1089 1 284 1102
638 212 470 1 234 493
639 246 907 1 282 924
640 303 123 1 312 146
641 363 460 1 382 479
642 423 1132 1 465 1144
643 387 855 1 420 868
644 31 1059 1 77 1078
645 284 168 1 295 193
646 256 845 1 292 863
647 344 168 1 354 190
648 266 648 1 293 668
649 115 1191 1 165 1205
650 189 922 1 226 942
651 168 730 1 199 752
652 241 1135 1 286 1147
653 114 1074 1 159 1091
654 323 799 1 354 816
655 195 973 1 233 991
656 168 167 1 181 196
657 461 170 1 470 189
658 60 152 1 74 185
659 162 1151 1 207 1170
660 183 895 1 222 913
661 346 412 1 365 432
662 40 986 1 86 1005
