0 77 1074 1 117 1082
1 487 1081 1 522 1077
2 454 339 1 462 343
3 455 323 1 462 327
4 357 626 1 375 631
5 450 268 1 455 273
6 411 1246 1 454 1244
7 445 515 1 457 518
8 433 322 1 439 328
9 215 185 1 218 200
10 441 773 1 465 774
11 433 338 1 440 343
12 302 790 1 326 796
13 454 349 1 461 353
14 419 1086 1 453 1086
15 459 366 1 466 370
16 404 1180 1 444 1179
17 473 605 1 489 606
18 270 292 1 277 304
19 359 970 1 391 971
20 450 412 1 460 416
21 467 625 1 484 626
22 255 245 1 260 258
23 265 363 1 274 375
24 362 608 1 379 613
25 169 323 1 177 339
26 479 555 1 493 557
27 310 271 1 316 283
28 244 184 1 246 197
29 484 851 1 510 849
30 468 57 1 464 63
31 446 847 1 471 846
32 330 198 1 333 208
33 499 845 1 524 843
34 498 38 1 494 42
35 31 952 1 69 961
36 260 186 1 262 199
37 238 259 1 244 271
38 409 1120 1 448 1119
39 251 543 1 268 552
40 472 77 1 469 83
41 480 181 1 481 185
42 511 1122 1 542 1103
43 309 287 1 315 298
44 181 646 1 202 658
45 446 437 1 457 441
46 380 1245 1 422 1244
47 459 694 1 479 695
48 455 665 1 474 667
49 506 817 1 530 813
50 292 229 1 296 240
51 370 1000 1 404 1004
52 170 338 1 179 354
53 441 531 1 454 535
54 61 1210 1 107 1216
55 500 836 1 524 833
56 174 388 1 185 403
57 330 220 1 334 230
58 407 1162 1 445 1161
59 70 1085 1 112 1092
60 491 624 1 508 624
61 472 1119 1 508 1115
62 142 893 1 174 902
63 289 385 1 300 396
64 469 683 1 489 684
65 406 684 1 426 688
66 170 243 1 176 258
67 493 105 1 490 109
68 43 1188 1 87 1195
69 437 52 1 433 58
70 462 847 1 488 845
71 426 385 1 434 389
72 478 444 1 489 448
73 470 642 1 489 642
74 178 887 1 208 896
75 487 840 1 512 838
76 458 759 1 480 760
77 406 695 1 427 699
78 295 278 1 302 290
79 182 1054 1 221 1059
80 441 161 1 441 167
81 415 1099 1 452 1097
82 488 643 1 506 642
83 72 1242 1 118 1248
84 438 349 1 445 354
85 255 389 1 265 401
86 369 682 1 388 686
87 294 812 1 320 820
88 383 62 1 381 71
89 403 1004 1 436 1005
90 426 994 1 458 992
91 431 628 1 449 630
92 221 314 1 228 327
93 403 175 1 405 183
94 82 968 1 120 975
95 207 953 1 240 958
96 140 1047 1 178 1052
97 151 173 1 156 189
98 368 213 1 370 222
99 423 512 1 436 516
100 291 472 1 305 480
101 458 565 1 474 568
102 139 1108 1 180 1112
103 221 892 1 252 898
104 160 466 1 173 481
105 490 809 1 513 807
106 27 962 1 66 971
107 342 616 1 359 622
108 366 49 1 363 57
109 91 1184 1 136 1190
110 222 292 1 229 306
111 580 1237 1 616 1210
112 344 671 1 364 677
113 408 828 1 435 830
114 424 236 1 427 243
115 293 311 1 299 321
116 614 1172 1 643 1146
117 220 418 1 231 431
118 408 511 1 422 515
119 222 467 1 235 480
120 196 316 1 204 330
121 472 110 1 470 115
122 292 299 1 299 310
123 222 405 1 232 417
124 197 590 1 216 603
125 290 482 1 304 492
126 256 639 1 275 648
127 556 1241 1 592 1215
128 434 65 1 431 71
129 448 1094 1 484 1090
130 294 214 1 297 225
131 434 843 1 460 842
132 394 1087 1 429 1084
133 420 1110 1 457 1109
134 479 61 1 477 67
135 79 1035 1 118 1043
136 431 110 1 429 117
137 168 928 1 201 936
138 270 201 1 274 214
139 278 378 1 288 390
140 196 467 1 209 480
141 259 336 1 270 348
142 164 434 1 176 449
143 294 202 1 297 214
144 295 89 1 291 101
145 424 1021 1 457 1020
146 255 654 1 275 662
147 428 366 1 436 371
148 425 1043 1 458 1041
149 197 423 1 209 437
150 270 234 1 275 246
151 223 592 1 241 602
152 87 1097 1 129 1104
153 284 281 1 291 292
154 359 1073 1 395 1071
155 450 257 1 453 262
156 542 1227 1 578 1201
157 391 651 1 409 655
158 126 1099 1 167 1104
159 161 500 1 176 514
160 469 698 1 490 699
161 390 378 1 399 384
162 427 308 1 433 314
163 41 1140 1 85 1147
164 440 273 1 444 278
165 168 844 1 197 852
166 451 837 1 476 836
167 475 615 1 492 616
168 566 1239 1 602 1212
169 198 548 1 214 560
170 253 734 1 277 743
171 268 404 1 279 415
172 270 676 1 290 683
173 246 194 1 249 207
174 215 198 1 218 212
175 276 316 1 284 326
176 439 41 1 436 45
177 461 516 1 474 519
178 484 413 1 494 416
179 463 1010 1 495 1008
180 140 1097 1 180 1103
181 271 214 1 274 227
182 454 96 1 452 101
183 501 178 1 498 180
184 501 154 1 500 159
185 197 440 1 209 453
186 224 674 1 244 684
187 347 223 1 350 233
188 128 1032 1 165 1040
189 422 533 1 437 537
190 147 960 1 182 970
191 426 200 1 428 206
192 56 1199 1 101 1203
193 365 422 1 376 429
194 424 433 1 434 438
195 177 377 1 187 392
196 39 1080 1 81 1089
197 196 335 1 205 350
198 340 627 1 358 632
199 222 336 1 230 349
200 479 49 1 474 55
201 454 677 1 474 678
202 167 881 1 200 888
203 422 283 1 427 288
204 438 711 1 459 713
205 201 712 1 224 723
206 94 1136 1 135 1142
207 459 814 1 484 813
208 220 824 1 248 831
209 401 1050 1 435 1047
210 269 471 1 282 481
211 421 557 1 437 562
212 166 562 1 183 576
213 223 625 1 243 637
214 372 1073 1 406 1070
215 453 619 1 471 621
216 371 545 1 385 551
217 342 684 1 363 690
218 435 734 1 456 736
219 467 406 1 475 410
220 180 943 1 214 950
221 380 908 1 409 909
222 545 1200 1 580 1176
223 342 57 1 338 67
224 180 636 1 201 648
225 429 258 1 433 265
226 411 236 1 415 243
227 466 871 1 492 869
228 201 694 1 222 705
229 457 1087 1 493 1083
230 460 749 1 482 750
231 149 373 1 159 389
232 460 797 1 485 795
233 461 238 1 464 243
234 346 301 1 353 310
235 164 1052 1 201 1057
236 477 799 1 500 798
237 501 62 1 497 68
238 363 663 1 382 667
239 155 1144 1 198 1146
240 366 597 1 384 602
241 449 277 1 454 283
242 294 676 1 314 683
243 145 587 1 163 601
244 475 1150 1 511 1142
245 270 716 1 292 724
246 232 955 1 264 960
247 140 1219 1 182 1227
248 424 794 1 448 797
249 365 410 1 375 417
250 420 344 1 428 350
251 341 564 1 357 571
252 128 1164 1 171 1170
253 357 1001 1 390 1004
254 211 754 1 235 764
255 409 840 1 436 841
256 80 528 1 99 544
257 223 566 1 239 577
258 137 871 1 169 881
259 222 547 1 238 558
260 125 1227 1 169 1232
261 125 152 1 129 170
262 156 905 1 188 913
263 198 502 1 212 515
264 89 1023 1 128 1030
265 445 366 1 454 370
266 358 552 1 373 558
267 481 1069 1 515 1064
268 409 854 1 435 855
269 199 564 1 215 577
270 449 860 1 475 859
271 141 846 1 171 855
272 137 439 1 149 455
273 157 833 1 187 841
274 465 294 1 471 299
275 212 210 1 215 224
276 368 225 1 371 233
277 365 438 1 377 445
278 438 1081 1 473 1076
279 358 907 1 388 909
280 344 411 1 355 418
281 115 1095 1 157 1102
282 101 177 1 106 195
283 222 440 1 233 452
284 198 485 1 212 498
285 426 141 1 426 148
286 33 1186 1 80 1189
287 419 407 1 429 412
288 132 951 1 166 960
289 238 161 1 240 175
290 472 384 1 481 388
291 183 952 1 216 959
292 346 312 1 353 321
293 344 438 1 355 446
294 354 563 1 369 570
295 199 625 1 218 637
296 444 65 1 441 71
297 343 422 1 354 429
298 460 896 1 488 895
299 411 909 1 440 909
300 404 249 1 408 257
301 385 390 1 394 396
302 162 546 1 178 560
303 195 293 1 202 307
304 246 638 1 265 649
305 343 546 1 358 553
306 148 1002 1 184 1008
307 152 919 1 185 928
308 185 1037 1 221 1045
309 380 927 1 409 927
310 434 853 1 460 852
311 112 1049 1 150 1056
312 458 940 1 488 938
313 153 1037 1 191 1042
314 345 329 1 353 337
315 409 549 1 425 552
316 186 193 1 190 209
317 491 797 1 514 795
318 462 859 1 488 858
319 412 809 1 436 810
320 366 319 1 374 327
321 565 1194 1 598 1168
322 410 1029 1 448 1027
323 195 405 1 206 418
324 459 116 1 458 121
325 110 879 1 142 889
326 125 165 1 129 183
327 541 1214 1 576 1189
328 459 390 1 469 395
329 215 849 1 244 857
330 254 176 1 257 189
331 141 159 1 145 177
332 170 580 1 188 594
333 407 1201 1 447 1201
334 73 884 1 106 895
335 403 1150 1 442 1149
336 88 901 1 121 911
337 83 1220 1 128 1227
338 216 963 1 250 968
339 482 471 1 492 474
340 499 543 1 513 544
341 439 260 1 443 266
342 364 330 1 371 338
343 586 1216 1 619 1190
344 370 957 1 400 957
345 446 933 1 474 931
346 445 562 1 460 565
347 78 415 1 92 433
348 240 802 1 266 808
349 346 1221 1 388 1225
350 107 916 1 140 926
351 431 900 1 459 900
352 397 598 1 413 602
353 318 1230 1 360 1235
354 188 884 1 218 891
355 194 232 1 199 246
356 223 167 1 226 182
357 487 124 1 485 128
358 39 983 1 78 992
359 397 612 1 414 615
360 435 923 1 464 922
361 117 956 1 152 964
362 221 933 1 253 936
363 271 224 1 275 236
364 157 895 1 187 903
365 461 68 1 458 74
366 99 1043 1 138 1049
367 65 1106 1 108 1114
368 321 176 1 324 188
369 55 1107 1 98 1115
370 158 1079 1 198 1082
371 43 1010 1 81 1020
372 155 1118 1 194 1123
373 157 820 1 185 830
374 446 757 1 469 759
375 495 825 1 519 822
376 195 894 1 226 901
377 367 618 1 385 622
378 372 671 1 392 675
379 168 821 1 197 829
380 401 1072 1 436 1068
381 210 894 1 243 901
382 447 52 1 444 57
383 537 1142 1 569 1120
384 84 987 1 121 996
385 28 1201 1 75 1205
386 199 673 1 220 684
387 338 180 1 338 191
388 416 253 1 420 260
389 181 803 1 208 811
390 40 1200 1 87 1204
391 561 859 1 583 851
392 26 1214 1 73 1218
393 162 290 1 169 306
394 169 349 1 178 364
395 145 883 1 176 891
396 360 234 1 362 243
397 170 801 1 199 810
398 284 1245 1 328 1249
399 447 964 1 477 962
400 458 949 1 488 947
401 456 995 1 487 993
402 434 825 1 459 825
403 240 936 1 272 942
404 450 870 1 477 869
405 472 97 1 470 103
406 172 640 1 192 653
407 327 62 1 325 71
408 458 498 1 470 501
409 378 682 1 398 686
410 172 200 1 175 216
411 507 1108 1 540 1089
412 443 885 1 471 884
413 405 953 1 435 953
414 149 971 1 184 979
415 398 506 1 411 511
416 459 533 1 473 535
417 504 858 1 529 855
418 534 750 1 555 746
419 462 609 1 479 610
420 186 1064 1 224 1069
421 70 1096 1 110 1103
422 256 529 1 272 539
423 421 319 1 428 324
424 260 756 1 285 763
425 349 1066 1 384 1064
426 77 902 1 111 911
427 236 870 1 264 877
428 367 303 1 373 311
429 165 590 1 183 604
430 178 876 1 209 883
431 457 1153 1 495 1149
432 285 270 1 292 282
433 222 502 1 237 514
434 159 720 1 182 733
435 177 847 1 209 855
436 108 1085 1 149 1091
437 124 1061 1 162 1067
438 75 441 1 90 458
439 96 1062 1 136 1069
440 286 1145 1 326 1144
441 397 562 1 413 566
442 243 366 1 253 380
443 196 1012 1 232 1018
444 217 800 1 243 808
445 480 742 1 502 741
446 410 1017 1 443 1017
447 464 355 1 471 359
448 142 1132 1 184 1135
449 273 863 1 302 868
450 27 1085 1 70 1092
451 156 941 1 189 949
452 354 1242 1 397 1245
453 34 1156 1 80 1161
454 369 235 1 373 244
455 401 277 1 406 284
456 554 1226 1 589 1200
457 480 789 1 503 788
458 421 854 1 447 855
459 459 906 1 487 905
460 591 1039 1 618 1021
461 320 904 1 350 907
462 77 1173 1 122 1177
463 113 817 1 142 826
464 345 233 1 349 243
465 156 860 1 187 868
466 468 476 1 480 479
467 416 375 1 425 380
468 197 530 1 213 542
469 466 283 1 470 288
470 232 193 1 235 207
471 533 517 1 545 517
472 368 631 1 386 636
473 385 1152 1 423 1155
474 33 1123 1 76 1129
475 446 826 1 471 825
476 390 1097 1 427 1099
477 368 202 1 371 211
478 243 231 1 247 244
479 165 1149 1 207 1153
480 153 1048 1 191 1054
481 461 227 1 464 232
482 473 517 1 486 520
483 59 1148 1 103 1150
484 472 532 1 486 534
485 240 756 1 264 764
486 235 149 1 236 164
487 302 1139 1 341 1138
488 180 1017 1 215 1024
489 222 950 1 254 955
490 570 1128 1 600 1106
491 172 1178 1 214 1180
492 110 900 1 143 909
493 142 833 1 172 842
494 562 1113 1 593 1092
495 579 1204 1 613 1178
496 236 847 1 264 854
497 198 1023 1 234 1030
498 151 950 1 184 959
499 267 442 1 279 453
500 91 914 1 126 924
501 469 554 1 484 556
502 136 1077 1 175 1083
503 309 1022 1 344 1025
504 511 828 1 535 825
505 108 841 1 139 852
506 335 1134 1 373 1138
507 402 732 1 423 735
508 374 943 1 405 945
509 389 1241 1 432 1240
510 354 992 1 386 994
511 25 1102 1 68 1110
512 469 455 1 480 458
513 226 531 1 241 542
514 294 716 1 316 724
515 388 535 1 401 540
516 354 1081 1 390 1084
517 473 395 1 483 399
518 435 798 1 459 798
519 503 74 1 499 79
520 155 1090 1 195 1094
521 96 987 1 134 994
522 224 755 1 248 765
523 143 1121 1 185 1125
524 244 653 1 264 662
525 405 921 1 434 921
526 145 862 1 177 869
527 458 52 1 454 57
528 273 638 1 292 646
529 273 425 1 284 434
530 400 377 1 409 383
531 177 913 1 209 921
532 622 664 1 632 657
533 659 747 1 669 733
534 154 930 1 187 938
535 340 696 1 361 702
536 240 859 1 269 865
537 215 1051 1 252 1056
538 221 869 1 250 876
539 444 894 1 472 894
540 369 912 1 398 914
541 244 824 1 271 832
542 128 1215 1 172 1219
543 355 438 1 366 445
544 84 885 1 117 894
545 364 984 1 396 985
546 162 870 1 193 879
547 118 1204 1 163 1206
548 112 1059 1 152 1065
549 357 223 1 360 232
550 397 555 1 412 560
551 405 994 1 437 995
552 432 884 1 460 883
553 145 1143 1 187 1147
554 87 1167 1 130 1174
555 259 879 1 287 886
556 383 570 1 399 574
557 380 1229 1 423 1229
558 445 798 1 469 797
559 167 780 1 194 789
560 158 529 1 173 542
561 180 338 1 189 353
562 215 488 1 230 500
563 185 898 1 216 905
564 390 187 1 392 196
565 194 830 1 223 838
566 121 804 1 150 814
567 117 917 1 149 926
568 432 177 1 433 183
569 466 305 1 471 308
570 166 853 1 197 862
571 465 331 1 472 335
572 79 171 1 82 192
573 384 1219 1 426 1219
574 100 925 1 133 935
575 397 145 1 397 154
576 197 212 1 202 227
577 412 973 1 443 973
578 258 1161 1 299 1161
579 471 226 1 474 231
580 247 884 1 277 890
581 71 986 1 108 995
582 159 484 1 174 498
583 409 931 1 439 931
584 379 1253 1 422 1253
585 245 392 1 255 404
586 488 93 1 485 98
587 146 1017 1 183 1025
588 369 507 1 383 513
589 277 838 1 303 843
590 420 631 1 438 635
591 100 1019 1 137 1027
592 622 1196 1 652 1167
593 248 926 1 279 933
594 367 650 1 386 655
595 352 1129 1 389 1131
596 83 918 1 117 928
597 342 502 1 356 509
598 521 1126 1 554 1105
599 364 1152 1 403 1156
600 587 1026 1 613 1009
601 83 1143 1 127 1149
602 463 487 1 475 490
603 197 1048 1 234 1052
604 422 927 1 452 927
605 123 1134 1 166 1136
606 61 909 1 95 918
607 448 124 1 447 129
608 438 698 1 458 701
609 462 1246 1 501 1225
610 170 986 1 205 991
611 118 1072 1 158 1078
612 420 1221 1 461 1220
613 295 898 1 324 902
614 88 173 1 93 193
615 157 782 1 183 793
616 407 53 1 404 60
617 170 500 1 184 515
618 131 941 1 165 951
619 228 208 1 231 222
620 168 528 1 184 541
621 441 1012 1 473 1011
622 425 709 1 446 712
623 485 161 1 484 166
624 458 452 1 469 455
625 523 920 1 551 914
626 305 903 1 335 906
627 411 559 1 426 564
628 245 1101 1 283 1102
629 220 478 1 234 489
630 252 917 1 282 922
631 312 131 1 312 141
632 370 468 1 383 475
633 428 1143 1 466 1142
634 394 864 1 421 866
635 34 1069 1 75 1077
636 293 175 1 295 187
637 262 855 1 291 861
638 353 176 1 354 185
639 273 656 1 293 665
640 435 1090 1 471 1088
641 194 931 1 226 939
642 174 738 1 199 749
643 245 1147 1 285 1147
644 118 1085 1 158 1090
645 329 807 1 355 813
646 200 981 1 233 989
647 177 174 1 180 190
648 470 178 1 470 184
649 69 159 1 73 180
650 367 1033 1 400 1038
651 354 420 1 365 427
652 44 997 1 83 1004
