0 82 1076 1 117 1082
1 493 1081 1 522 1076
2 457 338 1 462 341
3 457 322 1 462 326
4 361 626 1 375 630
5 452 267 1 455 272
6 417 1246 1 454 1244
7 448 514 1 457 516
8 435 321 1 439 326
9 217 185 1 218 198
10 446 772 1 465 773
11 436 337 1 440 342
12 306 790 1 326 795
13 456 348 1 461 352
14 424 1086 1 453 1085
15 461 365 1 467 368
16 410 1180 1 444 1178
17 476 604 1 490 605
18 272 291 1 277 302
19 364 971 1 391 971
20 453 411 1 460 415
21 471 624 1 485 625
22 257 245 1 260 256
23 267 363 1 274 373
24 365 607 1 379 612
25 171 324 1 177 337
26 483 554 1 494 555
27 312 271 1 316 281
28 245 184 1 246 195
29 489 851 1 510 848
30 469 56 1 464 61
31 450 847 1 472 845
32 332 197 1 333 207
33 504 845 1 525 842
34 499 37 1 494 41
35 35 954 1 68 961
36 261 186 1 262 197
37 240 258 1 244 270
38 415 1120 1 448 1118
39 255 543 1 268 551
40 473 76 1 469 81
41 481 179 1 481 183
42 518 1125 1 543 1105
43 311 286 1 315 296
44 184 647 1 202 657
45 449 436 1 458 439
46 463 693 1 479 694
47 459 664 1 475 665
48 511 816 1 530 813
49 294 229 1 296 239
50 375 1000 1 404 1003
51 172 339 1 178 353
52 444 530 1 455 533
53 67 1213 1 106 1216
54 505 836 1 525 832
55 177 389 1 185 401
56 332 219 1 334 229
57 413 1162 1 446 1160
58 75 1086 1 111 1092
59 495 623 1 508 623
60 478 1119 1 508 1114
61 147 894 1 173 901
62 292 385 1 300 394
63 473 683 1 489 683
64 410 684 1 427 687
65 172 243 1 176 257
66 494 103 1 491 108
67 48 1191 1 87 1195
68 438 51 1 434 56
69 467 846 1 488 844
70 428 384 1 434 388
71 88 969 1 120 974
72 481 444 1 489 446
73 474 641 1 489 641
74 183 889 1 208 895
75 492 840 1 513 837
76 462 758 1 480 759
77 410 695 1 427 698
78 297 278 1 301 288
79 187 1055 1 220 1058
80 442 159 1 441 165
81 421 1099 1 452 1096
82 492 642 1 507 641
83 440 348 1 445 352
84 257 389 1 265 400
85 373 681 1 388 685
86 299 813 1 321 818
87 384 61 1 381 70
88 409 1004 1 436 1004
89 432 994 1 459 991
90 435 628 1 449 629
91 223 314 1 228 326
92 405 174 1 405 182
93 385 1244 1 423 1243
94 212 954 1 240 958
95 145 1048 1 178 1052
96 153 173 1 155 188
97 369 212 1 371 220
98 426 512 1 437 515
99 294 472 1 305 479
100 461 565 1 474 566
101 144 1110 1 179 1112
102 226 893 1 252 897
103 163 467 1 173 480
104 495 809 1 513 806
105 31 964 1 65 970
106 345 616 1 359 621
107 367 48 1 363 55
108 79 1244 1 118 1248
109 224 292 1 229 304
110 588 1240 1 616 1212
111 348 671 1 364 675
112 413 829 1 435 829
113 426 235 1 427 241
114 295 311 1 300 320
115 622 1174 1 644 1148
116 223 418 1 231 429
117 412 510 1 422 514
118 225 468 1 235 478
119 198 316 1 204 329
120 474 108 1 471 113
121 294 299 1 299 308
122 224 405 1 232 416
123 201 591 1 216 601
124 293 482 1 304 490
125 259 640 1 275 647
126 563 1244 1 592 1217
127 435 64 1 431 69
128 453 1094 1 484 1089
129 295 213 1 297 223
130 439 843 1 460 841
131 399 1088 1 429 1084
132 425 1110 1 457 1109
133 160 1120 1 194 1123
134 481 59 1 477 65
135 84 1037 1 118 1042
136 432 109 1 429 115
137 172 929 1 201 936
138 272 201 1 273 213
139 280 378 1 288 388
140 188 954 1 216 959
141 199 468 1 209 479
142 261 336 1 270 347
143 167 434 1 176 448
144 295 201 1 297 212
145 297 88 1 291 99
146 429 1021 1 458 1019
147 259 654 1 276 661
148 430 365 1 436 370
149 430 1043 1 459 1041
150 199 423 1 209 435
151 272 234 1 275 244
152 227 592 1 242 601
153 92 1099 1 128 1104
154 286 280 1 291 291
155 364 1073 1 395 1071
156 452 256 1 453 260
157 550 1230 1 578 1203
158 394 651 1 410 654
159 131 1101 1 166 1104
160 164 500 1 176 513
161 473 698 1 490 698
162 393 377 1 399 383
163 429 307 1 433 312
164 442 272 1 444 276
165 172 845 1 197 852
166 456 837 1 477 835
167 479 614 1 492 615
168 574 1242 1 603 1214
169 201 548 1 214 559
170 257 734 1 277 741
171 270 404 1 279 413
172 274 676 1 290 682
173 248 194 1 249 206
174 217 198 1 218 211
175 279 315 1 284 325
176 440 40 1 436 44
177 464 515 1 474 518
178 487 412 1 494 414
179 468 1010 1 495 1007
180 146 1098 1 180 1103
181 272 214 1 274 225
182 455 95 1 452 99
183 503 174 1 498 179
184 503 152 1 501 157
185 199 440 1 209 452
186 228 675 1 245 683
187 348 222 1 350 231
188 425 533 1 437 536
189 428 199 1 429 205
190 62 1201 1 101 1203
191 368 421 1 376 428
192 427 432 1 434 436
193 180 378 1 187 391
194 44 1083 1 80 1088
195 198 335 1 205 348
196 344 626 1 358 631
197 224 336 1 230 348
198 480 48 1 475 53
199 458 676 1 474 677
200 172 882 1 199 888
201 121 1099 1 156 1101
202 424 281 1 427 287
203 442 711 1 459 712
204 414 1088 1 444 1086
205 205 713 1 224 722
206 99 1137 1 135 1142
207 464 814 1 484 812
208 225 824 1 248 830
209 407 1051 1 436 1047
210 272 471 1 282 479
211 425 556 1 437 561
212 170 562 1 183 575
213 227 626 1 243 636
214 377 1073 1 406 1069
215 457 619 1 471 620
216 374 544 1 385 549
217 346 684 1 363 689
218 438 733 1 456 735
219 470 405 1 476 408
220 185 944 1 213 949
221 385 909 1 409 908
222 553 1203 1 580 1178
223 342 57 1 338 65
224 184 637 1 201 647
225 431 257 1 433 263
226 413 235 1 415 241
227 471 871 1 492 869
228 205 694 1 222 704
229 463 1087 1 493 1083
230 464 749 1 483 749
231 152 373 1 159 387
232 465 796 1 485 795
233 463 237 1 464 241
234 348 301 1 353 308
235 169 1054 1 201 1057
236 482 799 1 501 797
237 502 61 1 497 66
238 367 662 1 382 666
239 161 1146 1 197 1146
240 370 597 1 384 600
241 451 276 1 454 281
242 298 676 1 314 682
243 148 587 1 163 600
244 133 1034 1 165 1040
245 274 716 1 292 723
246 237 956 1 264 960
247 145 1220 1 182 1226
248 428 793 1 448 795
249 368 409 1 375 416
250 423 343 1 428 348
251 345 563 1 357 569
252 134 1166 1 171 1170
253 362 1002 1 391 1003
254 130 1228 1 169 1232
255 414 840 1 436 841
256 83 529 1 98 542
257 226 566 1 239 576
258 141 872 1 168 881
259 225 547 1 238 557
260 126 152 1 128 168
261 160 906 1 187 912
262 201 502 1 212 514
263 94 1025 1 127 1030
264 447 365 1 454 369
265 178 1032 1 208 1036
266 361 552 1 373 557
267 487 1070 1 515 1064
268 122 958 1 152 963
269 414 854 1 436 854
270 202 564 1 215 575
271 454 860 1 476 858
272 145 847 1 171 854
273 139 440 1 149 454
274 162 834 1 187 840
275 468 293 1 471 297
276 213 210 1 215 222
277 370 224 1 371 231
278 368 438 1 377 444
279 444 1082 1 473 1076
280 363 908 1 388 909
281 347 410 1 355 417
282 103 178 1 106 194
283 224 440 1 233 451
284 201 485 1 212 496
285 427 140 1 426 146
286 38 1188 1 79 1189
287 422 406 1 429 410
288 215 756 1 235 763
289 137 953 1 166 960
290 239 161 1 240 173
291 474 383 1 481 386
292 490 1123 1 518 1116
293 348 312 1 353 319
294 347 438 1 355 444
295 357 563 1 369 568
296 203 625 1 218 636
297 445 64 1 441 69
298 346 421 1 354 428
299 465 896 1 488 894
300 416 909 1 440 909
301 406 248 1 408 255
302 387 389 1 394 395
303 165 546 1 178 558
304 197 293 1 202 306
305 249 638 1 265 647
306 346 546 1 358 551
307 152 1004 1 184 1007
308 157 921 1 185 928
309 385 927 1 409 927
310 439 853 1 460 852
311 117 1050 1 150 1056
312 463 941 1 488 938
313 573 1194 1 598 1170
314 348 328 1 353 336
315 412 548 1 425 551
316 188 193 1 190 207
317 495 796 1 514 794
318 467 859 1 488 857
319 417 809 1 436 809
320 369 318 1 374 325
321 485 1150 1 512 1142
322 415 1029 1 443 1028
323 197 405 1 206 417
324 460 115 1 458 119
325 114 881 1 142 889
326 126 165 1 128 182
327 549 1217 1 577 1191
328 462 390 1 469 393
329 219 850 1 243 856
330 255 176 1 257 187
331 142 159 1 144 175
332 174 581 1 188 593
333 412 1201 1 448 1200
334 77 886 1 105 894
335 409 1150 1 442 1148
336 92 903 1 121 911
337 89 1222 1 128 1227
338 221 964 1 250 968
339 485 470 1 493 472
340 503 542 1 513 543
341 441 259 1 443 264
342 366 329 1 372 336
343 594 1219 1 620 1192
344 375 957 1 400 957
345 451 933 1 474 931
346 449 562 1 460 563
347 80 416 1 91 432
348 244 802 1 266 807
349 352 1222 1 388 1224
350 436 900 1 460 899
351 400 597 1 413 601
352 324 1230 1 360 1234
353 192 885 1 218 891
354 195 232 1 199 245
355 225 167 1 226 180
356 488 122 1 486 126
357 44 985 1 77 992
358 400 611 1 414 613
359 440 924 1 464 921
360 225 933 1 253 935
361 273 224 1 275 234
362 161 896 1 187 902
363 462 66 1 459 72
364 104 1044 1 137 1049
365 70 1108 1 108 1113
366 322 176 1 324 186
367 61 1110 1 98 1115
368 163 1080 1 198 1082
369 47 1012 1 81 1020
370 225 753 1 248 763
371 161 822 1 185 829
372 450 757 1 469 757
373 500 824 1 519 822
374 200 895 1 225 900
375 371 617 1 386 620
376 377 670 1 392 674
377 172 822 1 197 829
378 407 1072 1 437 1068
379 215 895 1 243 900
380 448 51 1 444 56
381 544 1144 1 569 1122
382 89 989 1 121 995
383 34 1203 1 74 1206
384 203 674 1 220 683
385 339 180 1 338 189
386 204 995 1 232 999
387 418 252 1 420 258
388 185 804 1 208 811
389 45 1203 1 86 1204
390 567 859 1 584 850
391 31 1216 1 73 1218
392 164 291 1 169 304
393 171 350 1 178 363
394 149 884 1 176 891
395 361 233 1 362 242
396 174 802 1 199 809
397 291 1246 1 328 1248
398 452 964 1 478 961
399 463 949 1 488 946
400 461 995 1 487 992
401 439 825 1 460 824
402 103 1187 1 141 1189
403 455 870 1 477 868
404 474 96 1 470 101
405 175 640 1 192 651
406 328 62 1 325 69
407 461 498 1 471 500
408 382 681 1 398 685
409 173 201 1 175 215
410 514 1110 1 540 1091
411 448 885 1 471 883
412 410 953 1 436 952
413 154 972 1 183 979
414 401 505 1 411 510
415 463 532 1 474 534
416 509 857 1 530 854
417 539 750 1 555 746
418 466 608 1 479 609
419 192 1065 1 224 1069
420 192 1038 1 221 1044
421 259 529 1 272 538
422 423 318 1 428 323
423 265 756 1 285 762
424 355 1067 1 384 1064
425 81 903 1 110 911
426 240 871 1 264 877
427 369 302 1 373 309
428 168 591 1 183 602
429 182 877 1 209 882
430 464 1153 1 496 1148
431 286 270 1 291 280
432 225 502 1 237 513
433 163 720 1 182 731
434 182 848 1 208 854
435 113 1087 1 149 1091
436 129 1062 1 162 1067
437 77 442 1 89 456
438 101 1064 1 135 1069
439 291 1146 1 326 1144
440 401 561 1 413 565
441 245 366 1 252 378
442 202 1013 1 232 1018
443 222 800 1 243 807
444 485 741 1 503 740
445 415 1017 1 443 1016
446 467 354 1 472 358
447 147 1134 1 184 1135
448 278 864 1 302 867
449 32 1087 1 69 1092
450 161 942 1 189 949
451 360 1241 1 397 1244
452 40 1158 1 79 1161
453 371 234 1 373 242
454 403 276 1 406 282
455 561 1229 1 590 1202
456 484 789 1 503 787
457 426 855 1 447 854
458 464 906 1 487 904
459 598 1041 1 618 1022
460 325 904 1 350 906
461 82 1174 1 121 1177
462 347 232 1 349 241
463 160 860 1 186 868
464 471 475 1 480 478
465 418 374 1 425 379
466 200 530 1 213 541
467 467 282 1 471 286
468 234 193 1 235 205
469 537 516 1 545 516
470 371 630 1 386 634
471 391 1152 1 423 1154
472 121 891 1 148 899
473 451 826 1 471 824
474 369 201 1 371 209
475 245 231 1 247 243
476 170 1151 1 207 1153
477 158 1050 1 190 1054
478 463 226 1 464 230
479 476 516 1 486 518
480 64 1150 1 102 1151
481 476 531 1 486 533
482 244 756 1 264 763
483 236 149 1 236 162
484 308 1141 1 341 1138
485 185 1018 1 215 1023
486 226 951 1 254 954
487 577 1129 1 601 1108
488 177 1180 1 214 1180
489 115 901 1 143 908
490 147 834 1 172 842
491 570 1115 1 594 1094
492 587 1206 1 613 1180
493 241 848 1 264 853
494 203 1024 1 234 1029
495 156 952 1 184 958
496 269 442 1 279 451
497 96 916 1 125 923
498 472 553 1 484 555
499 141 1078 1 175 1082
500 314 1023 1 344 1025
501 516 827 1 535 824
502 113 843 1 139 851
503 340 1134 1 373 1137
504 406 732 1 423 734
505 379 943 1 405 944
506 395 1242 1 432 1240
507 359 992 1 386 993
508 31 1104 1 67 1110
509 472 455 1 480 457
510 229 531 1 241 540
511 298 716 1 316 723
512 391 535 1 401 539
513 359 1081 1 390 1083
514 476 394 1 483 397
515 440 798 1 459 797
516 504 72 1 500 77
517 161 1092 1 195 1094
518 101 989 1 133 994
519 246 937 1 272 941
520 248 653 1 264 660
521 411 921 1 435 920
522 149 864 1 176 869
523 38 1124 1 75 1129
524 276 638 1 292 645
525 276 425 1 284 432
526 403 377 1 409 382
527 181 915 1 209 921
528 627 663 1 632 657
529 666 746 1 670 734
530 158 931 1 186 938
531 344 696 1 361 701
532 245 859 1 269 865
533 220 1052 1 252 1055
534 225 870 1 250 876
535 449 894 1 472 893
536 374 913 1 398 913
537 249 824 1 271 831
538 134 1217 1 172 1219
539 358 437 1 367 443
540 88 886 1 116 894
541 369 984 1 396 984
542 167 872 1 193 878
543 123 1206 1 163 1206
544 117 1060 1 151 1065
545 359 223 1 360 231
546 400 554 1 412 558
547 410 994 1 437 994
548 437 884 1 460 882
549 150 1145 1 187 1147
550 52 1135 1 89 1139
551 93 1169 1 130 1174
552 263 879 1 288 885
553 386 569 1 399 573
554 163 1021 1 195 1026
555 450 798 1 469 796
556 171 781 1 194 788
557 161 529 1 173 541
558 182 338 1 189 352
559 218 488 1 230 498
560 189 899 1 216 904
561 392 187 1 392 194
562 198 831 1 223 837
563 125 805 1 150 813
564 121 918 1 149 926
565 166 977 1 194 982
566 434 175 1 433 182
567 468 304 1 471 307
568 170 854 1 196 861
569 468 330 1 472 333
570 79 172 1 82 190
571 390 1220 1 426 1219
572 104 926 1 133 934
573 399 144 1 397 152
574 199 213 1 202 226
575 417 973 1 443 972
576 264 1162 1 299 1161
577 473 225 1 474 229
578 252 884 1 277 889
579 75 988 1 107 994
580 162 485 1 174 497
581 414 931 1 439 930
582 385 1254 1 422 1253
583 247 392 1 256 403
584 489 92 1 485 96
585 151 1019 1 183 1024
586 372 506 1 383 511
587 281 839 1 303 842
588 424 631 1 439 633
589 105 1021 1 137 1026
590 630 1199 1 653 1169
591 253 926 1 279 932
592 371 650 1 386 654
593 357 1129 1 389 1130
594 88 919 1 117 927
595 345 502 1 356 508
596 528 1128 1 554 1107
597 370 1152 1 404 1155
598 594 1027 1 614 1009
599 89 1145 1 127 1149
600 466 486 1 475 489
601 202 1049 1 234 1052
602 427 928 1 452 926
603 128 1136 1 165 1136
604 65 910 1 95 918
605 449 123 1 447 127
606 442 698 1 458 700
607 469 1249 1 501 1227
608 174 987 1 205 991
609 426 1221 1 461 1220
610 299 898 1 324 901
611 89 174 1 93 191
612 161 782 1 183 792
613 408 52 1 404 58
614 173 500 1 184 514
615 136 942 1 164 950
616 230 208 1 231 220
617 172 528 1 184 540
618 447 1012 1 474 1010
619 429 709 1 446 711
620 487 159 1 485 164
621 461 451 1 469 454
622 529 919 1 551 913
623 310 903 1 335 906
624 415 559 1 427 562
625 250 1102 1 283 1102
626 59 974 1 90 982
627 223 478 1 234 488
628 257 917 1 282 921
629 136 1201 1 174 1201
630 373 467 1 383 473
631 150 1124 1 185 1125
632 434 1143 1 466 1141
633 399 865 1 421 865
634 39 1071 1 74 1077
635 295 175 1 295 186
636 267 855 1 291 860
637 354 175 1 354 183
638 277 656 1 293 664
639 441 1090 1 471 1087
640 199 931 1 226 938
641 178 739 1 199 748
642 251 1149 1 285 1147
643 334 807 1 355 812
644 205 982 1 233 988
645 178 174 1 180 189
646 471 176 1 470 182
647 70 160 1 73 178
648 372 1033 1 400 1036
649 42 1137 1 79 1143
650 357 419 1 365 426
651 49 999 1 83 1004
