0 86 1081 1 116 1081
1 498 1081 1 523 1076
2 454 337 1 462 340
3 454 321 1 462 324
4 360 626 1 375 629
5 448 266 1 456 270
6 423 1247 1 454 1243
7 447 513 1 458 515
8 432 321 1 440 325
9 212 187 1 218 197
10 447 772 1 466 772
11 432 337 1 441 340
12 307 791 1 327 794
13 454 347 1 461 350
14 428 1088 1 454 1084
15 458 364 1 467 367
16 415 1181 1 444 1178
17 273 178 1 278 186
18 476 603 1 490 604
19 268 292 1 277 301
20 368 972 1 391 970
21 451 411 1 460 413
22 471 624 1 485 624
23 252 246 1 260 254
24 264 364 1 274 372
25 365 608 1 379 611
26 168 326 1 177 336
27 482 553 1 494 554
28 308 271 1 316 279
29 491 851 1 510 847
30 463 55 1 464 60
31 453 847 1 472 845
32 327 197 1 333 205
33 506 845 1 525 841
34 493 35 1 494 39
35 38 959 1 68 961
36 256 187 1 262 196
37 235 260 1 244 268
38 420 1121 1 448 1118
39 253 544 1 268 549
40 467 75 1 470 79
41 477 178 1 481 181
42 523 1127 1 543 1106
43 307 287 1 315 295
44 184 649 1 202 656
45 447 435 1 458 438
46 463 693 1 479 693
47 459 664 1 475 664
48 513 816 1 531 812
49 290 230 1 296 237
50 168 341 1 178 351
51 443 530 1 455 532
52 72 1218 1 106 1216
53 507 835 1 525 832
54 174 391 1 185 400
55 328 220 1 334 227
56 418 1163 1 446 1159
57 79 1091 1 111 1091
58 495 623 1 509 621
59 483 1120 1 509 1114
60 148 897 1 173 900
61 289 386 1 300 393
62 473 682 1 489 682
63 411 684 1 427 686
64 168 245 1 176 255
65 489 102 1 491 106
66 53 1196 1 86 1195
67 432 51 1 434 55
68 469 846 1 488 844
69 426 383 1 434 386
70 90 973 1 119 974
71 479 443 1 489 445
72 474 641 1 489 640
73 185 892 1 208 895
74 494 840 1 513 836
75 463 758 1 480 758
76 410 695 1 427 697
77 293 279 1 301 287
78 240 184 1 246 193
79 437 158 1 441 164
80 425 1100 1 452 1096
81 492 641 1 507 640
82 437 347 1 445 351
83 255 390 1 265 399
84 373 682 1 388 684
85 300 814 1 321 817
86 378 61 1 381 68
87 412 1005 1 437 1004
88 435 995 1 459 991
89 434 628 1 449 627
90 219 316 1 228 324
91 400 174 1 405 180
92 390 1245 1 423 1243
93 214 957 1 240 957
94 118 1093 1 148 1091
95 149 1051 1 178 1052
96 148 175 1 155 186
97 365 212 1 371 218
98 425 511 1 437 514
99 292 473 1 305 478
100 460 564 1 474 565
101 148 1114 1 179 1112
102 236 849 1 258 851
103 228 895 1 252 897
104 160 469 1 173 479
105 496 808 1 514 805
106 33 969 1 64 970
107 345 617 1 359 620
108 361 48 1 363 53
109 83 1248 1 118 1248
110 220 294 1 229 302
111 596 1242 1 617 1214
112 348 671 1 364 674
113 415 829 1 435 828
114 421 235 1 427 239
115 291 311 1 300 318
116 628 1176 1 645 1150
117 220 420 1 231 428
118 410 510 1 423 513
119 223 469 1 235 477
120 195 318 1 204 327
121 468 108 1 471 111
122 291 300 1 299 306
123 221 407 1 232 414
124 200 593 1 216 600
125 291 483 1 304 489
126 259 641 1 275 646
127 571 1247 1 593 1219
128 428 64 1 431 68
129 458 1095 1 484 1089
130 291 214 1 297 222
131 441 843 1 460 840
132 404 1089 1 429 1083
133 430 1111 1 457 1108
134 164 1123 1 194 1123
135 475 58 1 477 63
136 87 1041 1 117 1042
137 427 108 1 430 113
138 267 202 1 274 211
139 277 379 1 288 387
140 190 957 1 216 958
141 196 469 1 209 478
142 258 337 1 270 345
143 164 437 1 176 446
144 290 202 1 297 210
145 292 89 1 291 98
146 433 1021 1 458 1019
147 259 655 1 276 660
148 427 365 1 436 368
149 434 1043 1 459 1040
150 197 425 1 209 434
151 268 235 1 275 243
152 226 594 1 242 600
153 96 1104 1 128 1104
154 282 281 1 291 289
155 368 1075 1 395 1071
156 448 255 1 454 259
157 557 1232 1 579 1205
158 394 651 1 410 653
159 135 1105 1 166 1103
160 162 502 1 176 512
161 474 697 1 490 697
162 390 377 1 399 381
163 426 307 1 433 311
164 439 271 1 445 275
165 173 848 1 197 851
166 458 837 1 477 835
167 478 614 1 493 613
168 98 1082 1 128 1081
169 582 1244 1 603 1216
170 200 550 1 214 558
171 267 405 1 279 412
172 274 678 1 290 681
173 243 195 1 249 204
174 212 200 1 218 209
175 275 316 1 284 323
176 433 39 1 437 42
177 463 515 1 474 516
178 485 411 1 495 413
179 472 1010 1 495 1006
180 150 1103 1 180 1103
181 268 215 1 274 224
182 450 95 1 452 97
183 165 1097 1 195 1094
184 498 151 1 501 155
185 197 442 1 209 451
186 228 676 1 245 682
187 344 223 1 350 229
188 424 532 1 437 535
189 423 198 1 429 203
190 66 1206 1 100 1203
191 366 422 1 376 426
192 424 432 1 435 435
193 176 380 1 187 389
194 47 1088 1 80 1088
195 195 337 1 205 347
196 344 627 1 358 630
197 220 338 1 230 346
198 474 47 1 475 51
199 458 676 1 474 676
200 174 885 1 199 887
201 124 1103 1 156 1101
202 420 281 1 427 285
203 443 711 1 460 711
204 418 1088 1 444 1085
205 205 715 1 224 720
206 104 1141 1 135 1142
207 465 813 1 484 811
208 410 1052 1 436 1046
209 270 472 1 282 478
210 424 556 1 437 559
211 169 564 1 184 573
212 226 628 1 243 634
213 381 1075 1 407 1069
214 457 618 1 471 619
215 179 1094 1 208 1093
216 373 545 1 386 548
217 346 685 1 363 688
218 440 733 1 456 734
219 467 405 1 476 407
220 188 947 1 213 949
221 387 910 1 409 908
222 560 1205 1 581 1180
223 336 57 1 338 64
224 183 639 1 201 646
225 427 256 1 434 261
226 409 235 1 415 240
227 473 871 1 492 868
228 205 696 1 223 703
229 465 748 1 483 748
230 149 376 1 159 386
231 467 796 1 486 794
232 458 236 1 464 240
233 344 301 1 353 307
234 483 799 1 501 796
235 496 60 1 497 64
236 366 663 1 382 665
237 165 1149 1 197 1146
238 369 597 1 384 599
239 448 276 1 455 280
240 298 678 1 314 681
241 147 590 1 163 599
242 136 1037 1 164 1039
243 274 718 1 292 722
244 239 958 1 264 959
245 151 1224 1 182 1225
246 430 794 1 449 794
247 365 409 1 375 414
248 420 343 1 429 347
249 343 564 1 357 568
250 139 1170 1 171 1169
251 365 1003 1 391 1002
252 135 1232 1 169 1231
253 416 841 1 437 840
254 81 532 1 98 541
255 225 568 1 240 575
256 143 876 1 168 880
257 224 549 1 238 556
258 162 1054 1 190 1053
259 121 154 1 128 166
260 162 909 1 187 912
261 199 504 1 213 512
262 97 1029 1 127 1030
263 444 364 1 454 367
264 181 1035 1 208 1035
265 360 552 1 373 556
266 492 1070 1 515 1064
267 124 961 1 151 963
268 416 854 1 436 853
269 201 566 1 215 574
270 456 860 1 476 857
271 146 850 1 171 854
272 137 443 1 149 453
273 163 837 1 186 839
274 464 292 1 472 295
275 208 212 1 215 221
276 365 224 1 371 230
277 366 438 1 377 442
278 448 1082 1 473 1075
279 366 909 1 388 908
280 344 410 1 355 415
281 98 180 1 106 192
282 222 442 1 233 449
283 199 487 1 212 495
284 422 140 1 426 144
285 43 1193 1 78 1190
286 258 737 1 277 740
287 420 406 1 429 409
288 215 757 1 236 762
289 442 1054 1 466 1048
290 139 956 1 166 959
291 234 162 1 240 171
292 472 382 1 481 385
293 160 965 1 185 968
294 494 1123 1 519 1116
295 344 312 1 353 318
296 344 438 1 355 443
297 356 563 1 369 567
298 202 627 1 218 635
299 439 64 1 441 67
300 344 422 1 354 427
301 467 896 1 489 894
302 418 910 1 440 908
303 222 909 1 245 910
304 402 248 1 408 253
305 384 389 1 394 393
306 163 548 1 178 557
307 194 295 1 202 304
308 249 640 1 265 646
309 345 546 1 358 550
310 155 1007 1 183 1007
311 420 1051 1 444 1044
312 159 924 1 185 927
313 387 928 1 409 926
314 441 853 1 461 851
315 121 1054 1 149 1055
316 466 941 1 488 937
317 497 172 1 498 177
318 579 1195 1 599 1172
319 344 329 1 353 334
320 411 548 1 425 549
321 183 195 1 190 205
322 497 796 1 514 793
323 469 859 1 489 856
324 418 809 1 436 809
325 365 318 1 374 323
326 419 1029 1 443 1027
327 195 407 1 206 415
328 455 114 1 458 118
329 116 884 1 141 888
330 121 168 1 128 180
331 556 1219 1 577 1193
332 460 389 1 469 392
333 250 177 1 257 185
334 137 162 1 144 173
335 172 1179 1 204 1175
336 221 829 1 243 831
337 173 583 1 188 592
338 418 1202 1 448 1199
339 79 889 1 105 894
340 414 1151 1 442 1148
341 94 907 1 120 910
342 94 1227 1 127 1226
343 223 967 1 250 967
344 483 469 1 493 471
345 502 541 1 514 542
346 438 258 1 443 262
347 363 329 1 372 335
348 601 1221 1 621 1194
349 378 958 1 400 956
350 454 933 1 474 930
351 448 561 1 461 562
352 77 419 1 91 431
353 245 804 1 266 807
354 358 1223 1 388 1223
355 438 901 1 460 898
356 400 597 1 414 599
357 329 1232 1 360 1233
358 194 888 1 218 890
359 191 234 1 199 243
360 219 168 1 225 178
361 136 1010 1 164 1009
362 483 121 1 486 125
363 46 990 1 76 992
364 400 611 1 414 612
365 443 923 1 464 921
366 228 935 1 253 935
367 269 225 1 275 233
368 163 899 1 187 902
369 456 65 1 459 70
370 107 1049 1 137 1048
371 172 1056 1 201 1056
372 317 177 1 324 184
373 65 1115 1 97 1115
374 167 1084 1 198 1082
375 50 1017 1 80 1019
376 225 755 1 245 758
377 163 825 1 184 828
378 451 756 1 469 756
379 501 824 1 519 821
380 104 1201 1 138 1199
381 370 618 1 386 619
382 377 671 1 393 673
383 173 825 1 197 828
384 411 1073 1 437 1068
385 217 899 1 242 899
386 442 50 1 444 54
387 550 1146 1 570 1123
388 92 993 1 120 995
389 39 1208 1 74 1206
390 202 676 1 220 682
391 334 180 1 338 187
392 207 997 1 232 999
393 414 252 1 420 256
394 186 807 1 208 810
395 50 1208 1 86 1205
396 570 859 1 584 850
397 36 1222 1 72 1219
398 160 293 1 169 303
399 168 352 1 178 362
400 151 887 1 176 890
401 175 805 1 198 808
402 296 1248 1 328 1248
403 455 964 1 478 961
404 466 949 1 488 946
405 465 995 1 487 992
406 441 825 1 460 823
407 108 1191 1 141 1189
408 457 870 1 478 868
409 468 95 1 470 99
410 175 643 1 192 650
411 322 63 1 325 68
412 459 497 1 471 499
413 382 682 1 399 684
414 168 203 1 175 213
415 519 1112 1 540 1092
416 450 885 1 471 883
417 413 954 1 436 952
418 157 975 1 183 978
419 399 505 1 411 509
420 461 531 1 474 532
421 511 857 1 530 853
422 541 748 1 556 745
423 465 607 1 480 608
424 196 1068 1 224 1068
425 195 1040 1 221 1044
426 258 531 1 272 537
427 420 317 1 428 321
428 266 758 1 285 761
429 358 1068 1 384 1064
430 83 907 1 110 910
431 242 873 1 265 876
432 365 303 1 373 308
433 168 594 1 184 601
434 184 880 1 208 882
435 469 1154 1 496 1148
436 283 271 1 291 279
437 223 504 1 237 511
438 163 723 1 183 730
439 183 851 1 208 854
440 132 1066 1 162 1067
441 75 445 1 89 455
442 104 1068 1 135 1069
443 296 1149 1 326 1144
444 400 561 1 413 563
445 242 368 1 252 377
446 225 849 1 247 851
447 486 741 1 503 739
448 419 1018 1 443 1015
449 464 353 1 472 356
450 75 1001 1 104 1002
451 280 865 1 302 867
452 35 1093 1 68 1092
453 163 945 1 189 948
454 365 1242 1 398 1243
455 44 1164 1 79 1161
456 366 235 1 373 240
457 399 276 1 406 281
458 568 1231 1 590 1204
459 486 789 1 503 786
460 428 855 1 448 853
461 99 919 1 125 922
462 467 906 1 488 904
463 603 1041 1 619 1023
464 327 905 1 350 906
465 87 1179 1 121 1177
466 343 233 1 349 239
467 162 863 1 186 867
468 470 475 1 481 476
469 415 374 1 425 377
470 198 532 1 213 540
471 464 282 1 471 284
472 229 194 1 235 204
473 536 514 1 546 515
474 371 631 1 387 633
475 396 1153 1 424 1153
476 122 894 1 148 898
477 453 826 1 472 824
478 365 201 1 371 207
479 240 233 1 247 241
480 160 1174 1 191 1173
481 458 225 1 464 229
482 475 516 1 487 517
483 68 1155 1 102 1151
484 475 530 1 487 531
485 201 899 1 225 900
486 231 150 1 236 160
487 312 1143 1 341 1138
488 128 845 1 152 848
489 229 953 1 254 954
490 583 1130 1 601 1109
491 182 1184 1 214 1180
492 117 905 1 142 908
493 148 837 1 171 841
494 576 1116 1 594 1095
495 594 1208 1 614 1182
496 170 970 1 195 972
497 207 1027 1 234 1028
498 158 955 1 184 958
499 267 443 1 279 450
500 118 822 1 142 825
501 471 552 1 484 553
502 145 1082 1 175 1082
503 518 827 1 535 824
504 114 847 1 139 850
505 406 732 1 424 733
506 382 943 1 405 944
507 401 1243 1 433 1239
508 362 993 1 386 993
509 34 1108 1 67 1109
510 470 454 1 480 456
511 227 533 1 241 539
512 298 718 1 316 722
513 390 535 1 401 538
514 363 1081 1 390 1082
515 473 393 1 483 396
516 441 798 1 459 796
517 499 71 1 500 75
518 104 993 1 133 993
519 248 939 1 272 940
520 248 654 1 264 659
521 413 921 1 435 919
522 151 867 1 176 868
523 41 1129 1 75 1129
524 276 639 1 292 644
525 273 426 1 284 431
526 400 376 1 409 380
527 183 918 1 209 920
528 629 662 1 633 656
529 669 745 1 671 734
530 160 934 1 186 937
531 344 696 1 362 699
532 246 861 1 269 864
533 223 1055 1 252 1055
534 227 872 1 250 875
535 451 895 1 472 892
536 376 914 1 398 912
537 250 826 1 271 830
538 139 1221 1 172 1219
539 355 437 1 367 442
540 90 890 1 116 894
541 373 985 1 397 983
542 169 874 1 193 878
543 129 1210 1 162 1207
544 121 1065 1 151 1064
545 355 223 1 360 229
546 399 555 1 412 557
547 414 995 1 438 993
548 440 884 1 461 882
549 155 1149 1 187 1147
550 55 1139 1 89 1139
551 98 1173 1 130 1173
552 265 880 1 288 884
553 386 569 1 400 572
554 166 1024 1 195 1025
555 452 797 1 470 796
556 172 783 1 194 788
557 159 531 1 173 540
558 89 959 1 116 961
559 179 340 1 189 350
560 216 490 1 230 497
561 191 902 1 216 903
562 387 186 1 392 192
563 200 834 1 222 836
564 126 809 1 149 813
565 123 922 1 149 925
566 168 980 1 194 982
567 429 175 1 433 180
568 465 303 1 472 305
569 172 858 1 196 860
570 464 329 1 473 332
571 74 175 1 82 188
572 396 1220 1 426 1218
573 107 929 1 133 934
574 393 144 1 397 150
575 195 214 1 202 224
576 420 974 1 443 971
577 269 1165 1 299 1161
578 469 224 1 474 227
579 255 887 1 278 888
580 160 487 1 174 496
581 417 932 1 439 930
582 245 394 1 256 401
583 484 91 1 485 95
584 155 1022 1 183 1024
585 371 507 1 383 510
586 282 840 1 303 841
587 424 630 1 439 632
588 107 1024 1 136 1026
589 637 1201 1 654 1171
590 256 928 1 279 931
591 201 948 1 226 948
592 371 650 1 386 653
593 362 1130 1 390 1129
594 89 923 1 116 927
595 344 502 1 356 506
596 534 1130 1 554 1108
597 375 1153 1 404 1154
598 599 1028 1 615 1010
599 93 1150 1 126 1149
600 464 486 1 475 488
601 206 1052 1 234 1052
602 430 928 1 452 926
603 132 1140 1 165 1137
604 67 914 1 94 917
605 118 1185 1 151 1182
606 444 122 1 448 126
607 442 698 1 458 698
608 475 1252 1 502 1229
609 178 990 1 205 991
610 432 1222 1 461 1219
611 302 900 1 324 900
612 84 177 1 93 189
613 162 784 1 183 791
614 402 52 1 405 56
615 171 503 1 184 513
616 139 945 1 164 949
617 164 814 1 186 818
618 225 209 1 231 219
619 170 531 1 184 539
620 450 1013 1 474 1010
621 429 708 1 447 710
622 482 158 1 485 162
623 459 450 1 469 452
624 532 919 1 551 913
625 312 905 1 335 905
626 414 559 1 427 561
627 255 1105 1 283 1102
628 61 978 1 90 982
629 221 480 1 234 487
630 259 920 1 282 920
631 141 1205 1 174 1201
632 109 1039 1 138 1039
633 371 468 1 383 472
634 154 1128 1 185 1125
635 439 1144 1 467 1140
636 401 865 1 421 864
637 42 1076 1 74 1077
638 290 176 1 295 184
639 269 857 1 291 859
640 349 175 1 354 181
641 276 658 1 294 662
642 445 1090 1 471 1087
643 202 934 1 226 938
644 178 742 1 199 747
645 256 1152 1 285 1147
646 336 808 1 355 811
647 206 985 1 233 987
648 173 176 1 180 187
649 467 175 1 471 180
650 65 162 1 72 177
651 375 1034 1 400 1035
652 46 1141 1 78 1143
653 355 420 1 365 424
654 261 810 1 281 814
