0 74 1081 1 117 1079
1 494 1073 1 530 1070
2 439 318 1 467 323
3 439 301 1 467 307
4 349 612 1 379 616
5 433 246 1 460 252
6 460 607 1 490 611
7 435 497 1 463 501
8 417 302 1 444 308
9 193 169 1 219 179
10 438 758 1 471 761
11 418 318 1 445 324
12 298 779 1 331 782
13 440 328 1 466 334
14 445 32 1 468 40
15 445 345 1 472 351
16 412 1172 1 450 1171
17 253 159 1 280 168
18 465 587 1 495 590
19 250 274 1 278 283
20 360 964 1 397 963
21 437 392 1 465 398
22 151 1051 1 192 1050
23 234 228 1 262 237
24 246 347 1 276 355
25 353 593 1 383 597
26 150 310 1 178 320
27 471 537 1 499 540
28 290 252 1 319 261
29 484 840 1 517 839
30 450 649 1 480 652
31 445 836 1 478 836
32 309 177 1 335 186
33 499 833 1 533 833
34 172 886 1 210 887
35 237 168 1 264 178
36 217 243 1 245 251
37 416 1112 1 454 1111
38 240 531 1 271 536
39 449 51 1 474 59
40 461 157 1 485 163
41 52 1117 1 97 1113
42 290 268 1 318 277
43 434 417 1 463 422
44 454 677 1 485 680
45 506 804 1 539 803
46 203 953 1 242 952
47 272 212 1 298 220
48 151 326 1 180 336
49 431 513 1 460 518
50 500 823 1 533 823
51 157 377 1 187 385
52 310 200 1 336 209
53 437 1045 1 473 1043
54 415 1154 1 452 1153
55 420 1089 1 458 1088
56 485 607 1 515 608
57 480 1113 1 516 1110
58 272 368 1 302 376
59 464 667 1 495 669
60 401 669 1 432 673
61 149 229 1 177 238
62 472 79 1 495 86
63 414 31 1 437 37
64 461 835 1 495 835
65 173 633 1 205 639
66 412 365 1 439 371
67 557 1248 1 594 1223
68 466 425 1 494 429
69 464 625 1 495 627
70 487 828 1 520 827
71 455 743 1 486 746
72 400 680 1 432 684
73 275 259 1 304 268
74 138 1050 1 179 1048
75 220 166 1 247 176
76 421 135 1 445 143
77 482 625 1 513 627
78 422 1078 1 460 1077
79 139 1115 1 180 1111
80 423 328 1 450 334
81 238 373 1 268 383
82 363 668 1 392 671
83 406 994 1 442 995
84 182 922 1 219 923
85 64 1242 1 106 1241
86 424 612 1 454 614
87 202 299 1 230 308
88 383 152 1 408 160
89 127 157 1 155 168
90 348 193 1 374 200
91 413 495 1 441 499
92 277 458 1 308 463
93 449 548 1 479 551
94 68 1092 1 111 1090
95 207 456 1 237 463
96 60 1224 1 106 1218
97 145 456 1 175 465
98 489 797 1 521 796
99 521 1142 1 558 1121
100 333 602 1 363 607
101 342 29 1 366 36
102 431 984 1 465 983
103 202 277 1 230 286
104 338 657 1 368 662
105 406 818 1 441 820
106 405 215 1 431 222
107 275 294 1 302 302
108 633 1193 1 667 1169
109 204 405 1 233 413
110 398 494 1 427 498
111 177 302 1 206 311
112 452 86 1 475 93
113 274 283 1 302 290
114 205 392 1 234 399
115 187 1034 1 225 1036
116 186 580 1 218 587
117 277 468 1 307 475
118 247 628 1 278 633
119 411 44 1 434 50
120 454 1087 1 491 1084
121 273 196 1 299 204
122 433 832 1 467 832
123 426 1102 1 464 1101
124 218 937 1 255 939
125 97 1222 1 142 1216
126 457 35 1 481 43
127 213 959 1 253 961
128 248 183 1 275 193
129 260 362 1 290 370
130 181 456 1 211 463
131 242 319 1 272 328
132 148 423 1 178 432
133 272 183 1 299 192
134 428 1011 1 464 1011
135 247 643 1 279 647
136 413 346 1 440 352
137 253 796 1 285 802
138 429 1033 1 465 1033
139 181 410 1 211 419
140 107 1094 1 148 1090
141 372 1039 1 405 1043
142 300 157 1 327 166
143 213 581 1 244 587
144 264 262 1 293 271
145 249 217 1 277 225
146 384 636 1 414 640
147 125 1105 1 167 1102
148 146 489 1 177 498
149 465 682 1 496 684
150 375 359 1 403 365
151 411 288 1 438 294
152 423 251 1 449 257
153 197 990 1 235 991
154 450 826 1 484 826
155 468 598 1 499 600
156 186 537 1 216 545
157 292 800 1 325 805
158 262 665 1 294 669
159 224 177 1 250 186
160 193 182 1 220 191
161 258 299 1 286 306
162 451 498 1 479 502
163 472 392 1 500 397
164 467 999 1 502 999
165 139 1103 1 181 1100
166 91 1058 1 134 1056
167 249 197 1 276 206
168 154 1096 1 196 1093
169 167 1097 1 208 1094
170 182 428 1 211 436
171 216 664 1 248 669
172 327 204 1 353 212
173 432 236 1 458 241
174 412 516 1 443 520
175 407 178 1 433 185
176 52 1212 1 99 1206
177 351 405 1 380 411
178 411 414 1 439 419
179 160 365 1 188 374
180 35 1090 1 79 1087
181 177 321 1 206 331
182 332 613 1 362 617
183 204 322 1 232 330
184 456 24 1 479 31
185 449 660 1 479 663
186 114 1104 1 157 1100
187 404 261 1 431 268
188 434 696 1 465 699
189 194 703 1 227 708
190 85 1068 1 129 1065
191 75 974 1 118 972
192 457 802 1 491 802
193 207 891 1 245 893
194 406 1046 1 442 1043
195 255 457 1 285 464
196 412 540 1 442 545
197 154 552 1 186 560
198 214 615 1 246 622
199 376 1070 1 413 1066
200 446 602 1 476 606
201 397 1084 1 435 1080
202 359 529 1 390 534
203 430 719 1 461 722
204 454 386 1 481 391
205 136 892 1 174 893
206 379 900 1 414 900
207 561 1223 1 599 1199
208 318 38 1 341 47
209 412 237 1 438 244
210 85 951 1 127 950
211 393 215 1 419 222
212 466 860 1 499 859
213 193 685 1 225 691
214 146 900 1 186 901
215 85 1027 1 127 1026
216 457 734 1 488 736
217 131 361 1 161 371
218 458 784 1 492 785
219 443 216 1 469 222
220 328 282 1 356 290
221 475 787 1 508 787
222 479 36 1 502 43
223 356 648 1 387 652
224 357 582 1 388 586
225 433 256 1 459 262
226 287 664 1 318 668
227 133 578 1 165 586
228 211 992 1 248 994
229 203 970 1 239 972
230 263 705 1 296 710
231 136 1239 1 178 1237
232 351 393 1 379 399
233 405 324 1 433 330
234 331 549 1 361 555
235 360 993 1 396 994
236 408 830 1 442 831
237 63 520 1 98 528
238 211 555 1 242 562
239 383 1093 1 421 1089
240 210 536 1 241 542
241 98 136 1 127 147
242 89 1138 1 133 1136
243 184 491 1 215 498
244 127 880 1 167 882
245 431 346 1 459 351
246 347 537 1 377 542
247 393 1232 1 431 1230
248 488 1064 1 523 1061
249 86 1229 1 129 1225
250 408 844 1 442 845
251 187 554 1 218 561
252 448 848 1 482 849
253 443 1075 1 481 1072
254 121 430 1 150 438
255 43 1163 1 89 1159
256 450 272 1 476 278
257 123 903 1 163 904
258 190 194 1 217 204
259 348 205 1 374 212
260 352 422 1 381 427
261 358 900 1 393 900
262 35 959 1 77 957
263 330 394 1 358 400
264 41 1200 1 86 1196
265 76 163 1 105 174
266 206 427 1 235 435
267 259 745 1 292 750
268 184 473 1 214 481
269 247 724 1 280 728
270 406 388 1 433 393
271 134 1125 1 176 1123
272 568 1248 1 605 1223
273 36 1152 1 78 1151
274 214 143 1 241 152
275 458 363 1 486 369
276 491 1116 1 527 1112
277 328 294 1 356 301
278 330 422 1 358 428
279 343 549 1 373 553
280 189 615 1 221 622
281 408 88 1 433 95
282 421 44 1 444 50
283 329 405 1 358 411
284 461 885 1 495 885
285 138 872 1 177 873
286 411 900 1 446 900
287 209 844 1 245 846
288 90 992 1 133 990
289 386 229 1 412 235
290 370 372 1 398 377
291 149 536 1 180 544
292 175 279 1 204 288
293 237 627 1 268 634
294 332 531 1 362 536
295 237 938 1 273 939
296 380 919 1 415 918
297 433 842 1 467 842
298 150 830 1 188 831
299 365 1072 1 401 1067
300 459 930 1 495 929
301 448 260 1 475 267
302 103 1112 1 146 1110
303 581 1212 1 617 1190
304 328 311 1 357 318
305 400 532 1 430 535
306 197 1065 1 237 1063
307 489 784 1 522 784
308 462 847 1 495 848
309 410 798 1 442 799
310 157 1085 1 199 1081
311 350 300 1 377 307
312 413 1019 1 449 1019
313 162 879 1 200 881
314 178 392 1 208 400
315 438 94 1 462 100
316 159 997 1 198 997
317 95 958 1 138 957
318 99 149 1 128 161
319 557 1238 1 595 1213
320 446 371 1 474 376
321 231 158 1 259 167
322 115 143 1 144 155
323 230 961 1 266 963
324 147 921 1 186 921
325 159 571 1 190 579
326 85 1082 1 128 1079
327 64 886 1 104 887
328 411 1142 1 448 1141
329 132 846 1 171 847
330 133 1255 1 172 1257
331 470 452 1 498 456
332 491 524 1 520 527
333 422 238 1 448 244
334 347 312 1 375 318
335 604 1239 1 640 1214
336 371 949 1 406 949
337 448 922 1 481 922
338 436 545 1 466 548
339 57 405 1 90 415
340 62 1103 1 106 1101
341 356 1211 1 394 1213
342 334 826 1 369 829
343 431 890 1 466 890
344 388 582 1 418 586
345 327 1220 1 365 1222
346 95 1150 1 138 1147
347 219 947 1 257 947
348 172 217 1 200 226
349 199 149 1 226 160
350 102 1042 1 142 1042
351 118 1014 1 158 1014
352 466 99 1 490 105
353 59 939 1 101 939
354 388 596 1 419 599
355 436 914 1 471 913
356 73 946 1 114 947
357 86 1219 1 130 1214
358 80 987 1 122 986
359 439 42 1 463 51
360 79 905 1 120 904
361 210 902 1 248 903
362 184 1247 1 224 1247
363 443 742 1 474 744
364 494 812 1 527 812
365 359 603 1 390 606
366 366 657 1 397 660
367 405 1068 1 443 1065
368 120 892 1 159 894
369 424 30 1 447 36
370 550 1161 1 587 1140
371 191 664 1 223 670
372 315 161 1 341 169
373 149 957 1 187 960
374 398 231 1 424 238
375 172 800 1 209 802
376 133 1081 1 173 1081
377 565 852 1 597 847
378 142 278 1 170 287
379 150 337 1 180 346
380 161 798 1 200 800
381 450 954 1 485 953
382 460 938 1 495 938
383 168 642 1 201 648
384 459 984 1 494 984
385 433 814 1 466 815
386 192 955 1 229 955
387 119 1255 1 155 1262
388 450 859 1 484 859
389 451 73 1 474 80
390 162 631 1 195 638
391 230 891 1 264 894
392 447 479 1 476 484
393 372 667 1 403 671
394 149 186 1 176 196
395 141 1060 1 182 1060
396 443 874 1 477 874
397 406 945 1 442 944
398 293 786 1 325 791
399 79 1138 1 124 1132
400 386 489 1 416 494
401 450 514 1 479 518
402 504 845 1 537 845
403 533 735 1 565 735
404 455 591 1 485 594
405 243 518 1 274 523
406 405 298 1 432 305
407 414 1250 1 451 1249
408 352 1064 1 390 1061
409 67 905 1 109 905
410 350 284 1 377 291
411 154 582 1 186 588
412 172 874 1 210 875
413 466 1148 1 504 1144
414 264 252 1 293 260
415 209 490 1 239 497
416 152 712 1 185 718
417 170 845 1 209 847
418 122 1064 1 163 1063
419 55 432 1 88 440
420 396 779 1 429 783
421 290 1148 1 330 1143
422 236 876 1 274 876
423 388 545 1 418 550
424 224 350 1 254 360
425 141 968 1 180 968
426 408 1080 1 445 1077
427 477 727 1 510 728
428 413 1008 1 449 1008
429 450 334 1 476 340
430 61 1001 1 104 999
431 270 857 1 306 858
432 231 866 1 267 868
433 350 215 1 376 223
434 383 256 1 410 263
435 147 1150 1 188 1146
436 478 776 1 510 777
437 420 844 1 454 844
438 85 915 1 125 916
439 460 895 1 494 895
440 603 1048 1 637 1032
441 318 897 1 354 898
442 218 1055 1 257 1054
443 194 942 1 232 944
444 325 214 1 352 222
445 149 858 1 187 859
446 457 457 1 485 461
447 401 355 1 429 361
448 184 519 1 215 526
449 210 773 1 246 776
450 210 176 1 237 186
451 526 497 1 554 500
452 360 616 1 391 620
453 393 1140 1 429 1142
454 110 889 1 149 891
455 445 815 1 478 815
456 348 182 1 374 189
457 222 215 1 249 224
458 151 1174 1 194 1170
459 127 963 1 166 964
460 442 204 1 468 211
461 463 499 1 492 502
462 151 869 1 188 871
463 463 513 1 492 517
464 189 893 1 227 893
465 210 130 1 237 141
466 125 1035 1 166 1034
467 113 840 1 152 841
468 305 45 1 327 52
469 583 1142 1 619 1122
470 173 1187 1 216 1181
471 163 1134 1 204 1132
472 74 888 1 115 888
473 145 1126 1 186 1124
474 53 1151 1 98 1145
475 597 1226 1 633 1202
476 160 963 1 198 965
477 417 1052 1 454 1049
478 199 903 1 234 906
479 433 71 1 456 79
480 102 817 1 141 818
481 460 535 1 490 539
482 228 736 1 262 740
483 511 815 1 543 815
484 54 1159 1 100 1154
485 99 841 1 139 843
486 56 1195 1 100 1192
487 283 1222 1 322 1223
488 397 718 1 428 721
489 385 778 1 417 781
490 374 935 1 410 936
491 113 1038 1 154 1038
492 356 983 1 391 984
493 239 783 1 273 787
494 457 436 1 485 441
495 118 1025 1 158 1024
496 213 519 1 244 526
497 288 705 1 320 710
498 377 520 1 406 524
499 209 811 1 243 815
500 460 375 1 488 380
501 433 786 1 466 787
502 482 47 1 504 54
503 152 944 1 191 946
504 128 870 1 166 872
505 236 642 1 267 647
506 406 912 1 441 911
507 226 828 1 261 830
508 264 626 1 295 631
509 258 410 1 287 416
510 385 358 1 413 364
511 627 649 1 655 644
512 65 985 1 108 984
513 248 843 1 285 844
514 399 792 1 433 794
515 391 1220 1 428 1220
516 445 884 1 478 884
517 369 905 1 404 905
518 423 998 1 460 998
519 240 809 1 276 811
520 341 421 1 370 427
521 133 836 1 173 837
522 111 1050 1 151 1051
523 85 1152 1 130 1146
524 156 1184 1 200 1178
525 111 1065 1 152 1062
526 338 204 1 363 211
527 408 984 1 443 985
528 433 873 1 467 873
529 184 1097 1 225 1094
530 374 554 1 404 558
531 157 1021 1 197 1020
532 198 489 1 229 497
533 144 519 1 175 526
534 75 957 1 116 957
535 161 325 1 190 334
536 201 476 1 232 483
537 370 166 1 395 174
538 187 829 1 224 829
539 110 802 1 149 805
540 110 916 1 150 918
541 119 972 1 160 973
542 413 154 1 437 161
543 451 283 1 476 288
544 159 853 1 197 854
545 450 309 1 477 315
546 51 158 1 81 170
547 394 1210 1 432 1210
548 376 122 1 401 131
549 175 197 1 203 207
550 414 965 1 449 964
551 262 1165 1 303 1160
552 145 474 1 176 482
553 410 922 1 445 922
554 229 378 1 258 386
555 467 68 1 490 75
556 358 491 1 387 496
557 89 905 1 129 906
558 413 615 1 443 619
559 410 1195 1 447 1194
560 643 1221 1 677 1194
561 571 1222 1 607 1197
562 360 636 1 390 640
563 29 1177 1 73 1174
564 145 1007 1 188 1005
565 76 920 1 116 921
566 330 487 1 360 492
567 533 1144 1 570 1123
568 372 1141 1 409 1144
569 598 1033 1 632 1018
570 197 1007 1 238 1004
571 351 1094 1 387 1096
572 518 1124 1 555 1106
573 452 468 1 480 473
574 197 1052 1 236 1048
575 423 918 1 458 918
576 216 796 1 250 800
577 95 1081 1 137 1079
578 174 1044 1 211 1044
579 427 101 1 451 108
580 433 682 1 463 686
581 145 1024 1 185 1024
582 75 1046 1 118 1044
583 73 868 1 114 869
584 430 1212 1 468 1211
585 292 892 1 328 893
586 62 160 1 92 171
587 385 33 1 407 39
588 155 489 1 186 499
589 241 861 1 277 863
590 150 807 1 187 809
591 206 191 1 233 201
592 156 518 1 186 525
593 445 1003 1 480 1002
594 420 693 1 451 697
595 465 135 1 489 143
596 446 432 1 474 437
597 527 911 1 561 907
598 303 896 1 339 897
599 402 543 1 431 547
600 247 1104 1 287 1100
601 46 979 1 89 978
602 114 1216 1 159 1209
603 193 927 1 229 929
604 132 1208 1 175 1203
605 358 452 1 387 457
606 257 810 1 292 813
607 436 1135 1 473 1134
608 393 855 1 426 856
609 225 747 1 260 751
610 258 849 1 295 851
611 332 156 1 357 164
612 264 644 1 297 650
613 441 1082 1 478 1081
614 65 971 1 108 969
615 140 992 1 180 991
616 248 1152 1 288 1147
617 103 880 1 142 881
618 326 795 1 359 799
619 66 1161 1 110 1158
620 153 158 1 181 168
621 450 153 1 475 160
622 42 145 1 71 158
623 371 1020 1 405 1024
624 242 822 1 277 825
625 340 403 1 369 409
