0 68 1073 1 116 1079
1 488 1065 1 531 1070
2 382 1034 1 421 1044
3 435 309 1 467 322
4 435 292 1 467 306
5 344 603 1 380 614
6 429 237 1 460 251
7 455 599 1 491 609
8 430 488 1 463 499
9 412 293 1 444 306
10 187 159 1 219 177
11 433 750 1 471 759
12 413 309 1 445 322
13 293 770 1 331 781
14 435 319 1 466 332
15 440 337 1 472 349
16 407 1163 1 451 1170
17 248 149 1 280 166
18 460 579 1 496 589
19 245 265 1 278 281
20 355 956 1 397 962
21 433 384 1 465 396
22 145 1043 1 192 1049
23 229 219 1 262 235
24 241 337 1 276 353
25 348 585 1 383 596
26 145 301 1 178 318
27 466 528 1 500 539
28 285 242 1 319 259
29 479 832 1 518 838
30 445 640 1 481 650
31 440 828 1 479 835
32 304 168 1 335 184
33 494 825 1 533 832
34 166 878 1 210 886
35 232 158 1 264 176
36 212 233 1 245 250
37 410 1104 1 455 1110
38 234 522 1 271 534
39 444 41 1 474 57
40 457 147 1 486 161
41 46 1109 1 97 1113
42 285 258 1 318 275
43 140 1251 1 184 1263
44 429 409 1 463 421
45 449 669 1 485 679
46 501 796 1 539 802
47 197 945 1 242 951
48 267 202 1 298 218
49 145 317 1 180 334
50 426 505 1 460 516
51 495 815 1 533 822
52 152 368 1 187 383
53 305 191 1 337 207
54 431 1037 1 474 1043
55 410 1145 1 452 1152
56 415 1081 1 459 1088
57 480 599 1 515 607
58 474 1105 1 517 1110
59 266 359 1 302 374
60 459 659 1 495 668
61 396 661 1 432 672
62 143 219 1 177 237
63 468 70 1 496 84
64 456 827 1 496 834
65 167 624 1 205 637
66 407 356 1 439 369
67 551 1243 1 595 1225
68 462 416 1 495 428
69 459 617 1 496 626
70 482 820 1 521 827
71 449 735 1 486 745
72 395 672 1 432 683
73 270 250 1 304 266
74 133 1043 1 179 1048
75 215 156 1 247 174
76 416 125 1 446 141
77 477 617 1 514 626
78 417 1070 1 460 1076
79 134 1107 1 180 1110
80 418 319 1 450 332
81 233 364 1 268 381
82 357 660 1 393 670
83 401 986 1 443 994
84 176 914 1 219 923
85 58 1234 1 106 1240
86 419 604 1 454 613
87 197 290 1 230 307
88 379 142 1 409 159
89 592 1255 1 634 1237
90 121 147 1 155 166
91 343 183 1 374 198
92 408 486 1 442 498
93 272 449 1 308 462
94 444 539 1 480 550
95 62 1085 1 110 1089
96 202 447 1 237 461
97 139 447 1 175 463
98 484 789 1 522 796
99 515 1136 1 559 1123
100 328 594 1 363 605
101 214 929 1 255 938
102 425 975 1 466 982
103 197 268 1 230 284
104 333 649 1 368 660
105 401 810 1 441 819
106 401 205 1 431 220
107 270 285 1 302 300
108 628 1188 1 668 1171
109 199 396 1 233 412
110 393 485 1 427 497
111 172 293 1 206 310
112 447 76 1 475 91
113 269 273 1 302 288
114 200 383 1 234 398
115 182 1026 1 225 1035
116 181 572 1 218 586
117 272 459 1 307 473
118 242 620 1 279 632
119 407 34 1 434 49
120 449 1079 1 492 1084
121 268 186 1 299 202
122 427 824 1 467 831
123 293 151 1 327 164
124 421 1094 1 464 1101
125 565 1254 1 608 1236
126 91 1215 1 142 1216
127 453 25 1 481 41
128 208 951 1 253 961
129 243 174 1 275 191
130 255 353 1 290 368
131 176 447 1 211 462
132 237 310 1 272 326
133 143 414 1 178 430
134 267 174 1 299 191
135 423 1003 1 464 1010
136 242 634 1 279 646
137 408 338 1 441 351
138 248 787 1 285 800
139 423 1025 1 466 1032
140 176 402 1 211 418
141 101 1086 1 148 1090
142 366 1030 1 406 1041
143 208 572 1 244 586
144 258 252 1 293 269
145 244 208 1 277 224
146 379 628 1 415 638
147 119 1098 1 167 1102
148 141 481 1 177 496
149 460 674 1 496 683
150 370 350 1 404 364
151 406 279 1 438 292
152 419 242 1 449 255
153 191 982 1 235 990
154 445 818 1 484 825
155 463 590 1 499 599
156 39 1156 1 89 1159
157 180 529 1 216 543
158 287 792 1 325 804
159 257 656 1 294 667
160 219 167 1 250 184
161 188 172 1 220 190
162 253 290 1 286 304
163 446 489 1 480 500
164 467 384 1 500 396
165 462 991 1 502 998
166 134 1096 1 181 1100
167 86 1050 1 134 1055
168 244 187 1 276 204
169 149 1089 1 196 1092
170 162 1089 1 208 1094
171 176 419 1 211 435
172 210 656 1 248 668
173 322 194 1 353 210
174 427 227 1 458 239
175 407 508 1 443 519
176 403 168 1 433 183
177 47 1205 1 99 1206
178 346 396 1 380 409
179 406 406 1 439 418
180 55 1217 1 105 1218
181 154 356 1 189 373
182 29 1083 1 79 1087
183 172 312 1 206 329
184 327 604 1 363 616
185 198 313 1 232 329
186 444 652 1 480 662
187 108 1097 1 156 1100
188 400 252 1 432 266
189 429 688 1 465 698
190 189 695 1 227 707
191 80 1061 1 129 1065
192 69 966 1 118 971
193 452 794 1 492 801
194 103 1056 1 151 1061
195 202 883 1 245 892
196 400 1039 1 443 1042
197 250 448 1 285 462
198 407 532 1 442 544
199 149 544 1 186 559
200 209 607 1 246 620
201 370 1063 1 413 1066
202 441 594 1 477 604
203 392 1076 1 436 1080
204 354 521 1 390 533
205 425 711 1 462 720
206 449 378 1 481 389
207 130 884 1 174 893
208 374 892 1 415 899
209 555 1217 1 600 1201
210 313 28 1 341 45
211 407 227 1 438 242
212 79 944 1 127 950
213 388 205 1 419 220
214 460 852 1 499 859
215 188 676 1 226 689
216 141 893 1 185 901
217 80 1020 1 127 1026
218 452 726 1 489 735
219 126 352 1 161 369
220 453 777 1 493 784
221 438 206 1 469 220
222 323 273 1 356 288
223 470 779 1 508 786
224 475 26 1 502 41
225 351 640 1 387 651
226 352 574 1 388 585
227 428 247 1 459 260
228 282 656 1 318 667
229 128 570 1 165 585
230 206 984 1 248 993
231 197 961 1 240 971
232 258 697 1 296 709
233 131 1231 1 178 1237
234 346 384 1 379 397
235 400 315 1 433 328
236 326 541 1 361 553
237 355 985 1 396 993
238 402 822 1 443 830
239 57 512 1 97 526
240 206 546 1 242 560
241 378 1085 1 421 1089
242 204 527 1 241 541
243 93 125 1 127 145
244 84 1130 1 133 1135
245 179 482 1 215 497
246 89 952 1 137 957
247 425 337 1 459 349
248 153 1240 1 199 1246
249 343 528 1 377 540
250 387 1223 1 431 1229
251 482 1056 1 524 1060
252 80 1221 1 129 1224
253 402 836 1 442 844
254 182 545 1 218 560
255 443 840 1 483 848
256 438 1067 1 481 1072
257 114 421 1 150 437
258 445 263 1 476 276
259 118 896 1 162 904
260 184 185 1 217 202
261 343 195 1 374 210
262 347 413 1 381 426
263 352 892 1 393 899
264 28 952 1 77 957
265 209 904 1 249 914
266 325 385 1 359 399
267 35 1193 1 86 1196
268 70 153 1 105 172
269 201 418 1 235 433
270 253 737 1 292 749
271 178 464 1 214 479
272 242 716 1 281 727
273 401 379 1 434 392
274 90 1061 1 135 1068
275 563 1243 1 606 1225
276 30 1144 1 78 1150
277 209 133 1 241 150
278 454 355 1 486 367
279 486 1108 1 527 1111
280 323 285 1 356 299
281 325 413 1 359 427
282 338 540 1 374 552
283 184 606 1 221 621
284 404 78 1 433 93
285 417 34 1 445 48
286 324 396 1 358 410
287 455 877 1 496 884
288 132 864 1 177 872
289 406 892 1 447 899
290 204 836 1 245 845
291 85 985 1 132 990
292 381 219 1 412 234
293 365 363 1 398 376
294 144 527 1 180 543
295 170 269 1 204 286
296 232 619 1 269 632
297 327 523 1 362 535
298 231 930 1 273 938
299 375 911 1 415 917
300 428 834 1 467 842
301 144 822 1 187 831
302 359 1064 1 401 1067
303 454 922 1 496 928
304 145 329 1 180 344
305 444 251 1 476 265
306 97 1105 1 146 1109
307 576 1207 1 619 1192
308 323 302 1 357 316
309 395 524 1 430 534
310 191 1057 1 237 1063
311 484 776 1 522 783
312 456 839 1 496 847
313 404 790 1 442 798
314 152 1078 1 199 1080
315 345 291 1 377 305
316 408 1011 1 449 1018
317 156 871 1 200 880
318 173 383 1 208 399
319 434 84 1 462 98
320 153 990 1 197 997
321 93 139 1 128 159
322 552 1232 1 596 1215
323 441 362 1 474 374
324 226 148 1 259 165
325 110 133 1 144 153
326 224 953 1 266 962
327 382 24 1 408 37
328 141 914 1 186 920
329 153 563 1 190 577
330 79 1075 1 128 1079
331 405 1134 1 449 1140
332 129 1118 1 176 1123
333 127 839 1 171 846
334 127 1246 1 172 1256
335 466 443 1 499 454
336 486 515 1 521 526
337 418 229 1 448 243
338 343 303 1 375 316
339 599 1233 1 642 1216
340 365 941 1 406 948
341 442 915 1 481 921
342 431 537 1 466 547
343 51 396 1 90 414
344 58 1096 1 105 1101
345 351 1202 1 394 1212
346 329 818 1 369 828
347 426 882 1 467 889
348 383 574 1 418 585
349 322 1211 1 366 1221
350 90 1142 1 138 1147
351 213 939 1 257 946
352 167 207 1 200 224
353 194 139 1 226 158
354 96 1034 1 142 1041
355 112 1006 1 158 1013
356 462 89 1 490 103
357 53 931 1 101 939
358 384 588 1 419 598
359 431 905 1 471 912
360 67 938 1 113 946
361 80 1211 1 130 1214
362 156 1190 1 203 1193
363 74 980 1 122 986
364 434 32 1 463 49
365 74 897 1 120 904
366 205 894 1 248 902
367 179 1238 1 224 1247
368 438 734 1 475 743
369 489 804 1 528 811
370 354 595 1 390 605
371 361 648 1 397 659
372 400 1061 1 444 1065
373 113 885 1 159 893
374 544 1155 1 588 1141
375 185 656 1 223 669
376 311 151 1 341 167
377 144 949 1 187 959
378 393 222 1 424 237
379 166 792 1 209 801
380 127 1073 1 173 1080
381 560 845 1 598 846
382 137 268 1 170 285
383 155 790 1 200 799
384 444 946 1 485 952
385 455 931 1 495 937
386 163 634 1 201 647
387 454 976 1 494 983
388 427 806 1 467 814
389 186 947 1 229 954
390 114 1246 1 156 1261
391 445 851 1 484 858
392 447 63 1 475 78
393 157 623 1 195 636
394 225 882 1 265 893
395 442 471 1 476 482
396 367 659 1 403 670
397 143 176 1 176 194
398 135 1052 1 182 1059
399 438 866 1 478 873
400 401 937 1 442 944
401 288 778 1 325 790
402 73 1130 1 124 1132
403 381 481 1 416 493
404 445 506 1 480 517
405 499 837 1 538 844
406 528 727 1 565 734
407 450 583 1 485 593
408 237 508 1 274 522
409 400 289 1 433 303
410 408 1241 1 452 1248
411 345 275 1 377 289
412 148 573 1 186 587
413 166 866 1 210 874
414 460 1140 1 504 1144
415 259 242 1 293 259
416 204 482 1 239 496
417 147 704 1 185 717
418 164 837 1 209 846
419 117 1056 1 163 1062
420 49 423 1 88 439
421 391 771 1 429 782
422 284 1140 1 330 1143
423 231 868 1 274 875
424 383 537 1 418 548
425 218 342 1 254 358
426 135 960 1 180 967
427 403 1072 1 446 1076
428 472 719 1 510 727
429 408 1000 1 450 1007
430 445 325 1 477 338
431 55 993 1 103 999
432 264 849 1 306 857
433 225 858 1 267 867
434 345 205 1 376 221
435 378 247 1 410 261
436 473 768 1 511 776
437 415 836 1 454 844
438 79 907 1 125 916
439 455 887 1 495 895
440 598 1042 1 638 1033
441 312 889 1 354 897
442 212 1047 1 257 1053
443 188 935 1 232 943
444 320 204 1 352 220
445 143 850 1 187 859
446 452 449 1 486 460
447 396 346 1 429 360
448 178 511 1 215 525
449 205 765 1 246 775
450 205 166 1 237 184
451 521 488 1 554 498
452 355 608 1 391 619
453 387 1131 1 429 1141
454 440 807 1 479 814
455 343 172 1 374 187
456 217 205 1 249 222
457 146 1166 1 194 1170
458 121 955 1 166 963
459 438 195 1 469 209
460 458 490 1 492 501
461 145 861 1 188 870
462 459 504 1 493 516
463 183 885 1 227 893
464 205 120 1 237 139
465 120 1028 1 166 1034
466 107 832 1 152 841
467 300 34 1 328 50
468 578 1136 1 620 1124
469 168 1179 1 216 1181
470 158 1126 1 204 1132
471 68 880 1 115 887
472 139 1119 1 186 1123
473 72 1245 1 119 1254
474 591 1220 1 635 1204
475 154 955 1 198 964
476 412 1044 1 454 1048
477 193 895 1 234 905
478 429 61 1 456 77
479 95 809 1 141 817
480 455 527 1 490 538
481 222 728 1 263 739
482 506 807 1 544 814
483 93 834 1 138 843
484 50 1187 1 99 1192
485 278 1214 1 322 1222
486 392 709 1 429 720
487 379 770 1 417 780
488 369 926 1 411 936
489 108 1031 1 153 1038
490 351 975 1 392 983
491 234 774 1 274 786
492 453 427 1 486 439
493 208 511 1 244 524
494 283 697 1 320 709
495 372 511 1 406 522
496 203 802 1 243 814
497 456 366 1 488 378
498 427 778 1 466 786
499 478 37 1 505 52
500 147 936 1 191 945
501 122 862 1 166 871
502 231 633 1 268 645
503 401 903 1 441 911
504 220 820 1 261 829
505 259 618 1 296 630
506 253 401 1 287 414
507 381 350 1 413 363
508 346 1057 1 390 1060
509 622 642 1 657 643
510 59 977 1 108 983
511 242 835 1 285 844
512 394 784 1 433 793
513 385 1211 1 429 1219
514 439 876 1 479 883
515 363 897 1 404 904
516 418 990 1 460 997
517 235 801 1 276 810
518 336 412 1 371 425
519 127 828 1 172 836
520 105 1042 1 151 1050
521 79 1144 1 130 1146
522 151 1177 1 199 1178
523 333 194 1 364 210
524 403 976 1 444 984
525 427 865 1 467 872
526 177 1090 1 224 1094
527 369 545 1 404 557
528 152 1013 1 197 1020
529 192 481 1 229 495
530 139 510 1 175 525
531 69 949 1 116 956
532 156 316 1 190 333
533 41 1145 1 92 1148
534 365 156 1 396 172
535 181 821 1 224 828
536 104 795 1 149 804
537 105 908 1 150 918
538 114 964 1 160 972
539 408 144 1 437 159
540 446 274 1 476 286
541 153 845 1 197 853
542 445 301 1 478 313
543 45 147 1 81 168
544 388 1201 1 433 1209
545 371 113 1 401 129
546 170 187 1 203 205
547 409 957 1 450 963
548 257 1157 1 303 1160
549 139 465 1 176 480
550 406 914 1 445 921
551 223 369 1 258 384
552 463 58 1 490 73
553 353 482 1 387 494
554 83 897 1 128 906
555 408 607 1 444 618
556 404 1186 1 448 1193
557 638 1216 1 679 1196
558 565 1216 1 608 1199
559 355 628 1 391 639
560 140 999 1 187 1005
561 70 913 1 116 920
562 325 478 1 360 491
563 527 1138 1 571 1125
564 367 1132 1 410 1143
565 593 1026 1 633 1019
566 191 999 1 237 1004
567 346 1086 1 388 1095
568 513 1118 1 556 1108
569 447 460 1 481 471
570 191 1044 1 236 1048
571 418 910 1 459 917
572 210 788 1 250 799
573 90 1073 1 137 1079
574 125 1006 1 171 1012
575 147 833 1 190 842
576 168 1036 1 211 1043
577 422 92 1 451 106
578 428 674 1 464 685
579 139 1017 1 185 1024
580 69 1038 1 118 1044
581 66 860 1 114 868
582 424 1203 1 468 1210
583 287 884 1 328 892
584 56 150 1 92 169
585 114 1136 1 161 1142
586 150 481 1 186 497
587 236 853 1 277 862
588 144 799 1 187 809
589 201 181 1 233 199
590 150 509 1 186 524
591 440 995 1 481 1001
592 415 685 1 452 696
593 461 126 1 490 141
594 442 424 1 474 436
595 521 903 1 561 907
596 298 888 1 340 897
597 397 535 1 432 546
598 241 1096 1 287 1100
599 40 972 1 89 977
600 109 1208 1 159 1209
601 188 919 1 230 928
602 160 1167 1 206 1172
603 353 443 1 387 456
604 252 802 1 292 812
605 431 1126 1 474 1133
606 388 847 1 427 855
607 220 738 1 260 750
608 253 841 1 295 850
609 327 146 1 357 162
610 259 636 1 297 649
611 436 1075 1 478 1080
612 60 963 1 107 969
613 134 984 1 180 991
614 243 1145 1 289 1147
615 98 872 1 142 880
616 321 787 1 360 798
617 61 1153 1 110 1157
618 148 147 1 180 167
619 446 143 1 475 158
620 36 134 1 71 156
621 366 1012 1 406 1022
622 386 1238 1 429 1244
623 336 394 1 369 408
