0 73 1061 1 116 1078
1 493 1051 1 532 1069
2 386 1018 1 421 1041
3 437 293 1 467 318
4 437 276 1 467 302
5 347 589 1 380 612
6 431 220 1 461 247
7 459 584 1 491 607
8 433 473 1 463 496
9 414 276 1 444 303
10 437 735 1 472 757
11 415 293 1 446 319
12 297 756 1 331 778
13 437 303 1 467 329
14 442 321 1 472 346
15 413 1149 1 451 1169
16 249 133 1 280 163
17 464 564 1 496 586
18 246 249 1 278 277
19 435 368 1 466 393
20 230 203 1 262 232
21 243 322 1 276 350
22 352 570 1 384 593
23 146 286 1 178 315
24 469 513 1 500 536
25 287 226 1 319 255
26 187 144 1 219 174
27 483 817 1 519 836
28 448 625 1 481 648
29 444 814 1 479 834
30 305 151 1 335 181
31 498 811 1 534 830
32 170 865 1 210 885
33 233 142 1 264 172
34 213 218 1 245 246
35 416 1089 1 455 1109
36 237 508 1 271 532
37 447 24 1 474 53
38 458 130 1 486 157
39 51 1097 1 96 1113
40 286 242 1 318 271
41 147 1236 1 185 1260
42 432 393 1 463 418
43 453 654 1 486 676
44 505 782 1 540 800
45 201 932 1 242 950
46 268 186 1 299 215
47 147 302 1 180 331
48 430 490 1 461 513
49 359 942 1 397 961
50 499 801 1 534 820
51 153 353 1 187 380
52 306 174 1 337 203
53 436 1024 1 474 1042
54 415 1131 1 453 1151
55 420 1067 1 459 1086
56 484 584 1 516 605
57 480 1092 1 518 1109
58 268 344 1 302 371
59 463 643 1 496 665
60 399 646 1 433 669
61 144 204 1 177 233
62 470 51 1 496 80
63 575 1255 1 613 1251
64 460 813 1 496 833
65 170 610 1 205 635
66 410 340 1 439 366
67 558 1234 1 597 1230
68 187 1017 1 225 1033
69 465 400 1 495 425
70 463 602 1 496 623
71 486 806 1 522 825
72 454 720 1 487 743
73 399 658 1 433 680
74 271 234 1 303 263
75 137 1030 1 179 1047
76 216 140 1 247 170
77 418 107 1 446 137
78 481 602 1 514 624
79 150 1031 1 191 1049
80 421 303 1 450 329
81 361 645 1 393 667
82 406 972 1 443 993
83 180 901 1 219 921
84 229 1249 1 266 1272
85 422 589 1 455 610
86 64 1221 1 106 1240
87 198 275 1 230 303
88 380 125 1 409 155
89 598 1246 1 636 1242
90 121 131 1 155 162
91 345 167 1 374 195
92 411 471 1 442 495
93 275 434 1 308 459
94 448 524 1 480 547
95 66 1073 1 110 1089
96 204 433 1 237 458
97 141 433 1 175 460
98 488 774 1 522 794
99 521 1126 1 560 1126
100 331 579 1 364 603
101 218 915 1 256 936
102 430 961 1 466 981
103 198 253 1 230 281
104 336 635 1 369 658
105 405 797 1 442 817
106 403 189 1 432 216
107 271 269 1 302 297
108 635 1179 1 670 1176
109 201 382 1 233 409
110 396 470 1 428 494
111 173 278 1 206 307
112 449 58 1 475 87
113 271 258 1 302 285
114 202 368 1 235 395
115 184 558 1 218 583
116 275 445 1 307 471
117 245 606 1 279 630
118 454 1065 1 492 1083
119 269 169 1 299 199
120 432 810 1 467 829
121 426 1080 1 465 1099
122 571 1245 1 610 1240
123 97 1202 1 141 1216
124 206 873 1 244 891
125 244 157 1 275 188
126 256 338 1 290 365
127 178 433 1 211 459
128 238 294 1 272 323
129 145 400 1 178 428
130 268 157 1 299 187
131 428 989 1 465 1009
132 246 620 1 279 644
133 410 322 1 441 348
134 252 773 1 286 798
135 428 1011 1 466 1030
136 178 387 1 211 415
137 105 1074 1 147 1090
138 371 1015 1 407 1039
139 211 558 1 245 583
140 259 236 1 292 265
141 245 191 1 277 220
142 464 173 1 498 216
143 382 613 1 415 636
144 123 1086 1 166 1101
145 143 467 1 177 494
146 464 658 1 497 680
147 373 335 1 404 361
148 409 262 1 438 289
149 421 226 1 450 252
150 196 968 1 235 989
151 449 804 1 485 824
152 467 574 1 500 597
153 44 1144 1 88 1159
154 183 514 1 216 541
155 188 873 1 226 892
156 291 778 1 326 801
157 261 642 1 294 665
158 220 151 1 250 181
159 189 156 1 219 186
160 449 474 1 480 498
161 470 368 1 501 392
162 467 977 1 503 996
163 245 171 1 276 201
164 155 1077 1 195 1092
165 167 1077 1 208 1094
166 178 404 1 211 432
167 214 642 1 248 666
168 585 1249 1 623 1245
169 324 178 1 354 207
170 429 210 1 459 236
171 410 492 1 443 516
172 404 151 1 433 179
173 52 1193 1 98 1207
174 349 381 1 380 406
175 409 390 1 440 415
176 60 1204 1 104 1218
177 156 341 1 188 370
178 33 1071 1 78 1087
179 174 297 1 206 326
180 331 590 1 363 613
181 200 298 1 232 326
182 447 638 1 480 659
183 113 1084 1 156 1100
184 402 236 1 432 263
185 433 673 1 466 695
186 411 1255 1 449 1275
187 84 1050 1 128 1065
188 73 954 1 117 971
189 456 780 1 492 800
190 107 1043 1 151 1061
191 405 1025 1 443 1042
192 252 433 1 285 459
193 410 517 1 443 541
194 152 530 1 186 556
195 212 593 1 246 618
196 375 1050 1 413 1065
197 444 579 1 477 602
198 397 1063 1 436 1079
199 357 506 1 390 530
200 429 696 1 462 718
201 452 362 1 482 386
202 134 872 1 174 891
203 378 878 1 415 898
204 562 1209 1 601 1206
205 83 895 1 125 914
206 409 211 1 438 238
207 83 932 1 126 949
208 390 189 1 419 216
209 465 837 1 500 857
210 191 663 1 226 687
211 145 880 1 185 899
212 456 711 1 489 733
213 127 338 1 160 366
214 72 1244 1 114 1259
215 457 762 1 493 782
216 441 189 1 469 217
217 325 258 1 356 285
218 155 1010 1 195 1029
219 474 765 1 509 784
220 210 935 1 247 957
221 354 625 1 387 649
222 356 559 1 389 582
223 430 230 1 460 257
224 285 642 1 319 665
225 130 556 1 165 582
226 211 970 1 248 991
227 262 683 1 296 706
228 402 1240 1 441 1261
229 100 1021 1 142 1040
230 348 368 1 380 394
231 403 299 1 433 325
232 329 526 1 362 551
233 360 971 1 397 991
234 406 808 1 443 828
235 58 498 1 97 524
236 209 532 1 242 558
237 383 1072 1 422 1089
238 207 513 1 241 538
239 92 109 1 127 142
240 89 1118 1 132 1135
241 181 468 1 215 494
242 92 940 1 136 957
243 428 321 1 459 346
244 158 1225 1 199 1245
245 346 513 1 378 538
246 393 1208 1 432 1228
247 487 1043 1 525 1060
248 406 822 1 442 842
249 184 531 1 218 557
250 447 827 1 483 846
251 444 1053 1 482 1071
252 116 407 1 150 434
253 447 247 1 477 273
254 121 884 1 162 903
255 185 169 1 217 198
256 345 178 1 375 207
257 350 398 1 381 423
258 357 878 1 393 898
259 31 940 1 75 957
260 213 891 1 249 912
261 327 370 1 359 396
262 70 137 1 104 169
263 203 404 1 235 430
264 257 723 1 293 747
265 180 450 1 214 477
266 126 1047 1 166 1065
267 245 702 1 281 725
268 404 363 1 434 389
269 85 1209 1 128 1224
270 94 1048 1 135 1067
271 569 1234 1 607 1230
272 35 1132 1 77 1150
273 209 116 1 241 147
274 456 339 1 487 364
275 491 1095 1 528 1111
276 325 269 1 356 296
277 327 398 1 359 424
278 342 525 1 374 549
279 187 592 1 221 618
280 406 60 1 434 89
281 225 817 1 265 835
282 327 381 1 358 407
283 460 863 1 496 883
284 136 851 1 176 871
285 410 878 1 447 898
286 88 973 1 131 990
287 383 203 1 412 230
288 368 347 1 399 373
289 146 513 1 180 540
290 171 254 1 204 283
291 235 604 1 269 630
292 330 508 1 362 532
293 235 916 1 274 936
294 379 897 1 415 916
295 432 820 1 468 840
296 148 809 1 187 829
297 365 1051 1 401 1067
298 459 908 1 496 927
299 146 314 1 179 341
300 419 1057 1 461 1075
301 446 234 1 476 262
302 103 1093 1 145 1109
303 583 1198 1 620 1196
304 325 286 1 357 313
305 398 509 1 430 531
306 196 1044 1 237 1062
307 489 762 1 523 781
308 461 825 1 496 845
309 218 750 1 255 770
310 408 776 1 443 797
311 347 275 1 378 302
312 413 997 1 450 1017
313 160 858 1 200 879
314 175 368 1 208 396
315 435 66 1 462 94
316 157 977 1 197 996
317 93 123 1 127 156
318 558 1224 1 597 1220
319 444 346 1 475 371
320 227 132 1 258 162
321 110 117 1 143 149
322 146 901 1 186 919
323 156 549 1 190 575
324 83 1063 1 127 1079
325 410 1119 1 449 1139
326 134 1105 1 175 1122
327 130 826 1 170 845
328 133 1232 1 173 1254
329 469 428 1 499 452
330 489 500 1 521 523
331 420 212 1 448 239
332 345 287 1 376 313
333 606 1224 1 644 1221
334 370 928 1 406 947
335 447 901 1 482 920
336 435 521 1 466 544
337 52 382 1 89 411
338 157 787 1 197 806
339 62 1084 1 105 1100
340 356 1186 1 395 1210
341 334 805 1 369 826
342 431 869 1 467 888
343 387 559 1 419 582
344 328 1195 1 367 1219
345 95 1130 1 137 1146
346 217 926 1 257 945
347 167 191 1 200 221
348 195 123 1 226 154
349 116 994 1 157 1012
350 464 71 1 491 100
351 387 573 1 420 595
352 435 892 1 472 911
353 71 926 1 113 945
354 83 1008 1 126 1025
355 161 1176 1 203 1193
356 58 919 1 100 938
357 77 885 1 119 903
358 154 1099 1 194 1118
359 185 1223 1 224 1245
360 442 719 1 475 741
361 494 790 1 528 810
362 287 1198 1 323 1221
363 358 580 1 391 602
364 364 633 1 398 657
365 200 1030 1 236 1047
366 405 1048 1 444 1064
367 117 872 1 158 892
368 551 1146 1 589 1145
369 189 642 1 223 666
370 311 135 1 341 164
371 149 936 1 187 957
372 396 206 1 425 233
373 169 779 1 208 799
374 132 1060 1 172 1079
375 566 832 1 599 846
376 138 253 1 170 282
377 158 777 1 199 798
378 449 932 1 486 951
379 459 916 1 496 936
380 166 620 1 202 644
381 459 962 1 495 982
382 432 793 1 467 812
383 190 933 1 229 953
384 119 1232 1 157 1258
385 449 837 1 485 857
386 448 45 1 475 74
387 161 609 1 195 634
388 229 868 1 265 891
389 445 456 1 477 479
390 371 644 1 404 667
391 144 161 1 176 191
392 442 852 1 478 872
393 405 923 1 443 942
394 77 970 1 121 985
395 292 763 1 326 787
396 78 1119 1 122 1132
397 385 466 1 416 490
398 448 491 1 480 514
399 504 823 1 539 842
400 533 714 1 566 733
401 454 568 1 486 591
402 240 494 1 274 519
403 403 273 1 433 300
404 414 1226 1 452 1247
405 89 1038 1 133 1055
406 347 259 1 377 286
407 152 559 1 186 584
408 170 853 1 209 873
409 465 1126 1 505 1143
410 260 226 1 293 255
411 206 468 1 239 493
412 151 690 1 186 715
413 167 825 1 209 845
414 50 410 1 87 436
415 224 807 1 261 827
416 395 757 1 430 779
417 289 1127 1 330 1143
418 235 854 1 274 873
419 386 522 1 419 546
420 220 326 1 254 355
421 139 947 1 180 966
422 408 1058 1 446 1076
423 476 704 1 511 725
424 413 986 1 450 1005
425 448 309 1 477 335
426 59 981 1 102 998
427 268 836 1 306 856
428 230 844 1 267 865
429 347 189 1 377 217
430 380 231 1 411 258
431 477 754 1 512 774
432 419 822 1 455 842
433 459 874 1 495 893
434 605 1031 1 640 1035
435 317 876 1 355 896
436 217 1034 1 257 1052
437 193 922 1 232 942
438 322 188 1 352 217
439 147 838 1 187 857
440 455 433 1 486 457
441 399 331 1 430 357
442 181 496 1 215 522
443 208 752 1 246 773
444 205 150 1 237 181
445 524 472 1 555 495
446 359 593 1 391 616
447 393 1116 1 430 1139
448 444 793 1 479 812
449 345 155 1 374 184
450 217 189 1 249 218
451 125 942 1 165 962
452 440 178 1 469 205
453 461 475 1 493 498
454 149 848 1 188 869
455 462 489 1 493 513
456 205 103 1 237 135
457 125 1015 1 165 1033
458 584 1126 1 621 1127
459 172 1166 1 215 1181
460 163 1113 1 204 1131
461 71 868 1 114 886
462 392 1254 1 430 1274
463 79 1230 1 119 1252
464 598 1212 1 636 1208
465 159 942 1 198 962
466 417 1030 1 455 1047
467 198 882 1 234 903
468 431 43 1 457 73
469 99 796 1 140 816
470 459 512 1 491 535
471 226 714 1 262 737
472 511 793 1 545 812
473 55 1175 1 99 1191
474 220 724 1 257 745
475 396 695 1 429 717
476 383 756 1 418 778
477 177 880 1 213 902
478 374 913 1 411 934
479 112 1019 1 153 1037
480 356 961 1 392 982
481 109 862 1 149 883
482 455 412 1 486 436
483 210 496 1 244 522
484 286 683 1 320 706
485 375 496 1 406 519
486 206 789 1 243 812
487 458 350 1 489 375
488 432 764 1 466 784
489 152 923 1 191 944
490 126 850 1 166 870
491 234 619 1 268 643
492 405 890 1 441 909
493 262 604 1 296 627
494 255 386 1 287 411
495 383 334 1 414 359
496 350 1043 1 390 1060
497 628 628 1 659 642
498 63 966 1 107 983
499 246 822 1 285 842
500 398 771 1 433 791
501 390 1196 1 430 1218
502 444 862 1 479 881
503 368 883 1 404 902
504 423 976 1 461 996
505 239 787 1 276 808
506 339 397 1 371 422
507 130 815 1 172 835
508 110 1030 1 150 1049
509 84 1132 1 129 1147
510 156 1164 1 199 1178
511 335 178 1 364 206
512 407 962 1 444 982
513 432 851 1 468 871
514 277 1238 1 316 1261
515 182 1077 1 224 1093
516 372 530 1 404 554
517 144 1108 1 186 1123
518 194 467 1 229 492
519 141 496 1 175 522
520 73 937 1 115 955
521 157 301 1 190 330
522 46 1133 1 91 1148
523 367 139 1 396 168
524 97 882 1 140 901
525 108 782 1 148 803
526 118 952 1 159 971
527 410 127 1 438 155
528 448 257 1 477 283
529 157 833 1 196 852
530 448 284 1 478 310
531 44 132 1 80 165
532 393 1186 1 433 1208
533 373 95 1 401 125
534 171 172 1 203 202
535 413 943 1 450 962
536 262 1144 1 303 1160
537 141 451 1 176 478
538 410 900 1 446 920
539 225 354 1 258 381
540 464 39 1 490 69
541 356 467 1 388 492
542 86 885 1 128 905
543 411 592 1 444 615
544 410 1171 1 449 1192
545 645 1208 1 681 1201
546 572 1208 1 610 1204
547 359 613 1 391 636
548 144 988 1 187 1004
549 74 900 1 115 919
550 328 463 1 360 488
551 533 1129 1 572 1129
552 372 1117 1 410 1140
553 599 1015 1 635 1021
554 86 1199 1 129 1215
555 351 1071 1 389 1093
556 518 1108 1 557 1111
557 450 444 1 481 468
558 423 896 1 459 916
559 214 775 1 250 797
560 195 987 1 237 1004
561 129 993 1 170 1011
562 150 819 1 190 841
563 424 75 1 452 102
564 432 659 1 464 682
565 144 1004 1 184 1023
566 73 1026 1 117 1043
567 70 847 1 113 867
568 430 1187 1 469 1209
569 291 871 1 328 890
570 56 134 1 91 165
571 119 1123 1 160 1141
572 152 467 1 186 495
573 147 787 1 187 807
574 202 165 1 233 196
575 153 495 1 186 521
576 444 980 1 481 1000
577 419 671 1 452 693
578 444 408 1 475 433
579 526 889 1 562 906
580 302 875 1 340 895
581 400 520 1 432 543
582 245 1084 1 286 1099
583 44 960 1 88 977
584 114 1197 1 158 1210
585 197 454 1 232 481
586 164 1154 1 206 1171
587 356 428 1 388 453
588 255 789 1 292 811
589 436 1112 1 474 1132
590 392 833 1 427 853
591 152 1152 1 193 1169
592 53 1122 1 96 1139
593 257 828 1 295 848
594 329 130 1 358 159
595 263 622 1 297 646
596 441 1060 1 479 1079
597 63 951 1 106 968
598 139 972 1 179 990
599 248 1132 1 288 1146
600 325 773 1 360 796
601 66 1141 1 110 1157
602 147 131 1 180 163
603 448 126 1 476 155
604 36 119 1 70 152
605 371 997 1 406 1020
606 391 1223 1 430 1243
607 338 379 1 369 405
608 136 1218 1 178 1236
