0 458 202 1 480 234
1 447 254 1 470 286
2 437 453 1 466 483
3 446 271 1 470 302
4 347 568 1 382 599
5 54 1044 1 111 1077
6 442 197 1 463 230
7 460 567 1 494 594
8 260 103 1 279 145
9 451 300 1 475 330
10 424 254 1 446 287
11 30 1065 1 88 1098
12 424 270 1 448 303
13 152 257 1 178 300
14 316 122 1 336 162
15 294 215 1 317 254
16 398 1137 1 455 1164
17 466 547 1 499 574
18 253 218 1 277 260
19 31 1081 1 90 1114
20 435 720 1 475 746
21 442 347 1 468 378
22 239 174 1 261 215
23 248 294 1 274 334
24 228 111 1 247 153
25 367 1009 1 418 1040
26 473 495 1 503 523
27 295 197 1 318 237
28 468 1085 1 521 1107
29 351 550 1 386 581
30 479 806 1 522 829
31 274 317 1 301 356
32 439 802 1 482 827
33 495 800 1 537 823
34 243 112 1 264 154
35 238 484 1 271 519
36 448 608 1 484 636
37 446 1047 1 498 1069
38 371 1250 1 430 1278
39 439 373 1 466 403
40 222 189 1 245 230
41 452 638 1 489 665
42 503 771 1 544 793
43 121 1242 1 181 1280
44 277 159 1 299 198
45 285 1249 1 344 1283
46 168 1022 1 224 1053
47 433 470 1 463 500
48 154 1077 1 211 1108
49 350 928 1 399 955
50 496 790 1 538 813
51 416 318 1 441 350
52 27 1093 1 87 1123
53 317 147 1 337 185
54 401 1119 1 456 1145
55 412 977 1 463 1004
56 486 567 1 519 593
57 196 114 1 218 156
58 243 266 1 270 306
59 462 626 1 499 654
60 398 628 1 435 657
61 151 173 1 176 217
62 158 324 1 186 366
63 151 273 1 179 316
64 90 925 1 144 958
65 456 801 1 499 825
66 168 586 1 206 623
67 499 47 1 509 102
68 471 381 1 498 410
69 464 586 1 499 611
70 146 854 1 195 887
71 483 795 1 525 818
72 468 203 1 489 235
73 398 639 1 435 668
74 279 205 1 302 245
75 513 1146 1 565 1149
76 189 914 1 240 946
77 255 129 1 275 170
78 483 587 1 518 612
79 401 783 1 444 810
80 335 614 1 371 646
81 39 1224 1 103 1252
82 429 198 1 450 231
83 423 571 1 458 598
84 204 247 1 230 288
85 393 99 1 410 136
86 427 1016 1 477 1039
87 356 140 1 375 177
88 255 163 1 277 203
89 451 506 1 483 534
90 206 407 1 238 445
91 279 243 1 303 281
92 400 1253 1 460 1281
93 143 406 1 174 447
94 485 763 1 526 786
95 350 956 1 399 984
96 332 559 1 366 590
97 117 849 1 166 883
98 421 949 1 469 974
99 205 224 1 230 265
100 405 1019 1 456 1043
101 374 999 1 425 1029
102 414 165 1 434 199
103 414 451 1 444 481
104 634 1207 1 682 1204
105 426 454 1 456 483
106 205 355 1 233 394
107 399 450 1 430 480
108 56 1250 1 117 1286
109 179 249 1 205 291
110 405 1077 1 459 1103
111 425 282 1 448 314
112 206 341 1 234 380
113 396 959 1 446 985
114 183 533 1 219 571
115 278 421 1 308 457
116 243 583 1 280 618
117 55 939 1 110 971
118 443 1056 1 496 1080
119 279 130 1 299 170
120 427 797 1 470 822
121 439 186 1 461 219
122 114 830 1 163 864
123 253 692 1 294 725
124 184 833 1 233 864
125 131 100 1 152 147
126 94 797 1 144 831
127 210 1226 1 270 1262
128 95 1197 1 156 1228
129 261 310 1 288 349
130 174 795 1 221 827
131 198 125 1 219 169
132 253 247 1 277 286
133 180 406 1 211 445
134 147 372 1 177 414
135 290 1202 1 348 1235
136 279 410 1 309 445
137 279 141 1 299 181
138 243 598 1 281 632
139 419 300 1 443 332
140 181 360 1 210 401
141 125 958 1 181 987
142 360 997 1 410 1027
143 278 231 1 302 269
144 210 534 1 245 571
145 267 207 1 291 248
146 413 987 1 463 1012
147 382 594 1 418 624
148 145 440 1 177 480
149 463 642 1 500 669
150 380 312 1 406 345
151 94 784 1 143 819
152 210 871 1 258 902
153 52 353 1 85 396
154 178 1006 1 232 1039
155 445 792 1 487 816
156 469 558 1 503 584
157 100 925 1 152 959
158 453 455 1 483 484
159 183 489 1 217 528
160 258 620 1 296 653
161 230 121 1 250 163
162 447 619 1 483 647
163 478 348 1 504 377
164 458 965 1 507 990
165 605 1046 1 649 1050
166 255 142 1 276 183
167 30 929 1 83 964
168 50 1087 1 109 1120
169 41 911 1 95 944
170 181 377 1 211 418
171 211 619 1 249 654
172 334 152 1 354 189
173 414 473 1 445 503
174 112 1243 1 173 1278
175 417 126 1 435 161
176 418 240 1 440 272
177 420 187 1 440 221
178 160 313 1 188 355
179 179 269 1 206 311
180 331 569 1 365 601
181 206 270 1 232 310
182 280 1200 1 337 1232
183 59 977 1 113 1012
184 431 656 1 469 684
185 463 167 1 482 200
186 393 1242 1 453 1270
187 457 815 1 499 838
188 453 768 1 495 792
189 132 1017 1 189 1047
190 108 868 1 158 903
191 394 1017 1 445 1040
192 209 507 1 243 545
193 255 409 1 286 445
194 151 504 1 186 544
195 210 569 1 247 606
196 152 915 1 204 948
197 446 562 1 480 589
198 359 485 1 391 517
199 36 883 1 89 918
200 428 679 1 465 707
201 160 845 1 208 878
202 459 342 1 484 371
203 554 1233 1 608 1233
204 428 752 1 469 776
205 69 874 1 121 910
206 183 424 1 214 463
207 191 1216 1 250 1251
208 598 1029 1 643 1038
209 178 225 1 203 267
210 460 826 1 503 850
211 427 807 1 470 833
212 188 639 1 227 675
213 429 294 1 453 326
214 415 1016 1 466 1040
215 60 988 1 115 1021
216 61 1058 1 119 1090
217 453 695 1 493 721
218 131 308 1 160 351
219 371 863 1 417 891
220 454 750 1 496 774
221 453 167 1 472 199
222 334 232 1 357 268
223 24 1158 1 86 1188
224 472 752 1 512 777
225 353 606 1 389 636
226 247 751 1 289 785
227 357 539 1 391 569
228 441 207 1 462 240
229 283 620 1 320 653
230 129 530 1 165 570
231 514 1135 1 564 1138
232 259 662 1 298 695
233 59 1008 1 118 1038
234 358 626 1 395 655
235 385 1227 1 445 1255
236 193 845 1 241 876
237 412 277 1 435 309
238 412 212 1 434 246
239 378 499 1 411 529
240 226 897 1 274 929
241 370 1064 1 423 1088
242 208 488 1 241 525
243 565 828 1 605 846
244 495 37 1 505 93
245 49 378 1 83 422
246 183 442 1 215 481
247 453 896 1 499 921
248 413 499 1 445 528
249 348 492 1 379 525
250 377 1196 1 435 1223
251 477 1037 1 528 1058
252 184 506 1 218 544
253 118 378 1 150 420
254 115 802 1 164 836
255 125 839 1 173 873
256 458 225 1 479 256
257 42 1175 1 104 1206
258 194 139 1 216 182
259 356 153 1 376 190
260 99 1226 1 160 1259
261 93 1244 1 153 1276
262 199 752 1 243 784
263 56 469 1 93 511
264 333 346 1 360 381
265 109 1030 1 164 1062
266 425 958 1 474 984
267 206 377 1 235 416
268 254 702 1 294 736
269 355 375 1 383 408
270 242 680 1 282 714
271 169 881 1 218 915
272 438 299 1 462 330
273 415 369 1 442 400
274 179 925 1 230 957
275 464 318 1 489 348
276 199 866 1 247 896
277 479 1088 1 532 1109
278 334 244 1 357 280
279 332 375 1 360 409
280 343 504 1 376 536
281 185 568 1 222 606
282 332 358 1 359 392
283 454 851 1 499 876
284 69 1209 1 130 1241
285 403 865 1 449 891
286 142 1078 1 200 1108
287 394 178 1 414 213
288 374 324 1 400 358
289 146 487 1 180 527
290 402 165 1 421 199
291 234 582 1 270 618
292 332 486 1 364 519
293 354 346 1 381 379
294 361 914 1 408 941
295 185 949 1 235 982
296 371 883 1 417 909
297 37 892 1 90 927
298 355 365 1 383 398
299 457 212 1 479 245
300 576 1223 1 628 1223
301 333 261 1 358 297
302 401 489 1 432 518
303 486 750 1 526 773
304 62 1174 1 124 1205
305 404 762 1 445 789
306 511 1123 1 562 1130
307 355 250 1 379 286
308 402 984 1 453 1010
309 204 91 1 225 136
310 214 702 1 256 735
311 296 735 1 338 767
312 134 784 1 182 818
313 550 1249 1 604 1249
314 149 1139 1 208 1169
315 452 326 1 477 356
316 349 864 1 394 892
317 331 505 1 364 538
318 388 68 1 402 106
319 98 76 1 121 126
320 155 523 1 191 562
321 214 115 1 235 158
322 148 841 1 196 874
323 397 1107 1 452 1133
324 216 786 1 261 819
325 349 1238 1 408 1270
326 32 1106 1 93 1137
327 475 408 1 502 437
328 47 885 1 100 921
329 158 834 1 207 867
330 353 262 1 377 297
331 600 1251 1 653 1249
332 87 1031 1 143 1063
333 348 1253 1 408 1286
334 440 889 1 485 913
335 39 1092 1 97 1124
336 127 903 1 177 938
337 146 766 1 193 800
338 124 939 1 176 972
339 340 1169 1 398 1200
340 328 787 1 371 816
341 424 856 1 470 881
342 388 540 1 421 569
343 312 1177 1 370 1209
344 176 161 1 199 204
345 129 1136 1 188 1166
346 286 1214 1 345 1246
347 158 979 1 212 1008
348 388 554 1 422 582
349 428 879 1 474 904
350 105 1071 1 162 1102
351 401 810 1 444 835
352 174 856 1 224 887
353 64 865 1 114 899
354 512 68 1 522 124
355 129 799 1 177 833
356 73 977 1 128 1010
357 115 1050 1 172 1081
358 439 703 1 479 730
359 490 779 1 532 803
360 203 1020 1 256 1049
361 358 560 1 393 590
362 117 861 1 167 895
363 364 614 1 400 645
364 260 752 1 302 785
365 393 1040 1 446 1063
366 482 217 1 503 248
367 254 822 1 301 853
368 544 1167 1 595 1169
369 144 818 1 193 852
370 53 857 1 105 891
371 259 358 1 287 396
372 494 482 1 524 510
373 82 775 1 131 811
374 85 883 1 136 918
375 456 705 1 496 731
376 148 327 1 177 370
377 151 756 1 196 791
378 144 224 1 170 267
379 352 939 1 400 967
380 430 207 1 452 240
381 153 779 1 200 813
382 441 921 1 489 945
383 403 473 1 435 503
384 450 951 1 498 975
385 427 779 1 469 805
386 444 824 1 488 849
387 160 1055 1 215 1088
388 158 584 1 195 622
389 458 235 1 479 266
390 496 760 1 536 783
391 369 626 1 406 656
392 153 129 1 175 174
393 123 917 1 174 951
394 437 839 1 481 864
395 397 910 1 445 936
396 319 925 1 367 955
397 287 742 1 329 775
398 146 1098 1 203 1131
399 102 1045 1 159 1076
400 388 445 1 418 476
401 452 472 1 483 500
402 500 812 1 543 835
403 534 702 1 570 725
404 455 550 1 489 578
405 172 912 1 223 942
406 240 470 1 273 506
407 412 250 1 435 283
408 397 1214 1 456 1241
409 356 235 1 379 270
410 150 533 1 186 572
411 59 879 1 114 912
412 452 1119 1 508 1141
413 268 197 1 292 237
414 208 442 1 240 480
415 146 666 1 187 704
416 97 1029 1 154 1062
417 218 798 1 263 830
418 129 829 1 177 863
419 391 739 1 433 768
420 273 1118 1 330 1144
421 64 1118 1 124 1149
422 389 502 1 421 532
423 224 298 1 252 339
424 456 289 1 480 319
425 386 820 1 429 846
426 475 690 1 514 715
427 403 973 1 453 999
428 404 1009 1 456 1035
429 357 164 1 378 200
430 391 206 1 412 241
431 252 1220 1 310 1253
432 474 742 1 515 766
433 413 809 1 457 835
434 453 862 1 498 886
435 406 181 1 426 216
436 309 860 1 355 890
437 65 915 1 119 948
438 122 985 1 177 1018
439 145 949 1 198 980
440 333 162 1 353 199
441 461 414 1 489 443
442 406 309 1 432 341
443 182 471 1 215 509
444 354 1014 1 406 1038
445 126 887 1 177 921
446 358 573 1 394 604
447 379 1099 1 434 1129
448 440 780 1 482 805
449 179 341 1 208 381
450 75 1240 1 136 1274
451 405 341 1 431 373
452 356 129 1 375 166
453 227 160 1 249 202
454 453 155 1 471 188
455 270 100 1 288 142
456 466 456 1 496 484
457 82 832 1 132 867
458 465 471 1 496 499
459 88 821 1 138 856
460 216 70 1 235 116
461 259 383 1 288 421
462 403 794 1 445 821
463 62 1129 1 121 1163
464 148 1150 1 209 1177
465 195 825 1 243 857
466 57 847 1 108 882
467 374 1240 1 434 1269
468 198 700 1 239 735
469 593 1238 1 645 1236
470 132 876 1 182 910
471 411 1066 1 465 1093
472 87 962 1 141 994
473 414 963 1 464 989
474 35 872 1 90 905
475 273 1235 1 333 1265
476 462 494 1 493 522
477 189 657 1 229 694
478 508 783 1 548 805
479 478 145 1 492 199
480 394 677 1 432 705
481 378 738 1 420 767
482 199 949 1 249 981
483 119 83 1 141 131
484 380 1171 1 437 1201
485 159 1004 1 212 1037
486 437 502 1 469 531
487 393 749 1 435 776
488 462 392 1 489 421
489 458 263 1 481 294
490 212 472 1 245 508
491 283 662 1 322 695
492 149 1087 1 205 1117
493 466 330 1 491 360
494 104 1014 1 160 1046
495 232 596 1 269 631
496 269 1180 1 326 1213
497 260 581 1 297 615
498 222 825 1 267 857
499 390 311 1 415 344
500 337 1034 1 391 1059
501 642 622 1 669 640
502 340 1214 1 399 1244
503 238 804 1 284 835
504 185 618 1 224 654
505 76 1114 1 134 1146
506 375 1182 1 433 1211
507 437 849 1 482 874
508 256 792 1 301 823
509 360 869 1 406 896
510 258 401 1 288 437
511 54 1120 1 114 1152
512 234 907 1 282 939
513 135 885 1 187 917
514 220 83 1 239 128
515 109 1232 1 170 1268
516 345 152 1 365 189
517 398 948 1 447 974
518 426 838 1 470 864
519 180 141 1 202 185
520 28 1171 1 91 1203
521 374 510 1 406 541
522 195 441 1 228 479
523 159 118 1 181 164
524 142 470 1 175 509
525 271 800 1 316 831
526 162 272 1 189 314
527 238 101 1 258 144
528 259 345 1 286 383
529 379 114 1 397 150
530 84 861 1 136 897
531 120 1014 1 176 1046
532 423 101 1 440 137
533 264 818 1 310 849
534 27 917 1 81 951
535 405 931 1 453 956
536 245 1134 1 302 1161
537 471 214 1 492 245
538 214 125 1 236 168
539 143 424 1 175 464
540 230 328 1 258 367
541 85 1069 1 143 1101
542 258 323 1 286 361
543 531 679 1 567 702
544 359 446 1 389 478
545 73 866 1 124 899
546 396 1158 1 452 1186
547 259 1190 1 316 1224
548 189 730 1 231 765
549 565 1233 1 618 1232
550 582 923 1 624 937
551 358 593 1 393 624
552 35 1159 1 97 1190
553 128 973 1 182 1004
554 344 375 1 372 408
555 66 1020 1 124 1051
556 331 441 1 362 474
557 527 1148 1 578 1151
558 359 1100 1 414 1130
559 148 1068 1 205 1098
560 145 1017 1 202 1046
561 106 1003 1 162 1036
562 339 1054 1 392 1084
563 127 814 1 176 847
564 455 425 1 484 454
565 416 884 1 462 909
566 94 1080 1 152 1110
567 180 973 1 234 1003
568 560 1244 1 613 1243
569 53 867 1 105 901
570 125 771 1 172 805
571 180 940 1 231 971
572 344 364 1 372 397
573 532 455 1 561 483
574 254 840 1 301 871
575 57 826 1 107 862
576 414 1175 1 472 1202
577 366 902 1 413 928
578 313 1208 1 372 1240
579 38 969 1 95 1003
580 386 959 1 436 986
581 154 440 1 186 481
582 95 870 1 146 904
583 181 985 1 233 1018
584 211 136 1 232 179
585 153 469 1 186 508
586 435 968 1 485 993
587 215 742 1 259 774
588 50 967 1 106 1000
589 450 389 1 477 418
590 522 883 1 566 902
591 293 859 1 340 889
592 446 910 1 493 934
593 342 1200 1 401 1232
594 92 1185 1 154 1214
595 198 428 1 230 467
596 73 1192 1 136 1220
597 164 595 1 201 633
598 133 1188 1 193 1219
599 249 772 1 293 802
600 423 1101 1 478 1126
601 52 924 1 106 958
602 150 1160 1 210 1188
603 248 810 1 294 841
604 341 105 1 359 141
605 111 1254 1 174 1286
606 230 1074 1 287 1102
607 191 781 1 237 814
608 161 1204 1 221 1239
609 157 98 1 178 145
610 485 1098 1 539 1119
611 414 341 1 440 373
612 41 82 1 66 134
613 360 978 1 410 1009
614 374 1210 1 433 1238
615 444 879 1 489 903
616 201 1006 1 254 1040
