0 476 195 1 482 225
1 465 248 1 472 277
2 454 448 1 468 475
3 464 265 1 472 294
4 364 564 1 384 593
5 65 1044 1 110 1076
6 419 743 1 446 770
7 382 1005 1 420 1033
8 477 562 1 497 587
9 276 96 1 280 135
10 468 294 1 477 322
11 441 248 1 448 278
12 27 1105 1 77 1137
13 40 1065 1 88 1097
14 366 927 1 401 951
15 442 264 1 450 294
16 167 251 1 178 292
17 332 115 1 337 152
18 310 207 1 318 244
19 412 1137 1 458 1160
20 483 542 1 502 567
21 268 211 1 277 251
22 452 717 1 477 740
23 459 341 1 471 370
24 255 168 1 262 206
25 243 104 1 248 144
26 460 190 1 465 221
27 490 491 1 506 515
28 311 190 1 319 228
29 483 1086 1 525 1105
30 368 545 1 388 574
31 495 805 1 525 825
32 289 311 1 302 347
33 455 800 1 485 822
34 511 799 1 541 819
35 259 105 1 264 145
36 36 1094 1 86 1124
37 254 479 1 273 512
38 178 1078 1 223 1107
39 465 604 1 487 629
40 461 1049 1 501 1068
41 384 1249 1 433 1275
42 456 367 1 468 395
43 238 182 1 246 221
44 469 634 1 491 658
45 197 831 1 233 861
46 519 769 1 547 789
47 181 1066 1 223 1098
48 294 152 1 300 189
49 181 1022 1 224 1051
50 450 466 1 465 493
51 122 902 1 160 934
52 513 789 1 541 809
53 433 312 1 443 342
54 333 140 1 338 176
55 415 1119 1 459 1142
56 427 976 1 465 999
57 503 563 1 522 586
58 212 107 1 219 147
59 112 948 1 155 980
60 259 259 1 271 297
61 42 1081 1 89 1113
62 479 622 1 502 647
63 415 624 1 437 651
64 167 167 1 176 208
65 173 318 1 186 358
66 167 268 1 179 308
67 472 799 1 502 821
68 184 581 1 207 617
69 501 187 1 506 216
70 488 375 1 500 402
71 481 582 1 502 605
72 159 851 1 196 883
73 499 794 1 528 813
74 224 1224 1 272 1257
75 486 197 1 491 226
76 415 635 1 437 662
77 294 198 1 303 236
78 429 1014 1 469 1037
79 528 1161 1 572 1159
80 271 122 1 276 161
81 500 583 1 521 606
82 68 1247 1 118 1283
83 416 781 1 446 805
84 352 610 1 373 639
85 446 191 1 452 222
86 149 1006 1 190 1036
87 440 567 1 460 591
88 220 241 1 230 279
89 409 91 1 411 126
90 442 1017 1 480 1037
91 518 24 1 515 77
92 373 133 1 377 168
93 271 156 1 278 194
94 468 501 1 485 527
95 222 401 1 238 437
96 295 237 1 304 272
97 414 1253 1 463 1278
98 159 400 1 175 439
99 502 761 1 529 782
100 365 954 1 401 980
101 348 554 1 367 584
102 436 947 1 472 970
103 221 218 1 230 257
104 419 1019 1 459 1041
105 390 995 1 428 1023
106 431 158 1 435 189
107 431 446 1 447 474
108 652 1228 1 694 1218
109 443 449 1 459 476
110 221 349 1 234 387
111 416 445 1 432 473
112 86 1160 1 136 1189
113 195 243 1 205 283
114 420 1076 1 461 1100
115 442 275 1 450 305
116 222 335 1 235 372
117 411 957 1 449 981
118 199 528 1 220 564
119 294 416 1 310 449
120 259 578 1 281 611
121 65 938 1 108 970
122 458 1057 1 499 1078
123 295 123 1 300 160
124 443 795 1 473 817
125 457 179 1 463 210
126 269 688 1 296 719
127 71 1059 1 118 1090
128 76 1164 1 127 1194
129 146 93 1 152 137
130 106 794 1 143 828
131 205 877 1 239 908
132 276 304 1 289 341
133 187 792 1 221 824
134 214 119 1 219 160
135 268 240 1 278 277
136 196 401 1 212 438
137 126 1209 1 175 1243
138 163 367 1 178 406
139 304 1199 1 351 1230
140 296 405 1 310 438
141 295 134 1 300 172
142 192 1213 1 241 1246
143 409 735 1 435 762
144 259 593 1 282 625
145 436 294 1 445 324
146 299 1244 1 347 1277
147 48 1224 1 102 1254
148 197 355 1 211 393
149 375 993 1 413 1021
150 295 225 1 303 260
151 226 529 1 246 564
152 282 200 1 292 238
153 428 986 1 466 1009
154 399 590 1 420 617
155 160 435 1 178 473
156 480 638 1 503 662
157 397 306 1 407 337
158 106 782 1 142 815
159 66 346 1 84 388
160 461 790 1 490 812
161 486 553 1 505 578
162 470 450 1 485 476
163 199 484 1 218 521
164 74 1197 1 126 1227
165 196 904 1 233 935
166 274 616 1 297 647
167 246 114 1 250 153
168 464 615 1 486 641
169 495 342 1 506 369
170 473 965 1 510 986
171 623 1057 1 659 1057
172 271 135 1 277 174
173 40 929 1 82 962
174 197 372 1 212 410
175 227 614 1 250 648
176 80 1207 1 131 1240
177 351 145 1 356 180
178 62 1088 1 109 1119
179 430 468 1 447 495
180 434 119 1 437 152
181 52 909 1 94 942
182 435 233 1 442 263
183 87 892 1 126 926
184 437 180 1 442 212
185 176 307 1 188 347
186 156 1112 1 203 1139
187 104 1059 1 151 1090
188 195 263 1 206 303
189 347 565 1 367 594
190 221 264 1 232 302
191 31 974 1 75 1008
192 70 1235 1 121 1267
193 448 652 1 471 677
194 480 160 1 484 190
195 407 1242 1 456 1267
196 473 813 1 502 833
197 469 766 1 498 788
198 408 1018 1 448 1039
199 225 502 1 244 538
200 271 404 1 287 438
201 241 807 1 274 837
202 167 499 1 187 537
203 226 564 1 248 599
204 463 557 1 482 582
205 528 1151 1 572 1149
206 374 480 1 393 510
207 47 881 1 88 915
208 444 675 1 468 700
209 157 1019 1 202 1046
210 476 336 1 486 363
211 27 1167 1 78 1199
212 570 1253 1 618 1247
213 443 749 1 472 772
214 414 1055 1 455 1080
215 199 418 1 215 456
216 193 1005 1 233 1036
217 616 1039 1 652 1043
218 193 218 1 203 259
219 193 922 1 231 953
220 476 824 1 506 846
221 442 806 1 473 828
222 203 635 1 228 669
223 446 288 1 455 317
224 70 988 1 115 1020
225 328 1236 1 376 1265
226 470 692 1 495 715
227 146 303 1 160 343
228 386 862 1 419 887
229 471 747 1 499 770
230 470 160 1 474 190
231 350 226 1 359 260
232 33 1158 1 85 1189
233 488 750 1 515 772
234 370 602 1 391 630
235 373 534 1 393 562
236 458 201 1 464 231
237 299 616 1 322 647
238 145 525 1 166 563
239 221 870 1 258 899
240 274 657 1 299 689
241 70 1007 1 117 1038
242 375 621 1 397 649
243 399 1227 1 448 1252
244 429 270 1 437 301
245 429 206 1 436 237
246 363 488 1 381 517
247 395 493 1 413 522
248 240 894 1 276 924
249 384 1066 1 426 1087
250 224 483 1 242 518
251 128 848 1 166 880
252 583 830 1 611 844
253 215 895 1 251 925
254 63 373 1 82 414
255 198 437 1 216 474
256 469 895 1 502 917
257 430 494 1 447 521
258 391 1196 1 438 1220
259 492 1039 1 532 1057
260 55 1078 1 103 1108
261 200 501 1 219 538
262 134 373 1 150 413
263 127 800 1 163 833
264 475 218 1 481 247
265 140 973 1 182 1002
266 210 132 1 217 173
267 373 146 1 377 180
268 103 1241 1 155 1274
269 70 464 1 92 504
270 349 341 1 362 373
271 440 957 1 476 980
272 204 1212 1 252 1246
273 221 372 1 236 409
274 64 1193 1 115 1224
275 397 735 1 422 761
276 163 722 1 193 756
277 372 370 1 385 401
278 203 915 1 240 944
279 257 676 1 284 708
280 102 926 1 144 957
281 182 879 1 219 911
282 455 293 1 464 322
283 141 842 1 179 873
284 432 364 1 444 392
285 482 312 1 492 340
286 494 1090 1 536 1107
287 350 238 1 359 271
288 349 370 1 362 401
289 360 500 1 377 529
290 201 564 1 223 600
291 204 727 1 232 759
292 348 352 1 361 384
293 470 850 1 503 871
294 419 864 1 452 887
295 411 171 1 416 203
296 391 319 1 402 349
297 162 482 1 181 520
298 418 158 1 423 190
299 250 577 1 271 611
300 127 826 1 163 860
301 348 482 1 366 512
302 370 340 1 383 371
303 375 912 1 411 937
304 198 948 1 237 979
305 97 1005 1 142 1035
306 386 881 1 420 906
307 27 911 1 70 945
308 48 891 1 89 925
309 371 359 1 385 390
310 77 956 1 121 987
311 474 205 1 481 236
312 593 1242 1 638 1236
313 350 255 1 360 288
314 417 483 1 434 511
315 503 748 1 530 769
316 257 733 1 285 764
317 419 759 1 447 784
318 525 1137 1 569 1139
319 372 244 1 380 277
320 144 1101 1 191 1129
321 417 983 1 455 1006
322 220 84 1 225 126
323 229 698 1 257 730
324 313 731 1 340 761
325 57 876 1 94 912
326 485 228 1 491 256
327 147 781 1 181 814
328 136 1238 1 183 1274
329 162 1140 1 209 1168
330 469 320 1 479 348
331 91 1123 1 138 1155
332 364 863 1 396 888
333 347 501 1 365 531
334 405 60 1 403 96
335 113 68 1 120 116
336 171 518 1 192 556
337 229 109 1 235 149
338 160 839 1 196 871
339 411 1107 1 455 1130
340 363 1236 1 411 1265
341 42 1107 1 92 1138
342 492 403 1 504 429
343 82 872 1 120 906
344 370 256 1 378 289
345 74 848 1 114 881
346 225 898 1 263 927
347 98 1030 1 143 1062
348 362 1251 1 410 1281
349 455 888 1 488 909
350 71 976 1 113 1009
351 141 900 1 178 934
352 100 879 1 136 914
353 355 1166 1 401 1195
354 439 854 1 473 877
355 404 535 1 423 562
356 327 1174 1 373 1204
357 301 1234 1 350 1263
358 47 1091 1 96 1123
359 192 154 1 199 195
360 94 1080 1 141 1111
361 96 1156 1 146 1188
362 300 1213 1 347 1242
363 157 1101 1 203 1130
364 404 549 1 424 576
365 444 878 1 477 900
366 113 922 1 152 956
367 116 1071 1 162 1101
368 416 808 1 447 831
369 187 854 1 224 884
370 136 938 1 176 969
371 76 862 1 113 896
372 63 924 1 105 956
373 84 976 1 127 1008
374 126 1049 1 172 1080
375 455 700 1 481 724
376 507 778 1 535 798
377 49 1192 1 102 1221
378 374 555 1 395 583
379 130 859 1 167 892
380 380 610 1 402 638
381 276 748 1 304 779
382 407 1041 1 449 1062
383 500 210 1 506 239
384 269 819 1 302 848
385 560 1184 1 604 1180
386 157 816 1 193 848
387 64 854 1 103 888
388 167 861 1 204 893
389 96 789 1 132 824
390 275 352 1 288 388
391 511 477 1 528 502
392 94 772 1 130 807
393 473 701 1 498 725
394 269 698 1 296 730
395 163 322 1 177 362
396 164 753 1 196 787
397 234 1223 1 282 1256
398 160 218 1 170 258
399 366 937 1 402 963
400 448 200 1 454 230
401 96 1220 1 147 1254
402 166 777 1 200 809
403 457 919 1 492 941
404 420 467 1 437 495
405 465 950 1 502 971
406 443 778 1 472 801
407 460 823 1 491 845
408 242 776 1 275 805
409 173 579 1 196 616
410 475 228 1 481 257
411 512 759 1 540 779
412 385 622 1 408 649
413 168 123 1 175 165
414 137 1144 1 185 1173
415 206 842 1 242 872
416 453 838 1 484 860
417 413 909 1 448 932
418 170 851 1 206 882
419 334 922 1 369 950
420 304 738 1 331 769
421 114 1044 1 159 1075
422 405 440 1 420 469
423 214 748 1 244 780
424 469 467 1 485 493
425 516 811 1 546 831
426 550 700 1 575 720
427 472 546 1 491 571
428 131 1033 1 176 1061
429 285 1196 1 330 1227
430 256 465 1 274 499
431 429 244 1 437 275
432 411 1214 1 459 1238
433 135 983 1 177 1015
434 373 228 1 380 261
435 166 529 1 187 566
436 70 879 1 112 911
437 283 189 1 293 228
438 224 437 1 241 473
439 161 662 1 188 697
440 253 695 1 281 726
441 223 762 1 257 791
442 109 1029 1 154 1060
443 141 826 1 177 859
444 286 1120 1 332 1144
445 75 1118 1 123 1149
446 405 498 1 423 525
447 473 283 1 482 311
448 401 818 1 432 842
449 491 687 1 517 709
450 418 972 1 456 995
451 205 779 1 239 810
452 419 1008 1 458 1031
453 239 683 1 266 714
454 374 156 1 379 191
455 407 199 1 414 232
456 265 1217 1 313 1248
457 491 740 1 518 761
458 429 807 1 460 830
459 469 860 1 502 882
460 423 174 1 428 207
461 323 858 1 357 886
462 226 789 1 259 820
463 216 810 1 250 839
464 349 155 1 354 190
465 478 409 1 492 435
466 424 303 1 434 333
467 198 466 1 216 502
468 369 1015 1 408 1037
469 140 884 1 177 917
470 375 569 1 395 597
471 394 1097 1 436 1123
472 456 779 1 485 801
473 195 335 1 208 373
474 422 335 1 433 365
475 373 121 1 377 156
476 242 153 1 249 192
477 28 873 1 69 907
478 246 791 1 279 820
479 470 148 1 473 178
480 286 93 1 289 133
481 483 451 1 498 477
482 94 830 1 132 864
483 483 466 1 499 492
484 101 819 1 137 853
485 231 63 1 236 106
486 275 378 1 289 413
487 418 792 1 448 816
488 78 1019 1 124 1049
489 174 838 1 211 869
490 160 1151 1 209 1178
491 208 823 1 243 854
492 388 1240 1 436 1266
493 213 697 1 241 729
494 364 1088 1 406 1115
495 145 875 1 182 907
496 426 1066 1 467 1089
497 74 929 1 118 961
498 430 962 1 466 985
499 43 870 1 87 903
500 286 1233 1 335 1262
501 479 489 1 496 515
502 204 653 1 230 688
503 524 781 1 552 801
504 410 673 1 434 699
505 134 76 1 140 121
506 159 885 1 196 916
507 394 1171 1 439 1197
508 454 498 1 471 524
509 409 746 1 437 771
510 479 387 1 491 414
511 475 256 1 483 285
512 227 466 1 246 501
513 299 658 1 324 688
514 161 1086 1 206 1116
515 483 324 1 494 352
516 117 1013 1 160 1044
517 115 877 1 154 909
518 131 789 1 166 822
519 248 592 1 270 625
520 157 947 1 198 978
521 250 894 1 285 923
522 276 577 1 298 609
523 236 821 1 269 852
524 407 305 1 417 336
525 351 1035 1 393 1058
526 664 620 1 680 636
527 354 1213 1 401 1240
528 252 802 1 285 831
529 201 613 1 225 648
530 389 1181 1 436 1207
531 453 848 1 485 870
532 271 790 1 302 819
533 374 868 1 408 892
534 274 395 1 289 430
535 481 146 1 484 176
536 248 904 1 284 934
537 148 884 1 187 915
538 235 75 1 240 118
539 123 1229 1 171 1264
540 362 145 1 366 180
541 413 946 1 450 970
542 441 837 1 473 859
543 196 135 1 203 176
544 39 1172 1 90 1203
545 391 505 1 408 534
546 210 436 1 229 472
547 175 112 1 181 154
548 157 465 1 176 502
549 285 798 1 317 826
550 178 266 1 190 306
551 253 95 1 259 134
552 275 339 1 287 375
553 396 106 1 399 140
554 97 859 1 135 893
555 285 1183 1 331 1213
556 279 815 1 311 844
557 38 915 1 80 949
558 420 930 1 455 953
559 257 1136 1 304 1161
560 489 207 1 495 236
561 230 118 1 236 159
562 158 419 1 176 457
563 261 752 1 289 783
564 246 322 1 259 359
565 274 317 1 287 353
566 548 677 1 571 697
567 201 768 1 234 799
568 376 441 1 391 471
569 191 1231 1 241 1262
570 410 1157 1 455 1182
571 273 1186 1 319 1218
572 95 1070 1 143 1097
573 581 1252 1 627 1246
574 599 930 1 632 939
575 375 589 1 395 617
576 156 937 1 195 969
577 361 369 1 374 400
578 348 436 1 363 467
579 541 1164 1 586 1162
580 373 1097 1 417 1125
581 159 1069 1 205 1097
582 354 1051 1 394 1079
583 139 812 1 175 844
584 240 292 1 252 331
585 472 420 1 486 446
586 431 883 1 464 905
587 105 1081 1 152 1110
588 193 974 1 234 1001
589 64 864 1 104 898
590 136 768 1 171 801
591 192 937 1 232 968
592 360 359 1 374 390
593 31 1081 1 79 1113
594 103 1045 1 149 1076
595 178 668 1 205 703
596 549 449 1 565 475
597 269 837 1 302 866
598 69 824 1 106 859
599 429 1174 1 475 1198
600 380 900 1 415 924
601 328 1205 1 374 1235
602 115 835 1 152 869
603 401 957 1 438 982
604 169 435 1 187 474
605 108 868 1 146 901
606 227 130 1 233 170
607 168 464 1 187 501
608 450 968 1 488 989
609 230 738 1 260 769
610 62 966 1 105 998
611 467 383 1 480 410
612 538 883 1 571 900
613 308 857 1 342 885
614 462 908 1 496 930
615 357 1198 1 403 1227
616 102 1187 1 153 1215
617 213 423 1 231 460
618 179 591 1 202 626
619 145 1185 1 194 1217
620 149 772 1 184 804
621 438 1100 1 481 1123
622 127 1164 1 177 1191
623 160 1161 1 210 1189
624 211 864 1 248 892
625 263 808 1 296 837
626 186 904 1 225 933
627 150 920 1 188 953
628 123 1253 1 175 1284
629 242 1075 1 288 1101
630 176 1200 1 223 1235
631 172 92 1 178 135
632 500 1099 1 543 1118
633 431 336 1 442 364
634 56 75 1 65 124
635 376 975 1 412 1003
636 388 1210 1 436 1235
637 459 877 1 492 899
638 217 1003 1 255 1035
639 118 1142 1 166 1173
