0 464 202 1 483 221
1 453 254 1 472 274
2 444 455 1 469 472
3 452 271 1 472 290
4 355 572 1 385 590
5 60 1059 1 110 1076
6 413 751 1 447 767
7 379 1014 1 421 1031
8 469 569 1 497 585
9 262 104 1 280 131
10 457 300 1 478 318
11 429 254 1 449 274
12 49 1057 1 100 1074
13 36 1080 1 87 1097
14 362 936 1 402 950
15 430 271 1 450 291
16 155 260 1 178 288
17 319 123 1 337 148
18 297 215 1 318 240
19 411 1146 1 458 1159
20 475 548 1 503 564
21 255 219 1 277 247
22 445 724 1 478 738
23 449 348 1 471 366
24 242 176 1 262 202
25 230 113 1 248 140
26 447 196 1 465 217
27 481 497 1 507 512
28 298 197 1 319 223
29 482 1095 1 526 1104
30 359 553 1 388 571
31 490 812 1 526 823
32 278 319 1 302 343
33 450 808 1 486 821
34 507 806 1 542 817
35 246 114 1 264 141
36 32 1109 1 85 1124
37 245 487 1 273 509
38 457 611 1 487 626
39 459 1058 1 502 1067
40 445 374 1 469 392
41 225 191 1 246 217
42 461 640 1 492 656
43 191 841 1 232 860
44 514 776 1 548 787
45 178 1078 1 223 1096
46 281 161 1 300 185
47 177 1035 1 224 1051
48 441 472 1 466 489
49 116 913 1 160 932
50 508 796 1 542 807
51 422 318 1 444 339
52 320 147 1 338 172
53 174 1090 1 223 1106
54 414 1128 1 460 1141
55 424 985 1 466 998
56 495 569 1 523 583
57 199 116 1 219 143
58 25 1122 1 75 1137
59 248 268 1 270 293
60 37 1096 1 88 1113
61 472 629 1 502 644
62 407 631 1 438 648
63 154 176 1 176 205
64 162 328 1 186 355
65 156 277 1 179 304
66 467 807 1 503 819
67 175 591 1 207 614
68 488 193 1 506 212
69 73 1181 1 126 1195
70 478 381 1 501 399
71 473 588 1 503 602
72 109 961 1 154 979
73 494 801 1 529 811
74 223 1236 1 272 1255
75 473 203 1 492 222
76 407 643 1 438 659
77 282 205 1 303 231
78 426 1022 1 470 1035
79 258 131 1 276 157
80 492 589 1 521 603
81 503 24 1 516 66
82 410 789 1 447 803
83 45 1242 1 101 1254
84 344 617 1 373 636
85 434 197 1 453 218
86 71 1213 1 125 1227
87 144 1018 1 190 1035
88 431 573 1 461 588
89 208 250 1 230 276
90 396 98 1 412 121
91 259 165 1 278 190
92 359 141 1 377 164
93 530 1176 1 574 1164
94 459 508 1 486 524
95 416 1027 1 459 1040
96 212 410 1 239 434
97 283 245 1 304 269
98 148 410 1 175 436
99 496 768 1 530 780
100 362 963 1 402 978
101 339 562 1 368 581
102 209 227 1 230 253
103 433 955 1 473 969
104 387 1003 1 429 1021
105 419 165 1 436 186
106 422 453 1 447 471
107 657 1242 1 698 1223
108 434 455 1 459 473
109 210 358 1 234 383
110 407 452 1 432 470
111 83 1175 1 135 1189
112 183 252 1 205 279
113 418 1085 1 462 1098
114 430 282 1 451 302
115 211 344 1 235 369
116 408 966 1 449 979
117 190 538 1 220 562
118 284 424 1 310 446
119 251 587 1 281 608
120 59 952 1 107 969
121 457 1066 1 500 1077
122 281 131 1 300 156
123 437 802 1 473 816
124 444 185 1 463 206
125 262 697 1 296 716
126 66 1074 1 117 1090
127 132 103 1 152 133
128 199 886 1 239 906
129 58 1102 1 108 1119
130 265 312 1 289 337
131 180 803 1 221 822
132 201 128 1 219 156
133 256 249 1 278 274
134 186 410 1 212 435
135 124 1223 1 175 1242
136 152 376 1 178 403
137 303 1209 1 352 1228
138 285 413 1 311 434
139 282 142 1 300 168
140 191 1225 1 241 1245
141 403 743 1 436 759
142 251 602 1 282 623
143 425 301 1 446 320
144 186 364 1 211 390
145 372 1002 1 414 1019
146 283 233 1 304 257
147 217 538 1 247 561
148 270 208 1 292 234
149 425 994 1 467 1007
150 62 1085 1 115 1101
151 391 597 1 420 614
152 150 444 1 178 470
153 473 645 1 503 660
154 386 313 1 408 334
155 98 793 1 141 814
156 54 357 1 83 385
157 456 798 1 491 810
158 477 560 1 506 575
159 461 456 1 486 473
160 189 494 1 218 518
161 266 625 1 297 644
162 233 123 1 250 149
163 456 622 1 487 638
164 485 348 1 507 366
165 470 973 1 511 984
166 623 1068 1 661 1059
167 258 144 1 277 170
168 33 943 1 81 961
169 186 381 1 212 407
170 219 624 1 251 645
171 291 1218 1 338 1238
172 338 153 1 356 176
173 91 1108 1 143 1120
174 422 475 1 448 492
175 100 807 1 142 826
176 421 126 1 437 148
177 45 922 1 93 942
178 423 240 1 443 260
179 81 904 1 125 924
180 424 187 1 442 208
181 164 317 1 188 344
182 152 1125 1 203 1139
183 99 1074 1 150 1090
184 183 272 1 206 299
185 338 573 1 367 591
186 210 273 1 232 299
187 25 988 1 74 1007
188 67 1249 1 121 1267
189 441 659 1 472 675
190 467 166 1 485 187
191 407 1252 1 456 1265
192 468 820 1 503 831
193 463 773 1 499 786
194 406 1028 1 449 1038
195 215 511 1 244 535
196 261 412 1 287 435
197 235 817 1 274 835
198 158 509 1 187 534
199 218 573 1 248 597
200 455 564 1 483 579
201 529 1165 1 574 1153
202 365 487 1 393 507
203 40 895 1 87 914
204 437 682 1 469 698
205 152 1031 1 201 1046
206 465 342 1 487 360
207 96 939 1 143 956
208 438 756 1 472 770
209 412 1064 1 456 1078
210 189 428 1 215 453
211 189 1016 1 233 1034
212 616 1049 1 655 1045
213 181 228 1 203 255
214 188 933 1 231 952
215 471 832 1 507 844
216 437 813 1 474 827
217 196 644 1 228 667
218 434 295 1 456 314
219 328 1247 1 377 1263
220 464 698 1 496 713
221 135 313 1 160 340
222 381 870 1 420 885
223 465 755 1 500 767
224 457 166 1 474 186
225 338 234 1 359 256
226 29 1175 1 84 1189
227 482 757 1 516 770
228 362 609 1 392 627
229 364 542 1 393 560
230 446 207 1 464 227
231 292 625 1 322 644
232 135 535 1 166 560
233 216 880 1 258 897
234 267 666 1 300 686
235 367 629 1 398 646
236 399 1237 1 448 1251
237 417 277 1 438 297
238 417 213 1 436 233
239 354 495 1 382 515
240 386 501 1 413 519
241 382 1076 1 427 1086
242 214 492 1 242 515
243 122 860 1 165 879
244 579 838 1 613 843
245 209 906 1 251 923
246 52 382 1 81 411
247 188 446 1 216 471
248 465 903 1 503 915
249 421 501 1 448 518
250 390 1206 1 438 1219
251 491 1048 1 533 1056
252 50 1093 1 102 1108
253 110 1056 1 158 1074
254 190 511 1 219 535
255 123 383 1 150 409
256 120 812 1 162 832
257 463 225 1 482 244
258 135 986 1 181 1002
259 197 141 1 217 169
260 360 154 1 378 177
261 60 474 1 91 501
262 338 348 1 362 370
263 437 965 1 477 978
264 203 1224 1 253 1244
265 210 381 1 236 405
266 390 742 1 423 759
267 156 732 1 193 754
268 361 377 1 385 397
269 198 926 1 240 942
270 250 685 1 284 705
271 60 1210 1 114 1224
272 444 300 1 464 319
273 135 853 1 178 872
274 421 371 1 444 389
275 471 319 1 492 336
276 493 1099 1 537 1106
277 338 245 1 359 268
278 338 377 1 362 398
279 351 507 1 378 526
280 192 573 1 223 597
281 61 1001 1 114 1019
282 197 736 1 232 757
283 338 360 1 361 381
284 465 857 1 503 870
285 414 872 1 453 885
286 398 178 1 416 200
287 380 326 1 402 346
288 152 492 1 181 517
289 406 164 1 423 186
290 241 586 1 272 609
291 120 838 1 162 859
292 339 489 1 366 509
293 360 348 1 383 368
294 371 921 1 411 935
295 91 1018 1 141 1034
296 382 890 1 420 904
297 41 905 1 88 924
298 361 367 1 385 387
299 71 969 1 120 987
300 462 212 1 481 232
301 338 263 1 360 285
302 409 491 1 435 508
303 497 755 1 531 767
304 250 742 1 285 761
305 362 1096 1 407 1113
306 414 767 1 448 782
307 526 1150 1 571 1142
308 360 252 1 381 274
309 141 1114 1 191 1129
310 414 991 1 456 1005
311 206 93 1 225 122
312 171 887 1 214 905
313 222 707 1 257 728
314 306 739 1 340 758
315 50 888 1 93 910
316 473 233 1 492 252
317 134 1253 1 183 1272
318 426 812 1 460 829
319 458 326 1 480 344
320 88 1136 1 138 1154
321 359 871 1 397 886
322 339 509 1 366 528
323 391 67 1 404 91
324 99 78 1 119 111
325 162 528 1 192 553
326 216 117 1 235 145
327 154 852 1 196 869
328 410 1116 1 456 1129
329 363 1245 1 412 1263
330 38 1123 1 91 1138
331 482 409 1 505 426
332 75 884 1 119 905
333 358 264 1 379 285
334 67 860 1 113 880
335 220 908 1 263 926
336 174 859 1 216 877
337 451 896 1 489 908
338 66 989 1 112 1008
339 135 912 1 178 932
340 94 892 1 136 913
341 354 1175 1 402 1193
342 97 820 1 140 841
343 100 1096 1 151 1110
344 435 862 1 473 875
345 396 542 1 424 559
346 326 1184 1 373 1202
347 300 1246 1 350 1262
348 43 1106 1 96 1123
349 179 163 1 199 191
350 138 793 1 180 813
351 94 1171 1 145 1188
352 154 1113 1 203 1129
353 396 556 1 425 573
354 440 886 1 478 898
355 196 824 1 236 841
356 113 1085 1 162 1101
357 411 816 1 448 829
358 65 1023 1 115 1038
359 130 951 1 176 968
360 25 1184 1 77 1199
361 57 937 1 104 955
362 122 1063 1 171 1079
363 449 707 1 482 721
364 502 785 1 536 796
365 143 922 1 185 942
366 366 563 1 395 580
367 124 871 1 166 890
368 372 617 1 402 635
369 270 757 1 304 776
370 405 1051 1 450 1061
371 487 216 1 506 235
372 263 829 1 302 847
373 562 1198 1 606 1185
374 150 828 1 192 847
375 235 905 1 276 923
376 57 867 1 102 887
377 161 872 1 203 891
378 88 800 1 131 822
379 264 361 1 288 385
380 502 483 1 528 499
381 86 784 1 129 806
382 278 1221 1 327 1237
383 466 708 1 499 723
384 262 706 1 296 727
385 152 331 1 177 359
386 157 764 1 196 785
387 233 1234 1 282 1254
388 148 227 1 170 255
389 362 947 1 403 961
390 435 206 1 454 227
391 94 1235 1 147 1253
392 159 788 1 199 807
393 453 927 1 493 939
394 90 1094 1 140 1111
395 411 474 1 437 492
396 462 958 1 502 969
397 438 785 1 473 799
398 455 830 1 492 843
399 235 786 1 275 803
400 165 589 1 197 613
401 463 234 1 482 254
402 507 765 1 541 777
403 378 629 1 409 646
404 155 132 1 175 161
405 134 1157 1 185 1173
406 200 853 1 242 871
407 448 846 1 485 858
408 408 918 1 448 931
409 164 862 1 206 881
410 330 931 1 369 948
411 297 747 1 331 766
412 147 972 1 193 988
413 396 447 1 421 466
414 207 757 1 244 778
415 460 474 1 486 490
416 511 818 1 547 829
417 545 707 1 576 718
418 464 552 1 492 568
419 127 1046 1 175 1061
420 284 1206 1 331 1225
421 246 474 1 274 496
422 417 251 1 437 271
423 411 1224 1 460 1237
424 130 995 1 177 1014
425 361 236 1 380 258
426 157 539 1 187 563
427 64 892 1 111 910
428 150 906 1 193 924
429 271 197 1 292 223
430 214 446 1 241 470
431 154 672 1 188 695
432 246 705 1 281 724
433 216 772 1 256 789
434 105 1043 1 154 1060
435 135 838 1 177 858
436 283 1132 1 332 1143
437 71 1133 1 122 1149
438 396 505 1 423 522
439 462 289 1 483 307
440 395 826 1 432 840
441 485 694 1 518 707
442 415 980 1 456 993
443 199 789 1 239 808
444 417 1017 1 459 1030
445 232 692 1 266 712
446 361 164 1 379 187
447 395 206 1 414 228
448 264 1228 1 313 1247
449 485 747 1 519 759
450 501 1085 1 545 1092
451 465 868 1 502 880
452 410 181 1 429 203
453 318 868 1 357 884
454 220 799 1 259 818
455 209 820 1 250 838
456 336 163 1 355 186
457 468 415 1 492 432
458 412 310 1 434 329
459 188 475 1 216 499
460 366 1025 1 409 1036
461 134 896 1 177 916
462 367 576 1 396 595
463 392 1105 1 437 1121
464 450 786 1 486 799
465 184 344 1 208 370
466 411 342 1 434 361
467 360 129 1 377 152
468 229 162 1 249 189
469 184 1090 1 232 1103
470 240 801 1 279 818
471 457 154 1 474 174
472 273 102 1 289 129
473 473 457 1 499 474
474 87 842 1 131 863
475 474 472 1 499 489
476 94 831 1 137 851
477 217 72 1 235 101
478 265 386 1 289 410
479 413 801 1 449 814
480 73 1033 1 123 1048
481 168 850 1 211 868
482 157 1166 1 209 1178
483 202 834 1 243 852
484 205 810 1 244 830
485 388 1251 1 437 1264
486 206 707 1 241 727
487 139 887 1 182 906
488 424 1075 1 468 1088
489 68 943 1 116 960
490 427 971 1 467 983
491 37 883 1 85 903
492 285 1245 1 336 1261
493 470 495 1 497 512
494 196 663 1 230 685
495 225 808 1 265 825
496 520 788 1 553 799
497 403 680 1 435 697
498 120 86 1 140 117
499 153 896 1 196 914
500 393 1180 1 440 1195
501 445 504 1 472 521
502 403 754 1 438 769
503 469 393 1 492 410
504 463 263 1 483 282
505 218 475 1 246 498
506 292 666 1 324 686
507 157 1099 1 206 1115
508 473 330 1 494 348
509 113 1026 1 160 1044
510 109 890 1 153 908
511 123 801 1 165 821
512 240 601 1 271 622
513 152 958 1 198 977
514 245 904 1 285 921
515 268 585 1 299 606
516 230 831 1 269 851
517 396 312 1 418 332
518 348 1046 1 394 1057
519 660 625 1 683 633
520 354 1222 1 402 1238
521 246 812 1 285 830
522 193 623 1 225 645
523 388 1190 1 436 1205
524 448 855 1 486 868
525 265 800 1 302 817
526 369 877 1 409 891
527 264 404 1 289 427
528 468 152 1 485 172
529 244 915 1 284 932
530 143 896 1 187 914
531 221 84 1 240 113
532 348 153 1 366 176
533 409 955 1 451 968
534 437 845 1 474 858
535 423 750 1 456 765
536 183 144 1 202 172
537 35 1188 1 89 1203
538 382 512 1 409 531
539 200 445 1 228 469
540 161 121 1 181 151
541 147 474 1 176 499
542 280 807 1 317 824
543 167 275 1 189 303
544 240 103 1 259 130
545 264 348 1 287 372
546 383 113 1 399 136
547 91 872 1 135 892
548 283 1194 1 331 1211
549 71 847 1 115 868
550 273 825 1 311 843
551 32 929 1 79 948
552 416 939 1 456 951
553 255 1149 1 304 1161
554 477 213 1 495 232
555 217 127 1 236 155
556 148 428 1 176 454
557 254 762 1 289 780
558 235 331 1 259 356
559 130 811 1 172 829
560 263 325 1 287 349
561 542 683 1 572 695
562 195 779 1 234 797
563 366 448 1 392 468
564 190 1244 1 241 1261
565 409 1167 1 456 1181
566 272 1197 1 319 1216
567 90 1084 1 142 1098
568 598 938 1 634 939
569 366 597 1 396 614
570 151 948 1 195 968
571 409 884 1 448 898
572 350 377 1 374 397
573 338 444 1 364 464
574 543 1178 1 588 1166
575 371 1106 1 417 1123
576 155 1082 1 205 1097
577 315 975 1 356 991
578 352 1060 1 395 1077
579 132 824 1 175 842
580 228 301 1 252 327
581 463 426 1 487 443
582 426 891 1 465 904
583 188 987 1 234 1001
584 58 877 1 103 897
585 130 779 1 171 799
586 187 948 1 231 966
587 350 366 1 374 386
588 26 1097 1 78 1112
589 99 1059 1 148 1075
590 170 678 1 205 700
591 540 454 1 566 471
592 264 846 1 303 864
593 62 837 1 105 858
594 429 1184 1 476 1197
595 376 909 1 416 923
596 327 1215 1 375 1233
597 398 966 1 439 980
598 159 445 1 187 471
599 77 986 1 125 1003
600 179 1012 1 224 1029
601 214 139 1 233 166
602 159 473 1 187 498
603 447 976 1 488 988
604 223 748 1 260 767
605 56 979 1 104 998
606 457 390 1 480 407
607 535 890 1 572 898
608 302 867 1 342 883
609 458 916 1 497 928
610 356 1207 1 404 1224
611 98 1202 1 152 1216
612 203 432 1 230 456
613 171 600 1 202 624
614 142 783 1 183 802
615 436 1109 1 481 1121
616 61 1011 1 112 1027
617 124 1178 1 176 1192
618 157 1176 1 210 1189
619 205 875 1 247 891
620 257 818 1 296 835
621 180 915 1 224 932
622 145 932 1 188 951
623 239 1087 1 288 1101
624 175 1212 1 223 1233
625 159 101 1 178 131
626 500 1109 1 544 1117
627 421 343 1 443 361
628 42 85 1 64 120
629 372 983 1 413 1000
630 388 1220 1 436 1234
631 455 885 1 493 897
632 214 1013 1 256 1033
633 97 1125 1 151 1140
