0 441 199 1 483 217
1 431 252 1 473 270
2 423 452 1 469 469
3 430 269 1 473 287
4 335 570 1 385 587
5 41 1063 1 109 1075
6 395 749 1 448 765
7 362 1012 1 422 1029
8 449 566 1 498 582
9 239 102 1 280 127
10 435 297 1 478 315
11 407 252 1 449 271
12 30 1061 1 98 1073
13 162 1077 1 224 1094
14 345 935 1 402 948
15 408 268 1 451 287
16 132 259 1 178 285
17 296 120 1 337 144
18 275 212 1 318 236
19 396 1146 1 459 1158
20 455 546 1 503 561
21 233 216 1 276 243
22 427 722 1 479 735
23 427 345 1 472 363
24 219 174 1 262 199
25 207 111 1 248 136
26 425 194 1 466 213
27 461 494 1 507 509
28 276 194 1 318 219
29 467 1094 1 527 1103
30 339 551 1 389 568
31 473 810 1 527 821
32 256 316 1 302 340
33 432 806 1 486 819
34 489 804 1 543 815
35 222 111 1 264 137
36 223 486 1 273 506
37 438 609 1 488 624
38 443 1057 1 503 1066
39 424 371 1 469 388
40 202 189 1 245 214
41 442 638 1 493 653
42 496 774 1 549 785
43 258 158 1 300 181
44 159 1038 1 223 1050
45 420 470 1 466 486
46 97 915 1 159 931
47 490 794 1 543 805
48 400 316 1 444 335
49 297 144 1 338 168
50 158 1093 1 222 1106
51 399 1127 1 460 1139
52 475 567 1 524 580
53 176 113 1 219 140
54 225 265 1 270 290
55 409 983 1 467 996
56 452 627 1 503 642
57 388 629 1 439 645
58 131 174 1 175 201
59 139 326 1 186 351
60 133 276 1 179 301
61 449 805 1 504 817
62 155 590 1 207 611
63 466 190 1 507 208
64 172 844 1 232 859
65 56 1186 1 125 1195
66 457 378 1 502 395
67 453 586 1 503 599
68 90 964 1 153 978
69 476 799 1 530 810
70 209 1237 1 273 1253
71 451 200 1 492 218
72 387 641 1 439 657
73 259 203 1 303 227
74 113 953 1 175 967
75 236 162 1 278 187
76 235 128 1 276 153
77 473 586 1 522 600
78 392 788 1 447 801
79 28 1248 1 100 1255
80 324 616 1 374 634
81 412 195 1 453 214
82 55 1218 1 124 1227
83 125 1021 1 189 1034
84 411 571 1 461 585
85 185 248 1 230 272
86 373 94 1 412 117
87 337 138 1 377 160
88 517 1179 1 575 1168
89 438 505 1 487 521
90 190 409 1 238 431
91 260 243 1 304 265
92 113 1126 1 179 1135
93 126 409 1 175 433
94 478 766 1 531 778
95 345 962 1 402 976
96 319 560 1 368 578
97 186 225 1 230 249
98 74 905 1 135 921
99 417 954 1 473 967
100 370 1002 1 429 1018
101 396 162 1 436 182
102 401 450 1 448 467
103 647 1245 1 700 1229
104 413 453 1 460 470
105 187 357 1 234 380
106 386 449 1 433 467
107 160 250 1 205 276
108 402 1084 1 463 1097
109 408 280 1 451 298
110 189 343 1 235 366
111 391 965 1 450 977
112 66 1180 1 134 1189
113 169 537 1 220 559
114 262 423 1 310 443
115 230 586 1 282 606
116 40 956 1 105 969
117 441 1065 1 501 1076
118 258 128 1 300 152
119 419 801 1 474 814
120 106 872 1 166 889
121 422 182 1 464 202
122 243 696 1 297 714
123 48 1078 1 116 1090
124 108 100 1 151 129
125 181 887 1 239 904
126 39 1107 1 107 1119
127 242 310 1 289 333
128 161 805 1 220 820
129 177 125 1 219 152
130 234 247 1 278 270
131 164 409 1 212 432
132 108 1226 1 175 1240
133 130 375 1 178 400
134 288 1210 1 352 1226
135 264 411 1 311 431
136 259 140 1 300 164
137 176 1227 1 241 1243
138 384 741 1 436 757
139 231 601 1 282 620
140 403 298 1 446 317
141 163 362 1 211 387
142 356 1000 1 414 1017
143 260 231 1 304 253
144 196 538 1 247 558
145 247 205 1 291 230
146 409 993 1 467 1006
147 45 1090 1 113 1101
148 370 596 1 421 612
149 199 882 1 258 896
150 128 444 1 178 467
151 453 643 1 504 657
152 364 311 1 408 330
153 79 796 1 139 812
154 31 356 1 82 382
155 438 796 1 492 808
156 457 557 1 507 572
157 440 454 1 486 470
158 168 493 1 218 515
159 246 624 1 298 642
160 209 120 1 250 146
161 437 620 1 487 635
162 463 345 1 507 362
163 454 971 1 511 983
164 611 1069 1 663 1062
165 234 141 1 277 166
166 164 380 1 211 404
167 199 623 1 251 643
168 276 1218 1 339 1235
169 315 150 1 356 173
170 73 1112 1 142 1121
171 401 472 1 448 489
172 79 808 1 141 825
173 398 123 1 437 144
174 26 925 1 91 941
175 401 237 1 443 256
176 62 907 1 124 923
177 402 184 1 443 204
178 142 315 1 188 340
179 82 1078 1 149 1089
180 160 271 1 206 296
181 318 571 1 367 589
182 187 271 1 232 295
183 51 1254 1 120 1266
184 421 657 1 472 672
185 445 164 1 485 183
186 393 1252 1 457 1264
187 450 819 1 504 829
188 234 228 1 277 252
189 445 772 1 499 784
190 118 1252 1 184 1270
191 389 1028 1 449 1037
192 194 510 1 244 533
193 240 410 1 287 432
194 216 818 1 274 833
195 136 508 1 187 531
196 197 573 1 248 594
197 434 562 1 484 577
198 413 1014 1 470 1026
199 344 485 1 394 504
200 418 680 1 469 695
201 135 1034 1 200 1045
202 444 339 1 488 356
203 77 941 1 141 955
204 419 755 1 473 768
205 396 1064 1 457 1076
206 167 427 1 215 450
207 603 1050 1 657 1047
208 158 226 1 203 252
209 170 935 1 230 950
210 454 830 1 508 842
211 420 812 1 474 825
212 175 644 1 228 664
213 412 292 1 456 310
214 313 1247 1 377 1261
215 445 696 1 497 710
216 112 311 1 159 337
217 364 870 1 420 884
218 447 753 1 501 765
219 435 163 1 475 182
220 316 231 1 359 253
221 464 755 1 517 768
222 342 608 1 392 625
223 344 540 1 394 557
224 424 205 1 465 223
225 271 624 1 323 641
226 114 535 1 166 558
227 247 665 1 300 684
228 347 628 1 398 644
229 385 1237 1 449 1249
230 395 275 1 438 294
231 395 210 1 437 230
232 333 494 1 382 512
233 461 171 1 502 190
234 365 499 1 413 516
235 366 1077 1 427 1085
236 193 491 1 242 513
237 103 862 1 164 878
238 563 836 1 614 843
239 191 907 1 251 922
240 28 382 1 80 408
241 315 1220 1 378 1236
242 167 445 1 216 468
243 448 902 1 504 914
244 400 499 1 448 515
245 376 1205 1 439 1218
246 475 1047 1 534 1055
247 32 1098 1 101 1108
248 92 1059 1 157 1073
249 169 510 1 219 532
250 153 1130 1 219 1140
251 440 818 1 494 830
252 101 382 1 150 406
253 100 814 1 161 830
254 441 222 1 483 240
255 117 989 1 180 1001
256 174 139 1 216 165
257 337 151 1 378 173
258 37 474 1 90 498
259 317 346 1 362 366
260 420 964 1 478 976
261 188 1226 1 253 1242
262 188 380 1 236 402
263 371 741 1 424 756
264 136 732 1 193 752
265 340 375 1 385 394
266 179 927 1 240 941
267 230 685 1 285 703
268 43 1215 1 113 1224
269 422 297 1 465 315
270 116 855 1 177 871
271 137 1128 1 202 1139
272 400 368 1 445 386
273 449 316 1 493 333
274 478 1098 1 537 1105
275 316 243 1 359 264
276 317 375 1 362 395
277 330 506 1 378 524
278 171 573 1 223 594
279 42 1005 1 109 1017
280 177 737 1 232 755
281 316 358 1 361 378
282 448 856 1 504 868
283 397 871 1 453 884
284 375 175 1 416 196
285 358 323 1 403 343
286 130 491 1 181 515
287 383 162 1 423 182
288 221 585 1 272 606
289 100 840 1 161 857
290 318 488 1 366 506
291 338 346 1 383 365
292 354 921 1 411 934
293 74 1022 1 140 1034
294 364 890 1 420 902
295 472 171 1 512 189
296 248 100 1 289 125
297 339 365 1 385 384
298 52 973 1 119 986
299 440 209 1 482 228
300 316 260 1 360 281
301 388 488 1 435 505
302 479 752 1 532 765
303 231 742 1 286 759
304 347 1097 1 407 1111
305 395 766 1 448 781
306 514 1154 1 572 1146
307 338 249 1 381 270
308 123 1119 1 190 1129
309 398 991 1 457 1003
310 182 90 1 224 118
311 152 889 1 213 904
312 202 707 1 257 725
313 287 739 1 341 756
314 30 891 1 93 909
315 451 230 1 492 249
316 437 324 1 480 341
317 71 1140 1 137 1153
318 341 871 1 397 885
319 318 507 1 366 525
320 368 64 1 404 87
321 74 75 1 118 107
322 140 528 1 192 550
323 193 115 1 235 141
324 135 853 1 195 868
325 394 1115 1 457 1127
326 349 1245 1 413 1261
327 82 1209 1 151 1216
328 461 407 1 506 423
329 56 887 1 118 903
330 410 969 1 468 982
331 336 261 1 379 282
332 48 863 1 111 879
333 202 909 1 263 924
334 155 861 1 215 876
335 434 894 1 489 906
336 47 993 1 112 1007
337 117 914 1 178 931
338 75 894 1 136 911
339 339 1175 1 402 1190
340 78 822 1 139 840
341 83 1100 1 150 1110
342 417 861 1 474 873
343 375 540 1 424 557
344 311 1184 1 374 1200
345 286 1246 1 351 1260
346 25 1111 1 94 1123
347 155 161 1 199 188
348 118 794 1 179 811
349 78 1175 1 145 1187
350 137 1117 1 202 1129
351 376 554 1 425 570
352 422 885 1 478 897
353 221 774 1 277 791
354 176 824 1 235 840
355 96 1089 1 161 1101
356 393 815 1 448 827
357 46 1027 1 114 1038
358 38 941 1 103 955
359 105 1066 1 170 1079
360 430 704 1 482 719
361 484 783 1 537 794
362 124 923 1 185 941
363 346 562 1 395 577
364 352 616 1 403 633
365 250 756 1 305 774
366 389 1052 1 450 1060
367 465 213 1 507 231
368 245 830 1 302 845
369 551 1202 1 608 1190
370 131 830 1 191 846
371 217 905 1 276 921
372 37 870 1 101 886
373 142 874 1 203 890
374 69 803 1 130 821
375 242 359 1 288 381
376 482 480 1 529 496
377 66 787 1 127 804
378 263 1221 1 328 1236
379 448 706 1 500 720
380 242 706 1 297 725
381 130 330 1 177 355
382 137 765 1 195 783
383 219 1236 1 283 1252
384 125 226 1 170 252
385 345 946 1 403 960
386 413 203 1 455 223
387 78 1239 1 147 1252
388 139 790 1 198 806
389 437 926 1 493 938
390 73 1097 1 139 1110
391 390 471 1 438 489
392 445 956 1 503 968
393 420 784 1 473 797
394 437 829 1 492 841
395 216 786 1 274 801
396 144 589 1 197 610
397 441 231 1 483 250
398 489 763 1 541 775
399 358 628 1 409 644
400 131 130 1 175 157
401 118 1161 1 184 1172
402 51 1141 1 121 1149
403 430 844 1 486 857
404 392 917 1 449 929
405 145 864 1 205 880
406 312 930 1 370 946
407 278 746 1 332 764
408 128 974 1 192 987
409 374 445 1 421 463
410 187 758 1 243 776
411 440 471 1 486 487
412 494 816 1 548 827
413 527 704 1 577 716
414 444 550 1 493 565
415 109 1050 1 174 1061
416 269 1207 1 332 1223
417 225 472 1 274 493
418 395 248 1 438 267
419 397 1223 1 460 1236
420 112 998 1 176 1013
421 338 233 1 381 254
422 135 538 1 187 560
423 32 980 1 98 993
424 131 908 1 192 923
425 248 194 1 292 219
426 192 445 1 241 467
427 134 672 1 188 692
428 226 705 1 281 722
429 197 773 1 255 788
430 88 1046 1 153 1059
431 116 840 1 176 856
432 171 989 1 233 1001
433 268 1134 1 332 1143
434 104 1160 1 171 1170
435 375 502 1 424 519
436 440 286 1 483 303
437 377 825 1 432 838
438 466 691 1 518 705
439 399 979 1 457 992
440 36 860 1 100 875
441 400 1016 1 460 1028
442 212 692 1 266 709
443 339 161 1 380 183
444 373 204 1 414 224
445 250 1229 1 314 1245
446 467 745 1 520 757
447 485 1084 1 545 1092
448 448 867 1 503 878
449 388 178 1 429 199
450 300 868 1 358 883
451 201 799 1 259 816
452 189 1209 1 253 1223
453 190 822 1 249 836
454 313 160 1 355 183
455 447 412 1 493 429
456 391 307 1 435 326
457 166 474 1 216 496
458 349 1026 1 409 1036
459 117 898 1 177 914
460 347 575 1 396 592
461 292 1220 1 355 1236
462 433 785 1 486 797
463 162 343 1 208 367
464 389 339 1 434 358
465 337 126 1 377 148
466 206 160 1 249 185
467 166 1093 1 231 1103
468 221 801 1 279 817
469 435 151 1 474 170
470 453 455 1 499 471
471 68 844 1 130 861
472 453 470 1 500 486
473 74 833 1 136 850
474 193 68 1 235 97
475 243 385 1 289 407
476 395 799 1 449 812
477 55 1037 1 122 1048
478 150 851 1 210 866
479 140 1170 1 208 1179
480 183 836 1 242 851
481 186 811 1 244 828
482 374 1251 1 438 1263
483 186 706 1 241 725
484 120 888 1 181 904
485 408 1075 1 469 1086
486 49 946 1 115 959
487 271 1246 1 336 1259
488 450 493 1 497 509
489 176 663 1 230 683
490 206 809 1 264 824
491 502 786 1 554 797
492 383 679 1 435 694
493 96 83 1 139 113
494 135 899 1 195 913
495 379 1180 1 441 1194
496 224 886 1 282 900
497 424 502 1 473 518
498 384 753 1 438 767
499 447 391 1 493 407
500 441 260 1 484 278
501 196 474 1 246 496
502 272 665 1 325 683
503 141 1102 1 205 1114
504 451 328 1 495 345
505 94 1030 1 159 1043
506 89 892 1 152 907
507 104 803 1 164 819
508 219 600 1 271 619
509 406 739 1 459 754
510 227 904 1 285 919
511 247 584 1 299 603
512 212 832 1 269 849
513 374 310 1 418 329
514 332 1046 1 394 1056
515 645 622 1 685 631
516 339 1223 1 403 1237
517 227 813 1 284 828
518 173 623 1 225 643
519 374 1190 1 437 1204
520 431 854 1 487 866
521 246 800 1 302 815
522 352 876 1 409 889
523 41 900 1 106 914
524 242 402 1 289 424
525 445 149 1 485 169
526 99 893 1 160 908
527 49 873 1 112 890
528 124 899 1 185 913
529 198 81 1 239 109
530 326 150 1 367 172
531 393 954 1 451 967
532 419 843 1 475 856
533 404 749 1 456 763
534 159 142 1 202 168
535 51 1068 1 119 1079
536 361 510 1 409 528
537 222 874 1 279 889
538 137 118 1 180 147
539 126 474 1 176 496
540 261 807 1 317 822
541 144 274 1 189 300
542 217 100 1 258 126
543 310 871 1 367 885
544 242 346 1 287 369
545 360 111 1 399 132
546 71 874 1 133 891
547 268 1194 1 332 1209
548 52 849 1 114 867
549 72 991 1 136 1005
550 254 826 1 311 841
551 92 1215 1 161 1223
552 399 938 1 456 950
553 239 1151 1 303 1161
554 455 210 1 496 228
555 193 124 1 236 151
556 126 428 1 176 451
557 235 762 1 289 778
558 213 329 1 259 352
559 110 812 1 171 828
560 241 322 1 287 346
561 523 680 1 573 692
562 175 779 1 233 796
563 345 447 1 392 465
564 176 1247 1 242 1260
565 394 1167 1 456 1179
566 257 1197 1 320 1214
567 72 1089 1 141 1098
568 583 938 1 635 940
569 347 595 1 396 612
570 134 950 1 195 966
571 392 883 1 448 896
572 329 375 1 375 394
573 317 442 1 364 461
574 531 1182 1 589 1171
575 356 1105 1 418 1120
576 139 1086 1 204 1096
577 297 975 1 357 989
578 336 1060 1 395 1075
579 113 825 1 174 841
580 205 298 1 251 323
581 442 424 1 487 440
582 409 890 1 466 902
583 38 880 1 102 896
584 109 781 1 169 798
585 170 950 1 231 965
586 328 364 1 374 383
587 61 1228 1 131 1237
588 81 1063 1 147 1075
589 150 678 1 205 698
590 520 451 1 566 468
591 246 846 1 303 862
592 41 840 1 104 856
593 414 1183 1 477 1195
594 359 909 1 416 921
595 376 1102 1 438 1119
596 382 965 1 439 978
597 137 444 1 187 468
598 59 989 1 124 1003
599 162 1014 1 224 1028
600 190 136 1 233 162
601 137 473 1 187 495
602 431 974 1 489 986
603 179 792 1 238 807
604 436 387 1 481 404
605 518 888 1 573 897
606 285 867 1 342 882
607 441 915 1 497 927
608 341 1207 1 405 1222
609 170 877 1 228 893
610 181 431 1 230 453
611 150 600 1 202 621
612 475 189 1 516 207
613 122 785 1 182 801
614 421 1108 1 482 1120
615 42 1015 1 110 1027
616 107 1183 1 176 1192
617 141 1180 1 209 1190
618 186 876 1 246 890
619 239 819 1 296 834
620 162 917 1 223 931
621 127 933 1 187 950
622 223 1090 1 287 1101
623 159 1214 1 224 1231
624 135 98 1 177 127
625 485 1108 1 545 1116
626 399 340 1 443 358
627 277 759 1 331 776
628 356 982 1 414 998
629 374 1220 1 437 1232
630 438 884 1 493 895
631 182 855 1 241 869
632 197 1015 1 256 1031
633 80 1130 1 149 1140
