0 439 203 1 483 215
1 428 255 1 473 268
2 422 456 1 469 467
3 428 273 1 473 285
4 334 575 1 385 586
5 42 1070 1 108 1075
6 394 753 1 448 763
7 363 1017 1 422 1027
8 448 570 1 498 580
9 236 107 1 280 126
10 433 301 1 478 313
11 404 256 1 449 269
12 31 1068 1 97 1073
13 163 1083 1 224 1093
14 345 941 1 402 947
15 405 272 1 451 285
16 130 264 1 177 283
17 293 124 1 337 142
18 272 217 1 318 234
19 398 1151 1 459 1157
20 454 550 1 503 560
21 230 221 1 276 241
22 426 726 1 479 734
23 425 349 1 472 361
24 216 179 1 262 197
25 204 116 1 248 135
26 422 197 1 466 211
27 459 498 1 508 508
28 273 199 1 318 217
29 469 1099 1 527 1103
30 338 555 1 389 567
31 473 814 1 527 820
32 254 321 1 301 338
33 433 811 1 486 818
34 489 808 1 543 814
35 219 116 1 264 135
36 222 491 1 273 504
37 437 613 1 488 622
38 445 1063 1 503 1066
39 422 375 1 469 387
40 199 194 1 245 212
41 441 642 1 493 652
42 497 778 1 549 784
43 255 163 1 300 180
44 197 902 1 255 909
45 160 1044 1 223 1050
46 419 474 1 467 485
47 97 921 1 159 930
48 490 798 1 543 804
49 398 320 1 445 334
50 294 149 1 338 166
51 335 565 1 386 575
52 401 1132 1 461 1139
53 32 1255 1 99 1256
54 474 571 1 524 579
55 173 119 1 219 138
56 222 270 1 270 288
57 410 988 1 467 995
58 452 631 1 503 640
59 387 633 1 439 644
60 128 180 1 175 199
61 137 331 1 186 350
62 130 281 1 179 299
63 450 810 1 504 816
64 154 596 1 207 610
65 464 193 1 507 206
66 171 850 1 231 858
67 57 1194 1 124 1195
68 455 382 1 502 394
69 453 590 1 504 598
70 90 970 1 153 978
71 477 803 1 530 809
72 211 1243 1 273 1252
73 449 204 1 493 216
74 387 645 1 439 655
75 256 207 1 303 225
76 113 959 1 175 967
77 233 167 1 277 185
78 232 133 1 276 151
79 472 590 1 522 599
80 393 792 1 447 800
81 323 621 1 374 633
82 409 199 1 453 212
83 126 1028 1 189 1034
84 410 575 1 461 584
85 183 253 1 230 271
86 370 99 1 412 115
87 334 142 1 377 158
88 521 1187 1 576 1170
89 437 509 1 487 520
90 188 414 1 238 430
91 258 247 1 304 264
92 113 1133 1 179 1135
93 124 414 1 175 432
94 479 771 1 531 777
95 346 967 1 403 975
96 318 565 1 368 577
97 184 230 1 230 248
98 73 911 1 134 921
99 418 959 1 474 966
100 371 1006 1 430 1017
101 393 166 1 436 180
102 399 454 1 448 466
103 653 1254 1 702 1232
104 411 457 1 460 468
105 185 362 1 234 379
106 384 453 1 433 465
107 157 255 1 205 274
108 404 1089 1 463 1096
109 406 284 1 452 296
110 187 348 1 235 364
111 392 970 1 450 976
112 392 1034 1 449 1037
113 168 542 1 220 558
114 261 427 1 310 442
115 230 591 1 282 604
116 40 963 1 104 968
117 443 1071 1 501 1076
118 255 133 1 300 151
119 420 806 1 474 813
120 106 878 1 165 888
121 419 186 1 464 200
122 242 701 1 297 713
123 48 1086 1 115 1090
124 105 105 1 151 127
125 181 893 1 239 903
126 40 1115 1 106 1119
127 240 314 1 288 332
128 161 810 1 220 820
129 174 130 1 219 150
130 231 251 1 278 268
131 162 414 1 212 430
132 55 1226 1 124 1227
133 128 380 1 177 398
134 290 1215 1 353 1225
135 262 416 1 311 430
136 256 145 1 300 162
137 177 1233 1 242 1243
138 384 746 1 437 756
139 230 606 1 283 619
140 400 302 1 446 315
141 162 368 1 211 385
142 226 481 1 274 491
143 356 1005 1 415 1015
144 257 236 1 304 251
145 195 543 1 247 557
146 245 209 1 291 228
147 410 998 1 468 1005
148 45 1098 1 113 1101
149 370 600 1 421 610
150 199 888 1 257 896
151 127 449 1 177 466
152 453 646 1 504 656
153 362 315 1 408 328
154 78 802 1 139 812
155 28 361 1 82 380
156 438 801 1 492 808
157 456 561 1 507 571
158 439 458 1 487 469
159 166 498 1 218 514
160 74 1121 1 141 1121
161 245 629 1 298 640
162 206 125 1 250 144
163 436 624 1 487 634
164 461 349 1 507 361
165 455 976 1 512 982
166 615 1075 1 664 1063
167 231 146 1 276 164
168 162 385 1 211 402
169 198 628 1 251 641
170 277 1223 1 339 1234
171 312 155 1 356 171
172 184 928 1 242 935
173 399 476 1 448 488
174 79 815 1 140 824
175 395 127 1 438 142
176 26 932 1 90 940
177 399 241 1 443 254
178 62 913 1 124 922
179 399 188 1 443 202
180 139 320 1 188 339
181 83 1085 1 148 1089
182 158 276 1 206 294
183 317 576 1 368 587
184 184 276 1 232 294
185 45 1223 1 113 1224
186 129 1168 1 192 1181
187 421 661 1 473 671
188 442 168 1 485 181
189 451 823 1 504 829
190 232 233 1 277 250
191 446 776 1 500 783
192 117 1115 1 182 1118
193 193 515 1 244 531
194 238 415 1 287 430
195 73 1085 1 138 1090
196 135 513 1 187 530
197 196 578 1 248 593
198 434 566 1 484 575
199 414 1018 1 470 1025
200 343 490 1 394 502
201 417 685 1 469 694
202 136 1041 1 199 1045
203 442 343 1 488 355
204 77 948 1 141 955
205 420 759 1 473 767
206 165 432 1 215 448
207 607 1056 1 657 1048
208 156 231 1 203 250
209 171 941 1 230 949
210 454 834 1 508 841
211 420 817 1 474 824
212 174 649 1 228 663
213 410 296 1 456 309
214 315 1253 1 378 1261
215 444 700 1 497 709
216 110 317 1 159 335
217 364 875 1 420 883
218 447 757 1 501 765
219 432 167 1 475 180
220 313 235 1 359 251
221 465 760 1 517 767
222 341 612 1 393 623
223 343 545 1 394 555
224 421 208 1 465 222
225 270 628 1 323 640
226 113 540 1 166 556
227 246 670 1 300 682
228 347 632 1 399 642
229 388 1243 1 449 1249
230 393 279 1 438 292
231 392 214 1 437 228
232 332 498 1 382 510
233 458 175 1 502 188
234 364 503 1 413 515
235 216 824 1 274 833
236 64 1120 1 133 1116
237 368 1083 1 427 1085
238 192 496 1 242 511
239 102 869 1 164 877
240 565 841 1 615 842
241 192 913 1 251 921
242 26 388 1 80 406
243 316 1225 1 378 1235
244 165 450 1 216 466
245 449 906 1 504 913
246 399 503 1 448 514
247 378 1211 1 439 1217
248 477 1052 1 534 1055
249 33 1105 1 100 1108
250 92 1067 1 157 1073
251 167 515 1 219 531
252 154 1137 1 219 1140
253 440 822 1 495 829
254 99 387 1 150 405
255 100 820 1 160 830
256 438 226 1 483 238
257 117 996 1 180 1001
258 171 144 1 216 163
259 334 155 1 378 171
260 35 480 1 90 497
261 315 350 1 362 365
262 421 969 1 478 976
263 190 1232 1 253 1241
264 186 385 1 236 401
265 371 745 1 424 755
266 136 738 1 193 751
267 338 380 1 386 393
268 67 1188 1 134 1189
269 230 690 1 285 702
270 420 301 1 465 313
271 116 862 1 177 870
272 137 1135 1 202 1139
273 398 372 1 445 384
274 447 320 1 493 331
275 313 247 1 359 262
276 315 380 1 362 393
277 329 510 1 378 522
278 170 578 1 223 593
279 42 1012 1 108 1017
280 177 742 1 232 754
281 314 362 1 362 376
282 449 860 1 504 867
283 397 876 1 453 883
284 373 179 1 416 194
285 356 328 1 403 341
286 129 497 1 181 513
287 380 166 1 424 180
288 220 590 1 272 605
289 100 846 1 161 856
290 317 492 1 366 505
291 336 350 1 383 363
292 355 926 1 412 933
293 74 1029 1 139 1034
294 365 894 1 421 902
295 469 174 1 512 187
296 245 105 1 289 123
297 337 369 1 385 382
298 53 980 1 118 986
299 437 213 1 482 226
300 314 265 1 360 280
301 387 492 1 435 503
302 479 757 1 532 764
303 231 747 1 286 758
304 348 1103 1 408 1110
305 396 771 1 448 780
306 518 1161 1 572 1148
307 335 254 1 381 268
308 125 1126 1 189 1129
309 399 996 1 457 1002
310 179 95 1 224 116
311 152 895 1 213 903
312 201 712 1 257 724
313 286 743 1 341 755
314 30 898 1 92 908
315 448 234 1 493 247
316 434 328 1 481 339
317 342 876 1 397 884
318 316 511 1 366 523
319 364 68 1 404 85
320 71 81 1 118 105
321 139 533 1 192 549
322 189 120 1 235 139
323 135 859 1 195 867
324 396 1120 1 457 1127
325 351 1250 1 413 1260
326 83 1216 1 151 1217
327 459 411 1 506 421
328 56 894 1 117 903
329 411 974 1 468 981
330 333 266 1 379 280
331 47 870 1 110 878
332 202 915 1 262 924
333 155 867 1 215 875
334 435 899 1 490 905
335 47 999 1 111 1007
336 118 920 1 178 930
337 75 900 1 136 910
338 341 1180 1 403 1189
339 78 828 1 139 839
340 83 1107 1 149 1110
341 418 866 1 474 873
342 374 544 1 424 555
343 313 1189 1 374 1199
344 289 1253 1 351 1260
345 26 1119 1 94 1123
346 152 166 1 198 186
347 118 800 1 179 810
348 138 1123 1 202 1128
349 375 559 1 425 569
350 423 889 1 479 896
351 221 779 1 277 790
352 176 830 1 235 839
353 96 1097 1 160 1101
354 393 819 1 448 827
355 47 1034 1 113 1038
356 37 947 1 102 954
357 106 1074 1 170 1078
358 430 708 1 483 718
359 484 787 1 537 793
360 124 930 1 185 940
361 345 566 1 396 576
362 352 620 1 403 631
363 250 761 1 305 773
364 391 1057 1 450 1060
365 463 217 1 507 230
366 245 835 1 302 844
367 555 1210 1 609 1192
368 131 836 1 191 845
369 217 911 1 276 920
370 37 876 1 100 886
371 142 880 1 202 889
372 68 809 1 129 820
373 240 364 1 288 380
374 481 484 1 529 495
375 65 793 1 127 803
376 87 1034 1 150 1042
377 265 1227 1 328 1235
378 447 710 1 500 719
379 242 711 1 297 724
380 128 335 1 177 354
381 136 771 1 194 782
382 220 1242 1 283 1251
383 122 231 1 170 250
384 346 951 1 403 959
385 410 207 1 455 221
386 139 795 1 198 805
387 438 931 1 493 937
388 389 476 1 438 488
389 447 961 1 503 967
390 420 788 1 474 796
391 438 833 1 492 840
392 216 792 1 274 801
393 143 594 1 197 609
394 438 235 1 483 248
395 489 768 1 542 774
396 357 632 1 409 643
397 128 135 1 174 155
398 85 931 1 145 939
399 52 1148 1 120 1150
400 430 849 1 486 856
401 392 922 1 449 928
402 145 870 1 205 879
403 312 935 1 370 945
404 278 751 1 332 762
405 128 980 1 191 987
406 373 449 1 421 461
407 187 764 1 243 775
408 438 475 1 487 485
409 494 820 1 548 826
410 527 708 1 577 715
411 443 554 1 493 564
412 271 1212 1 332 1222
413 392 252 1 438 266
414 399 1229 1 460 1235
415 113 1004 1 176 1013
416 336 238 1 381 252
417 134 543 1 187 559
418 32 987 1 97 993
419 131 914 1 192 923
420 246 199 1 292 217
421 190 450 1 241 465
422 133 677 1 188 691
423 226 710 1 281 721
424 196 779 1 255 787
425 89 1053 1 152 1059
426 115 846 1 175 855
427 171 995 1 233 1001
428 269 1141 1 332 1143
429 105 1167 1 171 1170
430 374 507 1 424 518
431 438 290 1 483 302
432 378 829 1 433 837
433 480 1101 1 538 1105
434 466 695 1 519 703
435 400 984 1 457 991
436 35 866 1 99 875
437 402 1021 1 460 1028
438 211 697 1 266 708
439 336 165 1 380 181
440 370 208 1 415 222
441 252 1234 1 314 1244
442 467 749 1 520 756
443 488 1089 1 546 1091
444 448 871 1 503 878
445 385 182 1 429 197
446 300 873 1 357 882
447 201 805 1 259 815
448 190 1215 1 253 1223
449 190 827 1 249 836
450 311 165 1 355 181
451 446 416 1 493 427
452 388 311 1 435 324
453 165 479 1 216 495
454 350 1031 1 409 1035
455 117 904 1 176 913
456 346 579 1 397 590
457 293 1225 1 355 1235
458 433 789 1 486 796
459 160 348 1 208 366
460 387 344 1 434 356
461 334 130 1 377 147
462 203 165 1 249 183
463 167 1100 1 230 1103
464 221 807 1 278 816
465 432 155 1 474 169
466 451 459 1 499 469
467 68 851 1 129 861
468 452 473 1 500 484
469 74 839 1 135 849
470 190 73 1 235 95
471 241 390 1 289 405
472 395 804 1 449 812
473 55 1044 1 121 1048
474 150 857 1 209 866
475 142 1177 1 207 1179
476 183 841 1 242 850
477 186 817 1 244 827
478 324 160 1 368 175
479 245 806 1 302 815
480 185 712 1 241 724
481 120 895 1 181 904
482 410 1080 1 469 1086
483 49 953 1 114 959
484 274 1252 1 336 1259
485 449 497 1 497 507
486 175 668 1 230 682
487 206 815 1 264 823
488 502 790 1 554 796
489 383 683 1 436 693
490 93 88 1 139 111
491 422 1068 1 480 1070
492 135 905 1 195 913
493 381 1185 1 441 1193
494 224 891 1 282 899
495 423 506 1 473 516
496 384 757 1 438 766
497 446 395 1 493 406
498 439 264 1 484 276
499 195 479 1 246 494
500 272 670 1 325 682
501 142 1108 1 205 1114
502 449 332 1 495 343
503 89 898 1 151 906
504 103 809 1 163 819
505 218 605 1 271 618
506 405 743 1 459 753
507 228 910 1 285 918
508 247 589 1 299 602
509 212 838 1 269 848
510 372 314 1 418 327
511 334 1052 1 394 1056
512 647 625 1 686 630
513 342 1229 1 403 1236
514 227 818 1 284 827
515 172 628 1 225 641
516 376 1195 1 437 1203
517 431 859 1 487 866
518 353 881 1 409 888
519 40 907 1 105 914
520 240 407 1 289 422
521 443 153 1 486 167
522 99 899 1 160 907
523 49 880 1 111 889
524 195 86 1 239 107
525 394 958 1 451 966
526 420 848 1 475 855
527 404 753 1 457 762
528 156 147 1 202 167
529 51 1075 1 118 1079
530 360 514 1 409 527
531 222 880 1 279 888
532 134 124 1 180 145
533 124 479 1 176 495
534 261 812 1 317 821
535 141 279 1 189 298
536 213 105 1 258 124
537 310 876 1 367 884
538 240 351 1 287 367
539 357 115 1 399 130
540 71 881 1 133 890
541 270 1200 1 332 1208
542 52 856 1 113 866
543 72 997 1 136 1005
544 254 831 1 311 840
545 93 1222 1 160 1223
546 400 942 1 457 949
547 241 1159 1 303 1161
548 452 213 1 496 227
549 190 129 1 236 149
550 124 433 1 176 450
551 235 767 1 289 777
552 211 334 1 259 351
553 109 818 1 170 828
554 239 327 1 286 344
555 523 684 1 573 691
556 175 785 1 233 795
557 343 451 1 392 463
558 178 1254 1 242 1260
559 396 1172 1 456 1179
560 259 1203 1 320 1213
561 72 1096 1 140 1098
562 586 943 1 636 940
563 346 599 1 396 610
564 135 956 1 195 965
565 392 888 1 449 895
566 327 379 1 375 392
567 315 446 1 364 459
568 535 1190 1 589 1173
569 358 1110 1 418 1119
570 140 1093 1 203 1096
571 298 980 1 357 988
572 337 1065 1 396 1074
573 112 831 1 173 840
574 203 303 1 251 321
575 440 428 1 488 439
576 410 894 1 466 901
577 242 781 1 297 792
578 109 787 1 169 797
579 170 956 1 231 964
580 326 368 1 374 382
581 62 1236 1 130 1237
582 81 1070 1 146 1075
583 149 684 1 205 697
584 519 454 1 567 467
585 246 851 1 303 861
586 41 846 1 103 856
587 416 1188 1 477 1194
588 359 914 1 416 921
589 377 1106 1 438 1118
590 382 970 1 440 977
591 136 449 1 187 467
592 59 996 1 123 1002
593 162 1020 1 224 1028
594 188 142 1 233 161
595 135 478 1 187 494
596 432 979 1 489 986
597 178 797 1 237 806
598 434 391 1 481 402
599 519 893 1 573 897
600 285 872 1 342 881
601 442 920 1 498 926
602 343 1212 1 405 1221
603 169 882 1 228 892
604 179 436 1 230 452
605 377 1255 1 438 1263
606 149 606 1 202 620
607 473 193 1 516 205
608 122 791 1 181 800
609 423 1113 1 482 1119
610 42 1023 1 109 1027
611 109 1190 1 175 1192
612 143 1188 1 208 1190
613 186 882 1 246 889
614 239 824 1 295 833
615 162 923 1 223 930
616 127 939 1 187 949
617 224 1096 1 287 1100
618 161 1221 1 224 1230
619 132 103 1 177 125
620 487 1113 1 545 1116
621 397 344 1 444 356
622 276 763 1 331 775
623 356 987 1 414 997
624 376 1226 1 437 1232
625 439 888 1 493 895
626 182 861 1 241 869
627 198 1020 1 257 1030
628 81 1138 1 149 1140
