0 419 214 1 484 208
1 409 267 1 474 261
2 405 468 1 471 461
3 409 285 1 474 278
4 318 588 1 386 580
5 28 1094 1 106 1074
6 368 1234 1 439 1219
7 353 1031 1 424 1022
8 433 582 1 500 575
9 215 120 1 280 118
10 414 313 1 479 306
11 385 268 1 450 262
12 113 1122 1 188 1102
13 334 957 1 403 944
14 386 284 1 452 278
15 110 278 1 177 277
16 272 137 1 337 134
17 252 229 1 317 227
18 390 1168 1 461 1154
19 437 562 1 505 554
20 210 234 1 276 233
21 412 739 1 480 729
22 407 361 1 473 355
23 196 192 1 262 190
24 181 129 1 248 127
25 402 209 1 467 204
26 443 510 1 509 502
27 253 211 1 318 209
28 461 1116 1 529 1102
29 322 569 1 390 562
30 461 828 1 529 817
31 234 334 1 301 331
32 420 825 1 488 814
33 477 821 1 545 811
34 198 130 1 264 128
35 204 505 1 273 499
36 421 625 1 490 617
37 436 1080 1 505 1065
38 380 767 1 449 758
39 404 387 1 470 380
40 179 207 1 245 205
41 426 655 1 494 647
42 112 1049 1 188 1032
43 485 791 1 551 780
44 235 176 1 300 172
45 182 919 1 254 907
46 148 1066 1 222 1049
47 402 486 1 468 479
48 237 219 1 302 218
49 478 811 1 545 801
50 379 332 1 446 327
51 273 162 1 338 158
52 318 578 1 387 570
53 392 1149 1 462 1136
54 152 1103 1 225 1090
55 459 582 1 525 574
56 151 133 1 218 130
57 203 283 1 269 280
58 399 1003 1 468 992
59 436 643 1 505 635
60 371 647 1 440 639
61 107 194 1 175 192
62 118 346 1 186 343
63 110 295 1 179 293
64 438 824 1 506 813
65 137 611 1 207 605
66 444 205 1 508 199
67 157 868 1 230 856
68 83 942 1 158 928
69 437 394 1 503 387
70 437 602 1 505 593
71 465 817 1 532 805
72 429 215 1 494 209
73 371 658 1 440 650
74 342 81 1 405 77
75 99 978 1 174 965
76 212 180 1 278 177
77 211 146 1 276 143
78 457 602 1 524 594
79 380 807 1 448 797
80 126 1052 1 200 1035
81 307 634 1 375 627
82 89 1151 1 166 1131
83 389 211 1 454 205
84 395 588 1 463 579
85 163 267 1 230 264
86 349 111 1 413 107
87 313 155 1 378 151
88 520 1215 1 579 1180
89 421 521 1 488 514
90 77 991 1 151 976
91 147 828 1 219 817
92 170 429 1 239 424
93 238 261 1 304 257
94 100 1156 1 177 1136
95 105 429 1 175 426
96 466 784 1 533 774
97 334 983 1 404 972
98 301 578 1 369 571
99 131 888 1 204 876
100 267 1241 1 341 1229
101 163 243 1 230 241
102 59 930 1 134 918
103 70 1109 1 147 1089
104 407 974 1 475 963
105 361 1020 1 431 1012
106 372 178 1 437 172
107 382 467 1 449 460
108 394 469 1 461 462
109 166 376 1 234 373
110 367 466 1 434 459
111 137 269 1 205 267
112 395 1106 1 465 1093
113 387 296 1 453 290
114 167 362 1 235 358
115 382 985 1 452 973
116 381 1051 1 450 1036
117 150 557 1 220 552
118 243 441 1 311 436
119 213 606 1 282 599
120 24 986 1 102 968
121 104 1037 1 178 1023
122 48 1092 1 125 1074
123 235 146 1 300 143
124 407 820 1 475 809
125 90 898 1 165 885
126 399 198 1 465 193
127 227 716 1 297 708
128 34 1109 1 113 1090
129 83 119 1 150 120
130 26 1139 1 104 1118
131 134 1064 1 210 1047
132 221 327 1 288 324
133 153 144 1 218 143
134 211 265 1 278 261
135 143 429 1 212 424
136 109 395 1 177 392
137 244 429 1 311 424
138 235 158 1 300 155
139 370 759 1 438 751
140 213 621 1 283 614
141 381 314 1 447 308
142 142 382 1 211 379
143 208 494 1 276 491
144 346 1020 1 416 1011
145 237 249 1 304 244
146 178 558 1 247 552
147 37 1132 1 114 1113
148 224 222 1 291 220
149 400 1014 1 469 1002
150 43 1219 1 122 1196
151 354 613 1 422 605
152 184 905 1 257 893
153 108 464 1 177 460
154 438 659 1 506 650
155 343 328 1 409 322
156 62 821 1 137 809
157 426 815 1 493 804
158 440 573 1 508 565
159 422 469 1 488 462
160 148 513 1 218 508
161 168 911 1 239 900
162 229 643 1 298 635
163 185 139 1 250 136
164 421 636 1 489 629
165 443 361 1 509 354
166 445 991 1 513 979
167 613 1097 1 670 1069
168 211 159 1 276 157
169 143 400 1 211 396
170 181 643 1 251 636
171 358 1101 1 428 1084
172 291 168 1 357 163
173 169 946 1 242 933
174 382 488 1 449 482
175 63 834 1 138 822
176 374 139 1 438 134
177 28 1122 1 110 1102
178 379 253 1 444 247
179 171 727 1 241 719
180 53 1222 1 131 1200
181 379 200 1 444 195
182 119 335 1 188 332
183 37 985 1 114 971
184 138 290 1 206 288
185 301 589 1 369 582
186 165 290 1 232 287
187 169 1255 1 242 1239
188 406 674 1 474 666
189 421 179 1 486 173
190 439 837 1 506 825
191 212 246 1 278 243
192 433 790 1 501 780
193 120 923 1 194 910
194 208 804 1 278 795
195 105 1137 1 180 1118
196 175 530 1 245 526
197 220 429 1 288 424
198 59 1108 1 136 1090
199 117 529 1 187 525
200 179 593 1 249 587
201 418 577 1 485 570
202 403 1034 1 472 1022
203 327 502 1 394 497
204 403 697 1 471 689
205 179 929 1 251 918
206 423 355 1 489 348
207 70 102 1 138 103
208 406 773 1 474 763
209 48 932 1 123 920
210 147 446 1 215 443
211 604 1077 1 662 1053
212 135 245 1 202 243
213 442 848 1 510 838
214 407 831 1 476 820
215 158 665 1 229 658
216 391 308 1 457 302
217 430 713 1 498 704
218 90 331 1 159 329
219 352 890 1 421 880
220 434 771 1 503 761
221 412 179 1 476 173
222 293 248 1 360 244
223 452 773 1 519 763
224 325 626 1 394 618
225 326 558 1 395 550
226 401 220 1 466 214
227 255 643 1 324 635
228 95 556 1 166 551
229 231 685 1 301 677
230 331 645 1 400 637
231 373 291 1 439 285
232 372 226 1 438 220
233 315 511 1 383 504
234 438 187 1 504 180
235 347 515 1 414 509
236 202 840 1 273 830
237 49 1144 1 129 1119
238 174 511 1 243 506
239 87 888 1 162 875
240 556 856 1 618 841
241 80 1028 1 156 1012
242 308 1242 1 380 1231
243 147 465 1 216 461
244 438 921 1 506 910
245 382 515 1 450 508
246 469 1069 1 536 1054
247 391 1085 1 462 1075
248 115 1111 1 190 1092
249 79 1090 1 156 1072
250 149 530 1 219 525
251 143 1160 1 218 1140
252 428 836 1 496 826
253 79 402 1 149 399
254 84 839 1 159 827
255 419 237 1 484 231
256 104 1018 1 178 1000
257 150 159 1 216 156
258 314 168 1 378 163
259 188 873 1 260 862
260 296 363 1 363 358
261 410 984 1 480 972
262 167 399 1 236 395
263 357 759 1 425 750
264 121 754 1 193 746
265 319 393 1 386 386
266 214 705 1 285 697
267 57 901 1 131 888
268 401 313 1 466 307
269 56 912 1 131 900
270 59 1146 1 138 1123
271 380 384 1 446 378
272 70 1133 1 148 1110
273 428 331 1 494 325
274 176 795 1 249 785
275 293 260 1 360 255
276 296 393 1 363 387
277 312 523 1 379 517
278 153 593 1 223 588
279 27 1035 1 105 1017
280 162 758 1 232 749
281 295 375 1 362 370
282 437 874 1 506 864
283 171 1055 1 244 1042
284 385 891 1 455 880
285 352 192 1 417 186
286 337 340 1 404 334
287 111 512 1 181 508
288 360 178 1 424 173
289 203 605 1 272 600
290 299 506 1 367 499
291 317 363 1 384 357
292 343 942 1 413 930
293 128 898 1 202 886
294 353 910 1 422 898
295 272 1226 1 345 1211
296 449 186 1 513 179
297 224 118 1 289 115
298 319 382 1 386 376
299 38 1002 1 116 985
300 417 224 1 483 219
301 294 278 1 361 273
302 370 505 1 436 498
303 467 770 1 534 760
304 216 762 1 286 754
305 382 785 1 450 776
306 316 266 1 382 261
307 117 1190 1 193 1177
308 388 1011 1 458 999
309 515 1188 1 575 1156
310 157 109 1 224 108
311 138 914 1 212 901
312 272 758 1 342 750
313 34 1021 1 111 1006
314 428 246 1 494 240
315 416 339 1 482 332
316 329 892 1 398 881
317 299 525 1 367 518
318 49 95 1 116 97
319 121 548 1 192 544
320 168 134 1 235 132
321 120 878 1 193 865
322 387 1137 1 458 1124
323 33 959 1 110 945
324 97 886 1 172 873
325 70 1243 1 149 1218
326 441 422 1 507 415
327 40 914 1 116 900
328 400 989 1 469 978
329 314 278 1 380 273
330 141 885 1 214 873
331 424 914 1 491 902
332 104 939 1 178 926
333 82 1042 1 155 1027
334 332 1197 1 404 1185
335 62 847 1 138 836
336 58 859 1 133 846
337 407 880 1 475 869
338 358 557 1 425 550
339 304 1206 1 376 1194
340 96 952 1 168 939
341 131 180 1 198 179
342 102 819 1 177 808
343 96 966 1 170 953
344 126 1146 1 201 1127
345 358 571 1 426 563
346 412 905 1 480 893
347 67 908 1 141 895
348 207 795 1 277 786
349 161 848 1 234 836
350 83 1120 1 159 1101
351 381 834 1 449 823
352 32 1057 1 110 1038
353 197 855 1 269 844
354 137 1121 1 212 1102
355 94 1096 1 169 1078
356 415 721 1 484 713
357 472 801 1 539 790
358 111 949 1 185 937
359 328 579 1 397 571
360 434 1090 1 503 1074
361 336 634 1 404 626
362 235 776 1 306 768
363 382 1075 1 452 1059
364 443 228 1 508 222
365 231 851 1 302 841
366 555 1238 1 613 1203
367 116 854 1 189 842
368 205 927 1 276 917
369 190 934 1 262 921
370 52 828 1 128 817
371 221 377 1 288 373
372 465 495 1 531 488
373 48 812 1 124 801
374 74 1056 1 149 1040
375 257 1246 1 329 1232
376 433 723 1 501 714
377 227 726 1 297 719
378 108 350 1 176 348
379 121 788 1 193 779
380 102 246 1 170 243
381 334 967 1 404 956
382 390 220 1 456 214
383 123 813 1 196 802
384 206 825 1 278 813
385 426 946 1 495 934
386 380 1112 1 451 1100
387 371 488 1 439 481
388 436 976 1 505 964
389 407 803 1 475 792
390 425 848 1 494 837
391 126 610 1 197 604
392 419 247 1 484 241
393 477 781 1 544 770
394 342 645 1 410 637
395 107 150 1 174 148
396 69 950 1 144 937
397 419 863 1 487 852
398 381 937 1 450 926
399 300 951 1 371 940
400 264 765 1 334 757
401 355 461 1 422 455
402 171 781 1 243 771
403 421 487 1 488 479
404 483 833 1 550 823
405 515 720 1 579 711
406 427 566 1 494 558
407 262 1230 1 334 1218
408 373 264 1 439 258
409 392 1247 1 462 1233
410 112 1149 1 187 1131
411 316 251 1 381 245
412 117 559 1 187 553
413 29 1045 1 106 1027
414 117 933 1 191 920
415 225 211 1 292 209
416 172 464 1 241 459
417 117 693 1 189 686
418 210 725 1 281 717
419 54 1212 1 132 1190
420 76 1075 1 151 1058
421 81 1182 1 157 1162
422 158 1016 1 232 1000
423 260 1162 1 332 1143
424 94 1191 1 170 1170
425 357 519 1 425 512
426 419 302 1 485 295
427 365 844 1 434 834
428 472 1117 1 540 1104
429 452 708 1 520 699
430 389 1000 1 459 988
431 392 1036 1 461 1025
432 196 712 1 266 704
433 315 178 1 380 174
434 350 220 1 415 215
435 242 1253 1 316 1240
436 454 763 1 522 752
437 480 1106 1 548 1091
438 437 885 1 505 874
439 365 195 1 430 189
440 288 890 1 358 879
441 181 1235 1 254 1220
442 176 844 1 248 833
443 290 178 1 355 173
444 428 428 1 494 421
445 369 324 1 436 318
446 146 494 1 216 489
447 339 1049 1 410 1034
448 102 923 1 176 910
449 329 593 1 398 585
450 284 1243 1 357 1231
451 180 808 1 252 797
452 421 803 1 488 793
453 140 362 1 208 359
454 369 356 1 435 350
455 313 143 1 378 139
456 183 179 1 249 176
457 155 1122 1 230 1103
458 411 167 1 475 161
459 434 470 1 501 463
460 52 871 1 127 858
461 435 485 1 501 478
462 189 214 1 256 213
463 168 87 1 234 87
464 222 403 1 289 399
465 382 818 1 450 808
466 135 876 1 208 863
467 117 989 1 190 973
468 168 860 1 241 847
469 172 834 1 243 823
470 303 173 1 368 168
471 231 822 1 302 811
472 186 797 1 257 787
473 420 197 1 484 191
474 106 914 1 180 901
475 401 1096 1 471 1083
476 368 1214 1 439 1200
477 432 509 1 499 501
478 159 684 1 231 677
479 192 832 1 263 821
480 490 803 1 556 793
481 52 1006 1 129 988
482 369 696 1 437 688
483 412 1085 1 481 1069
484 85 1169 1 162 1149
485 372 1202 1 443 1190
486 210 908 1 282 897
487 406 518 1 474 511
488 371 772 1 439 762
489 427 407 1 494 399
490 419 276 1 485 269
491 199 913 1 270 902
492 177 494 1 246 489
493 256 685 1 325 677
494 130 1131 1 205 1113
495 430 343 1 496 336
496 375 112 1 440 107
497 605 316 1 659 316
498 432 200 1 497 194
499 87 828 1 161 816
500 202 620 1 271 613
501 391 756 1 461 748
502 215 927 1 286 915
503 230 604 1 299 597
504 353 326 1 419 320
505 323 1071 1 395 1055
506 640 637 1 693 626
507 423 587 1 490 578
508 213 835 1 284 824
509 155 643 1 226 636
510 187 724 1 257 716
511 118 842 1 191 831
512 420 873 1 488 862
513 286 961 1 356 949
514 341 897 1 410 885
515 25 928 1 102 913
516 222 421 1 289 416
517 422 165 1 487 159
518 83 918 1 158 905
519 33 900 1 109 887
520 216 283 1 282 279
521 173 100 1 238 99
522 383 973 1 453 962
523 408 862 1 476 852
524 390 767 1 458 757
525 135 161 1 202 159
526 37 1100 1 115 1079
527 343 527 1 410 521
528 98 864 1 171 853
529 208 897 1 279 885
530 113 138 1 180 137
531 106 494 1 176 489
532 247 828 1 318 818
533 121 293 1 189 291
534 192 119 1 258 117
535 297 892 1 367 881
536 220 365 1 287 361
537 336 128 1 400 123
538 261 1218 1 333 1205
539 36 876 1 112 864
540 59 1019 1 134 1003
541 241 848 1 311 837
542 379 1232 1 450 1217
543 389 958 1 458 946
544 231 1181 1 303 1161
545 432 225 1 497 219
546 527 722 1 591 712
547 169 143 1 235 142
548 106 448 1 175 444
549 220 783 1 290 773
550 191 348 1 259 344
551 93 837 1 168 825
552 220 340 1 286 337
553 510 696 1 576 687
554 160 802 1 232 792
555 326 464 1 393 457
556 197 900 1 268 889
557 388 1189 1 458 1176
558 249 1220 1 322 1208
559 188 822 1 259 812
560 580 961 1 640 942
561 329 612 1 397 605
562 122 975 1 195 962
563 381 903 1 450 892
564 308 392 1 376 386
565 133 770 1 205 760
566 297 459 1 365 453
567 534 1218 1 593 1183
568 348 1126 1 420 1115
569 127 1114 1 202 1096
570 287 996 1 358 985
571 97 850 1 171 838
572 183 316 1 251 314
573 422 439 1 489 432
574 398 910 1 467 898
575 593 593 1 650 584
576 227 797 1 298 788
577 93 804 1 167 794
578 138 855 1 211 844
579 308 381 1 375 375
580 503 465 1 569 460
581 233 867 1 304 857
582 25 866 1 101 853
583 409 1204 1 479 1191
584 348 930 1 417 918
585 368 1122 1 440 1114
586 95 875 1 169 862
587 371 985 1 441 974
588 117 464 1 187 461
589 44 1017 1 121 1001
590 149 1040 1 223 1026
591 166 156 1 233 153
592 117 493 1 187 488
593 422 994 1 491 982
594 163 815 1 236 803
595 416 402 1 482 396
596 509 908 1 576 895
597 272 889 1 343 878
598 220 915 1 291 903
599 431 935 1 499 923
600 335 1229 1 407 1217
601 155 900 1 228 889
602 160 450 1 229 446
603 132 621 1 203 615
604 453 204 1 517 197
605 106 809 1 179 797
606 414 1129 1 484 1116
607 449 216 1 514 209
608 293 982 1 363 969
609 131 1213 1 207 1191
610 83 801 1 157 791
611 224 841 1 295 829
612 148 942 1 222 928
613 49 1181 1 126 1164
614 585 604 1 642 595
615 185 768 1 256 758
616 213 1118 1 287 1100
617 69 925 1 143 912
618 169 926 1 241 913
619 152 1241 1 225 1226
620 111 117 1 176 118
621 479 1130 1 547 1115
622 378 356 1 445 350
623 262 778 1 332 770
624 345 1002 1 416 992
625 368 1244 1 439 1229
626 427 903 1 495 891
627 419 452 1 485 444
628 167 878 1 240 866
629 186 1038 1 258 1026
630 69 1163 1 147 1141
