0 440 170 1 490 183
1 430 224 1 479 238
2 425 429 1 476 441
3 429 242 1 479 255
4 336 551 1 391 563
5 371 995 1 429 1006
6 123 1100 1 188 1101
7 454 546 1 506 557
8 232 74 1 282 92
9 434 271 1 485 284
10 405 224 1 455 238
11 350 928 1 409 934
12 406 242 1 457 255
13 125 236 1 178 255
14 289 89 1 339 108
15 268 183 1 320 201
16 407 1139 1 468 1146
17 458 525 1 511 535
18 225 188 1 277 207
19 432 704 1 487 713
20 428 320 1 478 333
21 212 148 1 263 165
22 197 84 1 249 103
23 423 164 1 472 179
24 464 472 1 516 482
25 269 164 1 320 183
26 480 1093 1 538 1097
27 340 532 1 394 544
28 482 799 1 538 805
29 250 291 1 303 307
30 440 796 1 496 803
31 499 792 1 554 799
32 385 1203 1 446 1210
33 214 83 1 265 102
34 161 1041 1 224 1045
35 410 1121 1 469 1127
36 222 467 1 276 480
37 442 589 1 496 600
38 80 1086 1 145 1088
39 424 347 1 476 359
40 195 163 1 247 181
41 446 619 1 501 629
42 154 1129 1 217 1134
43 506 762 1 561 768
44 251 132 1 302 148
45 422 448 1 474 459
46 253 173 1 304 191
47 500 782 1 555 789
48 399 290 1 450 305
49 291 115 1 341 133
50 337 541 1 391 552
51 169 844 1 230 848
52 480 546 1 533 555
53 167 87 1 219 106
54 417 974 1 475 981
55 457 608 1 511 618
56 391 611 1 445 622
57 122 150 1 175 169
58 133 305 1 187 323
59 125 253 1 179 271
60 67 1087 1 134 1088
61 153 574 1 210 588
62 465 159 1 514 173
63 32 962 1 98 965
64 458 354 1 509 366
65 43 1089 1 110 1089
66 458 566 1 512 575
67 25 915 1 88 926
68 486 788 1 541 793
69 269 1213 1 332 1223
70 450 171 1 499 185
71 391 622 1 446 633
72 458 795 1 514 801
73 200 935 1 259 944
74 228 135 1 279 153
75 227 100 1 277 118
76 478 566 1 532 576
77 399 777 1 455 785
78 326 598 1 380 610
79 115 1090 1 180 1091
80 409 166 1 459 180
81 414 551 1 468 560
82 74 818 1 136 826
83 179 224 1 231 241
84 368 62 1 417 80
85 112 1238 1 176 1247
86 457 805 1 514 813
87 332 108 1 381 125
88 464 536 1 516 547
89 441 483 1 494 495
90 31 1075 1 96 1079
91 159 798 1 219 806
92 186 389 1 241 404
93 255 218 1 307 234
94 121 390 1 176 407
95 487 754 1 542 761
96 320 541 1 374 554
97 114 1128 1 178 1130
98 179 200 1 231 218
99 248 773 1 305 784
100 379 984 1 437 995
101 393 132 1 442 147
102 402 428 1 454 440
103 414 430 1 467 442
104 183 336 1 236 352
105 386 427 1 439 439
106 43 1067 1 108 1070
107 153 227 1 206 245
108 413 1077 1 472 1084
109 407 253 1 457 267
110 184 321 1 237 337
111 400 954 1 458 961
112 167 520 1 222 534
113 261 402 1 314 416
114 230 569 1 286 582
115 199 92 1 251 111
116 142 854 1 203 862
117 251 100 1 302 118
118 427 790 1 483 797
119 252 121 1 303 139
120 666 630 1 709 631
121 245 680 1 301 692
122 293 75 1 342 92
123 96 72 1 149 94
124 547 1228 1 601 1206
125 236 284 1 290 301
126 44 1145 1 108 1152
127 168 98 1 219 118
128 159 389 1 214 405
129 124 355 1 179 372
130 262 390 1 314 404
131 252 112 1 303 130
132 142 1105 1 206 1109
133 231 584 1 286 596
134 401 272 1 452 286
135 558 1217 1 612 1195
136 158 341 1 212 358
137 224 456 1 277 472
138 364 984 1 422 995
139 41 862 1 105 869
140 255 205 1 306 221
141 195 520 1 250 534
142 141 1207 1 205 1208
143 240 176 1 292 194
144 418 985 1 476 992
145 373 576 1 427 587
146 333 118 1 383 135
147 124 425 1 179 441
148 458 623 1 512 633
149 362 286 1 413 300
150 167 1006 1 228 1008
151 86 1073 1 150 1076
152 145 834 1 206 842
153 445 785 1 501 792
154 44 922 1 109 927
155 442 431 1 494 442
156 165 474 1 220 490
157 150 774 1 211 782
158 247 607 1 302 619
159 441 601 1 495 612
160 146 723 1 206 733
161 464 319 1 515 332
162 464 962 1 521 968
163 647 1107 1 698 1090
164 227 114 1 278 132
165 424 944 1 482 953
166 159 360 1 213 376
167 199 607 1 255 620
168 310 122 1 360 139
169 455 1056 1 514 1060
170 402 449 1 455 461
171 67 789 1 130 797
172 394 93 1 443 108
173 460 124 1 509 138
174 399 210 1 449 224
175 398 155 1 448 170
176 135 294 1 189 311
177 62 1126 1 129 1127
178 47 961 1 112 965
179 154 248 1 207 266
180 319 552 1 373 564
181 181 248 1 233 265
182 228 222 1 280 238
183 412 722 1 467 732
184 71 799 1 134 807
185 426 639 1 480 649
186 442 134 1 492 148
187 80 989 1 145 992
188 227 203 1 279 220
189 453 761 1 509 767
190 94 810 1 157 818
191 133 874 1 194 881
192 192 492 1 247 507
193 237 390 1 290 404
194 398 1029 1 458 1031
195 133 491 1 188 506
196 196 556 1 252 570
197 438 541 1 491 552
198 422 1005 1 479 1012
199 344 464 1 399 477
200 423 662 1 477 673
201 444 314 1 495 326
202 82 54 1 136 76
203 426 743 1 482 750
204 236 748 1 293 759
205 163 407 1 217 423
206 637 1083 1 688 1069
207 150 202 1 203 220
208 463 819 1 518 826
209 427 801 1 483 808
210 175 629 1 232 642
211 411 266 1 462 279
212 245 763 1 301 774
213 191 770 1 251 775
214 88 1121 1 154 1122
215 450 678 1 505 688
216 105 291 1 160 308
217 370 861 1 427 869
218 455 741 1 511 748
219 433 133 1 481 147
220 152 856 1 212 863
221 312 205 1 363 220
222 473 743 1 528 750
223 76 1213 1 144 1212
224 344 589 1 398 601
225 345 520 1 399 532
226 421 176 1 471 190
227 273 606 1 327 618
228 111 518 1 168 533
229 159 1022 1 221 1029
230 92 1015 1 156 1020
231 142 937 1 203 945
232 350 609 1 405 620
233 408 1017 1 467 1023
234 185 814 1 244 822
235 393 249 1 444 262
236 392 182 1 442 196
237 334 473 1 387 486
238 460 141 1 509 155
239 366 478 1 419 490
240 43 875 1 106 882
241 190 473 1 245 487
242 201 779 1 260 788
243 584 838 1 636 837
244 157 725 1 216 735
245 546 1239 1 602 1214
246 194 734 1 253 743
247 163 426 1 217 442
248 457 893 1 514 899
249 402 477 1 455 489
250 42 1056 1 107 1060
251 251 783 1 308 793
252 489 1048 1 546 1050
253 103 1152 1 168 1155
254 166 492 1 222 507
255 98 1178 1 161 1184
256 448 807 1 504 814
257 47 980 1 112 982
258 94 362 1 150 379
259 119 907 1 180 915
260 439 193 1 489 207
261 165 114 1 217 132
262 213 789 1 270 799
263 39 933 1 103 940
264 219 238 1 270 256
265 314 323 1 366 337
266 429 954 1 487 961
267 150 1040 1 216 1037
268 182 359 1 238 375
269 184 87 1 236 107
270 398 1231 1 460 1237
271 338 352 1 390 366
272 232 669 1 289 681
273 421 271 1 471 284
274 133 895 1 195 901
275 400 344 1 451 357
276 97 799 1 160 806
277 449 290 1 500 302
278 41 1030 1 107 1032
279 312 217 1 363 232
280 315 352 1 367 366
281 331 486 1 384 498
282 170 556 1 226 571
283 27 987 1 92 991
284 314 335 1 366 349
285 457 845 1 514 852
286 404 862 1 461 869
287 98 861 1 161 867
288 46 1111 1 113 1110
289 372 146 1 421 161
290 357 299 1 408 313
291 127 474 1 183 490
292 379 132 1 429 148
293 220 568 1 275 582
294 360 1246 1 422 1257
295 318 467 1 371 480
296 336 322 1 388 335
297 361 913 1 419 920
298 52 857 1 115 864
299 165 884 1 226 892
300 82 930 1 144 938
301 371 881 1 428 888
302 129 1113 1 193 1116
303 470 140 1 519 154
304 240 72 1 291 90
305 337 341 1 390 355
306 438 180 1 488 194
307 313 235 1 364 250
308 389 466 1 442 478
309 214 1239 1 276 1248
310 488 740 1 543 747
311 293 1194 1 355 1204
312 401 755 1 456 763
313 165 911 1 226 919
314 335 223 1 385 238
315 44 1005 1 108 1010
316 541 1205 1 596 1184
317 171 60 1 224 81
318 142 846 1 203 853
319 45 996 1 109 1000
320 450 202 1 499 216
321 436 298 1 487 310
322 37 887 1 98 897
323 58 932 1 122 938
324 347 863 1 404 870
325 318 487 1 371 499
326 60 46 1 114 69
327 138 510 1 194 526
328 405 1108 1 466 1115
329 386 1082 1 444 1086
330 110 857 1 171 865
331 462 382 1 514 394
332 126 1024 1 188 1027
333 30 1065 1 96 1069
334 333 235 1 383 250
335 91 992 1 155 995
336 268 1197 1 330 1207
337 443 885 1 499 891
338 325 1205 1 386 1216
339 177 724 1 235 735
340 350 1162 1 411 1171
341 96 1044 1 160 1049
342 69 830 1 131 837
343 426 851 1 483 858
344 377 520 1 431 531
345 321 1171 1 382 1180
346 26 1119 1 93 1121
347 109 1110 1 174 1113
348 146 135 1 199 155
349 172 1070 1 235 1073
350 26 931 1 90 938
351 377 535 1 431 545
352 221 813 1 279 822
353 430 876 1 488 882
354 399 804 1 456 811
355 26 1110 1 93 1111
356 360 33 1 408 49
357 149 662 1 206 674
358 111 1066 1 175 1070
359 396 1091 1 455 1099
360 47 892 1 109 901
361 501 1072 1 560 1076
362 435 687 1 490 697
363 493 772 1 549 778
364 27 998 1 93 1003
365 347 542 1 401 553
366 355 598 1 409 609
367 253 739 1 311 752
368 400 1054 1 459 1055
369 464 184 1 514 197
370 253 721 1 309 733
371 130 1239 1 194 1246
372 168 1050 1 231 1054
373 60 1230 1 127 1229
374 164 865 1 224 874
375 36 901 1 100 909
376 63 800 1 125 807
377 238 337 1 290 353
378 487 457 1 539 468
379 58 783 1 121 791
380 183 912 1 244 918
381 356 951 1 414 958
382 453 688 1 508 698
383 245 691 1 301 703
384 123 309 1 177 327
385 133 758 1 193 767
386 117 203 1 170 221
387 114 1174 1 177 1177
388 411 175 1 461 189
389 28 1129 1 97 1132
390 131 905 1 192 911
391 446 918 1 503 924
392 398 1082 1 457 1090
393 391 449 1 444 461
394 455 947 1 513 953
395 427 773 1 482 780
396 224 772 1 282 780
397 445 818 1 502 825
398 141 572 1 199 587
399 439 203 1 489 217
400 498 751 1 553 757
401 360 609 1 415 620
402 121 104 1 174 124
403 438 834 1 495 841
404 399 909 1 457 915
405 326 1238 1 387 1248
406 318 917 1 377 927
407 101 781 1 164 788
408 106 847 1 168 854
409 375 422 1 427 435
410 442 448 1 494 460
411 504 805 1 560 811
412 539 690 1 591 697
413 447 529 1 500 540
414 54 1197 1 121 1197
415 29 1099 1 97 1100
416 393 221 1 443 235
417 40 65 1 96 89
418 335 207 1 385 222
419 133 521 1 189 536
420 241 165 1 293 183
421 189 426 1 243 440
422 140 1142 1 205 1142
423 223 867 1 282 875
424 252 828 1 310 837
425 420 154 1 470 168
426 170 994 1 233 996
427 274 1142 1 336 1143
428 28 457 1 88 473
429 376 481 1 430 493
430 440 259 1 490 272
431 384 815 1 440 822
432 491 1095 1 549 1099
433 473 675 1 528 684
434 407 971 1 466 978
435 199 789 1 258 798
436 410 1007 1 468 1014
437 169 1090 1 232 1093
438 285 1232 1 348 1239
439 334 133 1 384 149
440 369 175 1 419 191
441 475 733 1 530 739
442 500 1085 1 558 1087
443 456 856 1 513 863
444 385 149 1 434 164
445 305 861 1 363 868
446 461 97 1 510 112
447 436 1014 1 494 1019
448 410 1216 1 471 1223
449 308 132 1 358 149
450 355 900 1 413 911
451 448 388 1 500 400
452 389 282 1 440 295
453 163 456 1 218 471
454 355 1026 1 416 1030
455 348 556 1 402 567
456 63 905 1 127 912
457 277 1194 1 340 1204
458 440 774 1 495 781
459 156 321 1 210 339
460 328 1216 1 389 1225
461 388 314 1 440 328
462 332 97 1 381 113
463 198 133 1 250 152
464 137 948 1 198 955
465 432 121 1 480 136
466 136 1179 1 200 1182
467 558 1237 1 612 1216
468 455 432 1 507 443
469 62 842 1 125 849
470 456 447 1 508 458
471 203 167 1 256 186
472 183 37 1 234 59
473 239 363 1 292 379
474 401 788 1 457 796
475 206 769 1 264 777
476 321 127 1 372 143
477 62 1067 1 127 1070
478 120 861 1 182 868
479 441 151 1 490 166
480 118 886 1 180 892
481 155 886 1 216 893
482 385 1183 1 446 1190
483 66 872 1 130 879
484 452 471 1 505 482
485 177 648 1 233 661
486 512 774 1 566 781
487 198 859 1 256 871
488 103 1034 1 166 1038
489 387 660 1 442 671
490 160 1139 1 223 1140
491 108 809 1 170 816
492 66 942 1 129 948
493 427 480 1 480 492
494 140 825 1 201 832
495 448 366 1 500 378
496 418 1029 1 478 1032
497 440 232 1 491 246
498 216 883 1 274 891
499 194 455 1 248 470
500 274 649 1 330 661
501 208 1011 1 268 1016
502 62 1076 1 128 1079
503 446 58 1 494 74
504 451 302 1 502 314
505 396 63 1 445 80
506 644 261 1 684 277
507 453 155 1 502 169
508 395 1070 1 453 1072
509 385 1243 1 447 1250
510 220 583 1 275 596
511 109 1004 1 171 1010
512 230 733 1 288 743
513 248 567 1 303 580
514 372 285 1 423 298
515 184 896 1 244 903
516 684 612 1 725 613
517 443 550 1 496 560
518 192 1243 1 254 1250
519 172 607 1 228 620
520 203 689 1 260 700
521 349 1215 1 411 1225
522 131 812 1 191 820
523 439 844 1 496 851
524 303 928 1 361 937
525 358 868 1 416 875
526 389 1172 1 449 1179
527 239 381 1 292 396
528 443 119 1 492 134
529 119 1007 1 182 1012
530 232 240 1 284 256
531 104 1189 1 168 1194
532 204 802 1 263 810
533 187 51 1 239 72
534 402 943 1 459 951
535 427 833 1 484 840
536 150 116 1 202 135
537 270 781 1 327 792
538 367 1059 1 426 1062
539 32 844 1 96 851
540 127 92 1 180 112
541 122 456 1 177 471
542 264 797 1 321 805
543 137 252 1 190 269
544 208 72 1 259 91
545 314 863 1 372 871
546 228 896 1 289 904
547 28 862 1 93 869
548 238 324 1 289 340
549 355 80 1 404 97
550 46 848 1 109 855
551 398 721 1 454 732
552 257 817 1 315 825
553 395 1202 1 457 1209
554 408 930 1 465 937
555 245 1160 1 307 1161
556 453 181 1 503 195
557 552 694 1 604 699
558 184 97 1 236 116
559 122 409 1 177 424
560 266 1182 1 328 1190
561 126 917 1 187 926
562 28 977 1 95 979
563 120 811 1 181 819
564 535 666 1 587 673
565 345 425 1 397 437
566 412 1149 1 472 1157
567 210 306 1 261 323
568 350 1111 1 411 1113
569 611 954 1 662 947
570 348 576 1 402 588
571 399 875 1 457 881
572 327 352 1 379 365
573 145 738 1 205 748
574 316 421 1 369 434
575 186 780 1 245 789
576 54 1009 1 118 1014
577 186 803 1 245 811
578 198 273 1 251 290
579 443 400 1 495 412
580 417 881 1 474 888
581 628 562 1 673 567
582 109 940 1 171 947
583 133 659 1 190 672
584 151 826 1 212 834
585 326 341 1 379 354
586 150 1141 1 214 1143
587 458 109 1 507 124
588 220 897 1 280 905
589 527 426 1 579 438
590 70 930 1 132 937
591 366 901 1 423 907
592 71 807 1 134 815
593 58 968 1 123 971
594 278 857 1 336 865
595 389 955 1 448 962
596 133 426 1 188 442
597 182 110 1 234 129
598 134 455 1 189 470
599 440 966 1 498 972
600 437 363 1 488 375
601 532 884 1 587 887
602 288 860 1 347 867
603 236 883 1 295 892
604 450 906 1 507 913
605 352 1193 1 413 1203
606 315 736 1 370 746
607 174 403 1 229 418
608 149 585 1 205 598
609 474 158 1 523 172
610 141 1072 1 204 1075
611 432 1101 1 492 1107
612 470 170 1 520 184
613 309 950 1 368 958
614 143 1193 1 208 1193
615 94 771 1 155 779
616 241 810 1 299 818
617 399 1169 1 459 1176
618 618 573 1 664 578
619 150 962 1 211 969
620 227 1097 1 290 1098
621 225 886 1 285 895
622 370 156 1 420 171
623 124 69 1 176 92
624 499 1108 1 557 1111
625 398 314 1 449 328
626 280 743 1 336 754
627 363 966 1 422 977
628 243 1204 1 304 1213
629 447 874 1 503 881
630 439 412 1 491 424
631 221 734 1 279 745
632 195 678 1 252 690
633 91 894 1 155 897
634 32 943 1 97 949
