0 444 161 1 490 182
1 434 216 1 480 236
2 428 422 1 477 440
3 433 234 1 480 253
4 339 544 1 391 561
5 371 988 1 430 1005
6 124 1092 1 188 1101
7 456 539 1 506 555
8 236 65 1 282 91
9 438 263 1 485 282
10 409 216 1 455 237
11 352 921 1 409 934
12 410 234 1 457 254
13 128 227 1 178 253
14 293 80 1 339 106
15 272 174 1 319 199
16 461 518 1 511 534
17 229 179 1 277 205
18 434 698 1 487 712
19 431 312 1 479 331
20 216 139 1 263 164
21 455 1053 1 514 1060
22 427 156 1 472 178
23 467 465 1 516 481
24 273 156 1 320 181
25 480 1087 1 539 1096
26 343 524 1 394 542
27 484 793 1 538 804
28 254 282 1 303 306
29 442 789 1 496 802
30 501 786 1 555 798
31 384 1196 1 446 1210
32 218 74 1 265 100
33 161 1034 1 223 1044
34 409 1115 1 470 1127
35 224 459 1 276 479
36 444 582 1 496 598
37 80 1079 1 145 1088
38 428 339 1 476 358
39 198 154 1 247 179
40 449 613 1 501 628
41 154 1122 1 216 1134
42 508 756 1 561 767
43 256 123 1 302 147
44 425 441 1 474 458
45 257 164 1 304 189
46 502 776 1 555 788
47 403 283 1 451 303
48 295 106 1 341 131
49 340 533 1 392 551
50 170 836 1 230 847
51 483 539 1 533 554
52 171 77 1 219 104
53 459 601 1 511 617
54 393 603 1 446 620
55 125 141 1 175 167
56 136 297 1 187 321
57 129 245 1 179 269
58 68 1079 1 134 1088
59 156 566 1 210 587
60 470 151 1 515 172
61 33 954 1 97 965
62 462 346 1 509 364
63 44 1081 1 110 1090
64 461 559 1 512 574
65 26 907 1 88 925
66 488 782 1 541 792
67 269 1206 1 332 1222
68 454 163 1 499 183
69 393 615 1 446 632
70 460 789 1 514 800
71 200 927 1 259 943
72 232 126 1 279 151
73 231 91 1 277 116
74 481 560 1 532 574
75 400 771 1 455 784
76 328 591 1 380 609
77 115 1082 1 180 1091
78 414 158 1 459 179
79 417 544 1 468 559
80 75 810 1 136 825
81 182 215 1 231 240
82 373 53 1 417 78
83 112 1229 1 176 1246
84 459 799 1 514 812
85 336 100 1 381 123
86 467 529 1 516 545
87 444 476 1 495 493
88 32 1068 1 96 1079
89 160 791 1 219 806
90 189 381 1 241 403
91 259 209 1 307 232
92 124 381 1 176 405
93 490 748 1 542 760
94 323 534 1 374 552
95 114 1120 1 178 1130
96 183 191 1 231 216
97 249 766 1 305 783
98 379 977 1 437 994
99 397 124 1 442 146
100 405 420 1 454 439
101 418 423 1 467 441
102 186 327 1 236 350
103 389 420 1 439 438
104 43 1059 1 108 1070
105 156 218 1 206 243
106 411 245 1 458 265
107 187 313 1 237 336
108 401 947 1 459 961
109 170 512 1 223 533
110 264 394 1 314 415
111 233 562 1 286 581
112 203 83 1 251 109
113 143 846 1 202 861
114 256 91 1 302 116
115 429 784 1 483 797
116 257 112 1 303 137
117 671 625 1 710 630
118 247 673 1 302 690
119 297 66 1 342 90
120 100 62 1 149 92
121 548 1227 1 602 1209
122 140 1202 1 205 1208
123 240 276 1 289 299
124 45 1137 1 108 1151
125 172 89 1 219 116
126 162 381 1 214 403
127 127 347 1 178 371
128 265 382 1 315 402
129 256 103 1 303 128
130 143 1098 1 206 1108
131 234 576 1 287 595
132 405 265 1 452 284
133 559 1216 1 613 1198
134 162 333 1 212 357
135 226 448 1 277 470
136 364 977 1 422 994
137 42 854 1 105 869
138 259 197 1 306 220
139 197 512 1 250 533
140 244 167 1 292 192
141 419 978 1 477 991
142 375 569 1 427 586
143 338 109 1 383 133
144 127 417 1 179 440
145 461 617 1 513 632
146 366 278 1 413 298
147 167 998 1 228 1008
148 86 1065 1 150 1076
149 146 827 1 205 842
150 447 779 1 502 791
151 45 914 1 109 926
152 445 424 1 494 441
153 168 466 1 220 489
154 152 767 1 210 781
155 249 599 1 302 617
156 443 594 1 495 610
157 147 715 1 205 732
158 468 312 1 515 330
159 465 955 1 522 968
160 649 1105 1 699 1092
161 231 105 1 278 130
162 425 938 1 483 952
163 162 352 1 213 375
164 201 599 1 255 618
165 314 114 1 360 137
166 405 442 1 455 460
167 68 781 1 129 796
168 399 84 1 443 106
169 465 115 1 510 136
170 403 202 1 449 222
171 185 876 1 242 891
172 403 146 1 449 168
173 138 285 1 189 310
174 62 1118 1 128 1127
175 48 953 1 111 965
176 157 239 1 207 264
177 322 545 1 373 563
178 184 239 1 233 263
179 232 213 1 280 237
180 414 715 1 467 731
181 72 791 1 134 806
182 428 632 1 480 648
183 447 126 1 492 146
184 81 982 1 145 991
185 231 195 1 279 218
186 455 755 1 510 766
187 95 803 1 156 817
188 134 866 1 194 880
189 195 484 1 247 506
190 240 381 1 291 403
191 398 1023 1 458 1031
192 136 483 1 188 505
193 199 548 1 252 569
194 441 534 1 492 550
195 422 999 1 479 1011
196 347 457 1 399 476
197 425 656 1 477 672
198 448 306 1 495 325
199 86 44 1 136 74
200 428 736 1 482 749
201 237 740 1 294 758
202 166 399 1 217 422
203 639 1080 1 689 1070
204 154 193 1 203 218
205 464 813 1 518 825
206 429 795 1 483 808
207 177 621 1 232 640
208 415 259 1 463 278
209 246 756 1 302 773
210 192 762 1 250 774
211 88 1114 1 153 1122
212 452 672 1 505 687
213 108 282 1 160 306
214 372 855 1 428 868
215 457 735 1 511 747
216 437 125 1 481 146
217 153 848 1 212 862
218 316 196 1 363 219
219 475 737 1 528 749
220 76 1205 1 143 1212
221 347 582 1 399 599
222 348 513 1 400 530
223 426 168 1 471 188
224 275 599 1 328 617
225 114 510 1 168 532
226 160 1014 1 221 1028
227 92 1008 1 156 1020
228 142 930 1 203 944
229 352 602 1 405 619
230 409 1010 1 468 1022
231 186 807 1 244 821
232 397 241 1 444 261
233 396 174 1 442 195
234 336 466 1 387 484
235 465 133 1 509 153
236 369 470 1 419 488
237 44 867 1 106 882
238 193 464 1 245 486
239 203 771 1 260 787
240 587 834 1 636 837
241 159 717 1 216 734
242 547 1237 1 603 1217
243 196 727 1 253 742
244 166 418 1 217 440
245 459 887 1 514 898
246 405 470 1 455 487
247 43 1048 1 107 1060
248 253 776 1 308 792
249 490 1042 1 547 1050
250 103 1144 1 168 1155
251 169 484 1 222 506
252 98 1170 1 161 1183
253 450 801 1 504 813
254 48 973 1 111 982
255 97 354 1 150 378
256 89 941 1 152 951
257 120 899 1 180 915
258 444 185 1 489 205
259 169 104 1 217 131
260 215 782 1 271 798
261 40 926 1 103 939
262 222 229 1 270 254
263 318 315 1 367 335
264 151 1033 1 216 1038
265 185 351 1 238 373
266 188 78 1 236 105
267 398 1224 1 460 1237
268 342 344 1 391 364
269 234 661 1 289 679
270 425 263 1 471 283
271 134 887 1 194 901
272 49 882 1 109 900
273 403 336 1 451 355
274 98 791 1 159 806
275 453 282 1 500 301
276 41 1023 1 107 1032
277 316 209 1 363 231
278 318 345 1 367 365
279 334 478 1 384 496
280 173 548 1 226 569
281 27 979 1 92 991
282 317 327 1 366 347
283 458 839 1 514 851
284 406 856 1 462 868
285 99 853 1 160 866
286 46 1103 1 112 1110
287 376 137 1 421 159
288 360 291 1 408 311
289 129 466 1 183 488
290 384 124 1 429 146
291 223 561 1 276 581
292 360 1238 1 423 1256
293 321 460 1 371 479
294 340 314 1 388 334
295 362 907 1 419 920
296 53 849 1 114 864
297 166 877 1 226 891
298 83 923 1 144 937
299 372 875 1 428 887
300 129 1106 1 193 1116
301 475 132 1 519 152
302 244 62 1 291 88
303 341 333 1 390 353
304 443 172 1 489 193
305 317 227 1 364 248
306 392 459 1 442 477
307 214 1231 1 276 1247
308 490 734 1 543 746
309 293 1186 1 355 1203
310 403 748 1 456 762
311 166 903 1 226 918
312 339 215 1 386 236
313 44 997 1 108 1010
314 542 1203 1 597 1186
315 176 51 1 224 79
316 143 838 1 203 853
317 45 988 1 109 1000
318 454 194 1 500 214
319 440 290 1 487 309
320 413 1071 1 472 1083
321 38 879 1 98 896
322 58 924 1 121 938
323 348 857 1 404 870
324 321 479 1 371 498
325 63 35 1 114 67
326 140 502 1 194 524
327 405 1102 1 466 1114
328 386 1074 1 444 1085
329 111 850 1 171 864
330 466 376 1 514 393
331 126 1016 1 188 1027
332 31 1057 1 95 1068
333 336 228 1 383 249
334 92 984 1 154 995
335 268 1189 1 330 1206
336 444 879 1 499 891
337 110 996 1 171 1010
338 324 1198 1 387 1215
339 179 716 1 235 734
340 349 1154 1 411 1170
341 97 1036 1 159 1049
342 70 822 1 131 837
343 427 845 1 483 857
344 380 512 1 431 530
345 321 1163 1 382 1179
346 26 1112 1 92 1121
347 110 1103 1 174 1113
348 150 126 1 199 153
349 172 1062 1 235 1073
350 26 923 1 90 937
351 380 527 1 432 544
352 222 806 1 279 821
353 432 870 1 488 881
354 401 798 1 456 811
355 364 24 1 408 47
356 151 654 1 206 673
357 111 1059 1 175 1070
358 396 1085 1 455 1099
359 501 1067 1 560 1075
360 437 680 1 491 695
361 495 765 1 549 777
362 27 990 1 92 1003
363 350 535 1 402 551
364 357 591 1 409 608
365 255 731 1 311 750
366 400 1048 1 459 1055
367 469 175 1 515 196
368 131 1231 1 194 1245
369 59 1222 1 127 1229
370 166 858 1 224 873
371 37 894 1 99 908
372 64 792 1 125 807
373 241 329 1 291 351
374 491 450 1 539 467
375 59 775 1 120 790
376 184 904 1 244 917
377 356 943 1 414 957
378 455 681 1 508 697
379 247 684 1 302 702
380 126 301 1 177 325
381 135 750 1 193 766
382 120 194 1 170 220
383 415 167 1 461 188
384 28 1122 1 96 1132
385 132 898 1 192 911
386 426 951 1 482 964
387 447 911 1 503 923
388 398 1076 1 458 1089
389 394 442 1 444 460
390 456 941 1 513 953
391 429 767 1 483 780
392 225 765 1 282 779
393 447 811 1 502 824
394 144 564 1 199 586
395 444 195 1 489 215
396 501 745 1 553 757
397 363 602 1 416 619
398 125 95 1 174 122
399 440 828 1 495 840
400 401 902 1 457 915
401 325 1231 1 387 1247
402 319 910 1 377 926
403 103 773 1 163 787
404 107 839 1 168 853
405 378 415 1 427 434
406 445 441 1 494 458
407 506 799 1 560 810
408 541 684 1 591 696
409 450 522 1 501 539
410 54 1189 1 120 1198
411 29 1091 1 96 1100
412 397 213 1 443 233
413 44 55 1 96 87
414 339 199 1 385 221
415 136 513 1 189 535
416 245 156 1 293 181
417 192 418 1 243 439
418 141 1134 1 205 1142
419 224 859 1 282 874
420 254 821 1 310 836
421 424 146 1 470 167
422 170 987 1 232 996
423 275 1136 1 336 1143
424 31 448 1 87 472
425 379 474 1 430 492
426 444 252 1 490 270
427 386 808 1 440 821
428 491 1089 1 550 1098
429 475 669 1 528 683
430 408 964 1 466 977
431 201 781 1 258 797
432 68 1044 1 132 1057
433 170 1083 1 232 1093
434 285 1224 1 348 1239
435 338 125 1 384 148
436 374 167 1 420 189
437 477 727 1 531 738
438 501 1079 1 559 1087
439 458 851 1 513 862
440 389 141 1 434 163
441 306 854 1 363 867
442 466 89 1 510 110
443 437 1008 1 495 1019
444 409 1209 1 471 1222
445 312 124 1 358 147
446 356 893 1 413 910
447 452 381 1 500 399
448 393 274 1 441 294
449 166 448 1 218 469
450 356 1020 1 416 1029
451 351 548 1 403 566
452 64 897 1 127 911
453 277 1187 1 340 1203
454 442 768 1 496 780
455 159 313 1 210 337
456 328 1208 1 390 1224
457 392 307 1 440 327
458 337 88 1 381 111
459 202 124 1 250 150
460 137 940 1 198 954
461 116 964 1 178 975
462 437 113 1 481 134
463 136 1172 1 200 1182
464 559 1235 1 613 1219
465 458 425 1 507 442
466 63 834 1 125 849
467 459 440 1 508 456
468 207 158 1 256 184
469 187 28 1 234 57
470 242 355 1 292 377
471 403 782 1 457 795
472 435 940 1 492 951
473 207 762 1 264 776
474 326 119 1 372 141
475 62 1059 1 126 1070
476 121 853 1 182 868
477 445 143 1 490 164
478 119 878 1 180 892
479 156 879 1 216 893
480 385 1175 1 446 1189
481 67 864 1 129 879
482 456 464 1 505 480
483 179 640 1 233 660
484 514 768 1 567 780
485 200 851 1 256 870
486 103 1026 1 165 1038
487 390 653 1 443 670
488 160 1131 1 223 1140
489 109 801 1 169 816
490 66 934 1 129 948
491 430 473 1 480 490
492 141 817 1 200 831
493 452 359 1 500 377
494 445 225 1 491 244
495 196 447 1 248 468
496 276 641 1 330 660
497 209 1004 1 268 1015
498 63 1069 1 127 1079
499 451 49 1 495 72
500 455 294 1 502 313
501 401 55 1 445 78
502 650 253 1 685 275
503 458 147 1 502 167
504 395 1063 1 454 1072
505 385 1236 1 447 1250
506 222 575 1 275 594
507 195 895 1 254 908
508 232 726 1 288 742
509 250 560 1 303 578
510 376 277 1 424 297
511 185 888 1 244 903
512 689 607 1 726 612
513 446 543 1 497 559
514 191 1235 1 255 1250
515 174 599 1 229 618
516 205 681 1 260 699
517 349 1207 1 412 1224
518 132 805 1 191 820
519 441 837 1 496 850
520 304 921 1 361 936
521 360 862 1 416 874
522 389 1164 1 450 1178
523 242 373 1 292 394
524 448 111 1 492 132
525 120 999 1 182 1012
526 236 231 1 284 255
527 104 1180 1 168 1193
528 205 794 1 263 810
529 191 41 1 239 70
530 403 936 1 460 950
531 428 826 1 484 839
532 154 107 1 202 133
533 271 773 1 327 791
534 367 1052 1 426 1062
535 33 836 1 95 851
536 131 82 1 179 110
537 125 447 1 177 470
538 265 789 1 321 804
539 140 242 1 190 268
540 212 63 1 259 89
541 315 856 1 372 870
542 229 889 1 289 903
543 30 854 1 92 869
544 241 316 1 290 338
545 360 71 1 404 95
546 47 840 1 109 855
547 400 715 1 454 731
548 258 810 1 315 824
549 395 1195 1 457 1208
550 408 924 1 465 936
551 245 1154 1 307 1161
552 457 173 1 503 193
553 555 688 1 604 698
554 189 88 1 236 115
555 124 401 1 177 423
556 266 1174 1 328 1189
557 127 909 1 187 925
558 29 969 1 94 979
559 121 804 1 181 819
560 537 660 1 587 672
561 348 417 1 398 436
562 412 1142 1 472 1156
563 213 298 1 261 322
564 350 1105 1 411 1113
565 613 950 1 663 948
566 351 569 1 402 586
567 400 868 1 457 881
568 330 344 1 380 364
569 146 731 1 204 747
570 319 413 1 369 432
571 187 773 1 245 788
572 54 1002 1 118 1013
573 201 265 1 251 289
574 447 393 1 495 410
575 407 1000 1 469 1014
576 419 875 1 475 887
577 633 556 1 674 566
578 110 932 1 171 946
579 135 651 1 190 671
580 152 819 1 211 833
581 330 333 1 379 353
582 150 1134 1 214 1143
583 463 101 1 507 122
584 222 889 1 280 904
585 531 419 1 579 436
586 71 922 1 132 937
587 367 895 1 424 907
588 72 799 1 133 815
589 58 960 1 122 971
590 280 850 1 336 864
591 390 948 1 448 962
592 136 417 1 188 441
593 186 101 1 234 127
594 136 447 1 189 468
595 441 959 1 499 971
596 439 354 1 488 373
597 533 878 1 588 887
598 290 853 1 347 867
599 237 876 1 295 891
600 451 900 1 507 912
601 352 1186 1 414 1202
602 317 729 1 371 745
603 177 395 1 229 417
604 151 577 1 205 597
605 479 150 1 524 170
606 141 1064 1 204 1075
607 432 1094 1 492 1107
608 475 162 1 520 182
609 143 1187 1 208 1193
610 95 763 1 155 779
611 242 803 1 299 817
612 399 1162 1 460 1176
613 623 568 1 665 577
614 151 954 1 211 968
615 227 1090 1 290 1098
616 227 879 1 285 894
617 374 148 1 420 170
618 128 59 1 176 90
619 500 1102 1 558 1110
620 402 307 1 450 326
621 282 736 1 337 753
622 364 959 1 422 976
623 243 1196 1 305 1212
624 448 868 1 503 880
625 443 405 1 491 423
626 223 726 1 279 744
627 197 671 1 252 689
628 91 886 1 155 897
629 33 936 1 96 948
