0 422 172 1 492 169
1 411 226 1 482 224
2 401 433 1 479 430
3 410 244 1 482 241
4 310 554 1 393 553
5 337 1000 1 433 997
6 428 551 1 509 547
7 215 70 1 282 77
8 415 273 1 488 271
9 386 226 1 458 225
10 317 937 1 412 930
11 387 243 1 459 242
12 103 231 1 178 242
13 272 87 1 340 92
14 249 179 1 320 186
15 81 1113 1 187 1104
16 433 530 1 515 525
17 205 183 1 277 192
18 404 710 1 490 705
19 406 322 1 481 320
20 193 144 1 264 151
21 405 166 1 475 165
22 440 476 1 519 471
23 250 160 1 321 167
24 446 1108 1 544 1096
25 314 534 1 397 533
26 453 809 1 543 800
27 228 288 1 304 294
28 411 805 1 500 797
29 470 802 1 560 794
30 196 79 1 265 87
31 122 1052 1 224 1045
32 374 1132 1 473 1123
33 196 466 1 277 469
34 416 594 1 499 590
35 403 349 1 479 347
36 175 159 1 247 167
37 420 624 1 504 620
38 478 772 1 566 762
39 133 848 1 229 845
40 233 129 1 303 134
41 398 451 1 477 448
42 233 168 1 304 176
43 127 1015 1 228 1007
44 471 792 1 560 784
45 378 292 1 453 292
46 349 1216 1 450 1207
47 273 112 1 342 117
48 311 543 1 394 542
49 75 1042 1 178 1037
50 456 552 1 537 546
51 148 81 1 219 91
52 431 613 1 515 608
53 364 614 1 448 612
54 101 144 1 175 155
55 110 301 1 187 311
56 103 248 1 179 258
57 125 573 1 211 578
58 448 162 1 517 159
59 390 994 1 480 987
60 437 357 1 512 354
61 207 831 1 301 829
62 433 571 1 516 565
63 446 80 1 513 77
64 457 797 1 546 788
65 203 670 1 291 672
66 80 993 1 183 986
67 432 173 1 502 170
68 364 626 1 449 623
69 67 1153 1 174 1143
70 191 770 1 282 769
71 209 96 1 278 103
72 453 572 1 536 566
73 369 786 1 459 779
74 197 455 1 278 461
75 299 601 1 382 600
76 74 1102 1 179 1093
77 391 167 1 461 166
78 350 1092 1 448 1083
79 389 555 1 471 550
80 158 220 1 232 228
81 383 984 1 478 977
82 352 61 1 418 64
83 427 815 1 518 807
84 315 107 1 383 110
85 78 1053 1 182 1046
86 439 541 1 520 537
87 417 487 1 498 484
88 124 804 1 218 802
89 162 387 1 241 393
90 235 215 1 308 221
91 96 386 1 176 395
92 460 764 1 547 756
93 153 891 1 250 886
94 294 543 1 376 543
95 159 196 1 232 204
96 209 132 1 280 139
97 179 793 1 272 792
98 345 988 1 441 986
99 375 133 1 444 133
100 378 430 1 457 429
101 391 433 1 470 431
102 159 333 1 237 340
103 363 429 1 442 428
104 131 222 1 206 232
105 387 255 1 460 253
106 161 318 1 238 325
107 367 962 1 462 956
108 139 518 1 223 524
109 237 401 1 315 405
110 203 570 1 287 572
111 181 87 1 251 96
112 162 939 1 261 937
113 96 919 1 193 918
114 234 97 1 303 103
115 397 799 1 487 792
116 234 118 1 304 124
117 654 648 1 727 630
118 56 851 1 153 850
119 275 72 1 343 77
120 77 63 1 148 79
121 102 1115 1 206 1108
122 232 1221 1 335 1216
123 163 852 1 258 849
124 214 281 1 290 287
125 150 92 1 219 103
126 134 386 1 214 394
127 99 351 1 179 361
128 238 389 1 316 392
129 234 109 1 303 115
130 203 585 1 288 587
131 381 274 1 455 273
132 134 338 1 213 347
133 330 989 1 425 986
134 44 1085 1 149 1077
135 235 203 1 307 208
136 168 519 1 251 524
137 220 171 1 292 179
138 52 1148 1 159 1137
139 119 892 1 216 889
140 347 580 1 430 577
141 107 851 1 203 849
142 316 117 1 385 120
143 98 422 1 179 430
144 431 629 1 516 624
145 341 287 1 416 287
146 313 1220 1 415 1217
147 71 865 1 170 862
148 416 795 1 506 787
149 216 775 1 307 775
150 419 434 1 497 431
151 95 899 1 194 898
152 138 473 1 221 479
153 68 855 1 166 851
154 115 780 1 209 778
155 219 608 1 304 609
156 219 785 1 310 785
157 414 606 1 498 602
158 323 903 1 416 902
159 444 323 1 518 319
160 432 972 1 526 964
161 625 1148 1 715 1112
162 209 110 1 279 117
163 30 803 1 127 802
164 135 357 1 214 365
165 170 607 1 256 610
166 103 995 1 204 990
167 289 117 1 358 121
168 166 33 1 234 43
169 378 452 1 458 450
170 29 793 1 127 793
171 378 93 1 445 93
172 444 126 1 512 123
173 380 211 1 451 210
174 391 956 1 486 948
175 113 1138 1 218 1132
176 381 156 1 451 155
177 112 290 1 189 299
178 132 244 1 207 253
179 292 554 1 375 554
180 159 244 1 234 252
181 207 218 1 281 225
182 383 726 1 470 723
183 80 765 1 176 765
184 160 356 1 239 363
185 399 643 1 483 639
186 425 136 1 494 133
187 54 1084 1 160 1074
188 206 200 1 280 206
189 425 770 1 514 762
190 371 764 1 460 757
191 96 879 1 194 877
192 166 491 1 248 497
193 213 388 1 292 393
194 454 61 1 520 59
195 106 489 1 189 496
196 169 556 1 253 560
197 36 815 1 134 814
198 412 545 1 495 541
199 388 1015 1 483 1007
200 319 466 1 401 466
201 395 667 1 480 664
202 423 317 1 498 313
203 357 1043 1 454 1037
204 63 44 1 135 60
205 97 855 1 194 852
206 397 751 1 485 744
207 136 871 1 234 865
208 138 405 1 218 412
209 613 1119 1 703 1087
210 130 197 1 203 207
211 432 829 1 522 820
212 397 810 1 487 803
213 146 629 1 233 632
214 392 268 1 465 266
215 155 796 1 247 794
216 158 774 1 250 771
217 422 684 1 508 679
218 82 286 1 160 296
219 339 870 1 431 864
220 426 750 1 515 742
221 416 135 1 484 133
222 68 1112 1 174 1103
223 293 204 1 364 207
224 445 752 1 532 744
225 317 592 1 401 591
226 320 523 1 402 521
227 404 177 1 474 175
228 245 608 1 330 608
229 83 516 1 168 523
230 117 957 1 216 953
231 31 934 1 132 933
232 322 612 1 407 611
233 374 1026 1 471 1019
234 174 754 1 265 753
235 374 250 1 446 249
236 374 183 1 444 182
237 309 475 1 389 475
238 443 143 1 512 140
239 342 480 1 422 479
240 90 986 1 192 979
241 99 1156 1 205 1145
242 164 471 1 246 477
243 128 954 1 227 948
244 560 858 1 646 840
245 82 804 1 178 803
246 367 1044 1 462 1032
247 161 738 1 253 737
248 137 424 1 218 431
249 427 903 1 518 894
250 377 481 1 458 478
251 456 1063 1 552 1050
252 429 804 1 518 796
253 139 491 1 223 497
254 418 816 1 508 808
255 235 1234 1 338 1228
256 69 358 1 150 368
257 93 783 1 186 784
258 421 195 1 492 193
259 147 108 1 217 118
260 340 1253 1 443 1248
261 197 234 1 270 242
262 292 323 1 368 325
263 48 955 1 150 951
264 166 82 1 236 92
265 361 1242 1 464 1234
266 316 353 1 393 354
267 45 1134 1 152 1124
268 24 66 1 96 83
269 216 693 1 303 694
270 106 732 1 200 732
271 401 273 1 474 271
272 126 979 1 226 973
273 24 1008 1 128 1000
274 443 89 1 510 87
275 378 346 1 454 344
276 60 803 1 157 803
277 429 292 1 503 289
278 48 1206 1 156 1199
279 292 216 1 365 219
280 292 353 1 369 354
281 305 487 1 386 487
282 142 555 1 227 561
283 292 335 1 368 337
284 427 855 1 518 847
285 224 278 1 299 285
286 373 871 1 465 864
287 61 865 1 159 864
288 185 781 1 276 780
289 354 146 1 423 147
290 336 300 1 410 300
291 100 471 1 183 479
292 362 133 1 431 133
293 193 569 1 277 572
294 323 1253 1 426 1249
295 293 469 1 373 469
296 314 322 1 390 323
297 328 922 1 422 916
298 29 878 1 128 876
299 150 820 1 244 817
300 339 890 1 431 883
301 453 142 1 522 139
302 223 68 1 291 75
303 315 342 1 392 343
304 420 182 1 491 180
305 179 818 1 272 817
306 293 234 1 366 237
307 364 469 1 445 467
308 461 749 1 548 741
309 256 1200 1 358 1196
310 42 935 1 143 934
311 239 1200 1 343 1197
312 315 223 1 387 225
313 94 817 1 190 816
314 154 54 1 224 65
315 359 727 1 448 724
316 115 833 1 210 831
317 55 1052 1 159 1047
318 431 205 1 502 202
319 192 892 1 286 889
320 416 301 1 490 298
321 378 1088 1 476 1080
322 43 1032 1 147 1025
323 314 872 1 406 866
324 292 488 1 373 488
325 40 35 1 112 53
326 110 509 1 195 516
327 460 74 1 527 70
328 370 1119 1 469 1111
329 126 1025 1 227 1018
330 387 1078 1 485 1068
331 440 386 1 517 382
332 144 724 1 236 727
333 45 1245 1 154 1238
334 125 1227 1 230 1224
335 312 235 1 385 237
336 230 1203 1 333 1199
337 412 895 1 503 887
338 157 911 1 254 906
339 163 950 1 261 947
340 287 1212 1 390 1208
341 102 657 1 191 663
342 313 1168 1 414 1164
343 130 718 1 221 720
344 103 1051 1 204 1044
345 38 999 1 143 993
346 395 860 1 487 853
347 352 523 1 433 521
348 284 1177 1 386 1173
349 150 736 1 242 736
350 127 130 1 199 141
351 352 538 1 434 535
352 399 885 1 492 877
353 118 1020 1 218 1017
354 353 1181 1 453 1174
355 184 1248 1 289 1243
356 369 813 1 460 806
357 47 867 1 145 865
358 373 985 1 468 979
359 70 1077 1 174 1070
360 191 843 1 284 843
361 361 1101 1 459 1094
362 468 1087 1 565 1075
363 407 692 1 494 688
364 465 781 1 554 772
365 509 1227 1 604 1190
366 391 966 1 486 959
367 321 545 1 404 543
368 88 1013 1 190 1006
369 328 601 1 412 599
370 71 798 1 167 798
371 365 1069 1 463 1056
372 447 186 1 517 183
373 166 794 1 259 792
374 279 916 1 373 914
375 438 1072 1 534 1059
376 38 825 1 137 824
377 215 335 1 292 341
378 465 462 1 543 457
379 49 1001 1 152 995
380 147 919 1 244 915
381 322 959 1 417 953
382 425 694 1 511 689
383 173 1244 1 279 1241
384 100 305 1 177 315
385 98 762 1 192 762
386 38 767 1 135 768
387 96 198 1 170 208
388 393 176 1 463 175
389 88 1126 1 193 1117
390 38 959 1 140 955
391 414 928 1 507 919
392 367 452 1 447 450
393 423 957 1 517 948
394 397 782 1 486 775
395 415 827 1 506 819
396 217 682 1 303 682
397 205 752 1 295 751
398 421 205 1 492 203
399 471 761 1 558 752
400 334 612 1 418 611
401 102 98 1 174 110
402 408 842 1 499 835
403 368 919 1 461 911
404 65 785 1 161 785
405 82 909 1 180 910
406 352 425 1 430 424
407 418 452 1 497 448
408 475 815 1 565 806
409 513 701 1 597 691
410 422 534 1 504 529
411 162 832 1 257 829
412 374 221 1 446 221
413 315 207 1 387 209
414 105 519 1 190 526
415 221 1214 1 325 1210
416 114 571 1 200 577
417 221 160 1 293 168
418 164 424 1 244 429
419 180 73 1 249 82
420 383 1065 1 480 1054
421 219 834 1 312 831
422 403 156 1 472 154
423 131 1006 1 232 997
424 236 1158 1 338 1145
425 352 484 1 433 483
426 420 262 1 493 259
427 353 823 1 443 816
428 166 862 1 258 863
429 458 1110 1 555 1098
430 446 683 1 532 676
431 24 847 1 123 846
432 129 916 1 226 914
433 92 796 1 187 796
434 247 1241 1 351 1235
435 316 132 1 385 135
436 351 175 1 422 176
437 447 742 1 535 733
438 467 1101 1 564 1088
439 426 866 1 517 858
440 368 150 1 436 150
441 271 868 1 365 864
442 445 99 1 513 96
443 402 1026 1 499 1016
444 373 1228 1 475 1219
445 290 131 1 360 134
446 291 1071 1 390 1057
447 426 392 1 503 388
448 369 283 1 443 282
449 137 454 1 219 460
450 118 661 1 207 666
451 322 558 1 405 557
452 149 807 1 242 806
453 411 783 1 500 775
454 132 318 1 210 327
455 290 1223 1 393 1218
456 367 316 1 442 316
457 315 95 1 383 98
458 180 129 1 251 137
459 100 953 1 198 951
460 76 980 1 177 974
461 415 123 1 483 121
462 431 436 1 510 432
463 418 836 1 508 829
464 433 451 1 512 447
465 182 162 1 255 171
466 216 362 1 293 367
467 371 796 1 460 790
468 158 748 1 250 748
469 135 791 1 230 788
470 402 955 1 495 947
471 173 774 1 265 772
472 59 1124 1 164 1118
473 304 126 1 373 129
474 496 1232 1 592 1195
475 84 866 1 181 864
476 423 153 1 492 151
477 128 1102 1 232 1094
478 80 890 1 179 889
479 348 1192 1 449 1185
480 429 475 1 509 471
481 81 361 1 161 371
482 147 649 1 235 652
483 484 785 1 572 775
484 92 910 1 190 908
485 34 1127 1 140 1121
486 36 924 1 136 922
487 62 1042 1 165 1037
488 360 664 1 445 662
489 118 1152 1 223 1142
490 131 770 1 224 769
491 72 814 1 168 813
492 357 1148 1 457 1142
493 73 1242 1 179 1240
494 403 484 1 483 481
495 104 829 1 200 827
496 427 370 1 503 366
497 142 903 1 239 898
498 422 235 1 494 232
499 217 431 1 297 435
500 168 454 1 249 459
501 246 651 1 332 651
502 425 926 1 519 918
503 69 767 1 164 768
504 431 59 1 497 57
505 431 305 1 505 302
506 380 63 1 447 64
507 636 261 1 699 257
508 436 157 1 505 154
509 359 1084 1 457 1072
510 136 1031 1 237 1022
511 156 691 1 244 694
512 192 584 1 276 586
513 555 847 1 641 829
514 622 894 1 706 868
515 220 568 1 304 570
516 216 222 1 288 228
517 352 285 1 426 285
518 76 834 1 172 834
519 417 555 1 500 550
520 151 1253 1 257 1246
521 143 607 1 230 610
522 385 639 1 470 636
523 526 1214 1 620 1176
524 245 1107 1 345 1101
525 409 853 1 500 845
526 269 933 1 364 930
527 327 877 1 419 870
528 78 846 1 175 845
529 215 380 1 293 384
530 144 1047 1 245 1043
531 426 121 1 495 119
532 131 674 1 220 676
533 264 967 1 359 963
534 57 817 1 154 815
535 211 237 1 285 243
536 170 45 1 238 56
537 199 879 1 293 876
538 397 842 1 487 835
539 297 1096 1 396 1090
540 131 110 1 202 121
541 239 783 1 329 783
542 30 835 1 129 834
543 259 743 1 348 743
544 54 56 1 124 71
545 108 85 1 179 97
546 95 453 1 178 460
547 231 803 1 323 799
548 114 247 1 190 257
549 190 67 1 260 76
550 282 871 1 375 866
551 348 1226 1 450 1217
552 215 322 1 291 327
553 339 79 1 405 81
554 349 1251 1 452 1241
555 83 817 1 180 815
556 369 726 1 457 723
557 144 951 1 241 945
558 224 823 1 316 820
559 359 1213 1 461 1205
560 37 1172 1 145 1162
561 124 780 1 218 779
562 375 941 1 469 933
563 205 1176 1 308 1163
564 435 184 1 506 181
565 527 706 1 611 694
566 167 92 1 236 102
567 119 724 1 211 723
568 509 676 1 593 666
569 311 1070 1 410 1067
570 321 426 1 400 426
571 376 1160 1 476 1152
572 33 1027 1 136 1022
573 187 304 1 262 311
574 130 838 1 225 836
575 45 851 1 143 851
576 314 1127 1 414 1114
577 586 981 1 675 957
578 322 579 1 405 578
579 367 884 1 460 877
580 304 352 1 381 353
581 110 743 1 203 743
582 292 421 1 371 422
583 152 785 1 245 784
584 377 524 1 458 521
585 189 1166 1 293 1153
586 84 921 1 182 920
587 171 805 1 265 803
588 175 269 1 251 277
589 421 404 1 498 400
590 372 1015 1 468 1009
591 386 891 1 478 883
592 613 575 1 688 561
593 192 445 1 273 449
594 87 1033 1 189 1025
595 70 901 1 168 901
596 304 341 1 381 342
597 25 1111 1 132 1100
598 441 112 1 510 109
599 507 432 1 584 426
600 333 910 1 427 903
601 117 88 1 188 100
602 107 1103 1 212 1094
603 245 864 1 338 860
604 107 422 1 189 431
605 310 465 1 390 465
606 164 106 1 234 115
607 107 452 1 189 459
608 408 975 1 503 967
609 355 1072 1 453 1061
610 415 365 1 491 363
611 503 899 1 594 886
612 256 868 1 349 863
613 573 546 1 649 535
614 419 916 1 511 908
615 315 1199 1 417 1195
616 285 739 1 373 738
617 149 401 1 230 407
618 120 584 1 206 588
619 457 161 1 527 157
620 360 1111 1 459 1102
621 397 1112 1 496 1103
622 453 173 1 523 170
623 46 1237 1 157 1225
624 100 1210 1 207 1197
625 208 816 1 300 812
626 363 1180 1 463 1172
627 602 586 1 678 572
628 329 1105 1 428 1094
629 188 1111 1 291 1100
630 427 244 1 500 241
631 352 156 1 422 157
632 105 61 1 175 76
633 465 1123 1 563 1110
634 377 317 1 452 315
635 250 746 1 339 745
636 330 971 1 425 968
637 415 884 1 507 876
638 416 416 1 494 412
639 384 666 1 471 663
640 216 352 1 293 357
641 458 223 1 530 219
