0 409 201 1 499 134
1 399 257 1 489 190
2 397 466 1 486 402
3 399 275 1 489 208
4 309 592 1 398 528
5 141 1133 1 237 1053
6 352 1041 1 441 974
7 406 1006 1 495 936
8 405 305 1 494 238
9 374 258 1 464 191
10 376 275 1 465 209
11 430 585 1 517 521
12 254 121 1 342 54
13 232 213 1 321 148
14 433 563 1 522 499
15 188 218 1 276 155
16 409 748 1 498 683
17 399 354 1 488 289
18 176 181 1 264 117
19 391 197 1 481 130
20 438 508 1 527 444
21 233 193 1 321 129
22 469 1169 1 555 1093
23 313 571 1 402 508
24 465 854 1 553 786
25 214 324 1 304 261
26 421 852 1 509 784
27 483 847 1 571 780
28 430 388 1 520 323
29 178 116 1 266 51
30 666 1229 1 741 1132
31 394 1188 1 482 1113
32 190 507 1 280 443
33 417 630 1 507 566
34 376 834 1 466 764
35 202 627 1 292 563
36 439 860 1 528 793
37 396 382 1 485 317
38 159 197 1 247 133
39 423 661 1 512 596
40 188 495 1 278 435
41 491 816 1 578 748
42 418 101 1 508 31
43 217 165 1 305 99
44 75 1086 1 174 1004
45 394 485 1 484 420
46 216 202 1 304 138
47 484 837 1 572 770
48 369 325 1 459 260
49 204 205 1 292 142
50 256 147 1 344 80
51 309 581 1 399 517
52 458 586 1 547 521
53 130 133 1 218 68
54 471 809 1 558 741
55 433 648 1 523 585
56 365 652 1 455 588
57 85 185 1 174 121
58 98 343 1 187 281
59 89 290 1 179 227
60 121 618 1 213 555
61 435 190 1 525 122
62 85 1194 1 183 1108
63 86 1026 1 183 951
64 435 607 1 524 541
65 430 109 1 520 38
66 204 714 1 295 649
67 419 203 1 509 135
68 366 664 1 455 599
69 111 1182 1 209 1097
70 75 867 1 172 794
71 191 133 1 278 67
72 456 607 1 545 542
73 50 912 1 149 839
74 299 640 1 388 576
75 378 198 1 467 131
76 51 1152 1 153 1069
77 389 590 1 478 525
78 88 273 1 177 210
79 144 260 1 232 196
80 398 1034 1 486 963
81 335 92 1 423 24
82 469 840 1 557 774
83 93 1209 1 190 1125
84 298 141 1 386 74
85 415 521 1 505 457
86 222 832 1 314 766
87 588 920 1 670 844
88 153 428 1 243 365
89 221 253 1 310 188
90 79 939 1 176 866
91 226 202 1 315 138
92 86 429 1 176 368
93 94 1245 1 192 1158
94 68 919 1 163 848
95 292 581 1 381 518
96 123 872 1 219 801
97 196 241 1 285 176
98 144 235 1 232 172
99 38 1180 1 139 1095
100 192 169 1 281 104
101 334 943 1 423 878
102 359 1029 1 448 963
103 361 164 1 449 97
104 373 464 1 463 401
105 36 997 1 134 923
106 387 467 1 476 403
107 149 374 1 238 311
108 358 464 1 448 400
109 117 263 1 205 200
110 384 1007 1 472 935
111 376 287 1 466 221
112 149 359 1 239 296
113 134 562 1 225 499
114 229 440 1 318 377
115 200 612 1 290 548
116 162 124 1 251 59
117 216 133 1 304 67
118 218 155 1 306 89
119 79 1070 1 176 988
120 328 989 1 418 919
121 416 1005 1 504 935
122 56 104 1 144 41
123 440 577 1 528 512
124 116 942 1 213 867
125 380 774 1 470 710
126 200 316 1 289 254
127 125 428 1 215 366
128 153 852 1 247 781
129 89 394 1 179 332
130 376 1151 1 467 1080
131 230 428 1 319 364
132 217 145 1 305 79
133 74 1055 1 172 976
134 123 912 1 218 840
135 371 306 1 460 241
136 124 380 1 213 318
137 344 1030 1 433 963
138 221 240 1 309 175
139 163 562 1 253 499
140 89 1153 1 188 1070
141 148 907 1 241 837
142 347 617 1 436 553
143 300 150 1 388 83
144 89 466 1 180 404
145 435 664 1 524 600
146 331 320 1 420 255
147 402 1076 1 489 1005
148 159 862 1 253 793
149 142 1091 1 238 1009
150 93 940 1 190 867
151 427 841 1 515 773
152 415 467 1 504 403
153 132 515 1 222 454
154 404 1066 1 492 995
155 217 650 1 308 585
156 417 642 1 506 578
157 122 968 1 217 896
158 436 353 1 526 288
159 449 1021 1 535 951
160 191 148 1 279 82
161 161 901 1 254 832
162 125 398 1 214 336
163 168 651 1 259 587
164 173 935 1 266 865
165 272 151 1 361 85
166 145 70 1 233 5
167 374 487 1 464 422
168 205 105 1 292 39
169 362 125 1 450 56
170 429 155 1 519 86
171 367 243 1 457 176
172 154 1036 1 248 963
173 74 823 1 171 753
174 367 187 1 456 119
175 99 331 1 189 269
176 118 284 1 207 221
177 291 593 1 380 529
178 146 284 1 234 221
179 86 850 1 182 779
180 388 765 1 477 700
181 149 397 1 240 334
182 402 681 1 491 616
183 411 166 1 501 97
184 410 839 1 498 771
185 76 900 1 173 829
186 435 815 1 524 747
187 378 810 1 467 742
188 33 1021 1 131 945
189 84 1122 1 182 1042
190 160 534 1 250 472
191 205 427 1 294 365
192 437 89 1 527 18
193 99 533 1 190 471
194 165 599 1 256 536
195 413 580 1 502 516
196 83 1056 1 181 977
197 401 165 1 490 97
198 101 1182 1 199 1097
199 415 348 1 505 282
200 144 861 1 238 791
201 42 86 1 130 22
202 405 797 1 494 729
203 38 1011 1 135 936
204 114 237 1 203 174
205 444 875 1 532 806
206 144 673 1 236 609
207 381 300 1 471 234
208 427 721 1 517 657
209 69 328 1 159 266
210 348 921 1 437 851
211 436 794 1 525 727
212 279 239 1 368 173
213 455 796 1 543 729
214 128 448 1 219 385
215 317 631 1 407 567
216 317 560 1 407 496
217 390 208 1 480 140
218 244 649 1 334 585
219 77 561 1 169 499
220 373 789 1 462 723
221 290 150 1 378 83
222 140 953 1 234 881
223 323 651 1 413 587
224 392 1080 1 480 1007
225 217 880 1 309 810
226 363 282 1 452 216
227 361 215 1 450 147
228 305 512 1 394 448
229 429 173 1 519 104
230 338 516 1 427 452
231 92 818 1 188 749
232 158 833 1 251 765
233 46 961 1 144 888
234 158 513 1 248 451
235 66 1084 1 165 1002
236 129 466 1 219 404
237 380 1235 1 469 1158
238 441 951 1 528 882
239 374 515 1 464 451
240 27 1235 1 127 1147
241 479 1126 1 564 1049
242 111 778 1 206 709
243 440 850 1 528 781
244 133 534 1 224 471
245 429 862 1 518 794
246 155 329 1 244 267
247 58 401 1 150 340
248 99 987 1 194 914
249 114 1162 1 210 1081
250 409 226 1 498 158
251 167 1060 1 260 985
252 130 149 1 217 84
253 169 836 1 262 765
254 179 907 1 272 837
255 195 107 1 283 41
256 283 358 1 372 295
257 216 847 1 308 779
258 398 706 1 487 641
259 192 923 1 284 853
260 74 965 1 171 893
261 308 388 1 397 324
262 137 1076 1 232 998
263 218 738 1 308 672
264 99 789 1 194 719
265 391 305 1 480 239
266 121 982 1 215 908
267 163 891 1 255 821
268 428 117 1 517 48
269 370 379 1 460 314
270 134 873 1 229 801
271 420 324 1 510 258
272 134 858 1 228 788
273 342 1015 1 432 946
274 280 251 1 368 186
275 284 389 1 373 325
276 302 524 1 391 461
277 138 599 1 229 537
278 194 877 1 286 808
279 282 371 1 372 307
280 439 902 1 528 833
281 210 313 1 299 251
282 384 921 1 473 851
283 339 178 1 428 111
284 326 334 1 415 269
285 93 515 1 184 453
286 347 165 1 435 97
287 190 611 1 280 548
288 289 506 1 378 442
289 305 358 1 395 293
290 339 975 1 428 904
291 142 772 1 235 706
292 349 941 1 438 870
293 440 170 1 529 102
294 129 118 1 217 53
295 148 810 1 242 741
296 307 377 1 397 313
297 52 997 1 149 925
298 408 212 1 498 145
299 280 269 1 369 204
300 361 504 1 451 440
301 87 829 1 182 759
302 471 793 1 559 726
303 147 121 1 235 56
304 52 1193 1 152 1108
305 303 257 1 391 192
306 108 1123 1 205 1043
307 134 92 1 222 27
308 120 1102 1 216 1026
309 365 766 1 454 701
310 453 721 1 542 656
311 182 842 1 274 774
312 419 235 1 509 168
313 202 913 1 294 845
314 188 770 1 279 703
315 407 332 1 497 266
316 54 1112 1 153 1032
317 323 924 1 412 854
318 289 526 1 378 462
319 93 1088 1 190 1009
320 104 553 1 196 491
321 37 877 1 137 804
322 113 914 1 208 843
323 444 101 1 534 30
324 390 1175 1 478 1101
325 90 990 1 185 917
326 159 911 1 253 841
327 158 948 1 253 876
328 435 418 1 525 352
329 25 961 1 122 889
330 92 1074 1 188 997
331 242 831 1 331 765
332 300 270 1 389 204
333 425 944 1 512 874
334 111 970 1 207 895
335 41 1099 1 141 1018
336 102 704 1 194 641
337 333 1218 1 422 1145
338 63 825 1 160 755
339 179 270 1 269 207
340 31 79 1 121 18
341 406 909 1 495 840
342 350 559 1 439 495
343 303 1228 1 393 1153
344 126 760 1 220 692
345 110 170 1 198 106
346 101 1219 1 197 1138
347 350 574 1 440 509
348 244 800 1 334 734
349 412 934 1 500 865
350 91 884 1 187 813
351 101 1047 1 199 970
352 47 1034 1 146 957
353 378 861 1 467 792
354 137 1170 1 233 1087
355 388 1036 1 476 965
356 69 1160 1 168 1076
357 115 956 1 211 884
358 492 1146 1 578 1071
359 412 730 1 502 665
360 477 826 1 565 758
361 97 838 1 192 768
362 123 1001 1 219 928
363 320 582 1 409 517
364 328 640 1 418 575
365 384 1135 1 472 1056
366 435 215 1 525 147
367 122 718 1 215 652
368 24 991 1 123 914
369 32 934 1 130 862
370 159 811 1 252 743
371 289 960 1 379 893
372 460 1136 1 546 1059
373 204 374 1 294 311
374 464 493 1 553 429
375 24 859 1 122 787
376 431 731 1 520 667
377 30 1136 1 130 1054
378 87 347 1 177 285
379 81 240 1 170 177
380 379 208 1 469 140
381 429 978 1 516 907
382 363 486 1 453 422
383 439 1005 1 527 936
384 406 829 1 495 761
385 73 839 1 170 768
386 173 805 1 266 737
387 131 1136 1 226 1054
388 218 725 1 308 660
389 409 236 1 499 169
390 482 804 1 570 737
391 334 651 1 424 587
392 85 140 1 173 75
393 296 1026 1 387 955
394 420 890 1 508 821
395 380 970 1 469 899
396 221 794 1 311 728
397 111 1138 1 208 1057
398 346 460 1 435 396
399 415 485 1 505 421
400 489 860 1 576 792
401 532 1189 1 615 1109
402 422 568 1 511 504
403 420 806 1 509 739
404 180 1053 1 273 979
405 159 1123 1 255 1043
406 362 254 1 451 188
407 49 884 1 146 813
408 456 786 1 543 719
409 302 241 1 391 175
410 100 564 1 191 501
411 41 865 1 138 795
412 205 194 1 293 130
413 156 465 1 246 402
414 162 111 1 249 45
415 297 651 1 386 586
416 402 1131 1 489 1053
417 62 871 1 160 799
418 293 359 1 381 294
419 170 191 1 259 127
420 250 1236 1 341 1150
421 349 520 1 438 456
422 410 293 1 500 226
423 362 871 1 450 802
424 481 1171 1 567 1095
425 226 885 1 318 816
426 89 927 1 185 854
427 207 799 1 298 732
428 175 945 1 268 875
429 301 166 1 389 99
430 338 207 1 426 141
431 167 785 1 260 717
432 491 1165 1 577 1088
433 39 917 1 137 844
434 439 913 1 527 844
435 353 181 1 441 114
436 278 922 1 369 851
437 430 128 1 520 58
438 390 1091 1 478 1018
439 58 951 1 156 878
440 274 166 1 363 99
441 421 424 1 510 359
442 359 316 1 448 251
443 129 496 1 220 434
444 121 779 1 215 711
445 51 1099 1 151 1019
446 70 911 1 168 838
447 321 596 1 410 532
448 72 1254 1 173 1164
449 421 830 1 509 761
450 121 359 1 210 297
451 358 349 1 448 285
452 298 129 1 386 61
453 163 167 1 251 103
454 98 828 1 195 758
455 400 153 1 489 84
456 37 908 1 136 834
457 428 468 1 518 404
458 429 882 1 517 814
459 430 483 1 520 419
460 111 616 1 202 554
461 361 1236 1 449 1162
462 206 401 1 295 338
463 379 843 1 468 775
464 162 315 1 251 254
465 132 848 1 227 777
466 146 790 1 240 722
467 392 93 1 481 22
468 288 160 1 377 94
469 171 499 1 263 436
470 409 183 1 499 115
471 416 613 1 506 548
472 219 261 1 308 197
473 64 886 1 162 813
474 426 507 1 516 444
475 70 404 1 160 343
476 243 812 1 333 747
477 396 186 1 485 118
478 321 1095 1 411 1025
479 497 829 1 584 761
480 203 933 1 294 863
481 437 139 1 527 70
482 57 857 1 154 786
483 296 978 1 386 909
484 363 703 1 452 638
485 178 821 1 272 752
486 127 826 1 221 756
487 142 935 1 237 865
488 377 1201 1 465 1127
489 401 518 1 490 454
490 74 951 1 171 878
491 421 402 1 510 337
492 256 796 1 345 732
493 410 265 1 500 199
494 210 470 1 299 408
495 161 495 1 251 433
496 246 693 1 336 629
497 440 974 1 528 905
498 139 431 1 230 371
499 414 88 1 504 17
500 422 336 1 512 270
501 363 94 1 452 25
502 657 260 1 739 200
503 422 186 1 512 118
504 157 1012 1 252 937
505 597 569 1 681 502
506 156 737 1 248 672
507 189 626 1 280 562
508 670 977 1 746 892
509 443 961 1 530 891
510 218 609 1 308 546
511 202 259 1 290 196
512 342 319 1 431 254
513 327 185 1 416 119
514 543 516 1 630 450
515 418 589 1 507 525
516 297 676 1 386 612
517 120 863 1 215 792
518 141 651 1 232 587
519 388 676 1 477 612
520 329 1146 1 419 1072
521 342 1238 1 431 1164
522 64 1131 1 162 1052
523 218 274 1 306 210
524 420 900 1 509 831
525 319 1131 1 409 1052
526 233 897 1 325 827
527 206 419 1 296 356
528 277 1252 1 368 1176
529 412 151 1 501 82
530 274 1021 1 365 949
531 198 275 1 287 211
532 156 727 1 248 662
533 149 82 1 237 16
534 332 1075 1 421 1005
535 218 899 1 309 831
536 408 889 1 496 821
537 313 1151 1 403 1077
538 114 151 1 202 86
539 145 694 1 237 630
540 405 342 1 495 276
541 264 786 1 354 721
542 164 879 1 256 809
543 90 126 1 177 61
544 87 497 1 179 434
545 100 288 1 189 226
546 172 105 1 260 39
547 288 925 1 379 854
548 231 798 1 322 732
549 204 360 1 293 298
550 322 112 1 409 44
551 131 836 1 226 766
552 195 892 1 288 824
553 52 875 1 149 803
554 375 765 1 464 701
555 124 1232 1 222 1146
556 227 876 1 319 806
557 437 1198 1 524 1123
558 120 838 1 215 767
559 26 871 1 124 800
560 192 845 1 282 777
561 389 993 1 477 922
562 54 1253 1 154 1165
563 422 213 1 513 145
564 542 749 1 628 681
565 148 131 1 236 66
566 96 767 1 191 698
567 377 594 1 466 529
568 101 1172 1 198 1090
569 185 981 1 277 912
570 520 716 1 607 649
571 410 804 1 499 738
572 315 462 1 405 398
573 397 1216 1 485 1140
574 78 880 1 175 808
575 194 780 1 283 716
576 331 1199 1 421 1117
577 200 867 1 292 797
578 627 1065 1 705 980
579 321 617 1 411 553
580 379 934 1 468 864
581 296 388 1 386 324
582 268 608 1 358 544
583 286 458 1 375 395
584 375 560 1 465 495
585 32 977 1 129 905
586 199 1248 1 294 1160
587 192 910 1 285 840
588 160 306 1 249 243
589 416 436 1 505 371
590 388 1067 1 477 995
591 398 941 1 487 871
592 643 612 1 723 543
593 289 812 1 378 746
594 376 1024 1 465 955
595 52 1139 1 152 1056
596 184 1062 1 276 988
597 296 377 1 385 312
598 400 1110 1 489 1035
599 427 141 1 516 72
600 86 1000 1 181 927
601 507 460 1 597 396
602 334 925 1 424 855
603 374 1090 1 463 1021
604 344 963 1 433 892
605 99 129 1 187 64
606 250 919 1 342 848
607 99 466 1 189 405
608 493 1234 1 578 1155
609 84 794 1 180 726
610 305 501 1 395 438
611 146 145 1 234 80
612 99 496 1 190 433
613 424 1025 1 512 955
614 372 1139 1 461 1061
615 276 936 1 367 866
616 408 398 1 498 333
617 523 952 1 609 880
618 261 921 1 353 851
619 591 579 1 675 513
620 433 965 1 521 896
621 336 1250 1 425 1176
622 290 781 1 379 716
623 63 845 1 161 773
624 116 628 1 208 565
625 445 189 1 534 120
626 379 1166 1 467 1092
627 417 1166 1 505 1092
628 440 201 1 531 133
629 100 865 1 197 794
630 380 1109 1 468 1032
631 379 821 1 468 752
632 211 869 1 302 799
633 629 624 1 710 556
634 404 1088 1 492 1015
635 345 1177 1 435 1096
636 197 1187 1 292 1103
637 417 274 1 507 208
638 338 188 1 426 121
639 86 103 1 173 39
640 490 1186 1 575 1109
641 368 349 1 458 285
642 566 535 1 651 469
643 429 932 1 516 863
644 412 448 1 501 384
645 340 1137 1 429 1059
646 388 704 1 478 639
647 207 391 1 295 328
648 447 252 1 538 185
