0 424 148 1 502 119
1 415 205 1 491 176
2 412 418 1 489 390
3 415 224 1 491 195
4 323 546 1 401 517
5 153 1096 1 237 1053
6 366 994 1 444 965
7 421 965 1 499 930
8 420 254 1 497 225
9 389 206 1 466 177
10 417 1233 1 495 1195
11 390 224 1 467 195
12 445 539 1 521 511
13 266 65 1 343 38
14 243 159 1 321 133
15 449 517 1 526 488
16 198 165 1 275 140
17 424 704 1 501 674
18 414 304 1 491 276
19 187 129 1 265 102
20 406 143 1 483 115
21 454 462 1 531 433
22 244 139 1 321 113
23 484 1131 1 560 1092
24 327 525 1 404 497
25 481 814 1 558 780
26 226 273 1 304 247
27 436 812 1 513 778
28 500 807 1 576 774
29 446 339 1 523 311
30 188 61 1 266 35
31 408 1145 1 486 1108
32 203 460 1 281 432
33 72 997 1 159 955
34 433 584 1 510 555
35 391 793 1 469 758
36 216 582 1 293 553
37 454 820 1 532 787
38 411 333 1 488 304
39 438 615 1 515 586
40 200 449 1 278 423
41 508 775 1 583 742
42 434 45 1 511 15
43 228 112 1 306 85
44 170 146 1 247 119
45 385 1232 1 463 1194
46 410 437 1 487 409
47 227 148 1 304 123
48 501 797 1 577 764
49 384 274 1 461 247
50 215 151 1 292 126
51 268 92 1 345 65
52 116 935 1 199 897
53 324 535 1 401 506
54 474 540 1 551 511
55 140 78 1 218 53
56 134 834 1 217 797
57 488 768 1 563 735
58 449 603 1 526 575
59 380 606 1 458 577
60 108 294 1 187 268
61 147 1156 1 229 1115
62 134 573 1 214 545
63 451 136 1 528 107
64 94 1146 1 178 1102
65 450 562 1 528 531
66 446 52 1 522 22
67 102 1223 1 189 1173
68 218 669 1 296 640
69 435 149 1 512 120
70 152 1056 1 235 1014
71 109 1157 1 194 1110
72 80 1181 1 163 1139
73 201 79 1 279 52
74 472 562 1 549 532
75 208 188 1 285 162
76 313 594 1 390 566
77 417 636 1 494 606
78 392 145 1 469 116
79 64 1114 1 151 1069
80 404 544 1 481 514
81 98 222 1 177 197
82 154 209 1 232 183
83 162 1026 1 245 984
84 348 35 1 424 7
85 485 800 1 562 768
86 145 977 1 227 941
87 130 1187 1 212 1147
88 171 987 1 253 951
89 94 1019 1 179 977
90 431 474 1 508 446
91 127 1167 1 211 1124
92 610 892 1 681 847
93 165 380 1 244 353
94 233 201 1 311 174
95 237 149 1 316 122
96 97 382 1 176 356
97 134 1136 1 217 1092
98 43 983 1 129 942
99 306 536 1 383 508
100 32 1046 1 119 1001
101 154 184 1 232 158
102 148 1038 1 232 997
103 203 116 1 281 89
104 374 982 1 451 953
105 375 110 1 451 81
106 388 417 1 466 389
107 171 776 1 254 743
108 402 419 1 479 391
109 160 325 1 238 299
110 373 416 1 450 388
111 127 212 1 205 186
112 399 965 1 476 930
113 391 236 1 468 207
114 161 310 1 239 283
115 147 516 1 226 489
116 242 393 1 320 365
117 214 566 1 292 538
118 172 69 1 250 44
119 228 78 1 305 51
120 36 1199 1 125 1149
121 229 102 1 306 74
122 86 1077 1 170 1034
123 429 966 1 508 930
124 63 49 1 143 26
125 456 531 1 532 501
126 412 992 1 490 958
127 396 729 1 473 700
128 211 266 1 289 240
129 416 1035 1 493 999
130 404 1056 1 481 1023
131 137 381 1 216 354
132 100 347 1 179 321
133 243 380 1 320 352
134 228 91 1 305 64
135 256 785 1 333 756
136 386 256 1 463 227
137 144 834 1 227 797
138 135 331 1 213 306
139 115 1067 1 197 1029
140 359 984 1 436 954
141 233 188 1 310 161
142 176 516 1 254 488
143 102 1115 1 187 1070
144 361 571 1 439 543
145 172 908 1 253 872
146 313 96 1 390 68
147 101 419 1 180 393
148 450 619 1 527 590
149 345 270 1 422 242
150 39 918 1 122 883
151 250 745 1 328 718
152 375 161 1 452 133
153 174 842 1 256 805
154 442 801 1 519 767
155 430 419 1 508 391
156 91 899 1 175 862
157 144 469 1 223 443
158 419 1025 1 495 990
159 231 604 1 309 576
160 432 597 1 509 568
161 452 303 1 529 275
162 464 980 1 540 946
163 201 93 1 280 67
164 188 806 1 269 772
165 67 895 1 152 857
166 136 350 1 215 324
167 182 605 1 261 577
168 348 1224 1 426 1189
169 285 97 1 362 69
170 389 440 1 467 411
171 87 1171 1 172 1128
172 216 50 1 293 23
173 376 69 1 452 40
174 445 100 1 522 70
175 382 191 1 459 162
176 123 1146 1 208 1099
177 85 783 1 169 748
178 382 133 1 458 104
179 110 282 1 189 257
180 37 908 1 122 872
181 129 234 1 207 208
182 305 547 1 382 519
183 156 234 1 235 207
184 403 720 1 480 691
185 160 349 1 241 322
186 36 1176 1 120 1135
187 395 803 1 471 769
188 426 111 1 503 82
189 425 799 1 502 765
190 26 904 1 110 868
191 450 775 1 528 741
192 393 769 1 470 736
193 84 827 1 170 791
194 186 892 1 268 859
195 173 487 1 251 461
196 217 380 1 295 353
197 453 31 1 530 1
198 112 487 1 191 460
199 178 553 1 257 526
200 428 534 1 505 505
201 125 969 1 208 931
202 416 111 1 492 81
203 430 298 1 508 269
204 99 987 1 183 947
205 48 29 1 129 6
206 420 756 1 498 722
207 166 918 1 247 882
208 124 186 1 203 160
209 460 834 1 536 801
210 157 628 1 237 600
211 396 249 1 474 220
212 182 766 1 263 732
213 443 677 1 520 647
214 79 280 1 158 253
215 362 880 1 440 846
216 451 753 1 529 720
217 112 965 1 196 928
218 292 187 1 369 159
219 34 951 1 121 911
220 471 756 1 547 723
221 140 401 1 219 373
222 332 585 1 409 557
223 332 514 1 409 485
224 405 155 1 482 126
225 258 603 1 336 575
226 89 516 1 170 488
227 91 1202 1 173 1159
228 303 96 1 380 68
229 338 606 1 415 577
230 79 1019 1 165 975
231 406 1038 1 483 1003
232 230 839 1 310 805
233 378 231 1 454 203
234 319 465 1 396 437
235 445 118 1 522 89
236 352 470 1 430 441
237 390 1046 1 467 1013
238 407 1047 1 484 1012
239 171 466 1 249 440
240 381 618 1 458 589
241 164 811 1 246 776
242 26 33 1 109 12
243 141 419 1 220 392
244 456 911 1 532 877
245 389 469 1 467 440
246 356 974 1 434 940
247 495 1090 1 570 1049
248 211 872 1 291 840
249 121 738 1 204 704
250 182 947 1 262 912
251 456 809 1 532 776
252 145 488 1 225 461
253 89 957 1 172 920
254 445 822 1 522 788
255 165 280 1 244 254
256 69 354 1 149 328
257 424 173 1 501 144
258 189 791 1 268 760
259 139 95 1 217 69
260 268 1227 1 347 1191
261 99 241 1 178 214
262 206 52 1 283 25
263 297 309 1 374 282
264 230 806 1 309 772
265 413 661 1 491 631
266 413 1002 1 490 968
267 322 340 1 399 312
268 142 1098 1 226 1054
269 232 693 1 310 663
270 407 254 1 483 226
271 443 61 1 520 31
272 385 330 1 462 302
273 58 909 1 141 873
274 436 273 1 513 244
275 145 819 1 228 783
276 292 199 1 370 172
277 297 340 1 375 313
278 316 478 1 393 450
279 151 554 1 230 526
280 26 975 1 113 934
281 74 875 1 160 836
282 296 322 1 373 294
283 455 861 1 532 827
284 221 263 1 299 237
285 399 881 1 476 846
286 353 124 1 430 95
287 340 284 1 417 256
288 105 469 1 184 443
289 361 111 1 437 82
290 203 566 1 282 538
291 302 459 1 380 431
292 319 308 1 396 280
293 354 935 1 431 900
294 106 899 1 189 862
295 349 896 1 426 868
296 394 1115 1 471 1071
297 399 1210 1 475 1172
298 363 900 1 441 865
299 139 64 1 217 38
300 160 770 1 242 735
301 321 328 1 399 300
302 68 816 1 153 781
303 423 159 1 500 130
304 171 1074 1 251 1037
305 293 218 1 371 190
306 376 458 1 453 429
307 211 774 1 290 743
308 488 752 1 564 719
309 96 809 1 180 774
310 316 205 1 393 178
311 31 1014 1 118 972
312 142 36 1 221 11
313 88 1115 1 175 1071
314 380 721 1 457 692
315 469 678 1 546 647
316 435 183 1 512 153
317 422 282 1 500 253
318 337 883 1 415 849
319 303 480 1 380 451
320 117 507 1 197 480
321 127 920 1 210 885
322 124 858 1 207 822
323 461 43 1 538 13
324 404 1132 1 482 1096
325 87 924 1 170 888
326 269 1216 1 347 1180
327 220 805 1 299 771
328 657 587 1 726 550
329 450 369 1 528 340
330 219 791 1 299 758
331 314 218 1 391 191
332 377 1221 1 454 1187
333 78 888 1 162 851
334 440 903 1 516 869
335 98 973 1 182 936
336 115 660 1 195 631
337 75 1221 1 162 1169
338 347 1171 1 425 1137
339 27 1119 1 115 1073
340 189 218 1 269 192
341 97 1159 1 184 1109
342 422 869 1 499 834
343 365 513 1 442 485
344 319 1180 1 397 1145
345 210 946 1 290 911
346 136 719 1 219 686
347 119 117 1 197 92
348 28 964 1 114 924
349 365 528 1 443 499
350 427 894 1 504 860
351 342 948 1 420 912
352 102 844 1 186 808
353 115 1010 1 198 968
354 57 996 1 144 955
355 393 821 1 470 787
356 72 945 1 155 908
357 403 993 1 480 959
358 185 871 1 267 837
359 507 1108 1 583 1070
360 133 667 1 212 638
361 83 1155 1 171 1108
362 428 686 1 505 656
363 494 787 1 570 753
364 78 838 1 163 801
365 334 536 1 412 507
366 343 594 1 420 565
367 34 1058 1 120 1015
368 398 1099 1 475 1056
369 450 162 1 528 132
370 49 826 1 135 789
371 475 1099 1 551 1059
372 217 325 1 295 299
373 480 446 1 557 417
374 33 820 1 119 783
375 446 687 1 523 657
376 98 298 1 177 273
377 50 1143 1 137 1096
378 91 189 1 170 163
379 394 155 1 471 126
380 216 745 1 295 712
381 444 937 1 520 902
382 74 862 1 159 824
383 378 440 1 455 411
384 52 1065 1 139 1022
385 454 964 1 531 930
386 421 789 1 499 755
387 164 1063 1 244 1029
388 232 680 1 310 651
389 424 183 1 501 154
390 498 764 1 575 730
391 349 606 1 427 577
392 93 86 1 172 60
393 311 983 1 389 949
394 435 849 1 512 816
395 395 930 1 472 895
396 32 871 1 119 833
397 235 749 1 313 719
398 37 24 1 118 0
399 26 830 1 112 793
400 360 412 1 438 384
401 144 1132 1 226 1092
402 430 438 1 508 409
403 505 819 1 581 786
404 548 1155 1 622 1112
405 438 521 1 515 493
406 436 766 1 513 733
407 172 1085 1 255 1042
408 377 202 1 453 174
409 88 967 1 172 928
410 472 745 1 548 712
411 316 189 1 392 162
412 112 518 1 191 491
413 215 140 1 293 114
414 168 418 1 247 391
415 171 56 1 249 30
416 311 604 1 388 576
417 417 1095 1 493 1053
418 75 1112 1 161 1067
419 306 309 1 383 281
420 180 137 1 259 111
421 263 1199 1 343 1152
422 364 474 1 441 445
423 157 820 1 238 786
424 425 242 1 502 213
425 376 830 1 453 796
426 496 1133 1 572 1094
427 239 844 1 319 810
428 24 810 1 111 773
429 100 887 1 184 850
430 36 1117 1 124 1072
431 335 1059 1 414 1026
432 314 112 1 390 84
433 352 155 1 428 126
434 506 1129 1 582 1088
435 53 883 1 138 845
436 454 872 1 531 839
437 368 127 1 443 99
438 292 881 1 371 846
439 445 72 1 523 42
440 106 749 1 190 714
441 287 112 1 364 84
442 436 376 1 513 347
443 373 266 1 451 237
444 142 450 1 221 423
445 131 738 1 214 705
446 123 890 1 206 854
447 335 551 1 413 522
448 84 1218 1 171 1167
449 32 886 1 118 848
450 436 789 1 513 756
451 132 311 1 211 285
452 373 300 1 450 272
453 311 74 1 387 46
454 173 114 1 251 88
455 116 1105 1 200 1062
456 415 99 1 492 69
457 245 735 1 322 707
458 444 420 1 521 392
459 445 842 1 521 808
460 446 436 1 523 407
461 124 571 1 203 544
462 375 1188 1 452 1154
463 219 352 1 296 326
464 171 265 1 251 240
465 158 750 1 240 716
466 407 34 1 483 6
467 301 107 1 378 79
468 182 452 1 263 425
469 424 129 1 501 100
470 432 568 1 509 538
471 231 210 1 308 183
472 410 1244 1 487 1206
473 442 460 1 519 432
474 81 356 1 160 331
475 256 768 1 335 738
476 411 132 1 487 103
477 336 1049 1 414 1017
478 513 789 1 589 756
479 453 83 1 530 53
480 68 917 1 153 880
481 311 935 1 389 902
482 378 657 1 455 628
483 138 787 1 220 751
484 391 1156 1 469 1120
485 153 992 1 235 954
486 416 471 1 493 443
487 436 353 1 513 324
488 270 751 1 348 722
489 426 213 1 503 185
490 223 423 1 301 396
491 174 449 1 252 422
492 260 648 1 338 619
493 455 933 1 532 899
494 150 385 1 229 359
495 430 30 1 506 1
496 438 286 1 515 257
497 377 37 1 454 8
498 438 132 1 515 102
499 622 527 1 693 492
500 455 117 1 532 87
501 171 692 1 250 662
502 203 581 1 281 552
503 29 939 1 114 901
504 457 921 1 534 886
505 231 564 1 309 536
506 214 208 1 291 182
507 356 268 1 433 240
508 341 132 1 418 104
509 564 470 1 638 439
510 433 543 1 510 514
511 311 631 1 388 602
512 132 823 1 214 787
513 154 606 1 233 577
514 403 631 1 480 602
515 356 1191 1 434 1156
516 388 748 1 465 715
517 229 223 1 306 197
518 436 859 1 513 825
519 84 1052 1 172 1006
520 246 856 1 326 822
521 218 371 1 297 344
522 292 1203 1 371 1168
523 427 96 1 504 66
524 289 978 1 367 943
525 223 727 1 302 698
526 170 682 1 249 653
527 68 830 1 153 794
528 157 24 1 236 0
529 142 844 1 225 808
530 346 1030 1 424 997
531 142 805 1 225 771
532 423 848 1 500 815
533 327 1107 1 406 1071
534 123 98 1 201 72
535 159 650 1 238 621
536 420 292 1 497 263
537 278 741 1 356 711
538 98 71 1 176 46
539 99 450 1 179 423
540 110 238 1 189 213
541 181 50 1 260 24
542 302 884 1 381 849
543 216 311 1 293 285
544 335 56 1 411 28
545 142 796 1 225 761
546 96 789 1 181 754
547 325 1215 1 403 1180
548 390 720 1 467 691
549 240 836 1 320 801
550 451 1156 1 528 1119
551 291 926 1 370 893
552 130 798 1 214 763
553 35 832 1 122 795
554 107 1208 1 191 1159
555 403 953 1 481 917
556 345 1102 1 423 1066
557 438 160 1 515 131
558 561 710 1 636 675
559 158 76 1 236 50
560 106 726 1 189 692
561 392 548 1 469 519
562 24 996 1 112 953
563 538 676 1 614 642
564 425 760 1 502 730
565 330 415 1 407 387
566 411 1172 1 489 1135
567 168 861 1 251 825
568 389 1193 1 466 1155
569 344 1163 1 424 1119
570 213 827 1 293 792
571 651 1046 1 720 992
572 335 571 1 413 543
573 394 894 1 471 859
574 310 339 1 388 311
575 283 562 1 360 533
576 300 410 1 377 383
577 400 1189 1 476 1151
578 391 513 1 467 484
579 45 935 1 129 899
580 212 1212 1 295 1163
581 26 1167 1 113 1120
582 169 255 1 249 229
583 431 387 1 508 359
584 402 1024 1 480 990
585 413 900 1 490 865
586 673 574 1 740 537
587 98 254 1 178 228
588 304 768 1 381 737
589 391 978 1 468 947
590 64 1101 1 151 1056
591 196 1020 1 278 983
592 310 328 1 387 300
593 231 1220 1 313 1172
594 442 86 1 519 56
595 526 413 1 603 384
596 349 885 1 427 850
597 358 923 1 436 887
598 108 75 1 186 49
599 264 878 1 343 843
600 110 420 1 189 393
601 507 1196 1 583 1155
602 95 754 1 178 720
603 319 455 1 397 427
604 156 92 1 234 65
605 111 449 1 190 422
606 438 984 1 516 949
607 387 1103 1 465 1061
608 289 895 1 369 861
609 424 349 1 501 320
610 540 916 1 615 878
611 275 881 1 354 846
612 616 538 1 687 504
613 448 925 1 525 891
614 351 1202 1 428 1168
615 304 736 1 381 706
616 72 806 1 158 769
617 296 1255 1 375 1219
618 129 583 1 209 555
619 393 1124 1 471 1087
620 432 1124 1 509 1088
621 457 148 1 534 118
622 112 826 1 195 790
623 394 1072 1 472 1031
624 394 780 1 471 746
625 224 828 1 303 793
626 155 911 1 235 875
627 141 1194 1 223 1152
628 418 1046 1 496 1010
629 360 1140 1 438 1097
630 210 1151 1 292 1104
631 432 223 1 510 194
632 352 134 1 428 106
633 93 48 1 171 23
634 505 1148 1 581 1108
635 383 300 1 460 272
636 258 755 1 336 725
637 588 491 1 661 459
638 444 891 1 520 857
639 427 401 1 504 372
640 403 658 1 481 629
641 219 342 1 296 316
642 464 199 1 541 170
