0 434 115 1 503 110
1 424 173 1 492 168
2 420 389 1 490 383
3 424 192 1 492 186
4 417 111 1 484 106
5 329 516 1 402 511
6 153 1071 1 235 1054
7 72 970 1 156 956
8 367 965 1 446 959
9 429 222 1 498 217
10 399 173 1 467 169
11 416 1206 1 496 1193
12 400 192 1 468 187
13 452 512 1 522 504
14 275 28 1 343 28
15 251 124 1 321 124
16 455 489 1 527 482
17 205 129 1 274 130
18 429 676 1 503 669
19 423 273 1 492 268
20 194 93 1 264 93
21 105 1220 1 189 1205
22 461 433 1 532 426
23 252 103 1 321 104
24 485 1109 1 562 1092
25 333 496 1 405 491
26 486 790 1 560 777
27 232 240 1 303 239
28 441 787 1 514 775
29 504 783 1 578 772
30 117 907 1 197 895
31 454 309 1 525 303
32 196 24 1 265 26
33 408 1119 1 488 1106
34 208 429 1 281 426
35 439 556 1 512 550
36 395 768 1 470 756
37 220 552 1 294 547
38 419 302 1 489 297
39 147 1014 1 230 997
40 444 588 1 517 581
41 513 752 1 586 739
42 236 77 1 306 76
43 177 110 1 247 110
44 384 1205 1 464 1192
45 417 408 1 488 402
46 234 112 1 303 113
47 422 942 1 500 928
48 505 773 1 579 762
49 392 243 1 462 239
50 222 115 1 291 116
51 277 56 1 345 55
52 329 506 1 402 500
53 453 795 1 523 786
54 481 513 1 553 505
55 146 41 1 217 43
56 135 808 1 215 796
57 493 744 1 565 732
58 455 576 1 528 569
59 386 578 1 459 572
60 114 261 1 187 261
61 204 417 1 277 417
62 138 542 1 214 539
63 462 103 1 529 98
64 162 999 1 244 984
65 131 1076 1 214 1057
66 457 534 1 529 525
67 222 639 1 297 634
68 445 116 1 513 111
69 209 41 1 278 43
70 479 535 1 551 527
71 215 154 1 285 154
72 318 566 1 391 560
73 422 608 1 495 601
74 402 111 1 470 107
75 64 1088 1 149 1071
76 409 516 1 482 508
77 104 188 1 176 189
78 161 174 1 232 175
79 167 869 1 246 858
80 490 776 1 564 765
81 113 1158 1 197 1141
82 130 1158 1 212 1145
83 438 446 1 510 439
84 619 876 1 686 852
85 171 348 1 243 346
86 241 167 1 311 166
87 245 113 1 315 113
88 102 349 1 176 349
89 115 1078 1 198 1062
90 312 506 1 384 502
91 31 1019 1 116 1002
92 87 1027 1 171 1010
93 48 1119 1 134 1099
94 161 149 1 231 149
95 211 81 1 281 80
96 375 953 1 453 947
97 385 76 1 452 72
98 396 387 1 467 382
99 173 749 1 252 740
100 409 389 1 480 384
101 166 292 1 238 291
102 380 386 1 451 381
103 133 177 1 205 178
104 401 204 1 469 199
105 166 277 1 239 276
106 417 1049 1 494 1038
107 152 485 1 226 483
108 248 361 1 320 358
109 218 536 1 292 532
110 179 32 1 250 34
111 236 41 1 305 42
112 476 731 1 549 720
113 237 65 1 306 65
114 32 792 1 116 782
115 129 893 1 209 882
116 462 504 1 534 496
117 414 966 1 491 955
118 399 701 1 474 695
119 217 232 1 288 232
120 417 1009 1 495 997
121 411 1024 1 488 1013
122 142 348 1 216 347
123 355 877 1 431 871
124 105 314 1 178 314
125 249 348 1 321 345
126 236 55 1 305 55
127 259 756 1 335 750
128 395 224 1 464 219
129 141 298 1 213 298
130 360 956 1 438 948
131 241 154 1 310 153
132 181 485 1 255 482
133 398 1231 1 478 1218
134 367 543 1 440 537
135 90 1119 1 177 1102
136 323 61 1 390 58
137 106 387 1 180 386
138 456 592 1 529 585
139 354 238 1 423 234
140 39 890 1 121 880
141 175 816 1 254 804
142 254 715 1 329 711
143 385 128 1 453 124
144 446 776 1 520 765
145 143 789 1 223 777
146 438 390 1 509 384
147 149 438 1 223 436
148 420 999 1 497 987
149 236 575 1 310 570
150 65 871 1 148 857
151 438 569 1 511 562
152 100 1200 1 186 1177
153 461 273 1 530 267
154 466 955 1 541 943
155 24 1141 1 111 1122
156 209 57 1 279 57
157 165 1034 1 245 1025
158 141 318 1 214 317
159 186 575 1 261 571
160 141 949 1 222 938
161 347 1194 1 428 1185
162 294 61 1 362 60
163 396 410 1 468 404
164 387 34 1 453 31
165 456 66 1 523 61
166 391 158 1 460 154
167 87 755 1 166 746
168 91 870 1 173 860
169 391 99 1 459 95
170 116 248 1 188 249
171 37 879 1 121 870
172 134 200 1 206 200
173 310 518 1 383 513
174 163 200 1 234 199
175 407 692 1 482 685
176 127 911 1 207 902
177 165 317 1 241 315
178 100 1088 1 185 1071
179 398 777 1 472 766
180 437 77 1 505 72
181 429 774 1 503 762
182 116 1038 1 197 1026
183 455 751 1 529 739
184 397 744 1 471 733
185 85 799 1 167 790
186 192 778 1 269 768
187 178 456 1 251 455
188 223 348 1 295 346
189 153 1029 1 234 1014
190 116 455 1 191 454
191 183 523 1 257 520
192 434 506 1 507 499
193 36 1144 1 120 1132
194 427 77 1 493 72
195 439 267 1 509 261
196 425 731 1 499 719
197 74 849 1 157 836
198 167 893 1 246 880
199 130 151 1 202 152
200 464 810 1 538 798
201 45 831 1 130 818
202 162 598 1 237 594
203 406 217 1 475 212
204 184 739 1 262 729
205 128 818 1 208 807
206 448 650 1 522 642
207 84 245 1 158 246
208 365 855 1 441 843
209 456 729 1 531 718
210 126 831 1 206 820
211 133 1108 1 216 1092
212 301 153 1 369 151
213 145 369 1 219 367
214 337 556 1 410 551
215 338 484 1 410 479
216 415 122 1 483 117
217 263 574 1 337 569
218 94 484 1 169 482
219 312 60 1 380 58
220 343 577 1 417 571
221 76 993 1 162 976
222 407 1012 1 485 1000
223 386 199 1 455 194
224 325 435 1 397 431
225 456 84 1 523 80
226 359 440 1 430 435
227 391 1017 1 468 1008
228 423 967 1 500 955
229 176 435 1 249 433
230 27 877 1 109 866
231 386 590 1 459 583
232 405 1245 1 486 1232
233 146 387 1 220 386
234 459 887 1 534 875
235 396 439 1 468 433
236 94 994 1 177 978
237 496 1069 1 572 1051
238 213 845 1 291 835
239 123 711 1 202 702
240 460 784 1 534 773
241 151 457 1 225 454
242 90 928 1 172 917
243 133 737 1 212 726
244 171 246 1 243 246
245 74 321 1 149 321
246 125 1013 1 209 993
247 434 140 1 502 135
248 146 58 1 217 60
249 267 1197 1 348 1187
250 212 918 1 290 908
251 105 206 1 178 207
252 304 277 1 374 274
253 418 634 1 492 626
254 415 977 1 492 965
255 79 1050 1 164 1033
256 330 309 1 400 304
257 236 663 1 310 657
258 416 223 1 484 217
259 455 26 1 521 21
260 393 299 1 463 294
261 57 883 1 140 871
262 445 242 1 514 236
263 301 166 1 370 163
264 304 309 1 375 305
265 322 448 1 394 443
266 155 523 1 230 521
267 26 949 1 110 934
268 304 290 1 374 287
269 459 837 1 534 825
270 227 229 1 298 229
271 402 855 1 478 844
272 362 89 1 430 86
273 348 252 1 418 248
274 109 438 1 184 436
275 371 76 1 438 73
276 208 536 1 282 532
277 309 429 1 381 425
278 327 276 1 397 272
279 356 910 1 432 898
280 690 555 1 748 536
281 394 1093 1 472 1074
282 398 1183 1 477 1170
283 366 874 1 442 863
284 175 662 1 250 657
285 146 26 1 216 29
286 162 743 1 240 733
287 329 297 1 399 293
288 124 863 1 205 852
289 433 126 1 502 121
290 171 1044 1 252 1034
291 301 185 1 371 182
292 383 428 1 454 422
293 493 728 1 566 716
294 97 782 1 178 772
295 325 172 1 393 169
296 141 1072 1 225 1055
297 88 1090 1 173 1072
298 384 693 1 459 686
299 475 652 1 548 643
300 31 988 1 116 972
301 446 151 1 513 145
302 432 251 1 501 245
303 27 937 1 112 923
304 340 858 1 415 847
305 309 450 1 381 445
306 121 476 1 196 474
307 165 941 1 245 929
308 404 1106 1 483 1094
309 233 778 1 309 769
310 222 777 1 299 768
311 674 567 1 733 549
312 459 339 1 529 333
313 189 839 1 267 828
314 223 763 1 299 755
315 322 186 1 391 182
316 375 1192 1 456 1182
317 99 946 1 181 934
318 443 879 1 518 866
319 357 1193 1 437 1183
320 119 629 1 195 626
321 72 1196 1 159 1173
322 25 1093 1 112 1075
323 196 183 1 268 183
324 425 844 1 500 832
325 371 484 1 443 478
326 79 809 1 160 799
327 126 80 1 197 83
328 141 1024 1 224 1004
329 371 499 1 444 493
330 170 718 1 247 709
331 430 870 1 506 857
332 344 922 1 421 910
333 115 984 1 197 969
334 404 968 1 481 956
335 509 1086 1 586 1070
336 136 637 1 213 633
337 83 1130 1 168 1110
338 433 658 1 506 651
339 498 762 1 572 750
340 340 507 1 413 501
341 348 565 1 421 559
342 399 1076 1 477 1057
343 461 129 1 529 123
344 49 797 1 132 787
345 96 1131 1 182 1111
346 384 1052 1 462 1044
347 208 869 1 287 863
348 476 1078 1 553 1060
349 223 293 1 295 291
350 489 418 1 559 411
351 385 1238 1 465 1225
352 451 659 1 525 652
353 103 265 1 176 265
354 431 940 1 507 928
355 404 121 1 472 117
356 446 913 1 522 900
357 75 835 1 157 823
358 385 410 1 456 404
359 53 1039 1 137 1022
360 456 940 1 533 928
361 426 764 1 500 753
362 236 650 1 310 645
363 435 151 1 503 146
364 504 740 1 577 728
365 354 577 1 428 571
366 100 49 1 171 51
367 313 956 1 390 946
368 438 824 1 513 813
369 397 905 1 473 893
370 32 843 1 116 832
371 26 802 1 109 792
372 367 382 1 439 377
373 154 943 1 235 929
374 438 409 1 509 402
375 509 796 1 584 783
376 549 1136 1 625 1115
377 444 494 1 516 487
378 440 740 1 514 730
379 172 1060 1 254 1043
380 386 169 1 454 165
381 89 939 1 171 927
382 194 750 1 272 741
383 477 721 1 550 709
384 324 156 1 393 153
385 117 487 1 191 485
386 223 103 1 292 105
387 174 387 1 247 384
388 76 1165 1 161 1151
389 316 575 1 389 570
390 418 1072 1 495 1055
391 452 1132 1 530 1119
392 313 277 1 384 274
393 188 100 1 258 102
394 262 1176 1 342 1155
395 370 444 1 442 438
396 435 210 1 504 204
397 379 805 1 454 793
398 497 1111 1 574 1095
399 242 817 1 319 808
400 24 782 1 107 772
401 102 860 1 183 848
402 35 1091 1 121 1073
403 323 78 1 391 75
404 361 121 1 429 117
405 507 1107 1 585 1089
406 53 856 1 136 844
407 378 93 1 444 90
408 294 855 1 371 844
409 457 36 1 524 32
410 108 721 1 188 712
411 155 864 1 236 853
412 295 77 1 364 75
413 445 346 1 515 340
414 382 234 1 452 229
415 146 418 1 221 416
416 133 711 1 212 702
417 100 1055 1 184 1038
418 430 741 1 504 730
419 341 522 1 414 516
420 82 1194 1 169 1171
421 32 859 1 116 847
422 440 765 1 514 753
423 138 277 1 210 277
424 382 269 1 451 264
425 321 38 1 388 36
426 180 78 1 251 79
427 426 64 1 493 60
428 248 706 1 323 701
429 452 391 1 522 385
430 448 817 1 523 806
431 453 407 1 524 400
432 128 540 1 203 538
433 373 1159 1 454 1150
434 225 320 1 296 319
435 71 916 1 154 906
436 178 231 1 249 232
437 179 127 1 249 129
438 160 722 1 238 713
439 197 707 1 274 698
440 388 789 1 462 779
441 310 71 1 378 70
442 187 421 1 262 419
443 435 95 1 503 91
444 437 539 1 510 532
445 238 176 1 309 175
446 408 1217 1 489 1204
447 184 918 1 263 909
448 450 432 1 521 426
449 86 323 1 160 324
450 421 98 1 488 93
451 337 1021 1 416 1013
452 519 766 1 591 753
453 465 48 1 532 44
454 68 890 1 151 878
455 312 908 1 390 898
456 383 629 1 456 623
457 139 760 1 218 749
458 391 1127 1 470 1117
459 423 442 1 494 436
460 50 966 1 134 951
461 444 323 1 515 317
462 273 721 1 349 716
463 436 182 1 504 176
464 228 392 1 301 390
465 179 418 1 252 415
466 265 619 1 339 613
467 458 908 1 534 896
468 155 352 1 228 352
469 353 1140 1 433 1131
470 447 255 1 517 249
471 449 98 1 516 93
472 638 503 1 699 489
473 466 83 1 534 77
474 232 734 1 307 727
475 207 551 1 282 546
476 288 1211 1 370 1200
477 124 806 1 205 793
478 460 896 1 536 884
479 235 534 1 310 530
480 221 174 1 290 174
481 364 236 1 434 232
482 350 98 1 418 95
483 575 444 1 641 433
484 440 515 1 512 508
485 316 602 1 389 596
486 133 796 1 212 786
487 158 576 1 234 572
488 408 603 1 481 596
489 356 1161 1 436 1152
490 237 189 1 307 189
491 439 834 1 514 823
492 248 830 1 326 819
493 225 339 1 297 337
494 438 62 1 505 57
495 290 951 1 368 941
496 226 698 1 303 692
497 174 652 1 250 648
498 69 803 1 151 793
499 144 817 1 223 806
500 347 1001 1 426 993
501 143 779 1 223 769
502 166 29 1 235 31
503 426 824 1 501 812
504 328 1081 1 407 1069
505 129 61 1 201 63
506 162 619 1 238 615
507 429 261 1 499 255
508 281 712 1 357 706
509 104 33 1 175 37
510 104 419 1 179 417
511 117 204 1 189 205
512 189 696 1 265 688
513 305 858 1 382 847
514 223 279 1 293 278
515 359 1043 1 436 1034
516 144 769 1 223 759
517 98 762 1 178 752
518 324 1185 1 405 1176
519 394 692 1 469 686
520 242 808 1 320 798
521 100 959 1 181 946
522 293 899 1 370 889
523 132 771 1 212 761
524 44 916 1 127 905
525 405 928 1 482 915
526 449 127 1 517 122
527 569 688 1 639 674
528 166 39 1 235 41
529 107 698 1 187 689
530 397 520 1 470 513
531 546 651 1 616 639
532 337 385 1 408 380
533 101 90 1 172 93
534 170 834 1 249 823
535 251 1188 1 333 1166
536 120 965 1 202 952
537 660 1037 1 727 1003
538 341 543 1 414 537
539 397 868 1 473 857
540 317 308 1 388 304
541 287 533 1 360 528
542 306 380 1 378 376
543 400 1162 1 478 1149
544 397 484 1 469 478
545 77 1023 1 161 1005
546 212 1188 1 294 1166
547 471 96 1 539 91
548 175 221 1 247 221
549 439 357 1 510 352
550 416 875 1 492 863
551 345 1074 1 424 1063
552 104 220 1 177 221
553 307 739 1 382 732
554 89 897 1 169 886
555 63 1075 1 148 1058
556 24 970 1 109 954
557 317 296 1 388 292
558 230 1196 1 313 1175
559 454 51 1 520 46
560 536 385 1 605 377
561 351 859 1 427 848
562 400 787 1 474 775
563 362 864 1 438 853
564 361 897 1 437 885
565 114 36 1 185 40
566 266 851 1 343 840
567 394 945 1 471 932
568 220 1235 1 303 1225
569 115 387 1 189 387
570 507 1174 1 586 1156
571 97 726 1 176 718
572 326 425 1 397 420
573 163 55 1 234 56
574 116 418 1 190 416
575 440 959 1 517 947
576 388 1081 1 466 1063
577 292 870 1 369 859
578 432 319 1 502 313
579 544 895 1 618 879
580 277 855 1 354 843
581 630 515 1 692 501
582 451 901 1 527 889
583 350 1172 1 430 1163
584 308 707 1 382 701
585 209 898 1 287 891
586 295 1226 1 376 1215
587 134 552 1 209 549
588 359 1228 1 440 1216
589 432 1098 1 511 1086
590 467 115 1 535 109
591 113 799 1 193 788
592 394 1048 1 473 1032
593 398 754 1 472 743
594 226 801 1 302 790
595 360 1118 1 439 1099
596 209 1127 1 291 1107
597 217 1222 1 299 1207
598 442 191 1 511 186
599 361 100 1 429 97
600 506 1126 1 583 1109
601 391 269 1 461 264
602 262 726 1 337 719
603 601 465 1 665 454
604 447 867 1 522 855
605 435 371 1 506 365
606 408 630 1 482 624
607 225 311 1 296 309
608 474 167 1 542 161
