0 430 120 1 505 101
1 420 178 1 494 159
2 413 394 1 493 376
3 419 196 1 494 178
4 413 116 1 486 97
5 320 522 1 403 505
6 196 132 1 274 121
7 53 980 1 156 957
8 355 972 1 448 953
9 424 227 1 500 209
10 394 178 1 469 160
11 401 1217 1 499 1192
12 395 196 1 470 178
13 444 518 1 525 498
14 271 30 1 344 18
15 246 125 1 321 114
16 447 496 1 530 476
17 103 1135 1 206 1106
18 419 683 1 505 663
19 417 278 1 494 260
20 190 95 1 265 84
21 454 439 1 535 420
22 247 105 1 321 94
23 471 1123 1 566 1093
24 324 501 1 407 485
25 475 800 1 564 775
26 225 242 1 304 231
27 429 797 1 518 773
28 494 793 1 582 770
29 159 823 1 254 803
30 448 315 1 527 295
31 192 26 1 266 16
32 394 1130 1 490 1105
33 200 433 1 282 419
34 430 563 1 514 544
35 210 556 1 295 541
36 146 1084 1 247 1056
37 413 307 1 491 289
38 135 1083 1 236 1056
39 435 595 1 519 575
40 232 79 1 307 67
41 171 112 1 247 101
42 369 1216 1 467 1190
43 410 414 1 490 395
44 229 114 1 304 104
45 410 952 1 503 926
46 495 784 1 583 759
47 387 248 1 464 231
48 216 116 1 291 107
49 273 58 1 346 46
50 503 761 1 590 737
51 321 511 1 404 494
52 44 1100 1 148 1073
53 473 520 1 556 499
54 142 42 1 217 34
55 482 754 1 569 730
56 446 583 1 530 563
57 376 584 1 461 566
58 318 63 1 391 49
59 107 262 1 187 253
60 67 1184 1 174 1153
61 42 829 1 143 808
62 195 420 1 277 411
63 128 545 1 214 533
64 458 108 1 531 88
65 385 775 1 473 753
66 146 1010 1 244 985
67 132 1024 1 231 998
68 448 541 1 532 519
69 57 855 1 156 836
70 363 959 1 455 941
71 211 644 1 298 629
72 441 122 1 515 102
73 112 1166 1 214 1143
74 151 876 1 247 857
75 205 43 1 279 33
76 470 542 1 554 522
77 210 156 1 286 146
78 309 571 1 393 554
79 412 614 1 498 595
80 398 116 1 472 98
81 401 522 1 485 502
82 98 189 1 176 181
83 155 176 1 232 166
84 480 786 1 568 763
85 112 824 1 208 806
86 430 452 1 512 433
87 610 895 1 696 858
88 163 351 1 244 339
89 236 170 1 312 158
90 240 114 1 315 103
91 94 351 1 176 343
92 96 1089 1 199 1063
93 303 511 1 385 496
94 68 1038 1 171 1012
95 28 1131 1 133 1102
96 155 151 1 232 141
97 206 83 1 282 71
98 381 80 1 454 63
99 389 392 1 469 375
100 402 395 1 482 377
101 159 295 1 238 284
102 373 392 1 453 374
103 128 179 1 205 170
104 395 208 1 471 190
105 159 279 1 239 268
106 403 1060 1 497 1036
107 142 488 1 227 477
108 241 365 1 321 351
109 209 540 1 293 526
110 29 898 1 128 878
111 175 34 1 250 25
112 232 44 1 305 33
113 465 741 1 553 717
114 233 68 1 307 56
115 137 952 1 235 929
116 176 924 1 271 903
117 454 511 1 537 490
118 401 976 1 494 953
119 115 905 1 213 883
120 37 1017 1 143 989
121 390 708 1 476 689
122 210 235 1 289 223
123 403 1019 1 498 995
124 397 1033 1 491 1010
125 134 351 1 216 340
126 343 884 1 433 865
127 98 315 1 179 306
128 242 352 1 322 338
129 233 57 1 306 46
130 248 761 1 336 744
131 390 229 1 466 211
132 134 301 1 213 291
133 67 1219 1 175 1186
134 235 157 1 311 144
135 172 488 1 255 476
136 371 1060 1 465 1039
137 382 1242 1 481 1216
138 358 549 1 442 531
139 97 389 1 180 379
140 447 599 1 532 579
141 348 242 1 425 226
142 245 720 1 331 705
143 381 132 1 455 115
144 113 1088 1 215 1059
145 435 786 1 524 763
146 128 795 1 223 776
147 431 396 1 511 377
148 347 960 1 440 943
149 140 441 1 224 430
150 406 1009 1 500 985
151 226 579 1 311 564
152 47 879 1 147 858
153 429 576 1 513 556
154 161 756 1 253 738
155 455 278 1 533 259
156 453 965 1 545 941
157 205 59 1 280 48
158 134 320 1 215 310
159 176 579 1 262 566
160 332 1203 1 430 1180
161 290 64 1 363 51
162 389 416 1 470 398
163 119 966 1 218 944
164 77 1143 1 182 1115
165 383 38 1 455 21
166 453 71 1 526 51
167 387 162 1 462 145
168 35 888 1 135 869
169 126 956 1 222 936
170 82 1102 1 185 1073
171 387 104 1 461 86
172 109 250 1 188 241
173 129 202 1 206 192
174 302 523 1 385 507
175 157 202 1 235 191
176 397 699 1 484 680
177 157 319 1 241 308
178 387 786 1 475 764
179 434 82 1 507 63
180 418 783 1 507 760
181 444 760 1 533 737
182 386 753 1 474 730
183 58 1047 1 161 1022
184 169 460 1 252 448
185 216 351 1 296 339
186 107 458 1 191 448
187 173 526 1 258 514
188 426 512 1 509 493
189 423 82 1 495 63
190 387 763 1 475 740
191 434 273 1 511 253
192 144 965 1 241 942
193 71 948 1 171 926
194 414 740 1 502 717
195 123 766 1 218 748
196 125 152 1 202 144
197 453 820 1 542 796
198 151 602 1 238 589
199 401 222 1 477 204
200 170 746 1 263 727
201 438 657 1 524 637
202 77 247 1 158 238
203 352 864 1 444 842
204 446 738 1 534 715
205 110 839 1 206 819
206 115 1120 1 216 1093
207 296 156 1 371 142
208 137 371 1 220 360
209 328 562 1 412 545
210 63 1144 1 168 1114
211 329 489 1 412 472
212 411 126 1 485 108
213 253 579 1 338 563
214 84 487 1 170 476
215 308 63 1 381 49
216 333 583 1 418 565
217 54 1131 1 160 1103
218 381 203 1 457 186
219 27 841 1 128 819
220 317 440 1 399 424
221 453 90 1 525 70
222 351 446 1 432 428
223 377 1024 1 471 1004
224 410 977 1 503 953
225 167 438 1 250 427
226 377 596 1 461 578
227 25 1101 1 130 1075
228 106 1025 1 208 997
229 392 1061 1 486 1038
230 138 390 1 220 379
231 219 738 1 308 722
232 447 897 1 538 873
233 388 445 1 470 427
234 24 1035 1 128 1011
235 483 1084 1 577 1053
236 79 1215 1 186 1182
237 108 718 1 201 700
238 449 794 1 538 771
239 141 459 1 226 448
240 118 743 1 212 725
241 164 249 1 244 238
242 66 322 1 149 314
243 430 145 1 505 126
244 142 60 1 217 51
245 45 1041 1 148 1017
246 252 1204 1 350 1183
247 196 925 1 292 905
248 99 207 1 178 199
249 298 281 1 376 267
250 108 987 1 207 964
251 409 640 1 494 620
252 94 1169 1 197 1142
253 402 987 1 495 963
254 323 313 1 401 297
255 226 668 1 312 652
256 411 227 1 486 209
257 209 825 1 301 807
258 452 31 1 524 11
259 387 304 1 465 286
260 76 878 1 173 859
261 440 247 1 517 228
262 429 172 1 505 153
263 296 169 1 371 155
264 298 313 1 376 298
265 314 453 1 395 437
266 146 526 1 231 515
267 297 294 1 375 279
268 447 846 1 537 822
269 220 231 1 298 220
270 390 865 1 481 842
271 359 93 1 432 77
272 342 256 1 419 240
273 100 440 1 185 430
274 367 80 1 440 63
275 199 539 1 283 526
276 58 1174 1 162 1150
277 301 434 1 382 418
278 321 280 1 399 265
279 342 919 1 435 896
280 688 568 1 764 536
281 383 1194 1 480 1168
282 353 883 1 444 861
283 164 667 1 251 652
284 142 27 1 216 19
285 251 730 1 339 714
286 322 301 1 401 285
287 429 131 1 504 112
288 297 188 1 372 174
289 375 434 1 456 416
290 483 738 1 570 714
291 380 1107 1 475 1078
292 320 176 1 395 161
293 381 1184 1 480 1159
294 70 1102 1 173 1074
295 374 700 1 461 681
296 465 661 1 551 639
297 426 256 1 503 237
298 201 849 1 293 831
299 215 772 1 306 754
300 327 867 1 418 845
301 301 454 1 382 438
302 112 478 1 197 468
303 149 950 1 246 928
304 25 944 1 126 922
305 390 1117 1 486 1093
306 391 975 1 484 953
307 208 789 1 299 770
308 671 580 1 748 549
309 453 345 1 532 325
310 96 806 1 193 787
311 317 189 1 393 174
312 361 1200 1 458 1178
313 181 709 1 273 690
314 431 889 1 521 864
315 341 1201 1 440 1179
316 107 633 1 196 621
317 51 1211 1 158 1178
318 409 404 1 489 385
319 190 185 1 268 175
320 26 1058 1 128 1036
321 413 853 1 504 830
322 362 489 1 445 472
323 384 1173 1 481 1147
324 61 816 1 160 798
325 121 81 1 196 74
326 178 784 1 270 765
327 122 1035 1 224 1008
328 132 990 1 230 967
329 363 504 1 446 486
330 156 724 1 248 706
331 418 879 1 509 855
332 330 931 1 423 908
333 296 743 1 384 726
334 96 993 1 196 970
335 59 1003 1 161 978
336 495 1100 1 590 1071
337 125 640 1 214 627
338 423 665 1 509 646
339 488 773 1 576 748
340 331 512 1 414 495
341 339 571 1 423 554
342 384 1091 1 480 1060
343 457 134 1 531 114
344 33 803 1 131 786
345 444 159 1 515 136
346 81 789 1 177 771
347 463 1093 1 557 1062
348 216 296 1 295 284
349 482 424 1 563 404
350 48 771 1 145 753
351 369 1250 1 468 1224
352 441 667 1 527 647
353 96 266 1 176 258
354 418 950 1 510 926
355 400 126 1 474 108
356 434 923 1 525 898
357 377 416 1 459 398
358 443 950 1 536 926
359 415 774 1 503 751
360 226 655 1 312 640
361 430 156 1 505 137
362 494 750 1 581 725
363 345 583 1 430 565
364 95 49 1 171 42
365 300 965 1 393 943
366 427 834 1 516 811
367 384 915 1 476 891
368 345 1094 1 443 1065
369 46 802 1 144 785
370 360 387 1 440 370
371 40 990 1 143 965
372 430 415 1 512 395
373 499 806 1 588 781
374 536 1153 1 631 1119
375 436 500 1 519 480
376 430 750 1 517 727
377 155 1072 1 254 1045
378 381 174 1 456 157
379 41 976 1 144 952
380 181 758 1 273 739
381 467 730 1 554 707
382 320 159 1 394 145
383 107 489 1 192 479
384 217 105 1 292 95
385 166 390 1 247 378
386 307 580 1 391 564
387 404 1086 1 498 1057
388 437 1143 1 533 1118
389 307 281 1 385 266
390 182 101 1 258 92
391 245 1191 1 344 1159
392 362 450 1 444 432
393 117 756 1 211 737
394 430 215 1 506 196
395 367 814 1 457 791
396 483 1125 1 579 1096
397 172 873 1 266 855
398 307 1203 1 405 1181
399 218 782 1 308 764
400 319 81 1 392 66
401 357 124 1 430 108
402 35 1050 1 136 1023
403 374 97 1 446 80
404 281 864 1 373 843
405 454 42 1 526 22
406 92 728 1 187 710
407 372 1169 1 470 1146
408 291 80 1 365 66
409 438 352 1 517 333
410 377 239 1 453 221
411 138 421 1 221 410
412 118 717 1 212 700
413 419 749 1 507 727
414 332 527 1 416 510
415 61 1209 1 168 1176
416 430 774 1 518 751
417 131 279 1 211 270
418 376 274 1 453 256
419 317 41 1 389 27
420 176 80 1 251 70
421 25 888 1 123 869
422 423 69 1 495 50
423 238 710 1 325 694
424 444 397 1 525 378
425 436 827 1 526 803
426 446 413 1 527 393
427 118 543 1 204 532
428 217 323 1 297 312
429 147 749 1 240 731
430 170 233 1 249 224
431 172 127 1 249 120
432 376 798 1 465 776
433 306 75 1 380 61
434 177 425 1 262 413
435 207 908 1 301 888
436 431 100 1 505 81
437 429 546 1 513 526
438 233 179 1 309 167
439 393 1228 1 492 1202
440 164 948 1 259 927
441 442 438 1 524 419
442 78 325 1 160 317
443 391 1043 1 486 1020
444 416 102 1 490 84
445 323 1029 1 418 1008
446 508 776 1 596 751
447 172 767 1 264 749
448 462 53 1 534 34
449 300 915 1 392 895
450 373 636 1 458 617
451 423 1048 1 516 1022
452 119 815 1 215 795
453 377 1136 1 473 1114
454 416 447 1 497 429
455 32 975 1 133 952
456 438 329 1 517 309
457 431 187 1 506 168
458 221 396 1 302 383
459 170 421 1 253 409
460 255 623 1 341 608
461 446 918 1 537 894
462 146 355 1 228 345
463 338 1149 1 435 1127
464 442 260 1 519 241
465 166 1190 1 268 1162
466 445 103 1 518 84
467 633 513 1 711 486
468 463 89 1 536 68
469 198 555 1 283 540
470 108 813 1 204 793
471 449 906 1 539 882
472 226 538 1 311 524
473 215 177 1 291 165
474 359 241 1 435 224
475 346 101 1 420 86
476 569 451 1 648 428
477 431 521 1 514 502
478 306 607 1 391 590
479 148 579 1 235 566
480 398 609 1 483 590
481 82 1065 1 184 1039
482 341 1169 1 439 1147
483 231 192 1 307 180
484 427 844 1 518 820
485 436 585 1 520 565
486 234 838 1 327 817
487 37 839 1 137 819
488 217 343 1 298 330
489 434 67 1 507 47
490 276 960 1 370 938
491 117 1057 1 218 1031
492 163 656 1 251 642
493 58 776 1 153 759
494 334 1009 1 428 989
495 128 785 1 223 768
496 161 30 1 235 21
497 415 833 1 504 810
498 156 935 1 252 915
499 125 61 1 201 54
500 152 624 1 239 610
501 88 824 1 184 804
502 423 266 1 501 247
503 271 717 1 359 701
504 100 33 1 175 28
505 95 421 1 179 411
506 110 205 1 189 197
507 291 867 1 384 846
508 216 282 1 294 270
509 345 1050 1 439 1030
510 129 776 1 223 758
511 44 1074 1 148 1050
512 211 1126 1 309 1105
513 309 1193 1 407 1171
514 384 699 1 471 680
515 229 816 1 321 796
516 83 861 1 181 842
517 280 907 1 372 886
518 98 1044 1 198 1024
519 399 715 1 485 696
520 391 1002 1 484 978
521 393 938 1 485 914
522 224 728 1 313 712
523 444 132 1 519 113
524 561 700 1 645 672
525 162 40 1 235 32
526 92 704 1 186 687
527 389 526 1 473 507
528 317 1050 1 412 1031
529 537 662 1 622 637
530 52 1229 1 158 1199
531 329 389 1 409 373
532 95 91 1 171 84
533 175 846 1 268 826
534 151 902 1 247 878
535 233 1203 1 335 1170
536 314 781 1 404 762
537 652 1064 1 740 1017
538 332 548 1 416 531
539 384 878 1 475 855
540 311 312 1 390 297
541 278 537 1 362 522
542 299 384 1 379 369
543 344 897 1 435 874
544 389 490 1 471 471
545 193 1203 1 295 1171
546 467 101 1 542 81
547 168 222 1 247 213
548 433 363 1 512 344
549 30 910 1 130 891
550 404 885 1 495 861
551 98 221 1 177 213
552 102 730 1 197 712
553 43 1086 1 148 1060
554 224 830 1 315 812
555 310 300 1 389 285
556 212 1211 1 314 1179
557 450 57 1 523 37
558 321 291 1 399 275
559 530 391 1 610 370
560 338 869 1 430 846
561 388 796 1 477 773
562 349 874 1 440 851
563 348 907 1 440 883
564 110 37 1 185 31
565 253 860 1 345 838
566 381 953 1 474 930
567 195 838 1 287 819
568 107 389 1 189 380
569 493 1189 1 590 1158
570 81 732 1 176 715
571 318 430 1 399 413
572 159 56 1 234 47
573 108 420 1 191 409
574 428 969 1 520 945
575 373 1095 1 469 1065
576 278 878 1 371 857
577 426 324 1 504 305
578 370 1115 1 467 1085
579 264 863 1 356 842
580 625 525 1 703 498
581 439 911 1 530 887
582 335 1180 1 433 1159
583 297 713 1 384 696
584 279 1235 1 379 1212
585 123 556 1 210 543
586 344 1238 1 443 1214
587 418 1109 1 514 1084
588 464 120 1 538 100
589 145 720 1 238 703
590 212 807 1 303 788
591 211 195 1 287 183
592 69 892 1 167 873
593 457 501 1 539 480
594 344 1132 1 442 1102
595 191 1141 1 292 1110
596 439 174 1 514 154
597 437 196 1 513 177
598 357 104 1 431 88
599 492 1141 1 588 1110
600 386 274 1 463 256
601 396 1153 1 492 1127
602 595 474 1 674 449
603 435 877 1 525 853
604 428 376 1 508 358
605 399 636 1 485 618
606 218 313 1 297 302
607 469 173 1 545 153
