0 412 109 1 507 80
1 402 168 1 497 139
2 400 387 1 496 360
3 402 187 1 497 158
4 394 105 1 489 75
5 310 518 1 406 490
6 45 998 1 150 957
7 357 971 1 451 940
8 408 218 1 503 190
9 376 168 1 471 140
10 409 1223 1 503 1186
11 147 1088 1 247 1046
12 377 187 1 473 159
13 146 999 1 246 960
14 133 1220 1 233 1178
15 224 116 1 320 92
16 312 447 1 408 419
17 428 797 1 522 765
18 438 489 1 533 461
19 414 680 1 509 651
20 401 269 1 497 242
21 167 83 1 264 59
22 90 1157 1 192 1111
23 443 432 1 539 404
24 224 94 1 320 71
25 479 1132 1 571 1093
26 313 498 1 409 470
27 475 801 1 568 768
28 205 235 1 302 211
29 173 123 1 272 99
30 435 306 1 530 277
31 400 1135 1 494 1099
32 185 431 1 282 404
33 494 796 1 587 763
34 422 558 1 517 530
35 199 555 1 296 527
36 399 299 1 494 271
37 427 589 1 523 561
38 100 1155 1 202 1109
39 141 808 1 241 774
40 210 72 1 307 46
41 376 1223 1 471 1185
42 398 407 1 493 379
43 206 104 1 302 81
44 405 1028 1 500 993
45 495 784 1 588 752
46 371 239 1 466 212
47 193 107 1 289 84
48 250 49 1 346 24
49 502 760 1 595 729
50 310 507 1 406 479
51 39 1121 1 143 1075
52 465 513 1 560 485
53 118 36 1 216 13
54 187 799 1 286 766
55 481 754 1 574 723
56 438 577 1 534 549
57 368 580 1 464 552
58 297 54 1 392 27
59 88 261 1 186 236
60 432 512 1 528 484
61 306 435 1 401 408
62 25 904 1 129 865
63 116 547 1 214 519
64 439 96 1 534 66
65 88 882 1 191 845
66 382 777 1 476 746
67 147 105 1 246 81
68 440 535 1 536 506
69 202 645 1 300 616
70 423 110 1 518 81
71 181 36 1 278 12
72 463 536 1 558 508
73 128 856 1 228 821
74 29 914 1 133 877
75 189 151 1 285 126
76 678 1092 1 757 1038
77 300 569 1 395 540
78 406 610 1 501 582
79 379 105 1 474 77
80 391 517 1 488 487
81 76 187 1 174 163
82 134 172 1 231 147
83 380 1020 1 474 989
84 344 964 1 440 929
85 110 835 1 212 800
86 479 787 1 572 756
87 67 844 1 170 809
88 178 420 1 275 395
89 420 445 1 515 417
90 623 909 1 709 866
91 146 349 1 244 323
92 216 164 1 312 138
93 184 788 1 283 754
94 217 104 1 314 81
95 77 351 1 175 326
96 400 790 1 495 758
97 292 508 1 387 481
98 77 997 1 179 958
99 134 147 1 230 122
100 183 76 1 281 50
101 361 70 1 455 41
102 376 385 1 472 358
103 390 388 1 485 360
104 140 292 1 238 267
105 360 385 1 455 358
106 34 894 1 139 856
107 106 176 1 203 151
108 378 199 1 474 171
109 141 276 1 239 251
110 129 488 1 227 462
111 225 361 1 322 335
112 197 540 1 294 512
113 150 27 1 249 3
114 209 36 1 305 11
115 175 809 1 273 776
116 463 740 1 557 709
117 210 61 1 307 35
118 46 868 1 149 832
119 112 956 1 212 918
120 445 504 1 540 476
121 402 980 1 498 946
122 429 1070 1 522 1032
123 384 705 1 480 676
124 189 228 1 287 203
125 117 350 1 215 324
126 79 315 1 177 290
127 239 719 1 335 691
128 227 348 1 322 322
129 209 50 1 305 24
130 28 845 1 133 806
131 242 761 1 339 732
132 100 1139 1 201 1096
133 373 220 1 468 192
134 187 540 1 284 512
135 115 299 1 212 274
136 94 762 1 195 729
137 38 1193 1 140 1146
138 215 151 1 311 124
139 158 488 1 256 462
140 374 1059 1 468 1027
141 390 1248 1 485 1211
142 349 545 1 444 516
143 406 1054 1 501 1019
144 80 389 1 179 364
145 440 593 1 535 565
146 331 235 1 426 208
147 91 854 1 193 818
148 134 914 1 236 876
149 362 123 1 456 94
150 434 788 1 528 756
151 419 388 1 514 361
152 126 441 1 223 415
153 216 579 1 312 551
154 421 570 1 517 542
155 152 808 1 252 773
156 441 269 1 536 240
157 456 967 1 549 934
158 151 765 1 250 731
159 181 52 1 279 27
160 145 1028 1 246 986
161 219 835 1 316 803
162 116 318 1 214 293
163 166 580 1 263 552
164 339 1204 1 434 1170
165 268 56 1 363 29
166 377 409 1 472 381
167 362 27 1 456 0
168 433 59 1 529 29
169 368 153 1 464 125
170 171 901 1 269 867
171 81 933 1 183 895
172 368 93 1 463 65
173 89 248 1 187 224
174 108 199 1 205 174
175 291 520 1 387 492
176 137 198 1 234 173
177 392 696 1 487 667
178 104 1194 1 205 1151
179 286 67 1 381 39
180 205 872 1 300 842
181 384 788 1 478 756
182 414 71 1 509 41
183 416 785 1 510 753
184 255 1230 1 352 1191
185 443 761 1 537 729
186 382 754 1 477 722
187 140 1047 1 242 1003
188 155 459 1 252 433
189 200 348 1 296 322
190 92 459 1 191 433
191 161 527 1 258 500
192 417 506 1 512 478
193 404 70 1 498 41
194 384 764 1 477 732
195 62 870 1 163 834
196 46 1168 1 151 1120
197 418 794 1 511 762
198 337 884 1 432 849
199 75 872 1 177 836
200 112 776 1 213 742
201 103 149 1 200 124
202 452 821 1 546 788
203 141 604 1 239 576
204 384 213 1 479 185
205 408 1013 1 503 979
206 432 653 1 528 624
207 57 246 1 156 221
208 351 869 1 446 835
209 443 738 1 538 707
210 419 264 1 514 235
211 276 148 1 371 122
212 120 370 1 219 344
213 318 559 1 414 531
214 318 486 1 414 457
215 392 116 1 487 87
216 244 578 1 340 549
217 70 489 1 169 462
218 38 1108 1 142 1062
219 286 54 1 382 27
220 325 580 1 421 552
221 433 69 1 529 40
222 191 869 1 288 837
223 27 1149 1 135 1094
224 364 194 1 459 167
225 161 911 1 261 875
226 118 806 1 218 771
227 412 980 1 507 946
228 153 438 1 250 412
229 162 808 1 262 772
230 369 593 1 464 564
231 209 777 1 306 745
232 139 1066 1 240 1020
233 213 740 1 310 711
234 448 899 1 542 867
235 376 439 1 473 411
236 92 932 1 191 897
237 491 1094 1 582 1055
238 144 317 1 241 291
239 410 958 1 503 924
240 448 795 1 541 763
241 127 459 1 225 433
242 146 238 1 244 215
243 48 322 1 147 297
244 104 846 1 205 810
245 412 134 1 507 105
246 118 54 1 215 31
247 24 855 1 129 817
248 400 1037 1 495 1003
249 78 205 1 176 180
250 281 275 1 377 249
251 402 636 1 498 607
252 62 1215 1 167 1165
253 307 307 1 403 280
254 217 669 1 313 639
255 394 218 1 489 190
256 122 389 1 220 363
257 107 943 1 209 904
258 258 716 1 353 687
259 248 25 1 344 -1
260 372 297 1 468 269
261 424 238 1 520 209
262 412 162 1 508 133
263 276 162 1 372 135
264 282 308 1 378 281
265 302 449 1 397 422
266 133 527 1 231 501
267 389 1200 1 484 1163
268 281 289 1 376 262
269 447 848 1 541 815
270 200 224 1 296 200
271 389 869 1 483 835
272 136 747 1 237 713
273 338 83 1 433 55
274 325 249 1 421 222
275 85 441 1 184 415
276 346 70 1 441 42
277 42 1056 1 147 1012
278 288 430 1 384 403
279 304 274 1 400 247
280 342 925 1 437 890
281 325 934 1 420 901
282 351 888 1 446 855
283 155 669 1 252 639
284 244 729 1 341 701
285 306 294 1 402 267
286 410 120 1 506 91
287 410 739 1 505 709
288 278 181 1 373 154
289 363 428 1 458 400
290 481 737 1 574 706
291 405 1064 1 500 1029
292 301 168 1 396 141
293 150 1048 1 251 1004
294 109 1108 1 210 1062
295 368 697 1 464 668
296 461 657 1 555 628
297 24 818 1 125 781
298 410 247 1 506 218
299 325 872 1 419 839
300 288 451 1 384 423
301 390 1058 1 485 1023
302 98 480 1 197 453
303 169 875 1 265 842
304 392 978 1 487 945
305 90 1011 1 192 969
306 187 554 1 283 527
307 178 848 1 276 814
308 688 575 1 767 543
309 439 336 1 535 308
310 85 818 1 187 782
311 299 182 1 394 155
312 368 1201 1 462 1167
313 170 716 1 269 683
314 176 861 1 273 829
315 431 891 1 525 858
316 72 1008 1 176 968
317 349 1202 1 443 1168
318 96 636 1 196 608
319 418 1071 1 512 1032
320 397 397 1 492 369
321 186 727 1 283 696
322 413 856 1 507 823
323 351 485 1 447 457
324 390 1178 1 484 1142
325 97 77 1 195 53
326 149 1064 1 249 1020
327 44 778 1 148 743
328 40 848 1 143 812
329 352 500 1 448 472
330 163 982 1 262 944
331 291 743 1 386 714
332 42 1131 1 145 1085
333 384 1121 1 478 1080
334 369 966 1 464 932
335 72 862 1 174 826
336 72 1033 1 175 992
337 60 752 1 163 719
338 28 1041 1 133 994
339 115 644 1 214 615
340 197 724 1 294 693
341 417 661 1 512 633
342 433 79 1 528 49
343 155 855 1 255 819
344 195 854 1 294 821
345 321 509 1 416 480
346 329 568 1 425 540
347 389 1190 1 483 1153
348 389 1104 1 483 1062
349 439 122 1 535 93
350 51 1202 1 153 1156
351 425 145 1 521 118
352 150 923 1 250 887
353 109 1081 1 211 1037
354 470 1104 1 562 1064
355 198 292 1 295 266
356 472 415 1 567 388
357 436 663 1 531 634
358 77 265 1 175 240
359 416 750 1 510 718
360 188 987 1 286 952
361 381 115 1 476 87
362 150 865 1 249 830
363 436 926 1 529 892
364 48 1081 1 152 1037
365 364 409 1 460 381
366 445 952 1 540 919
367 412 775 1 506 743
368 218 655 1 313 627
369 412 145 1 507 116
370 493 749 1 586 717
371 336 580 1 432 552
372 69 44 1 169 22
373 395 1068 1 489 1032
374 384 919 1 479 885
375 141 703 1 238 673
376 349 1109 1 445 1067
377 347 382 1 443 354
378 419 407 1 515 379
379 499 806 1 593 774
380 548 1167 1 638 1125
381 427 494 1 522 466
382 427 750 1 521 719
383 363 164 1 458 137
384 70 934 1 171 897
385 465 730 1 558 699
386 300 151 1 396 125
387 93 491 1 191 464
388 78 834 1 179 799
389 194 95 1 290 72
390 150 389 1 247 362
391 297 578 1 393 550
392 409 1099 1 501 1059
393 97 814 1 199 780
394 444 1147 1 538 1112
395 291 275 1 386 248
396 159 92 1 255 70
397 248 1212 1 343 1165
398 350 444 1 446 416
399 105 766 1 206 732
400 413 206 1 509 177
401 365 816 1 459 784
402 491 1134 1 584 1096
403 171 940 1 269 904
404 293 934 1 387 900
405 313 1205 1 409 1170
406 75 972 1 178 933
407 298 72 1 393 45
408 337 115 1 432 87
409 66 740 1 168 708
410 156 998 1 255 960
411 123 904 1 224 866
412 80 843 1 183 807
413 355 86 1 448 59
414 277 871 1 374 837
415 434 28 1 529 -1
416 379 1174 1 473 1138
417 270 72 1 366 45
418 36 1098 1 140 1053
419 425 344 1 520 315
420 361 231 1 456 203
421 123 421 1 221 394
422 71 882 1 174 845
423 58 769 1 161 735
424 322 523 1 418 495
425 58 1239 1 162 1184
426 212 730 1 310 698
427 427 776 1 521 744
428 112 277 1 209 253
429 360 266 1 455 238
430 296 31 1 390 4
431 152 74 1 250 49
432 107 748 1 208 714
433 403 58 1 497 28
434 232 709 1 328 681
435 432 389 1 528 361
436 436 828 1 530 796
437 435 405 1 530 377
438 106 545 1 204 518
439 201 320 1 297 295
440 136 757 1 236 724
441 148 227 1 246 204
442 148 120 1 246 97
443 374 800 1 467 768
444 375 1186 1 470 1150
445 160 423 1 259 397
446 204 915 1 301 881
447 412 89 1 507 60
448 420 540 1 516 512
449 213 173 1 309 147
450 401 1234 1 495 1197
451 99 1168 1 202 1119
452 431 431 1 527 403
453 60 325 1 158 300
454 396 1048 1 490 1013
455 397 91 1 493 62
456 326 1030 1 421 998
457 508 775 1 601 744
458 95 1087 1 197 1042
459 441 40 1 537 10
460 372 1210 1 467 1175
461 334 935 1 429 900
462 366 632 1 461 604
463 427 1055 1 520 1019
464 389 1214 1 483 1177
465 321 1100 1 416 1058
466 382 1139 1 477 1105
467 404 441 1 500 414
468 55 812 1 159 776
469 424 320 1 520 292
470 414 177 1 509 148
471 206 393 1 302 367
472 156 419 1 253 393
473 246 623 1 342 595
474 126 354 1 225 328
475 167 748 1 267 715
476 426 251 1 522 223
477 416 883 1 509 850
478 426 92 1 521 62
479 102 911 1 202 875
480 641 503 1 725 474
481 444 76 1 539 46
482 56 840 1 159 803
483 167 177 1 265 154
484 423 1193 1 517 1157
485 450 908 1 543 876
486 215 538 1 312 510
487 195 171 1 291 146
488 342 233 1 437 206
489 325 92 1 421 64
490 567 440 1 657 412
491 422 515 1 518 487
492 298 605 1 394 576
493 222 742 1 319 712
494 137 581 1 235 553
495 391 605 1 486 577
496 199 825 1 297 790
497 347 1171 1 442 1137
498 52 919 1 154 883
499 211 187 1 307 161
500 427 845 1 521 813
501 428 579 1 524 551
502 230 845 1 327 811
503 201 340 1 298 313
504 415 55 1 510 25
505 80 917 1 182 880
506 276 965 1 372 931
507 155 659 1 252 630
508 158 716 1 258 683
509 150 732 1 249 700
510 336 1010 1 431 978
511 118 796 1 219 762
512 225 782 1 321 751
513 413 835 1 507 803
514 192 117 1 290 94
515 101 57 1 199 33
516 142 627 1 239 597
517 130 812 1 231 778
518 408 257 1 504 229
519 155 819 1 255 784
520 74 28 1 172 6
521 80 422 1 178 395
522 89 203 1 187 178
523 288 873 1 384 840
524 172 410 1 269 384
525 198 278 1 294 252
526 348 1050 1 442 1019
527 118 786 1 218 752
528 59 999 1 163 957
529 43 837 1 144 804
530 316 1195 1 411 1160
531 222 823 1 320 789
532 45 1239 1 152 1186
533 278 911 1 374 878
534 126 1240 1 228 1189
535 393 712 1 488 684
536 393 1006 1 487 972
537 393 942 1 488 908
538 426 121 1 522 92
539 563 699 1 653 666
540 137 33 1 234 10
541 78 712 1 180 680
542 379 521 1 475 492
543 206 860 1 303 827
544 79 983 1 181 944
545 535 659 1 628 628
546 103 1003 1 204 963
547 316 384 1 411 357
548 71 86 1 169 63
549 336 1105 1 431 1064
550 82 684 1 184 653
551 79 43 1 177 20
552 322 544 1 418 517
553 383 881 1 478 848
554 295 307 1 391 279
555 268 536 1 363 508
556 285 380 1 380 353
557 373 1070 1 467 1038
558 378 485 1 474 456
559 149 972 1 248 933
560 449 88 1 545 59
561 146 216 1 244 193
562 420 355 1 515 327
563 127 697 1 227 666
564 403 888 1 498 855
565 77 219 1 175 195
566 89 740 1 191 706
567 135 717 1 235 685
568 373 1238 1 468 1201
569 294 294 1 390 267
570 215 1233 1 313 1185
571 431 44 1 526 14
572 304 285 1 400 257
573 521 379 1 615 352
574 337 874 1 432 840
575 385 798 1 479 766
576 347 878 1 442 845
577 347 912 1 442 878
578 85 32 1 182 9
579 491 1144 1 582 1104
580 248 866 1 345 832
581 382 958 1 477 924
582 307 1150 1 403 1115
583 90 390 1 189 365
584 503 1200 1 596 1160
585 256 1165 1 352 1129
586 305 425 1 401 398
587 135 51 1 233 26
588 92 420 1 190 394
589 299 618 1 395 589
590 377 1108 1 471 1067
591 275 885 1 372 851
592 411 316 1 507 288
593 375 1129 1 469 1087
594 260 870 1 356 836
595 632 518 1 718 487
596 440 914 1 534 881
597 341 1181 1 436 1148
598 291 712 1 387 683
599 112 558 1 210 530
600 352 1244 1 446 1206
601 424 1114 1 518 1079
602 445 107 1 541 78
603 354 715 1 448 685
604 90 1065 1 191 1022
605 133 728 1 234 695
606 205 814 1 302 781
607 191 190 1 287 164
608 78 804 1 181 768
609 447 493 1 543 465
610 349 1148 1 444 1105
611 191 1161 1 290 1115
612 421 163 1 517 134
613 420 186 1 516 158
614 337 94 1 432 66
615 146 1104 1 247 1059
616 501 1150 1 593 1111
617 370 266 1 466 238
618 401 1158 1 495 1122
619 442 937 1 536 904
620 597 462 1 685 434
621 436 879 1 529 846
622 415 369 1 511 341
623 295 1019 1 390 987
624 392 633 1 488 605
625 200 310 1 297 284
626 453 161 1 548 132
