0 396 127 1 509 70
1 387 185 1 499 130
2 388 405 1 497 352
3 387 205 1 499 149
4 379 123 1 490 65
5 300 538 1 407 483
6 37 1030 1 148 956
7 352 990 1 453 934
8 393 236 1 505 180
9 361 187 1 473 131
10 410 1249 1 506 1184
11 141 1120 1 247 1046
12 362 205 1 474 149
13 432 527 1 540 473
14 207 135 1 320 81
15 300 466 1 409 411
16 422 818 1 525 761
17 428 507 1 536 453
18 406 699 1 511 645
19 388 287 1 499 233
20 151 105 1 264 49
21 432 449 1 541 396
22 208 113 1 320 59
23 479 1158 1 575 1093
24 303 517 1 411 463
25 470 822 1 572 764
26 190 255 1 302 201
27 157 142 1 271 88
28 422 323 1 532 269
29 399 1159 1 497 1097
30 174 452 1 283 397
31 490 816 1 591 759
32 413 576 1 520 523
33 189 576 1 297 521
34 144 940 1 252 873
35 386 317 1 496 263
36 419 608 1 525 555
37 132 834 1 241 771
38 193 93 1 307 36
39 137 1059 1 245 987
40 377 1249 1 473 1183
41 386 425 1 495 371
42 189 123 1 302 69
43 168 95 1 281 40
44 490 804 1 592 749
45 357 257 1 468 203
46 177 126 1 288 73
47 234 69 1 346 13
48 497 780 1 599 725
49 300 527 1 407 472
50 31 1156 1 141 1076
51 456 531 1 563 478
52 101 58 1 215 2
53 104 916 1 213 850
54 476 775 1 578 719
55 156 1008 1 262 942
56 430 595 1 536 543
57 359 599 1 466 545
58 281 74 1 393 16
59 73 282 1 185 228
60 422 530 1 530 477
61 294 454 1 402 401
62 105 569 1 215 513
63 423 113 1 536 56
64 376 800 1 478 742
65 431 553 1 538 499
66 79 1108 1 186 1034
67 93 1177 1 197 1105
68 193 666 1 301 610
69 407 128 1 520 70
70 104 984 1 212 916
71 166 832 1 274 771
72 164 57 1 278 1
73 454 554 1 561 501
74 151 41 1 265 -15
75 174 171 1 285 116
76 687 1129 1 771 1051
77 80 1060 1 187 987
78 290 588 1 396 533
79 397 629 1 503 575
80 363 123 1 476 66
81 112 1154 1 220 1078
82 382 534 1 489 480
83 61 209 1 174 154
84 119 193 1 231 138
85 377 1040 1 476 983
86 340 989 1 442 927
87 474 807 1 576 752
88 164 441 1 275 388
89 409 463 1 517 410
90 626 936 1 718 870
91 133 370 1 244 315
92 200 184 1 312 129
93 176 812 1 283 750
94 200 123 1 314 69
95 63 373 1 175 319
96 126 941 1 234 875
97 394 812 1 497 754
98 281 528 1 388 474
99 69 1027 1 178 956
100 118 168 1 230 112
101 35 896 1 147 830
102 83 1193 1 191 1113
103 345 88 1 457 31
104 364 404 1 473 350
105 378 406 1 487 352
106 126 314 1 238 259
107 348 404 1 457 350
108 91 197 1 203 142
109 364 217 1 475 162
110 127 297 1 239 243
111 117 510 1 227 455
112 213 382 1 322 327
113 187 561 1 295 506
114 134 49 1 248 -7
115 192 57 1 305 0
116 142 836 1 251 771
117 458 761 1 560 705
118 194 82 1 307 25
119 118 885 1 227 819
120 212 858 1 317 798
121 428 1096 1 525 1032
122 377 724 1 482 670
123 174 247 1 286 193
124 104 371 1 215 316
125 65 337 1 177 282
126 231 740 1 336 684
127 214 369 1 323 314
128 193 71 1 306 14
129 163 966 1 269 901
130 358 238 1 470 183
131 176 561 1 285 506
132 101 320 1 212 266
133 83 789 1 194 726
134 200 171 1 311 115
135 147 510 1 256 455
136 372 1080 1 470 1022
137 339 564 1 446 510
138 405 1077 1 503 1016
139 185 891 1 289 832
140 68 412 1 179 356
141 431 612 1 537 559
142 317 254 1 428 199
143 82 881 1 192 816
144 403 1045 1 502 985
145 146 681 1 253 624
146 346 141 1 458 84
147 35 1091 1 145 1013
148 428 809 1 530 752
149 152 836 1 261 770
150 407 406 1 517 353
151 113 462 1 223 408
152 29 876 1 141 809
153 30 1142 1 140 1063
154 206 600 1 313 544
155 412 589 1 519 536
156 427 286 1 538 231
157 453 989 1 552 931
158 141 789 1 249 727
159 165 73 1 279 16
160 103 340 1 214 285
161 155 602 1 263 546
162 339 1228 1 436 1165
163 251 75 1 364 18
164 365 427 1 474 373
165 62 911 1 173 843
166 345 46 1 458 -11
167 418 77 1 530 18
168 353 172 1 465 115
169 78 983 1 187 916
170 100 864 1 210 798
171 352 111 1 464 54
172 74 270 1 187 215
173 33 865 1 144 800
174 93 220 1 205 165
175 281 540 1 388 485
176 122 219 1 234 164
177 234 781 1 340 726
178 384 715 1 489 661
179 690 594 1 783 538
180 270 87 1 381 29
181 198 894 1 302 836
182 378 810 1 480 752
183 398 89 1 511 31
184 410 806 1 512 749
185 58 871 1 169 806
186 437 783 1 540 725
187 375 776 1 479 718
188 136 1079 1 242 1004
189 143 481 1 253 426
190 187 368 1 297 315
191 80 481 1 191 426
192 150 548 1 259 493
193 407 524 1 514 471
194 387 88 1 500 30
195 377 786 1 479 728
196 412 816 1 513 759
197 394 1069 1 492 1009
198 332 907 1 434 846
199 66 900 1 176 834
200 102 802 1 212 739
201 87 170 1 200 115
202 447 842 1 549 785
203 131 626 1 239 569
204 369 231 1 481 176
205 405 1036 1 506 976
206 425 671 1 530 618
207 42 268 1 155 212
208 346 892 1 448 832
209 437 759 1 541 703
210 405 281 1 516 226
211 261 168 1 372 112
212 45 1055 1 156 981
213 107 392 1 219 336
214 309 579 1 415 524
215 307 505 1 416 450
216 377 134 1 489 76
217 234 598 1 341 543
218 58 511 1 169 455
219 27 984 1 138 913
220 270 74 1 383 16
221 315 599 1 422 545
222 417 87 1 531 29
223 202 800 1 307 740
224 286 621 1 392 566
225 349 213 1 460 157
226 187 874 1 292 813
227 107 833 1 217 769
228 130 1030 1 234 963
229 141 459 1 250 405
230 54 1155 1 163 1076
231 360 611 1 466 557
232 50 907 1 160 840
233 36 973 1 144 904
234 132 1098 1 239 1022
235 124 952 1 230 887
236 445 921 1 544 864
237 365 458 1 475 404
238 370 1091 1 469 1033
239 491 1121 1 586 1056
240 130 338 1 241 283
241 442 816 1 544 760
242 115 481 1 226 426
243 131 259 1 243 205
244 93 791 1 204 728
245 177 748 1 284 691
246 34 344 1 147 289
247 180 724 1 286 667
248 397 152 1 509 95
249 366 988 1 466 928
250 102 76 1 215 21
251 188 772 1 293 715
252 71 961 1 182 894
253 289 537 1 397 482
254 63 227 1 176 171
255 268 294 1 378 240
256 393 655 1 500 601
257 67 839 1 176 775
258 294 326 1 404 271
259 209 690 1 314 633
260 380 236 1 490 181
261 109 410 1 220 356
262 250 736 1 355 681
263 231 45 1 345 -11
264 359 315 1 469 260
265 410 255 1 522 200
266 397 179 1 510 123
267 141 1015 1 246 946
268 261 181 1 373 126
269 269 327 1 379 272
270 290 468 1 398 414
271 122 549 1 232 494
272 389 1225 1 486 1161
273 267 308 1 377 253
274 442 869 1 544 812
275 185 244 1 296 190
276 384 891 1 486 832
277 126 772 1 236 710
278 322 102 1 435 45
279 311 268 1 422 213
280 73 463 1 184 408
281 330 89 1 443 31
282 134 118 1 248 65
283 276 449 1 385 395
284 291 293 1 401 238
285 337 949 1 439 888
286 321 958 1 422 898
287 67 861 1 178 796
288 347 911 1 448 852
289 146 691 1 253 633
290 235 751 1 342 695
291 293 314 1 403 259
292 395 138 1 508 81
293 404 760 1 508 705
294 262 200 1 374 145
295 352 446 1 460 392
296 476 757 1 578 702
297 404 1087 1 503 1026
298 286 187 1 397 131
299 144 1079 1 250 1005
300 361 716 1 466 662
301 453 676 1 558 622
302 397 264 1 508 209
303 143 1094 1 249 1021
304 424 1139 1 520 1076
305 319 896 1 421 836
306 276 470 1 385 416
307 389 1082 1 487 1021
308 86 502 1 197 446
309 162 899 1 266 837
310 67 1183 1 174 1108
311 389 1001 1 490 942
312 176 575 1 284 520
313 24 897 1 137 828
314 427 354 1 537 300
315 284 201 1 395 145
316 367 1224 1 465 1162
317 168 886 1 274 824
318 427 913 1 527 855
319 65 1040 1 174 967
320 348 1226 1 446 1163
321 165 926 1 270 863
322 87 659 1 197 602
323 385 415 1 494 361
324 404 980 1 505 921
325 408 877 1 509 820
326 341 504 1 449 450
327 389 1203 1 487 1139
328 24 969 1 134 899
329 431 839 1 533 782
330 81 98 1 194 43
331 32 806 1 145 740
332 100 971 1 208 903
333 342 518 1 450 465
334 283 764 1 387 709
335 383 1150 1 480 1081
336 46 924 1 156 858
337 62 891 1 172 824
338 52 896 1 162 831
339 49 779 1 161 716
340 69 871 1 178 806
341 34 1065 1 145 991
342 187 746 1 294 688
343 409 680 1 514 627
344 417 97 1 530 38
345 46 866 1 157 801
346 310 528 1 418 473
347 320 587 1 427 533
348 389 1215 1 486 1150
349 388 1132 1 485 1063
350 423 139 1 537 82
351 75 820 1 187 754
352 103 1113 1 210 1038
353 470 1131 1 566 1065
354 29 837 1 140 773
355 185 313 1 296 258
356 461 432 1 570 380
357 94 937 1 202 872
358 428 681 1 533 628
359 37 855 1 148 791
360 62 286 1 174 232
361 28 1131 1 138 1053
362 72 971 1 181 903
363 410 769 1 513 713
364 183 1013 1 287 948
365 365 134 1 478 77
366 432 948 1 532 889
367 165 738 1 273 679
368 353 427 1 462 373
369 442 974 1 543 916
370 406 797 1 509 740
371 110 868 1 219 805
372 209 677 1 315 621
373 397 163 1 509 107
374 487 769 1 590 713
375 327 599 1 434 545
376 54 68 1 168 12
377 393 1091 1 492 1029
378 380 942 1 481 882
379 348 1137 1 447 1068
380 335 400 1 444 346
381 407 425 1 517 371
382 495 826 1 596 771
383 551 1196 1 643 1129
384 416 511 1 524 458
385 420 771 1 524 715
386 348 183 1 460 127
387 45 1096 1 156 1016
388 458 751 1 561 695
389 113 1139 1 219 1067
390 285 171 1 397 115
391 81 513 1 192 457
392 308 1184 1 407 1121
393 177 115 1 289 61
394 137 410 1 248 354
395 288 597 1 394 544
396 408 1127 1 504 1060
397 87 841 1 198 777
398 444 1171 1 540 1110
399 277 295 1 387 240
400 339 463 1 448 409
401 65 1066 1 174 992
402 399 223 1 510 167
403 358 839 1 461 780
404 492 1160 1 587 1096
405 288 957 1 388 896
406 313 1229 1 411 1166
407 434 1068 1 531 1006
408 282 92 1 394 34
409 321 133 1 433 77
410 55 765 1 166 704
411 148 1025 1 255 958
412 426 515 1 534 462
413 338 105 1 449 48
414 271 895 1 375 834
415 417 46 1 531 -12
416 378 1199 1 476 1135
417 254 92 1 367 34
418 412 361 1 522 307
419 346 249 1 457 193
420 110 442 1 221 387
421 46 796 1 159 732
422 312 542 1 419 488
423 421 797 1 524 740
424 98 299 1 209 244
425 346 284 1 457 229
426 279 51 1 390 -5
427 136 95 1 250 39
428 96 774 1 206 711
429 386 76 1 499 18
430 224 730 1 329 674
431 420 406 1 530 353
432 431 849 1 533 792
433 424 423 1 533 369
434 95 567 1 204 512
435 187 341 1 298 286
436 126 783 1 235 721
437 133 247 1 245 194
438 132 140 1 245 86
439 99 42 1 212 -16
440 368 822 1 470 764
441 375 1211 1 472 1147
442 147 444 1 259 390
443 197 940 1 302 877
444 396 107 1 509 49
445 104 1165 1 211 1088
446 411 558 1 518 505
447 198 193 1 310 138
448 134 648 1 241 592
449 391 1038 1 491 978
450 269 1081 1 370 1016
451 420 448 1 529 395
452 46 347 1 158 292
453 109 1087 1 218 1012
454 323 1053 1 423 993
455 503 796 1 605 740
456 88 1119 1 196 1043
457 425 58 1 539 0
458 372 1234 1 469 1171
459 330 958 1 431 897
460 357 651 1 463 597
461 426 1079 1 523 1018
462 389 1240 1 486 1175
463 319 1129 1 418 1059
464 381 1164 1 479 1101
465 406 213 1 518 157
466 38 818 1 150 754
467 394 459 1 502 406
468 44 839 1 157 774
469 411 338 1 522 283
470 399 195 1 511 138
471 193 413 1 302 359
472 143 441 1 253 386
473 237 644 1 344 588
474 73 768 1 184 706
475 112 375 1 225 320
476 454 1168 1 549 1103
477 413 269 1 524 214
478 681 1141 1 765 1061
479 411 906 1 512 847
480 410 109 1 523 51
481 638 520 1 737 467
482 427 93 1 541 35
483 151 196 1 264 143
484 331 929 1 433 872
485 424 1218 1 519 1154
486 446 931 1 546 872
487 204 558 1 313 503
488 179 192 1 291 137
489 328 251 1 439 196
490 310 110 1 422 53
491 559 455 1 663 403
492 412 534 1 520 480
493 214 764 1 320 706
494 127 603 1 235 546
495 382 623 1 488 570
496 347 1194 1 444 1132
497 197 207 1 308 152
498 422 866 1 524 810
499 419 597 1 526 544
500 222 869 1 327 808
501 188 360 1 298 305
502 398 73 1 512 14
503 271 989 1 373 927
504 50 978 1 159 911
505 27 1002 1 138 930
506 148 740 1 257 680
507 140 756 1 249 696
508 333 1033 1 433 973
509 108 823 1 218 759
510 216 803 1 322 746
511 408 856 1 510 799
512 176 136 1 289 83
513 84 79 1 199 23
514 538 939 1 635 879
515 121 839 1 230 775
516 394 275 1 505 220
517 58 51 1 171 -4
518 68 443 1 178 388
519 244 1239 1 345 1162
520 74 224 1 187 169
521 282 898 1 386 837
522 158 430 1 269 376
523 184 298 1 295 244
524 345 1072 1 444 1014
525 108 813 1 217 749
526 51 1030 1 162 957
527 315 1219 1 413 1155
528 215 847 1 321 786
529 155 1220 1 259 1143
530 272 935 1 375 874
531 453 1178 1 549 1112
532 386 731 1 490 678
533 390 1029 1 490 969
534 390 966 1 490 906
535 411 139 1 524 81
536 559 719 1 659 663
537 120 55 1 233 0
538 66 738 1 178 676
539 370 539 1 477 485
540 199 883 1 304 823
541 70 1013 1 180 943
542 530 677 1 633 623
543 95 1032 1 203 962
544 303 403 1 412 349
545 55 109 1 168 53
546 334 1134 1 433 1065
547 69 710 1 182 649
548 63 67 1 176 10
549 313 564 1 420 510
550 378 904 1 480 845
551 282 326 1 392 271
552 257 555 1 365 501
553 272 399 1 382 345
554 171 767 1 278 708
555 367 502 1 475 449
556 140 1000 1 248 932
557 155 937 1 261 872
558 433 106 1 547 48
559 131 236 1 243 183
560 408 373 1 517 319
561 146 973 1 251 908
562 399 911 1 500 852
563 62 240 1 175 186
564 580 799 1 677 741
565 124 742 1 234 681
566 157 981 1 261 915
567 250 1199 1 350 1131
568 281 313 1 391 259
569 102 1139 1 209 1063
570 414 63 1 527 3
571 291 304 1 401 249
572 511 395 1 620 343
573 331 898 1 433 837
574 379 820 1 482 762
575 342 936 1 444 875
576 68 54 1 182 0
577 491 1170 1 586 1105
578 241 891 1 346 829
579 186 861 1 291 801
580 306 1174 1 405 1111
581 78 412 1 189 357
582 505 1227 1 600 1161
583 254 1189 1 354 1122
584 185 799 1 291 739
585 119 72 1 232 16
586 79 442 1 190 387
587 290 637 1 396 583
588 376 1137 1 474 1069
589 269 910 1 373 848
590 399 334 1 509 279
591 374 1158 1 472 1089
592 253 895 1 357 833
593 629 535 1 728 480
594 437 935 1 537 878
595 341 1205 1 438 1143
596 283 733 1 388 677
597 101 580 1 210 523
598 107 1101 1 213 1029
599 430 126 1 543 67
600 346 734 1 450 680
601 144 951 1 250 885
602 82 1097 1 190 1022
603 123 753 1 233 691
604 197 839 1 303 777
605 176 210 1 287 155
606 437 511 1 545 458
607 348 1179 1 446 1107
608 187 1195 1 290 1117
609 407 180 1 519 124
610 406 204 1 518 148
611 321 113 1 433 56
612 154 1101 1 259 1027
613 502 1176 1 597 1112
614 357 284 1 467 229
615 400 1182 1 498 1119
616 439 958 1 539 901
617 590 478 1 693 426
618 432 901 1 532 843
619 403 387 1 513 333
620 291 1041 1 392 982
621 384 652 1 490 598
622 187 330 1 297 276
623 438 178 1 550 122
