0 414 58 1 512 50
1 405 119 1 502 111
2 404 345 1 501 336
3 405 139 1 502 130
4 396 54 1 493 45
5 312 480 1 409 470
6 41 983 1 143 957
7 162 37 1 263 29
8 446 495 1 542 486
9 75 875 1 176 855
10 411 171 1 508 162
11 378 120 1 475 112
12 417 1196 1 510 1179
13 114 857 1 215 834
14 379 140 1 477 131
15 448 470 1 544 460
16 219 63 1 319 59
17 313 407 1 411 397
18 435 770 1 529 755
19 443 449 1 539 439
20 419 644 1 514 634
21 405 224 1 502 215
22 382 1244 1 475 1226
23 166 948 1 264 932
24 448 391 1 545 381
25 219 40 1 319 37
26 488 1114 1 581 1094
27 316 459 1 413 449
28 483 773 1 577 758
29 201 188 1 301 182
30 87 1149 1 188 1117
31 168 72 1 269 66
32 439 261 1 536 252
33 118 1108 1 217 1081
34 407 1108 1 501 1092
35 185 391 1 283 382
36 504 768 1 597 753
37 427 519 1 523 510
38 200 518 1 298 508
39 402 255 1 499 246
40 433 553 1 529 542
41 208 24 1 307 17
42 95 941 1 196 920
43 415 1246 1 508 1229
44 384 1196 1 477 1178
45 401 366 1 498 356
46 179 24 1 281 20
47 505 756 1 598 742
48 373 194 1 471 186
49 187 54 1 287 51
50 512 732 1 605 719
51 313 468 1 410 459
52 36 1109 1 137 1078
53 101 1123 1 198 1100
54 300 542 1 397 531
55 124 1069 1 222 1047
56 491 726 1 584 712
57 226 750 1 323 737
58 444 540 1 540 530
59 373 542 1 469 532
60 84 218 1 184 211
61 437 473 1 534 463
62 307 395 1 404 387
63 116 510 1 215 500
64 443 43 1 540 35
65 386 1058 1 481 1043
66 40 846 1 143 826
67 424 947 1 518 931
68 95 836 1 197 816
69 147 909 1 245 891
70 205 609 1 302 598
71 426 59 1 523 51
72 30 1148 1 132 1116
73 105 815 1 206 794
74 470 499 1 566 488
75 186 103 1 285 98
76 139 1119 1 237 1097
77 138 784 1 238 766
78 303 531 1 399 520
79 410 573 1 506 563
80 381 55 1 479 46
81 396 477 1 493 467
82 71 142 1 173 136
83 130 126 1 230 120
84 386 984 1 480 973
85 349 940 1 445 923
86 56 1054 1 159 1026
87 488 759 1 581 746
88 90 910 1 191 888
89 199 51 1 300 48
90 424 404 1 521 395
91 34 1095 1 136 1065
92 649 910 1 735 881
93 144 308 1 244 300
94 213 117 1 313 110
95 386 749 1 481 735
96 212 51 1 313 48
97 73 311 1 174 304
98 406 762 1 501 747
99 152 892 1 250 870
100 129 99 1 229 94
101 379 344 1 476 335
102 393 346 1 490 337
103 137 250 1 238 243
104 363 343 1 460 335
105 692 1087 1 772 1047
106 101 130 1 202 124
107 380 152 1 478 144
108 138 233 1 239 226
109 65 1190 1 166 1160
110 128 451 1 228 442
111 225 320 1 323 312
112 198 503 1 296 493
113 102 897 1 200 878
114 472 712 1 566 698
115 143 768 1 243 750
116 74 1082 1 175 1055
117 184 180 1 285 174
118 115 309 1 215 301
119 75 274 1 176 266
120 114 890 1 215 869
121 226 307 1 324 298
122 375 174 1 472 165
123 188 503 1 286 493
124 97 747 1 199 729
125 112 257 1 212 250
126 471 475 1 567 465
127 213 103 1 312 96
128 158 450 1 257 441
129 381 1024 1 474 1012
130 88 852 1 189 833
131 352 507 1 449 496
132 414 1027 1 507 1011
133 77 350 1 178 342
134 446 556 1 541 546
135 332 189 1 430 181
136 110 933 1 210 912
137 157 623 1 254 612
138 363 72 1 460 65
139 125 981 1 223 960
140 441 760 1 535 746
141 170 734 1 269 719
142 423 346 1 520 337
143 49 1138 1 150 1111
144 124 402 1 223 394
145 388 670 1 484 660
146 339 29 1 436 24
147 218 542 1 315 532
148 173 381 1 273 373
149 426 533 1 523 523
150 69 1112 1 171 1083
151 445 223 1 542 214
152 464 940 1 557 925
153 316 1124 1 410 1111
154 49 1191 1 150 1160
155 24 819 1 127 800
156 113 277 1 213 270
157 167 544 1 264 533
158 347 1169 1 440 1155
159 380 367 1 477 358
160 103 1147 1 204 1114
161 137 976 1 235 957
162 370 104 1 468 96
163 369 42 1 467 34
164 84 205 1 186 199
165 103 154 1 204 147
166 293 481 1 390 472
167 133 153 1 233 146
168 397 659 1 493 649
169 34 824 1 137 805
170 389 760 1 483 745
171 449 24 1 545 14
172 422 757 1 516 742
173 450 734 1 545 719
174 387 726 1 482 711
175 145 833 1 245 813
176 155 421 1 253 413
177 199 306 1 298 299
178 101 888 1 200 867
179 91 421 1 191 412
180 161 490 1 260 480
181 421 467 1 518 457
182 243 681 1 339 671
183 423 1030 1 516 1014
184 389 736 1 483 721
185 424 767 1 518 752
186 133 1089 1 232 1062
187 455 768 1 549 753
188 88 739 1 190 720
189 107 751 1 208 733
190 385 660 1 482 651
191 97 101 1 199 96
192 459 793 1 553 778
193 142 568 1 240 557
194 386 166 1 483 158
195 414 986 1 510 970
196 160 781 1 258 764
197 439 616 1 534 606
198 51 203 1 154 196
199 39 1020 1 141 992
200 451 710 1 546 696
201 422 218 1 519 209
202 275 100 1 373 93
203 48 1009 1 152 982
204 322 521 1 418 511
205 321 446 1 418 436
206 395 65 1 492 57
207 245 541 1 342 530
208 68 452 1 169 442
209 398 1221 1 491 1204
210 30 935 1 133 911
211 328 543 1 425 532
212 49 802 1 152 782
213 209 747 1 306 735
214 298 564 1 394 553
215 366 147 1 463 139
216 127 922 1 226 902
217 152 399 1 251 391
218 200 321 1 298 314
219 373 555 1 469 544
220 148 737 1 247 721
221 85 1060 1 184 1033
222 71 850 1 173 829
223 456 873 1 549 858
224 381 399 1 478 389
225 379 1034 1 473 1023
226 501 1080 1 592 1058
227 141 275 1 241 267
228 118 328 1 219 321
229 126 422 1 226 412
230 139 192 1 241 187
231 43 282 1 146 274
232 378 738 1 473 722
233 415 84 1 512 76
234 77 928 1 177 906
235 302 479 1 399 469
236 73 161 1 175 154
237 282 231 1 379 224
238 106 1162 1 204 1137
239 407 599 1 503 589
240 46 1110 1 148 1081
241 67 1023 1 167 1001
242 308 264 1 406 255
243 73 809 1 176 788
244 220 633 1 316 621
245 397 172 1 493 163
246 119 349 1 220 341
247 385 1235 1 478 1217
248 374 253 1 472 244
249 428 191 1 525 183
250 415 113 1 513 104
251 34 899 1 138 875
252 276 114 1 374 107
253 282 264 1 380 256
254 304 409 1 400 400
255 133 490 1 232 481
256 397 1173 1 490 1156
257 281 245 1 379 237
258 455 820 1 549 805
259 195 177 1 295 171
260 395 842 1 489 826
261 134 709 1 235 692
262 132 721 1 233 704
263 327 204 1 424 196
264 83 403 1 184 394
265 40 747 1 144 729
266 143 45 1 245 43
267 148 747 1 247 731
268 289 390 1 387 381
269 305 230 1 403 221
270 347 899 1 441 883
271 92 793 1 194 773
272 164 907 1 262 889
273 155 796 1 254 777
274 357 862 1 451 846
275 121 789 1 222 772
276 307 251 1 405 242
277 204 782 1 303 767
278 413 70 1 511 61
279 416 711 1 512 697
280 277 134 1 375 127
281 367 387 1 463 377
282 490 708 1 584 694
283 37 871 1 140 850
284 109 794 1 211 774
285 301 120 1 398 113
286 107 922 1 207 900
287 373 660 1 469 650
288 114 773 1 215 754
289 468 624 1 563 612
290 292 470 1 390 461
291 414 201 1 511 192
292 106 912 1 207 893
293 329 847 1 423 831
294 290 411 1 387 402
295 397 1032 1 491 1015
296 96 443 1 197 433
297 101 722 1 203 705
298 135 699 1 237 681
299 188 517 1 285 507
300 444 293 1 541 283
301 299 135 1 396 127
302 254 692 1 350 681
303 438 865 1 532 849
304 356 1167 1 449 1154
305 27 980 1 129 955
306 169 850 1 266 834
307 400 356 1 497 346
308 161 724 1 262 707
309 419 829 1 513 814
310 355 446 1 452 436
311 443 790 1 537 775
312 90 26 1 193 24
313 199 834 1 296 821
314 124 834 1 224 816
315 356 461 1 453 451
316 191 689 1 288 676
317 657 481 1 744 467
318 294 708 1 390 697
319 43 779 1 147 760
320 329 1253 1 423 1238
321 200 802 1 297 786
322 54 727 1 157 710
323 75 1193 1 174 1167
324 72 909 1 173 888
325 423 625 1 518 615
326 437 27 1 534 18
327 406 1236 1 499 1219
328 215 1160 1 309 1145
329 324 470 1 420 460
330 333 530 1 430 520
331 396 1091 1 489 1066
332 443 71 1 540 62
333 342 857 1 436 841
334 444 899 1 537 884
335 79 770 1 182 750
336 101 671 1 203 655
337 479 1090 1 572 1068
338 196 250 1 296 242
339 479 373 1 575 364
340 442 627 1 537 616
341 72 222 1 173 216
342 383 65 1 481 57
343 110 670 1 211 655
344 367 368 1 465 358
345 453 925 1 547 910
346 418 749 1 513 733
347 220 620 1 316 609
348 415 96 1 512 87
349 502 720 1 596 706
350 340 543 1 436 533
351 81 1207 1 180 1178
352 402 1041 1 496 1024
353 391 894 1 485 877
354 356 1096 1 450 1071
355 247 715 1 343 703
356 349 339 1 447 331
357 178 836 1 275 821
358 178 1222 1 277 1191
359 423 366 1 521 356
360 509 778 1 602 764
361 68 1070 1 170 1043
362 561 1159 1 652 1135
363 432 454 1 528 444
364 433 721 1 528 707
365 114 1068 1 214 1042
366 365 116 1 462 108
367 177 770 1 275 754
368 473 702 1 566 687
369 300 104 1 398 97
370 91 454 1 192 444
371 292 1193 1 387 1177
372 188 41 1 288 39
373 149 349 1 248 339
374 416 1085 1 509 1062
375 64 820 1 166 801
376 418 634 1 513 623
377 93 816 1 194 798
378 291 231 1 389 223
379 157 632 1 254 621
380 78 1071 1 179 1045
381 353 404 1 450 395
382 93 877 1 194 857
383 416 158 1 514 149
384 369 788 1 464 773
385 296 1212 1 389 1195
386 501 1116 1 594 1097
387 296 904 1 391 889
388 100 966 1 201 943
389 216 1225 1 313 1194
390 203 714 1 300 701
391 341 1160 1 435 1136
392 443 1021 1 536 1003
393 337 64 1 435 57
394 59 714 1 162 697
395 75 891 1 176 871
396 442 458 1 538 448
397 356 34 1 451 28
398 280 846 1 376 828
399 129 747 1 230 730
400 193 736 1 290 722
401 386 1145 1 480 1128
402 429 301 1 526 291
403 363 184 1 459 176
404 121 382 1 221 373
405 50 746 1 154 727
406 417 720 1 511 706
407 325 485 1 422 475
408 98 601 1 197 590
409 434 749 1 528 734
410 108 235 1 209 228
411 132 900 1 230 882
412 362 221 1 459 212
413 96 866 1 196 846
414 201 1217 1 299 1185
415 236 672 1 332 662
416 437 347 1 534 338
417 443 800 1 537 786
418 440 363 1 537 354
419 105 508 1 205 499
420 199 278 1 298 270
421 132 731 1 232 715
422 142 180 1 243 175
423 93 1169 1 190 1148
424 141 68 1 243 65
425 181 703 1 280 688
426 379 772 1 473 757
427 383 1156 1 476 1141
428 157 384 1 257 375
429 415 37 1 512 29
430 425 502 1 522 491
431 211 126 1 310 120
432 144 590 1 242 580
433 400 988 1 495 972
434 436 390 1 533 381
435 55 284 1 157 277
436 113 1045 1 214 1016
437 333 997 1 426 984
438 518 749 1 612 734
439 129 1118 1 227 1096
440 231 1163 1 326 1148
441 379 1177 1 473 1163
442 339 909 1 434 892
443 370 595 1 466 585
444 435 1033 1 528 1015
445 409 1130 1 502 1114
446 396 1188 1 490 1170
447 326 1086 1 420 1061
448 47 958 1 149 935
449 424 148 1 521 139
450 42 766 1 146 748
451 409 400 1 505 392
452 429 277 1 525 267
453 417 129 1 514 120
454 205 352 1 303 345
455 154 380 1 253 371
456 249 587 1 345 576
457 122 312 1 223 304
458 462 1123 1 554 1103
459 430 206 1 527 196
460 423 857 1 516 841
461 429 39 1 526 31
462 402 1012 1 497 997
463 672 470 1 758 456
464 397 1162 1 490 1145
465 397 1152 1 491 1135
466 341 875 1 436 862
467 431 1166 1 524 1150
468 457 882 1 551 867
469 216 500 1 314 491
470 191 124 1 291 118
471 343 187 1 441 179
472 326 40 1 424 33
473 583 399 1 675 388
474 427 477 1 523 467
475 95 1063 1 196 1035
476 166 744 1 264 727
477 165 162 1 266 157
478 137 545 1 236 534
479 396 568 1 492 558
480 209 141 1 308 134
481 433 817 1 528 803
482 434 542 1 530 532
483 231 819 1 328 802
484 50 874 1 153 853
485 199 298 1 299 289
486 409 1205 1 502 1189
487 280 937 1 375 921
488 58 924 1 158 905
489 215 308 1 314 300
490 154 689 1 255 673
491 53 1237 1 156 1200
492 146 705 1 247 689
493 342 977 1 437 964
494 318 941 1 413 925
495 420 807 1 514 793
496 187 64 1 287 61
497 552 898 1 643 879
498 62 755 1 165 737
499 411 212 1 509 203
500 77 383 1 178 374
501 249 1197 1 345 1168
502 84 158 1 186 152
503 72 745 1 174 726
504 291 848 1 387 831
505 168 370 1 268 361
506 196 234 1 295 227
507 354 1015 1 448 1004
508 55 983 1 157 957
509 210 831 1 306 818
510 121 1239 1 218 1213
511 48 1094 1 151 1065
512 224 796 1 321 779
513 108 876 1 208 856
514 282 882 1 378 867
515 462 1133 1 554 1113
516 398 676 1 494 666
517 400 978 1 493 963
518 400 918 1 494 901
519 429 71 1 527 62
520 578 674 1 669 658
521 490 1155 1 582 1134
522 70 686 1 173 669
523 383 482 1 480 472
524 116 755 1 217 737
525 61 835 1 163 815
526 198 882 1 295 865
527 548 629 1 641 615
528 317 343 1 414 334
529 63 36 1 167 34
530 342 1091 1 436 1067
531 74 658 1 177 642
532 326 506 1 422 497
533 389 856 1 484 840
534 296 263 1 394 255
535 270 498 1 366 488
536 286 339 1 383 330
537 236 769 1 333 756
538 206 735 1 304 721
539 382 444 1 478 435
540 126 1024 1 226 998
541 453 35 1 551 27
542 139 169 1 241 164
543 424 312 1 521 303
544 53 785 1 157 766
545 410 862 1 504 847
546 72 175 1 174 169
547 600 760 1 689 741
548 131 689 1 231 673
549 295 251 1 393 242
550 58 1065 1 160 1038
551 305 241 1 403 232
552 531 335 1 627 326
553 341 848 1 436 832
554 390 771 1 485 756
555 352 887 1 446 870
556 221 690 1 317 680
557 500 1126 1 592 1106
558 250 841 1 347 824
559 117 607 1 215 596
560 82 798 1 183 780
561 88 350 1 188 342
562 161 1036 1 260 1010
563 53 811 1 157 790
564 89 381 1 190 373
565 302 581 1 399 571
566 384 1096 1 478 1072
567 278 860 1 374 843
568 415 272 1 512 263
569 262 845 1 358 827
570 175 757 1 273 742
571 447 887 1 541 872
572 349 1150 1 442 1133
573 294 677 1 391 666
574 111 521 1 211 511
575 225 701 1 322 689
576 247 867 1 343 852
577 449 56 1 546 47
578 337 935 1 432 919
579 359 1038 1 452 1025
580 93 1015 1 194 989
581 165 770 1 262 756
582 188 144 1 287 137
583 452 454 1 549 444
584 355 1137 1 449 1111
585 192 1151 1 289 1122
586 424 114 1 522 105
587 423 139 1 521 130
588 337 42 1 435 35
589 158 1057 1 257 1030
590 511 1133 1 603 1113
591 373 220 1 470 212
592 215 708 1 312 695
593 449 909 1 543 895
594 618 423 1 708 411
595 443 852 1 536 837
596 419 326 1 516 317
597 301 983 1 396 971
598 397 596 1 493 586
599 199 268 1 298 260
600 457 111 1 554 102
