0 415 48 1 512 48
1 405 110 1 502 109
2 404 336 1 501 335
3 405 130 1 502 128
4 397 44 1 493 43
5 312 472 1 409 469
6 39 976 1 142 957
7 161 26 1 263 27
8 446 487 1 543 484
9 73 867 1 175 855
10 411 162 1 508 161
11 378 111 1 475 110
12 415 1188 1 510 1179
13 112 849 1 214 834
14 379 130 1 477 129
15 448 462 1 544 458
16 219 52 1 319 57
17 313 399 1 411 396
18 433 762 1 529 754
19 443 441 1 540 438
20 418 636 1 515 632
21 405 215 1 502 214
22 379 1236 1 475 1226
23 448 382 1 545 380
24 219 29 1 318 35
25 486 1107 1 581 1094
26 315 450 1 413 448
27 482 766 1 578 758
28 201 178 1 301 180
29 85 1140 1 187 1118
30 167 61 1 269 64
31 439 253 1 536 250
32 116 1101 1 217 1081
33 405 1101 1 501 1092
34 184 382 1 283 381
35 503 761 1 597 752
36 426 511 1 524 509
37 199 510 1 298 507
38 402 246 1 499 244
39 432 545 1 529 541
40 412 1238 1 508 1229
41 381 1188 1 477 1178
42 401 357 1 498 354
43 504 749 1 598 742
44 373 185 1 471 184
45 187 43 1 286 49
46 511 725 1 606 718
47 312 460 1 410 457
48 33 1101 1 136 1079
49 99 1115 1 198 1099
50 299 533 1 397 530
51 122 1061 1 222 1047
52 490 719 1 584 712
53 225 741 1 323 736
54 443 532 1 541 529
55 372 534 1 469 531
56 83 208 1 184 210
57 437 465 1 534 462
58 306 387 1 404 385
59 115 501 1 215 499
60 443 34 1 540 33
61 384 1050 1 481 1042
62 38 838 1 142 826
63 94 935 1 195 920
64 422 939 1 518 931
65 93 828 1 196 816
66 145 901 1 245 891
67 203 600 1 302 597
68 427 49 1 523 49
69 28 1140 1 132 1116
70 103 808 1 206 794
71 388 729 1 483 721
72 470 491 1 566 487
73 47 1002 1 151 982
74 185 93 1 285 96
75 137 1111 1 237 1097
76 137 776 1 238 766
77 302 523 1 399 519
78 409 565 1 507 562
79 381 45 1 479 44
80 395 469 1 493 465
81 70 131 1 172 135
82 129 116 1 230 118
83 384 977 1 480 972
84 347 933 1 445 922
85 54 1046 1 158 1026
86 487 752 1 582 745
87 88 902 1 191 888
88 199 40 1 300 45
89 424 396 1 521 394
90 31 1087 1 135 1066
91 649 905 1 736 883
92 143 298 1 244 298
93 213 107 1 312 109
94 385 742 1 481 734
95 212 40 1 312 45
96 72 301 1 174 302
97 405 755 1 501 747
98 128 89 1 229 92
99 379 335 1 476 334
100 393 337 1 490 335
101 136 240 1 238 241
102 362 335 1 460 333
103 692 1083 1 774 1050
104 100 119 1 202 122
105 380 143 1 478 142
106 137 224 1 238 225
107 63 1182 1 165 1160
108 127 442 1 227 441
109 225 311 1 323 310
110 197 494 1 296 491
111 100 890 1 200 878
112 471 704 1 566 697
113 141 760 1 242 749
114 71 1074 1 174 1055
115 184 170 1 284 172
116 114 300 1 215 300
117 74 264 1 176 265
118 112 883 1 215 869
119 226 298 1 324 297
120 375 165 1 472 164
121 187 494 1 286 492
122 95 739 1 198 728
123 111 247 1 211 248
124 470 467 1 568 464
125 212 93 1 312 95
126 157 441 1 257 440
127 379 1016 1 475 1011
128 86 844 1 188 832
129 351 498 1 449 495
130 412 1019 1 508 1011
131 91 1158 1 190 1148
132 76 341 1 178 340
133 445 548 1 542 545
134 332 180 1 430 179
135 108 925 1 210 912
136 155 615 1 254 611
137 364 63 1 460 63
138 123 973 1 223 960
139 440 753 1 535 745
140 168 726 1 268 719
141 423 338 1 520 336
142 47 1130 1 149 1111
143 123 393 1 223 393
144 387 662 1 484 659
145 217 534 1 315 530
146 172 372 1 273 372
147 426 525 1 523 522
148 66 1104 1 171 1083
149 445 214 1 542 212
150 462 932 1 557 925
151 314 1116 1 411 1110
152 112 268 1 213 268
153 165 535 1 264 532
154 344 1160 1 440 1154
155 379 359 1 477 357
156 100 1140 1 203 1115
157 135 968 1 235 956
158 370 95 1 468 94
159 369 31 1 467 32
160 83 196 1 185 197
161 102 144 1 204 146
162 292 473 1 390 471
163 132 143 1 233 145
164 396 651 1 493 648
165 32 816 1 136 804
166 388 752 1 483 744
167 421 750 1 517 742
168 449 727 1 545 718
169 143 826 1 244 813
170 154 412 1 253 411
171 198 297 1 298 298
172 99 879 1 200 867
173 90 412 1 190 411
174 160 481 1 260 479
175 421 459 1 518 456
176 241 673 1 339 670
177 421 1022 1 516 1014
178 423 760 1 518 752
179 131 1081 1 232 1062
180 454 761 1 550 753
181 86 731 1 189 719
182 105 744 1 208 733
183 384 652 1 482 649
184 96 91 1 198 95
185 458 785 1 554 778
186 140 559 1 240 556
187 386 157 1 484 156
188 412 979 1 510 970
189 158 774 1 258 763
190 438 608 1 534 605
191 50 193 1 154 194
192 36 1012 1 140 992
193 450 702 1 546 695
194 422 209 1 520 207
195 275 90 1 373 92
196 131 893 1 230 881
197 321 513 1 418 510
198 320 438 1 418 435
199 395 55 1 492 55
200 244 532 1 342 529
201 67 443 1 169 441
202 396 1213 1 492 1203
203 327 535 1 425 531
204 47 794 1 151 782
205 208 739 1 306 734
206 297 556 1 394 552
207 366 138 1 463 137
208 125 914 1 226 902
209 151 390 1 251 389
210 200 312 1 298 313
211 372 547 1 469 543
212 147 729 1 247 720
213 82 1052 1 184 1033
214 69 842 1 172 829
215 455 866 1 550 858
216 380 390 1 478 388
217 377 1026 1 473 1022
218 499 1073 1 593 1058
219 140 266 1 241 266
220 117 319 1 219 320
221 125 413 1 226 411
222 139 182 1 241 185
223 42 272 1 146 272
224 377 730 1 473 722
225 415 75 1 512 74
226 75 920 1 176 906
227 301 470 1 399 468
228 72 151 1 174 153
229 281 222 1 379 222
230 104 1154 1 204 1137
231 406 592 1 503 588
232 43 1102 1 148 1081
233 65 1015 1 166 1000
234 308 255 1 406 253
235 71 801 1 175 788
236 219 625 1 316 620
237 397 163 1 493 161
238 118 340 1 219 340
239 382 1227 1 478 1217
240 374 244 1 472 242
241 428 182 1 525 181
242 415 103 1 513 102
243 31 891 1 137 875
244 276 104 1 374 105
245 282 255 1 380 255
246 303 400 1 401 399
247 132 481 1 232 480
248 395 1165 1 490 1156
249 281 236 1 379 235
250 453 813 1 549 805
251 195 167 1 294 169
252 394 835 1 489 826
253 133 701 1 235 692
254 131 713 1 233 703
255 326 195 1 424 194
256 82 394 1 183 393
257 38 739 1 144 728
258 142 33 1 245 40
259 146 739 1 246 730
260 289 381 1 387 379
261 305 221 1 403 220
262 346 892 1 441 882
263 90 785 1 194 772
264 153 788 1 254 777
265 355 854 1 451 846
266 119 782 1 221 771
267 307 242 1 405 241
268 203 775 1 303 766
269 414 60 1 511 59
270 415 703 1 512 697
271 277 124 1 375 125
272 366 378 1 463 376
273 489 701 1 584 694
274 35 863 1 140 850
275 107 787 1 211 774
276 301 110 1 398 111
277 105 914 1 207 900
278 372 652 1 469 649
279 112 766 1 214 754
280 467 616 1 563 611
281 291 461 1 390 459
282 414 192 1 511 190
283 104 904 1 207 893
284 327 839 1 423 830
285 289 402 1 387 400
286 395 1024 1 491 1015
287 95 434 1 197 432
288 99 715 1 202 705
289 134 691 1 237 681
290 187 509 1 285 506
291 70 901 1 173 887
292 444 284 1 541 282
293 299 125 1 396 125
294 253 684 1 350 680
295 437 857 1 532 849
296 353 1158 1 450 1153
297 25 973 1 129 955
298 167 842 1 266 834
299 400 347 1 497 345
300 160 716 1 261 706
301 418 821 1 514 813
302 354 437 1 452 435
303 442 782 1 537 775
304 396 153 1 493 152
305 197 825 1 296 820
306 176 744 1 275 734
307 122 826 1 224 815
308 355 452 1 453 450
309 190 681 1 288 675
310 659 474 1 745 466
311 293 700 1 390 696
312 41 771 1 147 760
313 326 1244 1 423 1237
314 185 33 1 288 37
315 199 794 1 297 786
316 52 719 1 156 709
317 73 1185 1 174 1167
318 422 617 1 518 614
319 403 1228 1 499 1218
320 214 1152 1 310 1144
321 323 461 1 420 458
322 332 522 1 430 519
323 394 1084 1 489 1066
324 443 62 1 540 60
325 340 849 1 436 841
326 442 892 1 537 884
327 76 763 1 181 750
328 99 663 1 202 655
329 477 1083 1 572 1068
330 196 240 1 296 240
331 479 365 1 575 363
332 441 619 1 537 615
333 71 212 1 173 214
334 384 55 1 481 55
335 108 661 1 210 654
336 367 359 1 465 357
337 451 917 1 548 909
338 417 741 1 513 733
339 219 611 1 316 608
340 288 1254 1 385 1246
341 415 87 1 513 85
342 501 713 1 596 706
343 339 535 1 437 531
344 400 1033 1 496 1024
345 389 886 1 485 877
346 353 1089 1 450 1072
347 246 707 1 343 702
348 349 331 1 447 329
349 177 828 1 275 821
350 176 1215 1 276 1192
351 423 357 1 521 355
352 508 771 1 603 764
353 66 1062 1 169 1044
354 559 1153 1 652 1136
355 431 446 1 528 443
356 432 714 1 528 707
357 112 1060 1 213 1042
358 365 106 1 462 106
359 176 763 1 275 754
360 472 694 1 567 687
361 300 94 1 398 95
362 90 445 1 191 443
363 290 1185 1 387 1176
364 148 339 1 248 338
365 414 1078 1 509 1063
366 63 812 1 165 800
367 417 626 1 513 622
368 91 808 1 193 798
369 291 222 1 389 221
370 155 623 1 255 620
371 75 1063 1 178 1045
372 353 395 1 451 393
373 91 870 1 193 857
374 417 149 1 514 147
375 368 781 1 464 773
376 294 1203 1 389 1194
377 499 1109 1 594 1097
378 294 896 1 391 888
379 98 959 1 201 943
380 387 719 1 482 710
381 214 1218 1 313 1195
382 201 706 1 299 700
383 339 1153 1 435 1137
384 442 1013 1 537 1003
385 338 54 1 435 55
386 58 706 1 162 697
387 72 883 1 176 871
388 441 450 1 538 447
389 356 24 1 451 26
390 279 838 1 376 828
391 127 739 1 229 729
392 191 728 1 290 721
393 383 1137 1 480 1128
394 429 292 1 526 290
395 363 175 1 460 174
396 119 373 1 221 371
397 48 738 1 153 727
398 416 712 1 512 705
399 325 477 1 422 474
400 96 592 1 197 589
401 433 742 1 529 733
402 107 225 1 209 227
403 362 212 1 459 211
404 307 1245 1 404 1238
405 94 857 1 196 846
406 198 1210 1 298 1186
407 235 663 1 332 660
408 437 338 1 534 337
409 442 793 1 538 785
410 439 355 1 537 352
411 104 499 1 205 498
412 199 269 1 298 269
413 131 723 1 232 714
414 141 170 1 243 173
415 140 57 1 242 63
416 180 695 1 279 688
417 378 764 1 473 757
418 380 1148 1 477 1140
419 156 375 1 257 374
420 415 27 1 512 27
421 425 494 1 522 490
422 210 116 1 310 118
423 143 581 1 242 579
424 399 980 1 495 972
425 435 381 1 533 379
426 54 275 1 157 275
427 111 1038 1 213 1016
428 331 989 1 427 983
429 517 742 1 612 733
430 126 1111 1 227 1095
431 229 1155 1 327 1147
432 377 1168 1 473 1162
433 338 902 1 434 892
434 369 587 1 466 584
435 433 1025 1 528 1015
436 407 1122 1 502 1114
437 394 1180 1 490 1170
438 324 1079 1 420 1062
439 44 950 1 148 935
440 424 139 1 521 137
441 41 758 1 145 747
442 409 392 1 505 390
443 428 268 1 526 265
444 417 119 1 514 118
445 204 343 1 303 343
446 248 579 1 346 575
447 121 303 1 222 302
448 460 1116 1 554 1103
449 430 197 1 527 194
450 421 850 1 516 841
451 429 29 1 527 29
452 400 1004 1 497 997
453 674 463 1 759 455
454 395 1154 1 491 1145
455 395 1144 1 491 1134
456 340 867 1 436 861
457 428 1159 1 524 1150
458 456 875 1 551 866
459 215 492 1 314 489
460 191 114 1 291 117
461 343 178 1 441 177
462 326 30 1 424 31
463 584 391 1 675 386
464 426 468 1 524 465
465 92 1055 1 195 1035
466 164 736 1 264 726
467 164 152 1 265 155
468 136 536 1 236 533
469 395 560 1 492 556
470 209 130 1 308 132
471 432 810 1 528 803
472 433 534 1 530 530
473 229 811 1 328 801
474 199 289 1 298 288
475 407 1198 1 503 1188
476 278 929 1 375 920
477 56 916 1 157 904
478 215 299 1 314 299
479 153 681 1 254 672
480 50 1230 1 155 1201
481 145 697 1 246 688
482 340 969 1 437 963
483 316 933 1 413 924
484 418 800 1 514 792
485 186 54 1 287 59
486 551 892 1 644 879
487 60 747 1 164 737
488 411 204 1 509 201
489 76 373 1 178 373
490 247 1190 1 345 1168
491 83 148 1 185 150
492 70 737 1 174 726
493 290 841 1 387 831
494 167 361 1 267 360
495 195 225 1 295 226
496 352 1007 1 448 1003
497 52 975 1 157 957
498 208 823 1 306 817
499 120 1230 1 218 1213
500 45 1086 1 150 1066
501 222 788 1 321 779
502 280 875 1 378 866
503 460 1126 1 555 1113
504 397 669 1 494 665
505 467 1090 1 560 1075
506 399 910 1 494 901
507 430 61 1 527 60
508 578 667 1 670 657
509 488 1148 1 582 1135
510 68 678 1 173 669
511 383 474 1 481 470
512 115 747 1 217 737
513 59 827 1 163 815
514 197 874 1 295 865
515 548 622 1 641 614
516 317 334 1 415 332
517 62 25 1 166 32
518 339 1085 1 436 1068
519 72 650 1 176 641
520 28 928 1 133 911
521 325 498 1 422 495
522 388 848 1 484 839
523 296 254 1 394 253
524 269 489 1 366 487
525 285 330 1 383 328
526 234 761 1 333 755
527 205 727 1 304 720
528 382 436 1 479 434
529 124 1016 1 226 998
530 454 25 1 551 24
531 138 159 1 241 162
532 424 304 1 521 302
533 51 777 1 156 765
534 408 855 1 504 846
535 71 164 1 173 167
536 600 754 1 690 741
537 129 681 1 231 673
538 295 241 1 393 241
539 56 1057 1 159 1038
540 305 232 1 403 231
541 532 327 1 627 325
542 339 841 1 436 832
543 389 763 1 485 755
544 351 880 1 446 869
545 219 681 1 317 678
546 499 1120 1 593 1107
547 249 834 1 346 823
548 115 599 1 215 595
549 80 790 1 183 780
550 87 341 1 188 341
551 159 1029 1 259 1010
552 51 803 1 156 790
553 88 372 1 189 371
554 301 572 1 399 569
555 382 1089 1 478 1072
556 276 853 1 374 842
557 415 263 1 512 261
558 261 837 1 358 827
559 446 880 1 542 872
560 293 669 1 391 665
561 110 512 1 211 510
562 102 1057 1 204 1040
563 224 693 1 322 688
564 245 859 1 343 851
565 450 46 1 547 45
566 336 927 1 432 918
567 357 1030 1 452 1024
568 90 1007 1 193 989
569 163 761 1 262 755
570 187 134 1 287 136
571 452 446 1 549 443
572 353 1130 1 449 1112
573 190 1144 1 288 1123
574 425 105 1 522 103
575 424 130 1 521 128
576 337 32 1 435 33
577 156 1050 1 257 1030
578 509 1127 1 604 1114
579 372 211 1 470 210
580 213 700 1 312 694
581 448 902 1 543 894
582 620 415 1 709 410
583 442 845 1 537 837
584 419 318 1 517 316
585 299 975 1 396 970
586 396 588 1 493 585
587 198 259 1 298 259
588 458 102 1 554 100
