0 420 28 1 516 30
1 408 91 1 505 92
2 400 321 1 504 321
3 408 112 1 505 112
4 75 986 1 204 979
5 303 455 1 412 457
6 307 380 1 413 383
7 61 892 1 188 888
8 403 24 1 496 25
9 438 475 1 547 473
10 413 145 1 512 145
11 381 91 1 478 93
12 389 1183 1 515 1177
13 382 111 1 480 113
14 441 450 1 549 447
15 219 24 1 319 38
16 418 756 1 535 751
17 437 428 1 544 426
18 355 1182 1 481 1176
19 407 625 1 519 623
20 405 197 1 505 198
21 352 1230 1 480 1224
22 443 369 1 550 367
23 462 1108 1 588 1098
24 308 434 1 416 436
25 468 761 1 584 754
26 197 152 1 300 164
27 362 1042 1 486 1038
28 438 237 1 540 236
29 389 967 1 510 961
30 82 1096 1 215 1086
31 177 361 1 284 369
32 489 756 1 605 748
33 418 499 1 528 498
34 189 491 1 299 496
35 401 230 1 503 229
36 423 532 1 533 530
37 385 1232 1 513 1226
38 397 341 1 502 341
39 490 745 1 605 738
40 373 166 1 474 168
41 498 720 1 613 714
42 304 443 1 412 446
43 415 604 1 527 601
44 290 517 1 399 519
45 84 839 1 211 836
46 477 714 1 591 708
47 435 520 1 545 518
48 362 520 1 472 520
49 208 727 1 325 729
50 78 182 1 184 195
51 133 884 1 257 882
52 430 452 1 538 450
53 103 480 1 216 488
54 93 809 1 216 808
55 47 862 1 171 864
56 263 1142 1 388 1140
57 378 1096 1 506 1090
58 85 1178 1 213 1179
59 155 730 1 275 730
60 191 583 1 304 587
61 410 121 1 508 121
62 431 30 1 527 31
63 402 934 1 523 928
64 119 736 1 242 736
65 372 720 1 487 716
66 462 479 1 572 476
67 186 67 1 285 79
68 292 506 1 401 508
69 400 553 1 511 551
70 386 24 1 482 26
71 332 1039 1 455 1035
72 388 455 1 496 454
73 67 103 1 172 119
74 127 89 1 230 102
75 363 964 1 484 963
76 328 926 1 449 921
77 81 1076 1 212 1069
78 473 747 1 588 741
79 46 731 1 171 732
80 112 1096 1 242 1087
81 371 743 1 488 740
82 419 382 1 525 381
83 639 923 1 758 900
84 138 275 1 244 285
85 213 83 1 313 92
86 370 734 1 486 730
87 75 874 1 200 874
88 65 276 1 173 289
89 390 748 1 506 743
90 124 1047 1 256 1037
91 127 61 1 229 75
92 95 1014 1 224 1002
93 375 319 1 480 320
94 260 1108 1 386 1107
95 390 322 1 494 322
96 132 216 1 238 227
97 358 318 1 463 320
98 681 1118 1 801 1083
99 98 91 1 201 106
100 382 124 1 481 125
101 133 199 1 239 210
102 118 420 1 228 429
103 220 290 1 325 297
104 187 475 1 298 480
105 458 698 1 573 693
106 39 1080 1 172 1072
107 136 760 1 258 760
108 98 1100 1 228 1095
109 180 144 1 284 155
110 114 764 1 236 764
111 108 275 1 215 286
112 691 1121 1 810 1084
113 68 239 1 176 251
114 221 276 1 325 283
115 184 745 1 303 744
116 376 146 1 475 148
117 177 475 1 287 480
118 71 724 1 195 725
119 106 222 1 211 234
120 42 741 1 167 742
121 464 455 1 573 452
122 213 68 1 312 78
123 148 421 1 258 428
124 357 1004 1 478 1002
125 130 723 1 252 724
126 343 483 1 452 484
127 74 864 1 199 864
128 81 730 1 205 730
129 69 316 1 178 327
130 436 537 1 546 534
131 332 160 1 432 164
132 436 1116 1 561 1106
133 141 596 1 255 601
134 367 42 1 463 45
135 145 745 1 263 748
136 177 781 1 298 780
137 425 746 1 541 741
138 83 774 1 208 773
139 67 938 1 197 934
140 419 323 1 524 322
141 115 371 1 224 380
142 375 649 1 487 649
143 206 516 1 317 520
144 163 350 1 272 359
145 417 512 1 527 511
146 164 748 1 283 750
147 45 842 1 172 839
148 446 198 1 546 196
149 67 810 1 193 809
150 443 927 1 562 921
151 290 1103 1 414 1102
152 55 792 1 182 791
153 319 1148 1 444 1148
154 107 243 1 213 254
155 154 515 1 266 521
156 64 826 1 190 826
157 375 342 1 481 343
158 373 75 1 471 77
159 66 771 1 191 771
160 416 1050 1 539 1040
161 165 29 1 268 45
162 79 169 1 185 182
163 63 714 1 186 716
164 64 780 1 189 781
165 99 117 1 203 130
166 284 456 1 393 459
167 130 117 1 233 129
168 26 776 1 152 776
169 384 639 1 496 638
170 406 743 1 522 738
171 105 877 1 230 877
172 435 720 1 551 714
173 318 1096 1 442 1094
174 417 931 1 537 925
175 145 391 1 254 399
176 193 275 1 298 284
177 81 389 1 191 399
178 150 461 1 261 468
179 414 446 1 522 444
180 78 903 1 205 900
181 400 1017 1 521 1011
182 140 667 1 260 668
183 407 753 1 523 748
184 35 702 1 158 705
185 439 755 1 555 749
186 35 1001 1 166 999
187 372 640 1 485 639
188 95 62 1 198 78
189 443 780 1 560 774
190 128 539 1 241 546
191 387 139 1 487 140
192 427 597 1 539 595
193 46 165 1 153 179
194 436 696 1 552 691
195 422 192 1 523 192
196 277 67 1 375 75
197 96 960 1 223 958
198 312 498 1 421 499
199 313 421 1 421 423
200 399 35 1 495 37
201 234 515 1 344 518
202 57 419 1 169 429
203 369 1207 1 496 1201
204 142 724 1 263 723
205 318 519 1 428 520
206 129 736 1 251 736
207 287 540 1 397 541
208 368 118 1 466 121
209 38 753 1 164 753
210 54 1096 1 189 1085
211 390 1008 1 512 1002
212 39 972 1 173 962
213 143 368 1 251 377
214 194 291 1 299 299
215 327 517 1 436 517
216 363 533 1 473 532
217 156 749 1 275 749
218 437 861 1 555 855
219 375 375 1 481 375
220 192 678 1 307 682
221 355 1015 1 477 1013
222 477 1077 1 601 1064
223 136 242 1 241 252
224 110 295 1 219 307
225 116 391 1 226 399
226 75 670 1 199 672
227 24 723 1 150 724
228 361 722 1 477 718
229 419 56 1 516 56
230 261 1154 1 389 1148
231 38 797 1 163 798
232 294 453 1 402 456
233 68 123 1 174 137
234 143 604 1 256 610
235 279 201 1 381 207
236 54 983 1 185 975
237 395 579 1 507 578
238 44 827 1 170 827
239 229 656 1 342 658
240 306 236 1 408 239
241 365 1137 1 490 1132
242 206 608 1 318 610
243 399 145 1 497 145
244 111 317 1 220 327
245 150 795 1 271 796
246 355 1220 1 482 1214
247 373 226 1 475 227
248 429 166 1 529 165
249 419 84 1 516 85
250 278 82 1 376 89
251 279 236 1 382 240
252 297 383 1 403 386
253 121 461 1 233 469
254 330 998 1 452 995
255 369 1159 1 495 1153
256 279 215 1 381 220
257 437 806 1 555 800
258 191 140 1 294 152
259 376 828 1 494 823
260 112 686 1 233 688
261 109 698 1 231 700
262 326 175 1 427 179
263 73 370 1 183 381
264 30 924 1 158 921
265 283 363 1 389 367
266 304 200 1 405 205
267 325 885 1 445 880
268 53 1013 1 181 1010
269 137 809 1 259 810
270 336 846 1 455 842
271 96 768 1 220 768
272 84 864 1 210 864
273 305 222 1 407 226
274 183 762 1 303 762
275 418 41 1 515 41
276 45 1054 1 177 1047
277 401 696 1 517 692
278 278 102 1 377 109
279 361 361 1 466 363
280 34 1097 1 168 1089
281 477 695 1 591 689
282 302 88 1 400 94
283 49 905 1 175 904
284 360 639 1 473 639
285 89 752 1 212 751
286 457 607 1 569 603
287 134 873 1 256 871
288 284 444 1 393 448
289 415 175 1 515 175
290 134 828 1 256 829
291 308 831 1 426 828
292 283 385 1 389 388
293 373 1018 1 496 1012
294 84 411 1 197 420
295 71 639 1 193 643
296 140 855 1 261 855
297 76 700 1 199 702
298 114 676 1 235 677
299 176 489 1 287 495
300 442 269 1 545 267
301 300 103 1 398 109
302 238 668 1 353 670
303 419 852 1 537 845
304 173 714 1 291 715
305 86 764 1 210 763
306 77 809 1 203 807
307 396 331 1 501 331
308 401 815 1 519 809
309 348 421 1 455 423
310 77 795 1 203 794
311 426 776 1 543 770
312 397 134 1 496 136
313 127 694 1 248 695
314 348 437 1 456 438
315 664 469 1 768 459
316 278 686 1 393 687
317 61 40 1 163 57
318 299 1231 1 427 1229
319 110 842 1 235 839
320 154 861 1 277 859
321 179 1166 1 307 1163
322 89 878 1 214 875
323 136 838 1 257 838
324 169 769 1 289 768
325 333 1050 1 454 1046
326 376 1222 1 504 1216
327 113 589 1 230 593
328 315 445 1 423 447
329 323 507 1 433 508
330 370 1085 1 495 1073
331 448 42 1 544 42
332 424 887 1 542 881
333 52 748 1 177 749
334 239 1228 1 368 1224
335 191 844 1 311 846
336 455 1086 1 579 1074
337 192 218 1 297 225
338 476 351 1 581 349
339 430 607 1 542 605
340 154 807 1 275 807
341 66 185 1 172 199
342 210 92 1 311 102
343 125 769 1 248 768
344 388 35 1 484 37
345 44 692 1 168 695
346 363 342 1 468 343
347 432 912 1 553 906
348 402 735 1 518 729
349 179 1176 1 307 1173
350 116 788 1 238 788
351 88 697 1 211 698
352 206 594 1 318 597
353 261 1241 1 389 1239
354 194 721 1 308 724
355 489 708 1 603 701
356 378 1027 1 501 1021
357 371 880 1 489 874
358 237 1148 1 365 1143
359 329 1088 1 454 1078
360 230 692 1 345 693
361 345 314 1 449 316
362 142 1216 1 276 1202
363 419 343 1 525 341
364 494 767 1 610 760
365 536 1162 1 663 1147
366 425 433 1 532 431
367 418 706 1 534 702
368 77 69 1 180 85
369 368 86 1 465 89
370 322 165 1 423 169
371 459 688 1 573 682
372 302 72 1 400 78
373 80 422 1 192 431
374 47 764 1 172 766
375 326 385 1 433 387
376 38 246 1 145 259
377 141 317 1 248 325
378 154 646 1 272 648
379 390 1080 1 515 1068
380 347 1159 1 472 1156
381 405 614 1 517 612
382 175 867 1 297 866
383 289 202 1 391 207
384 28 1026 1 163 1015
385 346 1148 1 471 1145
386 348 379 1 453 381
387 362 769 1 479 765
388 419 131 1 517 131
389 351 772 1 468 768
390 443 358 1 548 356
391 476 1111 1 601 1101
392 297 1220 1 424 1218
393 273 884 1 394 882
394 70 950 1 199 945
395 371 710 1 487 706
396 183 706 1 300 708
397 181 1218 1 314 1204
398 184 690 1 301 692
399 419 1011 1 542 1003
400 119 709 1 241 710
401 341 31 1 437 37
402 176 857 1 299 853
403 46 721 1 170 723
404 435 438 1 543 435
405 57 1034 1 191 1025
406 258 828 1 379 825
407 105 725 1 228 726
408 90 902 1 220 894
409 309 892 1 429 889
410 311 966 1 431 964
411 427 277 1 530 275
412 363 156 1 462 158
413 113 349 1 221 359
414 211 648 1 324 650
415 148 761 1 268 761
416 401 703 1 516 699
417 316 461 1 425 462
418 84 572 1 198 579
419 233 1044 1 360 1036
420 418 735 1 534 729
421 103 200 1 208 212
422 361 193 1 462 195
423 280 1233 1 408 1230
424 489 1163 1 615 1152
425 165 1211 1 299 1197
426 36 721 1 160 723
427 223 646 1 335 649
428 433 324 1 538 323
429 426 786 1 543 781
430 436 341 1 541 339
431 93 478 1 205 487
432 194 247 1 299 255
433 109 709 1 230 711
434 136 142 1 241 156
435 418 722 1 533 718
436 138 27 1 241 43
437 361 756 1 477 752
438 355 1140 1 481 1136
439 146 352 1 256 361
440 130 671 1 250 672
441 57 704 1 181 706
442 417 480 1 526 479
443 130 563 1 243 569
444 44 934 1 172 931
445 378 973 1 499 968
446 390 724 1 506 720
447 431 367 1 537 366
448 48 248 1 156 262
449 78 1033 1 211 1024
450 309 977 1 430 975
451 504 737 1 620 730
452 314 843 1 433 839
453 204 1141 1 330 1139
454 369 1003 1 492 998
455 358 574 1 470 573
456 411 1022 1 533 1015
457 382 1116 1 507 1111
458 368 1173 1 495 1167
459 297 1079 1 424 1068
460 249 1142 1 375 1141
461 427 121 1 525 120
462 403 378 1 509 378
463 91 924 1 219 921
464 427 252 1 529 251
465 80 1052 1 212 1045
466 420 101 1 518 101
467 198 322 1 304 330
468 236 562 1 348 564
469 205 1209 1 337 1194
470 395 1026 1 518 1020
471 432 180 1 531 179
472 404 843 1 521 838
473 380 997 1 501 992
474 682 457 1 784 447
475 370 1148 1 495 1143
476 322 853 1 440 853
477 287 80 1 385 86
478 403 1153 1 529 1147
479 438 869 1 557 863
480 205 473 1 315 478
481 191 89 1 291 100
482 343 158 1 443 161
483 352 1195 1 479 1189
484 585 379 1 689 374
485 420 456 1 527 454
486 60 1047 1 193 1040
487 385 828 1 503 823
488 160 124 1 264 138
489 124 516 1 237 522
490 386 547 1 495 546
491 53 692 1 178 694
492 42 362 1 153 373
493 208 106 1 309 116
494 416 804 1 534 798
495 424 522 1 534 519
496 209 800 1 329 798
497 205 1241 1 335 1239
498 194 267 1 299 274
499 381 1192 1 507 1186
500 257 918 1 378 916
501 359 1127 1 484 1123
502 100 798 1 223 797
503 210 278 1 315 285
504 236 1248 1 365 1246
505 33 844 1 158 844
506 125 682 1 245 683
507 320 957 1 440 955
508 295 923 1 416 920
509 60 80 1 163 95
510 402 793 1 519 788
511 185 25 1 286 39
512 535 895 1 654 882
513 412 186 1 512 186
514 436 1180 1 563 1174
515 120 1135 1 253 1122
516 68 349 1 178 360
517 216 1191 1 347 1177
518 80 120 1 185 135
519 150 671 1 270 671
520 270 831 1 390 828
521 157 338 1 267 347
522 33 814 1 160 814
523 191 202 1 295 211
524 329 1177 1 455 1174
525 369 688 1 484 684
526 447 690 1 561 685
527 195 793 1 314 793
528 288 1090 1 415 1082
529 203 776 1 322 775
530 350 1115 1 476 1104
531 261 863 1 380 861
532 435 1126 1 561 1116
533 385 656 1 498 655
534 444 1093 1 567 1081
535 379 904 1 499 899
536 435 42 1 531 42
537 570 666 1 682 656
538 463 1150 1 589 1139
539 45 661 1 169 665
540 376 459 1 484 459
541 91 733 1 215 734
542 490 1108 1 616 1097
543 427 243 1 529 242
544 24 964 1 156 958
545 313 316 1 417 319
546 193 665 1 308 668
547 359 851 1 478 846
548 315 1085 1 440 1073
549 473 363 1 578 360
550 162 550 1 274 555
551 49 632 1 172 637
552 399 824 1 518 819
553 354 1207 1 481 1201
554 317 483 1 425 484
555 370 841 1 489 836
556 293 235 1 396 239
557 259 472 1 368 475
558 281 311 1 385 315
559 217 747 1 335 747
560 245 1219 1 374 1213
561 375 421 1 482 421
562 344 659 1 457 659
563 134 130 1 239 145
564 421 288 1 525 288
565 391 849 1 509 843
566 68 137 1 172 152
567 590 758 1 705 744
568 139 703 1 260 703
569 293 221 1 395 226
570 133 300 1 240 309
571 303 211 1 405 216
572 532 314 1 636 310
573 320 833 1 439 829
574 373 756 1 490 751
575 103 674 1 226 676
576 331 872 1 450 867
577 475 1122 1 600 1111
578 228 823 1 348 820
579 102 578 1 216 585
580 79 317 1 188 328
581 209 289 1 314 297
582 443 1229 1 571 1222
583 79 348 1 189 359
584 290 556 1 401 559
585 357 1090 1 483 1078
586 256 843 1 377 840
587 414 247 1 516 247
588 240 827 1 360 824
589 190 781 1 310 781
590 428 875 1 547 869
591 175 637 1 291 640
592 280 654 1 394 655
593 407 953 1 528 949
594 98 492 1 211 499
595 72 1049 1 203 1042
596 209 677 1 324 679
597 225 847 1 345 846
598 455 27 1 551 26
599 315 917 1 435 914
600 335 1018 1 456 1016
601 254 176 1 355 184
602 60 999 1 191 993
603 203 69 1 303 79
604 186 109 1 287 120
605 446 433 1 553 431
606 326 1132 1 453 1119
607 428 86 1 526 86
608 427 112 1 525 111
609 257 1206 1 386 1201
610 486 1130 1 611 1118
611 372 193 1 473 195
612 109 984 1 233 985
613 429 896 1 549 890
614 622 406 1 727 398
615 424 839 1 542 833
616 417 303 1 520 302
617 279 961 1 399 961
618 386 575 1 497 574
619 194 236 1 298 244
620 461 85 1 559 83
