0 432 34 1 517 22
1 420 95 1 506 84
2 413 325 1 505 315
3 420 115 1 506 104
4 86 997 1 202 979
5 317 461 1 413 452
6 319 384 1 413 377
7 149 1019 1 262 1001
8 453 480 1 549 468
9 73 901 1 186 887
10 425 149 1 513 137
11 392 95 1 479 85
12 405 1193 1 517 1175
13 413 28 1 499 17
14 393 115 1 481 105
15 455 454 1 551 442
16 36 1178 1 156 1159
17 56 1181 1 177 1159
18 434 764 1 536 748
19 450 433 1 545 420
20 370 1192 1 483 1174
21 421 630 1 520 618
22 417 201 1 506 191
23 368 1240 1 481 1222
24 122 1150 1 241 1127
25 70 921 1 182 906
26 457 373 1 551 360
27 479 1120 1 590 1098
28 321 439 1 416 430
29 484 769 1 586 751
30 208 157 1 299 155
31 378 1051 1 487 1035
32 451 241 1 541 228
33 409 346 1 503 335
34 404 975 1 511 959
35 190 366 1 284 363
36 505 764 1 607 746
37 432 504 1 529 492
38 202 497 1 299 491
39 414 234 1 504 222
40 437 538 1 534 525
41 57 851 1 169 838
42 68 795 1 187 778
43 401 1243 1 514 1225
44 126 1106 1 241 1087
45 506 752 1 607 736
46 386 170 1 474 161
47 514 728 1 616 711
48 318 449 1 413 440
49 430 609 1 528 597
50 303 522 1 400 513
51 492 722 1 593 705
52 449 525 1 546 513
53 377 526 1 473 514
54 212 716 1 314 706
55 90 188 1 183 188
56 396 1004 1 502 989
57 444 457 1 540 444
58 117 486 1 216 483
59 46 1006 1 166 986
60 347 1059 1 455 1043
61 87 882 1 199 872
62 278 1149 1 389 1136
63 38 1038 1 160 1018
64 205 589 1 304 582
65 421 125 1 509 114
66 443 34 1 528 22
67 230 28 1 319 28
68 89 1092 1 208 1067
69 387 727 1 488 713
70 477 484 1 573 471
71 197 73 1 285 71
72 306 512 1 402 503
73 414 558 1 512 546
74 348 1048 1 456 1032
75 402 460 1 497 448
76 79 110 1 171 112
77 139 95 1 229 95
78 379 971 1 485 959
79 343 935 1 449 919
80 95 1108 1 214 1088
81 489 755 1 590 739
82 57 740 1 168 730
83 386 751 1 489 737
84 433 386 1 526 375
85 661 939 1 765 906
86 150 281 1 244 278
87 225 88 1 313 85
88 384 742 1 486 727
89 78 283 1 173 283
90 405 756 1 507 740
91 139 67 1 228 68
92 223 735 1 325 725
93 388 323 1 480 314
94 403 326 1 494 315
95 144 222 1 237 220
96 371 322 1 463 313
97 50 985 1 169 964
98 110 98 1 200 99
99 394 128 1 482 118
100 144 205 1 238 203
101 130 426 1 228 424
102 232 296 1 325 290
103 201 481 1 298 475
104 473 706 1 574 690
105 142 746 1 250 734
106 201 145 1 293 144
107 112 944 1 226 927
108 104 816 1 214 806
109 191 148 1 283 147
110 45 1025 1 160 1011
111 180 755 1 283 746
112 120 282 1 215 280
113 80 245 1 175 244
114 233 282 1 325 277
115 413 941 1 519 926
116 197 754 1 302 741
117 388 150 1 476 140
118 190 481 1 287 475
119 83 733 1 193 723
120 118 228 1 210 227
121 121 1125 1 232 1113
122 478 460 1 575 447
123 224 73 1 312 70
124 161 427 1 258 423
125 373 1011 1 480 998
126 94 872 1 205 858
127 357 489 1 453 478
128 93 739 1 203 728
129 81 323 1 177 321
130 450 542 1 547 529
131 345 165 1 433 156
132 452 1128 1 562 1106
133 77 1170 1 193 1153
134 379 45 1 464 37
135 75 759 1 185 747
136 440 755 1 542 739
137 88 897 1 197 885
138 433 327 1 525 316
139 127 377 1 223 375
140 389 655 1 488 644
141 147 880 1 255 868
142 35 997 1 153 980
143 219 522 1 317 514
144 174 355 1 271 353
145 431 518 1 528 505
146 374 1061 1 483 1045
147 459 202 1 547 189
148 459 936 1 564 919
149 305 1111 1 415 1098
150 119 249 1 213 248
151 168 522 1 266 516
152 77 836 1 188 824
153 388 346 1 481 337
154 53 751 1 164 740
155 385 79 1 471 69
156 78 781 1 188 769
157 431 1062 1 540 1040
158 60 914 1 174 902
159 91 175 1 184 175
160 74 722 1 184 714
161 111 123 1 202 123
162 298 462 1 393 453
163 142 123 1 232 121
164 398 644 1 498 633
165 167 738 1 274 727
166 421 751 1 523 735
167 55 836 1 168 826
168 131 745 1 240 734
169 450 728 1 552 712
170 76 1090 1 193 1070
171 433 939 1 539 923
172 158 397 1 254 393
173 206 281 1 298 278
174 93 396 1 190 393
175 164 467 1 261 462
176 428 451 1 523 438
177 415 1026 1 522 1009
178 152 675 1 259 665
179 422 761 1 524 745
180 46 711 1 156 703
181 454 762 1 557 746
182 387 645 1 487 634
183 106 69 1 197 71
184 458 787 1 561 771
185 141 545 1 241 541
186 399 142 1 487 132
187 99 1093 1 216 1071
188 441 603 1 540 590
189 58 172 1 152 172
190 452 703 1 554 688
191 435 196 1 524 184
192 40 1093 1 160 1073
193 289 72 1 375 67
194 87 819 1 200 806
195 325 503 1 422 493
196 327 427 1 421 417
197 411 39 1 496 28
198 248 521 1 345 513
199 70 426 1 168 424
200 385 1217 1 498 1200
201 154 732 1 262 721
202 331 525 1 429 515
203 301 546 1 398 536
204 379 122 1 466 113
205 405 1017 1 513 1000
206 156 375 1 251 371
207 207 297 1 299 293
208 340 522 1 437 511
209 377 539 1 474 527
210 249 671 1 349 662
211 102 914 1 217 895
212 35 852 1 148 840
213 453 869 1 557 853
214 388 380 1 482 369
215 206 685 1 307 677
216 371 1022 1 478 1009
217 494 1090 1 603 1066
218 148 248 1 240 245
219 122 301 1 219 300
220 50 806 1 161 796
221 129 397 1 226 393
222 168 757 1 275 746
223 86 678 1 196 669
224 34 732 1 146 722
225 376 730 1 478 715
226 432 61 1 517 48
227 157 765 1 264 754
228 125 774 1 235 762
229 132 785 1 242 771
230 307 459 1 402 450
231 80 130 1 173 130
232 156 611 1 256 605
233 291 206 1 381 200
234 65 994 1 183 976
235 410 585 1 508 573
236 146 895 1 256 881
237 243 662 1 343 653
238 318 240 1 409 232
239 51 891 1 166 878
240 89 805 1 200 792
241 411 149 1 497 138
242 123 323 1 219 321
243 66 1022 1 180 1008
244 371 1231 1 484 1213
245 386 230 1 476 220
246 442 170 1 530 158
247 430 88 1 517 77
248 289 87 1 376 81
249 292 240 1 382 233
250 310 388 1 403 380
251 134 467 1 233 463
252 346 1005 1 453 991
253 385 1169 1 496 1152
254 291 220 1 381 214
255 453 814 1 556 798
256 391 836 1 495 820
257 124 695 1 231 685
258 121 706 1 228 697
259 144 732 1 250 721
260 338 180 1 427 172
261 86 377 1 183 375
262 222 723 1 323 715
263 42 933 1 156 920
264 296 368 1 389 361
265 316 205 1 405 198
266 340 894 1 446 878
267 131 838 1 240 824
268 49 761 1 161 751
269 351 855 1 456 840
270 36 1079 1 155 1061
271 72 1061 1 191 1041
272 318 227 1 408 219
273 196 770 1 303 759
274 430 44 1 516 33
275 416 703 1 518 689
276 290 107 1 377 101
277 375 366 1 467 357
278 219 676 1 321 669
279 492 702 1 593 686
280 314 93 1 401 87
281 281 1159 1 392 1145
282 375 645 1 474 634
283 100 761 1 210 750
284 472 613 1 571 598
285 33 823 1 146 810
286 171 129 1 263 129
287 297 450 1 393 442
288 427 179 1 516 167
289 149 836 1 255 826
290 322 840 1 427 826
291 296 390 1 390 382
292 388 1027 1 497 1010
293 97 417 1 197 414
294 81 648 1 190 640
295 194 701 1 297 691
296 87 710 1 196 699
297 38 785 1 149 774
298 126 684 1 233 674
299 190 495 1 287 490
300 26 807 1 141 795
301 455 273 1 547 260
302 61 811 1 173 800
303 312 108 1 399 101
304 504 715 1 605 698
305 434 860 1 539 843
306 186 721 1 291 711
307 97 773 1 208 761
308 409 336 1 502 325
309 160 722 1 266 712
310 416 823 1 520 807
311 361 427 1 456 417
312 113 1168 1 229 1151
313 441 784 1 544 768
314 409 138 1 497 128
315 61 1143 1 179 1123
316 139 703 1 246 693
317 361 442 1 457 432
318 686 472 1 776 454
319 293 692 1 394 682
320 72 47 1 162 49
321 116 979 1 228 967
322 315 1240 1 428 1225
323 168 870 1 277 857
324 46 824 1 158 812
325 194 1174 1 308 1160
326 94 784 1 206 772
327 149 846 1 257 835
328 381 1148 1 492 1130
329 392 1232 1 505 1214
330 125 595 1 229 589
331 329 450 1 424 441
332 337 513 1 433 503
333 213 705 1 314 697
334 385 1098 1 496 1074
335 460 46 1 545 34
336 67 732 1 178 722
337 440 895 1 544 879
338 254 1238 1 369 1222
339 207 853 1 311 842
340 471 1100 1 581 1076
341 204 223 1 296 219
342 490 355 1 583 343
343 26 1081 1 144 1062
344 90 1118 1 206 1101
345 444 613 1 543 600
346 168 815 1 274 804
347 78 192 1 171 193
348 222 98 1 311 94
349 147 759 1 259 743
350 400 38 1 484 29
351 55 701 1 165 692
352 72 822 1 184 809
353 376 346 1 469 337
354 195 29 1 284 29
355 448 920 1 554 903
356 417 742 1 519 726
357 127 797 1 237 785
358 99 707 1 208 696
359 220 600 1 319 593
360 206 728 1 309 720
361 66 1109 1 187 1087
362 393 1036 1 502 1019
363 385 888 1 490 872
364 244 698 1 346 689
365 358 318 1 450 309
366 155 1232 1 275 1205
367 433 347 1 526 335
368 510 775 1 612 757
369 554 1178 1 666 1150
370 438 438 1 533 425
371 433 713 1 535 699
372 89 75 1 179 78
373 379 91 1 465 81
374 33 877 1 146 865
375 334 170 1 423 162
376 475 695 1 575 679
377 42 834 1 160 818
378 314 77 1 400 70
379 93 429 1 191 426
380 396 1107 1 507 1088
381 339 390 1 434 381
382 50 253 1 144 252
383 154 323 1 248 319
384 166 654 1 271 645
385 406 1093 1 516 1070
386 363 1166 1 474 1153
387 419 619 1 518 608
388 301 207 1 391 200
389 361 384 1 454 375
390 377 776 1 480 762
391 431 135 1 518 123
392 365 780 1 469 766
393 457 362 1 549 350
394 492 1123 1 603 1101
395 313 1228 1 426 1214
396 288 892 1 394 879
397 32 683 1 143 675
398 386 718 1 487 703
399 197 713 1 300 704
400 194 1233 1 313 1207
401 435 1021 1 544 1002
402 131 717 1 239 707
403 352 36 1 438 28
404 190 865 1 298 852
405 57 729 1 168 721
406 449 442 1 544 430
407 69 1048 1 188 1027
408 272 837 1 378 823
409 118 734 1 226 723
410 158 753 1 263 744
411 323 900 1 429 886
412 325 973 1 432 960
413 440 281 1 531 269
414 375 160 1 463 151
415 224 654 1 325 645
416 177 808 1 284 797
417 330 466 1 425 457
418 151 31 1 241 33
419 97 578 1 198 574
420 247 1057 1 360 1037
421 433 743 1 535 727
422 115 206 1 208 205
423 374 197 1 463 188
424 297 1241 1 409 1227
425 506 1176 1 618 1153
426 178 1226 1 297 1200
427 47 730 1 158 721
428 237 651 1 336 644
429 447 328 1 539 317
430 441 794 1 544 778
431 450 345 1 543 332
432 106 484 1 205 481
433 83 974 1 199 957
434 206 252 1 298 248
435 121 718 1 228 709
436 147 147 1 240 148
437 433 730 1 535 715
438 412 1146 1 523 1128
439 119 668 1 226 658
440 376 764 1 478 749
441 157 357 1 254 355
442 142 679 1 248 670
443 431 486 1 527 473
444 143 569 1 243 564
445 56 943 1 170 930
446 394 982 1 500 966
447 406 732 1 507 717
448 445 372 1 538 360
449 60 255 1 155 255
450 89 1047 1 208 1026
451 325 984 1 431 972
452 521 745 1 622 727
453 328 851 1 433 837
454 384 1013 1 493 996
455 373 579 1 471 568
456 427 1033 1 535 1014
457 398 1126 1 508 1109
458 384 1183 1 496 1166
459 312 1091 1 424 1070
460 264 1150 1 376 1137
461 439 125 1 526 113
462 417 382 1 510 372
463 440 256 1 530 244
464 432 105 1 519 93
465 210 328 1 304 324
466 250 568 1 348 560
467 39 756 1 152 746
468 411 1035 1 519 1018
469 444 184 1 532 172
470 418 852 1 522 836
471 28 792 1 141 781
472 385 1158 1 497 1141
473 337 861 1 441 848
474 298 84 1 385 78
475 419 1164 1 531 1146
476 454 878 1 558 861
477 218 479 1 315 473
478 202 95 1 291 93
479 356 163 1 444 154
480 368 1205 1 481 1188
481 601 381 1 693 366
482 434 460 1 529 448
483 400 836 1 504 820
484 138 522 1 237 517
485 400 552 1 497 540
486 65 701 1 175 692
487 55 369 1 152 367
488 220 112 1 308 109
489 431 812 1 535 796
490 438 527 1 535 514
491 222 808 1 328 795
492 222 1250 1 336 1235
493 384 1061 1 492 1045
494 397 1202 1 509 1185
495 272 927 1 379 913
496 374 1136 1 485 1121
497 223 284 1 315 279
498 137 690 1 243 680
499 335 965 1 442 952
500 310 931 1 417 917
501 72 86 1 163 88
502 417 801 1 520 786
503 60 760 1 174 748
504 394 941 1 499 925
505 552 905 1 657 883
506 424 190 1 513 179
507 452 1191 1 565 1173
508 133 1148 1 251 1125
509 279 1134 1 390 1119
510 81 355 1 177 354
511 230 1205 1 346 1180
512 92 127 1 184 128
513 162 679 1 268 668
514 284 840 1 390 826
515 169 344 1 265 341
516 204 207 1 295 204
517 344 1186 1 456 1171
518 383 696 1 485 681
519 462 697 1 563 682
520 209 800 1 314 789
521 304 1100 1 415 1081
522 216 785 1 322 773
523 71 1138 1 188 1119
524 275 871 1 381 858
525 452 1139 1 563 1117
526 400 662 1 499 651
527 460 1105 1 569 1082
528 394 913 1 500 897
529 447 45 1 532 34
530 588 673 1 686 654
531 480 1162 1 591 1140
532 55 670 1 166 662
533 389 464 1 485 453
534 103 742 1 213 732
535 507 1120 1 618 1098
536 440 247 1 530 235
537 219 614 1 318 606
538 36 976 1 153 958
539 325 321 1 418 313
540 213 29 1 302 29
541 374 859 1 479 844
542 330 1097 1 440 1075
543 488 366 1 580 353
544 175 556 1 274 550
545 60 641 1 169 634
546 415 832 1 519 816
547 370 1218 1 483 1200
548 330 488 1 426 478
549 385 849 1 490 834
550 306 240 1 397 232
551 273 478 1 369 470
552 293 316 1 386 309
553 231 753 1 335 744
554 394 1061 1 502 1045
555 260 1229 1 375 1212
556 389 426 1 483 416
557 414 732 1 517 717
558 359 665 1 458 654
559 144 135 1 238 136
560 434 292 1 526 281
561 406 857 1 510 841
562 79 143 1 172 145
563 610 768 1 709 745
564 150 712 1 258 701
565 305 226 1 396 219
566 146 306 1 240 303
567 316 216 1 406 209
568 546 316 1 638 302
569 335 842 1 440 827
570 388 764 1 490 749
571 115 682 1 223 673
572 345 881 1 451 865
573 492 1135 1 602 1112
574 242 832 1 348 818
575 113 1110 1 227 1094
576 278 1117 1 388 1103
577 92 323 1 187 322
578 63 713 1 173 703
579 57 881 1 172 867
580 222 295 1 314 291
581 460 1240 1 573 1221
582 91 354 1 189 353
583 305 563 1 402 553
584 372 1103 1 483 1080
585 270 852 1 377 838
586 426 252 1 517 240
587 254 836 1 360 822
588 203 790 1 309 778
589 443 883 1 549 867
590 295 660 1 394 650
591 423 962 1 530 946
592 112 498 1 211 494
593 113 806 1 222 795
594 239 856 1 345 843
595 79 941 1 193 926
596 330 926 1 436 911
597 351 1025 1 457 1012
598 266 182 1 355 177
599 215 74 1 303 72
600 198 115 1 287 112
601 460 438 1 555 425
602 341 1146 1 453 1122
603 440 90 1 527 78
604 439 116 1 526 103
605 273 1216 1 387 1199
606 502 1141 1 614 1119
607 385 197 1 474 188
608 445 904 1 550 888
609 641 408 1 732 392
610 440 847 1 543 831
611 430 307 1 521 295
612 333 1062 1 443 1041
613 400 580 1 498 569
614 206 242 1 298 238
615 474 88 1 560 75
