0 442 58 1 521 -11
1 152 1140 1 248 1060
2 430 141 1 511 73
3 435 1244 1 524 1169
4 333 491 1 416 429
5 430 121 1 510 52
6 97 1059 1 195 980
7 472 509 1 555 445
8 443 663 1 526 599
9 403 121 1 483 53
10 423 53 1 503 -16
11 404 141 1 485 74
12 474 482 1 558 418
13 235 28 1 315 -34
14 77 796 1 173 727
15 81 806 1 176 738
16 459 805 1 543 737
17 469 460 1 551 396
18 203 397 1 285 338
19 70 1156 1 169 1074
20 430 227 1 511 161
21 476 743 1 562 675
22 474 399 1 557 335
23 424 791 1 509 723
24 427 352 1 510 289
25 512 1179 1 599 1099
26 337 470 1 420 407
27 215 183 1 297 122
28 431 172 1 513 105
29 406 1095 1 493 1024
30 465 266 1 547 200
31 424 371 1 508 308
32 431 1020 1 517 949
33 184 26 1 263 -36
34 533 804 1 616 735
35 452 534 1 534 470
36 218 530 1 301 469
37 103 1106 1 203 1025
38 427 260 1 508 194
39 131 990 1 226 915
40 457 567 1 540 503
41 510 807 1 595 740
42 228 41 1 307 -21
43 397 196 1 478 131
44 542 767 1 626 699
45 334 480 1 416 417
46 451 640 1 534 577
47 519 761 1 602 693
48 469 555 1 552 491
49 395 556 1 478 493
50 100 221 1 181 160
51 60 1048 1 160 970
52 462 485 1 545 421
53 470 40 1 551 -29
54 132 521 1 216 461
55 373 1103 1 460 1032
56 305 1190 1 395 1119
57 90 32 1 169 -30
58 222 624 1 306 562
59 433 150 1 514 82
60 236 53 1 316 -10
61 150 1032 1 243 958
62 409 767 1 493 700
63 498 512 1 581 448
64 408 791 1 494 724
65 205 103 1 284 39
66 230 753 1 315 690
67 323 544 1 406 481
68 434 589 1 517 525
69 112 886 1 205 815
70 374 1093 1 461 1021
71 420 489 1 502 425
72 76 892 1 170 823
73 148 127 1 227 64
74 405 1007 1 491 941
75 367 983 1 453 911
76 515 795 1 599 727
77 64 929 1 158 861
78 450 414 1 532 350
79 161 313 1 243 252
80 234 118 1 313 53
81 194 807 1 283 742
82 89 316 1 171 257
83 534 794 1 617 724
84 110 810 1 203 740
85 201 43 1 282 -19
86 147 99 1 226 36
87 102 1237 1 202 1151
88 403 351 1 485 287
89 155 254 1 236 193
90 386 350 1 467 287
91 452 58 1 532 -11
92 118 130 1 198 68
93 405 153 1 486 86
94 110 856 1 203 789
95 144 460 1 228 401
96 245 327 1 326 265
97 216 514 1 299 453
98 150 810 1 243 740
99 58 1132 1 158 1053
100 499 744 1 583 677
101 441 94 1 522 26
102 207 171 1 290 109
103 407 52 1 487 -16
104 257 738 1 342 675
105 157 236 1 237 176
106 127 1196 1 221 1120
107 197 174 1 279 113
108 132 314 1 213 254
109 91 279 1 173 218
110 357 887 1 444 817
111 246 312 1 326 250
112 58 1080 1 153 1010
113 352 956 1 438 885
114 219 313 1 299 251
115 400 176 1 480 110
116 205 514 1 288 453
117 129 261 1 209 200
118 69 852 1 164 782
119 363 24 1 443 -43
120 498 487 1 582 423
121 233 103 1 312 38
122 175 460 1 258 400
123 43 1058 1 144 980
124 400 1048 1 485 981
125 374 520 1 457 456
126 93 357 1 176 297
127 470 571 1 553 507
128 356 192 1 436 126
129 484 1186 1 571 1107
130 388 72 1 467 4
131 212 795 1 301 729
132 448 354 1 531 289
133 140 410 1 223 351
134 410 687 1 494 624
135 139 822 1 230 753
136 470 370 1 552 305
137 314 493 1 396 431
138 183 386 1 268 327
139 451 547 1 534 483
140 77 882 1 171 813
141 420 42 1 500 -27
142 402 1106 1 489 1034
143 472 226 1 553 159
144 487 979 1 572 909
145 102 913 1 197 842
146 398 1238 1 486 1161
147 422 1048 1 508 978
148 130 282 1 211 221
149 183 556 1 267 495
150 404 373 1 486 309
151 150 154 1 231 92
152 173 808 1 262 742
153 395 105 1 475 37
154 441 653 1 524 588
155 88 781 1 182 713
156 101 208 1 182 147
157 380 1200 1 471 1117
158 120 155 1 200 93
159 136 336 1 218 275
160 320 554 1 403 492
161 445 791 1 529 723
162 41 849 1 138 780
163 475 769 1 560 700
164 140 1017 1 235 944
165 223 30 1 304 -31
166 460 983 1 545 913
167 172 430 1 254 370
168 106 430 1 189 370
169 178 501 1 261 440
170 153 791 1 244 724
171 446 479 1 529 415
172 37 890 1 135 819
173 447 802 1 531 734
174 413 1058 1 499 987
175 80 873 1 176 803
176 480 803 1 565 734
177 211 41 1 292 -21
178 485 827 1 569 759
179 420 164 1 501 97
180 408 678 1 492 614
181 114 102 1 194 39
182 157 580 1 242 520
183 411 169 1 492 102
184 444 1071 1 529 1000
185 463 634 1 546 570
186 68 206 1 149 144
187 448 221 1 529 155
188 298 100 1 376 35
189 79 43 1 159 -18
190 343 534 1 425 471
191 343 457 1 425 394
192 420 64 1 500 -4
193 264 553 1 347 492
194 83 461 1 167 401
195 119 996 1 215 921
196 349 557 1 432 493
197 458 1124 1 545 1044
198 319 577 1 401 515
199 390 148 1 470 82
200 235 555 1 319 493
201 433 1063 1 520 991
202 61 797 1 156 731
203 169 407 1 251 347
204 219 328 1 300 267
205 358 553 1 441 490
206 396 569 1 478 505
207 267 706 1 352 643
208 442 70 1 520 0
209 161 825 1 252 755
210 129 754 1 222 686
211 480 912 1 564 843
212 404 408 1 486 344
213 398 1059 1 484 992
214 528 1152 1 614 1070
215 159 280 1 240 219
216 143 430 1 225 370
217 117 740 1 208 673
218 404 1193 1 492 1118
219 79 861 1 174 792
220 324 419 1 406 356
221 239 713 1 323 650
222 324 490 1 406 428
223 89 164 1 170 101
224 173 647 1 258 586
225 304 235 1 383 172
226 430 616 1 514 552
227 49 884 1 144 816
228 38 1095 1 138 1015
229 107 1003 1 203 927
230 331 269 1 411 205
231 125 808 1 217 740
232 110 1152 1 206 1072
233 480 32 1 561 -38
234 324 699 1 408 635
235 137 1027 1 228 957
236 136 356 1 218 296
237 190 201 1 270 139
238 81 1197 1 177 1120
239 427 902 1 513 833
240 399 257 1 480 192
241 442 160 1 523 92
242 454 195 1 535 127
243 441 113 1 522 44
244 169 636 1 254 575
245 298 115 1 377 49
246 304 269 1 385 206
247 36 862 1 134 792
248 149 501 1 233 441
249 372 1043 1 459 974
250 414 1219 1 502 1144
251 303 249 1 383 185
252 479 855 1 564 786
253 415 879 1 500 810
254 350 207 1 430 142
255 99 411 1 182 351
256 37 838 1 134 769
257 310 398 1 392 336
258 328 233 1 408 169
259 363 939 1 450 869
260 409 782 1 494 714
261 374 899 1 460 830
262 50 804 1 145 737
263 330 255 1 410 191
264 212 814 1 302 748
265 71 748 1 165 681
266 439 743 1 524 676
267 299 135 1 379 70
268 390 393 1 471 331
269 132 1155 1 232 1073
270 211 739 1 298 675
271 93 1019 1 190 943
272 508 745 1 592 677
273 324 121 1 403 55
274 150 748 1 241 681
275 396 678 1 479 614
276 494 645 1 578 580
277 447 524 1 530 460
278 265 693 1 348 632
279 177 155 1 259 95
280 313 481 1 396 419
281 439 204 1 520 138
282 344 885 1 430 816
283 311 420 1 393 358
284 416 1073 1 503 1002
285 81 1176 1 183 1092
286 88 692 1 181 627
287 205 529 1 288 468
288 456 372 1 538 308
289 114 450 1 196 392
290 72 773 1 168 706
291 470 299 1 552 232
292 162 718 1 252 653
293 321 136 1 401 70
294 532 753 1 615 686
295 120 1181 1 215 1104
296 229 782 1 315 719
297 461 903 1 546 833
298 173 905 1 262 839
299 35 781 1 131 715
300 420 696 1 504 631
301 173 26 1 253 -35
302 425 363 1 506 299
303 93 756 1 188 689
304 441 865 1 526 796
305 377 456 1 460 393
306 222 1190 1 314 1116
307 467 824 1 551 756
308 455 179 1 536 111
309 90 1161 1 188 1080
310 453 1057 1 539 986
311 378 472 1 461 409
312 419 1013 1 506 941
313 176 891 1 265 825
314 313 726 1 398 663
315 81 81 1 159 18
316 105 962 1 201 888
317 274 735 1 358 672
318 51 784 1 146 716
319 157 735 1 248 669
320 103 833 1 198 765
321 107 26 1 186 -36
322 49 908 1 144 838
323 108 953 1 200 883
324 169 1071 1 262 997
325 345 481 1 427 418
326 354 543 1 437 481
327 414 1162 1 502 1080
328 470 69 1 551 0
329 421 175 1 502 107
330 467 939 1 551 869
331 504 1162 1 591 1081
332 508 379 1 591 315
333 435 786 1 520 718
334 74 1093 1 170 1017
335 466 644 1 549 580
336 88 225 1 169 165
337 469 50 1 550 -19
338 232 128 1 311 63
339 622 714 1 704 644
340 409 64 1 488 -4
341 451 40 1 532 -28
342 241 790 1 327 724
343 58 286 1 141 228
344 391 373 1 472 309
345 201 54 1 281 -8
346 475 963 1 562 893
347 50 745 1 145 679
348 215 252 1 296 190
349 238 634 1 321 573
350 160 1056 1 252 982
351 55 756 1 149 691
352 421 1083 1 508 1011
353 410 933 1 496 863
354 387 38 1 467 -30
355 155 33 1 236 -28
356 70 808 1 165 739
357 165 356 1 248 294
358 196 787 1 284 722
359 372 346 1 454 283
360 538 814 1 622 746
361 456 466 1 539 402
362 457 753 1 542 685
363 97 109 1 176 47
364 163 942 1 254 872
365 389 116 1 469 49
366 345 197 1 426 132
367 500 734 1 584 666
368 222 832 1 310 764
369 323 105 1 402 38
370 171 925 1 260 856
371 354 419 1 436 356
372 42 1136 1 141 1057
373 145 737 1 235 672
374 143 902 1 235 832
375 104 820 1 197 753
376 435 1156 1 523 1075
377 392 1208 1 480 1137
378 65 1145 1 164 1065
379 313 235 1 393 171
380 376 413 1 458 350
381 400 818 1 485 750
382 217 717 1 303 654
383 388 822 1 474 754
384 473 387 1 555 324
385 526 1182 1 613 1102
386 375 1226 1 463 1153
387 200 31 1 280 -30
388 408 758 1 492 690
389 72 947 1 168 877
390 162 895 1 250 829
391 432 42 1 513 -27
392 465 1072 1 551 997
393 361 61 1 440 -5
394 308 1201 1 397 1129
395 467 470 1 550 406
396 505 1113 1 591 1034
397 292 883 1 380 814
398 399 1131 1 487 1051
399 152 937 1 244 867
400 62 787 1 158 721
401 351 1011 1 437 944
402 455 307 1 536 242
403 387 187 1 467 121
404 78 784 1 172 716
405 242 689 1 327 626
406 66 761 1 161 694
407 347 496 1 429 434
408 156 58 1 236 -3
409 113 614 1 198 554
410 267 1121 1 360 1041
411 51 793 1 144 727
412 125 238 1 206 178
413 386 224 1 467 159
414 182 828 1 270 763
415 228 895 1 316 828
416 133 617 1 218 556
417 286 1230 1 376 1157
418 72 1050 1 171 972
419 152 870 1 243 800
420 466 835 1 551 767
421 121 519 1 205 460
422 217 283 1 299 221
423 129 765 1 222 698
424 152 175 1 235 114
425 458 770 1 541 703
426 442 1195 1 529 1120
427 143 792 1 234 724
428 127 712 1 219 646
429 398 804 1 483 736
430 276 717 1 361 654
431 166 389 1 251 329
432 450 514 1 533 451
433 159 604 1 244 544
434 429 774 1 513 705
435 462 398 1 544 335
436 71 289 1 153 229
437 100 1117 1 199 1034
438 476 902 1 560 832
439 351 1023 1 436 956
440 549 785 1 633 716
441 208 907 1 296 841
442 207 145 1 287 82
443 437 906 1 522 836
444 392 610 1 475 547
445 456 1084 1 542 1009
446 389 691 1 473 628
447 336 1157 1 427 1074
448 141 764 1 233 696
449 450 149 1 531 81
450 423 1111 1 509 1038
451 433 410 1 515 347
452 454 282 1 536 216
453 443 130 1 523 61
454 223 360 1 304 298
455 82 770 1 176 704
456 267 601 1 351 539
457 439 1082 1 526 1009
458 456 209 1 537 142
459 444 895 1 529 826
460 133 739 1 225 673
461 82 1236 1 183 1150
462 127 891 1 221 820
463 307 112 1 387 46
464 450 1214 1 537 1138
465 86 714 1 179 648
466 481 921 1 566 851
467 234 512 1 317 451
468 210 125 1 291 61
469 367 189 1 447 124
470 633 401 1 714 335
471 452 489 1 534 425
472 143 880 1 235 812
473 425 879 1 510 810
474 153 557 1 237 496
475 419 582 1 502 519
476 242 679 1 326 616
477 67 401 1 151 343
478 229 142 1 308 78
479 457 853 1 542 784
480 458 556 1 541 492
481 240 853 1 328 785
482 368 1126 1 457 1045
483 224 378 1 306 318
484 411 1106 1 498 1034
485 294 971 1 382 902
486 293 1158 1 386 1076
487 141 864 1 232 795
488 235 314 1 316 252
489 317 923 1 404 856
490 460 577 1 543 513
491 361 1003 1 447 936
492 334 974 1 421 905
493 81 120 1 160 58
494 441 842 1 527 774
495 418 984 1 504 914
496 587 958 1 671 883
497 437 217 1 518 150
498 456 783 1 541 715
499 101 160 1 181 98
500 182 902 1 272 834
501 304 886 1 392 817
502 178 374 1 262 315
503 214 238 1 295 176
504 404 735 1 490 668
505 487 736 1 571 669
506 233 828 1 321 761
507 484 1198 1 571 1118
508 492 1168 1 578 1087
509 420 960 1 506 889
510 370 1167 1 459 1087
511 457 69 1 537 0
512 140 752 1 231 686
513 515 1223 1 601 1142
514 351 36 1 431 -31
515 407 494 1 490 430
516 202 797 1 290 732
517 543 1179 1 629 1099
518 453 272 1 535 207
519 237 648 1 321 586
520 221 1123 1 316 1042
521 340 350 1 421 287
522 218 54 1 299 -8
523 398 904 1 484 834
524 506 391 1 588 326
525 192 591 1 276 530
526 275 1232 1 365 1160
527 440 874 1 525 806
528 347 519 1 430 456
529 409 893 1 495 824
530 319 268 1 399 204
531 289 510 1 371 448
532 307 345 1 388 283
533 88 145 1 168 82
534 96 978 1 191 906
535 406 455 1 487 392
536 228 736 1 312 673
537 438 773 1 523 705
538 379 697 1 462 634
539 77 1029 1 172 957
540 450 319 1 531 253
541 67 1018 1 163 947
542 181 779 1 271 712
543 89 177 1 169 116
544 651 820 1 731 744
545 318 255 1 398 191
546 158 338 1 239 278
547 349 1235 1 441 1149
548 328 245 1 408 181
549 568 336 1 650 271
550 410 805 1 496 737
551 123 728 1 216 662
552 369 927 1 455 856
553 470 1169 1 556 1087
554 526 1195 1 612 1115
555 260 877 1 348 808
556 104 357 1 186 297
557 199 767 1 286 702
558 234 326 1 315 265
559 188 603 1 272 543
560 217 728 1 304 664
561 323 595 1 406 533
562 400 1168 1 489 1086
563 290 897 1 378 828
564 441 277 1 522 212
565 232 842 1 321 774
566 273 881 1 361 812
567 364 38 1 444 -30
568 471 926 1 556 857
569 314 693 1 398 631
570 353 968 1 440 898
571 127 532 1 211 472
572 479 864 1 564 796
573 208 31 1 289 -31
574 133 729 1 226 662
575 77 998 1 175 923
576 377 1063 1 463 995
577 277 211 1 356 147
578 310 954 1 397 885
579 223 104 1 302 40
580 68 1071 1 167 993
581 478 465 1 561 401
582 461 355 1 544 290
583 451 114 1 532 46
584 449 140 1 531 72
585 150 188 1 232 128
586 371 1205 1 462 1121
587 60 692 1 154 627
588 538 1202 1 624 1122
589 397 224 1 478 159
590 472 946 1 557 877
591 682 427 1 761 361
592 466 889 1 550 820
593 445 333 1 527 268
594 341 1089 1 428 1018
595 420 611 1 503 548
596 217 273 1 298 210
597 127 1028 1 219 957
