0 418 50 1 523 -26
1 406 133 1 512 59
2 400 1247 1 525 1165
3 303 486 1 417 419
4 55 1065 1 190 982
5 406 113 1 512 38
6 81 1141 1 216 1055
7 444 505 1 557 436
8 412 660 1 527 590
9 89 1248 1 227 1154
10 378 113 1 484 39
11 399 45 1 504 -30
12 379 133 1 485 60
13 446 479 1 559 408
14 111 1149 1 245 1062
15 38 796 1 166 725
16 41 806 1 170 736
17 26 926 1 155 857
18 428 807 1 544 733
19 440 457 1 553 386
20 172 389 1 284 328
21 404 220 1 512 149
22 446 744 1 563 670
23 446 395 1 559 324
24 392 792 1 510 719
25 399 347 1 511 277
26 28 985 1 160 910
27 307 464 1 420 398
28 406 165 1 514 92
29 371 1097 1 494 1020
30 439 260 1 548 188
31 396 365 1 509 297
32 398 1022 1 518 946
33 503 807 1 619 731
34 423 530 1 536 461
35 186 523 1 301 460
36 365 552 1 479 483
37 187 171 1 294 108
38 401 253 1 509 182
39 427 564 1 542 494
40 177 795 1 299 724
41 480 809 1 597 736
42 202 25 1 304 -38
43 372 189 1 479 118
44 63 915 1 193 841
45 513 770 1 629 695
46 304 474 1 417 407
47 420 637 1 536 568
48 683 1012 1 789 914
49 490 764 1 605 689
50 396 54 1 501 -19
51 440 551 1 554 482
52 71 209 1 179 149
53 433 481 1 547 411
54 448 33 1 553 -44
55 99 513 1 215 452
56 338 1104 1 462 1028
57 32 1237 1 171 1143
58 189 618 1 306 554
59 408 143 1 515 69
60 479 1186 1 602 1101
61 210 38 1 314 -26
62 377 768 1 494 696
63 469 509 1 582 439
64 376 792 1 494 720
65 179 91 1 283 26
66 83 882 1 213 806
67 195 750 1 315 683
68 292 538 1 406 472
69 403 585 1 519 516
70 113 811 1 238 738
71 339 1094 1 463 1017
72 390 484 1 504 415
73 120 114 1 226 51
74 370 1005 1 493 934
75 332 985 1 454 909
76 486 798 1 602 723
77 66 967 1 196 888
78 422 409 1 533 339
79 131 1073 1 260 995
80 132 303 1 242 241
81 208 106 1 312 40
82 58 305 1 169 246
83 504 796 1 620 721
84 72 810 1 198 738
85 175 26 1 279 -36
86 120 86 1 225 23
87 375 345 1 486 276
88 428 49 1 534 -26
89 126 243 1 235 181
90 358 344 1 468 276
91 90 117 1 196 55
92 380 146 1 487 73
93 112 452 1 227 391
94 216 318 1 326 254
95 184 507 1 299 444
96 469 746 1 585 672
97 418 87 1 523 11
98 179 157 1 287 95
99 383 44 1 488 -30
100 128 225 1 236 164
101 135 808 1 259 737
102 123 141 1 229 79
103 36 890 1 166 821
104 169 161 1 276 99
105 77 899 1 205 824
106 101 304 1 212 243
107 61 267 1 171 207
108 323 888 1 444 814
109 217 303 1 326 239
110 317 958 1 439 882
111 374 169 1 481 97
112 174 507 1 288 444
113 99 250 1 207 189
114 29 852 1 158 780
115 471 484 1 584 414
116 207 91 1 311 25
117 144 452 1 257 390
118 365 1045 1 487 974
119 25 1165 1 164 1078
120 344 515 1 458 447
121 25 792 1 152 718
122 62 346 1 174 286
123 441 568 1 555 498
124 330 183 1 436 114
125 450 1194 1 573 1108
126 364 63 1 467 -10
127 62 1118 1 197 1029
128 190 305 1 298 240
129 421 348 1 532 278
130 109 401 1 222 341
131 379 684 1 495 616
132 443 365 1 554 294
133 159 806 1 281 737
134 283 487 1 397 421
135 152 377 1 265 316
136 421 543 1 535 474
137 397 34 1 501 -41
138 367 1106 1 490 1030
139 447 220 1 555 146
140 454 980 1 574 905
141 31 807 1 158 737
142 362 1241 1 488 1159
143 100 271 1 210 210
144 151 549 1 266 486
145 346 1212 1 471 1121
146 87 1197 1 221 1116
147 420 1071 1 541 991
148 375 367 1 486 298
149 370 97 1 476 23
150 410 649 1 526 580
151 50 781 1 176 711
152 71 196 1 180 135
153 409 1074 1 530 997
154 91 142 1 198 80
155 105 326 1 217 264
156 272 1190 1 396 1113
157 123 994 1 251 919
158 289 549 1 404 483
159 399 1074 1 522 997
160 109 924 1 235 852
161 445 770 1 562 696
162 273 1232 1 401 1154
163 445 385 1 557 313
164 46 913 1 176 839
165 427 985 1 547 909
166 140 422 1 253 360
167 29 868 1 158 798
168 74 420 1 188 360
169 146 493 1 261 431
170 417 475 1 530 405
171 106 914 1 233 840
172 415 804 1 532 730
173 378 1061 1 500 984
174 449 805 1 566 730
175 185 26 1 289 -37
176 453 829 1 571 755
177 395 157 1 502 83
178 377 674 1 493 606
179 86 88 1 192 26
180 45 770 1 171 701
181 124 574 1 241 511
182 386 161 1 492 88
183 413 787 1 529 714
184 432 631 1 548 562
185 38 193 1 147 132
186 422 215 1 531 142
187 396 775 1 514 701
188 272 90 1 376 21
189 51 27 1 155 -33
190 135 719 1 257 651
191 312 529 1 426 462
192 123 824 1 248 752
193 313 451 1 425 384
194 233 548 1 348 483
195 50 452 1 166 392
196 370 1194 1 494 1114
197 318 551 1 433 484
198 423 1132 1 546 1047
199 287 572 1 402 506
200 365 141 1 471 68
201 204 548 1 319 484
202 399 1065 1 521 988
203 85 810 1 212 738
204 138 398 1 250 337
205 190 319 1 299 256
206 328 548 1 442 481
207 365 565 1 480 496
208 114 937 1 242 864
209 100 822 1 226 751
210 91 754 1 216 683
211 448 915 1 566 840
212 376 403 1 487 334
213 363 1057 1 486 985
214 496 1162 1 616 1074
215 130 269 1 239 207
216 111 422 1 225 360
217 79 738 1 203 669
218 164 764 1 285 696
219 39 863 1 169 790
220 104 1049 1 234 972
221 295 413 1 407 346
222 367 772 1 484 699
223 56 755 1 182 685
224 205 709 1 323 643
225 294 484 1 406 418
226 140 640 1 258 577
227 276 226 1 383 159
228 110 269 1 218 208
229 400 613 1 515 544
230 362 710 1 480 642
231 171 833 1 294 762
232 67 1007 1 198 928
233 304 261 1 412 193
234 418 123 1 525 48
235 458 24 1 563 -53
236 292 695 1 409 627
237 105 346 1 217 285
238 162 190 1 269 126
239 394 904 1 514 829
240 372 251 1 481 180
241 418 152 1 524 79
242 429 188 1 536 115
243 417 106 1 523 30
244 135 630 1 253 567
245 273 105 1 377 36
246 276 261 1 385 194
247 117 493 1 232 432
248 337 1040 1 460 967
249 378 1222 1 504 1141
250 275 240 1 383 174
251 448 857 1 565 782
252 383 881 1 501 807
253 150 836 1 275 759
254 324 199 1 430 130
255 67 401 1 180 341
256 281 391 1 392 326
257 301 225 1 408 157
258 329 942 1 450 866
259 377 783 1 494 710
260 34 772 1 161 703
261 340 901 1 460 827
262 210 781 1 331 711
263 177 887 1 301 817
264 146 1179 1 278 1096
265 303 247 1 411 179
266 177 813 1 299 743
267 124 936 1 251 862
268 409 744 1 525 671
269 274 125 1 378 57
270 362 387 1 471 321
271 418 59 1 521 -15
272 177 735 1 297 668
273 479 746 1 595 672
274 298 111 1 403 41
275 365 674 1 480 606
276 134 796 1 257 726
277 465 644 1 580 573
278 418 520 1 532 450
279 232 686 1 350 623
280 149 142 1 256 81
281 283 475 1 397 410
282 71 861 1 198 788
283 414 198 1 522 125
284 104 901 1 232 829
285 310 887 1 430 813
286 281 414 1 393 348
287 180 767 1 299 701
288 49 689 1 175 622
289 134 924 1 259 852
290 362 721 1 479 652
291 25 939 1 157 865
292 174 522 1 288 459
293 429 367 1 540 297
294 82 441 1 195 382
295 115 792 1 240 721
296 443 294 1 554 221
297 126 717 1 248 649
298 148 365 1 259 304
299 296 126 1 401 57
300 503 756 1 618 681
301 24 1154 1 160 1067
302 429 905 1 547 830
303 192 729 1 312 662
304 389 693 1 506 623
305 170 851 1 291 784
306 72 977 1 201 901
307 397 358 1 508 288
308 409 867 1 527 793
309 348 451 1 461 383
310 435 825 1 553 752
311 430 172 1 537 98
312 102 752 1 226 682
313 112 831 1 237 761
314 419 1060 1 541 983
315 140 832 1 264 761
316 349 467 1 462 399
317 385 1015 1 507 938
318 201 795 1 322 726
319 101 793 1 226 722
320 280 723 1 398 656
321 52 65 1 157 5
322 160 824 1 283 752
323 240 731 1 358 664
324 52 1163 1 187 1083
325 106 881 1 232 809
326 121 733 1 244 664
327 129 872 1 254 802
328 413 583 1 527 513
329 119 1193 1 252 1108
330 315 475 1 428 408
331 323 538 1 438 472
332 380 1173 1 502 1084
333 447 62 1 552 -15
334 192 839 1 314 772
335 396 168 1 503 94
336 434 942 1 552 866
337 413 754 1 530 681
338 472 1172 1 593 1085
339 482 374 1 593 303
340 404 788 1 520 714
341 435 641 1 551 572
342 58 213 1 167 153
343 446 42 1 552 -34
344 205 116 1 310 50
345 599 720 1 709 641
346 385 56 1 489 -19
347 71 1140 1 206 1053
348 27 274 1 139 216
349 363 366 1 472 298
350 175 39 1 278 -24
351 442 965 1 564 889
352 386 1029 1 508 953
353 152 46 1 257 -14
354 205 629 1 321 564
355 328 917 1 449 843
356 387 1085 1 509 1008
357 377 936 1 497 860
358 364 29 1 468 -45
359 210 751 1 328 685
360 135 346 1 247 283
361 145 902 1 271 830
362 344 340 1 455 272
363 508 817 1 624 742
364 51 802 1 178 731
365 427 462 1 540 392
366 426 754 1 543 680
367 69 94 1 174 33
368 28 1019 1 161 944
369 365 108 1 469 35
370 319 189 1 426 119
371 470 735 1 586 661
372 186 831 1 309 760
373 298 96 1 402 25
374 325 413 1 436 346
375 109 735 1 231 667
376 47 852 1 175 780
377 110 1069 1 239 992
378 401 1166 1 524 1078
379 286 227 1 394 159
380 186 242 1 295 178
381 105 621 1 223 558
382 348 407 1 459 340
383 367 818 1 485 746
384 355 823 1 474 750
385 494 1190 1 616 1104
386 182 901 1 306 831
387 116 869 1 240 797
388 376 758 1 493 685
389 125 894 1 250 823
390 409 33 1 514 -42
391 431 1076 1 553 996
392 321 1132 1 447 1047
393 337 52 1 440 -20
394 272 1200 1 399 1123
395 439 466 1 551 396
396 472 1123 1 593 1037
397 257 884 1 379 810
398 364 1138 1 488 1053
399 146 940 1 271 869
400 316 1010 1 438 938
401 428 302 1 538 230
402 362 179 1 467 108
403 379 1212 1 505 1131
404 413 986 1 534 910
405 316 491 1 430 424
406 128 41 1 233 -19
407 80 607 1 198 546
408 230 1131 1 357 1045
409 96 227 1 204 166
410 167 887 1 291 817
411 360 217 1 467 147
412 281 90 1 386 21
413 193 893 1 316 823
414 99 610 1 218 548
415 249 1228 1 378 1151
416 455 779 1 570 705
417 435 836 1 553 762
418 326 1104 1 450 1027
419 88 511 1 204 451
420 188 273 1 298 209
421 91 764 1 217 694
422 123 161 1 231 100
423 427 772 1 543 698
424 406 1198 1 531 1117
425 56 146 1 164 86
426 89 709 1 213 642
427 366 805 1 483 732
428 244 713 1 361 646
429 134 379 1 247 319
430 179 1197 1 309 1120
431 421 510 1 534 441
432 127 597 1 244 535
433 230 722 1 348 656
434 434 394 1 546 324
435 40 277 1 151 218
436 444 904 1 562 829
437 315 1021 1 438 949
438 520 787 1 636 712
439 180 134 1 286 69
440 404 908 1 524 833
441 361 606 1 477 538
442 423 1088 1 543 1008
443 357 687 1 474 619
444 51 700 1 176 632
445 104 763 1 228 693
446 425 142 1 532 68
447 388 1114 1 511 1035
448 405 405 1 516 336
449 428 276 1 537 204
450 309 1162 1 434 1075
451 193 351 1 304 288
452 155 754 1 275 686
453 236 596 1 351 530
454 431 203 1 539 129
455 412 897 1 530 822
456 96 737 1 220 669
457 158 696 1 278 628
458 376 1106 1 499 1029
459 282 102 1 387 33
460 415 1216 1 539 1136
461 47 711 1 173 644
462 449 923 1 568 848
463 202 505 1 316 442
464 184 113 1 289 48
465 341 181 1 448 111
466 615 398 1 720 323
467 423 484 1 536 415
468 91 796 1 217 725
469 392 881 1 511 807
470 120 549 1 237 487
471 389 578 1 503 510
472 209 674 1 326 608
473 34 391 1 149 334
474 202 131 1 307 65
475 425 854 1 543 780
476 428 553 1 543 483
477 204 853 1 327 781
478 332 1134 1 457 1048
479 64 824 1 191 753
480 636 849 1 745 762
481 43 1185 1 178 1096
482 380 1232 1 505 1152
483 258 971 1 382 897
484 258 1168 1 384 1080
485 206 305 1 315 241
486 283 920 1 405 850
487 430 573 1 545 504
488 326 1001 1 448 929
489 299 974 1 421 901
490 52 106 1 158 45
491 410 843 1 528 770
492 157 208 1 265 145
493 558 967 1 675 885
494 411 210 1 519 137
495 130 913 1 257 839
496 426 785 1 542 711
497 157 1201 1 287 1124
498 134 961 1 260 885
499 72 146 1 179 86
500 269 888 1 391 814
501 550 990 1 666 908
502 186 228 1 294 164
503 373 735 1 490 663
504 458 738 1 573 664
505 172 898 1 294 828
506 197 828 1 319 757
507 509 1246 1 631 1158
508 450 1205 1 573 1120
509 174 757 1 294 689
510 458 1178 1 580 1091
511 386 962 1 507 886
512 83 1028 1 213 949
513 433 62 1 538 -14
514 316 947 1 438 874
515 481 1231 1 603 1144
516 328 25 1 431 -46
517 377 489 1 491 420
518 134 902 1 260 829
519 434 728 1 552 655
520 511 1187 1 631 1101
521 427 267 1 537 195
522 204 643 1 321 578
523 183 1134 1 313 1046
524 312 343 1 421 276
525 192 39 1 296 -25
526 365 905 1 484 831
527 180 722 1 299 655
528 479 386 1 590 315
529 159 584 1 276 521
530 238 1230 1 367 1153
531 408 876 1 526 802
532 80 1056 1 212 979
533 317 513 1 430 447
534 377 895 1 496 820
535 291 260 1 399 193
536 258 503 1 371 438
537 278 338 1 388 272
538 189 872 1 312 803
539 58 130 1 166 69
540 380 1201 1 505 1119
541 376 450 1 489 382
542 407 775 1 524 701
543 347 694 1 464 626
544 423 313 1 532 242
545 302 766 1 420 695
546 59 163 1 167 103
547 629 831 1 738 747
548 115 756 1 238 686
549 290 247 1 398 179
550 127 328 1 238 267
551 233 703 1 351 638
552 301 237 1 408 169
553 545 332 1 653 258
554 379 807 1 496 733
555 85 727 1 210 658
556 335 929 1 455 853
557 336 1172 1 461 1084
558 436 1179 1 558 1091
559 493 1204 1 615 1117
560 225 878 1 347 805
561 226 755 1 344 688
562 73 346 1 184 287
563 115 722 1 238 653
564 205 318 1 315 254
565 155 597 1 272 534
566 292 590 1 407 524
567 365 1178 1 489 1090
568 255 899 1 377 825
569 414 272 1 523 200
570 157 907 1 281 834
571 238 883 1 360 809
572 340 28 1 444 -45
573 438 929 1 558 854
574 281 689 1 399 623
575 319 967 1 440 894
576 94 525 1 210 463
577 447 866 1 566 792
578 144 926 1 268 858
579 96 727 1 221 658
580 43 760 1 170 692
581 36 1003 1 169 924
582 342 1061 1 465 988
583 250 201 1 356 135
584 274 953 1 397 881
585 197 92 1 301 26
586 244 1202 1 373 1118
587 450 462 1 563 391
588 435 350 1 545 279
589 427 107 1 533 32
590 425 134 1 532 58
591 120 174 1 228 114
592 336 1216 1 462 1126
593 195 581 1 310 516
594 505 1210 1 627 1124
595 371 217 1 478 146
596 439 948 1 559 873
597 669 425 1 770 350
598 434 892 1 552 817
599 418 327 1 528 257
600 305 1090 1 429 1013
601 390 607 1 505 539
602 188 263 1 297 199
603 45 996 1 176 922
