0 418 43 1 524 -36
1 404 127 1 514 49
2 376 1247 1 528 1164
3 293 479 1 418 413
4 29 1063 1 188 985
5 405 106 1 513 28
6 77 1164 1 238 1080
7 434 502 1 559 429
8 399 657 1 529 585
9 377 105 1 485 29
10 399 37 1 506 -41
11 377 126 1 487 50
12 437 475 1 562 402
13 48 846 1 197 776
14 411 807 1 548 731
15 430 447 1 553 374
16 163 378 1 284 321
17 400 214 1 514 139
18 60 877 1 210 808
19 432 744 1 567 668
20 439 391 1 561 316
21 376 790 1 513 716
22 393 341 1 513 269
23 298 457 1 422 391
24 404 158 1 516 82
25 350 1095 1 496 1018
26 435 255 1 551 179
27 378 1022 1 521 944
28 488 808 1 623 729
29 412 526 1 538 454
30 175 514 1 302 454
31 354 547 1 481 477
32 181 158 1 293 98
33 396 247 1 511 173
34 416 560 1 544 488
35 158 788 1 299 722
36 465 810 1 601 734
37 50 803 1 196 737
38 427 44 1 536 -36
39 399 996 1 542 920
40 44 1138 1 205 1057
41 368 182 1 481 108
42 102 1013 1 256 934
43 499 771 1 633 693
44 294 467 1 418 401
45 408 634 1 538 563
46 669 1030 1 804 927
47 475 764 1 609 687
48 395 47 1 503 -30
49 429 548 1 556 475
50 163 148 1 275 89
51 64 195 1 179 140
52 424 477 1 549 404
53 448 26 1 555 -55
54 87 503 1 215 446
55 116 802 1 259 735
56 316 1102 1 464 1025
57 32 1084 1 191 1006
58 33 1208 1 198 1121
59 176 610 1 307 548
60 406 136 1 517 59
61 456 1191 1 606 1104
62 208 24 1 314 -38
63 33 1117 1 195 1035
64 361 766 1 496 693
65 460 506 1 586 433
66 360 790 1 497 717
67 176 79 1 283 16
68 281 532 1 408 465
69 392 581 1 521 510
70 183 791 1 323 723
71 53 894 1 203 825
72 88 1150 1 244 1066
73 317 1092 1 465 1015
74 381 479 1 506 409
75 178 743 1 316 679
76 116 100 1 225 41
77 351 1001 1 495 929
78 312 985 1 456 908
79 471 799 1 606 721
80 414 404 1 536 332
81 108 1068 1 261 994
82 58 953 1 207 884
83 205 95 1 313 30
84 50 292 1 169 238
85 489 798 1 624 719
86 192 776 1 331 708
87 116 1047 1 269 969
88 116 71 1 224 13
89 322 1217 1 474 1127
90 368 339 1 487 268
91 119 231 1 235 173
92 351 337 1 470 268
93 72 740 1 214 676
94 86 102 1 195 46
95 378 139 1 488 64
96 102 441 1 227 385
97 209 309 1 326 246
98 173 498 1 299 438
99 455 746 1 589 670
100 417 80 1 525 1
101 174 144 1 286 84
102 383 36 1 489 -41
103 297 956 1 441 881
104 122 213 1 236 155
105 118 127 1 229 70
106 398 803 1 535 728
107 93 292 1 212 235
108 53 254 1 171 199
109 305 887 1 446 813
110 210 294 1 327 231
111 371 162 1 482 87
112 162 498 1 289 438
113 92 237 1 207 180
114 148 825 1 289 757
115 461 481 1 587 407
116 204 79 1 311 15
117 134 441 1 258 383
118 344 1042 1 489 969
119 157 178 1 269 118
120 55 981 1 209 909
121 334 509 1 460 440
122 102 932 1 251 861
123 53 334 1 174 279
124 430 565 1 557 492
125 326 176 1 437 105
126 427 1198 1 576 1111
127 363 55 1 469 -20
128 183 294 1 299 232
129 414 343 1 534 270
130 100 390 1 222 334
131 365 679 1 497 610
132 437 361 1 556 286
133 273 480 1 398 415
134 142 366 1 264 309
135 410 540 1 537 468
136 397 26 1 503 -52
137 346 1104 1 493 1027
138 443 215 1 557 137
139 435 981 1 577 903
140 338 1241 1 490 1158
141 67 754 1 210 690
142 125 291 1 242 233
143 139 540 1 267 480
144 103 1058 1 257 980
145 368 361 1 488 290
146 95 750 1 237 684
147 616 839 1 749 750
148 369 89 1 477 13
149 397 646 1 528 574
150 65 181 1 179 126
151 387 1074 1 533 995
152 87 128 1 198 71
153 98 314 1 216 257
154 49 884 1 199 815
155 75 814 1 220 746
156 276 565 1 404 500
157 278 542 1 406 477
158 378 1073 1 524 995
159 102 905 1 248 837
160 430 771 1 565 694
161 83 897 1 231 828
162 438 380 1 560 305
163 407 984 1 550 907
164 131 411 1 254 353
165 135 901 1 281 832
166 64 408 1 188 354
167 135 483 1 261 425
168 27 775 1 174 710
169 408 471 1 532 398
170 418 65 1 526 -13
171 357 1060 1 503 982
172 433 805 1 570 728
173 437 829 1 574 753
174 392 150 1 504 74
175 363 670 1 495 600
176 83 73 1 191 16
177 101 725 1 243 662
178 111 564 1 242 505
179 383 154 1 494 79
180 397 787 1 533 712
181 420 628 1 550 556
182 189 753 1 325 690
183 470 735 1 604 658
184 419 209 1 533 133
185 381 774 1 517 699
186 270 80 1 377 11
187 67 937 1 217 867
188 116 713 1 256 648
189 302 523 1 427 456
190 249 1226 1 403 1150
191 304 444 1 427 377
192 222 540 1 349 477
193 40 440 1 166 385
194 348 456 1 472 387
195 307 545 1 435 478
196 401 1137 1 550 1050
197 49 856 1 197 788
198 56 966 1 209 893
199 363 133 1 472 59
200 192 540 1 320 478
201 378 1065 1 524 986
202 122 1193 1 279 1118
203 129 387 1 251 330
204 183 309 1 300 248
205 317 543 1 443 474
206 354 560 1 482 490
207 104 818 1 247 751
208 430 915 1 569 838
209 368 397 1 489 326
210 342 1054 1 488 980
211 474 1168 1 621 1078
212 123 258 1 239 199
213 61 736 1 204 672
214 101 411 1 225 353
215 173 888 1 317 819
216 147 757 1 285 692
217 31 173 1 144 121
218 80 1043 1 234 971
219 286 405 1 408 339
220 351 771 1 487 697
221 35 747 1 180 684
222 190 701 1 325 638
223 284 477 1 408 411
224 126 631 1 259 572
225 272 217 1 384 151
226 101 256 1 218 200
227 387 609 1 517 538
228 349 705 1 482 636
229 298 253 1 413 184
230 417 117 1 527 38
231 89 1036 1 243 959
232 278 689 1 411 622
233 92 259 1 210 202
234 96 334 1 217 278
235 272 595 1 401 529
236 376 904 1 517 828
237 368 244 1 482 171
238 415 146 1 526 69
239 426 182 1 538 105
240 416 99 1 525 20
241 122 621 1 254 561
242 271 94 1 378 26
243 270 253 1 386 186
244 105 483 1 232 426
245 317 1037 1 462 963
246 355 1222 1 506 1139
247 270 231 1 384 165
248 431 857 1 569 780
249 320 191 1 432 121
250 57 389 1 180 334
251 204 671 1 336 606
252 60 841 1 206 774
253 91 610 1 224 552
254 273 384 1 393 318
255 296 217 1 409 148
256 310 941 1 452 865
257 361 782 1 497 708
258 322 899 1 463 825
259 158 881 1 301 814
260 111 958 1 260 885
261 298 239 1 412 171
262 158 808 1 300 741
263 394 743 1 528 669
264 272 115 1 379 47
265 354 380 1 473 313
266 418 53 1 523 -25
267 160 728 1 297 664
268 465 747 1 599 670
269 29 261 1 147 208
270 296 102 1 404 31
271 76 1053 1 231 979
272 351 669 1 482 600
273 453 642 1 583 568
274 407 516 1 534 444
275 219 679 1 351 616
276 143 128 1 255 70
277 273 468 1 398 403
278 27 703 1 171 640
279 411 192 1 524 116
280 291 885 1 431 812
281 273 406 1 394 340
282 163 759 1 300 696
283 94 1024 1 249 948
284 30 681 1 173 620
285 81 954 1 231 881
286 162 513 1 289 453
287 423 362 1 542 289
288 71 429 1 195 375
289 365 881 1 504 805
290 438 289 1 556 212
291 106 711 1 247 646
292 137 354 1 259 296
293 293 117 1 402 47
294 488 756 1 622 679
295 253 859 1 394 788
296 411 905 1 550 828
297 176 723 1 312 658
298 376 689 1 508 618
299 152 843 1 292 778
300 390 352 1 510 280
301 112 791 1 256 724
302 391 866 1 530 791
303 339 445 1 462 376
304 419 825 1 556 749
305 470 1121 1 616 1036
306 427 166 1 539 89
307 82 746 1 225 681
308 398 1060 1 544 981
309 339 460 1 463 392
310 301 1195 1 453 1116
311 365 1014 1 510 937
312 144 705 1 282 641
313 81 787 1 225 721
314 265 717 1 400 650
315 97 895 1 243 827
316 48 49 1 156 -4
317 216 1224 1 369 1148
318 225 724 1 360 659
319 80 933 1 230 863
320 183 597 1 313 534
321 401 578 1 529 507
322 382 740 1 517 666
323 273 892 1 415 819
324 306 469 1 429 402
325 312 533 1 440 465
326 299 966 1 442 892
327 356 1178 1 505 1088
328 447 55 1 554 -26
329 394 161 1 505 85
330 416 943 1 556 865
331 420 467 1 544 394
332 489 771 1 624 692
333 398 753 1 533 679
334 449 1179 1 598 1089
335 476 370 1 597 295
336 387 787 1 523 712
337 423 638 1 553 566
338 173 757 1 310 693
339 52 199 1 166 145
340 446 36 1 554 -45
341 202 105 1 310 41
342 587 725 1 718 641
343 385 48 1 491 -29
344 89 672 1 229 609
345 356 359 1 474 290
346 171 24 1 277 -35
347 424 965 1 567 887
348 365 1029 1 511 952
349 375 1012 1 518 935
350 148 30 1 256 -27
351 192 621 1 322 558
352 26 1158 1 187 1082
353 169 739 1 306 674
354 366 1085 1 512 1006
355 358 935 1 499 859
356 292 446 1 416 380
357 194 743 1 330 679
358 355 396 1 477 326
359 338 333 1 456 264
360 310 918 1 451 842
361 493 818 1 629 740
362 28 795 1 176 730
363 418 458 1 543 385
364 411 754 1 546 678
365 65 79 1 173 24
366 360 1074 1 506 996
367 363 100 1 471 25
368 315 180 1 427 110
369 456 735 1 590 659
370 168 827 1 309 758
371 296 86 1 403 15
372 316 405 1 437 338
373 431 88 1 540 9
374 89 728 1 230 665
375 86 1063 1 240 991
376 378 1171 1 527 1083
377 88 816 1 233 750
378 281 218 1 395 150
379 180 231 1 295 170
380 340 401 1 461 332
381 351 817 1 488 743
382 338 821 1 476 747
383 276 781 1 412 712
384 471 1196 1 620 1107
385 163 894 1 307 827
386 394 684 1 525 613
387 360 757 1 495 683
388 285 1175 1 437 1088
389 410 25 1 515 -53
390 409 1078 1 556 997
391 298 1135 1 449 1050
392 336 42 1 442 -31
393 249 1195 1 401 1119
394 430 462 1 554 389
395 238 882 1 380 809
396 125 934 1 272 866
397 104 885 1 250 820
398 295 1006 1 440 933
399 422 297 1 540 222
400 358 172 1 469 99
401 356 1212 1 507 1130
402 307 485 1 431 418
403 124 25 1 232 -31
404 66 597 1 198 540
405 204 1134 1 358 1049
406 89 214 1 204 158
407 148 881 1 291 813
408 356 210 1 469 138
409 279 80 1 386 11
410 226 1226 1 379 1147
411 85 600 1 218 542
412 119 829 1 264 760
413 440 779 1 574 703
414 418 836 1 556 760
415 304 1102 1 452 1025
416 76 501 1 204 445
417 182 263 1 298 201
418 117 146 1 230 90
419 412 772 1 546 696
420 383 1199 1 534 1116
421 51 131 1 163 77
422 70 703 1 211 640
423 349 803 1 486 729
424 229 707 1 363 641
425 123 368 1 246 311
426 156 1191 1 311 1116
427 124 952 1 271 882
428 423 1184 1 573 1095
429 411 506 1 537 434
430 382 1044 1 526 966
431 113 588 1 244 530
432 215 716 1 349 651
433 427 389 1 548 316
434 45 429 1 170 375
435 426 904 1 565 827
436 295 1018 1 440 945
437 506 789 1 640 710
438 409 743 1 543 669
439 176 122 1 286 59
440 386 908 1 526 832
441 349 602 1 479 532
442 401 1090 1 547 1008
443 344 682 1 476 614
444 316 1006 1 460 935
445 29 691 1 173 630
446 53 436 1 179 382
447 84 756 1 227 691
448 423 136 1 534 58
449 366 1114 1 513 1034
450 397 400 1 518 329
451 178 779 1 316 712
452 423 271 1 539 196
453 285 1165 1 436 1079
454 133 962 1 281 891
455 185 341 1 304 280
456 137 745 1 275 682
457 223 588 1 352 524
458 328 884 1 468 810
459 428 197 1 541 120
460 394 897 1 533 821
461 76 731 1 219 667
462 140 689 1 278 625
463 182 240 1 297 179
464 355 1105 1 502 1027
465 280 92 1 388 23
466 391 1217 1 542 1134
467 431 923 1 571 846
468 191 497 1 317 435
469 181 101 1 290 39
470 338 173 1 449 102
471 611 395 1 730 315
472 413 480 1 538 408
473 70 790 1 215 724
474 375 880 1 514 805
475 108 539 1 237 481
476 377 574 1 505 504
477 195 667 1 327 603
478 190 218 1 304 156
479 199 119 1 308 55
480 408 853 1 546 778
481 417 549 1 545 477
482 185 849 1 327 779
483 309 1138 1 459 1052
484 132 918 1 278 849
485 625 858 1 756 767
486 289 76 1 397 5
487 356 1231 1 508 1150
488 239 967 1 383 895
489 198 295 1 316 233
490 264 916 1 406 846
491 419 570 1 547 498
492 306 997 1 450 925
493 279 971 1 423 898
494 48 90 1 157 36
495 393 843 1 531 768
496 151 196 1 265 136
497 375 669 1 506 600
498 541 974 1 681 888
499 408 204 1 521 128
500 410 785 1 546 709
501 132 1195 1 289 1120
502 146 137 1 258 79
503 412 360 1 533 287
504 67 132 1 179 76
505 70 1041 1 224 969
506 250 885 1 392 812
507 532 997 1 672 911
508 274 713 1 407 646
509 180 217 1 295 155
510 80 698 1 220 636
511 358 734 1 492 661
512 443 738 1 576 662
513 152 892 1 295 824
514 178 824 1 320 755
515 486 1253 1 636 1162
516 139 870 1 283 803
517 427 1210 1 577 1122
518 157 749 1 295 685
519 436 1185 1 585 1095
520 367 963 1 510 885
521 27 814 1 174 749
522 433 55 1 540 -25
523 297 944 1 439 871
524 457 1236 1 607 1147
525 368 484 1 493 414
526 577 373 1 696 294
527 421 727 1 555 652
528 488 1192 1 636 1104
529 423 261 1 539 186
530 190 635 1 322 572
531 156 1136 1 313 1051
532 304 336 1 422 268
533 190 24 1 296 -37
534 347 905 1 487 829
535 163 714 1 299 651
536 472 382 1 593 307
537 146 576 1 276 515
538 390 876 1 529 800
539 115 691 1 254 628
540 306 507 1 432 440
541 51 793 1 197 726
542 358 894 1 498 819
543 286 252 1 400 184
544 247 496 1 373 432
545 271 330 1 389 264
546 171 864 1 313 798
547 91 873 1 239 802
548 54 115 1 165 60
549 357 1201 1 508 1118
550 367 445 1 491 375
551 391 774 1 527 699
552 333 689 1 466 620
553 461 98 1 570 18
554 417 308 1 535 234
555 181 733 1 316 668
556 285 762 1 421 692
557 54 149 1 166 95
558 69 779 1 214 714
559 285 238 1 399 171
560 119 317 1 238 259
561 219 698 1 353 633
562 296 229 1 410 160
563 540 328 1 658 249
564 362 805 1 499 731
565 316 928 1 457 852
566 311 1176 1 463 1088
567 413 1185 1 562 1096
568 471 1210 1 619 1121
569 205 875 1 348 803
570 209 748 1 345 683
571 64 334 1 184 280
572 96 715 1 237 651
573 66 714 1 208 651
574 198 308 1 315 246
575 142 588 1 273 528
576 280 584 1 408 518
577 341 1184 1 492 1094
578 236 896 1 379 824
579 410 266 1 525 192
580 89 553 1 218 495
581 219 880 1 361 808
582 27 733 1 174 669
583 420 930 1 561 852
584 267 683 1 401 617
585 340 1254 1 493 1169
586 82 514 1 211 457
587 431 866 1 569 790
588 274 1163 1 426 1077
589 76 720 1 219 657
590 236 1206 1 389 1129
591 294 512 1 420 445
592 322 1056 1 467 983
593 245 192 1 357 126
594 194 80 1 301 16
595 172 1114 1 327 1032
596 412 294 1 529 220
597 441 458 1 565 384
598 428 345 1 548 271
599 426 101 1 535 22
600 423 127 1 534 48
601 114 160 1 227 104
602 311 1222 1 464 1131
603 182 572 1 311 510
604 482 1217 1 632 1127
605 367 210 1 480 137
606 606 406 1 726 327
607 667 425 1 784 342
608 416 892 1 555 815
609 412 322 1 530 249
610 283 1087 1 431 1011
611 378 603 1 507 533
612 182 253 1 298 190
613 359 1095 1 506 1016
