0 451 25 1 526 -47
1 59 1055 1 186 987
2 437 110 1 515 39
3 408 1239 1 530 1162
4 327 467 1 419 406
5 68 1143 1 199 1069
6 437 89 1 515 18
7 468 489 1 562 423
8 433 645 1 532 579
9 409 89 1 487 19
10 39 960 1 162 896
11 410 110 1 488 40
12 471 462 1 565 395
13 46 780 1 163 722
14 77 837 1 195 775
15 446 798 1 551 728
16 464 434 1 555 367
17 196 365 1 285 313
18 433 198 1 516 130
19 466 735 1 570 664
20 473 377 1 564 309
21 410 781 1 515 713
22 426 327 1 515 261
23 331 445 1 423 384
24 437 142 1 517 72
25 383 1086 1 499 1015
26 70 1053 1 198 983
27 468 239 1 553 170
28 412 1014 1 523 942
29 523 799 1 627 726
30 447 514 1 540 448
31 208 503 1 302 447
32 388 535 1 483 470
33 211 142 1 293 87
34 430 232 1 513 164
35 451 548 1 546 482
36 190 779 1 299 719
37 500 802 1 605 731
38 107 1158 1 237 1083
39 460 26 1 538 -47
40 433 987 1 545 917
41 176 781 1 284 721
42 401 167 1 482 99
43 42 971 1 167 906
44 535 762 1 637 690
45 328 455 1 420 394
46 442 622 1 540 556
47 510 756 1 613 684
48 428 29 1 504 -40
49 463 535 1 559 469
50 193 132 1 274 78
51 96 183 1 178 131
52 150 112 1 228 60
53 459 464 1 552 397
54 120 491 1 215 439
55 350 1093 1 466 1022
56 46 1222 1 182 1142
57 31 801 1 150 742
58 209 598 1 308 542
59 439 120 1 519 49
60 490 1187 1 610 1105
61 57 945 1 178 882
62 395 757 1 498 690
63 494 493 1 589 426
64 206 64 1 283 6
65 111 956 1 231 890
66 315 520 1 409 459
67 426 569 1 523 504
68 37 849 1 156 789
69 351 1083 1 467 1012
70 415 467 1 507 401
71 212 732 1 316 674
72 147 86 1 225 32
73 384 990 1 497 923
74 346 977 1 458 907
75 24 1045 1 153 976
76 505 790 1 609 718
77 121 765 1 233 705
78 448 390 1 538 324
79 115 796 1 229 735
80 236 80 1 313 20
81 82 280 1 168 230
82 524 789 1 628 716
83 75 932 1 195 868
84 101 1096 1 227 1022
85 39 950 1 165 883
86 145 1040 1 269 970
87 147 58 1 224 3
88 353 1214 1 476 1131
89 147 791 1 258 732
90 43 809 1 160 750
91 402 325 1 489 260
92 151 218 1 235 164
93 384 324 1 471 260
94 101 731 1 212 673
95 116 89 1 195 36
96 410 123 1 490 54
97 133 730 1 244 671
98 135 429 1 227 378
99 242 295 1 327 238
100 206 486 1 300 431
101 46 861 1 164 800
102 489 737 1 592 666
103 450 63 1 527 -8
104 204 128 1 285 74
105 330 947 1 442 879
106 154 200 1 235 147
107 81 1054 1 204 986
108 432 794 1 538 725
109 101 960 1 222 894
110 125 279 1 212 227
111 85 242 1 170 190
112 338 879 1 447 810
113 243 281 1 327 223
114 33 861 1 152 801
115 404 146 1 484 78
116 196 486 1 289 431
117 124 225 1 207 172
118 179 814 1 289 754
119 34 1048 1 163 977
120 53 835 1 171 774
121 496 468 1 590 400
122 235 64 1 312 5
123 166 430 1 258 376
124 320 1209 1 443 1129
125 51 1139 1 183 1064
126 378 1031 1 491 964
127 189 164 1 269 108
128 368 497 1 461 433
129 88 942 1 207 881
130 111 946 1 230 881
131 85 322 1 174 271
132 464 553 1 560 486
133 359 160 1 439 95
134 460 1194 1 580 1112
135 58 818 1 177 757
136 395 37 1 470 -31
137 412 992 1 523 920
138 215 281 1 299 224
139 85 1065 1 213 994
140 449 329 1 536 262
141 132 378 1 222 326
142 400 668 1 499 604
143 79 1020 1 200 955
144 471 346 1 558 278
145 97 1157 1 228 1079
146 306 467 1 399 408
147 172 353 1 263 301
148 445 527 1 540 461
149 228 731 1 331 673
150 379 1095 1 495 1024
151 477 199 1 559 128
152 469 973 1 580 901
153 370 1232 1 493 1156
154 97 745 1 209 688
155 158 279 1 242 225
156 172 528 1 268 474
157 109 851 1 225 788
158 48 819 1 165 759
159 134 818 1 249 756
160 402 346 1 490 282
161 655 837 1 758 753
162 401 72 1 479 3
163 432 634 1 530 568
164 97 169 1 179 117
165 421 1066 1 535 993
166 79 793 1 194 735
167 118 115 1 197 62
168 130 302 1 216 249
169 79 875 1 197 814
170 160 755 1 269 695
171 310 553 1 405 493
172 312 530 1 407 470
173 411 1065 1 527 993
174 465 762 1 569 691
175 126 788 1 239 727
176 472 365 1 562 297
177 441 976 1 553 904
178 164 399 1 254 346
179 96 397 1 188 346
180 168 472 1 262 418
181 56 765 1 171 708
182 442 458 1 534 391
183 450 48 1 527 -23
184 41 910 1 161 847
185 95 804 1 209 744
186 391 1052 1 505 980
187 26 716 1 142 660
188 467 796 1 573 725
189 320 889 1 430 822
190 90 831 1 205 771
191 472 821 1 577 750
192 425 134 1 505 64
193 398 658 1 497 594
194 113 60 1 191 6
195 105 834 1 217 773
196 51 249 1 136 200
197 145 552 1 242 499
198 416 138 1 496 69
199 431 778 1 535 709
200 454 616 1 552 550
201 505 726 1 607 655
202 452 194 1 535 124
203 414 765 1 519 697
204 301 64 1 377 1
205 146 704 1 255 645
206 335 510 1 429 449
207 81 887 1 201 824
208 282 1214 1 405 1145
209 337 432 1 428 370
210 31 920 1 154 856
211 255 528 1 350 470
212 72 428 1 166 378
213 382 444 1 474 380
214 341 533 1 436 472
215 79 847 1 195 786
216 395 117 1 474 49
217 61 955 1 181 892
218 225 528 1 320 472
219 158 1180 1 281 1113
220 162 375 1 251 323
221 214 296 1 300 240
222 350 530 1 445 468
223 388 548 1 483 483
224 105 804 1 218 744
225 63 923 1 183 860
226 134 809 1 246 749
227 464 907 1 572 836
228 401 383 1 491 319
229 376 1042 1 490 975
230 508 1167 1 626 1082
231 155 245 1 238 191
232 91 726 1 202 669
233 228 761 1 332 701
234 129 750 1 242 689
235 134 399 1 225 346
236 208 877 1 318 815
237 49 1029 1 175 961
238 29 950 1 153 886
239 62 161 1 143 112
240 319 392 1 409 331
241 384 762 1 489 695
242 223 690 1 325 632
243 317 465 1 409 404
244 107 1207 1 234 1137
245 159 620 1 259 566
246 304 203 1 385 142
247 132 244 1 217 191
248 422 597 1 519 532
249 383 693 1 483 630
250 31 938 1 156 872
251 175 895 1 289 834
252 331 239 1 414 176
253 450 100 1 528 28
254 118 1028 1 242 960
255 311 677 1 412 616
256 214 743 1 319 684
257 124 246 1 209 194
258 64 904 1 182 843
259 129 322 1 217 270
260 306 583 1 402 523
261 409 896 1 519 826
262 401 229 1 484 162
263 448 130 1 528 59
264 459 166 1 540 96
265 449 82 1 527 10
266 155 609 1 255 555
267 302 79 1 378 16
268 303 239 1 386 177
269 165 906 1 278 846
270 138 471 1 232 419
271 351 1025 1 464 958
272 387 1213 1 509 1138
273 303 217 1 385 156
274 465 848 1 572 777
275 26 1080 1 155 1011
276 352 176 1 433 111
277 89 377 1 180 327
278 237 659 1 337 600
279 125 599 1 224 546
280 306 371 1 394 311
281 329 202 1 410 139
282 342 932 1 454 863
283 37 716 1 149 664
284 46 755 1 162 697
285 63 1204 1 197 1125
286 355 891 1 464 823
287 37 765 1 154 708
288 24 843 1 142 784
289 330 224 1 413 162
290 189 799 1 300 738
291 428 733 1 531 665
292 303 100 1 380 37
293 388 366 1 475 305
294 450 34 1 525 -36
295 117 1159 1 247 1082
296 499 737 1 602 666
297 61 249 1 147 200
298 328 86 1 404 21
299 158 828 1 271 765
300 385 658 1 484 594
301 487 631 1 586 563
302 442 503 1 536 437
303 78 910 1 196 848
304 173 112 1 254 59
305 306 456 1 399 396
306 55 693 1 168 638
307 444 176 1 525 106
308 324 877 1 433 810
309 306 393 1 395 333
310 27 826 1 145 768
311 59 671 1 170 617
312 86 957 1 207 893
313 64 1155 1 195 1081
314 195 501 1 289 446
315 104 418 1 195 368
316 398 872 1 506 803
317 472 273 1 558 203
318 136 904 1 250 842
319 168 341 1 258 288
320 325 101 1 403 37
321 524 748 1 626 676
322 285 850 1 395 785
323 444 897 1 553 826
324 209 711 1 313 653
325 146 849 1 256 791
326 410 677 1 510 612
327 187 828 1 294 772
328 424 338 1 511 272
329 131 1050 1 257 981
330 425 858 1 533 788
331 373 432 1 464 369
332 247 659 1 347 601
333 453 816 1 559 746
334 504 1116 1 620 1036
335 460 150 1 541 79
336 432 1052 1 546 979
337 373 448 1 465 385
338 165 770 1 275 709
339 299 705 1 401 645
340 129 884 1 243 824
341 79 36 1 155 -14
342 249 1211 1 371 1143
343 111 736 1 223 678
344 260 712 1 361 653
345 38 826 1 156 766
346 116 822 1 230 761
347 216 585 1 314 528
348 435 566 1 531 501
349 111 966 1 231 900
350 416 731 1 519 663
351 305 884 1 416 817
352 339 456 1 431 395
353 346 520 1 441 459
354 332 957 1 444 889
355 388 1175 1 508 1092
356 480 36 1 556 -37
357 36 1215 1 171 1138
358 426 145 1 506 75
359 450 934 1 558 863
360 454 453 1 546 387
361 524 762 1 628 690
362 432 744 1 536 675
363 483 1177 1 602 1092
364 79 783 1 195 724
365 511 355 1 600 287
366 421 779 1 526 710
367 99 1005 1 223 938
368 457 626 1 556 560
369 206 745 1 311 687
370 83 186 1 166 136
371 30 687 1 143 633
372 233 90 1 310 31
373 626 717 1 726 640
374 417 30 1 492 -40
375 118 662 1 227 606
376 389 345 1 476 282
377 458 957 1 570 885
378 399 1021 1 513 949
379 78 1030 1 199 966
380 408 1004 1 521 933
381 344 1126 1 459 1056
382 225 609 1 323 552
383 134 894 1 248 834
384 202 728 1 306 670
385 398 1077 1 514 1004
386 392 928 1 502 857
387 326 434 1 417 372
388 157 693 1 266 634
389 389 383 1 478 318
390 371 319 1 457 256
391 342 909 1 453 840
392 399 1248 1 522 1171
393 125 1017 1 248 949
394 528 810 1 633 737
395 57 787 1 174 729
396 453 444 1 545 377
397 445 744 1 549 674
398 95 66 1 173 14
399 393 1066 1 509 994
400 396 84 1 472 15
401 348 165 1 428 101
402 490 726 1 593 656
403 133 1007 1 255 936
404 32 666 1 145 612
405 393 772 1 499 705
406 348 391 1 439 330
407 464 71 1 542 -1
408 410 1169 1 530 1086
409 314 203 1 395 141
410 212 218 1 295 161
411 373 388 1 462 325
412 383 808 1 490 740
413 96 929 1 216 866
414 371 812 1 478 744
415 29 1199 1 164 1123
416 504 1192 1 624 1109
417 428 672 1 527 607
418 394 747 1 498 679
419 230 741 1 334 682
420 130 1072 1 251 1005
421 368 25 1 443 -41
422 41 1003 1 166 936
423 58 1126 1 190 1050
424 464 448 1 556 382
425 270 873 1 381 807
426 27 698 1 142 643
427 329 995 1 442 929
428 456 282 1 542 213
429 391 156 1 470 89
430 389 1204 1 509 1128
431 100 1140 1 231 1062
432 340 473 1 433 411
433 182 766 1 290 706
434 99 585 1 198 534
435 234 1130 1 359 1052
436 121 201 1 204 149
437 181 870 1 292 809
438 389 195 1 470 128
439 310 64 1 387 1
440 258 1213 1 381 1143
441 125 740 1 236 681
442 119 588 1 218 536
443 150 818 1 263 758
444 474 771 1 578 700
445 452 828 1 559 757
446 337 1092 1 454 1022
447 110 489 1 204 438
448 213 249 1 298 193
449 146 131 1 228 79
450 445 763 1 549 693
451 416 1191 1 536 1114
452 83 118 1 162 68
453 98 693 1 209 637
454 382 793 1 488 726
455 154 355 1 245 303
456 190 1178 1 312 1111
457 457 1182 1 577 1098
458 445 494 1 539 428
459 415 1036 1 529 964
460 147 577 1 245 523
461 149 1189 1 274 1122
462 314 573 1 409 511
463 248 704 1 350 645
464 461 375 1 550 308
465 77 418 1 170 368
466 460 897 1 568 825
467 329 1007 1 442 940
468 541 781 1 645 707
469 443 734 1 545 665
470 207 108 1 286 50
471 420 900 1 529 829
472 383 589 1 480 526
473 435 1084 1 549 1008
474 378 670 1 478 607
475 349 995 1 462 929
476 83 425 1 178 375
477 115 747 1 226 689
478 456 119 1 536 48
479 399 1106 1 516 1032
480 431 386 1 520 321
481 210 767 1 316 708
482 457 256 1 541 187
483 316 1161 1 437 1082
484 217 328 1 304 272
485 362 876 1 470 807
486 461 181 1 543 111
487 428 889 1 536 818
488 106 721 1 217 664
489 214 227 1 297 170
490 388 1096 1 504 1024
491 312 77 1 388 13
492 424 1209 1 545 1133
493 465 916 1 574 844
494 224 485 1 318 429
495 212 87 1 290 29
496 370 158 1 450 92
497 651 377 1 740 305
498 447 468 1 540 401
499 100 781 1 214 722
500 408 872 1 516 802
501 141 528 1 237 475
502 411 562 1 507 497
503 41 921 1 162 858
504 222 204 1 304 147
505 328 71 1 404 6
506 230 105 1 308 46
507 442 845 1 549 775
508 452 537 1 547 471
509 217 840 1 328 777
510 185 882 1 296 820
511 664 857 1 767 771
512 321 60 1 398 -4
513 388 1222 1 510 1147
514 272 958 1 385 892
515 398 1138 1 517 1060
516 231 282 1 316 225
517 231 779 1 336 718
518 453 558 1 549 491
519 340 987 1 452 920
520 79 77 1 157 27
521 426 834 1 533 765
522 183 183 1 264 127
523 409 658 1 508 593
524 577 971 1 687 889
525 441 188 1 523 119
526 98 905 1 214 843
527 444 777 1 548 707
528 165 1183 1 290 1115
529 175 122 1 257 68
530 446 344 1 535 278
531 98 119 1 178 67
532 102 1032 1 223 967
533 282 876 1 393 810
534 568 994 1 677 913
535 307 701 1 408 640
536 211 203 1 295 146
537 109 689 1 219 633
538 390 724 1 495 657
539 478 728 1 580 658
540 110 777 1 223 719
541 54 1086 1 180 1020
542 47 708 1 162 651
543 210 814 1 320 753
544 519 1250 1 640 1165
545 172 860 1 283 800
546 460 1206 1 580 1124
547 469 1183 1 589 1098
548 400 955 1 512 883
549 57 805 1 173 747
550 466 37 1 542 -35
551 330 934 1 441 867
552 491 1233 1 611 1149
553 402 471 1 494 407
554 615 355 1 703 284
555 456 717 1 558 648
556 456 246 1 541 177
557 224 623 1 323 566
558 186 1132 1 312 1055
559 337 322 1 424 260
560 96 814 1 212 753
561 380 896 1 489 827
562 195 703 1 300 645
563 507 367 1 596 299
564 180 564 1 277 509
565 424 867 1 532 798
566 144 682 1 253 624
567 340 495 1 433 434
568 392 886 1 500 817
569 319 238 1 401 176
570 280 484 1 373 425
571 304 317 1 390 256
572 205 853 1 314 793
573 85 103 1 164 50
574 389 1192 1 510 1117
575 402 432 1 492 368
576 141 778 1 250 720
577 425 765 1 530 697
578 367 677 1 467 614
579 494 80 1 573 7
580 451 293 1 537 225
581 213 721 1 317 663
582 318 751 1 423 688
583 53 929 1 174 865
584 99 770 1 212 711
585 318 224 1 400 162
586 151 305 1 238 251
587 253 686 1 354 627
588 328 214 1 411 151
589 576 311 1 663 239
590 304 1169 1 426 1091
591 395 797 1 501 729
592 349 920 1 459 850
593 343 1172 1 465 1091
594 446 1182 1 566 1099
595 504 1207 1 624 1123
596 237 866 1 348 801
597 242 736 1 346 677
598 96 322 1 184 272
599 126 705 1 235 648
600 96 704 1 206 648
601 230 295 1 316 238
602 175 576 1 273 522
603 373 1180 1 495 1098
604 268 887 1 379 822
605 443 251 1 527 183
606 122 541 1 218 488
607 251 871 1 361 806
608 56 724 1 171 667
609 454 922 1 564 850
610 301 671 1 402 611
611 372 1245 1 495 1168
612 115 502 1 211 451
613 465 858 1 572 787
614 305 1159 1 427 1080
615 33 986 1 160 919
616 327 499 1 421 438
617 355 1045 1 469 978
618 277 177 1 357 117
619 225 65 1 301 6
620 203 1109 1 327 1034
621 446 280 1 531 212
622 475 445 1 567 377
623 462 331 1 550 263
624 459 84 1 537 11
625 457 110 1 536 38
626 143 145 1 226 94
627 342 1219 1 466 1136
628 215 560 1 312 504
629 516 1214 1 636 1130
630 400 195 1 482 128
631 100 1132 1 231 1055
632 645 389 1 734 317
633 157 804 1 268 744
634 450 883 1 558 813
635 445 308 1 532 240
636 317 1077 1 433 1008
637 412 591 1 509 527
638 213 239 1 298 182
639 392 1087 1 509 1014
