0 418 57 1 529 -72
1 407 141 1 518 16
2 112 1216 1 238 1073
3 309 503 1 421 389
4 407 121 1 517 -5
5 399 52 1 509 -77
6 454 520 1 565 406
7 423 679 1 535 565
8 140 843 1 258 723
9 378 121 1 488 -3
10 128 1088 1 248 957
11 380 142 1 490 17
12 456 492 1 568 377
13 41 1023 1 165 894
14 327 999 1 440 875
15 38 1011 1 163 882
16 444 839 1 554 720
17 446 465 1 559 349
18 407 229 1 518 108
19 463 773 1 574 655
20 454 407 1 567 290
21 407 822 1 518 705
22 404 359 1 518 242
23 61 895 1 186 772
24 313 480 1 424 367
25 103 1041 1 225 914
26 390 1132 1 502 1007
27 147 1095 1 268 959
28 443 269 1 556 149
29 408 174 1 520 50
30 124 1020 1 244 896
31 524 838 1 633 719
32 432 546 1 543 432
33 191 543 1 302 432
34 373 569 1 485 455
35 180 177 1 289 62
36 404 264 1 515 144
37 437 580 1 549 466
38 499 841 1 610 723
39 416 1060 1 527 935
40 426 57 1 540 -72
41 69 949 1 191 824
42 373 199 1 484 77
43 535 799 1 644 682
44 310 491 1 421 377
45 431 656 1 543 542
46 28 1016 1 153 887
47 509 794 1 618 676
48 394 62 1 506 -66
49 30 999 1 156 872
50 450 567 1 562 453
51 161 167 1 270 52
52 67 226 1 175 111
53 151 901 1 269 780
54 442 496 1 555 380
55 101 535 1 214 424
56 356 1141 1 468 1015
57 54 960 1 177 837
58 180 829 1 296 710
59 195 640 1 308 528
60 409 151 1 521 26
61 505 1243 1 615 1108
62 389 798 1 500 681
63 481 524 1 593 409
64 34 888 1 161 767
65 174 104 1 281 -17
66 299 557 1 411 443
67 414 603 1 526 489
68 88 1048 1 212 918
69 356 1130 1 469 1004
70 398 500 1 510 385
71 115 128 1 222 9
72 347 1026 1 459 902
73 150 1018 1 268 895
74 505 829 1 614 710
75 166 828 1 282 711
76 72 1013 1 196 885
77 30 879 1 156 756
78 105 818 1 226 699
79 429 422 1 541 306
80 131 57 1 237 -63
81 381 51 1 492 -77
82 204 119 1 312 -1
83 155 49 1 262 -70
84 43 42 1 148 -77
85 56 324 1 166 212
86 75 1134 1 200 996
87 101 322 1 210 209
88 525 827 1 634 708
89 114 99 1 221 -19
90 63 905 1 188 781
91 189 320 1 298 205
92 379 357 1 491 241
93 124 259 1 233 144
94 362 357 1 473 241
95 29 1039 1 158 906
96 85 132 1 192 14
97 381 154 1 492 31
98 52 909 1 177 785
99 114 472 1 226 361
100 217 334 1 327 219
101 188 527 1 300 415
102 92 886 1 213 765
103 371 732 1 486 616
104 486 775 1 597 657
105 418 94 1 529 -33
106 93 1165 1 220 1026
107 171 163 1 281 48
108 64 1217 1 192 1073
109 110 1020 1 234 891
110 126 241 1 234 126
111 436 1101 1 550 973
112 94 266 1 204 152
113 429 836 1 541 717
114 181 874 1 296 759
115 429 1114 1 539 987
116 58 285 1 168 171
117 335 926 1 448 804
118 218 319 1 327 204
119 40 1254 1 172 1109
120 375 178 1 486 56
121 177 527 1 289 415
122 482 497 1 594 383
123 203 103 1 311 -17
124 146 471 1 257 360
125 388 1020 1 500 896
126 382 1072 1 495 952
127 159 204 1 268 87
128 351 532 1 463 417
129 40 877 1 165 754
130 60 365 1 171 253
131 451 584 1 563 470
132 330 194 1 440 73
133 475 1250 1 584 1114
134 433 1015 1 545 895
135 389 1031 1 500 911
136 363 71 1 472 -56
137 416 1036 1 526 913
138 427 360 1 539 242
139 110 420 1 220 309
140 390 703 1 502 590
141 420 175 1 532 51
142 289 504 1 400 392
143 147 392 1 259 281
144 431 560 1 543 446
145 450 228 1 562 106
146 385 1142 1 498 1016
147 474 1015 1 584 894
148 100 1022 1 223 891
149 380 377 1 491 261
150 673 883 1 775 756
151 370 105 1 480 -20
152 421 669 1 533 554
153 67 212 1 176 97
154 62 848 1 186 729
155 132 880 1 250 761
156 87 158 1 195 40
157 104 344 1 215 231
158 405 1067 1 516 943
159 26 967 1 153 840
160 204 1250 1 322 1119
161 295 590 1 407 478
162 27 816 1 152 697
163 63 1037 1 189 908
164 315 1180 1 427 1053
165 462 802 1 572 683
166 445 1020 1 556 898
167 142 441 1 253 329
168 74 441 1 186 330
169 149 514 1 261 402
170 425 489 1 537 374
171 144 49 1 252 -69
172 418 79 1 530 -48
173 130 956 1 248 834
174 396 1099 1 508 974
175 466 836 1 577 717
176 318 937 1 431 816
177 394 1142 1 507 1016
178 471 861 1 581 743
179 388 694 1 500 580
180 81 102 1 188 -16
181 128 596 1 242 485
182 387 170 1 498 47
183 428 820 1 538 701
184 444 649 1 556 536
185 503 763 1 613 646
186 425 224 1 537 102
187 410 807 1 522 689
188 270 100 1 377 -22
189 319 547 1 431 433
190 318 467 1 430 353
191 157 949 1 276 827
192 239 567 1 350 455
193 51 473 1 164 362
194 364 478 1 476 363
195 326 570 1 438 456
196 198 756 1 312 641
197 365 150 1 475 26
198 209 569 1 321 457
199 140 417 1 250 305
200 190 335 1 299 222
201 335 567 1 447 452
202 374 582 1 486 468
203 37 821 1 162 702
204 451 858 1 562 739
205 24 294 1 134 182
206 467 950 1 577 830
207 381 417 1 493 301
208 381 1084 1 493 963
209 25 1054 1 151 923
210 96 909 1 218 785
211 219 805 1 333 689
212 112 441 1 223 330
213 203 925 1 318 806
214 137 816 1 256 698
215 155 570 1 267 459
216 98 851 1 221 730
217 32 206 1 140 92
218 378 805 1 490 687
219 418 161 1 531 37
220 299 502 1 410 388
221 128 792 1 247 675
222 145 664 1 259 552
223 277 239 1 385 121
224 410 631 1 522 517
225 129 286 1 237 172
226 297 568 1 408 455
227 170 946 1 287 826
228 305 273 1 415 156
229 525 1224 1 632 1087
230 419 131 1 531 4
231 130 763 1 249 647
232 302 716 1 414 603
233 57 787 1 179 669
234 104 364 1 215 252
235 292 621 1 404 508
236 105 891 1 226 770
237 410 940 1 522 819
238 375 261 1 486 142
239 396 164 1 508 41
240 99 287 1 207 174
241 431 197 1 543 74
242 418 113 1 529 -13
243 139 653 1 254 541
244 270 115 1 378 -6
245 277 274 1 387 157
246 119 514 1 231 403
247 354 1067 1 467 946
248 111 802 1 233 683
249 276 253 1 385 136
250 466 889 1 576 770
251 136 939 1 253 821
252 324 210 1 434 90
253 66 421 1 178 310
254 225 700 1 338 587
255 109 643 1 223 532
256 285 407 1 395 293
257 302 237 1 411 118
258 342 980 1 455 857
259 415 1070 1 524 946
260 353 936 1 466 816
261 29 919 1 154 796
262 304 259 1 414 141
263 179 849 1 297 730
264 423 774 1 533 656
265 273 136 1 380 14
266 417 66 1 527 -62
267 109 792 1 229 674
268 114 1232 1 240 1088
269 497 775 1 607 657
270 34 293 1 144 181
271 297 121 1 405 -1
272 185 262 1 293 147
273 32 779 1 159 660
274 82 868 1 204 748
275 479 665 1 590 550
276 427 536 1 539 421
277 140 148 1 248 33
278 288 493 1 400 380
279 34 746 1 157 629
280 417 207 1 528 85
281 321 924 1 433 804
282 285 430 1 396 316
283 183 40 1 291 -79
284 60 1082 1 187 948
285 436 1248 1 547 1108
286 177 542 1 289 431
287 83 462 1 193 352
288 398 916 1 509 796
289 449 304 1 561 183
290 142 380 1 254 269
291 173 40 1 281 -79
292 295 137 1 403 14
293 523 785 1 632 667
294 280 898 1 394 778
295 446 940 1 557 819
296 401 712 1 513 598
297 100 861 1 222 741
298 402 370 1 514 253
299 425 900 1 536 781
300 354 466 1 466 352
301 153 807 1 271 690
302 237 699 1 349 586
303 432 180 1 544 56
304 107 738 1 226 623
305 355 482 1 467 368
306 115 973 1 236 849
307 108 756 1 228 639
308 290 745 1 403 631
309 46 81 1 152 -36
310 246 795 1 360 680
311 415 1013 1 526 890
312 52 883 1 177 760
313 202 627 1 315 514
314 422 600 1 534 486
315 137 1129 1 259 998
316 115 961 1 233 839
317 410 772 1 521 654
318 302 932 1 416 811
319 321 492 1 432 378
320 330 557 1 443 443
321 400 1239 1 510 1098
322 447 66 1 559 -62
323 398 177 1 508 53
324 452 978 1 562 857
325 437 485 1 549 370
326 524 800 1 634 681
327 428 784 1 538 666
328 48 1204 1 180 1059
329 35 1054 1 164 922
330 62 839 1 186 719
331 492 382 1 604 266
332 418 821 1 529 702
333 447 660 1 559 546
334 174 892 1 290 773
335 54 229 1 163 116
336 241 780 1 354 665
337 202 129 1 309 8
338 633 753 1 738 634
339 383 63 1 494 -65
340 98 712 1 218 596
341 182 813 1 298 696
342 367 376 1 477 262
343 162 924 1 279 804
344 461 999 1 573 878
345 412 1049 1 524 926
346 351 1170 1 463 1045
347 212 651 1 324 538
348 151 759 1 268 643
349 447 46 1 559 -84
350 190 774 1 306 658
351 393 974 1 504 851
352 90 682 1 204 570
353 307 470 1 418 356
354 369 416 1 480 301
355 348 353 1 459 237
356 341 956 1 454 834
357 154 224 1 262 108
358 530 847 1 638 729
359 436 476 1 548 360
360 441 783 1 552 665
361 63 110 1 169 -7
362 400 1114 1 512 988
363 365 116 1 474 -8
364 120 769 1 239 651
365 319 199 1 429 79
366 389 815 1 501 697
367 328 425 1 439 312
368 433 102 1 545 -25
369 429 754 1 541 640
370 423 1231 1 533 1091
371 150 796 1 269 678
372 25 791 1 148 673
373 352 422 1 464 307
374 380 850 1 492 732
375 515 827 1 624 709
376 367 855 1 480 736
377 521 1248 1 630 1111
378 419 707 1 530 593
379 388 789 1 499 670
380 36 769 1 160 652
381 402 1052 1 513 929
382 335 59 1 443 -67
383 146 854 1 264 736
384 447 479 1 560 364
385 265 923 1 380 801
386 65 1165 1 192 1028
387 361 39 1 470 -89
388 395 40 1 505 -89
389 331 1038 1 445 918
390 432 313 1 545 194
391 362 189 1 472 67
392 178 749 1 293 634
393 323 508 1 434 395
394 185 802 1 299 686
395 83 630 1 197 520
396 237 1198 1 356 1058
397 92 243 1 201 129
398 361 228 1 472 107
399 279 100 1 387 -22
400 138 747 1 256 630
401 104 634 1 218 522
402 472 810 1 582 692
403 451 868 1 563 749
404 343 1140 1 456 1014
405 91 533 1 203 423
406 187 288 1 297 173
407 113 168 1 223 54
408 442 804 1 552 684
409 336 915 1 448 794
410 52 162 1 159 46
411 378 836 1 489 718
412 34 409 1 147 298
413 128 394 1 240 284
414 337 998 1 449 874
415 430 526 1 542 411
416 421 1082 1 532 958
417 131 621 1 244 509
418 300 610 1 411 496
419 238 746 1 351 632
420 441 406 1 553 290
421 56 462 1 168 351
422 462 939 1 572 818
423 331 1050 1 444 929
424 542 818 1 651 700
425 437 773 1 549 656
426 421 944 1 532 823
427 407 1123 1 519 996
428 370 625 1 483 511
429 444 1134 1 553 1005
430 368 707 1 480 593
431 187 757 1 302 642
432 249 753 1 363 640
433 427 150 1 539 25
434 407 1154 1 519 1026
435 411 419 1 523 303
436 201 813 1 316 697
437 432 287 1 544 167
438 324 1227 1 437 1087
439 193 368 1 303 254
440 360 922 1 472 801
441 132 366 1 244 255
442 434 212 1 546 89
443 81 798 1 201 680
444 428 932 1 539 812
445 89 774 1 210 656
446 90 1109 1 213 978
447 284 1231 1 400 1091
448 280 112 1 389 -9
449 202 42 1 310 -77
450 468 958 1 578 837
451 206 525 1 318 413
452 180 126 1 288 6
453 341 191 1 451 70
454 317 46 1 426 -78
455 648 393 1 755 279
456 431 499 1 543 385
457 324 1249 1 438 1120
458 408 915 1 519 795
459 450 1120 1 558 992
460 123 571 1 237 460
461 398 596 1 510 482
462 195 243 1 303 126
463 296 107 1 405 -17
464 199 143 1 307 23
465 441 886 1 552 767
466 438 569 1 550 455
467 209 891 1 325 770
468 685 905 1 785 776
469 290 96 1 398 -28
470 271 1006 1 385 884
471 121 861 1 241 743
472 206 321 1 316 206
473 223 823 1 336 707
474 39 732 1 164 616
475 441 590 1 552 476
476 166 794 1 282 679
477 48 122 1 154 5
478 425 875 1 536 757
479 144 864 1 263 747
480 399 693 1 511 579
481 414 220 1 525 98
482 441 818 1 552 699
483 142 157 1 252 42
484 426 373 1 538 258
485 67 162 1 175 46
486 410 796 1 522 678
487 278 926 1 393 804
488 581 1043 1 686 915
489 297 740 1 410 627
490 184 242 1 293 126
491 90 741 1 211 624
492 206 769 1 320 654
493 384 765 1 496 648
494 26 730 1 150 614
495 201 864 1 318 745
496 89 949 1 212 826
497 53 1033 1 177 902
498 484 1243 1 593 1104
499 403 1001 1 515 878
500 433 68 1 545 -61
501 91 693 1 206 579
502 385 505 1 497 390
503 605 374 1 715 258
504 451 756 1 562 639
505 384 456 1 495 341
506 431 277 1 543 157
507 211 665 1 323 552
508 186 1204 1 308 1061
509 315 357 1 425 242
510 380 942 1 491 821
511 83 783 1 204 665
512 489 394 1 601 278
513 164 606 1 277 494
514 424 910 1 535 790
515 127 732 1 246 615
516 324 531 1 435 418
517 392 931 1 503 810
518 293 273 1 402 156
519 263 522 1 374 409
520 281 353 1 391 238
521 112 1134 1 232 1006
522 53 146 1 161 29
523 383 466 1 495 351
524 421 807 1 532 689
525 358 714 1 470 600
526 70 782 1 191 665
527 428 323 1 539 205
528 113 781 1 233 664
529 76 772 1 196 655
530 310 795 1 423 678
531 56 860 1 176 741
532 475 768 1 586 651
533 292 259 1 401 142
534 127 346 1 237 233
535 242 727 1 355 613
536 302 249 1 411 131
537 559 332 1 671 214
538 47 789 1 170 670
539 391 840 1 503 721
540 349 967 1 461 844
541 111 874 1 233 752
542 231 916 1 347 795
543 464 109 1 577 -18
544 71 366 1 182 254
545 77 756 1 198 639
546 205 333 1 315 219
547 160 619 1 273 508
548 166 876 1 282 757
549 384 1245 1 496 1104
550 263 937 1 379 815
551 418 282 1 530 162
552 245 921 1 360 799
553 457 964 1 567 844
554 290 711 1 404 597
555 299 944 1 413 823
556 97 840 1 218 720
557 97 546 1 210 435
558 465 899 1 576 780
559 313 1225 1 427 1085
560 134 773 1 251 657
561 181 918 1 296 798
562 105 268 1 214 155
563 311 536 1 423 422
564 359 1087 1 472 967
565 248 214 1 357 96
566 193 105 1 300 -16
567 203 1177 1 323 1038
568 422 311 1 534 192
569 458 476 1 571 360
570 440 361 1 553 244
571 428 115 1 540 -11
572 426 141 1 539 15
573 111 182 1 220 69
574 129 975 1 248 853
575 200 601 1 312 489
576 373 227 1 483 107
577 641 407 1 749 293
578 117 45 1 224 -73
579 451 925 1 562 806
580 423 339 1 535 221
581 321 1126 1 435 1000
582 400 625 1 511 512
583 187 278 1 297 162
584 160 741 1 278 626
