0 453 25 1 531 -91
1 442 112 1 520 0
2 345 480 1 422 378
3 166 1044 1 252 929
4 442 90 1 520 -22
5 67 997 1 159 881
6 491 496 1 569 394
7 461 658 1 537 555
8 80 1117 1 173 993
9 413 91 1 490 -21
10 68 1010 1 161 893
11 415 112 1 492 0
12 494 468 1 572 364
13 362 984 1 442 871
14 143 1208 1 234 1078
15 484 441 1 562 337
16 442 201 1 520 92
17 354 389 1 433 285
18 89 884 1 180 771
19 500 757 1 578 649
20 491 381 1 570 276
21 441 333 1 520 228
22 349 457 1 426 355
23 31 1177 1 127 1050
24 426 1115 1 505 1002
25 75 1105 1 167 982
26 480 242 1 559 133
27 444 145 1 522 33
28 212 810 1 295 705
29 563 823 1 639 714
30 470 523 1 546 420
31 226 521 1 303 420
32 410 546 1 488 444
33 210 148 1 287 43
34 441 236 1 518 128
35 475 558 1 552 455
36 538 826 1 615 718
37 45 916 1 137 802
38 452 1044 1 530 931
39 73 986 1 168 868
40 462 25 1 543 -91
41 162 27 1 235 -82
42 223 504 1 300 404
43 40 861 1 131 751
44 443 807 1 521 699
45 574 784 1 650 676
46 346 468 1 423 365
47 469 634 1 546 532
48 481 824 1 558 715
49 460 757 1 537 650
50 548 778 1 624 670
51 429 30 1 508 -84
52 488 545 1 565 442
53 190 138 1 267 33
54 99 201 1 174 96
55 480 472 1 558 368
56 38 850 1 129 740
57 136 513 1 214 413
58 392 1123 1 471 1010
59 135 843 1 223 734
60 231 618 1 309 518
61 445 122 1 523 9
62 82 1009 1 174 892
63 133 131 1 208 25
64 519 500 1 597 397
65 40 1106 1 136 982
66 205 76 1 280 -34
67 54 885 1 141 776
68 335 534 1 412 432
69 451 580 1 528 478
70 35 964 1 123 854
71 393 1113 1 472 999
72 435 476 1 513 373
73 147 102 1 221 -6
74 52 1107 1 145 985
75 544 814 1 620 705
76 54 801 1 145 693
77 452 1021 1 530 909
78 466 396 1 543 293
79 237 91 1 311 -18
80 64 875 1 155 764
81 89 301 1 164 198
82 134 298 1 209 195
83 564 813 1 640 703
84 171 1130 1 256 1015
85 107 996 1 194 882
86 146 73 1 220 -36
87 223 295 1 298 191
88 65 949 1 154 837
89 416 331 1 493 226
90 79 895 1 171 784
91 398 331 1 475 226
92 58 1027 1 152 908
93 116 106 1 190 -2
94 416 125 1 493 14
95 149 449 1 225 350
96 251 309 1 327 205
97 156 235 1 232 130
98 525 759 1 602 651
99 453 63 1 532 -51
100 201 134 1 278 28
101 408 170 1 486 60
102 33 1132 1 129 1006
103 472 1086 1 549 972
104 38 871 1 131 760
105 127 242 1 203 138
106 466 821 1 544 712
107 117 1037 1 208 918
108 466 1099 1 542 983
109 90 262 1 166 157
110 370 911 1 450 800
111 252 294 1 327 190
112 355 913 1 435 800
113 411 150 1 488 39
114 212 505 1 289 404
115 425 782 1 503 675
116 250 761 1 328 660
117 520 473 1 599 370
118 236 75 1 310 -34
119 181 449 1 257 348
120 425 1006 1 503 893
121 419 1051 1 497 943
122 192 178 1 267 72
123 146 973 1 232 862
124 388 509 1 465 406
125 424 772 1 502 664
126 94 343 1 170 240
127 489 562 1 566 459
128 365 166 1 441 57
129 192 1037 1 277 925
130 158 217 1 233 111
131 397 40 1 473 -74
132 72 1066 1 165 946
133 43 758 1 134 651
134 53 859 1 144 748
135 464 334 1 542 228
136 144 398 1 220 297
137 428 682 1 504 579
138 131 1089 1 218 970
139 456 146 1 535 34
140 324 482 1 402 380
141 177 367 1 256 267
142 468 537 1 546 434
143 487 199 1 565 89
144 421 1125 1 500 1011
145 511 1000 1 588 890
146 44 1002 1 137 885
147 66 1142 1 158 1022
148 416 350 1 493 246
149 404 75 1 482 -38
150 459 647 1 536 544
151 99 188 1 174 82
152 119 132 1 193 24
153 138 320 1 214 217
154 173 835 1 257 727
155 331 569 1 408 467
156 71 822 1 161 713
157 93 1026 1 185 908
158 351 1158 1 430 1045
159 500 786 1 577 677
160 482 1004 1 560 893
161 177 418 1 252 317
162 109 419 1 185 318
163 184 492 1 261 391
164 130 264 1 206 160
165 462 465 1 540 362
166 140 1012 1 227 898
167 454 48 1 532 -67
168 432 1084 1 511 970
169 32 816 1 124 708
170 504 821 1 581 712
171 352 923 1 432 812
172 430 1125 1 510 1011
173 509 846 1 586 737
174 425 672 1 502 570
175 112 76 1 186 -33
176 113 838 1 202 728
177 163 574 1 242 474
178 422 141 1 500 30
179 465 805 1 542 696
180 481 628 1 559 525
181 541 747 1 618 640
182 73 1151 1 163 1033
183 447 792 1 525 683
184 303 71 1 378 -40
185 355 524 1 432 422
186 136 977 1 221 865
187 355 444 1 431 341
188 274 545 1 351 444
189 86 452 1 163 350
190 400 454 1 478 351
191 362 548 1 440 445
192 233 735 1 312 633
193 401 121 1 477 9
194 244 547 1 321 446
195 50 791 1 142 682
196 53 849 1 145 738
197 127 824 1 214 716
198 174 394 1 249 293
199 224 311 1 299 208
200 372 544 1 449 441
201 411 560 1 488 457
202 47 1012 1 136 898
203 489 842 1 566 734
204 97 840 1 187 731
205 56 270 1 132 168
206 504 935 1 581 826
207 418 392 1 495 287
208 417 1063 1 496 955
209 69 859 1 159 749
210 146 418 1 223 317
211 191 548 1 268 448
212 75 882 1 166 770
213 101 870 1 190 759
214 64 182 1 138 77
215 414 789 1 493 681
216 454 132 1 533 20
217 335 478 1 412 376
218 39 700 1 129 595
219 125 896 1 215 783
220 448 609 1 525 507
221 333 545 1 410 443
222 340 247 1 416 141
223 562 1221 1 638 1093
224 455 100 1 533 -12
225 84 772 1 173 664
226 138 341 1 214 239
227 329 599 1 405 497
228 446 926 1 525 815
229 411 234 1 488 127
230 432 135 1 510 24
231 75 965 1 165 851
232 468 168 1 546 57
233 454 82 1 532 -31
234 37 725 1 128 619
235 304 87 1 379 -24
236 311 248 1 388 142
237 48 929 1 141 816
238 154 492 1 231 392
239 391 1046 1 470 938
240 310 227 1 386 121
241 504 873 1 580 765
242 76 731 1 167 624
243 359 183 1 435 74
244 100 398 1 177 298
245 261 678 1 339 577
246 145 622 1 223 522
247 320 383 1 396 280
248 337 210 1 412 103
249 377 966 1 457 854
250 104 746 1 192 640
251 451 1054 1 528 942
252 389 922 1 468 812
253 339 233 1 415 126
254 212 832 1 296 725
255 330 1242 1 411 1120
256 307 108 1 380 -2
257 65 753 1 154 647
258 453 34 1 530 -80
259 536 759 1 613 651
260 67 270 1 142 167
261 331 92 1 406 -18
262 218 237 1 293 132
263 694 363 1 771 259
264 517 645 1 595 541
265 464 513 1 542 409
266 40 890 1 131 779
267 169 119 1 245 13
268 324 470 1 401 368
269 206 853 1 290 745
270 453 179 1 530 69
271 316 1224 1 401 1094
272 71 1092 1 162 971
273 321 406 1 397 303
274 255 792 1 335 688
275 236 906 1 318 799
276 95 1247 1 191 1113
277 212 520 1 290 420
278 60 818 1 151 708
279 117 440 1 193 340
280 434 901 1 511 792
281 485 276 1 564 168
282 361 1242 1 441 1125
283 172 355 1 251 254
284 328 108 1 404 -2
285 562 769 1 638 661
286 314 883 1 395 774
287 483 925 1 561 815
288 65 939 1 153 828
289 89 799 1 178 691
290 438 691 1 515 588
291 53 1041 1 146 923
292 478 785 1 556 678
293 394 721 1 470 617
294 80 869 1 171 758
295 462 885 1 539 776
296 390 442 1 467 340
297 468 151 1 547 40
298 438 1071 1 516 958
299 392 458 1 469 356
300 489 739 1 566 632
301 60 895 1 151 784
302 326 724 1 405 622
303 76 55 1 150 -53
304 117 827 1 204 719
305 283 775 1 361 672
306 450 998 1 529 886
307 238 605 1 315 504
308 460 577 1 537 475
309 243 740 1 321 637
310 446 755 1 524 648
311 336 918 1 417 807
312 357 468 1 434 366
313 367 534 1 445 432
314 434 1235 1 513 1104
315 483 33 1 562 -82
316 65 731 1 155 625
317 433 148 1 511 37
318 490 964 1 566 853
319 474 461 1 552 357
320 563 784 1 640 676
321 464 768 1 542 660
322 74 1199 1 173 1067
323 531 354 1 609 250
324 65 885 1 156 773
325 485 638 1 562 536
326 87 205 1 161 101
327 278 759 1 355 656
328 235 101 1 309 -8
329 678 742 1 751 630
330 418 31 1 496 -83
331 403 350 1 479 247
332 499 984 1 577 874
333 449 1034 1 527 922
334 387 1150 1 465 1038
335 248 629 1 325 528
336 444 349 1 521 245
337 182 742 1 266 636
338 429 959 1 507 848
339 125 660 1 204 560
340 343 447 1 420 343
341 405 391 1 482 287
342 384 328 1 461 223
343 187 198 1 262 93
344 569 832 1 644 724
345 473 451 1 551 348
346 479 766 1 556 659
347 94 84 1 167 -24
348 436 1099 1 515 984
349 399 87 1 475 -25
350 263 781 1 342 677
351 354 172 1 430 63
352 137 888 1 224 778
353 362 401 1 440 298
354 469 71 1 548 -43
355 467 735 1 545 632
356 149 942 1 233 834
357 458 1226 1 537 1097
358 52 775 1 142 668
359 389 397 1 466 294
360 416 834 1 494 726
361 554 812 1 630 704
362 403 839 1 482 731
363 268 710 1 346 608
364 166 1092 1 255 969
365 456 685 1 533 583
366 106 735 1 195 628
367 438 1037 1 516 925
368 103 773 1 191 665
369 369 27 1 445 -86
370 485 455 1 563 352
371 139 546 1 218 445
372 299 908 1 381 797
373 369 1018 1 447 910
374 469 286 1 547 179
375 398 161 1 474 51
376 491 852 1 567 744
377 359 485 1 436 383
378 220 781 1 300 678
379 117 610 1 197 510
380 268 1193 1 355 1063
381 122 862 1 205 756
382 125 219 1 200 114
383 397 200 1 474 91
384 312 71 1 388 -40
385 475 756 1 552 649
386 168 730 1 252 624
387 183 860 1 266 753
388 510 795 1 586 687
389 380 1123 1 458 1009
390 126 511 1 203 412
391 221 264 1 297 158
392 142 140 1 219 35
393 371 900 1 450 790
394 84 137 1 157 31
395 414 819 1 492 712
396 67 385 1 145 285
397 159 370 1 237 270
398 372 984 1 450 871
399 241 824 1 323 717
400 467 502 1 545 400
401 458 1067 1 535 954
402 166 599 1 245 499
403 216 885 1 298 776
404 336 587 1 413 486
405 478 381 1 556 276
406 89 440 1 167 339
407 177 847 1 260 738
408 500 924 1 576 814
409 368 1030 1 447 922
410 581 803 1 657 695
411 171 870 1 253 763
412 457 929 1 535 819
413 444 1108 1 522 993
414 408 602 1 485 501
415 480 1123 1 557 1005
416 406 685 1 483 583
417 337 695 1 415 593
418 285 732 1 364 630
419 463 120 1 541 8
420 443 1139 1 522 1023
421 448 394 1 525 290
422 469 260 1 547 152
423 356 1221 1 439 1092
424 227 343 1 303 240
425 313 797 1 391 693
426 395 907 1 474 797
427 163 342 1 242 240
428 471 184 1 548 73
429 110 783 1 197 675
430 465 917 1 542 807
431 313 84 1 389 -27
432 47 1164 1 140 1040
433 505 944 1 582 833
434 240 503 1 318 401
435 213 99 1 287 -10
436 376 163 1 453 54
437 58 905 1 149 794
438 468 476 1 546 372
439 47 1031 1 142 911
440 444 900 1 522 791
441 486 1109 1 562 991
442 159 550 1 236 449
443 435 573 1 512 471
444 228 217 1 303 111
445 330 77 1 405 -34
446 231 116 1 306 6
447 479 871 1 556 762
448 476 547 1 553 444
449 90 825 1 180 715
450 139 775 1 225 669
451 323 66 1 399 -45
452 306 989 1 387 879
453 252 782 1 330 679
454 240 296 1 316 192
455 208 919 1 290 810
456 65 716 1 156 610
457 478 567 1 555 465
458 180 633 1 258 532
459 201 775 1 282 671
460 79 96 1 152 -10
461 462 860 1 540 752
462 437 671 1 514 569
463 450 192 1 528 82
464 114 750 1 201 643
465 479 803 1 556 694
466 172 128 1 249 23
467 463 347 1 541 242
468 98 137 1 173 29
469 446 780 1 525 672
470 312 911 1 393 800
471 621 1038 1 694 918
472 71 813 1 162 703
473 216 216 1 293 111
474 119 724 1 206 618
475 94 784 1 184 675
476 419 748 1 499 642
477 50 715 1 142 608
478 250 690 1 329 588
479 157 953 1 243 842
480 234 848 1 317 740
481 138 785 1 224 678
482 468 195 1 547 85
483 439 987 1 518 875
484 469 36 1 547 -79
485 126 671 1 205 569
486 422 482 1 499 378
487 649 343 1 726 239
488 126 884 1 215 773
489 421 432 1 497 328
490 468 249 1 546 141
491 246 644 1 324 542
492 215 1199 1 305 1068
493 350 332 1 426 228
494 416 927 1 494 817
495 527 367 1 605 263
496 199 585 1 277 484
497 461 895 1 538 786
498 156 716 1 241 609
499 359 508 1 437 406
500 299 699 1 377 597
501 427 916 1 506 806
502 327 248 1 403 141
503 298 499 1 375 398
504 315 328 1 392 224
505 85 122 1 159 13
506 257 801 1 337 698
507 420 442 1 497 339
508 482 1085 1 556 972
509 458 792 1 536 683
510 395 693 1 472 590
511 148 773 1 236 666
512 464 297 1 542 190
513 108 847 1 196 738
514 104 756 1 192 650
515 345 778 1 424 672
516 150 758 1 231 653
517 513 752 1 591 644
518 326 233 1 402 126
519 228 752 1 308 648
520 279 706 1 357 604
521 336 223 1 412 115
522 600 302 1 678 195
523 74 773 1 164 666
524 428 824 1 506 716
525 384 953 1 463 841
526 100 829 1 190 719
527 33 903 1 126 790
528 264 900 1 347 791
529 500 77 1 580 -36
530 105 343 1 180 241
531 240 309 1 315 205
532 196 598 1 274 497
533 189 988 1 274 875
534 223 845 1 306 737
535 297 922 1 379 812
536 455 255 1 532 147
537 279 906 1 360 796
538 494 951 1 571 840
539 164 1054 1 251 937
540 334 928 1 414 818
541 132 525 1 209 424
542 503 883 1 580 775
543 345 1220 1 428 1091
544 197 906 1 279 798
545 215 898 1 297 792
546 347 514 1 424 410
547 396 1066 1 474 958
548 282 188 1 357 80
549 225 76 1 299 -34
550 234 1170 1 322 1043
551 459 284 1 537 177
552 496 452 1 574 347
553 478 335 1 556 229
554 464 84 1 542 -29
555 462 111 1 541 -1
556 140 154 1 217 50
557 55 941 1 148 825
558 236 580 1 313 478
559 408 200 1 485 91
560 688 377 1 763 273
561 489 911 1 566 801
562 460 312 1 537 206
563 358 1109 1 437 995
564 438 603 1 514 501
565 59 1064 1 152 944
566 348 993 1 427 884
