0 426 103 1 520 -4
1 328 473 1 422 375
2 425 82 1 520 -27
3 49 994 1 156 881
4 475 490 1 569 391
5 444 651 1 538 553
6 63 1116 1 171 994
7 396 83 1 490 -25
8 50 1008 1 158 893
9 398 104 1 492 -3
10 477 461 1 572 361
11 346 979 1 441 870
12 24 859 1 129 750
13 467 434 1 562 334
14 425 193 1 521 88
15 337 381 1 433 282
16 71 881 1 177 771
17 485 752 1 578 648
18 474 374 1 570 273
19 424 326 1 520 224
20 332 450 1 426 352
21 25 1105 1 133 983
22 57 1101 1 165 982
23 411 1110 1 505 1001
24 463 234 1 559 129
25 151 1041 1 251 928
26 427 137 1 522 29
27 190 808 1 288 706
28 57 984 1 165 869
29 548 817 1 639 713
30 453 516 1 547 417
31 208 515 1 302 418
32 394 540 1 488 441
33 191 139 1 285 38
34 424 229 1 518 124
35 458 551 1 553 452
36 523 820 1 615 717
37 26 913 1 135 802
38 437 1039 1 530 930
39 28 1010 1 134 897
40 206 498 1 300 401
41 426 801 1 520 698
42 559 779 1 650 675
43 329 461 1 423 362
44 453 628 1 547 529
45 465 818 1 558 714
46 444 752 1 537 649
47 533 773 1 624 669
48 40 1027 1 149 909
49 471 538 1 565 439
50 172 129 1 266 28
51 80 193 1 173 92
52 463 465 1 558 365
53 118 507 1 213 410
54 377 1118 1 471 1009
55 117 841 1 221 734
56 214 612 1 308 515
57 428 113 1 523 5
58 65 1007 1 171 892
59 94 1060 1 198 945
60 113 122 1 207 21
61 502 493 1 597 394
62 186 66 1 280 -38
63 35 882 1 140 775
64 434 574 1 528 475
65 48 946 1 153 836
66 378 1107 1 472 998
67 418 469 1 513 370
68 128 92 1 220 -10
69 528 809 1 620 704
70 437 1016 1 530 908
71 449 389 1 544 289
72 219 82 1 311 -23
73 70 293 1 163 195
74 116 290 1 208 192
75 549 807 1 640 702
76 156 831 1 255 726
77 155 1126 1 256 1014
78 89 993 1 193 881
79 127 63 1 219 -40
80 205 288 1 297 188
81 399 324 1 493 223
82 319 527 1 412 429
83 381 323 1 475 223
84 36 799 1 142 692
85 97 96 1 189 -6
86 399 117 1 494 10
87 130 443 1 225 347
88 234 302 1 326 202
89 137 227 1 231 126
90 509 753 1 602 650
91 436 54 1 532 -55
92 183 124 1 277 23
93 391 162 1 486 56
94 46 872 1 152 764
95 35 856 1 141 748
96 457 1080 1 549 971
97 27 1000 1 135 885
98 109 234 1 202 134
99 450 815 1 544 711
100 100 1035 1 206 919
101 451 1093 1 542 982
102 72 254 1 165 154
103 354 906 1 449 799
104 234 287 1 327 187
105 339 908 1 434 799
106 393 142 1 488 35
107 195 498 1 289 401
108 409 777 1 503 674
109 234 755 1 329 657
110 503 466 1 599 367
111 218 66 1 310 -39
112 163 442 1 257 345
113 404 1044 1 498 941
114 174 170 1 266 68
115 130 969 1 231 861
116 371 502 1 465 403
117 407 767 1 502 663
118 75 335 1 169 237
119 472 555 1 566 456
120 348 158 1 441 53
121 176 1034 1 276 924
122 139 209 1 232 108
123 380 30 1 473 -79
124 55 1064 1 163 947
125 24 754 1 131 650
126 452 731 1 545 630
127 447 326 1 542 224
128 49 1138 1 157 1022
129 125 390 1 219 294
130 411 675 1 505 577
131 114 1086 1 217 970
132 440 138 1 535 30
133 307 474 1 402 377
134 159 360 1 255 263
135 452 530 1 546 431
136 470 192 1 565 85
137 406 1119 1 501 1010
138 497 995 1 588 889
139 399 342 1 493 243
140 124 1089 1 228 971
141 388 66 1 482 -42
142 442 641 1 536 542
143 410 1003 1 503 893
144 41 815 1 149 708
145 80 179 1 173 78
146 152 821 1 253 717
147 165 1006 1 264 896
148 100 123 1 192 20
149 120 313 1 213 214
150 150 148 1 244 48
151 123 1008 1 226 898
152 314 562 1 408 464
153 52 819 1 158 712
154 105 858 1 204 754
155 76 1024 1 182 909
156 336 1152 1 430 1043
157 484 781 1 577 676
158 159 411 1 252 314
159 90 411 1 185 315
160 167 485 1 261 388
161 112 256 1 205 157
162 446 458 1 540 359
163 437 39 1 532 -71
164 417 1079 1 511 969
165 488 815 1 582 711
166 336 918 1 432 812
167 415 1119 1 510 1010
168 493 840 1 586 736
169 409 666 1 503 567
170 93 66 1 185 -37
171 146 568 1 241 471
172 405 133 1 500 26
173 449 799 1 542 695
174 465 621 1 559 523
175 526 741 1 618 638
176 57 1149 1 162 1032
177 431 787 1 525 682
178 285 62 1 377 -44
179 338 517 1 432 419
180 119 972 1 220 864
181 337 437 1 431 338
182 257 539 1 351 441
183 67 445 1 162 347
184 42 892 1 149 783
185 383 447 1 478 348
186 345 541 1 440 442
187 215 730 1 312 631
188 384 112 1 477 5
189 82 1063 1 187 949
190 227 540 1 321 443
191 31 788 1 139 682
192 142 837 1 244 729
193 156 387 1 249 290
194 206 303 1 299 205
195 355 538 1 449 439
196 394 553 1 488 454
197 473 836 1 566 733
198 79 837 1 185 731
199 37 263 1 131 165
200 489 930 1 581 825
201 401 385 1 495 284
202 47 935 1 152 827
203 402 1056 1 496 953
204 51 856 1 157 748
205 464 761 1 556 657
206 128 412 1 222 314
207 173 542 1 267 445
208 56 879 1 164 770
209 83 866 1 187 758
210 45 173 1 138 73
211 398 784 1 492 680
212 437 124 1 533 15
213 318 471 1 412 373
214 103 776 1 205 671
215 107 893 1 212 783
216 431 602 1 525 504
217 316 538 1 410 441
218 323 240 1 416 137
219 549 1218 1 639 1095
220 438 92 1 533 -17
221 66 768 1 171 663
222 120 334 1 213 236
223 312 593 1 405 495
224 431 921 1 525 814
225 394 227 1 488 123
226 415 127 1 510 20
227 451 160 1 546 53
228 437 73 1 532 -35
229 286 78 1 378 -28
230 294 241 1 387 139
231 136 486 1 231 389
232 375 1040 1 470 936
233 293 219 1 386 117
234 488 868 1 580 764
235 57 727 1 164 623
236 341 175 1 435 70
237 82 392 1 176 295
238 244 672 1 339 575
239 127 616 1 223 520
240 34 846 1 142 738
241 303 376 1 396 277
242 319 202 1 412 99
243 362 961 1 457 853
244 85 742 1 190 639
245 436 1049 1 528 941
246 373 917 1 468 811
247 109 823 1 212 715
248 322 225 1 414 122
249 195 828 1 294 724
250 176 923 1 275 818
251 289 99 1 380 -6
252 47 749 1 152 646
253 436 25 1 530 -85
254 520 754 1 613 650
255 48 262 1 142 164
256 313 83 1 405 -23
257 200 229 1 292 128
258 683 355 1 772 254
259 448 506 1 542 407
260 150 109 1 244 8
261 307 463 1 401 365
262 190 849 1 289 744
263 436 171 1 531 65
264 502 639 1 595 539
265 301 1222 1 400 1096
266 52 1089 1 160 972
267 304 399 1 397 300
268 78 1247 1 189 1115
269 195 514 1 289 417
270 99 433 1 192 337
271 418 896 1 511 791
272 469 268 1 565 164
273 347 1236 1 441 1124
274 154 348 1 250 251
275 311 99 1 403 -6
276 546 763 1 638 660
277 298 878 1 394 773
278 468 920 1 561 814
279 71 796 1 175 690
280 422 684 1 515 586
281 35 1039 1 144 923
282 316 1238 1 411 1119
283 462 780 1 556 677
284 377 714 1 470 615
285 119 771 1 223 668
286 446 880 1 539 775
287 373 435 1 468 337
288 451 143 1 547 35
289 422 1065 1 516 957
290 99 823 1 202 718
291 374 452 1 469 353
292 473 733 1 566 631
293 224 896 1 320 794
294 310 718 1 405 619
295 57 45 1 149 -57
296 495 1251 1 584 1130
297 267 769 1 361 669
298 435 992 1 529 885
299 221 598 1 315 501
300 443 571 1 537 472
301 226 734 1 321 634
302 430 750 1 524 647
303 320 914 1 417 806
304 340 462 1 434 363
305 350 527 1 445 429
306 420 1232 1 513 1106
307 466 25 1 562 -86
308 46 727 1 152 624
309 417 140 1 511 32
310 475 959 1 566 852
311 458 454 1 553 354
312 548 779 1 640 675
313 449 762 1 542 659
314 57 1201 1 170 1069
315 514 347 1 609 246
316 47 882 1 153 773
317 468 632 1 562 533
318 67 197 1 160 97
319 261 753 1 355 654
320 217 92 1 308 -12
321 665 738 1 752 630
322 386 342 1 478 243
323 483 978 1 578 873
324 232 705 1 327 605
325 434 1029 1 527 921
326 372 1143 1 466 1036
327 231 623 1 325 525
328 426 342 1 521 241
329 92 880 1 194 773
330 164 737 1 264 635
331 250 722 1 344 623
332 246 802 1 342 700
333 414 954 1 507 847
334 107 654 1 204 557
335 326 440 1 420 340
336 388 384 1 482 284
337 367 320 1 461 220
338 169 190 1 261 89
339 554 827 1 644 723
340 456 444 1 551 345
341 74 74 1 166 -28
342 421 1093 1 515 983
343 382 78 1 475 -30
344 246 775 1 342 675
345 337 163 1 430 59
346 119 886 1 222 778
347 345 393 1 439 294
348 452 62 1 548 -47
349 153 865 1 253 762
350 132 939 1 232 832
351 95 721 1 198 617
352 444 1224 1 537 1099
353 32 927 1 139 816
354 372 390 1 466 291
355 400 829 1 494 725
356 538 807 1 630 703
357 387 834 1 482 730
358 251 704 1 346 605
359 206 763 1 303 663
360 440 679 1 533 580
361 51 1043 1 156 930
362 87 731 1 192 627
363 423 1031 1 516 924
364 85 768 1 188 664
365 192 718 1 288 617
366 468 448 1 563 349
367 121 539 1 217 443
368 283 903 1 380 796
369 62 867 1 168 758
370 149 1089 1 253 969
371 196 762 1 292 662
372 353 1012 1 447 908
373 452 279 1 548 175
374 380 152 1 474 47
375 475 847 1 567 743
376 342 479 1 436 380
377 203 776 1 300 676
378 100 603 1 197 507
379 252 1191 1 354 1065
380 107 211 1 199 110
381 380 192 1 474 88
382 294 62 1 387 -44
383 459 751 1 551 648
384 150 725 1 250 623
385 166 856 1 265 752
386 494 790 1 586 686
387 162 1054 1 263 943
388 365 1118 1 459 1008
389 108 505 1 202 409
390 203 256 1 296 155
391 122 130 1 217 30
392 355 895 1 449 789
393 65 128 1 156 27
394 397 814 1 492 711
395 49 378 1 144 282
396 140 363 1 236 266
397 357 979 1 450 870
398 225 820 1 322 716
399 451 495 1 545 397
400 443 1062 1 535 953
401 149 593 1 244 496
402 319 580 1 413 483
403 116 724 1 218 621
404 462 374 1 556 273
405 159 842 1 259 737
406 484 919 1 577 813
407 352 1024 1 447 920
408 566 798 1 658 694
409 460 996 1 553 889
410 442 924 1 535 818
411 429 1102 1 522 992
412 391 596 1 485 498
413 465 1118 1 557 1005
414 389 678 1 483 581
415 321 689 1 415 591
416 268 725 1 364 628
417 446 112 1 542 3
418 428 1134 1 522 1022
419 431 387 1 525 287
420 452 252 1 547 148
421 342 1220 1 438 1094
422 210 336 1 303 237
423 296 791 1 391 691
424 380 902 1 474 796
425 144 335 1 240 237
426 454 176 1 549 69
427 91 779 1 195 674
428 450 912 1 542 807
429 296 75 1 389 -31
430 118 235 1 212 137
431 490 939 1 583 832
432 223 496 1 318 399
433 194 90 1 287 -14
434 359 155 1 453 49
435 40 902 1 146 793
436 452 469 1 546 369
437 29 1030 1 139 912
438 429 895 1 522 790
439 471 1104 1 562 991
440 141 543 1 236 447
441 418 567 1 512 469
442 210 209 1 302 108
443 312 68 1 405 -38
444 213 107 1 306 2
445 463 865 1 556 761
446 459 540 1 554 441
447 71 822 1 177 715
448 305 57 1 398 -50
449 290 985 1 386 878
450 235 776 1 330 677
451 222 289 1 315 189
452 191 914 1 289 809
453 46 712 1 153 609
454 462 561 1 556 462
455 163 627 1 258 530
456 139 989 1 241 879
457 60 86 1 151 -14
458 447 855 1 540 751
459 142 978 1 244 869
460 420 665 1 514 566
461 433 185 1 528 78
462 96 746 1 199 642
463 463 798 1 556 693
464 229 843 1 329 739
465 153 118 1 247 18
466 446 339 1 541 238
467 79 129 1 172 26
468 430 774 1 525 670
469 296 907 1 393 799
470 607 1034 1 695 919
471 52 809 1 159 702
472 198 208 1 292 107
473 160 773 1 259 670
474 75 780 1 181 674
475 404 743 1 498 641
476 233 684 1 328 586
477 140 949 1 241 841
478 217 843 1 316 739
479 120 781 1 222 677
480 451 187 1 547 81
481 424 983 1 518 874
482 452 27 1 547 -84
483 108 665 1 205 567
484 107 930 1 209 822
485 405 474 1 499 375
486 635 335 1 727 234
487 109 880 1 213 772
488 403 425 1 497 325
489 451 242 1 546 138
490 229 637 1 324 540
491 199 1198 1 303 1070
492 333 325 1 426 225
493 400 922 1 493 816
494 511 360 1 606 259
495 182 579 1 277 481
496 445 890 1 538 785
497 138 711 1 239 608
498 342 501 1 437 403
499 282 693 1 377 595
500 412 911 1 505 805
501 310 240 1 403 137
502 281 493 1 375 395
503 298 321 1 392 221
504 66 112 1 158 9
505 403 435 1 497 336
506 467 1080 1 557 971
507 442 787 1 535 682
508 379 686 1 472 588
509 130 769 1 233 665
510 448 289 1 542 187
511 86 752 1 189 649
512 329 773 1 424 670
513 132 754 1 230 651
514 349 916 1 444 809
515 498 746 1 591 643
516 309 225 1 401 123
517 211 747 1 308 647
518 262 700 1 357 601
519 319 215 1 412 112
520 585 294 1 679 191
521 55 769 1 161 665
522 412 819 1 506 715
523 367 948 1 462 840
524 160 750 1 259 648
525 248 896 1 346 790
526 484 68 1 580 -41
527 86 336 1 180 238
528 222 301 1 315 202
529 178 591 1 273 495
530 206 841 1 305 736
531 281 918 1 378 811
532 438 247 1 533 144
533 262 902 1 359 795
534 478 945 1 572 839
535 192 782 1 291 680
536 147 1051 1 249 937
537 114 518 1 209 422
538 488 878 1 580 774
539 331 1218 1 427 1092
540 180 902 1 278 796
541 199 893 1 296 790
542 331 507 1 424 408
543 381 1060 1 475 956
544 264 180 1 357 76
545 207 67 1 299 -38
546 218 1168 1 320 1044
547 442 276 1 537 173
548 479 444 1 574 344
549 461 328 1 556 226
550 447 75 1 542 -34
551 446 103 1 541 -5
552 121 145 1 215 45
553 37 937 1 145 825
554 218 573 1 312 476
555 391 192 1 485 87
556 361 937 1 456 830
557 675 370 1 765 269
558 473 905 1 566 800
559 443 305 1 538 203
560 343 1103 1 437 994
561 421 597 1 514 499
562 41 1063 1 150 945
563 333 988 1 427 883
