0 421 95 1 520 -6
1 322 466 1 422 373
2 420 73 1 520 -29
3 40 987 1 155 881
4 468 483 1 569 390
5 437 645 1 538 552
6 54 1110 1 170 995
7 391 74 1 490 -27
8 41 1001 1 157 893
9 393 96 1 492 -5
10 471 454 1 572 360
11 338 973 1 441 870
12 461 427 1 562 332
13 420 185 1 521 86
14 330 373 1 432 280
15 478 746 1 578 648
16 468 367 1 570 271
17 418 318 1 520 223
18 325 443 1 426 351
19 141 1001 1 249 898
20 48 1094 1 164 982
21 402 1103 1 505 1000
22 458 227 1 559 127
23 422 129 1 522 27
24 183 801 1 288 705
25 48 977 1 163 869
26 541 811 1 639 712
27 446 509 1 547 416
28 201 507 1 302 416
29 387 533 1 488 440
30 185 129 1 285 36
31 418 221 1 518 123
32 452 544 1 553 451
33 516 814 1 615 717
34 429 1033 1 530 930
35 198 490 1 300 400
36 62 875 1 175 771
37 419 795 1 520 697
38 552 773 1 650 675
39 322 453 1 423 361
40 446 621 1 547 528
41 458 812 1 558 714
42 437 746 1 537 648
43 526 767 1 624 669
44 31 1020 1 147 909
45 465 531 1 565 438
46 165 119 1 265 26
47 74 183 1 173 91
48 457 458 1 558 364
49 111 498 1 213 409
50 368 1111 1 471 1008
51 109 834 1 220 733
52 207 605 1 308 514
53 423 105 1 523 3
54 56 1000 1 170 892
55 85 1053 1 198 945
56 107 112 1 206 19
57 496 487 1 597 393
58 181 56 1 279 -40
59 169 1027 1 276 924
60 143 1034 1 250 928
61 427 567 1 529 474
62 39 939 1 152 836
63 369 1101 1 472 998
64 412 462 1 513 369
65 122 82 1 220 -12
66 521 803 1 620 704
67 429 1009 1 530 908
68 443 382 1 544 288
69 107 248 1 205 155
70 213 72 1 311 -25
71 63 284 1 163 193
72 109 281 1 208 190
73 542 801 1 641 702
74 148 825 1 255 726
75 145 1120 1 255 1013
76 80 986 1 192 881
77 121 53 1 218 -42
78 199 279 1 297 186
79 393 316 1 493 221
80 313 520 1 412 428
81 375 316 1 475 221
82 27 792 1 141 692
83 91 86 1 188 -8
84 394 109 1 494 8
85 123 434 1 225 345
86 228 293 1 326 200
87 131 218 1 231 124
88 502 747 1 602 649
89 432 46 1 532 -58
90 177 114 1 276 21
91 386 154 1 486 54
92 36 865 1 151 764
93 48 876 1 162 770
94 26 849 1 140 748
95 448 1074 1 550 971
96 102 225 1 202 132
97 443 809 1 544 711
98 91 1029 1 205 919
99 442 1087 1 543 982
100 65 245 1 165 152
101 346 900 1 449 799
102 228 278 1 326 185
103 227 748 1 329 656
104 331 902 1 434 799
105 30 897 1 145 793
106 388 133 1 488 33
107 188 490 1 289 400
108 401 771 1 503 673
109 497 459 1 599 366
110 212 56 1 309 -41
111 156 434 1 256 344
112 396 1037 1 498 940
113 168 161 1 266 66
114 122 962 1 231 860
115 365 494 1 465 402
116 400 760 1 501 662
117 68 326 1 169 235
118 466 548 1 567 455
119 342 150 1 441 51
120 133 199 1 232 106
121 46 1060 1 162 947
122 25 875 1 139 774
123 117 806 1 226 706
124 444 724 1 545 629
125 441 319 1 542 223
126 40 1132 1 156 1022
127 118 382 1 219 292
128 404 668 1 505 576
129 106 1079 1 217 970
130 435 130 1 535 28
131 301 467 1 402 376
132 152 351 1 254 262
133 445 523 1 546 430
134 465 184 1 565 84
135 398 1113 1 501 1009
136 489 988 1 588 888
137 393 335 1 493 241
138 115 1082 1 228 971
139 383 57 1 482 -44
140 435 634 1 536 541
141 402 996 1 503 893
142 32 807 1 147 708
143 74 170 1 173 76
144 144 814 1 252 716
145 376 24 1 473 -81
146 493 1255 1 592 1139
147 156 999 1 264 896
148 93 113 1 192 18
149 113 304 1 213 212
150 143 138 1 243 45
151 115 1001 1 225 897
152 307 555 1 408 463
153 43 812 1 157 712
154 96 850 1 204 754
155 67 1018 1 181 909
156 328 1145 1 430 1043
157 477 775 1 577 676
158 152 403 1 252 312
159 83 403 1 184 313
160 160 477 1 261 386
161 439 451 1 540 358
162 432 31 1 532 -74
163 409 1072 1 511 969
164 481 809 1 582 711
165 328 912 1 431 811
166 407 1113 1 510 1010
167 486 834 1 586 736
168 402 659 1 503 566
169 86 56 1 184 -39
170 138 560 1 241 470
171 400 125 1 500 24
172 442 793 1 542 695
173 458 614 1 559 521
174 519 735 1 618 638
175 424 780 1 524 682
176 280 53 1 377 -46
177 332 510 1 432 418
178 110 966 1 219 863
179 331 429 1 431 336
180 250 531 1 351 440
181 60 436 1 162 346
182 33 885 1 147 783
183 377 440 1 478 347
184 338 533 1 440 441
185 378 104 1 477 3
186 74 1056 1 186 949
187 220 532 1 321 442
188 133 830 1 243 729
189 149 378 1 249 288
190 200 295 1 298 203
191 348 530 1 449 437
192 387 546 1 488 453
193 466 830 1 566 732
194 71 831 1 183 730
195 30 253 1 131 163
196 481 924 1 581 824
197 395 377 1 495 283
198 38 928 1 151 827
199 394 1049 1 497 952
200 42 849 1 156 748
201 456 754 1 556 657
202 121 403 1 222 313
203 121 1246 1 234 1131
204 166 534 1 267 444
205 75 860 1 186 758
206 38 163 1 137 71
207 391 778 1 492 680
208 432 115 1 533 13
209 311 464 1 412 372
210 94 768 1 204 671
211 99 886 1 211 783
212 424 596 1 525 503
213 309 531 1 410 439
214 317 231 1 416 135
215 540 1213 1 639 1096
216 433 84 1 534 -19
217 57 761 1 169 663
218 113 325 1 213 234
219 305 585 1 405 493
220 423 915 1 525 814
221 388 219 1 488 121
222 410 118 1 510 17
223 446 152 1 546 51
224 432 65 1 532 -38
225 281 68 1 378 -30
226 288 232 1 387 137
227 129 478 1 230 388
228 367 1033 1 470 935
229 288 210 1 386 115
230 480 862 1 580 763
231 49 720 1 162 623
232 336 166 1 435 68
233 75 383 1 176 293
234 236 665 1 339 573
235 119 608 1 223 518
236 25 839 1 141 738
237 296 368 1 396 275
238 313 194 1 412 97
239 354 955 1 457 853
240 77 735 1 188 638
241 427 1042 1 528 940
242 365 911 1 468 811
243 100 815 1 211 715
244 316 216 1 414 120
245 187 822 1 294 723
246 168 916 1 275 817
247 283 90 1 380 -8
248 38 742 1 150 645
249 513 748 1 613 649
250 41 253 1 141 162
251 308 74 1 405 -25
252 194 220 1 292 126
253 194 802 1 299 705
254 679 348 1 773 252
255 441 499 1 542 405
256 144 99 1 243 6
257 300 455 1 401 363
258 182 842 1 288 744
259 431 163 1 531 63
260 495 632 1 595 537
261 293 1216 1 399 1097
262 43 1083 1 159 972
263 297 391 1 397 298
264 208 726 1 311 630
265 69 1242 1 187 1116
266 188 506 1 289 415
267 91 424 1 192 336
268 411 890 1 511 790
269 463 261 1 565 162
270 338 1228 1 442 1123
271 147 339 1 249 249
272 171 841 1 276 745
273 305 91 1 403 -8
274 539 758 1 639 660
275 290 872 1 394 772
276 460 914 1 561 813
277 62 789 1 174 690
278 415 678 1 516 585
279 25 1033 1 142 923
280 308 1232 1 411 1119
281 455 774 1 556 677
282 370 707 1 470 614
283 147 1130 1 257 1020
284 111 764 1 222 667
285 438 874 1 539 775
286 367 428 1 468 335
287 446 135 1 547 33
288 415 1059 1 516 956
289 91 816 1 201 718
290 368 444 1 469 352
291 466 727 1 566 630
292 215 888 1 320 793
293 302 711 1 405 618
294 50 33 1 148 -60
295 486 1245 1 584 1130
296 259 762 1 361 668
297 427 986 1 529 885
298 213 591 1 315 500
299 436 564 1 538 471
300 218 726 1 321 633
301 423 744 1 524 646
302 312 907 1 416 806
303 334 454 1 434 362
304 343 520 1 445 428
305 24 920 1 137 816
306 412 1226 1 513 1107
307 37 720 1 151 623
308 411 132 1 511 30
309 467 953 1 566 852
310 451 447 1 553 353
311 541 773 1 640 674
312 441 756 1 542 658
313 48 1196 1 168 1070
314 509 340 1 609 244
315 461 625 1 563 532
316 61 187 1 160 95
317 254 746 1 355 653
318 211 83 1 308 -14
319 659 732 1 753 630
320 380 335 1 478 241
321 475 972 1 578 872
322 224 697 1 326 604
323 426 1022 1 527 920
324 364 1136 1 466 1035
325 223 616 1 325 524
326 420 334 1 521 239
327 83 872 1 194 773
328 156 730 1 263 634
329 243 714 1 344 622
330 238 794 1 341 699
331 405 948 1 507 847
332 99 646 1 204 556
333 319 432 1 420 339
334 382 377 1 482 283
335 361 313 1 461 218
336 162 181 1 261 87
337 546 821 1 645 723
338 139 1045 1 249 937
339 450 437 1 551 343
340 68 63 1 166 -31
341 412 1087 1 515 983
342 377 69 1 475 -32
343 239 768 1 342 674
344 331 155 1 430 57
345 330 1165 1 432 1063
346 111 879 1 221 777
347 339 386 1 439 293
348 447 54 1 548 -50
349 144 858 1 252 761
350 86 713 1 196 617
351 435 1218 1 537 1100
352 438 1238 1 538 1119
353 365 382 1 466 289
354 393 823 1 494 725
355 531 801 1 630 702
356 380 828 1 482 729
357 244 697 1 346 604
358 198 756 1 302 662
359 433 672 1 534 579
360 42 1037 1 155 929
361 79 724 1 190 627
362 415 1025 1 516 923
363 234 689 1 335 597
364 76 761 1 187 664
365 184 710 1 288 616
366 462 441 1 563 347
367 114 531 1 217 441
368 275 897 1 380 796
369 53 861 1 167 758
370 140 1083 1 252 970
371 188 754 1 292 661
372 345 1005 1 448 907
373 447 271 1 548 174
374 375 144 1 474 45
375 468 841 1 567 742
376 336 471 1 436 378
377 196 768 1 299 675
378 93 595 1 197 506
379 244 1186 1 353 1066
380 100 201 1 199 109
381 374 184 1 474 86
382 289 53 1 387 -46
383 451 745 1 551 647
384 142 718 1 249 622
385 158 849 1 265 751
386 487 784 1 587 685
387 154 1048 1 262 943
388 356 1111 1 459 1007
389 100 497 1 202 407
390 196 247 1 296 153
391 116 120 1 217 28
392 347 889 1 449 788
393 59 118 1 156 25
394 390 807 1 491 710
395 42 369 1 143 281
396 133 354 1 235 264
397 349 973 1 450 870
398 217 813 1 322 715
399 444 488 1 545 395
400 434 1056 1 535 952
401 141 585 1 244 495
402 312 573 1 413 482
403 108 717 1 217 621
404 455 366 1 557 271
405 151 835 1 259 737
406 477 913 1 577 813
407 344 1017 1 447 919
408 559 792 1 658 693
409 452 989 1 553 888
410 434 918 1 535 817
411 421 1096 1 522 992
412 384 589 1 485 497
413 457 1112 1 557 1005
414 382 671 1 483 579
415 314 682 1 415 590
416 261 718 1 364 627
417 441 104 1 542 1
418 425 379 1 525 285
419 232 779 1 336 682
420 446 245 1 547 146
421 333 1214 1 438 1095
422 203 328 1 302 236
423 288 784 1 391 690
424 372 896 1 474 795
425 137 326 1 240 235
426 448 168 1 549 67
427 82 772 1 194 674
428 442 906 1 542 806
429 291 66 1 389 -33
430 111 226 1 211 135
431 482 933 1 583 832
432 216 488 1 317 397
433 189 80 1 286 -16
434 353 146 1 453 47
435 445 462 1 546 368
436 421 889 1 522 790
437 462 1098 1 562 991
438 133 535 1 236 445
439 412 560 1 512 467
440 204 200 1 302 106
441 307 59 1 405 -40
442 207 98 1 306 0
443 455 859 1 556 760
444 453 533 1 554 440
445 63 815 1 176 715
446 300 48 1 398 -52
447 282 978 1 386 877
448 228 769 1 330 676
449 216 280 1 315 187
450 183 907 1 289 808
451 37 704 1 151 609
452 455 554 1 556 461
453 155 619 1 258 528
454 131 982 1 240 878
455 53 76 1 150 -16
456 439 849 1 540 751
457 134 970 1 243 869
458 413 658 1 514 565
459 427 177 1 528 76
460 87 739 1 198 642
461 455 791 1 556 693
462 222 837 1 328 738
463 147 108 1 246 16
464 440 332 1 541 237
465 72 118 1 172 24
466 423 768 1 525 670
467 288 900 1 392 799
468 600 1029 1 695 919
469 44 802 1 158 702
470 192 199 1 292 105
471 151 765 1 258 670
472 66 773 1 179 674
473 396 737 1 498 640
474 226 677 1 328 585
475 132 942 1 241 841
476 209 837 1 315 739
477 111 774 1 221 677
478 446 179 1 547 79
479 649 726 1 743 623
480 416 977 1 518 874
481 100 657 1 204 566
482 98 923 1 208 821
483 398 467 1 499 374
484 630 328 1 728 232
485 100 874 1 212 772
486 397 418 1 497 324
487 445 234 1 546 136
488 222 630 1 324 538
489 191 1193 1 302 1071
490 327 317 1 426 223
491 392 916 1 493 815
492 505 353 1 606 257
493 175 571 1 277 480
494 437 884 1 538 784
495 129 705 1 238 607
496 335 494 1 437 402
497 275 686 1 377 594
498 404 905 1 505 805
499 305 231 1 403 136
500 274 485 1 375 393
501 292 313 1 392 219
502 59 101 1 158 7
503 396 427 1 497 334
504 458 1073 1 557 970
505 435 781 1 535 682
506 371 679 1 472 587
507 122 762 1 232 664
508 442 282 1 542 185
509 77 745 1 188 648
510 321 766 1 423 670
511 123 747 1 229 651
512 341 909 1 444 809
513 491 740 1 591 642
514 303 216 1 401 121
515 203 740 1 307 646
516 254 692 1 357 600
517 313 206 1 412 110
518 580 286 1 679 189
519 47 762 1 160 664
520 404 812 1 505 714
521 360 942 1 462 840
522 151 742 1 258 647
523 240 889 1 345 789
524 479 60 1 581 -43
525 79 327 1 179 236
526 216 293 1 315 200
527 171 584 1 273 494
528 198 834 1 304 736
529 273 912 1 378 811
530 432 240 1 533 142
531 254 895 1 359 794
532 471 939 1 572 838
533 185 775 1 290 679
534 107 510 1 209 420
535 480 872 1 580 773
536 322 1213 1 427 1093
537 172 895 1 278 796
538 191 886 1 296 789
539 324 499 1 424 406
540 373 1053 1 475 955
541 258 171 1 357 74
542 200 57 1 299 -40
543 209 1162 1 319 1045
544 436 269 1 537 172
545 473 437 1 575 343
546 455 320 1 556 224
547 442 67 1 543 -36
548 441 94 1 541 -8
549 114 134 1 214 43
550 28 930 1 143 825
551 211 566 1 312 474
552 386 184 1 485 85
553 353 931 1 455 830
554 671 363 1 766 267
555 466 899 1 566 800
556 437 298 1 538 201
557 335 1097 1 437 993
558 414 590 1 514 497
559 32 1057 1 149 945
560 325 981 1 427 882
