0 394 72 1 521 -17
1 292 447 1 423 366
2 394 51 1 521 -40
3 440 465 1 571 383
4 408 628 1 539 546
5 151 786 1 287 702
6 364 51 1 491 -38
7 443 436 1 574 353
8 365 73 1 493 -16
9 308 960 1 442 869
10 432 408 1 564 325
11 392 164 1 522 76
12 301 353 1 432 272
13 449 732 1 580 645
14 137 69 1 267 -10
15 390 298 1 521 214
16 296 424 1 427 343
17 369 1249 1 502 1153
18 108 988 1 248 896
19 373 1088 1 506 998
20 123 776 1 260 691
21 431 206 1 560 118
22 395 107 1 523 17
23 512 798 1 642 711
24 417 492 1 548 409
25 170 488 1 302 410
26 358 515 1 489 433
27 154 102 1 282 24
28 390 200 1 519 113
29 423 527 1 554 445
30 370 1098 1 502 1007
31 487 801 1 618 715
32 167 471 1 299 393
33 441 346 1 572 263
34 25 864 1 170 772
35 390 781 1 521 694
36 524 760 1 654 673
37 293 434 1 423 354
38 416 604 1 548 522
39 429 799 1 559 712
40 408 732 1 538 646
41 497 755 1 627 667
42 398 1018 1 531 928
43 436 514 1 567 431
44 41 901 1 184 809
45 134 91 1 262 14
46 41 159 1 171 82
47 428 440 1 560 357
48 108 970 1 247 878
49 79 479 1 212 402
50 339 1097 1 472 1006
51 176 587 1 308 508
52 396 83 1 525 -7
53 91 56 1 218 -23
54 413 1071 1 544 981
55 31 1010 1 177 911
56 468 469 1 599 386
57 150 30 1 278 -51
58 137 1014 1 275 922
59 151 51 1 278 -30
60 398 549 1 530 467
61 340 1086 1 473 995
62 383 444 1 514 361
63 493 790 1 623 702
64 399 996 1 531 906
65 51 986 1 193 892
66 415 363 1 545 280
67 75 225 1 204 146
68 183 47 1 310 -35
69 31 262 1 161 185
70 77 259 1 207 182
71 514 788 1 644 700
72 70 780 1 212 693
73 89 25 1 217 -53
74 123 964 1 262 873
75 168 257 1 297 177
76 44 975 1 189 881
77 364 296 1 494 213
78 283 502 1 413 421
79 346 296 1 475 213
80 159 842 1 295 756
81 367 86 1 494 -2
82 92 415 1 224 338
83 197 272 1 326 192
84 100 195 1 230 115
85 474 733 1 604 647
86 426 985 1 557 896
87 358 132 1 487 45
88 57 60 1 187 -18
89 145 87 1 274 9
90 414 796 1 545 709
91 56 1020 1 202 921
92 32 222 1 164 143
93 198 257 1 326 176
94 196 730 1 330 650
95 300 889 1 434 798
96 88 1237 1 233 1131
97 361 111 1 488 23
98 157 472 1 289 393
99 372 757 1 503 671
100 469 441 1 601 358
101 182 30 1 309 -51
102 125 414 1 256 337
103 366 1021 1 500 935
104 137 137 1 265 57
105 335 476 1 466 395
106 450 848 1 582 761
107 371 746 1 502 660
108 36 305 1 168 228
109 437 531 1 568 449
110 314 127 1 441 41
111 101 176 1 230 97
112 82 792 1 222 705
113 415 708 1 546 624
114 115 1117 1 256 1020
115 413 299 1 543 214
116 87 361 1 218 285
117 374 651 1 506 570
118 81 1072 1 225 973
119 408 108 1 536 18
120 271 448 1 402 369
121 119 329 1 251 253
122 416 506 1 547 423
123 76 822 1 216 733
124 438 163 1 567 74
125 459 975 1 590 886
126 405 51 1 534 -38
127 365 314 1 493 232
128 412 780 1 543 693
129 355 34 1 483 -55
130 406 617 1 537 535
131 114 810 1 253 723
132 41 145 1 171 67
133 464 1244 1 594 1142
134 81 282 1 212 204
135 111 111 1 240 34
136 122 989 1 262 895
137 391 1083 1 523 991
138 277 536 1 409 456
139 61 87 1 190 8
140 367 724 1 499 637
141 316 886 1 449 798
142 104 1035 1 246 937
143 109 996 1 249 905
144 76 952 1 218 862
145 34 819 1 179 730
146 298 1128 1 432 1038
147 449 762 1 579 674
148 120 383 1 251 305
149 51 383 1 183 306
150 128 458 1 260 380
151 87 750 1 228 663
152 411 433 1 542 350
153 103 958 1 242 867
154 63 875 1 207 783
155 61 983 1 203 889
156 379 1059 1 512 967
157 413 984 1 545 895
158 452 796 1 584 709
159 298 899 1 431 810
160 68 202 1 200 123
161 457 821 1 588 734
162 24 348 1 156 271
163 372 642 1 504 560
164 54 27 1 182 -50
165 99 817 1 239 728
166 79 77 1 209 1
167 91 948 1 230 858
168 106 542 1 241 464
169 373 103 1 501 14
170 429 597 1 561 515
171 398 1028 1 529 938
172 491 721 1 621 635
173 394 767 1 526 680
174 251 28 1 377 -57
175 302 492 1 433 411
176 413 994 1 544 903
177 301 410 1 432 329
178 338 409 1 468 328
179 220 512 1 351 433
180 26 416 1 161 339
181 153 941 1 291 852
182 348 421 1 479 339
183 309 515 1 440 434
184 46 735 1 188 650
185 351 81 1 478 -7
186 190 514 1 321 435
187 117 358 1 248 281
188 169 274 1 298 195
189 318 512 1 450 431
190 358 528 1 489 446
191 126 1017 1 265 922
192 436 817 1 568 730
193 452 911 1 583 823
194 366 358 1 496 275
195 36 1000 1 182 902
196 364 1033 1 498 947
197 40 1216 1 187 1106
198 42 722 1 184 636
199 428 740 1 557 654
200 89 383 1 221 305
201 97 969 1 238 877
202 126 834 1 263 748
203 134 515 1 267 437
204 401 1098 1 534 1006
205 405 93 1 534 3
206 281 445 1 412 365
207 58 756 1 200 669
208 395 578 1 527 497
209 279 513 1 411 433
210 288 210 1 416 126
211 513 1204 1 642 1101
212 407 61 1 535 -29
213 106 1075 1 249 973
214 81 304 1 212 226
215 275 568 1 406 487
216 393 901 1 526 813
217 360 198 1 489 112
218 382 96 1 511 7
219 112 959 1 253 865
220 419 131 1 547 41
221 405 42 1 533 -48
222 252 44 1 378 -41
223 259 211 1 387 128
224 97 458 1 230 381
225 70 924 1 210 832
226 234 664 1 366 583
227 307 144 1 435 58
228 42 362 1 175 286
229 87 590 1 222 512
230 338 1014 1 470 928
231 267 348 1 396 267
232 285 172 1 412 88
233 324 942 1 457 852
234 106 749 1 246 663
235 335 897 1 468 809
236 287 195 1 415 111
237 154 808 1 292 721
238 255 66 1 380 -18
239 31 1022 1 176 927
240 485 734 1 615 647
241 279 50 1 405 -35
242 163 197 1 291 117
243 161 788 1 298 703
244 418 1120 1 549 1025
245 660 326 1 782 240
246 412 481 1 543 398
247 112 71 1 240 -5
248 270 436 1 402 356
249 257 196 1 385 113
250 403 142 1 532 53
251 467 616 1 597 532
252 262 1209 1 399 1102
253 114 1012 1 253 920
254 267 371 1 397 291
255 273 25 1 398 -63
256 176 709 1 311 626
257 156 487 1 289 409
258 66 770 1 208 683
259 59 404 1 191 329
260 381 877 1 512 789
261 436 241 1 566 153
262 186 753 1 320 671
263 114 317 1 246 240
264 139 826 1 275 742
265 277 67 1 403 -18
266 512 744 1 641 657
267 259 859 1 394 771
268 430 900 1 562 812
269 384 1073 1 516 981
270 385 661 1 517 579
271 426 760 1 557 674
272 339 690 1 471 609
273 174 200 1 302 120
274 409 861 1 541 773
275 120 1048 1 260 956
276 419 114 1 548 23
277 385 1045 1 517 955
278 100 773 1 240 685
279 310 501 1 441 420
280 86 730 1 227 644
281 338 426 1 470 344
282 437 713 1 568 627
283 185 874 1 320 789
284 112 898 1 250 813
285 458 1235 1 586 1133
286 163 944 1 301 856
287 229 745 1 362 663
288 182 573 1 315 494
289 408 547 1 539 465
290 187 710 1 321 628
291 394 730 1 525 643
292 282 894 1 416 805
293 304 435 1 434 355
294 129 976 1 268 884
295 383 1219 1 514 1113
296 59 1095 1 203 997
297 384 110 1 512 20
298 437 939 1 568 850
299 423 429 1 554 345
300 513 760 1 643 672
301 412 742 1 543 656
302 482 320 1 612 235
303 71 1068 1 215 970
304 432 608 1 564 526
305 265 1255 1 401 1158
306 28 163 1 158 86
307 223 730 1 355 648
308 181 57 1 307 -24
309 636 722 1 760 630
310 27 711 1 171 625
311 111 800 1 249 714
312 446 958 1 580 870
313 192 680 1 326 599
314 396 1008 1 528 918
315 334 1120 1 467 1030
316 192 598 1 325 518
317 391 314 1 521 230
318 49 860 1 191 771
319 258 1018 1 392 929
320 148 829 1 286 742
321 212 697 1 344 616
322 207 778 1 341 695
323 376 935 1 508 845
324 289 413 1 420 332
325 424 974 1 554 886
326 353 358 1 483 275
327 332 293 1 461 210
328 32 1069 1 177 969
329 132 157 1 260 78
330 88 740 1 228 654
331 154 1197 1 295 1090
332 421 419 1 552 336
333 70 940 1 212 851
334 35 35 1 164 -41
335 251 1135 1 386 1044
336 350 46 1 476 -43
337 208 752 1 342 669
338 303 133 1 430 47
339 300 1148 1 433 1058
340 99 276 1 229 199
341 105 1115 1 246 1020
342 36 849 1 182 758
343 111 1105 1 254 1003
344 421 31 1 549 -61
345 35 798 1 178 710
346 50 699 1 192 614
347 406 1211 1 538 1105
348 408 1230 1 540 1124
349 79 760 1 221 673
350 86 1082 1 229 980
351 129 696 1 265 614
352 137 761 1 274 675
353 337 363 1 466 282
354 363 809 1 494 722
355 503 788 1 633 700
356 350 814 1 482 727
357 213 680 1 346 599
358 504 955 1 632 865
359 403 655 1 535 573
360 47 758 1 189 672
361 303 1163 1 435 1072
362 523 1248 1 651 1145
363 42 711 1 185 625
364 385 1011 1 517 921
365 203 671 1 336 591
366 41 748 1 183 662
367 151 694 1 287 612
368 180 855 1 316 767
369 46 786 1 190 698
370 434 423 1 565 340
371 243 884 1 379 795
372 113 948 1 252 858
373 155 818 1 293 731
374 157 739 1 292 657
375 315 989 1 449 902
376 419 252 1 549 165
377 348 122 1 474 35
378 33 774 1 176 688
379 439 827 1 568 740
380 306 453 1 437 371
381 342 1177 1 473 1085
382 60 577 1 196 500
383 212 1180 1 351 1071
384 174 191 1 302 110
385 68 178 1 198 100
386 490 744 1 619 657
387 346 163 1 474 76
388 261 28 1 387 -57
389 422 731 1 553 645
390 107 704 1 246 619
391 406 1040 1 537 951
392 167 699 1 301 617
393 458 770 1 589 683
394 326 1097 1 460 1005
395 68 478 1 201 401
396 166 225 1 295 144
397 389 807 1 521 720
398 83 92 1 213 16
399 316 876 1 449 787
400 26 92 1 154 15
401 360 794 1 492 707
402 99 332 1 232 256
403 318 960 1 450 869
404 184 799 1 320 713
405 73 713 1 213 629
406 415 471 1 546 388
407 68 1047 1 213 948
408 110 567 1 244 489
409 282 556 1 414 475
410 73 702 1 213 618
411 428 347 1 558 263
412 272 907 1 406 819
413 118 821 1 256 735
414 448 900 1 579 811
415 314 1001 1 448 915
416 532 779 1 661 691
417 196 772 1 330 690
418 405 904 1 537 816
419 354 572 1 486 490
420 428 1100 1 559 1005
421 352 654 1 484 573
422 372 1234 1 505 1127
423 137 902 1 274 814
424 414 82 1 543 -8
425 396 360 1 527 277
426 200 763 1 335 679
427 419 224 1 548 137
428 303 1208 1 437 1100
429 89 579 1 223 501
430 172 307 1 302 227
431 284 907 1 419 818
432 342 883 1 474 794
433 421 147 1 550 57
434 413 893 1 544 805
435 442 1169 1 573 1075
436 70 63 1 197 -16
437 291 1215 1 426 1107
438 262 41 1 389 -44
439 78 203 1 209 126
440 453 919 1 585 830
441 185 469 1 317 391
442 326 124 1 453 38
443 28 734 1 171 648
444 417 444 1 548 361
445 85 703 1 224 618
446 391 876 1 523 788
447 433 1086 1 564 992
448 102 516 1 235 439
449 382 542 1 514 461
450 174 177 1 302 97
451 279 35 1 405 -51
452 177 73 1 305 -9
453 426 845 1 558 758
454 424 515 1 555 433
455 402 298 1 533 212
456 28 763 1 174 673
457 251 964 1 386 875
458 196 753 1 330 671
459 185 259 1 315 179
460 150 893 1 288 806
461 134 537 1 267 459
462 123 601 1 257 522
463 400 1055 1 532 964
464 409 834 1 541 749
465 384 640 1 515 559
466 334 1222 1 468 1112
467 400 155 1 529 67
468 52 725 1 194 640
469 427 778 1 557 691
470 190 823 1 327 736
471 115 81 1 244 4
472 412 311 1 542 228
473 41 92 1 170 14
474 394 754 1 526 667
475 257 888 1 392 798
476 573 1021 1 700 924
477 187 720 1 320 637
478 162 176 1 291 96
479 118 752 1 256 667
480 122 1240 1 264 1140
481 189 690 1 323 608
482 48 680 1 190 596
483 28 1044 1 174 945
484 178 823 1 314 737
485 419 158 1 549 69
486 625 714 1 750 623
487 387 964 1 519 873
488 90 872 1 230 784
489 67 639 1 204 561
490 429 227 1 558 140
491 63 913 1 205 821
492 369 449 1 500 367
493 608 306 1 734 221
494 65 863 1 208 772
495 368 399 1 499 316
496 418 214 1 548 127
497 191 612 1 324 533
498 158 1188 1 300 1077
499 298 297 1 426 215
500 149 1245 1 289 1145
501 363 903 1 494 814
502 478 333 1 608 249
503 143 552 1 276 474
504 408 870 1 539 783
505 94 690 1 234 605
506 306 475 1 438 395
507 245 668 1 378 588
508 374 892 1 506 803
509 276 210 1 403 127
510 244 467 1 375 387
511 263 292 1 392 211
512 268 172 1 396 89
513 158 869 1 295 783
514 26 75 1 156 -2
515 192 699 1 326 617
516 367 409 1 498 327
517 429 1060 1 558 969
518 406 767 1 537 680
519 342 662 1 474 581
520 414 262 1 544 176
521 68 426 1 201 350
522 290 751 1 423 666
523 217 745 1 351 663
524 310 896 1 444 808
525 462 726 1 593 640
526 275 195 1 401 112
527 171 725 1 306 642
528 125 611 1 260 532
529 285 185 1 413 101
530 555 265 1 683 178
531 111 712 1 249 629
532 375 799 1 506 712
533 330 929 1 463 838
534 34 285 1 167 210
535 117 729 1 255 644
536 208 877 1 344 788
537 453 38 1 582 -55
538 47 305 1 178 228
539 225 684 1 359 603
540 185 272 1 314 192
541 140 566 1 273 487
542 166 821 1 303 734
543 242 899 1 377 809
544 404 219 1 534 133
545 80 505 1 214 428
546 223 883 1 358 793
547 510 1153 1 639 1051
548 83 537 1 217 460
549 75 491 1 208 414
550 451 858 1 582 771
551 292 1206 1 426 1098
552 140 879 1 277 793
553 142 742 1 276 660
554 124 918 1 263 828
555 294 481 1 425 399
556 343 1036 1 476 950
557 229 148 1 357 65
558 426 536 1 558 454
559 170 31 1 298 -51
560 177 1156 1 317 1049
561 408 249 1 538 163
562 445 419 1 576 335
563 427 301 1 557 216
564 416 44 1 544 -47
565 414 72 1 543 -18
566 81 108 1 211 32
567 399 972 1 531 883
568 180 548 1 312 468
569 358 163 1 486 76
570 323 918 1 456 829
571 651 343 1 774 256
572 437 886 1 568 798
573 409 278 1 539 192
574 304 1082 1 438 991
575 384 572 1 516 491
576 177 742 1 313 659
577 295 967 1 428 879
