0 395 68 1 521 -19
1 292 443 1 423 365
2 395 46 1 521 -42
3 441 461 1 571 381
4 408 624 1 540 545
5 150 782 1 287 701
6 365 46 1 491 -40
7 444 432 1 574 351
8 366 68 1 493 -18
9 433 404 1 564 323
10 394 159 1 522 74
11 301 349 1 432 270
12 449 729 1 581 645
13 137 63 1 267 -12
14 390 294 1 522 213
15 296 420 1 427 342
16 367 1246 1 503 1152
17 449 758 1 580 673
18 442 342 1 573 261
19 307 956 1 442 869
20 432 202 1 561 116
21 124 771 1 260 690
22 396 102 1 524 15
23 512 795 1 643 710
24 418 488 1 549 408
25 170 484 1 302 408
26 358 511 1 489 432
27 154 97 1 282 22
28 392 196 1 519 111
29 423 523 1 555 443
30 487 798 1 618 715
31 374 1088 1 507 998
32 167 467 1 300 392
33 389 778 1 522 694
34 524 757 1 655 672
35 293 430 1 423 352
36 417 601 1 549 521
37 428 796 1 560 712
38 408 729 1 539 645
39 497 752 1 628 666
40 398 1015 1 532 928
41 436 510 1 567 430
42 39 897 1 183 809
43 134 86 1 262 12
44 42 154 1 171 80
45 429 436 1 560 355
46 107 966 1 247 878
47 79 475 1 212 401
48 338 1094 1 473 1005
49 176 583 1 308 507
50 397 78 1 525 -9
51 91 51 1 218 -25
52 412 1068 1 545 980
53 29 1007 1 177 911
54 469 465 1 600 385
55 151 24 1 278 -53
56 136 1010 1 275 921
57 108 983 1 248 896
58 152 46 1 278 -32
59 399 546 1 530 466
60 339 1083 1 473 995
61 383 440 1 514 360
62 493 787 1 624 701
63 399 993 1 532 906
64 49 982 1 193 892
65 415 359 1 545 278
66 75 220 1 204 145
67 184 42 1 310 -37
68 31 257 1 161 183
69 78 1031 1 223 934
70 77 254 1 207 180
71 514 785 1 645 700
72 69 777 1 211 693
73 87 24 1 217 -55
74 122 960 1 262 872
75 169 253 1 297 176
76 365 292 1 494 211
77 283 498 1 413 420
78 347 291 1 476 211
79 158 839 1 296 756
80 368 82 1 495 -4
81 92 410 1 224 337
82 198 268 1 326 190
83 100 190 1 230 114
84 474 730 1 605 646
85 425 982 1 557 896
86 359 128 1 487 43
87 58 54 1 187 -20
88 145 82 1 274 7
89 413 793 1 546 708
90 55 1018 1 201 922
91 29 1066 1 177 969
92 33 217 1 164 142
93 198 252 1 326 175
94 196 726 1 330 649
95 299 886 1 434 798
96 362 106 1 489 21
97 157 468 1 289 392
98 371 754 1 504 670
99 470 438 1 602 357
100 183 24 1 309 -53
101 125 410 1 256 335
102 365 1017 1 500 934
103 138 132 1 265 55
104 170 771 1 305 690
105 336 472 1 467 393
106 161 785 1 298 702
107 450 845 1 583 761
108 370 743 1 503 659
109 36 300 1 167 226
110 437 527 1 569 447
111 315 122 1 441 39
112 102 171 1 230 95
113 80 789 1 222 705
114 415 705 1 547 623
115 113 1114 1 256 1020
116 414 295 1 544 212
117 87 357 1 218 283
118 374 647 1 506 569
119 409 104 1 537 16
120 271 444 1 402 367
121 119 325 1 251 252
122 416 502 1 548 422
123 74 819 1 216 733
124 439 159 1 567 72
125 459 972 1 591 886
126 407 47 1 535 -40
127 366 310 1 494 230
128 412 778 1 544 693
129 357 29 1 483 -57
130 406 613 1 538 534
131 113 806 1 253 723
132 42 140 1 171 65
133 463 1242 1 595 1143
134 81 277 1 212 203
135 111 105 1 240 32
136 120 985 1 262 895
137 278 532 1 409 455
138 61 82 1 190 6
139 367 721 1 499 637
140 316 884 1 450 798
141 108 993 1 249 905
142 74 948 1 217 861
143 297 1125 1 432 1037
144 121 378 1 251 304
145 51 378 1 183 305
146 128 454 1 260 378
147 86 746 1 228 663
148 411 429 1 542 349
149 102 954 1 242 867
150 62 872 1 206 784
151 59 979 1 203 889
152 378 1056 1 513 967
153 412 981 1 545 895
154 452 793 1 584 708
155 297 896 1 432 810
156 68 196 1 200 122
157 457 818 1 589 733
158 24 343 1 156 269
159 372 638 1 504 559
160 97 813 1 239 728
161 79 71 1 209 -1
162 90 944 1 230 858
163 106 538 1 241 463
164 374 98 1 501 12
165 88 642 1 226 562
166 430 594 1 561 514
167 397 1025 1 530 938
168 491 719 1 622 635
169 394 764 1 526 680
170 302 488 1 433 410
171 412 991 1 544 903
172 302 406 1 432 328
173 338 405 1 469 326
174 220 509 1 352 432
175 26 411 1 161 338
176 152 937 1 291 851
177 348 418 1 479 338
178 309 512 1 441 433
179 390 1083 1 524 991
180 45 731 1 187 649
181 352 76 1 478 -9
182 190 510 1 321 434
183 118 353 1 248 279
184 169 269 1 298 193
185 318 508 1 450 429
186 358 524 1 490 445
187 124 1013 1 265 922
188 436 814 1 569 729
189 452 908 1 584 823
190 367 354 1 497 273
191 35 997 1 182 903
192 364 1029 1 498 946
193 38 1212 1 187 1107
194 40 718 1 183 636
195 427 737 1 558 654
196 89 378 1 221 304
197 96 965 1 238 877
198 124 830 1 263 748
199 134 511 1 267 436
200 110 1254 1 252 1157
201 400 1095 1 534 1006
202 407 89 1 535 1
203 282 441 1 412 364
204 56 752 1 200 669
205 395 575 1 527 495
206 279 509 1 411 432
207 289 205 1 416 125
208 511 1203 1 643 1103
209 408 56 1 535 -31
210 34 817 1 178 730
211 104 1072 1 249 974
212 81 299 1 212 225
213 275 564 1 406 486
214 393 899 1 527 812
215 361 193 1 489 110
216 383 91 1 511 5
217 111 955 1 253 865
218 420 126 1 548 39
219 407 37 1 534 -51
220 253 39 1 378 -43
221 260 206 1 388 126
222 97 454 1 230 380
223 68 920 1 210 832
224 234 660 1 366 582
225 123 915 1 263 827
226 309 139 1 435 56
227 42 358 1 175 284
228 87 586 1 223 511
229 337 1010 1 471 927
230 267 344 1 397 266
231 286 167 1 412 86
232 323 939 1 457 852
233 56 24 1 182 -52
234 335 894 1 469 809
235 288 190 1 415 109
236 153 804 1 292 721
237 255 61 1 380 -20
238 105 1032 1 246 937
239 29 1019 1 176 927
240 485 731 1 616 646
241 281 45 1 405 -37
242 163 192 1 291 115
243 417 1118 1 550 1025
244 71 936 1 212 850
245 662 322 1 785 238
246 412 477 1 544 397
247 112 65 1 240 -7
248 271 432 1 402 355
249 258 191 1 385 111
250 405 137 1 532 51
251 467 612 1 598 532
252 261 1207 1 399 1103
253 105 747 1 245 662
254 112 1008 1 253 920
255 268 367 1 398 289
256 81 1069 1 225 973
257 176 705 1 311 625
258 157 483 1 289 408
259 64 767 1 208 682
260 59 400 1 191 327
261 381 874 1 513 789
262 437 237 1 567 151
263 185 749 1 320 670
264 114 312 1 246 239
265 138 822 1 276 741
266 278 62 1 404 -20
267 512 741 1 642 657
268 258 856 1 394 770
269 430 898 1 563 812
270 383 1070 1 517 981
271 27 1097 1 175 997
272 386 657 1 517 578
273 426 758 1 558 674
274 339 687 1 472 608
275 174 196 1 302 118
276 409 858 1 541 773
277 388 1111 1 521 1021
278 117 725 1 255 644
279 119 1045 1 260 955
280 421 109 1 549 21
281 384 1042 1 518 954
282 98 769 1 239 685
283 310 497 1 441 419
284 84 726 1 226 644
285 339 422 1 470 343
286 437 710 1 568 627
287 185 871 1 321 788
288 111 895 1 250 812
289 103 1115 1 246 1020
290 456 1233 1 587 1134
291 163 940 1 301 855
292 229 742 1 362 662
293 182 569 1 315 492
294 407 543 1 539 463
295 27 1041 1 174 945
296 186 706 1 321 627
297 394 726 1 526 643
298 281 891 1 416 805
299 305 431 1 434 353
300 128 972 1 268 884
301 381 1218 1 514 1114
302 57 1092 1 203 997
303 385 105 1 512 18
304 437 936 1 569 850
305 423 425 1 555 344
306 513 757 1 644 672
307 412 739 1 544 655
308 483 316 1 612 233
309 69 1064 1 215 970
310 432 605 1 565 525
311 264 1251 1 401 1158
312 28 158 1 158 84
313 222 726 1 356 647
314 182 52 1 307 -26
315 636 720 1 762 630
316 253 1148 1 388 1059
317 25 707 1 170 625
318 110 796 1 249 714
319 446 956 1 580 870
320 192 676 1 326 598
321 395 1005 1 529 918
322 333 1116 1 468 1030
323 192 594 1 325 517
324 392 309 1 522 229
325 48 856 1 191 771
326 257 1014 1 393 928
327 147 826 1 286 742
328 212 693 1 345 615
329 207 775 1 342 694
330 376 932 1 508 845
331 290 409 1 420 330
332 423 971 1 555 886
333 354 354 1 483 273
334 333 288 1 462 208
335 132 152 1 260 76
336 86 736 1 227 653
337 152 1195 1 295 1091
338 422 415 1 553 335
339 35 29 1 164 -43
340 250 1131 1 386 1043
341 351 41 1 476 -45
342 208 748 1 342 669
343 304 128 1 431 45
344 299 1144 1 433 1057
345 99 272 1 229 197
346 48 793 1 191 708
347 35 845 1 181 758
348 109 1103 1 254 1004
349 423 26 1 550 -63
350 33 794 1 178 710
351 48 695 1 191 614
352 405 1210 1 539 1107
353 407 1229 1 541 1125
354 77 757 1 221 673
355 84 1079 1 229 980
356 128 692 1 265 614
357 136 757 1 274 675
358 337 359 1 467 280
359 362 806 1 495 722
360 503 785 1 634 700
361 349 811 1 483 727
362 213 676 1 347 598
363 503 952 1 632 865
364 403 651 1 535 572
365 45 755 1 189 672
366 302 1159 1 436 1071
367 522 1247 1 652 1146
368 40 707 1 184 625
369 385 1008 1 518 921
370 202 667 1 336 590
371 39 744 1 182 662
372 151 690 1 287 611
373 179 851 1 316 767
374 45 782 1 189 698
375 434 419 1 565 338
376 242 881 1 379 794
377 112 945 1 252 857
378 154 814 1 293 730
379 156 735 1 292 656
380 420 247 1 549 163
381 349 118 1 475 33
382 32 771 1 175 687
383 439 825 1 569 740
384 306 449 1 437 370
385 340 1172 1 474 1084
386 60 573 1 196 499
387 210 1179 1 351 1073
388 174 186 1 302 108
389 68 173 1 197 98
390 490 741 1 620 657
391 347 158 1 475 74
392 94 725 1 234 643
393 422 728 1 554 644
394 106 701 1 246 619
395 405 1037 1 537 950
396 167 695 1 301 616
397 458 768 1 589 683
398 326 1093 1 460 1005
399 68 473 1 201 400
400 166 220 1 295 142
401 389 804 1 521 720
402 83 87 1 213 14
403 89 1233 1 233 1131
404 316 873 1 449 787
405 26 86 1 154 13
406 360 790 1 493 707
407 99 328 1 232 255
408 317 957 1 451 869
409 184 796 1 321 712
410 72 709 1 212 628
411 416 467 1 547 387
412 66 1044 1 213 949
413 109 563 1 244 488
414 396 1255 1 530 1160
415 282 552 1 414 474
416 71 698 1 212 618
417 429 344 1 558 262
418 271 903 1 406 818
419 116 818 1 256 734
420 447 897 1 579 811
421 314 997 1 449 914
422 532 777 1 662 691
423 196 769 1 331 689
424 404 902 1 537 816
425 354 568 1 487 489
426 427 1098 1 559 1006
427 353 651 1 485 572
428 371 1232 1 506 1128
429 136 898 1 274 814
430 416 77 1 543 -10
431 397 356 1 527 276
432 199 760 1 335 678
433 420 220 1 549 136
434 301 1206 1 438 1101
435 89 575 1 223 500
436 173 302 1 302 226
437 284 904 1 420 818
438 341 880 1 475 794
439 422 142 1 550 55
440 412 890 1 544 804
441 441 1167 1 573 1075
442 70 57 1 197 -18
443 289 1214 1 427 1108
444 263 36 1 389 -46
445 78 198 1 209 124
446 453 916 1 585 830
447 185 465 1 317 389
448 62 910 1 205 821
449 327 120 1 453 36
450 26 730 1 171 648
451 417 439 1 548 359
452 83 699 1 224 618
453 391 873 1 524 788
454 432 1084 1 565 992
455 102 512 1 235 438
456 383 539 1 514 459
457 174 172 1 302 95
458 280 30 1 405 -53
459 178 68 1 305 -11
460 426 842 1 558 758
461 424 512 1 556 432
462 403 293 1 533 211
463 26 759 1 173 673
464 251 961 1 387 874
465 196 749 1 330 670
466 186 254 1 315 177
467 150 889 1 288 805
468 134 533 1 267 458
469 123 597 1 257 521
470 399 1052 1 532 964
471 409 832 1 542 748
472 384 637 1 516 558
473 333 1220 1 469 1113
474 401 151 1 530 65
475 50 721 1 193 639
476 427 775 1 558 691
477 189 820 1 327 736
478 115 75 1 243 1
479 413 307 1 542 226
480 41 87 1 170 12
481 393 751 1 526 667
482 256 885 1 392 798
483 573 1019 1 701 925
484 186 715 1 320 636
485 162 171 1 291 94
486 416 533 1 547 452
487 121 1236 1 264 1139
488 188 686 1 323 607
489 46 677 1 189 596
490 118 748 1 256 666
491 177 820 1 314 736
492 420 153 1 549 67
493 247 1254 1 385 1160
494 626 711 1 752 623
495 386 961 1 519 873
496 89 869 1 230 784
497 66 634 1 204 560
498 429 222 1 559 138
499 437 1132 1 568 1040
500 370 445 1 501 365
501 610 301 1 736 218
502 64 859 1 208 772
503 369 396 1 499 315
504 419 210 1 548 125
505 191 608 1 324 531
506 156 1186 1 299 1079
507 298 293 1 427 213
508 148 1241 1 289 1144
509 362 900 1 495 814
510 479 329 1 609 247
511 143 549 1 277 473
512 408 868 1 540 782
513 93 687 1 233 605
514 307 471 1 438 394
515 245 665 1 378 587
516 374 889 1 507 803
517 276 205 1 403 125
518 244 463 1 375 385
519 263 288 1 392 209
520 269 168 1 396 87
521 157 865 1 295 783
522 26 69 1 156 -4
523 192 695 1 326 616
524 368 405 1 499 325
525 428 1057 1 559 969
526 405 764 1 537 680
527 341 659 1 474 579
528 415 258 1 544 174
529 68 422 1 201 349
530 290 748 1 424 666
531 217 741 1 351 662
532 310 893 1 444 807
533 462 724 1 594 640
534 275 190 1 402 110
535 171 721 1 306 641
536 125 607 1 260 531
537 286 180 1 413 99
538 557 261 1 684 176
539 109 709 1 248 628
540 375 796 1 507 712
541 329 926 1 463 838
542 328 462 1 459 382
543 34 280 1 166 208
544 207 874 1 344 788
545 455 33 1 583 -57
546 47 300 1 178 227
547 225 680 1 359 602
548 186 267 1 314 190
549 140 562 1 273 486
550 165 817 1 303 733
551 241 896 1 378 809
552 406 215 1 534 131
553 80 501 1 214 426
554 222 880 1 358 793
555 509 1151 1 640 1052
556 83 533 1 217 459
557 75 487 1 208 413
558 451 855 1 583 771
559 290 1205 1 427 1100
560 139 875 1 277 792
561 141 738 1 277 659
562 294 477 1 425 398
563 342 1033 1 477 950
564 229 143 1 357 63
565 426 533 1 558 452
566 171 26 1 298 -53
567 176 1154 1 317 1051
568 409 245 1 539 161
569 445 415 1 577 334
570 428 297 1 558 214
571 417 39 1 544 -49
572 416 68 1 543 -20
573 81 102 1 211 29
574 399 970 1 531 883
575 180 544 1 312 467
576 359 158 1 486 74
577 322 915 1 456 828
578 653 339 1 777 254
579 436 883 1 568 798
580 410 274 1 539 191
581 303 1079 1 439 990
582 384 569 1 516 490
583 177 739 1 313 659
584 294 964 1 428 879
