0 416 42 1 524 -41
1 321 427 1 425 350
2 471 442 1 575 367
3 442 608 1 543 533
4 84 952 1 192 858
5 473 412 1 578 336
6 386 44 1 495 -40
7 417 136 1 524 54
8 462 384 1 567 307
9 410 1086 1 504 1000
10 120 921 1 224 836
11 325 330 1 432 252
12 170 1039 1 272 949
13 486 718 1 586 639
14 153 41 1 262 -37
15 416 273 1 524 195
16 394 57 1 503 -25
17 324 404 1 428 327
18 485 749 1 584 669
19 344 950 1 443 867
20 456 178 1 564 96
21 93 717 1 202 634
22 417 78 1 526 -5
23 552 786 1 650 707
24 449 470 1 552 394
25 198 471 1 302 395
26 388 495 1 492 418
27 169 76 1 278 -1
28 415 173 1 522 92
29 130 1017 1 235 923
30 455 506 1 558 430
31 119 1027 1 225 932
32 526 789 1 624 711
33 470 319 1 576 244
34 28 945 1 138 851
35 195 454 1 299 378
36 97 795 1 204 709
37 564 746 1 662 668
38 321 414 1 425 338
39 450 584 1 552 509
40 466 788 1 564 707
41 443 719 1 542 640
42 535 742 1 634 662
43 439 1008 1 535 924
44 427 113 1 535 31
45 468 492 1 571 416
46 58 859 1 170 769
47 147 64 1 257 -12
48 60 141 1 168 61
49 459 417 1 563 340
50 82 969 1 190 875
51 106 465 1 211 387
52 380 1086 1 475 1000
53 34 993 1 146 897
54 140 989 1 243 900
55 165 1029 1 268 936
56 206 571 1 309 494
57 418 53 1 527 -31
58 107 35 1 215 -46
59 31 889 1 148 791
60 453 1061 1 548 978
61 500 445 1 604 370
62 168 28 1 276 -54
63 430 529 1 533 453
64 98 785 1 206 699
65 380 1075 1 476 990
66 412 422 1 517 345
67 53 401 1 158 323
68 33 983 1 146 886
69 438 986 1 535 902
70 443 339 1 548 262
71 95 207 1 201 127
72 113 1079 1 219 980
73 53 873 1 164 782
74 52 246 1 158 166
75 99 242 1 204 163
76 554 776 1 651 696
77 316 1153 1 410 1067
78 264 636 1 364 559
79 190 237 1 296 158
80 390 272 1 496 193
81 312 483 1 415 406
82 103 756 1 211 671
83 372 272 1 477 193
84 529 773 1 627 694
85 92 184 1 198 103
86 117 399 1 222 322
87 220 252 1 326 173
88 180 994 1 281 907
89 450 691 1 550 614
90 512 720 1 610 641
91 201 24 1 309 -59
92 191 874 1 293 791
93 39 918 1 146 831
94 380 105 1 489 22
95 74 39 1 183 -41
96 158 60 1 269 -18
97 90 1060 1 196 963
98 450 785 1 549 704
99 118 973 1 225 882
100 142 802 1 248 718
101 52 206 1 161 124
102 221 236 1 326 157
103 334 881 1 435 795
104 431 769 1 531 688
105 383 83 1 490 0
106 184 455 1 288 378
107 406 745 1 506 665
108 183 849 1 286 766
109 501 417 1 606 342
110 151 398 1 255 321
111 160 986 1 264 898
112 406 1004 1 503 924
113 156 116 1 263 35
114 202 762 1 304 681
115 365 456 1 468 379
116 489 836 1 587 756
117 404 734 1 505 654
118 58 289 1 165 210
119 469 509 1 572 434
120 335 101 1 442 19
121 100 919 1 206 829
122 26 758 1 140 671
123 37 865 1 149 775
124 74 933 1 185 835
125 440 274 1 547 195
126 33 932 1 143 839
127 111 345 1 216 268
128 408 632 1 509 556
129 208 856 1 311 774
130 430 79 1 539 -4
131 299 429 1 403 353
132 138 310 1 246 234
133 447 484 1 551 408
134 463 134 1 571 51
135 240 744 1 341 665
136 500 963 1 595 882
137 108 787 1 216 701
138 26 916 1 138 825
139 391 288 1 495 211
140 448 769 1 547 689
141 29 705 1 142 621
142 439 597 1 541 522
143 465 973 1 561 891
144 60 127 1 168 46
145 40 315 1 146 238
146 508 1245 1 600 1150
147 492 783 1 589 704
148 104 265 1 210 186
149 125 85 1 234 8
150 462 963 1 558 882
151 307 518 1 411 442
152 78 68 1 187 -13
153 401 712 1 501 631
154 351 878 1 450 795
155 142 895 1 246 807
156 142 961 1 245 874
157 339 1113 1 435 1028
158 219 739 1 320 660
159 145 366 1 250 288
160 154 1045 1 256 954
161 75 368 1 181 289
162 155 442 1 259 364
163 440 411 1 545 334
164 191 832 1 294 750
165 82 711 1 192 628
166 28 797 1 140 709
167 132 802 1 238 718
168 256 716 1 356 637
169 333 892 1 432 808
170 98 1129 1 206 1026
171 494 809 1 593 729
172 47 331 1 153 254
173 406 623 1 507 547
174 91 51 1 202 -26
175 46 957 1 158 864
176 135 527 1 240 450
177 395 74 1 503 -9
178 96 903 1 202 814
179 462 577 1 564 502
180 438 1018 1 533 934
181 529 708 1 628 629
182 429 756 1 529 675
183 331 472 1 435 396
184 452 983 1 548 900
185 329 390 1 433 312
186 366 387 1 470 311
187 249 496 1 352 418
188 48 858 1 158 769
189 376 400 1 481 323
190 339 496 1 442 420
191 153 1035 1 255 944
192 71 753 1 180 668
193 372 52 1 479 -30
194 218 497 1 321 420
195 96 775 1 204 689
196 443 1054 1 537 970
197 142 341 1 247 264
198 192 254 1 297 176
199 348 493 1 452 416
200 389 508 1 492 431
201 474 804 1 573 725
202 492 901 1 588 820
203 393 335 1 499 257
204 170 1015 1 271 927
205 63 717 1 173 631
206 464 726 1 562 648
207 84 779 1 194 693
208 114 367 1 219 289
209 266 648 1 367 570
210 27 1064 1 138 965
211 112 833 1 217 749
212 163 500 1 266 423
213 445 995 1 540 912
214 186 722 1 289 642
215 66 1159 1 174 1060
216 428 64 1 537 -20
217 31 786 1 144 698
218 128 971 1 232 882
219 485 943 1 580 862
220 427 558 1 530 483
221 309 494 1 412 418
222 311 186 1 417 106
223 559 1211 1 650 1115
224 428 30 1 537 -54
225 114 864 1 223 774
226 430 1073 1 525 987
227 384 57 1 493 -25
228 104 287 1 210 208
229 305 550 1 408 473
230 431 892 1 530 809
231 384 172 1 491 91
232 404 67 1 513 -16
233 123 177 1 228 95
234 442 102 1 550 18
235 28 689 1 142 605
236 282 188 1 388 107
237 124 444 1 228 366
238 329 119 1 436 36
239 66 347 1 172 269
240 117 576 1 222 499
241 377 998 1 473 917
242 292 327 1 397 250
243 307 147 1 413 67
244 360 934 1 459 850
245 155 1022 1 256 934
246 433 130 1 542 48
247 371 888 1 470 806
248 34 30 1 141 -51
249 467 329 1 573 251
250 310 171 1 415 90
251 183 800 1 289 716
252 383 1160 1 477 1076
253 273 40 1 380 -42
254 26 214 1 133 135
255 523 720 1 622 641
256 183 176 1 290 97
257 434 1166 1 527 1078
258 459 1115 1 554 1026
259 159 1008 1 263 919
260 443 459 1 547 383
261 124 44 1 234 -33
262 99 986 1 206 892
263 298 417 1 403 340
264 279 172 1 386 92
265 501 597 1 602 521
266 299 1216 1 398 1114
267 147 1094 1 251 996
268 84 701 1 194 617
269 294 351 1 398 274
270 25 807 1 138 717
271 184 471 1 289 394
272 84 389 1 189 313
273 418 867 1 515 785
274 93 689 1 202 607
275 462 214 1 570 133
276 133 297 1 241 221
277 207 696 1 310 616
278 296 40 1 404 -42
279 551 730 1 649 652
280 292 851 1 393 767
281 206 818 1 311 732
282 190 930 1 291 845
283 420 642 1 520 566
284 462 748 1 562 669
285 77 1097 1 183 1000
286 195 179 1 301 100
287 447 850 1 544 769
288 429 1103 1 524 1018
289 134 730 1 242 646
290 442 84 1 551 0
291 340 481 1 443 405
292 367 404 1 472 328
293 474 699 1 572 621
294 254 638 1 355 561
295 501 1235 1 592 1141
296 262 731 1 363 652
297 59 776 1 169 690
298 310 427 1 414 349
299 212 557 1 315 480
300 439 526 1 542 450
301 153 923 1 257 835
302 428 717 1 528 638
303 316 887 1 416 802
304 332 415 1 436 338
305 194 842 1 297 758
306 423 1227 1 517 1127
307 407 81 1 514 -2
308 476 930 1 573 847
309 453 405 1 558 329
310 553 747 1 651 668
311 447 729 1 547 650
312 512 290 1 617 214
313 199 746 1 301 667
314 434 1031 1 531 947
315 466 588 1 568 512
316 47 145 1 154 65
317 46 931 1 157 839
318 199 34 1 306 -48
319 51 997 1 161 902
320 686 712 1 779 631
321 294 1136 1 390 1050
322 153 779 1 259 695
323 46 706 1 158 621
324 223 666 1 326 588
325 158 865 1 261 780
326 375 1104 1 470 1021
327 223 582 1 326 505
328 418 287 1 524 209
329 297 1003 1 395 920
330 244 681 1 346 603
331 106 775 1 215 690
332 414 927 1 511 843
333 317 393 1 422 315
334 63 1001 1 174 906
335 85 941 1 192 848
336 380 335 1 485 257
337 357 269 1 463 190
338 152 137 1 258 57
339 451 396 1 556 319
340 292 1119 1 388 1034
341 166 1065 1 268 975
342 448 825 1 545 744
343 324 107 1 431 25
344 341 1132 1 436 1047
345 134 757 1 241 674
346 223 724 1 325 645
347 59 733 1 171 647
348 71 692 1 182 609
349 448 1218 1 542 1119
350 108 720 1 218 640
351 364 341 1 468 264
352 397 798 1 497 717
353 543 776 1 640 696
354 384 803 1 484 722
355 545 947 1 638 865
356 470 890 1 567 808
357 437 635 1 538 560
358 58 1102 1 168 1002
359 344 1147 1 439 1062
360 94 729 1 203 646
361 424 1001 1 521 917
362 128 779 1 235 695
363 372 1157 1 465 1072
364 181 681 1 285 602
365 229 740 1 330 660
366 69 782 1 180 696
367 464 400 1 568 323
368 277 877 1 378 792
369 29 1029 1 142 929
370 185 810 1 290 726
371 312 658 1 413 581
372 445 225 1 552 145
373 370 95 1 476 12
374 124 939 1 232 846
375 476 815 1 573 735
376 335 433 1 438 356
377 112 885 1 217 798
378 90 564 1 195 486
379 246 1190 1 348 1085
380 195 170 1 301 90
381 88 159 1 195 79
382 528 730 1 626 652
383 369 136 1 476 54
384 458 718 1 557 638
385 34 331 1 140 254
386 446 1030 1 541 947
387 198 685 1 301 606
388 496 759 1 594 679
389 366 1085 1 462 1000
390 95 463 1 200 386
391 140 905 1 245 816
392 200 718 1 302 638
393 424 796 1 524 715
394 96 67 1 207 -10
395 351 868 1 450 784
396 43 74 1 151 -6
397 394 782 1 495 702
398 267 672 1 368 594
399 118 314 1 226 237
400 355 952 1 452 867
401 215 790 1 318 707
402 446 449 1 550 372
403 96 810 1 209 720
404 139 553 1 243 475
405 122 767 1 231 682
406 313 537 1 415 461
407 456 322 1 562 245
408 138 1084 1 244 982
409 487 889 1 584 808
410 354 986 1 451 905
411 572 766 1 670 687
412 443 895 1 540 813
413 166 814 1 271 730
414 386 552 1 489 476
415 469 1095 1 563 1007
416 386 636 1 487 560
417 41 792 1 152 707
418 437 51 1 546 -32
419 102 632 1 208 552
420 425 337 1 530 260
421 131 709 1 236 629
422 444 198 1 552 117
423 341 1215 1 438 1113
424 118 565 1 222 488
425 195 287 1 301 209
426 321 900 1 420 815
427 377 874 1 476 791
428 446 118 1 553 35
429 242 709 1 344 630
430 450 883 1 548 801
431 484 1161 1 578 1074
432 86 42 1 193 -39
433 329 1223 1 426 1120
434 493 908 1 590 827
435 212 452 1 317 375
436 347 97 1 455 15
437 154 826 1 258 744
438 50 728 1 161 644
439 447 421 1 551 344
440 277 892 1 377 807
441 428 866 1 526 784
442 474 1081 1 569 993
443 130 502 1 234 424
444 414 522 1 517 446
445 194 156 1 301 76
446 195 50 1 303 -32
447 464 833 1 562 753
448 456 494 1 559 418
449 430 272 1 536 193
450 234 725 1 336 647
451 81 742 1 190 658
452 288 954 1 387 869
453 208 238 1 314 159
454 26 314 1 133 237
455 163 522 1 266 445
456 154 587 1 257 509
457 440 1045 1 535 960
458 127 1073 1 233 974
459 417 621 1 519 545
460 171 802 1 275 717
461 424 128 1 532 45
462 135 940 1 240 850
463 463 767 1 562 687
464 221 815 1 324 731
465 128 55 1 237 -23
466 440 284 1 545 207
467 57 73 1 166 -7
468 429 742 1 529 661
469 290 880 1 391 795
470 620 1022 1 711 933
471 218 705 1 320 626
472 29 714 1 142 629
473 447 515 1 550 439
474 267 709 1 367 631
475 164 1233 1 264 1135
476 219 675 1 322 597
477 66 674 1 178 591
478 69 948 1 177 856
479 444 129 1 552 46
480 673 703 1 767 622
481 424 956 1 522 872
482 187 201 1 293 122
483 454 200 1 562 119
484 478 1127 1 572 1040
485 399 428 1 503 351
486 647 267 1 751 194
487 27 729 1 139 644
488 397 378 1 501 300
489 444 187 1 551 106
490 222 596 1 325 519
491 190 1199 1 294 1092
492 323 275 1 428 196
493 190 1236 1 290 1140
494 398 893 1 497 811
495 507 305 1 613 228
496 173 537 1 276 460
497 445 860 1 543 779
498 335 456 1 439 380
499 412 882 1 509 800
500 298 187 1 404 106
501 272 448 1 376 371
502 287 271 1 392 192
503 290 148 1 397 67
504 57 766 1 168 680
505 224 684 1 326 606
506 396 387 1 501 310
507 470 1049 1 563 966
508 441 756 1 540 676
509 375 644 1 476 567
510 440 236 1 547 156
511 183 156 1 290 75
512 94 412 1 200 334
513 322 740 1 424 659
514 251 730 1 352 652
515 345 889 1 445 805
516 499 713 1 599 634
517 420 1077 1 514 992
518 156 597 1 259 519
519 307 161 1 413 80
520 588 230 1 693 152
521 254 706 1 354 628
522 235 645 1 337 568
523 69 736 1 180 652
524 366 921 1 464 836
525 357 445 1 461 368
526 56 269 1 163 192
527 35 956 1 147 861
528 240 870 1 342 785
529 69 289 1 175 210
530 258 670 1 359 591
531 208 252 1 314 173
532 170 551 1 273 474
533 199 934 1 300 849
534 196 813 1 300 729
535 39 687 1 152 603
536 185 860 1 286 777
537 430 192 1 537 112
538 108 491 1 213 413
539 110 746 1 219 660
540 180 879 1 283 794
541 556 1155 1 647 1062
542 111 517 1 218 439
543 102 477 1 207 399
544 490 846 1 587 766
545 329 1214 1 426 1111
546 323 461 1 427 384
547 383 1020 1 480 940
548 249 124 1 356 43
549 458 515 1 562 439
550 135 83 1 244 6
551 434 223 1 541 142
552 475 396 1 580 319
553 454 275 1 561 196
554 436 41 1 546 -42
555 94 83 1 204 5
556 210 532 1 312 454
557 334 1158 1 428 1073
558 381 136 1 488 54
559 359 909 1 458 825
560 44 769 1 155 682
561 475 875 1 572 794
562 436 252 1 542 173
563 344 1071 1 441 985
564 417 553 1 519 477
565 332 956 1 430 872
