0 417 39 1 524 -43
1 323 425 1 425 349
2 474 440 1 575 365
3 445 606 1 543 532
4 87 951 1 191 858
5 476 409 1 578 334
6 388 41 1 495 -42
7 419 134 1 524 52
8 349 952 1 443 867
9 465 382 1 567 306
10 414 1084 1 504 1000
11 327 327 1 431 251
12 174 1038 1 271 949
13 490 717 1 586 639
14 154 38 1 261 -40
15 418 271 1 524 193
16 396 54 1 503 -28
17 326 402 1 428 325
18 489 747 1 584 669
19 458 175 1 564 94
20 96 717 1 201 634
21 419 75 1 526 -7
22 556 784 1 650 706
23 451 467 1 552 392
24 201 470 1 302 393
25 391 493 1 492 416
26 170 73 1 277 -4
27 417 171 1 522 90
28 133 1016 1 234 923
29 458 504 1 558 428
30 121 1027 1 224 932
31 530 788 1 624 710
32 472 317 1 576 242
33 197 453 1 299 376
34 99 794 1 203 709
35 568 745 1 662 667
36 323 412 1 425 336
37 453 582 1 552 507
38 470 786 1 564 707
39 447 718 1 541 639
40 539 740 1 634 662
41 443 1006 1 535 924
42 429 110 1 535 28
43 470 490 1 571 415
44 61 859 1 168 769
45 148 62 1 256 -15
46 61 140 1 167 59
47 461 414 1 563 338
48 108 464 1 211 386
49 384 1085 1 475 1000
50 38 994 1 144 897
51 143 988 1 242 900
52 208 570 1 308 493
53 420 50 1 527 -33
54 108 33 1 215 -48
55 34 888 1 146 792
56 458 1060 1 548 977
57 503 443 1 604 369
58 70 901 1 173 811
59 169 26 1 275 -56
60 433 527 1 533 452
61 100 784 1 205 699
62 384 1074 1 476 989
63 415 420 1 517 344
64 55 400 1 158 322
65 36 983 1 144 886
66 36 932 1 142 839
67 442 984 1 535 902
68 446 336 1 548 260
69 97 205 1 201 125
70 116 1079 1 218 980
71 56 873 1 163 782
72 54 244 1 158 165
73 100 240 1 204 161
74 558 774 1 651 696
75 319 1151 1 410 1066
76 266 634 1 364 558
77 192 235 1 295 156
78 393 269 1 496 192
79 315 481 1 415 404
80 693 712 1 780 630
81 105 756 1 210 670
82 374 269 1 477 192
83 532 772 1 627 693
84 93 182 1 197 101
85 119 398 1 222 321
86 222 250 1 325 171
87 183 993 1 280 906
88 453 689 1 550 613
89 515 718 1 611 640
90 194 873 1 292 790
91 382 102 1 489 20
92 75 37 1 183 -44
93 30 945 1 137 851
94 159 58 1 268 -20
95 93 1059 1 195 963
96 453 783 1 549 704
97 145 802 1 247 718
98 54 204 1 160 122
99 223 234 1 325 155
100 338 880 1 434 795
101 435 768 1 531 687
102 385 80 1 490 -1
103 186 454 1 288 376
104 409 744 1 506 664
105 187 848 1 286 765
106 504 414 1 606 340
107 103 1129 1 205 1027
108 153 396 1 254 319
109 163 986 1 263 898
110 97 813 1 207 720
111 158 114 1 263 33
112 205 760 1 304 680
113 367 454 1 468 378
114 493 834 1 587 756
115 408 733 1 504 653
116 60 288 1 164 208
117 472 507 1 572 432
118 337 98 1 442 16
119 103 918 1 205 829
120 28 758 1 138 671
121 76 932 1 183 836
122 442 271 1 547 193
123 86 969 1 189 875
124 113 344 1 216 266
125 411 630 1 509 555
126 431 76 1 539 -7
127 301 427 1 403 351
128 140 308 1 245 232
129 450 482 1 551 407
130 442 1016 1 533 934
131 465 131 1 571 49
132 243 742 1 341 664
133 503 962 1 595 882
134 111 787 1 215 700
135 393 286 1 495 209
136 31 705 1 141 620
137 442 595 1 541 520
138 469 972 1 561 890
139 61 125 1 168 44
140 41 314 1 146 236
141 513 1245 1 600 1151
142 496 782 1 589 703
143 105 264 1 209 184
144 126 83 1 233 5
145 466 962 1 559 881
146 310 516 1 411 440
147 79 66 1 186 -15
148 404 710 1 501 631
149 355 878 1 450 795
150 145 894 1 245 806
151 343 1111 1 435 1027
152 159 1045 1 256 954
153 222 738 1 320 659
154 147 364 1 250 287
155 77 367 1 181 288
156 157 440 1 259 363
157 43 918 1 145 830
158 443 408 1 545 332
159 194 831 1 294 749
160 85 711 1 191 627
161 30 797 1 139 709
162 124 921 1 223 835
163 135 802 1 237 717
164 259 715 1 356 635
165 336 891 1 432 807
166 498 807 1 593 728
167 49 330 1 153 252
168 409 621 1 507 545
169 92 49 1 201 -29
170 50 957 1 156 864
171 138 526 1 240 448
172 396 71 1 503 -11
173 99 902 1 201 814
174 465 575 1 565 501
175 533 706 1 628 628
176 433 755 1 529 675
177 450 769 1 547 688
178 214 856 1 311 773
179 334 470 1 435 394
180 456 982 1 548 899
181 331 388 1 433 311
182 368 385 1 470 309
183 252 494 1 352 417
184 51 859 1 157 769
185 379 398 1 481 321
186 341 494 1 442 418
187 156 1034 1 255 944
188 73 753 1 179 667
189 374 50 1 479 -33
190 220 496 1 321 419
191 98 774 1 202 689
192 448 1053 1 537 969
193 144 340 1 246 262
194 193 253 1 297 174
195 351 491 1 452 414
196 391 507 1 492 430
197 477 803 1 572 724
198 32 1030 1 140 930
199 496 899 1 588 819
200 395 332 1 499 255
201 173 1014 1 271 926
202 65 716 1 172 631
203 467 723 1 562 647
204 87 779 1 193 692
205 116 366 1 219 287
206 269 646 1 367 569
207 31 1065 1 137 965
208 115 832 1 217 748
209 165 499 1 266 421
210 448 994 1 540 911
211 189 720 1 288 641
212 70 1159 1 173 1060
213 429 61 1 537 -22
214 34 786 1 143 698
215 132 970 1 232 882
216 169 1028 1 267 936
217 489 942 1 580 862
218 430 556 1 530 481
219 50 932 1 155 839
220 312 492 1 412 416
221 313 184 1 417 104
222 564 1211 1 650 1116
223 430 27 1 538 -56
224 117 864 1 222 774
225 408 1003 1 503 923
226 386 54 1 493 -27
227 106 286 1 209 206
228 308 549 1 408 472
229 435 891 1 530 809
230 385 169 1 491 89
231 406 64 1 513 -18
232 124 175 1 227 93
233 444 99 1 551 16
234 30 689 1 140 604
235 283 186 1 388 106
236 126 442 1 228 364
237 145 963 1 245 874
238 31 917 1 137 825
239 331 116 1 436 34
240 68 346 1 172 267
241 120 575 1 221 498
242 381 997 1 473 916
243 294 325 1 397 248
244 308 145 1 413 65
245 364 933 1 458 849
246 158 1021 1 256 933
247 435 127 1 542 46
248 375 887 1 470 805
249 35 28 1 141 -53
250 469 327 1 573 250
251 312 168 1 415 88
252 186 799 1 288 716
253 387 1159 1 477 1075
254 274 38 1 380 -44
255 27 212 1 132 133
256 527 719 1 622 640
257 185 175 1 290 95
258 438 1165 1 527 1077
259 464 1114 1 554 1026
260 446 457 1 547 381
261 125 42 1 233 -35
262 102 986 1 205 892
263 301 415 1 403 339
264 281 170 1 385 90
265 505 595 1 602 520
266 303 1217 1 397 1115
267 150 1094 1 250 996
268 86 700 1 193 617
269 296 349 1 398 272
270 27 807 1 137 717
271 187 469 1 289 392
272 86 388 1 189 311
273 422 866 1 515 785
274 95 689 1 200 606
275 464 211 1 570 131
276 134 296 1 240 219
277 210 694 1 309 615
278 297 38 1 404 -44
279 555 729 1 649 651
280 296 850 1 393 766
281 80 1162 1 181 1062
282 209 817 1 310 732
283 423 640 1 520 565
284 466 747 1 562 668
285 80 1097 1 182 1000
286 197 177 1 301 98
287 450 849 1 544 768
288 433 1102 1 524 1017
289 136 729 1 241 645
290 444 81 1 551 -1
291 190 1203 1 292 1094
292 342 480 1 443 403
293 369 402 1 472 326
294 477 698 1 572 620
295 257 636 1 355 560
296 506 1235 1 592 1141
297 265 729 1 363 651
298 61 776 1 168 690
299 313 425 1 414 348
300 215 556 1 315 479
301 442 524 1 542 449
302 156 923 1 256 835
303 432 716 1 528 637
304 319 886 1 416 802
305 335 413 1 436 337
306 197 841 1 296 758
307 428 1227 1 517 1128
308 408 78 1 514 -4
309 480 929 1 573 847
310 455 403 1 558 327
311 557 745 1 651 667
312 451 728 1 547 649
313 145 779 1 248 693
314 514 287 1 617 212
315 202 745 1 301 666
316 438 1030 1 531 946
317 469 586 1 568 511
318 48 144 1 154 63
319 200 31 1 306 -50
320 55 997 1 160 902
321 298 1134 1 390 1049
322 155 779 1 258 694
323 48 705 1 157 620
324 161 864 1 260 779
325 379 1102 1 471 1020
326 225 580 1 326 503
327 420 284 1 524 207
328 301 1001 1 395 919
329 66 1043 1 170 945
330 247 680 1 346 602
331 109 775 1 214 689
332 417 926 1 511 843
333 291 1162 1 382 1074
334 320 391 1 422 314
335 67 1001 1 172 906
336 88 940 1 191 848
337 382 333 1 485 255
338 359 267 1 463 189
339 153 135 1 257 55
340 157 913 1 257 823
341 454 393 1 556 318
342 296 1118 1 388 1033
343 170 1065 1 267 974
344 451 824 1 545 743
345 326 104 1 431 23
346 345 1130 1 436 1046
347 137 757 1 240 673
348 226 722 1 325 644
349 61 732 1 169 647
350 74 691 1 180 608
351 453 1219 1 542 1120
352 110 719 1 215 635
353 366 338 1 468 262
354 401 797 1 497 716
355 547 774 1 640 696
356 388 802 1 484 721
357 549 946 1 639 865
358 474 888 1 567 808
359 440 634 1 538 559
360 62 1102 1 167 1003
361 348 1145 1 439 1061
362 96 728 1 201 645
363 174 895 1 272 810
364 428 1000 1 521 917
365 130 779 1 234 694
366 376 1156 1 466 1071
367 184 680 1 285 601
368 232 739 1 330 659
369 72 782 1 178 695
370 466 397 1 568 321
371 280 877 1 377 791
372 188 809 1 289 725
373 315 656 1 413 580
374 447 223 1 552 143
375 371 92 1 476 10
376 128 939 1 231 846
377 480 814 1 573 734
378 337 431 1 438 354
379 115 884 1 217 797
380 92 563 1 195 485
381 251 1190 1 347 1085
382 196 168 1 301 88
383 89 158 1 194 77
384 532 728 1 626 651
385 371 134 1 476 52
386 35 330 1 140 252
387 450 1029 1 541 947
388 201 684 1 300 605
389 500 757 1 594 678
390 371 1084 1 462 999
391 97 462 1 200 384
392 143 904 1 244 815
393 202 716 1 301 637
394 428 795 1 524 715
395 96 65 1 206 -12
396 354 867 1 450 784
397 44 72 1 150 -8
398 398 781 1 494 701
399 270 670 1 368 593
400 120 312 1 225 235
401 359 951 1 452 867
402 218 788 1 318 706
403 448 446 1 550 371
404 141 551 1 243 474
405 125 767 1 230 681
406 315 535 1 415 460
407 458 320 1 562 243
408 141 1083 1 243 983
409 491 888 1 584 808
410 357 985 1 451 904
411 576 765 1 670 687
412 446 894 1 540 812
413 170 814 1 270 730
414 389 550 1 489 475
415 473 1095 1 563 1007
416 389 634 1 487 558
417 44 792 1 151 707
418 438 48 1 546 -35
419 104 631 1 207 551
420 427 334 1 530 258
421 134 709 1 236 628
422 446 195 1 552 115
423 346 1216 1 437 1114
424 121 564 1 222 486
425 197 286 1 300 207
426 325 899 1 420 815
427 381 873 1 476 790
428 447 115 1 553 33
429 245 708 1 344 629
430 454 882 1 548 801
431 489 1160 1 578 1073
432 87 40 1 193 -41
433 333 1224 1 425 1121
434 497 907 1 590 827
435 215 451 1 317 374
436 348 94 1 454 13
437 158 825 1 258 743
438 52 728 1 159 643
439 449 418 1 551 343
440 280 891 1 376 806
441 432 865 1 526 784
442 479 1080 1 569 993
443 132 500 1 234 423
444 417 520 1 517 445
445 151 719 1 256 633
446 196 154 1 300 74
447 196 47 1 303 -34
448 468 832 1 562 753
449 459 492 1 559 417
450 432 270 1 536 191
451 238 724 1 336 646
452 83 742 1 189 658
453 292 953 1 387 869
454 210 236 1 314 157
455 28 313 1 133 235
456 165 520 1 266 443
457 157 586 1 257 508
458 444 1044 1 535 960
459 130 1073 1 232 974
460 420 619 1 519 544
461 173 801 1 274 717
462 426 125 1 532 43
463 139 939 1 239 850
464 467 766 1 561 686
465 224 814 1 324 731
466 129 52 1 236 -26
467 442 281 1 545 205
468 58 72 1 166 -9
469 432 740 1 529 661
470 294 880 1 391 795
471 625 1022 1 712 934
472 221 704 1 320 625
473 31 714 1 141 629
474 450 513 1 551 438
475 271 707 1 367 630
476 193 930 1 291 844
477 68 674 1 177 590
478 72 947 1 176 856
479 445 126 1 552 44
480 678 702 1 768 622
481 429 955 1 522 871
482 188 199 1 293 120
483 456 197 1 562 117
484 482 1126 1 572 1040
485 401 426 1 503 349
486 651 263 1 752 191
487 30 728 1 138 643
488 399 375 1 501 298
489 446 184 1 551 104
490 224 595 1 325 518
491 325 273 1 428 194
492 194 1235 1 290 1139
493 402 892 1 497 810
494 510 302 1 614 226
495 175 536 1 276 458
496 450 858 1 543 778
497 337 454 1 439 378
498 415 881 1 509 799
499 300 184 1 404 104
500 274 447 1 375 370
501 289 269 1 392 190
502 292 146 1 397 65
503 153 973 1 251 886
504 59 766 1 166 679
505 227 683 1 325 605
506 399 385 1 501 308
507 466 1235 1 552 1136
508 474 1049 1 563 965
509 445 755 1 540 675
510 378 642 1 476 566
511 442 233 1 547 154
512 185 154 1 290 73
513 96 411 1 199 333
514 326 738 1 423 658
515 254 729 1 352 651
516 349 888 1 445 804
517 503 711 1 599 633
518 424 1075 1 515 992
519 159 596 1 259 518
520 309 158 1 413 78
521 591 226 1 693 149
522 257 704 1 354 627
523 238 644 1 337 567
524 72 736 1 178 651
525 370 920 1 464 836
526 359 443 1 461 366
527 58 268 1 163 190
528 38 957 1 145 862
529 244 869 1 342 784
530 70 288 1 175 209
531 261 668 1 359 590
532 210 250 1 313 171
533 172 550 1 273 472
534 203 933 1 300 849
535 199 812 1 299 728
536 41 686 1 150 602
537 188 858 1 286 776
538 431 190 1 537 110
539 110 489 1 213 412
540 112 746 1 218 659
541 184 878 1 283 793
542 561 1155 1 647 1063
543 113 516 1 217 438
544 104 476 1 206 398
545 494 845 1 587 766
546 334 1214 1 426 1112
547 326 460 1 427 383
548 387 1018 1 480 939
549 250 122 1 356 41
550 461 513 1 562 438
551 136 81 1 243 3
552 436 220 1 541 141
553 477 393 1 580 317
554 456 272 1 561 194
555 438 38 1 546 -44
556 94 81 1 203 3
557 211 530 1 312 453
558 338 1156 1 428 1072
559 383 133 1 488 52
560 363 908 1 457 825
561 47 768 1 154 682
562 479 874 1 572 794
563 438 250 1 542 171
564 348 1070 1 441 985
565 420 551 1 519 475
566 102 746 1 208 661
567 336 955 1 430 872
