0 410 39 1 524 -48
1 317 426 1 425 346
2 410 272 1 520 189
3 469 440 1 575 362
4 440 607 1 543 529
5 471 410 1 578 331
6 381 41 1 495 -46
7 412 134 1 525 48
8 345 955 1 442 866
9 459 382 1 568 303
10 411 1087 1 504 998
11 321 328 1 431 247
12 170 1042 1 271 948
13 486 719 1 586 637
14 146 37 1 260 -45
15 389 54 1 503 -32
16 320 403 1 428 322
17 486 750 1 584 667
18 30 990 1 142 887
19 452 175 1 564 90
20 89 721 1 199 632
21 412 75 1 526 -12
22 80 957 1 188 858
23 553 786 1 650 705
24 446 468 1 552 389
25 195 471 1 302 390
26 386 493 1 492 413
27 163 73 1 276 -9
28 410 171 1 522 86
29 452 504 1 558 426
30 527 790 1 625 709
31 466 317 1 576 239
32 191 454 1 299 373
33 93 799 1 201 708
34 565 747 1 663 666
35 317 413 1 425 333
36 448 583 1 552 505
37 466 789 1 564 706
38 443 720 1 541 638
39 536 742 1 635 660
40 422 110 1 535 24
41 465 490 1 571 412
42 140 61 1 254 -20
43 54 141 1 167 55
44 455 415 1 564 335
45 102 465 1 210 383
46 96 992 1 203 892
47 32 1000 1 142 898
48 411 1077 1 504 989
49 203 572 1 308 491
50 413 50 1 527 -37
51 100 33 1 214 -52
52 28 894 1 142 792
53 455 1063 1 548 976
54 140 1180 1 240 1083
55 57 926 1 164 831
56 498 444 1 605 365
57 64 906 1 171 810
58 161 26 1 275 -61
59 428 527 1 533 449
60 54 867 1 165 769
61 94 789 1 203 698
62 381 1076 1 476 988
63 409 420 1 517 341
64 48 402 1 157 319
65 30 937 1 139 839
66 439 987 1 535 901
67 440 337 1 549 256
68 90 206 1 200 121
69 46 246 1 157 161
70 93 242 1 203 158
71 555 776 1 652 695
72 316 1154 1 410 1064
73 261 635 1 365 555
74 185 236 1 295 153
75 438 302 1 548 221
76 151 995 1 252 902
77 386 270 1 496 188
78 309 482 1 415 402
79 691 714 1 782 630
80 155 868 1 259 778
81 368 270 1 477 188
82 529 774 1 627 692
83 111 1086 1 216 981
84 86 183 1 196 98
85 204 780 1 306 695
86 112 399 1 222 318
87 215 251 1 325 168
88 178 996 1 280 905
89 448 691 1 550 610
90 512 720 1 611 639
91 51 877 1 160 781
92 190 876 1 292 788
93 380 1087 1 475 999
94 375 102 1 489 15
95 66 38 1 182 -48
96 152 57 1 266 -25
97 450 786 1 549 702
98 139 993 1 242 899
99 140 805 1 246 716
100 46 205 1 159 119
101 216 235 1 325 152
102 334 884 1 434 794
103 431 770 1 530 686
104 378 80 1 490 -6
105 180 455 1 288 374
106 405 746 1 505 663
107 182 850 1 286 764
108 499 415 1 607 337
109 146 398 1 254 316
110 161 990 1 263 897
111 91 817 1 203 720
112 150 114 1 262 29
113 200 763 1 304 678
114 361 455 1 469 375
115 489 837 1 587 754
116 404 735 1 504 652
117 53 290 1 164 205
118 467 508 1 573 429
119 330 98 1 442 12
120 98 923 1 204 828
121 128 1020 1 232 923
122 436 271 1 547 189
123 80 973 1 187 875
124 106 345 1 215 263
125 406 631 1 510 552
126 425 76 1 540 -11
127 295 428 1 403 348
128 132 309 1 243 228
129 445 483 1 551 404
130 438 1018 1 533 932
131 458 131 1 571 45
132 238 744 1 341 661
133 501 964 1 596 881
134 151 927 1 255 834
135 117 1032 1 222 932
136 387 285 1 495 205
137 24 709 1 138 619
138 437 596 1 541 518
139 466 974 1 562 889
140 53 126 1 167 40
141 34 315 1 145 233
142 512 1250 1 600 1152
143 493 784 1 589 702
144 98 265 1 208 181
145 117 83 1 232 0
146 462 965 1 559 880
147 304 517 1 411 438
148 71 67 1 186 -19
149 400 713 1 500 629
150 351 881 1 450 794
151 340 1113 1 435 1025
152 154 1049 1 255 953
153 217 740 1 320 657
154 141 366 1 249 284
155 70 368 1 180 285
156 151 442 1 259 360
157 37 922 1 144 829
158 437 409 1 545 329
159 188 835 1 293 747
160 78 715 1 188 626
161 24 801 1 136 708
162 81 783 1 190 691
163 254 717 1 356 633
164 332 894 1 431 806
165 495 810 1 594 727
166 42 331 1 152 249
167 404 622 1 507 543
168 84 48 1 199 -34
169 132 527 1 239 446
170 389 71 1 503 -15
171 93 907 1 199 813
172 461 576 1 565 498
173 530 708 1 629 627
174 429 758 1 529 674
175 446 771 1 547 687
176 209 858 1 310 771
177 90 826 1 198 735
178 328 471 1 435 392
179 453 984 1 548 898
180 326 389 1 433 308
181 362 386 1 471 306
182 245 495 1 352 414
183 58 809 1 167 717
184 104 792 1 213 699
185 373 398 1 481 318
186 336 495 1 442 415
187 152 1039 1 254 943
188 67 757 1 177 666
189 97 760 1 207 669
190 367 50 1 479 -37
191 57 714 1 167 625
192 214 497 1 321 416
193 92 778 1 200 688
194 445 1056 1 537 969
195 137 341 1 246 259
196 186 254 1 296 170
197 345 492 1 452 411
198 386 507 1 492 427
199 474 806 1 573 723
200 26 1036 1 137 931
201 493 902 1 588 819
202 390 333 1 499 252
203 24 1071 1 135 966
204 169 1018 1 271 925
205 463 725 1 562 645
206 109 367 1 218 284
207 263 648 1 367 567
208 110 836 1 216 747
209 159 500 1 266 419
210 445 996 1 540 910
211 73 1099 1 178 996
212 184 723 1 288 638
213 422 60 1 538 -26
214 27 791 1 140 697
215 128 974 1 231 881
216 111 960 1 216 862
217 486 944 1 580 860
218 425 557 1 530 479
219 43 937 1 153 838
220 306 494 1 412 414
221 306 185 1 417 100
222 563 1216 1 651 1118
223 423 27 1 538 -61
224 112 869 1 219 774
225 402 1004 1 504 921
226 379 54 1 493 -32
227 99 287 1 209 203
228 303 550 1 408 469
229 432 894 1 530 808
230 379 170 1 491 85
231 399 64 1 513 -23
232 116 176 1 227 89
233 437 99 1 551 12
234 277 186 1 388 102
235 119 444 1 228 361
236 24 921 1 134 824
237 324 116 1 436 30
238 61 348 1 171 264
239 114 577 1 221 495
240 377 999 1 474 914
241 288 326 1 397 245
242 301 145 1 412 61
243 361 937 1 458 848
244 154 1026 1 255 932
245 428 127 1 542 41
246 371 891 1 470 804
247 27 29 1 140 -57
248 463 327 1 573 246
249 305 169 1 415 84
250 181 803 1 287 714
251 384 1161 1 477 1073
252 267 38 1 379 -48
253 524 721 1 623 639
254 178 175 1 289 91
255 436 1168 1 527 1076
256 70 937 1 180 836
257 440 458 1 547 378
258 117 41 1 232 -41
259 295 416 1 403 336
260 274 171 1 385 86
261 500 596 1 603 517
262 301 1224 1 396 1116
263 146 1101 1 248 997
264 80 704 1 190 615
265 290 350 1 398 269
266 130 806 1 236 716
267 180 471 1 288 390
268 80 390 1 188 308
269 418 869 1 515 784
270 89 692 1 198 605
271 457 211 1 570 127
272 127 296 1 239 215
273 204 696 1 309 612
274 290 38 1 403 -49
275 551 730 1 650 650
276 291 853 1 392 765
277 75 1167 1 180 1062
278 205 820 1 309 731
279 88 1064 1 194 963
280 418 641 1 520 562
281 462 749 1 562 667
282 189 178 1 301 94
283 447 851 1 545 767
284 431 1105 1 524 1016
285 130 732 1 239 644
286 437 81 1 552 -6
287 186 1211 1 286 1098
288 336 481 1 443 400
289 387 1185 1 479 1095
290 364 403 1 472 323
291 473 700 1 572 618
292 99 1135 1 203 1028
293 251 637 1 355 557
294 504 1240 1 592 1142
295 260 731 1 363 649
296 55 780 1 165 689
297 307 426 1 414 345
298 209 557 1 315 476
299 437 525 1 543 446
300 428 718 1 528 635
301 315 890 1 415 801
302 329 414 1 436 334
303 192 844 1 295 756
304 24 691 1 137 603
305 426 1234 1 516 1131
306 402 78 1 514 -8
307 477 931 1 573 846
308 450 404 1 558 324
309 554 747 1 652 666
310 447 730 1 547 648
311 139 782 1 246 692
312 509 287 1 618 208
313 197 747 1 300 664
314 464 587 1 568 509
315 40 145 1 153 59
316 193 32 1 305 -54
317 49 1003 1 158 902
318 295 1137 1 391 1047
319 150 783 1 256 693
320 114 784 1 222 694
321 41 710 1 154 619
322 108 906 1 215 812
323 376 1104 1 471 1018
324 220 582 1 326 501
325 297 1003 1 395 917
326 60 1049 1 168 946
327 242 681 1 346 600
328 103 779 1 212 688
329 415 929 1 511 842
330 287 1164 1 382 1073
331 313 392 1 422 310
332 61 1007 1 170 907
333 83 944 1 189 848
334 376 333 1 486 252
335 353 267 1 463 185
336 145 135 1 257 51
337 151 916 1 256 822
338 245 1160 1 340 1067
339 448 394 1 556 314
340 293 1120 1 389 1031
341 448 826 1 545 742
342 319 104 1 431 18
343 342 1132 1 437 1044
344 131 760 1 238 672
345 221 724 1 324 642
346 55 737 1 166 646
347 67 695 1 178 607
348 452 1225 1 542 1122
349 104 723 1 213 634
350 203 790 1 305 706
351 360 339 1 468 259
352 397 799 1 497 715
353 544 776 1 641 695
354 384 804 1 484 720
355 547 949 1 639 864
356 471 891 1 567 807
357 435 634 1 539 556
358 141 751 1 249 663
359 345 1147 1 439 1059
360 207 735 1 310 650
361 90 732 1 199 644
362 169 898 1 271 809
363 425 1003 1 521 916
364 374 1158 1 466 1069
365 179 682 1 284 599
366 227 741 1 330 657
367 561 737 1 659 656
368 461 397 1 569 318
369 276 880 1 377 791
370 214 695 1 317 612
371 183 813 1 288 724
372 310 658 1 413 578
373 441 222 1 553 139
374 364 92 1 476 6
375 123 943 1 229 846
376 477 816 1 573 733
377 331 432 1 438 351
378 109 888 1 215 796
379 87 565 1 194 482
380 247 1198 1 345 1087
381 189 169 1 300 84
382 81 159 1 193 73
383 528 731 1 627 650
384 364 134 1 476 48
385 28 331 1 139 249
386 446 1032 1 541 946
387 440 795 1 538 710
388 496 760 1 594 677
389 367 1087 1 462 998
390 91 464 1 199 382
391 138 907 1 243 814
392 197 719 1 301 635
393 425 797 1 524 714
394 88 65 1 204 -18
395 351 870 1 449 783
396 36 73 1 149 -12
397 394 783 1 494 700
398 265 672 1 368 591
399 113 313 1 224 231
400 355 955 1 451 866
401 213 791 1 317 705
402 432 1077 1 526 988
403 443 447 1 550 368
404 285 171 1 396 87
405 135 553 1 243 471
406 119 771 1 228 680
407 310 536 1 415 457
408 452 320 1 562 239
409 347 1163 1 440 1074
410 487 891 1 584 807
411 354 987 1 451 902
412 573 767 1 671 686
413 444 896 1 540 811
414 164 817 1 269 728
415 384 551 1 489 472
416 471 1098 1 564 1007
417 384 635 1 488 556
418 38 797 1 149 706
419 431 48 1 546 -39
420 98 633 1 206 549
421 421 335 1 530 254
422 129 712 1 235 626
423 440 195 1 552 111
424 344 1222 1 437 1115
425 115 566 1 222 484
426 191 287 1 300 204
427 377 876 1 476 789
428 440 115 1 554 28
429 240 710 1 344 627
430 451 885 1 548 800
431 79 40 1 192 -45
432 331 1230 1 425 1123
433 494 910 1 590 826
434 209 452 1 316 371
435 341 95 1 454 8
436 153 829 1 257 741
437 45 732 1 157 642
438 443 419 1 551 340
439 276 895 1 376 805
440 429 868 1 526 783
441 476 1084 1 569 993
442 126 502 1 234 420
443 411 521 1 517 442
444 145 722 1 253 632
445 188 155 1 300 70
446 147 841 1 252 753
447 188 48 1 303 -39
448 464 835 1 562 752
449 453 492 1 559 414
450 425 270 1 536 188
451 233 727 1 336 644
452 77 746 1 187 657
453 287 956 1 387 867
454 430 1138 1 522 1046
455 159 522 1 266 441
456 151 588 1 257 505
457 440 1046 1 536 959
458 125 1080 1 230 975
459 415 620 1 519 541
460 169 804 1 273 715
461 419 125 1 532 39
462 134 943 1 238 849
463 463 769 1 562 685
464 219 818 1 323 730
465 121 51 1 235 -31
466 435 281 1 545 201
467 50 73 1 165 -14
468 428 742 1 529 659
469 290 883 1 390 794
470 625 1027 1 713 935
471 216 706 1 320 623
472 24 719 1 137 628
473 445 514 1 551 435
474 266 709 1 368 628
475 188 933 1 290 843
476 57 1109 1 165 1003
477 438 126 1 552 40
478 677 704 1 770 621
479 426 958 1 522 871
480 181 200 1 292 116
481 450 197 1 562 113
482 479 1129 1 572 1039
483 395 426 1 503 346
484 648 261 1 754 186
485 393 376 1 502 295
486 439 184 1 551 100
487 219 597 1 325 515
488 47 1207 1 153 1093
489 318 273 1 428 191
490 399 895 1 497 809
491 504 301 1 614 222
492 169 538 1 276 456
493 446 861 1 543 777
494 332 454 1 440 375
495 412 884 1 509 798
496 293 185 1 404 101
497 268 448 1 375 367
498 282 269 1 392 187
499 285 147 1 396 61
500 149 976 1 250 885
501 53 770 1 164 678
502 221 685 1 325 603
503 393 386 1 501 305
504 463 1241 1 552 1138
505 471 1051 1 563 965
506 441 758 1 540 674
507 373 643 1 477 564
508 436 233 1 547 150
509 177 154 1 289 69
510 90 412 1 199 330
511 321 741 1 423 657
512 249 732 1 352 649
513 346 892 1 444 804
514 499 713 1 599 632
515 421 1078 1 515 990
516 153 597 1 259 515
517 302 159 1 413 74
518 587 225 1 694 144
519 252 706 1 354 625
520 232 646 1 337 564
521 65 740 1 176 650
522 366 924 1 464 835
523 353 444 1 461 363
524 51 269 1 162 186
525 32 963 1 143 862
526 239 873 1 341 783
527 63 289 1 174 205
528 256 670 1 359 588
529 203 251 1 313 167
530 166 552 1 272 470
531 196 936 1 300 847
532 194 816 1 298 727
533 34 690 1 147 601
534 183 862 1 286 774
535 425 190 1 537 106
536 104 491 1 212 409
537 106 750 1 215 658
538 179 881 1 282 792
539 24 731 1 135 642
540 107 518 1 216 435
541 97 477 1 206 395
542 490 848 1 588 765
543 332 1221 1 425 1114
544 175 986 1 276 893
545 320 460 1 427 380
546 383 1020 1 480 937
547 243 123 1 356 37
548 456 514 1 562 435
549 128 81 1 242 -1
550 430 220 1 542 137
551 472 393 1 581 314
552 450 273 1 561 191
553 431 38 1 546 -49
554 86 81 1 201 -1
555 186 738 1 290 652
556 206 532 1 312 450
557 335 1159 1 429 1069
558 376 133 1 488 48
559 359 911 1 457 824
560 40 773 1 151 681
561 476 876 1 572 793
562 432 250 1 542 167
563 345 1073 1 441 984
564 414 552 1 519 473
565 96 749 1 206 660
566 332 958 1 430 870
