0 408 31 1 525 -59
1 316 421 1 426 338
2 408 265 1 522 180
3 29 981 1 141 878
4 468 435 1 577 354
5 439 604 1 545 523
6 471 404 1 581 323
7 379 32 1 497 -57
8 410 126 1 526 37
9 344 956 1 444 865
10 458 377 1 570 294
11 411 1086 1 506 996
12 319 321 1 432 238
13 486 719 1 589 634
14 142 27 1 258 -58
15 387 46 1 505 -44
16 319 397 1 429 315
17 486 750 1 588 665
18 450 168 1 566 80
19 410 67 1 528 -22
20 555 787 1 655 703
21 445 463 1 554 382
22 192 467 1 302 383
23 385 489 1 493 406
24 158 63 1 274 -22
25 409 164 1 523 76
26 451 500 1 560 419
27 528 790 1 628 706
28 465 311 1 579 230
29 40 1217 1 150 1097
30 189 450 1 299 366
31 567 747 1 667 664
32 316 408 1 426 325
33 447 579 1 554 498
34 57 911 1 168 810
35 466 790 1 567 703
36 443 721 1 544 634
37 537 743 1 639 658
38 421 102 1 537 14
39 464 486 1 573 405
40 140 1183 1 241 1080
41 134 52 1 253 -33
42 49 134 1 165 45
43 171 927 1 274 837
44 455 409 1 566 328
45 99 461 1 210 376
46 90 998 1 200 893
47 49 826 1 163 729
48 411 1076 1 506 986
49 201 568 1 309 484
50 411 41 1 529 -49
51 96 25 1 213 -63
52 118 849 1 225 757
53 498 438 1 608 358
54 420 1052 1 516 962
55 106 1092 1 214 984
56 427 523 1 535 442
57 84 722 1 196 629
58 24 992 1 134 888
59 381 1076 1 478 985
60 408 415 1 519 333
61 45 398 1 157 311
62 439 987 1 537 899
63 439 331 1 551 248
64 86 201 1 199 112
65 42 240 1 156 152
66 89 236 1 203 149
67 556 777 1 656 692
68 49 870 1 161 769
69 135 806 1 245 714
70 317 1151 1 412 1059
71 260 631 1 366 548
72 182 231 1 295 144
73 436 294 1 551 211
74 385 263 1 498 179
75 307 477 1 416 395
76 367 263 1 479 179
77 530 775 1 631 690
78 150 1041 1 254 942
79 127 1192 1 230 1088
80 81 177 1 195 88
81 202 778 1 306 690
82 110 395 1 221 310
83 212 245 1 325 159
84 165 1034 1 267 937
85 147 995 1 252 899
86 448 688 1 553 605
87 137 994 1 241 896
88 513 720 1 615 636
89 187 874 1 292 784
90 380 1087 1 477 996
91 373 94 1 490 5
92 62 30 1 181 -59
93 146 47 1 264 -39
94 53 810 1 164 715
95 455 1064 1 551 974
96 44 880 1 157 781
97 42 199 1 158 109
98 168 1018 1 271 922
99 213 229 1 325 143
100 333 885 1 435 792
101 431 771 1 533 684
102 375 73 1 492 -16
103 178 451 1 288 366
104 405 746 1 507 660
105 180 849 1 286 760
106 498 409 1 610 329
107 143 393 1 254 309
108 158 991 1 262 895
109 146 107 1 262 19
110 360 450 1 470 367
111 490 837 1 590 752
112 403 735 1 506 649
113 49 284 1 163 196
114 466 503 1 575 422
115 327 91 1 443 2
116 51 927 1 162 830
117 134 783 1 244 690
118 107 959 1 215 861
119 435 265 1 549 180
120 103 340 1 215 255
121 405 627 1 511 546
122 450 780 1 552 694
123 423 68 1 541 -22
124 294 423 1 404 341
125 127 303 1 242 219
126 444 478 1 553 397
127 439 1018 1 535 930
128 457 123 1 573 34
129 121 817 1 231 723
130 501 965 1 599 879
131 240 751 1 345 666
132 385 279 1 497 196
133 77 779 1 190 683
134 437 592 1 543 512
135 34 993 1 146 888
136 49 119 1 166 30
137 74 980 1 184 876
138 493 784 1 592 700
139 94 259 1 208 172
140 112 74 1 230 -11
141 423 24 1 539 -72
142 302 513 1 412 431
143 66 59 1 184 -30
144 399 712 1 502 626
145 350 882 1 451 792
146 78 153 1 193 64
147 37 940 1 150 839
148 340 1111 1 437 1021
149 59 697 1 174 604
150 214 737 1 320 652
151 138 361 1 249 276
152 67 363 1 179 277
153 148 438 1 259 353
154 436 403 1 547 321
155 72 715 1 185 623
156 237 741 1 341 656
157 505 749 1 606 664
158 61 758 1 174 664
159 253 714 1 357 628
160 331 896 1 432 805
161 495 810 1 597 725
162 38 326 1 151 241
163 403 618 1 509 537
164 77 38 1 196 -47
165 129 524 1 239 439
166 387 63 1 504 -26
167 460 572 1 567 492
168 531 708 1 633 624
169 34 401 1 147 315
170 429 758 1 531 671
171 446 771 1 549 685
172 76 893 1 187 796
173 327 467 1 436 384
174 453 985 1 551 896
175 324 383 1 434 300
176 361 381 1 472 298
177 243 491 1 352 407
178 372 393 1 483 310
179 334 491 1 444 408
180 136 752 1 246 661
181 364 41 1 481 -48
182 49 715 1 164 622
183 212 493 1 321 409
184 445 1057 1 539 967
185 134 336 1 245 251
186 183 248 1 296 162
187 344 487 1 453 404
188 385 502 1 494 420
189 474 805 1 576 720
190 493 903 1 591 817
191 388 328 1 501 243
192 88 461 1 199 375
193 463 724 1 565 642
194 106 362 1 218 276
195 261 644 1 368 561
196 29 1235 1 140 1113
197 157 496 1 266 412
198 491 794 1 592 709
199 445 997 1 542 908
200 182 720 1 288 633
201 201 766 1 306 680
202 421 52 1 539 -37
203 257 728 1 364 643
204 486 945 1 583 858
205 424 553 1 532 472
206 304 489 1 413 407
207 304 178 1 418 91
208 566 1226 1 656 1124
209 61 769 1 175 674
210 63 782 1 176 688
211 377 45 1 494 -44
212 95 282 1 208 195
213 301 545 1 409 462
214 431 894 1 532 806
215 377 163 1 492 75
216 397 56 1 515 -34
217 110 170 1 226 80
218 436 91 1 553 1
219 274 179 1 388 92
220 116 439 1 227 354
221 345 928 1 447 840
222 55 1057 1 165 948
223 125 805 1 235 713
224 147 918 1 254 822
225 234 725 1 340 636
226 322 109 1 437 20
227 58 343 1 170 256
228 24 690 1 139 597
229 112 574 1 221 489
230 377 996 1 476 910
231 286 321 1 398 236
232 299 138 1 413 51
233 359 938 1 460 847
234 427 119 1 544 31
235 370 892 1 471 802
236 462 321 1 575 237
237 103 909 1 213 811
238 302 162 1 416 75
239 178 803 1 286 712
240 385 1158 1 479 1068
241 265 29 1 380 -59
242 131 943 1 236 848
243 525 720 1 627 636
244 426 1195 1 519 1097
245 174 169 1 289 81
246 436 1169 1 529 1075
247 178 997 1 280 902
248 115 924 1 220 828
249 439 452 1 549 371
250 111 31 1 229 -54
251 293 411 1 404 328
252 271 164 1 386 76
253 66 795 1 179 700
254 500 593 1 606 512
255 300 1233 1 397 1122
256 141 1108 1 247 1000
257 288 345 1 399 261
258 182 745 1 289 658
259 171 760 1 277 673
260 178 466 1 288 383
261 77 385 1 187 301
262 417 870 1 517 782
263 456 204 1 572 117
264 122 290 1 237 206
265 202 693 1 309 608
266 288 30 1 404 -60
267 553 730 1 654 647
268 289 855 1 393 763
269 402 1178 1 495 1088
270 201 821 1 308 728
271 417 637 1 522 556
272 462 749 1 565 664
273 69 1102 1 177 996
274 78 789 1 190 694
275 186 172 1 300 85
276 447 852 1 547 765
277 431 1106 1 527 1014
278 436 73 1 554 -17
279 182 1222 1 285 1104
280 335 476 1 444 393
281 387 1182 1 480 1090
282 362 398 1 473 315
283 278 640 1 384 556
284 250 634 1 356 551
285 505 1246 1 596 1145
286 202 788 1 305 701
287 305 421 1 415 337
288 207 554 1 316 469
289 124 709 1 234 621
290 436 520 1 545 439
291 144 782 1 255 691
292 428 718 1 531 632
293 313 891 1 416 800
294 327 409 1 437 326
295 404 300 1 517 216
296 427 1244 1 519 1137
297 400 70 1 516 -19
298 478 932 1 576 844
299 449 398 1 560 316
300 556 747 1 656 663
301 447 730 1 550 644
302 509 280 1 621 197
303 195 745 1 301 658
304 463 583 1 571 502
305 35 138 1 152 50
306 189 24 1 305 -65
307 44 1009 1 155 903
308 296 1134 1 392 1042
309 351 1181 1 446 1090
310 108 786 1 220 692
311 151 755 1 260 667
312 460 972 1 556 883
313 442 698 1 547 616
314 125 697 1 236 606
315 376 1102 1 473 1013
316 218 578 1 326 494
317 297 1000 1 396 913
318 241 678 1 347 594
319 97 781 1 209 687
320 414 930 1 513 840
321 287 1162 1 384 1068
322 312 386 1 423 303
323 396 648 1 501 567
324 375 328 1 487 244
325 351 261 1 464 176
326 142 129 1 256 41
327 243 1160 1 341 1063
328 447 388 1 558 306
329 431 969 1 529 880
330 447 826 1 548 739
331 316 97 1 432 8
332 342 1130 1 438 1039
333 126 762 1 236 669
334 424 701 1 528 618
335 24 679 1 141 586
336 452 1235 1 545 1128
337 163 1066 1 265 969
338 97 724 1 210 632
339 352 1193 1 446 1100
340 358 333 1 470 251
341 396 799 1 499 712
342 545 777 1 645 692
343 383 804 1 486 717
344 303 1178 1 399 1083
345 548 951 1 643 864
346 471 892 1 570 805
347 435 631 1 541 550
348 346 1145 1 441 1054
349 204 732 1 310 645
350 84 733 1 197 641
351 166 897 1 271 805
352 426 1004 1 523 913
353 374 1154 1 468 1065
354 224 737 1 331 652
355 81 1032 1 191 927
356 562 737 1 663 653
357 460 392 1 571 310
358 273 882 1 377 789
359 211 691 1 317 606
360 179 813 1 287 722
361 309 654 1 414 571
362 440 216 1 555 130
363 362 85 1 477 -4
364 157 793 1 263 704
365 477 816 1 576 730
366 330 426 1 440 344
367 84 561 1 194 476
368 244 1208 1 345 1093
369 186 162 1 300 74
370 529 731 1 631 647
371 362 127 1 477 38
372 233 767 1 337 681
373 447 1032 1 543 944
374 440 795 1 541 708
375 497 760 1 598 675
376 367 1087 1 464 995
377 195 717 1 301 630
378 425 798 1 526 711
379 167 732 1 274 644
380 148 928 1 254 833
381 349 871 1 451 781
382 137 724 1 250 631
383 36 833 1 150 736
384 393 783 1 496 696
385 263 669 1 369 585
386 107 307 1 221 222
387 354 957 1 453 865
388 461 715 1 564 630
389 433 1078 1 528 987
390 442 442 1 552 360
391 282 164 1 397 77
392 133 550 1 243 465
393 157 1092 1 259 995
394 65 861 1 175 766
395 451 314 1 564 231
396 347 1160 1 442 1070
397 488 892 1 587 805
398 373 638 1 478 557
399 575 767 1 676 683
400 443 897 1 543 809
401 161 817 1 268 726
402 383 547 1 491 465
403 472 1102 1 566 1007
404 383 631 1 489 549
405 426 1160 1 519 1066
406 430 40 1 548 -50
407 38 693 1 154 600
408 420 329 1 532 246
409 438 188 1 554 101
410 343 1232 1 438 1121
411 113 563 1 222 477
412 187 281 1 300 195
413 203 756 1 310 668
414 376 877 1 477 787
415 439 108 1 555 18
416 451 885 1 550 798
417 74 32 1 191 -56
418 199 491 1 308 406
419 494 911 1 593 824
420 206 448 1 317 364
421 339 87 1 455 -1
422 116 725 1 229 633
423 443 414 1 553 332
424 273 896 1 376 804
425 428 869 1 529 781
426 476 1087 1 572 994
427 124 498 1 234 414
428 410 516 1 519 435
429 185 148 1 300 60
430 145 841 1 251 750
431 185 40 1 302 -50
432 464 835 1 565 749
433 453 487 1 561 407
434 424 263 1 538 179
435 70 747 1 184 654
436 286 956 1 388 865
437 430 1138 1 524 1045
438 157 518 1 266 434
439 149 584 1 257 499
440 128 855 1 235 763
441 196 845 1 301 755
442 90 1234 1 197 1113
443 415 616 1 521 535
444 46 1037 1 154 936
445 165 805 1 272 713
446 417 117 1 534 28
447 562 857 1 658 772
448 463 769 1 565 683
449 216 818 1 323 727
450 115 42 1 233 -44
451 435 274 1 547 191
452 45 65 1 164 -24
453 428 742 1 531 656
454 288 885 1 391 792
455 628 1034 1 720 940
456 444 509 1 553 428
457 264 706 1 369 622
458 335 1153 1 430 1064
459 437 118 1 554 29
460 684 707 1 780 621
461 426 960 1 524 869
462 111 685 1 225 593
463 85 53 1 201 -30
464 178 193 1 292 107
465 449 190 1 564 103
466 479 1131 1 575 1038
467 394 421 1 505 339
468 653 251 1 764 172
469 493 974 1 589 887
470 392 371 1 503 287
471 437 177 1 553 90
472 217 593 1 325 509
473 316 267 1 429 182
474 47 379 1 159 294
475 398 896 1 498 807
476 504 294 1 617 212
477 167 534 1 276 449
478 446 861 1 546 775
479 330 450 1 441 368
480 284 1140 1 381 1047
481 411 885 1 511 796
482 291 178 1 404 91
483 266 443 1 376 359
484 280 263 1 393 178
485 282 140 1 397 52
486 219 682 1 326 597
487 392 380 1 503 298
488 225 755 1 329 669
489 472 1052 1 566 963
490 441 758 1 543 671
491 113 1103 1 219 996
492 435 226 1 549 141
493 174 148 1 289 59
494 87 408 1 198 322
495 319 740 1 424 653
496 247 729 1 352 644
497 344 893 1 446 802
498 500 713 1 603 629
499 421 1078 1 517 988
500 68 697 1 183 605
501 151 594 1 259 509
502 299 152 1 414 64
503 589 215 1 700 131
504 250 703 1 355 619
505 34 924 1 143 826
506 59 741 1 173 648
507 365 925 1 465 834
508 352 439 1 462 356
509 47 264 1 161 178
510 237 875 1 341 782
511 60 284 1 173 197
512 97 631 1 208 543
513 200 245 1 313 159
514 164 548 1 273 463
515 190 816 1 297 725
516 181 860 1 286 770
517 424 183 1 539 96
518 177 880 1 282 789
519 95 473 1 205 388
520 491 847 1 591 762
521 330 1231 1 426 1119
522 322 480 1 431 396
523 172 987 1 276 891
524 318 456 1 428 372
525 383 1017 1 482 932
526 240 116 1 356 27
527 455 509 1 564 428
528 122 72 1 240 -13
529 429 213 1 543 127
530 471 388 1 583 306
531 449 266 1 563 182
532 50 775 1 163 680
533 182 736 1 290 648
534 204 528 1 313 443
535 291 164 1 406 77
536 374 126 1 490 37
537 358 912 1 459 822
538 476 877 1 575 791
539 430 243 1 544 158
540 345 1073 1 442 981
541 413 547 1 521 466
542 90 751 1 203 658
543 331 957 1 431 867
