0 322 412 1 426 337
1 415 255 1 522 179
2 34 972 1 141 878
3 475 426 1 578 353
4 445 595 1 546 522
5 478 395 1 582 321
6 385 24 1 497 -60
7 418 116 1 527 35
8 349 948 1 444 864
9 465 367 1 570 293
10 416 1078 1 507 995
11 325 311 1 432 236
12 492 711 1 590 634
13 394 35 1 505 -46
14 325 388 1 429 313
15 492 742 1 589 664
16 458 158 1 567 78
17 418 56 1 528 -25
18 561 779 1 656 702
19 452 454 1 554 380
20 199 458 1 302 382
21 391 480 1 494 405
22 163 51 1 274 -24
23 416 153 1 524 74
24 458 491 1 561 417
25 534 782 1 629 706
26 472 301 1 579 228
27 48 872 1 156 781
28 195 440 1 299 365
29 573 740 1 669 663
30 322 399 1 426 324
31 454 570 1 555 497
32 61 902 1 168 810
33 472 782 1 568 703
34 449 713 1 545 634
35 543 735 1 640 657
36 428 92 1 537 12
37 471 477 1 574 403
38 177 917 1 275 836
39 140 40 1 252 -36
40 56 123 1 165 44
41 462 400 1 566 326
42 106 451 1 210 375
43 95 989 1 200 894
44 416 1067 1 507 986
45 207 558 1 309 483
46 419 30 1 529 -51
47 53 820 1 163 729
48 123 839 1 225 756
49 505 429 1 609 356
50 425 1043 1 516 961
51 110 1083 1 214 984
52 434 514 1 536 441
53 89 713 1 196 629
54 28 983 1 134 888
55 386 1067 1 478 985
56 415 406 1 519 331
57 51 388 1 157 310
58 444 979 1 538 899
59 446 321 1 551 246
60 92 190 1 199 110
61 49 230 1 156 151
62 96 226 1 203 147
63 563 769 1 658 692
64 140 797 1 245 713
65 322 1141 1 412 1058
66 267 621 1 366 547
67 188 221 1 295 142
68 443 285 1 551 209
69 392 253 1 498 177
70 314 468 1 416 393
71 374 253 1 479 177
72 536 767 1 632 689
73 88 167 1 195 86
74 116 385 1 221 309
75 219 235 1 325 157
76 153 986 1 252 899
77 454 679 1 553 604
78 142 984 1 242 896
79 519 712 1 616 635
80 157 1031 1 254 941
81 193 865 1 292 784
82 385 1078 1 478 995
83 380 83 1 490 3
84 152 36 1 264 -41
85 57 801 1 163 715
86 461 1056 1 551 974
87 49 189 1 158 108
88 173 1008 1 271 921
89 219 219 1 325 141
90 338 877 1 435 792
91 437 763 1 534 684
92 383 62 1 492 -18
93 184 441 1 288 365
94 410 738 1 508 659
95 185 840 1 286 759
96 505 400 1 611 327
97 150 383 1 254 307
98 49 1000 1 155 903
99 153 97 1 262 17
100 367 441 1 470 366
101 496 829 1 591 751
102 409 727 1 507 648
103 55 274 1 163 195
104 473 494 1 575 421
105 334 80 1 443 0
106 55 918 1 162 829
107 52 1027 1 154 936
108 24 973 1 130 879
109 112 950 1 214 861
110 442 255 1 549 178
111 81 887 1 187 795
112 109 330 1 215 254
113 412 618 1 512 545
114 456 772 1 553 693
115 169 1026 1 267 936
116 431 57 1 542 -24
117 300 414 1 404 339
118 133 293 1 241 217
119 451 469 1 554 395
120 444 1010 1 536 930
121 464 112 1 574 32
122 126 809 1 231 723
123 507 957 1 599 878
124 245 741 1 345 665
125 392 269 1 497 194
126 81 770 1 189 683
127 443 583 1 544 510
128 39 984 1 146 888
129 55 109 1 165 28
130 78 970 1 184 876
131 499 777 1 593 699
132 101 249 1 208 170
133 118 62 1 229 -14
134 309 504 1 412 429
135 72 48 1 184 -32
136 405 704 1 503 625
137 355 874 1 452 792
138 84 142 1 192 62
139 41 931 1 149 839
140 345 1101 1 437 1020
141 64 688 1 174 603
142 220 728 1 320 651
143 144 351 1 249 274
144 73 353 1 179 276
145 155 428 1 259 351
146 443 394 1 548 320
147 24 1040 1 132 940
148 243 732 1 342 655
149 511 742 1 607 664
150 411 1004 1 503 926
151 65 749 1 173 663
152 259 705 1 357 627
153 336 888 1 433 805
154 501 802 1 598 724
155 44 316 1 151 240
156 409 609 1 509 535
157 82 26 1 196 -50
158 135 514 1 240 438
159 395 52 1 505 -28
160 467 563 1 568 490
161 537 700 1 634 623
162 40 391 1 147 314
163 435 750 1 532 671
164 452 763 1 550 684
165 333 457 1 436 383
166 458 977 1 551 896
167 330 374 1 435 298
168 367 372 1 472 297
169 250 481 1 353 406
170 378 384 1 483 309
171 341 482 1 444 407
172 371 30 1 481 -50
173 54 706 1 164 622
174 45 1208 1 150 1098
175 218 483 1 322 408
176 450 1048 1 540 967
177 140 326 1 245 249
178 190 238 1 296 160
179 350 478 1 453 403
180 391 493 1 494 419
181 480 797 1 576 720
182 137 716 1 243 631
183 499 895 1 592 816
184 395 318 1 501 242
185 95 451 1 199 373
186 207 769 1 306 689
187 112 352 1 218 275
188 268 635 1 368 559
189 32 1227 1 140 1115
190 163 487 1 266 411
191 497 786 1 593 709
192 450 989 1 543 908
193 187 711 1 288 632
194 207 757 1 307 679
195 428 41 1 540 -39
196 263 719 1 364 642
197 492 937 1 584 858
198 430 544 1 532 471
199 518 1250 1 601 1157
200 310 480 1 413 405
201 311 167 1 418 89
202 570 1219 1 657 1125
203 66 760 1 174 674
204 67 773 1 175 687
205 384 34 1 495 -46
206 102 272 1 208 193
207 308 536 1 409 461
208 437 886 1 533 806
209 384 152 1 493 73
210 405 45 1 515 -36
211 116 159 1 226 78
212 443 80 1 553 0
213 281 169 1 388 90
214 123 430 1 228 353
215 351 920 1 447 839
216 59 1048 1 165 948
217 130 796 1 234 713
218 76 708 1 185 622
219 239 715 1 341 635
220 329 98 1 437 18
221 64 333 1 170 255
222 28 681 1 139 596
223 118 564 1 221 488
224 383 987 1 476 909
225 293 311 1 398 235
226 306 128 1 413 49
227 365 930 1 460 847
228 434 109 1 544 28
229 375 884 1 472 802
230 469 311 1 576 236
231 108 901 1 213 811
232 309 152 1 416 73
233 183 794 1 286 711
234 389 1149 1 480 1067
235 93 1225 1 197 1115
236 531 712 1 628 635
237 431 1187 1 520 1098
238 181 158 1 289 79
239 441 1160 1 530 1075
240 183 988 1 280 901
241 120 914 1 220 828
242 446 443 1 550 369
243 300 402 1 404 327
244 278 153 1 386 74
245 71 786 1 179 699
246 507 584 1 607 511
247 360 973 1 452 892
248 146 1101 1 247 1000
249 207 686 1 309 607
250 294 335 1 399 259
251 189 736 1 289 657
252 177 751 1 277 672
253 184 457 1 289 381
254 83 375 1 187 299
255 423 862 1 518 782
256 464 194 1 573 115
257 127 280 1 237 204
258 559 723 1 655 646
259 295 846 1 393 763
260 407 1168 1 495 1087
261 207 813 1 309 728
262 423 628 1 523 555
263 468 742 1 566 663
264 74 1092 1 177 996
265 193 161 1 301 83
266 452 844 1 548 765
267 436 1097 1 527 1014
268 443 62 1 554 -19
269 186 1214 1 285 1106
270 342 467 1 444 392
271 392 1172 1 481 1089
272 369 388 1 473 314
273 183 949 1 281 864
274 284 630 1 384 555
275 257 624 1 356 550
276 134 846 1 235 763
277 510 1239 1 597 1145
278 207 779 1 305 700
279 312 412 1 415 336
280 213 544 1 316 468
281 129 701 1 234 620
282 443 511 1 545 438
283 95 744 1 202 657
284 149 772 1 254 690
285 434 710 1 531 632
286 319 883 1 417 799
287 334 400 1 437 325
288 411 289 1 518 214
289 431 1237 1 520 1138
290 407 59 1 516 -21
291 483 924 1 577 844
292 456 389 1 561 315
293 562 740 1 657 663
294 453 722 1 550 644
295 516 270 1 622 195
296 201 736 1 301 657
297 470 574 1 571 501
298 42 128 1 152 48
299 161 926 1 258 843
300 301 1124 1 392 1041
301 356 1172 1 446 1089
302 113 778 1 219 691
303 465 964 1 556 883
304 449 689 1 547 615
305 130 688 1 236 605
306 381 1092 1 473 1012
307 224 569 1 326 493
308 302 991 1 396 912
309 133 1184 1 230 1088
310 247 668 1 347 593
311 102 772 1 209 686
312 419 922 1 513 840
313 292 1152 1 384 1068
314 319 377 1 423 301
315 402 639 1 501 565
316 382 318 1 487 242
317 358 251 1 465 174
318 148 118 1 256 39
319 248 1150 1 341 1062
320 454 379 1 559 305
321 24 198 1 132 120
322 436 961 1 529 879
323 453 818 1 548 739
324 323 86 1 432 6
325 347 1120 1 439 1038
326 131 753 1 236 669
327 430 693 1 529 617
328 28 669 1 141 585
329 470 722 1 566 642
330 158 749 1 260 667
331 456 1228 1 546 1129
332 168 1057 1 266 969
333 73 850 1 175 766
334 102 715 1 210 631
335 357 1183 1 447 1099
336 365 324 1 470 249
337 402 791 1 499 712
338 551 769 1 646 692
339 389 796 1 486 717
340 308 1168 1 400 1082
341 554 944 1 644 864
342 476 884 1 571 805
343 441 622 1 541 548
344 351 1135 1 441 1053
345 210 723 1 311 644
346 89 725 1 196 640
347 90 683 1 199 599
348 431 995 1 524 913
349 379 1145 1 468 1064
350 230 727 1 331 651
351 86 1024 1 191 928
352 568 729 1 665 653
353 467 383 1 572 308
354 279 873 1 377 789
355 217 682 1 318 605
356 185 805 1 287 721
357 315 644 1 415 570
358 447 206 1 555 128
359 369 74 1 478 -6
360 162 784 1 264 703
361 483 808 1 577 730
362 336 417 1 440 342
363 89 552 1 194 475
364 249 1200 1 345 1094
365 192 152 1 300 73
366 536 723 1 632 646
367 369 116 1 478 36
368 238 758 1 337 680
369 452 1024 1 544 943
370 445 787 1 541 708
371 503 752 1 599 674
372 373 1078 1 464 995
373 66 1255 1 168 1147
374 201 708 1 302 629
375 430 790 1 527 710
376 172 723 1 274 643
377 354 863 1 451 781
378 41 824 1 150 736
379 398 775 1 497 696
380 269 660 1 369 584
381 113 297 1 221 220
382 359 949 1 453 865
383 467 707 1 565 629
384 438 1069 1 529 986
385 449 433 1 553 359
386 289 153 1 397 75
387 139 540 1 243 463
388 163 1082 1 259 994
389 102 874 1 206 784
390 458 304 1 565 229
391 352 1150 1 442 1069
392 493 884 1 588 805
393 379 629 1 479 556
394 581 760 1 677 683
395 448 889 1 544 809
396 389 538 1 491 464
397 476 1093 1 567 1008
398 390 622 1 490 548
399 431 1151 1 520 1066
400 437 28 1 548 -52
401 43 684 1 153 600
402 426 319 1 532 244
403 446 178 1 554 99
404 347 1225 1 438 1122
405 119 553 1 222 476
406 194 271 1 300 193
407 209 747 1 310 667
408 382 869 1 478 787
409 446 97 1 556 16
410 457 878 1 551 798
411 205 481 1 308 405
412 500 902 1 594 823
413 346 76 1 456 -4
414 122 716 1 228 632
415 450 404 1 554 331
416 279 888 1 376 803
417 434 860 1 529 780
418 481 1079 1 573 994
419 130 489 1 234 412
420 417 507 1 519 434
421 192 137 1 300 58
422 151 832 1 251 749
423 191 29 1 302 -52
424 470 826 1 566 748
425 459 478 1 562 405
426 431 253 1 538 177
427 74 739 1 183 654
428 292 947 1 388 864
429 435 1130 1 525 1045
430 163 508 1 266 433
431 155 574 1 257 498
432 201 836 1 301 754
433 421 607 1 521 534
434 71 661 1 182 577
435 170 796 1 272 712
436 424 107 1 534 26
437 568 850 1 659 772
438 221 810 1 323 727
439 120 30 1 232 -47
440 442 264 1 548 189
441 51 54 1 163 -26
442 434 734 1 532 656
443 293 876 1 391 792
444 634 1028 1 721 941
445 451 500 1 553 426
446 270 696 1 369 620
447 340 1144 1 431 1063
448 444 107 1 555 27
449 691 700 1 783 621
450 431 952 1 525 869
451 116 677 1 225 592
452 90 43 1 201 -33
453 184 183 1 292 105
454 456 179 1 565 101
455 484 1123 1 576 1038
456 401 412 1 505 337
457 662 241 1 766 169
458 498 966 1 589 887
459 398 361 1 504 286
460 445 167 1 554 88
461 223 583 1 325 508
462 323 257 1 429 180
463 53 369 1 159 292
464 404 888 1 499 807
465 511 284 1 618 210
466 173 524 1 276 448
467 452 854 1 547 774
468 337 440 1 441 366
469 289 1130 1 381 1046
470 416 877 1 512 796
471 298 167 1 405 89
472 273 434 1 376 358
473 287 253 1 393 176
474 289 129 1 397 50
475 225 673 1 326 596
476 398 371 1 503 296
477 231 746 1 329 668
478 477 1044 1 566 962
479 447 750 1 544 671
480 117 1095 1 219 996
481 442 216 1 550 139
482 181 137 1 289 57
483 93 398 1 198 321
484 325 731 1 424 652
485 253 720 1 353 642
486 350 885 1 446 802
487 506 705 1 604 628
488 426 1069 1 517 987
489 73 688 1 182 605
490 157 585 1 259 508
491 306 141 1 414 62
492 597 205 1 702 129
493 256 693 1 355 617
494 63 733 1 172 647
495 370 917 1 466 833
496 358 430 1 462 354
497 53 254 1 161 176
498 242 866 1 341 781
499 66 274 1 173 195
500 102 621 1 208 542
501 206 235 1 313 157
502 170 538 1 273 462
503 195 808 1 298 724
504 187 851 1 286 769
505 431 173 1 539 94
506 183 870 1 282 788
507 101 464 1 206 387
508 496 839 1 591 762
509 334 1224 1 426 1120
510 329 471 1 432 395
511 325 446 1 428 371
512 389 1008 1 482 931
513 247 105 1 356 25
514 462 500 1 565 426
515 128 60 1 240 -16
516 277 650 1 377 573
517 436 203 1 544 125
518 478 378 1 583 304
519 456 256 1 564 180
520 54 766 1 163 679
521 210 518 1 313 442
522 298 153 1 406 75
523 381 115 1 490 35
524 363 904 1 459 822
525 481 869 1 576 790
526 437 233 1 545 156
527 350 1064 1 443 980
528 420 538 1 521 465
529 82 780 1 189 694
530 337 949 1 432 866
