0 333 403 1 426 335
1 427 246 1 523 177
2 43 964 1 140 879
3 486 418 1 579 351
4 129 1041 1 220 954
5 489 386 1 583 320
6 430 106 1 527 33
7 358 941 1 445 864
8 477 359 1 571 291
9 425 1070 1 507 995
10 70 893 1 168 810
11 336 302 1 432 234
12 152 1178 1 240 1092
13 503 704 1 591 633
14 406 24 1 506 -48
15 336 379 1 430 312
16 503 735 1 590 664
17 457 587 1 546 520
18 470 148 1 567 76
19 430 45 1 529 -27
20 571 772 1 657 702
21 463 446 1 555 379
22 209 449 1 302 380
23 402 471 1 494 404
24 174 41 1 274 -27
25 428 144 1 524 72
26 469 482 1 561 416
27 545 776 1 630 706
28 484 292 1 580 226
29 57 864 1 156 781
30 114 997 1 208 910
31 206 431 1 299 363
32 584 733 1 670 663
33 333 390 1 426 322
34 465 562 1 555 496
35 482 775 1 569 703
36 459 705 1 546 633
37 554 728 1 642 657
38 440 82 1 537 10
39 483 468 1 575 402
40 151 29 1 252 -38
41 67 114 1 165 42
42 473 392 1 567 325
43 24 1005 1 122 916
44 103 981 1 200 894
45 47 975 1 145 888
46 218 550 1 309 482
47 62 811 1 162 729
48 132 831 1 225 755
49 517 421 1 609 355
50 434 1036 1 517 961
51 118 1075 1 214 985
52 445 506 1 536 439
53 98 705 1 195 628
54 37 975 1 133 888
55 395 1059 1 479 984
56 426 397 1 520 330
57 146 791 1 240 714
58 62 379 1 157 308
59 162 942 1 253 860
60 454 972 1 538 898
61 457 312 1 552 244
62 103 181 1 199 109
63 60 220 1 156 149
64 107 216 1 203 145
65 573 763 1 659 691
66 331 1132 1 412 1057
67 278 613 1 367 546
68 200 211 1 295 140
69 455 275 1 552 207
70 403 244 1 499 175
71 325 459 1 416 392
72 72 962 1 168 876
73 385 244 1 479 175
74 547 761 1 633 689
75 99 157 1 195 85
76 127 376 1 221 307
77 230 225 1 326 155
78 98 747 1 193 671
79 465 671 1 554 603
80 530 705 1 617 635
81 124 812 1 218 735
82 395 1070 1 478 995
83 392 73 1 491 0
84 162 25 1 264 -44
85 117 443 1 210 373
86 447 758 1 534 683
87 25 852 1 126 768
88 425 1060 1 507 985
89 60 180 1 158 106
90 231 209 1 325 139
91 348 870 1 436 792
92 37 877 1 140 789
93 395 51 1 492 -21
94 195 432 1 288 364
95 420 730 1 509 658
96 517 391 1 611 325
97 161 374 1 254 306
98 57 991 1 154 904
99 453 1005 1 537 929
100 164 87 1 262 15
101 28 798 1 128 717
102 378 432 1 471 364
103 506 822 1 592 751
104 419 720 1 508 647
105 66 265 1 163 193
106 484 486 1 576 420
107 346 70 1 444 -1
108 156 1003 1 246 922
109 152 975 1 242 895
110 60 1018 1 154 936
111 32 964 1 130 879
112 454 577 1 544 509
113 454 246 1 550 176
114 90 878 1 186 795
115 120 321 1 215 252
116 423 610 1 512 544
117 466 765 1 553 693
118 178 1017 1 267 936
119 443 46 1 542 -26
120 311 405 1 405 338
121 144 284 1 241 215
122 462 461 1 554 394
123 154 1093 1 247 1001
124 477 102 1 574 30
125 516 950 1 600 878
126 256 733 1 345 664
127 404 259 1 498 192
128 90 762 1 189 683
129 470 1049 1 552 974
130 136 800 1 231 722
131 66 99 1 165 26
132 86 962 1 184 876
133 509 770 1 594 699
134 112 240 1 208 169
135 128 52 1 229 -16
136 320 495 1 412 428
137 84 38 1 184 -34
138 416 697 1 504 625
139 364 867 1 452 792
140 95 132 1 192 60
141 354 1093 1 437 1019
142 89 975 1 185 888
143 74 679 1 173 603
144 230 720 1 320 650
145 155 342 1 249 273
146 84 344 1 179 274
147 166 419 1 259 350
148 455 385 1 548 318
149 32 1032 1 132 940
150 253 724 1 342 654
151 522 735 1 608 664
152 420 995 1 503 925
153 25 700 1 127 622
154 346 880 1 433 804
155 512 795 1 598 724
156 56 307 1 151 238
157 421 601 1 510 534
158 26 679 1 129 601
159 146 505 1 240 437
160 407 42 1 505 -30
161 478 555 1 568 489
162 548 693 1 635 623
163 51 382 1 147 313
164 445 743 1 532 670
165 462 756 1 551 684
166 31 689 1 134 611
167 344 449 1 436 382
168 468 969 1 552 896
169 342 365 1 435 297
170 379 363 1 473 295
171 261 472 1 353 405
172 390 375 1 484 307
173 352 473 1 444 406
174 64 698 1 163 621
175 52 1199 1 149 1099
176 229 474 1 322 407
177 459 1041 1 540 966
178 152 317 1 245 248
179 201 228 1 296 158
180 362 470 1 454 402
181 403 485 1 495 417
182 121 942 1 214 861
183 490 790 1 577 719
184 146 707 1 243 631
185 509 888 1 593 816
186 407 309 1 501 240
187 106 442 1 199 372
188 268 696 1 357 626
189 216 760 1 306 689
190 123 343 1 218 273
191 278 626 1 369 558
192 40 1219 1 139 1116
193 174 478 1 266 409
194 508 779 1 594 708
195 460 982 1 544 908
196 197 702 1 288 631
197 218 748 1 307 678
198 440 30 1 540 -42
199 274 710 1 364 641
200 501 930 1 585 857
201 442 536 1 533 469
202 48 776 1 148 696
203 526 1243 1 602 1158
204 321 470 1 414 404
205 322 158 1 418 87
206 578 1214 1 659 1126
207 77 765 1 175 687
208 50 925 1 149 839
209 165 1023 1 254 941
210 113 262 1 208 191
211 318 528 1 409 460
212 447 879 1 533 806
213 396 142 1 493 71
214 417 34 1 516 -38
215 127 150 1 226 76
216 455 70 1 554 -2
217 292 159 1 388 88
218 134 421 1 228 351
219 361 912 1 447 839
220 183 1007 1 271 928
221 85 699 1 184 622
222 250 707 1 341 634
223 340 88 1 437 16
224 75 324 1 170 253
225 36 672 1 138 596
226 129 555 1 221 486
227 392 978 1 476 908
228 304 302 1 398 233
229 317 118 1 414 47
230 374 923 1 461 847
231 446 99 1 545 26
232 385 876 1 472 802
233 481 302 1 576 234
234 118 892 1 212 811
235 321 142 1 416 71
236 193 786 1 286 711
237 398 1140 1 480 1066
238 100 1217 1 196 1116
239 542 706 1 629 635
240 396 24 1 495 -49
241 439 1180 1 520 1098
242 192 148 1 289 78
243 450 1152 1 530 1075
244 193 979 1 281 901
245 129 905 1 220 827
246 457 435 1 550 368
247 311 393 1 404 325
248 289 144 1 386 72
249 80 778 1 178 699
250 518 576 1 607 510
251 368 965 1 453 891
252 189 908 1 275 835
253 217 677 1 309 606
254 306 326 1 399 257
255 153 771 1 246 695
256 187 743 1 277 671
257 195 448 1 289 380
258 118 822 1 214 741
259 94 366 1 187 298
260 433 855 1 519 781
261 75 741 1 173 663
262 138 270 1 237 202
263 570 716 1 657 646
264 304 838 1 393 763
265 416 1160 1 496 1086
266 216 805 1 309 727
267 93 1058 1 185 972
268 434 620 1 523 554
269 24 189 1 124 121
270 98 841 1 194 760
271 204 152 1 301 81
272 463 837 1 548 764
273 476 182 1 574 113
274 456 51 1 555 -21
275 193 1207 1 285 1107
276 353 458 1 445 391
277 401 1164 1 481 1088
278 380 380 1 474 312
279 73 755 1 174 674
280 192 940 1 281 863
281 294 622 1 384 554
282 268 616 1 357 548
283 144 838 1 235 762
284 217 771 1 306 699
285 163 978 1 252 898
286 323 403 1 415 334
287 224 535 1 316 467
288 454 503 1 546 436
289 104 736 1 202 657
290 26 1015 1 126 924
291 444 703 1 532 631
292 329 875 1 417 799
293 345 391 1 437 323
294 423 280 1 518 213
295 439 1231 1 521 1140
296 419 49 1 517 -23
297 493 918 1 577 844
298 467 380 1 561 313
299 573 733 1 659 663
300 463 715 1 551 643
301 120 801 1 215 723
302 528 261 1 623 193
303 211 727 1 301 656
304 367 1174 1 447 1098
305 481 566 1 572 500
306 53 118 1 151 46
307 170 917 1 258 842
308 310 1116 1 393 1040
309 197 832 1 286 758
310 366 1163 1 447 1088
311 122 769 1 219 691
312 475 957 1 557 883
313 460 681 1 548 614
314 139 680 1 236 605
315 391 1084 1 473 1011
316 235 560 1 327 492
317 312 982 1 397 911
318 142 1173 1 230 1087
319 257 659 1 347 591
320 429 915 1 514 840
321 330 368 1 423 300
322 413 631 1 501 564
323 393 309 1 488 240
324 370 242 1 465 173
325 159 108 1 256 37
326 257 1141 1 341 1062
327 466 370 1 559 303
328 34 188 1 131 118
329 446 953 1 530 879
330 516 1233 1 597 1146
331 463 811 1 549 738
332 335 76 1 433 4
333 356 1111 1 439 1037
334 479 729 1 568 657
335 440 685 1 529 616
336 38 661 1 140 585
337 480 714 1 566 641
338 167 740 1 260 666
339 464 1222 1 547 1131
340 178 1048 1 266 968
341 81 841 1 175 765
342 111 707 1 209 631
343 376 315 1 470 247
344 412 783 1 500 711
345 562 763 1 648 692
346 399 789 1 487 716
347 318 1159 1 400 1082
348 564 938 1 645 864
349 486 877 1 571 804
350 452 613 1 542 547
351 31 1193 1 127 1097
352 360 1126 1 442 1052
353 220 714 1 311 643
354 98 716 1 196 640
355 99 675 1 198 599
356 440 988 1 524 913
357 388 1136 1 469 1063
358 241 719 1 331 650
359 95 1017 1 191 928
360 579 723 1 666 652
361 478 374 1 572 307
362 288 866 1 378 788
363 227 674 1 318 604
364 194 797 1 287 721
365 193 961 1 282 883
366 459 196 1 555 126
367 381 63 1 478 -8
368 173 775 1 264 702
369 493 801 1 578 730
370 348 408 1 440 341
371 100 543 1 194 474
372 256 1193 1 345 1096
373 546 716 1 633 646
374 381 106 1 478 34
375 249 749 1 338 679
376 461 1017 1 544 943
377 455 780 1 542 707
378 513 746 1 600 674
379 382 1070 1 465 994
380 74 1246 1 168 1147
381 211 699 1 302 628
382 440 782 1 527 710
383 182 715 1 275 643
384 364 856 1 452 781
385 50 816 1 149 736
386 408 767 1 497 695
387 279 651 1 369 582
388 123 288 1 221 218
389 368 941 1 454 864
390 478 700 1 566 629
391 447 1062 1 529 986
392 460 424 1 553 358
393 301 143 1 397 73
394 150 531 1 243 462
395 172 1073 1 259 994
396 111 865 1 206 784
397 470 295 1 565 227
398 361 1142 1 442 1068
399 503 877 1 588 804
400 390 621 1 479 555
401 592 754 1 678 683
402 459 882 1 544 809
403 400 529 1 492 463
404 485 1087 1 568 1008
405 401 613 1 490 547
406 440 1144 1 520 1065
407 52 676 1 153 599
408 438 310 1 533 243
409 458 168 1 555 97
410 354 1218 1 439 1123
411 129 544 1 222 475
412 205 262 1 300 192
413 219 738 1 310 667
414 60 821 1 159 739
415 392 861 1 478 787
416 458 87 1 556 14
417 467 870 1 552 797
418 216 472 1 308 403
419 510 896 1 595 823
420 40 954 1 137 868
421 358 66 1 456 -6
422 131 708 1 228 632
423 461 396 1 554 329
424 288 880 1 376 803
425 444 853 1 530 780
426 490 1072 1 574 994
427 140 480 1 234 411
428 428 499 1 520 432
429 203 128 1 300 57
430 226 702 1 315 632
431 28 94 1 131 27
432 480 819 1 566 748
433 471 470 1 562 404
434 443 244 1 539 175
435 85 1014 1 178 926
436 85 731 1 183 653
437 301 939 1 388 864
438 444 1122 1 525 1045
439 435 1154 1 515 1075
440 174 499 1 266 431
441 66 794 1 163 714
442 166 566 1 257 497
443 211 828 1 302 753
444 432 598 1 522 533
445 80 653 1 181 576
446 180 788 1 272 712
447 437 97 1 535 24
448 578 843 1 660 772
449 231 802 1 323 726
450 453 255 1 549 187
451 63 44 1 163 -28
452 444 727 1 533 655
453 302 869 1 391 792
454 643 1023 1 723 942
455 462 492 1 554 425
456 281 688 1 369 619
457 200 727 1 290 656
458 349 1135 1 431 1062
459 457 97 1 555 25
460 440 944 1 526 869
461 125 669 1 224 592
462 101 32 1 201 -35
463 195 173 1 292 103
464 468 170 1 565 99
465 412 403 1 506 336
466 675 231 1 769 166
467 508 958 1 590 886
468 457 157 1 554 86
469 234 575 1 326 507
470 334 248 1 429 178
471 64 359 1 159 291
472 413 881 1 500 807
473 523 275 1 619 208
474 184 516 1 276 447
475 462 847 1 547 774
476 348 432 1 441 365
477 298 1121 1 382 1045
478 426 870 1 512 796
479 310 158 1 405 87
480 284 425 1 376 357
481 298 244 1 393 174
482 301 119 1 397 48
483 84 1085 1 177 996
484 410 362 1 504 294
485 241 737 1 330 667
486 486 1036 1 567 962
487 457 743 1 544 671
488 125 1086 1 219 997
489 454 207 1 550 137
490 192 128 1 289 55
491 104 388 1 198 319
492 335 724 1 425 652
493 264 712 1 353 641
494 359 877 1 447 801
495 517 698 1 605 628
496 83 680 1 182 604
497 168 575 1 260 507
498 318 132 1 414 60
499 609 195 1 703 126
500 266 685 1 355 616
501 72 724 1 172 647
502 380 910 1 466 833
503 370 421 1 463 353
504 64 245 1 160 174
505 251 858 1 341 781
506 78 265 1 173 194
507 114 611 1 208 541
508 218 225 1 313 155
509 181 529 1 273 461
510 205 800 1 298 724
511 197 842 1 286 769
512 443 163 1 540 92
513 193 886 1 282 810
514 112 455 1 206 385
515 507 833 1 592 761
516 342 1217 1 427 1122
517 340 462 1 432 394
518 336 438 1 428 370
519 398 1000 1 483 930
520 258 95 1 356 22
521 473 492 1 565 425
522 287 641 1 378 572
523 448 194 1 544 123
524 490 369 1 584 303
525 468 247 1 564 178
526 63 757 1 162 679
527 221 509 1 313 441
528 310 144 1 407 73
529 393 105 1 490 33
530 373 897 1 459 822
531 491 862 1 577 790
532 449 224 1 545 154
533 359 1056 1 443 980
534 431 530 1 522 463
535 91 772 1 189 693
536 346 941 1 432 866
