0 24 1110 1 119 1022
1 345 393 1 426 334
2 440 236 1 523 175
3 49 953 1 140 879
4 498 408 1 579 350
5 134 1029 1 220 954
6 501 377 1 583 318
7 443 94 1 527 31
8 366 932 1 445 864
9 489 349 1 571 290
10 431 1061 1 507 994
11 77 881 1 167 810
12 348 291 1 433 232
13 157 1166 1 240 1091
14 513 696 1 592 633
15 355 273 1 439 213
16 24 879 1 113 806
17 348 368 1 430 310
18 512 728 1 590 664
19 467 577 1 547 519
20 484 137 1 568 74
21 444 34 1 529 -29
22 63 853 1 155 781
23 581 765 1 658 702
24 475 436 1 555 378
25 220 438 1 302 379
26 413 461 1 494 402
27 186 27 1 273 -29
28 441 133 1 525 70
29 481 473 1 562 414
30 554 768 1 631 705
31 497 282 1 580 224
32 120 986 1 208 910
33 217 420 1 299 362
34 87 886 1 174 814
35 594 726 1 671 662
36 345 379 1 426 321
37 475 553 1 556 495
38 491 767 1 569 702
39 468 697 1 546 633
40 564 721 1 643 657
41 454 70 1 538 8
42 494 459 1 575 400
43 485 382 1 567 323
44 30 993 1 121 917
45 53 963 1 145 889
46 228 539 1 309 480
47 528 411 1 610 353
48 80 101 1 165 40
49 441 1027 1 517 961
50 124 1064 1 213 985
51 456 496 1 537 438
52 107 694 1 195 628
53 43 963 1 133 889
54 429 974 1 505 911
55 402 1050 1 479 984
56 438 387 1 520 328
57 154 780 1 240 713
58 74 366 1 156 307
59 169 931 1 253 860
60 461 964 1 539 898
61 470 302 1 552 243
62 116 168 1 199 107
63 26 1015 1 120 933
64 72 208 1 156 147
65 119 204 1 202 144
66 582 756 1 660 691
67 141 819 1 225 755
68 336 1122 1 413 1056
69 288 602 1 367 544
70 212 199 1 295 138
71 468 265 1 552 205
72 416 234 1 499 173
73 336 449 1 417 390
74 78 950 1 168 876
75 398 233 1 480 173
76 556 753 1 634 689
77 111 144 1 195 83
78 138 364 1 221 306
79 243 214 1 326 153
80 106 736 1 192 670
81 475 663 1 554 602
82 539 698 1 618 634
83 132 800 1 218 735
84 401 1061 1 478 994
85 406 61 1 491 -1
86 128 430 1 210 372
87 456 749 1 535 683
88 32 840 1 125 768
89 431 1050 1 508 985
90 72 167 1 158 104
91 243 197 1 326 137
92 356 861 1 436 792
93 43 865 1 139 790
94 409 39 1 493 -23
95 206 421 1 288 362
96 429 722 1 509 658
97 529 382 1 612 324
98 172 362 1 254 304
99 110 971 1 199 895
100 63 979 1 154 904
101 459 996 1 537 929
102 177 74 1 262 13
103 36 786 1 127 717
104 389 422 1 471 363
105 514 814 1 592 750
106 428 711 1 508 647
107 78 252 1 162 191
108 495 476 1 576 418
109 360 58 1 444 -4
110 162 992 1 246 921
111 158 964 1 242 895
112 67 1006 1 153 935
113 39 953 1 129 879
114 25 709 1 114 643
115 466 235 1 550 174
116 97 867 1 186 795
117 132 309 1 215 251
118 433 600 1 512 542
119 475 757 1 554 693
120 185 1006 1 267 936
121 323 394 1 405 336
122 155 272 1 241 214
123 473 451 1 555 392
124 159 1083 1 246 1002
125 491 91 1 575 28
126 524 942 1 601 877
127 265 722 1 345 663
128 465 567 1 545 508
129 417 248 1 498 190
130 98 751 1 188 683
131 476 1040 1 553 974
132 143 789 1 231 722
133 79 86 1 165 24
134 93 951 1 183 877
135 518 762 1 595 698
136 124 228 1 208 167
137 141 38 1 229 -19
138 331 484 1 413 427
139 97 24 1 184 -36
140 425 688 1 504 624
141 372 858 1 452 791
142 107 120 1 192 58
143 361 1082 1 438 1018
144 459 35 1 543 -29
145 95 964 1 185 888
146 82 668 1 173 602
147 239 709 1 321 649
148 167 330 1 249 271
149 96 332 1 179 273
150 177 408 1 259 348
151 467 375 1 549 317
152 39 1020 1 131 941
153 262 713 1 342 653
154 531 727 1 609 663
155 427 986 1 504 924
156 33 688 1 126 622
157 353 871 1 434 804
158 520 787 1 599 723
159 67 295 1 151 237
160 431 591 1 510 533
161 34 667 1 128 601
162 157 494 1 240 435
163 421 30 1 506 -33
164 29 897 1 120 825
165 488 546 1 569 488
166 558 686 1 636 622
167 62 369 1 147 311
168 454 735 1 533 670
169 471 748 1 552 684
170 39 677 1 133 610
171 355 438 1 437 380
172 475 961 1 552 895
173 353 354 1 435 295
174 391 352 1 473 294
175 272 461 1 353 403
176 402 365 1 484 306
177 363 463 1 444 404
178 72 687 1 162 621
179 240 463 1 322 405
180 466 1033 1 541 966
181 163 305 1 245 246
182 213 216 1 296 156
183 373 460 1 454 400
184 414 475 1 495 416
185 128 930 1 214 861
186 499 782 1 578 719
187 155 697 1 242 630
188 516 881 1 594 816
189 419 298 1 502 239
190 117 430 1 199 370
191 277 685 1 358 625
192 225 749 1 307 688
193 135 331 1 218 272
194 288 616 1 369 557
195 44 1208 1 138 1117
196 185 466 1 266 408
197 516 771 1 595 708
198 467 973 1 544 907
199 206 691 1 288 630
200 226 737 1 307 677
201 283 699 1 364 640
202 509 922 1 585 857
203 452 526 1 533 468
204 56 764 1 147 695
205 530 1236 1 603 1159
206 332 460 1 414 403
207 335 146 1 418 85
208 583 1208 1 654 1128
209 85 754 1 174 687
210 56 912 1 148 839
211 171 1011 1 254 941
212 125 250 1 208 190
213 329 517 1 410 458
214 454 871 1 534 805
215 409 131 1 493 69
216 139 137 1 226 74
217 469 58 1 554 -4
218 305 148 1 389 86
219 145 409 1 228 350
220 368 902 1 448 838
221 190 995 1 271 928
222 94 688 1 184 622
223 259 696 1 341 634
224 354 76 1 438 14
225 87 312 1 170 252
226 44 661 1 137 595
227 139 544 1 221 485
228 399 969 1 477 907
229 316 291 1 398 232
230 331 106 1 414 45
231 381 914 1 461 846
232 460 87 1 545 24
233 393 867 1 473 802
234 494 292 1 577 232
235 126 881 1 212 811
236 334 130 1 417 69
237 201 776 1 286 710
238 404 1130 1 480 1065
239 551 698 1 630 634
240 205 136 1 289 76
241 455 1143 1 531 1074
242 199 968 1 281 900
243 137 894 1 220 827
244 469 425 1 551 366
245 322 382 1 404 324
246 303 132 1 386 71
247 88 767 1 178 699
248 529 568 1 608 508
249 375 955 1 453 890
250 196 897 1 275 834
251 226 666 1 309 605
252 318 315 1 400 256
253 161 760 1 246 695
254 195 732 1 277 670
255 206 437 1 289 378
256 125 810 1 214 741
257 105 354 1 187 296
258 441 846 1 519 781
259 83 729 1 172 663
260 24 810 1 119 736
261 580 708 1 658 645
262 312 829 1 393 762
263 421 1149 1 496 1085
264 224 794 1 309 727
265 99 1046 1 185 972
266 444 610 1 523 552
267 35 176 1 124 119
268 105 829 1 193 760
269 448 977 1 525 912
270 471 828 1 549 764
271 489 171 1 574 111
272 470 39 1 555 -23
273 198 1197 1 285 1109
274 364 448 1 445 389
275 406 1154 1 482 1087
276 392 369 1 474 311
277 80 744 1 173 674
278 200 929 1 281 863
279 304 611 1 384 553
280 278 605 1 357 547
281 128 917 1 213 846
282 225 760 1 306 698
283 170 966 1 252 898
284 334 392 1 416 333
285 235 524 1 316 466
286 465 494 1 546 435
287 112 725 1 201 657
288 32 1003 1 125 924
289 453 694 1 533 631
290 336 866 1 417 799
291 357 380 1 438 322
292 435 270 1 519 211
293 444 1223 1 521 1141
294 434 37 1 517 -25
295 500 910 1 578 844
296 479 370 1 562 312
297 582 726 1 660 662
298 472 706 1 552 643
299 128 790 1 215 723
300 541 251 1 624 191
301 220 716 1 301 656
302 372 1163 1 448 1097
303 492 556 1 572 498
304 65 105 1 151 44
305 177 906 1 259 842
306 316 1105 1 393 1039
307 205 821 1 286 757
308 371 1152 1 447 1087
309 130 759 1 219 691
310 151 260 1 236 200
311 482 948 1 558 882
312 469 672 1 548 613
313 148 669 1 235 604
314 397 1074 1 474 1010
315 245 549 1 327 491
316 319 972 1 397 910
317 148 1162 1 230 1087
318 267 649 1 347 590
319 436 907 1 514 840
320 342 357 1 423 298
321 422 621 1 502 563
322 406 298 1 488 239
323 382 231 1 465 171
324 172 95 1 256 35
325 263 1130 1 342 1061
326 478 361 1 560 302
327 47 175 1 131 116
328 453 945 1 530 879
329 472 803 1 550 738
330 349 64 1 433 2
331 362 1101 1 439 1036
332 488 721 1 568 657
333 450 676 1 530 615
334 46 650 1 139 584
335 489 706 1 567 640
336 176 729 1 260 665
337 469 1215 1 547 1132
338 185 1036 1 266 968
339 89 830 1 174 765
340 119 697 1 209 630
341 389 304 1 471 246
342 420 775 1 500 711
343 571 755 1 649 691
344 407 780 1 487 716
345 324 1148 1 400 1081
346 571 931 1 646 864
347 494 869 1 572 804
348 462 604 1 542 546
349 36 1181 1 127 1097
350 365 1116 1 442 1051
351 229 704 1 311 642
352 107 705 1 196 639
353 108 663 1 198 598
354 393 1126 1 469 1062
355 250 708 1 331 649
356 101 1006 1 190 929
357 589 715 1 667 652
358 490 364 1 573 305
359 296 856 1 378 788
360 237 663 1 318 603
361 203 786 1 287 720
362 200 950 1 282 883
363 472 186 1 556 124
364 395 51 1 478 -10
365 181 764 1 264 701
366 501 793 1 578 729
367 359 398 1 440 339
368 110 531 1 194 472
369 261 1184 1 345 1097
370 556 709 1 634 645
371 394 95 1 478 32
372 258 739 1 338 678
373 468 1009 1 545 943
374 464 772 1 543 707
375 522 738 1 601 674
376 388 1060 1 465 994
377 79 1233 1 168 1148
378 220 688 1 302 627
379 449 774 1 528 710
380 191 704 1 275 642
381 372 847 1 452 780
382 58 805 1 149 736
383 416 759 1 498 695
384 289 641 1 370 581
385 135 275 1 221 217
386 376 932 1 454 864
387 487 691 1 567 628
388 453 1053 1 530 986
389 472 415 1 553 356
390 314 132 1 398 71
391 160 520 1 243 461
392 178 1062 1 259 993
393 119 854 1 206 784
394 483 285 1 566 226
395 366 1131 1 443 1067
396 511 869 1 589 804
397 400 611 1 479 554
398 601 747 1 679 682
399 54 674 1 148 606
400 467 874 1 545 809
401 411 520 1 492 461
402 491 1079 1 569 1008
403 411 604 1 490 546
404 445 1135 1 521 1065
405 58 1188 1 149 1100
406 60 664 1 152 599
407 451 300 1 533 241
408 471 157 1 555 96
409 359 1210 1 439 1124
410 140 533 1 222 474
411 217 250 1 300 190
412 228 728 1 310 666
413 67 810 1 159 739
414 400 853 1 479 786
415 472 76 1 557 12
416 475 862 1 552 797
417 227 461 1 308 402
418 517 888 1 595 823
419 46 942 1 137 868
420 371 53 1 456 -8
421 473 386 1 555 328
422 296 870 1 377 803
423 452 845 1 531 780
424 496 1065 1 574 994
425 151 468 1 234 410
426 439 489 1 520 431
427 216 115 1 300 55
428 235 691 1 315 631
429 40 80 1 130 24
430 488 811 1 567 748
431 482 461 1 563 402
432 456 234 1 539 173
433 90 1002 1 178 926
434 93 720 1 182 653
435 309 929 1 389 863
436 449 1113 1 526 1044
437 440 1144 1 515 1075
438 185 488 1 266 430
439 73 782 1 163 714
440 176 554 1 257 495
441 442 589 1 522 531
442 88 641 1 180 576
443 188 778 1 272 711
444 450 86 1 535 22
445 586 836 1 661 772
446 239 792 1 323 726
447 466 244 1 549 185
448 453 718 1 533 655
449 310 860 1 392 792
450 650 1018 1 725 943
451 473 482 1 554 424
452 290 677 1 369 618
453 208 716 1 290 655
454 431 24 1 516 -40
455 355 1124 1 431 1061
456 168 1059 1 251 989
457 471 86 1 556 23
458 448 936 1 526 869
459 134 658 1 224 591
460 208 161 1 292 101
461 481 160 1 566 97
462 424 393 1 506 334
463 690 221 1 771 163
464 515 950 1 591 886
465 470 146 1 555 84
466 244 564 1 326 506
467 347 237 1 429 177
468 76 347 1 159 289
469 421 873 1 500 806
470 536 265 1 620 206
471 195 504 1 276 445
472 470 838 1 548 774
473 360 421 1 442 364
474 304 1110 1 382 1044
475 434 861 1 513 795
476 323 146 1 405 85
477 295 414 1 377 355
478 310 232 1 393 172
479 314 107 1 398 46
480 90 1072 1 176 997
481 133 682 1 222 616
482 250 727 1 330 666
483 492 1028 1 568 962
484 466 735 1 545 670
485 131 1075 1 219 997
486 305 1088 1 382 1022
487 205 116 1 289 53
488 115 377 1 198 318
489 344 714 1 425 651
490 273 701 1 353 640
491 367 868 1 447 801
492 527 690 1 606 627
493 91 669 1 181 604
494 179 564 1 260 505
495 331 120 1 414 58
496 623 185 1 705 124
497 276 674 1 356 615
498 81 713 1 171 646
499 387 901 1 467 833
500 381 411 1 463 351
501 76 232 1 160 173
502 259 848 1 341 781
503 90 253 1 173 192
504 125 599 1 208 540
505 230 213 1 313 153
506 191 518 1 273 459
507 213 790 1 298 723
508 456 152 1 540 90
509 200 874 1 282 809
510 515 825 1 593 761
511 347 1208 1 427 1123
512 351 452 1 432 392
513 347 427 1 429 368
514 405 990 1 483 929
515 271 83 1 356 20
516 484 482 1 566 424
517 297 631 1 378 571
518 461 183 1 545 122
519 502 360 1 584 301
520 481 237 1 565 176
521 71 746 1 162 679
522 232 498 1 313 439
523 323 132 1 407 71
524 406 94 1 491 31
525 381 888 1 460 821
526 500 854 1 577 790
527 462 213 1 546 152
528 366 1046 1 443 979
529 442 520 1 522 462
530 99 761 1 189 693
531 354 931 1 432 865
