0 107 954 1 187 931
1 29 1057 1 114 1027
2 139 976 1 218 955
3 356 334 1 427 328
4 454 174 1 524 168
5 512 351 1 581 344
6 351 241 1 424 235
7 515 319 1 585 312
8 459 28 1 528 23
9 433 1205 1 505 1191
10 503 290 1 573 283
11 479 650 1 549 635
12 360 230 1 432 225
13 524 645 1 594 631
14 367 211 1 439 206
15 523 677 1 592 662
16 478 522 1 548 514
17 373 880 1 445 864
18 500 72 1 569 66
19 438 996 1 509 983
20 55 899 1 136 880
21 592 716 1 660 701
22 488 379 1 557 372
23 230 379 1 302 374
24 425 404 1 495 397
25 457 68 1 526 62
26 493 416 1 563 409
27 92 831 1 172 814
28 564 718 1 633 704
29 512 222 1 582 218
30 438 1007 1 509 993
31 227 361 1 299 356
32 606 676 1 674 661
33 167 1108 1 239 1090
34 487 497 1 557 490
35 501 716 1 571 701
36 575 671 1 645 655
37 507 403 1 576 395
38 130 1013 1 210 988
39 35 941 1 118 918
40 499 324 1 568 317
41 27 865 1 109 846
42 30 891 1 113 870
43 59 911 1 141 890
44 238 481 1 309 476
45 30 1037 1 114 1009
46 423 1243 1 494 1232
47 39 863 1 121 843
48 543 355 1 612 348
49 86 32 1 164 32
50 447 974 1 518 960
51 142 839 1 219 825
52 29 823 1 110 806
53 468 440 1 538 433
54 436 917 1 506 908
55 409 994 1 480 982
56 451 329 1 521 323
57 52 992 1 136 963
58 356 321 1 427 315
59 102 814 1 183 796
60 82 306 1 155 301
61 57 853 1 138 836
62 468 911 1 540 897
63 161 727 1 237 712
64 484 242 1 553 236
65 124 103 1 198 100
66 465 625 1 535 617
67 30 962 1 115 936
68 80 144 1 154 141
69 362 311 1 432 305
70 594 706 1 662 690
71 343 1063 1 414 1053
72 222 135 1 294 131
73 483 204 1 554 198
74 430 172 1 500 166
75 348 391 1 417 385
76 128 140 1 200 137
77 411 171 1 480 166
78 567 704 1 637 688
79 119 78 1 194 75
80 48 910 1 130 889
81 147 303 1 221 300
82 254 151 1 325 147
83 111 683 1 190 669
84 136 862 1 212 846
85 485 609 1 555 599
86 550 647 1 620 632
87 408 1005 1 479 992
88 126 934 1 205 912
89 136 371 1 209 366
90 465 698 1 536 682
91 37 789 1 120 769
92 79 102 1 156 97
93 254 134 1 325 130
94 363 809 1 436 791
95 27 832 1 108 815
96 135 737 1 212 722
97 216 362 1 288 357
98 439 670 1 510 656
99 544 325 1 614 318
100 181 302 1 253 298
101 115 919 1 196 897
102 70 928 1 150 905
103 467 943 1 538 928
104 402 364 1 472 357
105 524 763 1 594 749
106 438 659 1 509 645
107 86 190 1 161 185
108 508 421 1 577 413
109 202 1199 1 276 1184
110 298 545 1 368 539
111 114 652 1 192 638
112 135 1224 1 210 1206
113 30 655 1 110 641
114 141 248 1 214 244
115 444 545 1 513 537
116 485 707 1 555 691
117 186 850 1 259 838
118 334 335 1 405 331
119 162 210 1 239 207
120 486 394 1 556 387
121 41 734 1 123 717
122 164 1031 1 244 1005
123 508 24 1 576 19
124 532 890 1 602 876
125 48 817 1 133 793
126 476 512 1 546 503
127 431 186 1 498 182
128 68 790 1 149 772
129 95 777 1 173 763
130 256 629 1 328 620
131 152 737 1 228 721
132 529 711 1 597 697
133 342 427 1 413 421
134 435 636 1 505 622
135 380 806 1 453 791
136 414 602 1 483 592
137 40 1040 1 123 1013
138 166 909 1 241 893
139 367 1024 1 439 1014
140 120 1150 1 204 1115
141 87 615 1 168 601
142 249 653 1 321 645
143 176 270 1 248 265
144 104 272 1 178 267
145 187 349 1 258 343
146 480 318 1 550 311
147 44 968 1 127 944
148 542 677 1 611 662
149 434 929 1 505 921
150 38 635 1 121 621
151 530 737 1 601 722
152 34 807 1 115 791
153 40 773 1 121 756
154 38 614 1 123 600
155 167 435 1 239 430
156 149 763 1 224 752
157 500 491 1 570 483
158 569 635 1 638 621
159 72 309 1 146 305
160 463 684 1 534 669
161 482 1048 1 552 1035
162 112 641 1 191 626
163 367 380 1 437 375
164 483 909 1 554 894
165 365 295 1 436 289
166 403 293 1 474 288
167 282 404 1 353 398
168 85 899 1 165 877
169 343 209 1 415 205
170 414 306 1 485 300
171 374 406 1 445 399
172 35 844 1 116 825
173 42 624 1 127 609
174 117 51 1 191 51
175 250 405 1 322 400
176 472 980 1 542 965
177 173 244 1 245 240
178 224 153 1 296 149
179 384 402 1 454 395
180 426 418 1 496 411
181 45 683 1 127 669
182 165 921 1 240 905
183 508 731 1 579 717
184 361 819 1 434 804
185 37 953 1 120 927
186 525 830 1 595 815
187 432 238 1 502 232
188 126 371 1 198 365
189 286 629 1 358 620
190 234 693 1 306 684
191 144 271 1 217 266
192 298 559 1 369 552
193 194 408 1 266 403
194 526 720 1 596 706
195 474 921 1 545 906
196 517 870 1 587 856
197 464 470 1 534 463
198 534 1185 1 605 1162
199 344 402 1 414 397
200 348 81 1 418 77
201 588 1161 1 657 1134
202 160 646 1 239 629
203 481 172 1 551 167
204 198 939 1 271 926
205 113 665 1 192 650
206 133 188 1 207 183
207 340 461 1 410 453
208 463 820 1 535 805
209 424 66 1 494 61
210 47 784 1 132 763
211 482 987 1 554 973
212 154 350 1 227 344
213 377 848 1 448 836
214 192 949 1 267 935
215 170 685 1 247 671
216 99 634 1 180 620
217 95 251 1 169 246
218 50 608 1 133 594
219 148 486 1 221 480
220 57 844 1 140 823
221 328 230 1 399 225
222 347 64 1 418 60
223 389 862 1 461 846
224 195 967 1 270 950
225 275 666 1 346 658
226 401 816 1 473 801
227 508 232 1 578 226
228 347 65 1 417 61
229 208 722 1 284 709
230 410 1072 1 481 1062
231 131 761 1 211 741
232 185 966 1 260 946
233 176 910 1 252 896
234 563 648 1 632 633
235 49 1158 1 134 1123
236 460 1089 1 532 1074
237 482 368 1 552 361
238 334 323 1 405 318
239 206 912 1 280 898
240 541 514 1 610 504
241 381 900 1 454 888
242 324 1103 1 395 1092
243 235 610 1 308 601
244 329 254 1 400 250
245 168 706 1 244 693
246 216 378 1 289 373
247 114 294 1 186 290
248 347 63 1 417 59
249 212 692 1 285 678
250 88 676 1 168 662
251 592 659 1 660 644
252 321 776 1 393 761
253 427 1091 1 497 1082
254 232 741 1 307 726
255 105 991 1 183 972
256 455 555 1 524 548
257 42 110 1 120 111
258 111 777 1 190 760
259 488 974 1 559 959
260 455 924 1 526 911
261 480 777 1 550 763
262 505 107 1 575 104
263 56 1029 1 139 1004
264 36 1026 1 119 1000
265 203 1147 1 282 1115
266 375 391 1 446 384
267 412 1095 1 483 1084
268 404 311 1 475 305
269 86 690 1 169 674
270 206 873 1 281 860
271 314 554 1 385 548
272 288 548 1 358 542
273 346 333 1 416 327
274 245 467 1 316 461
275 477 437 1 547 430
276 127 629 1 207 615
277 463 642 1 534 629
278 344 814 1 417 798
279 368 321 1 438 316
280 449 209 1 519 203
281 448 1174 1 522 1148
282 195 1039 1 269 1023
283 493 312 1 563 306
284 594 677 1 662 661
285 477 142 1 547 136
286 508 858 1 579 843
287 558 190 1 626 184
288 185 726 1 260 713
289 378 1103 1 449 1094
290 503 501 1 573 494
291 72 37 1 150 37
292 322 1045 1 394 1036
293 213 765 1 286 754
294 377 1093 1 448 1083
295 454 792 1 525 777
296 158 197 1 234 193
297 489 896 1 559 882
298 480 619 1 549 609
299 154 616 1 232 603
300 403 1016 1 475 1007
301 255 492 1 327 486
302 327 917 1 398 907
303 277 592 1 348 586
304 445 855 1 515 839
305 32 687 1 118 670
306 354 298 1 424 292
307 433 566 1 503 558
308 419 238 1 489 232
309 396 170 1 466 164
310 181 28 1 255 27
311 269 1071 1 342 1059
312 491 303 1 561 296
313 54 110 1 129 109
314 481 752 1 551 737
315 369 1042 1 440 1033
316 501 215 1 570 208
317 498 669 1 570 655
318 50 597 1 134 583
319 498 679 1 568 664
320 184 674 1 259 663
321 474 1166 1 549 1138
322 172 835 1 245 824
323 401 1223 1 475 1192
324 441 535 1 511 528
325 430 723 1 501 709
326 582 706 1 651 690
327 416 728 1 488 714
328 141 747 1 216 733
329 580 882 1 648 864
330 503 818 1 573 803
331 475 699 1 545 682
332 372 1057 1 443 1048
333 238 648 1 310 639
334 114 609 1 194 596
335 314 1073 1 386 1062
336 400 1067 1 470 1058
337 259 652 1 331 645
338 176 1003 1 251 988
339 601 665 1 670 650
340 504 306 1 574 299
341 304 804 1 377 788
342 246 607 1 318 599
343 62 757 1 142 740
344 210 733 1 286 719
345 208 895 1 281 881
346 333 335 1 404 330
347 511 742 1 580 728
348 371 339 1 441 333
349 120 474 1 194 467
350 266 1134 1 344 1103
351 567 659 1 636 644
352 410 27 1 479 24
353 266 684 1 338 674
354 475 956 1 546 942
355 101 912 1 181 890
356 533 687 1 603 672
357 394 1005 1 466 992
358 458 722 1 529 708
359 198 649 1 274 639
360 380 795 1 452 780
361 426 706 1 498 693
362 299 584 1 370 577
363 142 214 1 218 210
364 383 880 1 454 864
365 498 639 1 568 626
366 334 336 1 404 330
367 485 357 1 555 350
368 326 66 1 397 63
369 170 462 1 242 456
370 186 1005 1 259 990
371 211 1094 1 290 1066
372 498 225 1 567 219
373 373 1073 1 444 1063
374 520 818 1 591 803
375 411 555 1 480 549
376 613 697 1 682 681
377 59 620 1 143 605
378 474 823 1 546 808
379 444 1188 1 515 1162
380 422 463 1 493 456
381 497 1028 1 570 1009
382 422 548 1 491 541
383 451 1080 1 522 1065
384 334 335 1 405 329
385 65 611 1 148 597
386 464 240 1 534 235
387 364 1159 1 439 1130
388 149 475 1 221 469
389 227 188 1 299 183
390 237 672 1 310 663
391 408 801 1 479 786
392 483 812 1 554 796
393 236 402 1 308 397
394 526 837 1 597 822
395 328 1088 1 399 1078
396 486 329 1 556 322
397 303 818 1 376 802
398 502 1014 1 576 995
399 160 410 1 233 404
400 451 433 1 521 426
401 228 73 1 300 71
402 244 635 1 315 627
403 497 760 1 568 746
404 495 404 1 564 397
405 470 172 1 540 166
406 95 948 1 175 927
407 316 875 1 389 861
408 455 1058 1 527 1044
409 445 1089 1 517 1074
410 194 429 1 266 425
411 42 1126 1 124 1100
412 185 497 1 257 490
413 453 533 1 523 526
414 93 588 1 176 574
415 195 724 1 270 710
416 596 787 1 664 771
417 91 1017 1 169 998
418 247 739 1 322 724
419 481 182 1 550 177
420 463 666 1 534 653
421 318 807 1 391 791
422 659 975 1 729 948
423 44 673 1 128 658
424 486 426 1 555 418
425 299 620 1 370 614
426 218 660 1 289 651
427 361 874 1 433 863
428 413 912 1 483 903
429 362 1065 1 433 1057
430 105 787 1 180 775
431 455 885 1 527 869
432 140 604 1 220 590
433 179 993 1 253 978
434 437 335 1 507 328
435 146 1057 1 223 1039
436 523 899 1 592 885
437 171 645 1 248 633
438 254 507 1 326 501
439 360 175 1 430 170
440 84 287 1 158 283
441 429 821 1 501 806
442 553 205 1 622 199
443 204 446 1 276 440
444 479 787 1 549 773
445 371 363 1 442 358
446 311 1053 1 383 1041
447 442 810 1 514 795
448 336 81 1 405 78
449 306 355 1 377 350
450 322 170 1 393 166
451 28 758 1 114 737
452 139 629 1 218 614
453 258 671 1 330 662
454 499 976 1 569 961
455 476 684 1 546 669
456 311 1029 1 383 1019
457 124 316 1 197 312
458 353 661 1 425 649
459 283 645 1 353 636
460 375 816 1 447 801
461 538 640 1 607 625
462 96 616 1 177 602
463 188 507 1 260 501
464 347 80 1 418 76
465 645 122 1 712 117
466 598 1228 1 667 1205
467 395 849 1 467 832
468 393 352 1 464 346
469 84 169 1 159 166
470 267 795 1 340 780
471 98 191 1 172 186
472 134 542 1 207 535
473 240 151 1 313 146
474 201 460 1 273 454
475 221 736 1 296 722
476 266 642 1 340 631
477 208 820 1 282 807
478 524 774 1 594 760
479 352 1158 1 427 1129
480 362 394 1 433 387
481 359 369 1 429 363
482 413 933 1 484 925
483 497 426 1 567 419
484 307 575 1 378 567
485 516 303 1 586 295
486 496 176 1 566 169
487 77 693 1 158 678
488 217 1052 1 290 1039
489 111 797 1 192 778
490 241 441 1 313 434
491 663 943 1 728 919
492 421 27 1 491 23
493 508 803 1 579 789
494 28 1124 1 112 1095
495 454 464 1 523 457
