0 45 840 1 143 842
1 358 303 1 429 311
2 462 142 1 527 148
3 87 940 1 188 940
4 356 866 1 447 865
5 516 326 1 586 328
6 353 206 1 424 216
7 28 1040 1 136 1033
8 520 292 1 590 295
9 509 263 1 577 266
10 194 677 1 281 683
11 472 637 1 554 634
12 362 195 1 432 206
13 519 633 1 601 630
14 371 176 1 440 186
15 100 1002 1 202 1002
16 187 827 1 279 833
17 517 667 1 599 662
18 476 499 1 552 501
19 420 979 1 512 979
20 459 151 1 525 159
21 587 708 1 670 701
22 490 354 1 561 356
23 228 345 1 302 358
24 426 376 1 498 381
25 469 32 1 529 40
26 61 881 1 164 883
27 495 392 1 567 394
28 520 193 1 587 198
29 512 38 1 573 43
30 225 327 1 299 341
31 99 933 1 199 933
32 31 841 1 133 843
33 602 668 1 684 661
34 418 989 1 512 990
35 485 474 1 561 476
36 77 795 1 174 800
37 572 663 1 655 656
38 509 378 1 581 380
39 503 297 1 573 300
40 61 906 1 164 907
41 558 709 1 642 704
42 233 450 1 309 462
43 429 1247 1 530 1246
44 200 1227 1 303 1228
45 451 927 1 543 925
46 548 331 1 618 332
47 52 1074 1 161 1070
48 430 960 1 522 959
49 162 1181 1 264 1184
50 453 905 1 544 904
51 208 670 1 292 678
52 468 415 1 541 418
53 136 846 1 229 852
54 391 977 1 483 978
55 454 301 1 524 306
56 357 290 1 429 298
57 79 266 1 153 285
58 446 1048 1 541 1047
59 491 213 1 557 217
60 126 58 1 195 79
61 559 685 1 641 678
62 80 99 1 151 121
63 364 279 1 434 288
64 589 698 1 672 691
65 323 1037 1 417 1043
66 226 94 1 293 111
67 491 172 1 558 177
68 438 139 1 502 146
69 347 361 1 419 369
70 129 96 1 197 117
71 418 138 1 483 146
72 562 695 1 646 688
73 122 32 1 191 54
74 145 265 1 219 283
75 258 112 1 325 127
76 102 911 1 200 914
77 77 817 1 170 823
78 480 588 1 560 589
79 521 707 1 605 702
80 389 988 1 483 989
81 73 902 1 176 900
82 451 1191 1 552 1176
83 333 1222 1 433 1228
84 132 334 1 208 351
85 133 121 1 201 142
86 81 55 1 148 79
87 87 834 1 185 839
88 259 94 1 325 110
89 348 794 1 437 793
90 214 327 1 288 341
91 430 655 1 513 654
92 76 943 1 178 942
93 550 299 1 620 302
94 180 265 1 252 282
95 240 624 1 322 633
96 38 911 1 140 914
97 374 987 1 469 988
98 403 335 1 474 341
99 515 751 1 600 747
100 130 1242 1 233 1246
101 430 644 1 512 643
102 495 709 1 579 705
103 140 208 1 212 227
104 440 520 1 517 524
105 476 695 1 561 691
106 77 831 1 176 836
107 335 304 1 407 314
108 158 167 1 232 187
109 488 369 1 560 372
110 25 776 1 124 780
111 91 612 1 181 625
112 29 1007 1 137 1004
113 518 878 1 608 875
114 471 964 1 564 960
115 112 991 1 215 987
116 397 1219 1 498 1223
117 474 488 1 550 490
118 91 585 1 183 595
119 438 152 1 501 161
120 471 886 1 561 883
121 474 667 1 557 663
122 222 673 1 307 680
123 405 578 1 486 581
124 176 1174 1 278 1179
125 27 864 1 128 865
126 560 1185 1 660 1168
127 469 151 1 535 158
128 184 673 1 270 681
129 67 714 1 163 720
130 155 842 1 249 847
131 151 664 1 240 672
132 349 999 1 442 1004
133 81 1153 1 192 1143
134 62 590 1 156 600
135 176 232 1 247 248
136 103 231 1 176 249
137 184 312 1 257 327
138 484 290 1 554 294
139 536 668 1 619 662
140 419 906 1 508 910
141 252 621 1 334 630
142 522 725 1 608 721
143 43 62 1 112 88
144 209 745 1 297 753
145 499 468 1 574 469
146 567 625 1 648 619
147 69 269 1 143 289
148 455 672 1 539 669
149 462 1036 1 557 1034
150 367 351 1 439 359
151 468 896 1 558 894
152 368 263 1 437 272
153 407 263 1 476 270
154 280 371 1 354 383
155 304 1246 1 406 1247
156 346 172 1 415 184
157 417 276 1 487 282
158 343 375 1 416 382
159 373 376 1 447 384
160 159 751 1 250 758
161 419 895 1 510 898
162 415 1247 1 516 1246
163 341 420 1 416 428
164 88 805 1 184 810
165 540 1190 1 638 1175
166 247 372 1 322 385
167 173 205 1 243 222
168 227 114 1 295 130
169 384 373 1 457 379
170 426 391 1 499 395
171 153 1170 1 254 1177
172 158 863 1 251 868
173 345 805 1 435 805
174 411 551 1 489 556
175 514 820 1 602 816
176 438 208 1 505 213
177 121 334 1 197 350
178 277 601 1 359 609
179 143 232 1 215 249
180 167 704 1 256 710
181 191 373 1 265 388
182 105 581 1 196 590
183 341 1114 1 437 1119
184 194 881 1 286 887
185 286 788 1 376 789
186 155 852 1 249 857
187 450 685 1 534 682
188 345 399 1 419 407
189 504 858 1 592 854
190 463 446 1 538 449
191 187 897 1 280 903
192 236 646 1 319 653
193 357 43 1 420 56
194 568 1173 1 667 1156
195 102 676 1 194 683
196 489 141 1 555 147
197 223 1203 1 325 1206
198 134 146 1 204 164
199 337 432 1 412 439
200 451 808 1 539 805
201 435 30 1 497 39
202 168 1150 1 275 1140
203 447 1178 1 548 1163
204 464 974 1 559 972
205 366 782 1 454 781
206 151 313 1 225 329
207 362 829 1 451 831
208 135 592 1 224 601
209 336 1212 1 436 1218
210 88 736 1 182 743
211 94 210 1 166 228
212 183 774 1 271 782
213 141 451 1 220 467
214 331 196 1 400 207
215 356 25 1 418 37
216 373 849 1 463 847
217 222 26 1 287 45
218 440 927 1 531 926
219 386 801 1 475 801
220 149 820 1 240 828
221 516 204 1 583 207
222 300 1234 1 402 1236
223 356 25 1 418 39
224 191 701 1 281 707
225 169 757 1 257 765
226 390 1049 1 485 1053
227 435 176 1 502 183
228 137 623 1 229 630
229 559 637 1 641 631
230 64 1215 1 170 1219
231 195 783 1 284 790
232 440 1076 1 536 1074
233 105 615 1 199 621
234 484 341 1 556 345
235 289 525 1 368 533
236 335 291 1 406 301
237 265 638 1 347 646
238 541 496 1 616 494
239 302 1077 1 398 1083
240 86 910 1 186 907
241 333 221 1 401 232
242 67 724 1 160 732
243 511 710 1 595 705
244 214 343 1 288 357
245 502 719 1 585 715
246 112 255 1 184 274
247 356 24 1 418 36
248 102 603 1 194 611
249 182 919 1 276 923
250 589 649 1 670 643
251 304 760 1 393 761
252 406 1068 1 501 1072
253 215 720 1 304 725
254 450 531 1 528 535
255 407 280 1 477 288
256 98 1206 1 200 1214
257 233 1050 1 329 1058
258 234 1236 1 337 1240
259 469 765 1 555 762
260 517 75 1 580 81
261 195 1174 1 296 1179
262 296 1021 1 390 1026
263 142 1173 1 243 1179
264 375 361 1 448 368
265 391 1071 1 487 1074
266 168 858 1 261 863
267 281 544 1 360 553
268 419 1065 1 515 1065
269 176 1193 1 277 1199
270 298 551 1 378 560
271 355 1121 1 452 1125
272 347 302 1 418 311
273 240 435 1 316 446
274 478 413 1 551 415
275 198 740 1 285 747
276 328 800 1 418 800
277 370 290 1 440 299
278 650 982 1 741 964
279 115 599 1 206 608
280 275 1247 1 376 1254
281 498 285 1 567 288
282 590 668 1 673 661
283 486 109 1 550 114
284 495 848 1 585 843
285 570 160 1 634 162
286 244 579 1 326 588
287 64 649 1 157 658
288 357 1078 1 452 1083
289 502 479 1 578 480
290 442 779 1 529 777
291 155 154 1 228 173
292 67 826 1 162 835
293 473 599 1 554 600
294 315 1047 1 410 1053
295 385 993 1 479 997
296 250 461 1 328 472
297 251 633 1 334 641
298 225 621 1 310 630
299 310 898 1 401 902
300 185 881 1 278 887
301 430 843 1 519 840
302 356 266 1 425 275
303 455 886 1 545 884
304 502 1185 1 602 1171
305 425 207 1 491 214
306 403 136 1 468 144
307 495 1241 1 596 1239
308 454 967 1 547 965
309 496 275 1 565 278
310 54 62 1 124 88
311 467 684 1 550 682
312 177 725 1 265 732
313 217 1250 1 321 1254
314 471 738 1 556 735
315 235 573 1 316 582
316 508 185 1 575 188
317 492 655 1 575 652
318 491 668 1 574 664
319 472 1040 1 567 1033
320 154 690 1 242 699
321 432 979 1 524 978
322 49 1177 1 159 1171
323 373 1232 1 477 1218
324 437 510 1 515 514
325 419 708 1 504 707
326 577 698 1 660 691
327 405 712 1 490 712
328 569 878 1 657 869
329 491 807 1 579 803
330 352 1033 1 446 1038
331 294 1046 1 389 1053
332 380 1044 1 474 1048
333 34 647 1 131 654
334 598 657 1 680 650
335 509 279 1 579 282
336 137 390 1 213 405
337 424 1082 1 520 1080
338 193 711 1 282 717
339 402 680 1 486 681
340 335 304 1 406 313
341 502 730 1 586 726
342 372 309 1 443 317
343 114 438 1 192 454
344 235 1137 1 340 1127
345 48 625 1 143 634
346 564 649 1 645 643
347 319 1219 1 419 1225
348 143 912 1 238 918
349 458 943 1 551 941
350 415 579 1 495 583
351 527 678 1 610 673
352 121 343 1 196 360
353 137 1231 1 239 1236
354 377 823 1 465 822
355 86 148 1 157 170
356 137 171 1 211 190
357 367 866 1 456 865
358 335 305 1 406 313
359 253 1177 1 354 1181
360 488 331 1 559 334
361 335 26 1 398 40
362 164 428 1 242 442
363 267 1064 1 362 1069
364 505 196 1 571 200
365 353 1049 1 447 1053
366 509 808 1 597 804
367 406 530 1 483 535
368 610 691 1 693 682
369 463 811 1 551 808
370 487 55 1 549 61
371 421 437 1 496 441
372 479 1022 1 576 1015
373 418 522 1 494 527
374 335 304 1 406 313
375 200 751 1 287 759
376 471 210 1 537 216
377 187 747 1 276 755
378 336 1164 1 440 1152
379 143 440 1 221 455
380 230 149 1 298 164
381 119 676 1 212 683
382 394 787 1 482 786
383 471 800 1 559 796
384 341 181 1 410 193
385 414 1195 1 516 1181
386 179 801 1 268 810
387 234 369 1 308 382
388 271 611 1 352 620
389 473 952 1 566 951
390 308 1062 1 403 1068
391 490 302 1 560 305
392 286 802 1 375 803
393 334 281 1 404 290
394 37 584 1 130 595
395 451 406 1 524 410
396 424 1175 1 525 1161
397 234 30 1 298 48
398 302 1004 1 396 1010
399 488 747 1 574 744
400 496 379 1 568 382
401 479 140 1 544 146
402 300 855 1 390 858
403 488 88 1 551 93
404 416 265 1 486 272
405 190 396 1 266 410
406 179 463 1 257 477
407 224 796 1 311 805
408 50 610 1 144 620
409 449 508 1 527 512
410 69 563 1 162 574
411 177 702 1 266 708
412 589 781 1 673 773
413 55 729 1 156 733
414 230 718 1 319 723
415 55 668 1 151 677
416 490 149 1 555 156
417 261 545 1 340 554
418 455 652 1 538 651
419 301 792 1 391 792
420 246 566 1 327 575
421 97 1035 1 195 1042
422 486 401 1 560 404
423 205 631 1 289 641
424 191 793 1 280 800
425 180 762 1 269 769
426 325 1078 1 421 1083
427 464 114 1 528 118
428 211 734 1 298 741
429 457 628 1 540 625
430 530 1050 1 624 1043
431 285 589 1 366 597
432 79 626 1 173 635
433 440 874 1 531 871
434 118 580 1 208 590
435 284 1063 1 379 1069
436 384 897 1 476 896
437 242 325 1 315 339
438 558 1236 1 659 1223
439 439 307 1 510 312
440 509 886 1 598 883
441 485 707 1 569 703
442 249 476 1 326 487
443 366 140 1 431 150
444 81 246 1 155 267
445 416 808 1 504 806
446 366 1241 1 471 1226
447 563 175 1 629 177
448 199 413 1 276 426
449 467 775 1 554 772
450 372 333 1 444 342
451 430 797 1 517 795
452 344 43 1 406 56
453 305 323 1 377 334
454 328 134 1 394 146
455 133 641 1 226 647
456 518 183 1 584 186
457 406 213 1 474 221
458 482 964 1 574 960
459 522 31 1 583 37
460 225 657 1 309 665
461 293 1003 1 386 1009
462 122 278 1 195 296
463 342 641 1 426 644
464 361 802 1 449 802
465 534 628 1 615 624
466 454 705 1 538 702
467 74 590 1 166 600
468 181 474 1 259 487
469 356 42 1 419 54
470 666 87 1 726 91
471 483 1012 1 577 1005
472 576 1234 1 677 1222
473 380 836 1 469 834
474 394 323 1 466 330
475 84 125 1 155 147
476 442 982 1 535 980
477 249 778 1 338 780
478 429 579 1 510 584
479 98 147 1 169 167
480 125 509 1 206 523
481 196 427 1 273 440
482 494 641 1 577 638
483 445 937 1 536 936
484 376 871 1 466 869
485 222 55 1 287 73
486 137 390 1 213 405
487 72 891 1 175 891
488 264 1218 1 365 1222
489 137 396 1 214 411
490 347 291 1 417 300
491 162 401 1 238 416
492 515 762 1 601 758
493 323 1163 1 427 1151
494 361 364 1 435 371
495 331 180 1 398 191
496 207 1199 1 310 1199
497 359 339 1 431 347
498 396 910 1 488 914
499 295 536 1 374 545
500 497 401 1 571 404
501 522 275 1 590 277
502 506 145 1 570 149
503 76 1163 1 187 1152
504 356 1108 1 452 1113
505 401 1232 1 504 1233
506 237 408 1 313 420
507 654 955 1 744 938
508 127 923 1 222 929
509 335 550 1 413 558
510 497 792 1 585 788
511 290 546 1 369 554
512 299 520 1 377 529
513 452 438 1 526 442
514 152 654 1 239 663
