0 366 298 1 429 303
1 469 134 1 528 137
2 526 318 1 587 320
3 359 198 1 423 206
4 36 1051 1 128 1041
5 106 910 1 191 906
6 530 284 1 592 286
7 202 678 1 278 680
8 371 868 1 447 864
9 518 255 1 579 256
10 486 635 1 555 632
11 368 187 1 431 195
12 37 849 1 124 846
13 533 631 1 602 627
14 376 167 1 438 175
15 110 1014 1 197 1007
16 532 666 1 601 661
17 487 494 1 553 494
18 89 691 1 172 691
19 436 979 1 514 976
20 40 860 1 129 856
21 500 347 1 562 348
22 236 342 1 301 350
23 435 371 1 499 373
24 505 385 1 569 386
25 528 184 1 588 188
26 518 27 1 574 31
27 63 1088 1 154 1077
28 233 323 1 298 332
29 619 666 1 688 659
30 50 846 1 137 844
31 497 468 1 562 469
32 85 953 1 171 948
33 588 661 1 658 654
34 520 372 1 582 371
35 85 820 1 167 821
36 513 290 1 574 291
37 36 763 1 121 762
38 207 736 1 282 739
39 70 917 1 157 911
40 574 708 1 644 702
41 217 1231 1 302 1227
42 242 447 1 309 454
43 468 927 1 544 923
44 446 961 1 523 957
45 469 906 1 546 902
46 219 669 1 291 673
47 478 409 1 543 410
48 201 828 1 277 830
49 407 977 1 484 975
50 463 294 1 525 297
51 83 809 1 163 814
52 365 285 1 429 289
53 85 265 1 151 276
54 464 1050 1 543 1046
55 499 205 1 558 207
56 129 54 1 193 68
57 575 684 1 644 677
58 84 97 1 148 110
59 371 274 1 434 279
60 30 1001 1 121 993
61 606 697 1 676 689
62 340 1036 1 418 1037
63 230 89 1 292 100
64 499 161 1 559 166
65 444 131 1 503 135
66 356 356 1 419 361
67 133 93 1 195 107
68 425 130 1 483 135
69 578 694 1 648 687
70 125 28 1 188 43
71 152 263 1 217 274
72 263 106 1 324 116
73 574 634 1 643 629
74 493 584 1 561 583
75 27 848 1 115 845
76 537 706 1 607 700
77 62 847 1 149 843
78 27 1222 1 122 1208
79 147 1245 1 233 1244
80 180 1045 1 259 1047
81 140 332 1 206 343
82 448 1248 1 532 1245
83 604 707 1 673 700
84 137 118 1 199 131
85 83 52 1 146 69
86 264 88 1 324 99
87 361 796 1 436 792
88 221 324 1 287 333
89 443 653 1 514 651
90 28 916 1 117 911
91 123 1001 1 209 993
92 560 290 1 622 292
93 29 781 1 116 782
94 187 262 1 251 273
95 251 624 1 322 627
96 390 987 1 470 985
97 411 329 1 475 333
98 451 946 1 528 942
99 530 750 1 602 745
100 81 912 1 169 905
101 443 643 1 512 640
102 24 757 1 107 759
103 582 1196 1 663 1178
104 370 215 1 431 220
105 466 142 1 525 147
106 83 933 1 167 930
107 510 708 1 581 703
108 275 585 1 345 589
109 146 205 1 210 217
110 452 515 1 518 516
111 264 619 1 334 623
112 343 299 1 407 305
113 161 162 1 227 176
114 498 362 1 561 363
115 96 614 1 176 619
116 179 1184 1 263 1183
117 38 1019 1 129 1011
118 535 878 1 610 873
119 488 965 1 565 959
120 198 1236 1 283 1233
121 266 603 1 336 607
122 485 482 1 551 483
123 97 587 1 176 592
124 79 902 1 167 896
125 444 141 1 501 149
126 487 888 1 562 882
127 488 666 1 558 661
128 73 718 1 156 720
129 225 722 1 301 723
130 221 682 1 296 684
131 417 573 1 486 575
132 82 944 1 168 939
133 476 140 1 535 146
134 201 1184 1 289 1168
135 39 825 1 126 824
136 365 998 1 443 999
137 91 1171 1 185 1155
138 182 229 1 246 239
139 108 229 1 174 240
140 192 310 1 256 318
141 493 283 1 555 285
142 552 666 1 621 660
143 435 904 1 510 904
144 477 24 1 530 28
145 57 887 1 144 884
146 537 724 1 610 719
147 46 60 1 109 77
148 251 1215 1 334 1214
149 131 1057 1 215 1056
150 511 462 1 576 462
151 583 623 1 650 617
152 74 267 1 141 280
153 469 672 1 539 668
154 480 1037 1 558 1033
155 376 346 1 440 350
156 48 669 1 132 672
157 376 257 1 438 263
158 414 256 1 477 261
159 289 368 1 354 374
160 322 1249 1 407 1245
161 584 684 1 653 677
162 351 163 1 413 173
163 426 269 1 488 273
164 352 370 1 417 373
165 383 371 1 448 375
166 558 323 1 620 323
167 351 416 1 417 420
168 165 804 1 247 800
169 560 1201 1 641 1184
170 255 369 1 322 377
171 415 128 1 468 133
172 178 201 1 242 213
173 232 109 1 294 119
174 393 368 1 457 371
175 436 385 1 500 387
176 358 807 1 434 804
177 423 546 1 490 548
178 530 820 1 604 814
179 445 200 1 506 203
180 129 332 1 195 341
181 242 673 1 316 674
182 170 753 1 247 755
183 149 229 1 214 239
184 56 726 1 140 728
185 135 830 1 215 833
186 491 694 1 562 690
187 198 371 1 265 380
188 359 1113 1 439 1114
189 208 884 1 285 884
190 298 791 1 374 788
191 464 685 1 535 681
192 354 395 1 419 399
193 520 858 1 594 853
194 474 440 1 539 441
195 201 899 1 279 899
196 232 673 1 306 676
197 362 35 1 419 44
198 590 1184 1 671 1166
199 497 132 1 556 136
200 241 1205 1 325 1203
201 139 143 1 203 154
202 346 427 1 412 431
203 352 1221 1 435 1222
204 466 809 1 540 804
205 180 1166 1 270 1151
206 466 1190 1 549 1173
207 481 975 1 560 971
208 434 1249 1 518 1245
209 379 784 1 453 780
210 158 310 1 224 320
211 115 812 1 195 813
212 355 1211 1 438 1212
213 159 667 1 236 669
214 99 207 1 164 219
215 150 450 1 219 459
216 387 851 1 463 847
217 119 602 1 199 606
218 400 803 1 475 799
219 524 194 1 584 196
220 319 1237 1 403 1234
221 200 703 1 277 705
222 180 759 1 256 761
223 407 1047 1 487 1047
224 442 168 1 502 172
225 480 650 1 551 647
226 457 1077 1 538 1073
227 109 618 1 191 620
228 494 334 1 557 336
229 170 865 1 249 866
230 110 583 1 189 588
231 343 287 1 406 292
232 553 490 1 618 488
233 320 1076 1 399 1078
234 339 215 1 401 222
235 221 341 1 288 349
236 516 718 1 587 713
237 118 252 1 183 265
238 36 651 1 122 654
239 121 584 1 201 588
240 178 179 1 240 190
241 605 647 1 674 641
242 317 762 1 391 760
243 423 1066 1 503 1066
244 221 744 1 295 746
245 462 526 1 529 527
246 415 274 1 478 279
247 526 707 1 597 703
248 289 598 1 359 603
249 483 765 1 556 761
250 523 65 1 581 70
251 127 794 1 206 795
252 312 1019 1 391 1021
253 194 887 1 272 886
254 384 356 1 448 360
255 409 1069 1 488 1069
256 190 735 1 265 737
257 292 541 1 360 546
258 437 1065 1 516 1062
259 194 1195 1 278 1195
260 309 549 1 378 553
261 373 1119 1 453 1120
262 355 297 1 418 302
263 249 432 1 316 439
264 488 406 1 552 407
265 188 921 1 267 921
266 464 885 1 539 881
267 340 802 1 416 799
268 378 285 1 440 290
269 672 990 1 746 972
270 294 1245 1 377 1247
271 507 278 1 568 279
272 607 667 1 676 659
273 493 100 1 552 103
274 511 848 1 587 842
275 579 148 1 636 150
276 255 577 1 325 581
277 69 653 1 150 656
278 375 1076 1 454 1078
279 513 473 1 579 473
280 162 691 1 241 691
281 151 693 1 231 693
282 456 779 1 530 775
283 486 595 1 555 594
284 140 873 1 221 873
285 332 1046 1 411 1047
286 402 991 1 480 992
287 259 458 1 328 464
288 325 899 1 401 898
289 249 638 1 322 641
290 72 848 1 156 845
291 445 845 1 520 840
292 191 747 1 269 749
293 363 260 1 426 266
294 515 1243 1 598 1238
295 471 968 1 548 963
296 276 607 1 346 610
297 505 267 1 566 269
298 57 60 1 120 77
299 480 684 1 551 680
300 486 738 1 557 733
301 432 1209 1 516 1191
302 516 175 1 576 178
303 319 523 1 388 527
304 506 654 1 577 650
305 74 802 1 157 802
306 490 1043 1 569 1035
307 448 979 1 526 976
308 102 738 1 185 736
309 60 1191 1 152 1179
310 391 1247 1 477 1229
311 56 636 1 138 639
312 448 505 1 516 507
313 432 707 1 504 704
314 593 697 1 663 690
315 418 713 1 491 710
316 586 880 1 660 871
317 507 807 1 581 802
318 248 1028 1 326 1029
319 369 1031 1 448 1032
320 311 1046 1 390 1048
321 397 1042 1 475 1043
322 615 655 1 684 648
323 519 271 1 580 272
324 202 714 1 278 715
325 415 679 1 486 677
326 526 1199 1 608 1186
327 343 299 1 406 304
328 517 729 1 587 724
329 380 304 1 443 308
330 123 436 1 191 446
331 249 1152 1 336 1137
332 199 1056 1 278 1058
333 579 647 1 648 641
334 338 1217 1 421 1219
335 341 190 1 400 197
336 182 945 1 263 943
337 475 943 1 552 939
338 170 732 1 245 735
339 427 575 1 496 576
340 542 677 1 612 671
341 128 341 1 194 352
342 390 824 1 465 821
343 584 634 1 653 627
344 90 146 1 155 160
345 247 614 1 317 619
346 139 166 1 206 179
347 381 869 1 456 865
348 343 299 1 406 305
349 498 324 1 560 325
350 173 426 1 241 434
351 202 727 1 280 727
352 316 1064 1 396 1065
353 514 187 1 572 189
354 370 1047 1 448 1048
355 525 808 1 599 802
356 417 525 1 484 528
357 627 689 1 697 681
358 478 812 1 552 807
359 492 45 1 550 49
360 432 431 1 497 434
361 497 1026 1 577 1017
362 430 517 1 496 519
363 343 299 1 406 304
364 478 202 1 539 206
365 352 1177 1 438 1162
366 152 439 1 220 448
367 234 144 1 297 154
368 408 789 1 482 785
369 59 738 1 146 735
370 487 800 1 560 795
371 346 173 1 409 182
372 34 870 1 121 868
373 242 366 1 308 374
374 491 951 1 567 948
375 37 634 1 122 637
376 499 294 1 561 296
377 298 805 1 374 803
378 341 275 1 404 281
379 40 587 1 122 593
380 461 400 1 526 402
381 442 1187 1 525 1170
382 237 24 1 297 36
383 319 1003 1 397 1004
384 503 747 1 575 742
385 506 372 1 570 373
386 486 131 1 545 135
387 24 698 1 108 698
388 313 856 1 390 855
389 140 629 1 222 629
390 494 78 1 552 82
391 424 259 1 487 263
392 198 393 1 265 402
393 188 461 1 256 469
394 352 379 1 417 383
395 245 571 1 315 576
396 490 1012 1 568 1004
397 461 503 1 528 505
398 71 567 1 153 572
399 186 703 1 263 705
400 98 810 1 180 810
401 606 781 1 676 773
402 240 720 1 316 721
403 116 1073 1 198 1073
404 271 542 1 340 547
405 469 650 1 539 648
406 313 794 1 389 792
407 256 565 1 326 569
408 497 395 1 561 396
409 215 631 1 288 635
410 203 794 1 279 796
411 484 896 1 560 892
412 226 633 1 298 637
413 470 107 1 529 108
414 470 627 1 540 622
415 549 1053 1 626 1044
416 296 586 1 366 591
417 85 630 1 166 634
418 456 876 1 532 871
419 143 1032 1 230 1022
420 302 1062 1 380 1064
421 399 900 1 476 896
422 249 322 1 314 330
423 579 1245 1 662 1230
424 448 300 1 511 303
425 526 887 1 600 882
426 191 1033 1 273 1032
427 499 706 1 571 701
428 259 473 1 326 480
429 182 712 1 259 713
430 372 133 1 431 140
431 87 245 1 153 258
432 430 809 1 505 805
433 573 162 1 631 166
434 208 410 1 275 418
435 482 775 1 555 770
436 379 328 1 445 333
437 445 798 1 518 794
438 349 35 1 406 45
439 313 318 1 377 325
440 334 128 1 394 135
441 138 645 1 219 647
442 526 174 1 586 176
443 413 206 1 474 211
444 499 964 1 576 959
445 377 830 1 451 828
446 235 656 1 308 660
447 308 1002 1 387 1004
448 64 664 1 147 667
449 128 276 1 194 287
450 353 641 1 425 641
451 374 804 1 448 801
452 549 626 1 617 621
453 467 704 1 539 700
454 190 472 1 259 480
455 361 34 1 419 42
456 500 1015 1 578 1007
457 598 1243 1 680 1229
458 394 838 1 469 833
459 403 317 1 467 321
460 88 122 1 152 136
461 459 983 1 536 979
462 260 780 1 336 779
463 442 575 1 511 577
464 175 987 1 256 985
465 102 145 1 167 157
466 134 508 1 205 516
467 205 425 1 272 433
468 508 639 1 578 635
469 461 937 1 538 933
470 62 899 1 150 893
471 391 873 1 466 869
472 226 49 1 286 62
473 168 845 1 247 845
474 354 286 1 417 291
475 170 399 1 237 408
476 531 761 1 603 756
477 339 1176 1 425 1161
478 371 359 1 435 363
479 337 174 1 398 181
480 225 1202 1 309 1198
481 368 334 1 431 338
482 412 907 1 489 908
483 306 533 1 374 538
484 509 394 1 573 396
485 65 754 1 150 753
486 167 590 1 244 594
487 171 90 1 233 102
488 531 268 1 592 268
489 513 136 1 572 138
490 373 1107 1 453 1108
491 191 681 1 267 684
492 246 405 1 313 412
493 677 963 1 750 945
494 141 926 1 220 926
495 347 547 1 414 551
496 513 792 1 586 787
497 300 543 1 369 547
498 309 517 1 377 522
499 463 433 1 528 434
500 535 173 1 595 175
501 26 647 1 113 649
