0 365 297 1 429 301
1 203 678 1 278 679
2 526 316 1 587 318
3 358 196 1 422 204
4 36 1053 1 127 1042
5 106 912 1 189 906
6 529 282 1 592 284
7 371 869 1 446 864
8 116 963 1 198 956
9 517 253 1 579 255
10 486 635 1 555 631
11 367 185 1 431 193
12 534 631 1 602 627
13 375 166 1 438 173
14 110 1016 1 195 1007
15 141 864 1 221 860
16 533 666 1 601 660
17 487 492 1 553 493
18 64 1091 1 152 1078
19 88 692 1 171 691
20 438 979 1 514 976
21 40 862 1 127 856
22 499 345 1 562 346
23 235 341 1 301 348
24 435 370 1 499 371
25 52 848 1 135 844
26 504 384 1 569 384
27 527 182 1 588 186
28 516 25 1 574 29
29 231 323 1 298 331
30 620 665 1 688 659
31 37 852 1 123 846
32 496 467 1 562 467
33 85 956 1 169 949
34 589 660 1 658 654
35 519 370 1 582 370
36 512 288 1 574 289
37 35 764 1 120 762
38 149 1246 1 233 1243
39 207 737 1 282 739
40 575 707 1 645 702
41 219 1232 1 302 1227
42 241 447 1 309 453
43 124 893 1 208 886
44 181 1186 1 263 1182
45 448 961 1 523 957
46 470 906 1 546 902
47 478 407 1 543 409
48 201 829 1 277 830
49 408 977 1 484 975
50 462 292 1 525 295
51 364 283 1 429 288
52 83 265 1 151 274
53 498 203 1 559 205
54 127 54 1 193 66
55 576 683 1 644 677
56 81 96 1 148 109
57 371 273 1 434 277
58 607 696 1 676 689
59 95 616 1 175 618
60 341 1035 1 418 1036
61 229 88 1 292 98
62 498 159 1 559 164
63 442 129 1 503 133
64 355 355 1 419 359
65 131 92 1 195 105
66 423 128 1 483 133
67 579 693 1 649 687
68 122 27 1 188 41
69 150 263 1 217 273
70 261 105 1 324 114
71 574 633 1 643 628
72 141 875 1 221 873
73 493 583 1 561 582
74 538 705 1 607 700
75 62 848 1 147 843
76 207 884 1 285 884
77 28 1225 1 120 1209
78 29 1004 1 119 994
79 181 1045 1 259 1046
80 138 332 1 206 341
81 450 1249 1 532 1244
82 605 706 1 674 699
83 135 117 1 199 129
84 220 670 1 291 672
85 81 52 1 146 67
86 262 87 1 324 97
87 361 797 1 436 792
88 220 324 1 287 331
89 444 653 1 513 651
90 28 919 1 116 912
91 123 1003 1 208 993
92 560 288 1 622 290
93 29 784 1 114 782
94 185 262 1 251 271
95 252 623 1 322 626
96 469 926 1 544 923
97 411 328 1 475 331
98 453 946 1 528 942
99 531 750 1 602 745
100 81 913 1 167 905
101 443 642 1 512 640
102 585 1197 1 663 1180
103 368 213 1 431 219
104 465 140 1 525 145
105 83 935 1 166 930
106 511 708 1 581 703
107 275 585 1 345 588
108 144 205 1 210 216
109 451 514 1 518 515
110 264 618 1 334 622
111 342 298 1 407 304
112 158 161 1 226 174
113 497 361 1 561 362
114 125 795 1 205 795
115 57 890 1 143 884
116 38 1022 1 127 1012
117 536 878 1 611 872
118 490 965 1 565 959
119 200 1237 1 283 1233
120 266 603 1 335 606
121 485 481 1 551 482
122 79 904 1 165 896
123 443 140 1 501 147
124 488 888 1 562 882
125 488 666 1 558 661
126 100 1034 1 182 1031
127 224 723 1 300 722
128 221 682 1 295 684
129 83 946 1 167 940
130 474 138 1 535 144
131 414 578 1 482 579
132 202 1186 1 288 1169
133 367 997 1 443 998
134 92 1175 1 183 1156
135 180 228 1 245 237
136 107 229 1 174 239
137 190 309 1 256 317
138 493 281 1 555 283
139 553 666 1 622 660
140 436 903 1 510 903
141 48 672 1 131 672
142 538 724 1 610 718
143 43 60 1 108 75
144 57 805 1 141 802
145 253 1215 1 334 1213
146 242 1225 1 324 1221
147 132 1058 1 215 1055
148 511 461 1 576 461
149 583 622 1 651 616
150 73 267 1 141 279
151 482 1037 1 558 1032
152 375 344 1 440 349
153 172 867 1 249 865
154 375 256 1 438 261
155 413 255 1 477 259
156 288 367 1 354 373
157 325 1249 1 407 1245
158 585 683 1 653 676
159 349 162 1 413 171
160 424 268 1 488 272
161 352 369 1 417 372
162 382 370 1 448 374
163 197 1225 1 280 1220
164 557 321 1 620 322
165 350 415 1 417 419
166 65 694 1 148 694
167 166 805 1 246 800
168 562 1202 1 641 1186
169 254 368 1 321 375
170 177 201 1 242 211
171 230 108 1 293 117
172 392 367 1 457 370
173 435 384 1 500 386
174 27 850 1 113 845
175 359 808 1 433 804
176 431 1022 1 507 1021
177 423 545 1 491 547
178 531 820 1 604 814
179 444 199 1 506 202
180 70 918 1 156 912
181 127 332 1 195 340
182 242 672 1 316 673
183 170 753 1 247 755
184 169 846 1 246 845
185 147 229 1 213 238
186 56 727 1 138 728
187 491 694 1 562 689
188 39 828 1 124 824
189 197 370 1 264 378
190 361 1113 1 439 1113
191 79 894 1 164 888
192 137 907 1 217 905
193 298 792 1 374 788
194 464 685 1 535 681
195 354 394 1 419 398
196 521 858 1 594 852
197 473 439 1 539 440
198 232 673 1 305 675
199 360 34 1 419 42
200 593 1185 1 671 1167
201 495 130 1 556 134
202 244 1206 1 325 1203
203 137 143 1 202 152
204 346 427 1 412 430
205 354 1220 1 435 1221
206 466 809 1 540 804
207 181 1169 1 268 1152
208 469 1192 1 549 1174
209 483 975 1 560 970
210 436 1249 1 518 1245
211 380 784 1 453 780
212 157 310 1 224 319
213 116 814 1 194 813
214 357 1210 1 438 1211
215 74 721 1 155 720
216 158 667 1 235 668
217 171 647 1 245 649
218 97 207 1 164 217
219 150 450 1 219 458
220 388 851 1 463 846
221 529 1200 1 609 1187
222 118 603 1 197 605
223 87 821 1 166 821
224 401 803 1 475 799
225 523 192 1 584 194
226 321 1238 1 403 1234
227 200 703 1 277 704
228 409 1047 1 487 1046
229 152 705 1 229 705
230 441 167 1 502 171
231 481 650 1 550 646
232 459 1077 1 538 1072
233 108 619 1 189 620
234 494 333 1 557 335
235 109 584 1 187 587
236 342 286 1 406 291
237 97 655 1 178 655
238 554 488 1 619 487
239 321 1076 1 399 1077
240 338 214 1 401 220
241 220 340 1 287 348
242 517 717 1 587 713
243 116 252 1 182 263
244 35 652 1 120 654
245 119 585 1 199 587
246 72 849 1 155 845
247 176 178 1 240 189
248 606 646 1 674 640
249 317 762 1 391 759
250 425 1065 1 503 1065
251 221 744 1 295 746
252 462 525 1 529 526
253 415 272 1 478 277
254 146 663 1 224 663
255 527 707 1 597 703
256 289 598 1 359 602
257 131 767 1 211 764
258 485 765 1 556 760
259 522 63 1 581 68
260 314 1019 1 391 1020
261 194 887 1 272 886
262 383 355 1 448 358
263 410 1068 1 488 1068
264 200 1199 1 282 1196
265 190 735 1 265 736
266 180 787 1 257 785
267 291 541 1 360 545
268 439 1064 1 516 1062
269 309 549 1 378 552
270 375 1119 1 454 1119
271 354 296 1 418 300
272 249 432 1 316 438
273 488 405 1 552 406
274 189 922 1 267 920
275 465 886 1 539 881
276 341 802 1 416 799
277 378 284 1 440 288
278 164 970 1 243 967
279 675 991 1 747 973
280 181 758 1 256 760
281 506 276 1 569 277
282 608 666 1 676 659
283 492 98 1 552 101
284 513 848 1 587 842
285 393 987 1 470 985
286 578 145 1 636 147
287 255 577 1 325 580
288 68 654 1 149 656
289 376 1076 1 454 1077
290 513 472 1 579 471
291 161 691 1 239 691
292 151 694 1 230 693
293 457 780 1 530 775
294 486 595 1 555 593
295 334 1046 1 411 1046
296 403 991 1 480 991
297 259 458 1 328 463
298 192 749 1 268 748
299 249 638 1 321 640
300 446 845 1 520 839
301 362 259 1 426 264
302 74 757 1 157 755
303 517 1243 1 599 1238
304 485 131 1 545 133
305 472 968 1 548 963
306 275 606 1 346 609
307 504 265 1 567 267
308 54 60 1 120 75
309 481 684 1 551 680
310 474 670 1 544 665
311 486 737 1 557 733
312 434 1211 1 516 1193
313 151 880 1 230 877
314 515 174 1 576 176
315 319 522 1 388 526
316 506 653 1 577 649
317 449 979 1 526 976
318 24 758 1 106 758
319 100 1066 1 183 1063
320 60 1195 1 151 1180
321 393 1250 1 476 1231
322 55 636 1 136 639
323 448 504 1 516 505
324 433 707 1 504 704
325 595 696 1 664 689
326 418 712 1 490 709
327 588 880 1 660 871
328 508 807 1 581 801
329 249 1028 1 326 1028
330 24 698 1 107 698
331 371 1030 1 448 1031
332 312 1046 1 390 1047
333 108 855 1 187 854
334 398 1041 1 475 1042
335 616 654 1 684 647
336 518 269 1 580 271
337 202 715 1 278 715
338 415 679 1 486 677
339 341 298 1 406 303
340 518 728 1 587 723
341 380 303 1 443 307
342 122 436 1 191 445
343 250 1154 1 335 1138
344 169 913 1 247 911
345 200 1056 1 278 1057
346 580 646 1 648 640
347 340 1216 1 421 1218
348 340 189 1 399 195
349 183 945 1 262 943
350 476 943 1 552 939
351 171 733 1 245 734
352 427 574 1 496 575
353 543 677 1 612 671
354 127 341 1 194 351
355 391 825 1 465 820
356 584 633 1 653 627
357 88 145 1 154 158
358 247 614 1 317 618
359 75 698 1 153 700
360 137 164 1 205 177
361 382 869 1 456 865
362 342 299 1 406 303
363 497 323 1 560 324
364 172 426 1 241 433
365 202 728 1 279 727
366 317 1064 1 396 1064
367 512 185 1 573 187
368 371 1047 1 449 1047
369 87 810 1 163 813
370 526 808 1 599 802
371 417 524 1 484 526
372 628 689 1 697 681
373 480 812 1 552 807
374 491 43 1 550 47
375 431 431 1 497 432
376 499 1026 1 577 1017
377 430 517 1 496 518
378 285 610 1 355 612
379 342 298 1 406 302
380 477 201 1 539 204
381 354 1179 1 438 1163
382 151 439 1 219 446
383 232 143 1 297 152
384 409 789 1 482 784
385 58 740 1 144 736
386 487 800 1 560 795
387 74 804 1 156 802
388 345 172 1 408 180
389 404 565 1 471 567
390 33 872 1 119 868
391 241 366 1 307 372
392 193 950 1 271 948
393 492 951 1 568 948
394 36 635 1 120 637
395 499 292 1 561 294
396 299 805 1 373 802
397 340 274 1 404 279
398 39 588 1 120 592
399 461 399 1 526 401
400 445 1189 1 525 1172
401 321 1003 1 397 1003
402 504 746 1 575 742
403 506 371 1 570 372
404 136 833 1 214 833
405 314 856 1 389 854
406 139 629 1 220 629
407 493 76 1 553 80
408 423 258 1 487 261
409 197 393 1 265 401
410 159 1201 1 242 1196
411 188 461 1 256 468
412 137 609 1 215 611
413 351 378 1 417 382
414 244 570 1 315 575
415 492 1013 1 568 1005
416 461 502 1 528 503
417 70 567 1 151 571
418 186 704 1 262 705
419 98 812 1 179 810
420 607 781 1 677 773
421 240 721 1 316 721
422 117 1074 1 198 1072
423 270 542 1 340 546
424 469 650 1 539 648
425 314 795 1 389 791
426 256 565 1 326 568
427 114 746 1 196 743
428 496 393 1 561 394
429 485 896 1 560 892
430 226 633 1 298 636
431 469 106 1 529 107
432 148 1211 1 231 1206
433 470 626 1 540 622
434 551 1053 1 627 1045
435 296 586 1 366 589
436 84 631 1 164 633
437 457 876 1 532 871
438 144 1034 1 229 1023
439 303 1062 1 381 1063
440 400 901 1 476 896
441 248 321 1 314 329
442 582 1246 1 662 1232
443 447 299 1 511 301
444 527 886 1 600 881
445 193 1033 1 273 1032
446 500 706 1 571 701
447 257 472 1 326 479
448 181 713 1 259 713
449 370 132 1 431 138
450 85 245 1 153 256
451 431 809 1 504 804
452 572 160 1 631 163
453 207 410 1 275 417
454 483 775 1 555 770
455 379 327 1 445 332
456 445 798 1 518 793
457 347 34 1 406 43
458 312 318 1 377 323
459 332 127 1 394 134
460 101 739 1 184 736
461 524 172 1 586 174
462 411 204 1 474 209
463 500 964 1 576 959
464 377 829 1 451 827
465 236 656 1 308 659
466 309 1002 1 387 1003
467 63 665 1 145 667
468 126 276 1 193 286
469 353 640 1 424 640
470 374 805 1 448 800
471 550 625 1 617 621
472 468 704 1 538 699
473 190 472 1 259 479
474 359 33 1 419 40
475 502 1016 1 578 1007
476 600 1244 1 681 1230
477 395 838 1 469 833
478 402 316 1 467 319
479 86 122 1 152 135
480 460 983 1 536 978
481 260 781 1 336 779
482 441 574 1 511 576
483 176 987 1 256 985
484 100 145 1 166 155
485 134 508 1 204 515
486 204 424 1 272 431
487 508 639 1 578 635
488 462 937 1 538 933
489 62 901 1 149 894
490 392 874 1 466 869
491 224 49 1 285 60
492 354 285 1 417 290
493 169 399 1 237 407
494 532 761 1 603 756
495 341 1178 1 425 1162
496 370 359 1 435 362
497 335 173 1 398 179
498 227 1202 1 309 1198
499 366 333 1 431 337
500 414 907 1 489 907
501 306 533 1 374 536
502 508 394 1 573 394
503 64 755 1 149 753
504 166 591 1 243 593
505 168 89 1 232 101
506 530 267 1 592 266
507 511 134 1 572 136
508 185 672 1 260 673
509 375 1106 1 453 1107
510 191 682 1 266 683
511 245 405 1 313 411
512 679 963 1 750 947
513 141 927 1 220 926
514 346 546 1 414 550
515 514 792 1 586 786
516 300 543 1 369 546
517 309 517 1 377 520
518 462 432 1 528 433
519 534 171 1 595 173
520 24 648 1 110 649
