0 345 300 1 429 296
1 187 686 1 276 678
2 507 317 1 588 313
3 336 199 1 422 198
4 25 875 1 122 857
5 510 283 1 592 279
6 472 640 1 555 630
7 360 876 1 446 863
8 86 961 1 179 942
9 103 975 1 196 957
10 496 254 1 579 249
11 345 187 1 430 187
12 521 634 1 603 625
13 353 168 1 437 167
14 520 669 1 602 659
15 471 495 1 554 489
16 92 925 1 186 907
17 127 875 1 218 860
18 70 703 1 166 691
19 429 984 1 514 974
20 480 347 1 563 342
21 215 347 1 301 344
22 416 372 1 500 367
23 486 385 1 569 380
24 506 183 1 589 180
25 211 328 1 297 326
26 81 689 1 172 678
27 608 667 1 690 657
28 93 883 1 185 868
29 479 469 1 563 463
30 72 970 1 166 950
31 576 663 1 659 652
32 112 1018 1 205 995
33 500 371 1 583 365
34 492 289 1 575 284
35 24 1069 1 122 1045
36 193 745 1 281 736
37 564 710 1 646 700
38 213 1242 1 302 1226
39 223 453 1 308 449
40 111 904 1 204 887
41 37 862 1 132 844
42 439 967 1 524 956
43 461 911 1 546 900
44 460 410 1 543 404
45 188 838 1 276 828
46 399 983 1 485 973
47 442 295 1 526 290
48 344 287 1 429 283
49 131 739 1 219 729
50 62 272 1 150 270
51 477 204 1 559 200
52 103 59 1 191 60
53 585 674 1 666 663
54 564 686 1 645 675
55 447 1255 1 532 1243
56 57 103 1 147 103
57 350 276 1 434 272
58 76 625 1 171 617
59 96 33 1 187 35
60 333 1041 1 419 1033
61 205 93 1 291 93
62 476 159 1 559 157
63 420 131 1 503 127
64 336 359 1 419 355
65 107 98 1 194 99
66 401 130 1 483 128
67 567 696 1 650 686
68 129 269 1 216 268
69 238 110 1 323 109
70 562 635 1 644 626
71 64 920 1 161 898
72 478 586 1 562 579
73 525 709 1 608 698
74 71 948 1 164 930
75 194 893 1 284 882
76 452 139 1 535 137
77 172 1054 1 259 1043
78 118 338 1 205 337
79 594 709 1 675 698
80 204 677 1 290 669
81 56 58 1 144 61
82 239 92 1 323 92
83 349 804 1 435 791
84 324 1026 1 409 1018
85 200 329 1 286 327
86 429 658 1 513 649
87 156 828 1 243 818
88 541 289 1 623 285
89 164 268 1 250 266
90 235 629 1 321 623
91 459 930 1 544 921
92 391 331 1 475 327
93 444 951 1 529 941
94 520 753 1 603 743
95 101 823 1 192 812
96 429 647 1 512 638
97 56 934 1 152 913
98 347 216 1 431 213
99 442 141 1 525 139
100 498 712 1 581 702
101 259 591 1 345 585
102 122 211 1 209 211
103 435 517 1 519 511
104 249 625 1 334 619
105 322 301 1 407 299
106 134 166 1 224 168
107 479 362 1 562 357
108 41 903 1 139 885
109 25 1039 1 123 1014
110 526 881 1 611 871
111 481 970 1 566 959
112 128 886 1 219 872
113 324 203 1 409 202
114 251 609 1 335 602
115 468 483 1 552 478
116 421 140 1 501 141
117 478 893 1 563 881
118 475 670 1 558 660
119 90 1046 1 181 1030
120 210 732 1 299 721
121 47 862 1 143 844
122 206 690 1 294 681
123 491 26 1 575 23
124 69 960 1 164 941
125 134 704 1 226 692
126 398 582 1 482 576
127 178 931 1 266 919
128 358 1003 1 444 995
129 81 1195 1 178 1162
130 159 234 1 245 232
131 85 236 1 173 234
132 170 315 1 256 312
133 472 283 1 556 278
134 540 669 1 622 659
135 426 906 1 511 900
136 29 683 1 126 671
137 232 662 1 318 655
138 195 1248 1 283 1232
139 95 866 1 186 853
140 526 727 1 611 717
141 145 1255 1 233 1242
142 248 1223 1 335 1211
143 236 1234 1 324 1220
144 573 673 1 655 662
145 494 463 1 577 456
146 570 624 1 652 614
147 51 275 1 140 274
148 216 680 1 304 672
149 474 1042 1 559 1031
150 356 348 1 440 344
151 354 259 1 438 256
152 393 258 1 477 254
153 269 372 1 354 369
154 691 978 1 769 955
155 573 686 1 655 675
156 327 164 1 412 165
157 404 271 1 488 267
158 333 373 1 417 368
159 364 374 1 448 370
160 191 1236 1 280 1219
161 538 321 1 621 317
162 332 419 1 417 415
163 47 705 1 143 693
164 559 1212 1 642 1189
165 235 374 1 321 371
166 155 207 1 241 206
167 207 113 1 293 112
168 374 370 1 458 365
169 416 387 1 500 381
170 42 819 1 137 803
171 347 815 1 433 803
172 422 1026 1 508 1018
173 406 548 1 491 543
174 520 824 1 604 813
175 423 201 1 506 196
176 107 339 1 194 336
177 228 679 1 315 671
178 156 762 1 245 753
179 156 855 1 245 844
180 125 235 1 212 233
181 38 739 1 134 727
182 478 698 1 562 688
183 196 689 1 284 682
184 178 376 1 264 374
185 354 1119 1 440 1110
186 64 908 1 160 889
187 125 918 1 215 904
188 286 800 1 373 787
189 451 690 1 535 679
190 335 398 1 419 394
191 511 861 1 595 851
192 455 441 1 540 436
193 150 816 1 243 800
194 596 699 1 677 688
195 336 37 1 419 36
196 590 1194 1 673 1172
197 473 131 1 557 128
198 113 148 1 201 147
199 328 431 1 412 425
200 350 1226 1 436 1218
201 455 814 1 540 803
202 173 1187 1 265 1157
203 464 1203 1 549 1179
204 475 980 1 561 969
205 367 790 1 452 779
206 136 316 1 223 314
207 353 1216 1 439 1208
208 57 732 1 151 719
209 142 677 1 232 667
210 155 655 1 244 647
211 74 214 1 163 212
212 131 457 1 218 454
213 451 24 1 534 20
214 377 858 1 463 846
215 525 1209 1 609 1190
216 389 809 1 475 798
217 502 194 1 585 189
218 316 1246 1 403 1233
219 185 712 1 275 703
220 401 1051 1 487 1043
221 136 714 1 227 703
222 40 754 1 138 736
223 467 654 1 551 644
224 99 1032 1 192 1009
225 452 1083 1 538 1071
226 89 629 1 184 619
227 474 335 1 558 330
228 90 594 1 183 585
229 321 289 1 406 286
230 78 665 1 174 654
231 538 490 1 619 484
232 314 1082 1 400 1074
233 499 66 1 582 62
234 317 218 1 401 215
235 148 900 1 238 885
236 200 346 1 287 343
237 505 721 1 587 711
238 94 259 1 181 258
239 100 594 1 195 586
240 442 982 1 527 971
241 153 184 1 239 184
242 594 648 1 675 639
243 304 770 1 390 758
244 418 1069 1 504 1062
245 207 752 1 294 743
246 446 528 1 530 522
247 394 275 1 478 272
248 129 672 1 221 662
249 514 710 1 598 701
250 273 603 1 359 598
251 116 777 1 208 764
252 473 769 1 557 759
253 44 916 1 144 896
254 155 693 1 245 683
255 305 1025 1 391 1017
256 182 897 1 270 885
257 364 358 1 448 354
258 403 1073 1 489 1065
259 194 1209 1 282 1195
260 176 744 1 264 734
261 166 796 1 255 784
262 275 546 1 360 541
263 432 1070 1 517 1060
264 293 554 1 378 548
265 368 1124 1 454 1116
266 334 299 1 418 296
267 230 437 1 316 433
268 470 407 1 553 402
269 454 891 1 539 880
270 329 810 1 415 798
271 357 287 1 440 284
272 152 980 1 242 966
273 670 997 1 749 977
274 167 766 1 255 758
275 486 277 1 569 272
276 596 668 1 678 658
277 469 99 1 552 95
278 503 852 1 588 841
279 384 993 1 470 983
280 557 145 1 637 140
281 239 582 1 325 577
282 50 666 1 145 654
283 369 1081 1 455 1074
284 497 473 1 580 467
285 145 701 1 237 690
286 153 959 1 244 942
287 445 785 1 530 774
288 167 922 1 255 910
289 472 597 1 556 590
290 326 1052 1 412 1043
291 395 995 1 481 988
292 242 463 1 327 459
293 177 757 1 266 747
294 233 645 1 320 637
295 435 851 1 520 839
296 342 263 1 426 259
297 57 769 1 153 755
298 514 1248 1 599 1237
299 462 132 1 545 128
300 464 973 1 549 962
301 310 1040 1 395 1032
302 260 612 1 346 606
303 484 267 1 567 262
304 29 66 1 118 69
305 467 689 1 551 678
306 460 674 1 544 664
307 474 742 1 557 731
308 430 1223 1 515 1198
309 494 175 1 577 170
310 303 527 1 388 522
311 493 657 1 577 647
312 472 779 1 556 768
313 91 1078 1 182 1062
314 36 648 1 132 637
315 432 507 1 516 501
316 420 712 1 504 702
317 583 699 1 665 688
318 405 717 1 490 708
319 580 884 1 662 870
320 497 811 1 581 800
321 240 1036 1 326 1025
322 363 1036 1 448 1028
323 305 1053 1 391 1044
324 391 1046 1 476 1039
325 228 597 1 313 591
326 604 656 1 685 646
327 498 270 1 581 266
328 112 807 1 203 794
329 477 657 1 559 646
330 187 724 1 276 713
331 402 684 1 486 675
332 321 302 1 406 298
333 505 732 1 588 721
334 360 306 1 444 302
335 103 444 1 190 441
336 242 1170 1 332 1143
337 157 922 1 246 910
338 191 1065 1 278 1054
339 568 649 1 650 639
340 336 1222 1 422 1214
341 318 193 1 399 190
342 172 956 1 261 942
343 467 948 1 553 937
344 156 741 1 244 732
345 412 577 1 496 571
346 530 680 1 613 669
347 106 348 1 193 346
348 380 831 1 464 819
349 571 635 1 654 625
350 65 152 1 153 153
351 55 641 1 151 631
352 231 620 1 317 614
353 138 890 1 228 876
354 204 665 1 290 658
355 113 169 1 202 171
356 371 877 1 456 864
357 321 302 1 406 298
358 478 325 1 561 319
359 153 432 1 240 429
360 188 737 1 277 726
361 311 1070 1 397 1062
362 491 186 1 573 182
363 364 1052 1 449 1044
364 515 812 1 600 801
365 401 528 1 485 523
366 617 691 1 699 679
367 68 607 1 163 598
368 469 816 1 552 805
369 468 44 1 551 41
370 413 433 1 497 428
371 491 1032 1 578 1018
372 413 519 1 496 514
373 269 616 1 355 609
374 322 301 1 406 298
375 456 203 1 539 199
376 436 1255 1 518 1244
377 348 1192 1 437 1167
378 132 446 1 219 442
379 210 148 1 296 146
380 396 795 1 481 783
381 418 169 1 501 165
382 476 805 1 560 794
383 59 814 1 152 801
384 323 174 1 407 174
385 387 568 1 471 563
386 221 372 1 307 368
387 24 865 1 118 847
388 182 959 1 271 947
389 483 955 1 568 946
390 479 295 1 562 289
391 286 814 1 372 801
392 320 278 1 404 274
393 284 605 1 369 600
394 442 402 1 526 397
395 440 1201 1 525 1176
396 312 1009 1 398 1001
397 60 707 1 151 698
398 492 750 1 576 740
399 487 373 1 570 367
400 123 843 1 213 831
401 303 863 1 389 853
402 120 639 1 215 628
403 470 78 1 553 74
404 403 260 1 487 256
405 178 400 1 264 397
406 152 1212 1 242 1195
407 169 468 1 256 464
408 118 618 1 211 609
409 332 382 1 417 378
410 228 577 1 314 571
411 484 1019 1 569 1005
412 445 505 1 529 499
413 49 578 1 146 569
414 171 713 1 260 703
415 597 784 1 678 772
416 226 729 1 314 719
417 108 1085 1 198 1071
418 254 548 1 339 542
419 456 654 1 539 646
420 301 803 1 388 790
421 239 571 1 326 565
422 97 757 1 192 743
423 478 395 1 562 390
424 476 901 1 560 891
425 210 640 1 297 633
426 447 109 1 530 102
427 456 630 1 540 620
428 544 1059 1 628 1045
429 280 592 1 366 586
430 65 642 1 160 632
431 447 882 1 532 870
432 132 1048 1 226 1025
433 295 1069 1 381 1060
434 390 908 1 476 895
435 228 326 1 313 324
436 580 1254 1 664 1235
437 427 301 1 511 296
438 517 890 1 601 880
439 487 710 1 571 700
440 240 478 1 326 475
441 348 134 1 431 132
442 63 252 1 152 251
443 420 815 1 504 803
444 551 160 1 632 157
445 188 416 1 274 413
446 298 850 1 383 842
447 359 330 1 445 327
448 434 804 1 518 792
449 323 37 1 406 37
450 292 322 1 377 319
451 309 130 1 394 128
452 260 563 1 346 557
453 84 751 1 179 736
454 503 173 1 586 168
455 390 207 1 474 204
456 491 969 1 576 958
457 366 835 1 451 825
458 220 663 1 307 656
459 45 677 1 141 666
460 105 283 1 192 281
461 338 646 1 424 638
462 362 812 1 447 799
463 537 629 1 618 619
464 455 709 1 539 698
465 483 1053 1 567 1037
466 172 478 1 258 475
467 335 36 1 419 34
468 105 610 1 198 603
469 495 1022 1 579 1008
470 598 1252 1 682 1233
471 383 845 1 469 832
472 383 319 1 467 315
473 62 128 1 150 129
474 418 620 1 503 611
475 247 790 1 334 778
476 426 577 1 512 572
477 166 998 1 255 984
478 77 151 1 165 150
479 116 515 1 204 511
480 185 431 1 271 427
481 495 642 1 579 633
482 453 942 1 538 932
483 381 881 1 466 868
484 200 53 1 285 54
485 333 288 1 417 285
486 150 406 1 237 403
487 520 764 1 603 754
488 335 1191 1 424 1166
489 351 362 1 435 357
490 313 177 1 398 174
491 220 1213 1 309 1197
492 347 337 1 431 332
493 404 911 1 490 904
494 289 538 1 374 533
495 490 395 1 573 390
496 48 768 1 144 753
497 141 1223 1 231 1205
498 148 600 1 240 591
499 145 94 1 231 95
500 510 267 1 593 261
501 489 135 1 572 130
502 169 680 1 258 671
503 368 1112 1 454 1104
504 368 802 1 452 790
505 227 410 1 312 406
506 674 969 1 753 950
507 330 551 1 415 546
508 503 796 1 587 785
509 284 548 1 369 543
510 292 521 1 377 517
511 445 434 1 528 429
512 512 172 1 596 168
