0 324 320 1 429 293
1 166 709 1 275 676
2 485 337 1 589 310
3 314 219 1 421 193
4 81 1000 1 195 957
5 489 303 1 593 275
6 452 661 1 556 628
7 335 185 1 441 160
8 342 898 1 446 863
9 475 274 1 580 246
10 449 513 1 554 486
11 501 655 1 604 623
12 84 1015 1 198 966
13 500 690 1 603 658
14 169 863 1 276 826
15 420 160 1 526 134
16 411 1006 1 515 973
17 323 207 1 430 182
18 459 367 1 563 338
19 194 367 1 301 341
20 395 392 1 500 364
21 465 405 1 570 377
22 47 726 1 164 690
23 484 204 1 590 176
24 190 349 1 297 323
25 57 712 1 171 677
26 589 688 1 692 656
27 71 907 1 184 868
28 459 489 1 564 461
29 49 997 1 164 951
30 557 684 1 661 651
31 89 1045 1 203 997
32 70 951 1 185 907
33 479 391 1 584 362
34 471 309 1 576 281
35 176 917 1 284 881
36 106 900 1 217 860
37 173 767 1 281 734
38 545 731 1 647 699
39 203 473 1 308 446
40 63 989 1 177 943
41 24 887 1 141 845
42 443 932 1 547 899
43 439 429 1 544 401
44 381 1004 1 485 972
45 421 315 1 526 287
46 41 945 1 159 899
47 109 760 1 219 727
48 40 292 1 149 266
49 46 986 1 162 942
50 458 606 1 563 577
51 455 225 1 560 196
52 81 81 1 191 56
53 566 695 1 668 662
54 545 707 1 647 674
55 36 123 1 146 99
56 329 296 1 435 269
57 53 648 1 169 615
58 75 54 1 186 31
59 316 1063 1 419 1031
60 184 114 1 291 89
61 455 179 1 560 153
62 399 152 1 504 123
63 315 379 1 420 352
64 422 990 1 524 955
65 86 119 1 194 96
66 380 151 1 483 124
67 548 717 1 651 685
68 448 504 1 552 475
69 108 289 1 216 265
70 217 130 1 323 105
71 543 656 1 646 625
72 326 308 1 429 280
73 506 730 1 609 697
74 430 159 1 536 133
75 153 1077 1 259 1042
76 97 359 1 205 334
77 575 729 1 677 697
78 472 493 1 581 465
79 184 698 1 290 667
80 35 79 1 144 57
81 217 113 1 323 88
82 330 826 1 435 790
83 306 1048 1 410 1016
84 179 350 1 286 324
85 410 679 1 514 648
86 32 959 1 150 914
87 135 851 1 243 816
88 519 309 1 624 282
89 143 288 1 250 263
90 215 650 1 321 621
91 441 952 1 545 920
92 370 351 1 476 323
93 426 973 1 529 940
94 501 774 1 604 742
95 80 846 1 191 811
96 409 668 1 512 637
97 325 237 1 432 210
98 283 557 1 388 528
99 479 733 1 582 701
100 239 611 1 345 582
101 101 232 1 208 207
102 415 536 1 519 508
103 72 1070 1 180 1030
104 228 645 1 334 616
105 301 322 1 407 296
106 112 186 1 223 164
107 458 382 1 563 354
108 109 24 1 218 5
109 508 902 1 612 870
110 328 838 1 433 802
111 463 992 1 566 958
112 59 742 1 174 707
113 186 712 1 294 680
114 302 223 1 409 198
115 70 25 1 174 0
116 399 160 1 501 136
117 456 691 1 559 658
118 188 753 1 298 720
119 469 49 1 576 18
120 379 161 1 486 135
121 111 726 1 225 691
122 378 602 1 483 573
123 158 954 1 266 918
124 340 1024 1 445 993
125 59 1228 1 176 1165
126 138 254 1 244 229
127 24 729 1 141 693
128 63 256 1 172 231
129 148 335 1 255 309
130 451 303 1 556 275
131 58 209 1 166 186
132 522 690 1 624 657
133 407 927 1 511 898
134 312 438 1 417 412
135 212 683 1 318 653
136 81 948 1 195 905
137 73 890 1 185 852
138 507 747 1 612 715
139 230 1249 1 335 1210
140 438 1100 1 540 1064
141 554 694 1 656 661
142 474 483 1 577 454
143 551 645 1 653 613
144 30 295 1 139 271
145 229 629 1 335 600
146 196 701 1 304 670
147 137 946 1 245 909
148 457 1064 1 560 1031
149 335 368 1 440 341
150 89 932 1 203 888
151 333 280 1 438 253
152 371 278 1 477 251
153 248 392 1 354 366
154 675 1001 1 772 957
155 65 652 1 182 618
156 554 707 1 656 674
157 304 184 1 412 160
158 383 291 1 489 263
159 312 393 1 417 365
160 342 394 1 448 367
161 517 341 1 622 313
162 313 40 1 418 13
163 133 1237 1 242 1195
164 545 1239 1 644 1192
165 108 910 1 218 871
166 214 394 1 321 368
167 134 227 1 241 203
168 186 133 1 292 108
169 353 390 1 458 362
170 395 407 1 501 378
171 405 1047 1 508 1016
172 386 568 1 492 540
173 502 845 1 605 812
174 402 221 1 507 193
175 58 967 1 174 923
176 86 359 1 194 333
177 208 700 1 314 669
178 104 255 1 212 230
179 459 719 1 563 687
180 176 712 1 283 680
181 157 397 1 264 371
182 337 1141 1 440 1108
183 41 935 1 158 890
184 265 823 1 373 786
185 431 711 1 535 678
186 314 418 1 420 391
187 393 43 1 498 14
188 493 882 1 596 850
189 435 461 1 540 433
190 577 719 1 679 687
191 314 58 1 419 32
192 576 1220 1 674 1174
193 451 152 1 557 124
194 92 169 1 201 143
195 307 451 1 413 423
196 333 1250 1 437 1216
197 436 835 1 541 802
198 152 1218 1 264 1160
199 449 1231 1 550 1181
200 457 1002 1 562 968
201 347 813 1 453 778
202 115 337 1 223 311
203 141 1034 1 248 998
204 114 737 1 226 702
205 336 1240 1 440 1206
206 83 754 1 192 722
207 53 234 1 162 209
208 135 786 1 245 751
209 110 478 1 218 452
210 429 46 1 535 16
211 89 1110 1 198 1069
212 358 880 1 463 845
213 33 842 1 145 806
214 370 831 1 475 797
215 480 214 1 586 185
216 164 735 1 274 702
217 384 1073 1 488 1042
218 161 1146 1 272 1095
219 447 675 1 551 643
220 77 1059 1 191 1010
221 33 805 1 151 766
222 437 650 1 541 618
223 453 355 1 558 327
224 127 1027 1 236 988
225 66 616 1 181 584
226 301 310 1 406 283
227 55 688 1 171 653
228 430 1165 1 533 1129
229 297 1105 1 400 1072
230 476 87 1 582 57
231 295 238 1 401 212
232 441 154 1 546 124
233 127 923 1 238 885
234 42 665 1 158 631
235 179 366 1 287 340
236 486 742 1 588 710
237 73 280 1 181 255
238 77 617 1 193 584
239 425 1004 1 528 970
240 132 204 1 239 180
241 575 669 1 677 637
242 145 818 1 255 783
243 401 1091 1 504 1060
244 186 774 1 294 742
245 425 547 1 531 520
246 373 296 1 478 269
247 106 695 1 219 661
248 495 731 1 599 700
249 252 624 1 359 596
250 454 790 1 557 758
251 133 715 1 244 682
252 287 1048 1 392 1015
253 176 46 1 283 22
254 162 920 1 270 884
255 343 379 1 449 351
256 386 1095 1 490 1063
257 156 765 1 263 732
258 120 980 1 228 943
259 255 567 1 360 539
260 415 1092 1 517 1059
261 89 188 1 201 167
262 273 574 1 378 546
263 352 1147 1 455 1114
264 313 319 1 418 292
265 209 457 1 316 431
266 82 877 1 193 839
267 449 427 1 554 399
268 97 207 1 205 184
269 436 913 1 540 879
270 103 171 1 215 150
271 309 832 1 415 797
272 336 307 1 441 280
273 176 1233 1 282 1194
274 654 1020 1 752 979
275 146 788 1 255 756
276 158 1003 1 266 966
277 315 428 1 420 400
278 41 148 1 150 125
279 145 685 1 253 652
280 465 298 1 570 269
281 577 689 1 679 656
282 447 120 1 553 91
283 484 874 1 588 840
284 366 1015 1 471 982
285 535 165 1 638 136
286 219 603 1 325 575
287 352 1103 1 455 1071
288 273 563 1 378 535
289 448 729 1 552 698
290 123 724 1 235 689
291 385 932 1 491 902
292 133 983 1 243 942
293 427 806 1 531 773
294 147 945 1 255 909
295 136 879 1 244 843
296 452 617 1 556 588
297 221 484 1 328 456
298 157 779 1 266 745
299 212 666 1 320 636
300 94 801 1 206 764
301 417 872 1 520 838
302 343 1043 1 446 1011
303 321 283 1 426 256
304 136 763 1 244 730
305 446 995 1 549 961
306 291 1062 1 395 1030
307 239 633 1 346 604
308 463 287 1 568 259
309 448 710 1 552 677
310 441 696 1 544 663
311 428 939 1 530 905
312 455 763 1 558 730
313 414 1252 1 516 1201
314 472 196 1 578 167
315 282 547 1 388 519
316 473 678 1 578 646
317 452 800 1 557 767
318 296 953 1 401 921
319 71 1103 1 181 1061
320 160 964 1 268 926
321 134 676 1 243 645
322 411 526 1 517 499
323 400 734 1 505 701
324 223 1202 1 332 1146
325 386 739 1 491 707
326 562 905 1 663 870
327 479 832 1 582 799
328 221 1058 1 327 1024
329 345 1058 1 449 1026
330 158 802 1 267 769
331 287 1075 1 391 1042
332 114 133 1 221 108
333 373 1068 1 477 1037
334 207 617 1 313 589
335 585 677 1 687 645
336 476 290 1 582 262
337 100 388 1 207 362
338 635 80 1 736 57
339 457 677 1 560 645
340 166 746 1 275 712
341 382 705 1 486 673
342 300 322 1 406 295
343 487 753 1 589 720
344 339 326 1 444 299
345 81 465 1 190 438
346 272 483 1 377 455
347 405 275 1 510 246
348 173 1088 1 279 1052
349 549 669 1 651 637
350 319 1246 1 423 1212
351 179 634 1 286 603
352 296 213 1 399 186
353 449 970 1 553 936
354 392 597 1 497 569
355 511 701 1 614 668
356 85 368 1 193 343
357 361 853 1 465 819
358 552 656 1 656 623
359 43 173 1 152 150
360 32 663 1 149 630
361 210 640 1 317 612
362 559 726 1 662 693
363 183 686 1 290 656
364 313 1171 1 416 1133
365 352 899 1 456 863
366 301 322 1 406 295
367 457 344 1 561 316
368 132 453 1 240 426
369 167 759 1 276 725
370 293 1093 1 397 1060
371 469 207 1 574 178
372 346 1074 1 450 1042
373 124 403 1 231 377
374 497 833 1 601 800
375 381 547 1 485 520
376 598 711 1 701 678
377 44 629 1 161 597
378 450 838 1 553 805
379 445 67 1 551 37
380 392 453 1 498 425
381 475 1055 1 579 1018
382 393 539 1 497 511
383 249 636 1 355 606
384 578 804 1 680 771
385 301 321 1 407 295
386 435 223 1 540 195
387 110 634 1 224 601
388 331 1221 1 437 1170
389 111 466 1 219 440
390 188 169 1 296 143
391 378 817 1 482 783
392 396 189 1 502 162
393 458 826 1 561 793
394 103 944 1 214 904
395 301 194 1 407 170
396 368 588 1 472 561
397 201 392 1 307 365
398 517 510 1 621 481
399 162 983 1 270 946
400 466 976 1 569 944
401 368 204 1 473 176
402 458 314 1 563 286
403 266 836 1 372 801
404 299 298 1 404 271
405 264 626 1 369 597
406 421 422 1 527 394
407 424 1229 1 526 1179
408 282 1153 1 386 1115
409 294 1031 1 398 999
410 473 771 1 577 739
411 467 392 1 571 364
412 284 885 1 389 851
413 97 662 1 213 628
414 448 99 1 554 70
415 381 281 1 487 253
416 157 420 1 264 394
417 148 488 1 256 462
418 95 641 1 210 608
419 312 402 1 417 375
420 207 597 1 314 569
421 467 1042 1 570 1005
422 424 525 1 529 497
423 25 600 1 144 568
424 150 736 1 259 702
425 159 862 1 266 829
426 205 751 1 314 718
427 233 568 1 339 540
428 436 675 1 540 644
429 281 825 1 388 790
430 218 591 1 325 563
431 173 790 1 280 758
432 142 828 1 250 792
433 457 415 1 562 387
434 458 922 1 561 890
435 189 660 1 297 631
436 425 131 1 531 99
437 527 1082 1 629 1045
438 166 665 1 274 634
439 86 145 1 194 121
440 429 904 1 533 869
441 110 1076 1 225 1027
442 278 1092 1 382 1058
443 372 930 1 476 895
444 207 346 1 313 321
445 406 321 1 512 293
446 499 911 1 602 879
447 468 731 1 572 699
448 219 498 1 326 472
449 326 156 1 431 129
450 42 272 1 151 248
451 400 836 1 505 803
452 528 180 1 634 152
453 167 436 1 274 410
454 278 871 1 383 840
455 339 350 1 445 324
456 415 825 1 519 791
457 302 59 1 406 33
458 271 343 1 377 316
459 288 151 1 394 124
460 240 583 1 346 554
461 61 775 1 177 736
462 481 193 1 587 164
463 369 228 1 475 200
464 475 990 1 577 957
465 346 857 1 451 824
466 199 684 1 307 654
467 83 303 1 192 278
468 318 667 1 424 636
469 343 834 1 447 799
470 517 649 1 619 617
471 436 730 1 539 697
472 466 1076 1 568 1038
473 151 499 1 258 472
474 313 57 1 419 30
475 82 633 1 196 601
476 478 1045 1 580 1008
477 195 39 1 302 16
478 364 867 1 469 832
479 362 339 1 467 311
480 398 641 1 503 610
481 226 813 1 334 777
482 406 597 1 512 569
483 182 596 1 289 566
484 55 172 1 165 146
485 95 535 1 203 508
486 164 451 1 271 424
487 475 663 1 579 631
488 435 964 1 539 931
489 147 778 1 255 745
490 362 903 1 466 868
491 178 74 1 284 50
492 99 387 1 207 362
493 99 387 1 207 362
494 453 110 1 558 83
495 129 426 1 237 400
496 502 785 1 604 753
497 318 1220 1 424 1169
498 330 382 1 435 354
499 292 197 1 398 170
500 202 1239 1 309 1197
501 326 357 1 432 329
502 469 415 1 574 387
503 25 792 1 142 753
504 122 1250 1 231 1205
505 125 622 1 238 590
506 124 115 1 231 91
507 489 287 1 594 258
508 468 155 1 573 126
509 148 702 1 257 669
510 352 1134 1 454 1102
511 348 824 1 452 789
512 206 430 1 312 404
513 658 993 1 756 952
514 453 1048 1 554 1013
515 310 571 1 415 543
516 484 817 1 588 784
517 263 568 1 369 540
518 271 542 1 377 514
519 424 454 1 529 426
520 491 192 1 597 164
