0 323 339 1 430 288
1 162 729 1 274 674
2 485 355 1 590 305
3 313 237 1 422 187
4 488 321 1 595 270
5 451 682 1 558 626
6 333 203 1 442 154
7 475 293 1 581 241
8 340 921 1 447 862
9 460 508 1 565 456
10 501 676 1 607 621
11 77 1041 1 196 968
12 500 712 1 605 656
13 419 177 1 527 127
14 411 1028 1 516 971
15 322 225 1 430 176
16 459 385 1 565 334
17 56 1014 1 175 944
18 193 385 1 301 336
19 395 411 1 501 359
20 465 424 1 571 372
21 47 669 1 166 613
22 41 1013 1 160 943
23 483 222 1 591 170
24 190 367 1 297 319
25 70 1087 1 189 1012
26 590 709 1 695 654
27 52 1003 1 171 934
28 46 967 1 164 901
29 558 705 1 664 649
30 83 1072 1 201 999
31 479 410 1 585 358
32 337 218 1 446 169
33 470 328 1 577 276
34 174 938 1 284 879
35 545 753 1 650 698
36 202 491 1 309 442
37 167 883 1 276 824
38 442 954 1 548 898
39 439 448 1 545 397
40 382 1026 1 486 970
41 421 333 1 527 282
42 53 732 1 169 675
43 396 713 1 503 656
44 106 780 1 218 725
45 40 311 1 149 262
46 445 534 1 556 482
47 457 625 1 564 573
48 455 243 1 561 191
49 81 100 1 190 50
50 566 716 1 671 660
51 545 729 1 650 673
52 111 1012 1 221 951
53 36 143 1 145 94
54 328 315 1 435 264
55 75 75 1 185 25
56 315 1084 1 420 1028
57 133 871 1 242 814
58 184 134 1 290 83
59 455 197 1 562 146
60 398 171 1 505 117
61 314 398 1 420 347
62 422 1012 1 526 954
63 85 138 1 193 90
64 105 933 1 217 870
65 549 739 1 654 683
66 447 523 1 554 471
67 108 308 1 216 260
68 217 150 1 323 99
69 543 677 1 649 623
70 172 787 1 281 732
71 325 326 1 430 275
72 506 751 1 612 696
73 451 173 1 559 118
74 429 177 1 537 126
75 138 1205 1 249 1136
76 96 377 1 205 329
77 576 751 1 680 695
78 182 718 1 290 664
79 35 99 1 143 51
80 217 132 1 323 82
81 328 849 1 436 789
82 306 1069 1 411 1013
83 178 369 1 286 319
84 409 700 1 515 645
85 106 748 1 223 690
86 519 327 1 626 276
87 143 307 1 250 258
88 214 670 1 322 617
89 442 975 1 546 919
90 370 370 1 476 319
91 426 996 1 531 938
92 501 796 1 606 740
93 407 689 1 514 634
94 325 256 1 432 205
95 194 722 1 304 668
96 282 575 1 388 524
97 479 755 1 584 699
98 100 251 1 208 202
99 415 555 1 520 504
100 300 340 1 407 291
101 110 203 1 221 157
102 457 401 1 564 349
103 29 862 1 144 804
104 107 43 1 217 -2
105 64 975 1 183 908
106 166 898 1 275 842
107 509 924 1 614 869
108 326 860 1 434 801
109 43 1024 1 162 952
110 438 739 1 544 683
111 300 241 1 409 191
112 70 45 1 175 -5
113 455 713 1 561 657
114 47 228 1 156 181
115 66 930 1 182 867
116 468 69 1 577 12
117 118 1001 1 228 941
118 69 671 1 188 614
119 186 775 1 297 718
120 378 179 1 487 128
121 377 621 1 484 569
122 155 976 1 266 916
123 89 909 1 202 848
124 340 1045 1 446 990
125 137 273 1 244 224
126 63 275 1 172 226
127 148 354 1 255 305
128 451 321 1 557 270
129 58 228 1 166 181
130 521 712 1 626 656
131 25 960 1 145 892
132 312 457 1 418 408
133 210 703 1 318 650
134 507 769 1 614 714
135 101 966 1 214 903
136 437 1123 1 541 1063
137 554 715 1 659 659
138 59 673 1 179 616
139 551 666 1 656 611
140 29 314 1 139 266
141 228 648 1 336 597
142 458 1088 1 561 1029
143 334 387 1 441 337
144 332 298 1 439 248
145 371 297 1 478 246
146 247 411 1 354 361
147 679 1030 1 778 961
148 554 729 1 659 672
149 303 202 1 412 153
150 383 310 1 490 258
151 311 412 1 418 360
152 342 412 1 449 362
153 517 359 1 624 308
154 312 60 1 419 6
155 214 412 1 321 364
156 133 246 1 240 197
157 185 152 1 292 102
158 352 409 1 459 358
159 395 426 1 502 374
160 128 1008 1 242 942
161 148 942 1 260 879
162 406 1067 1 510 1013
163 386 586 1 493 536
164 503 867 1 607 811
165 401 240 1 508 187
166 85 378 1 194 328
167 238 630 1 345 579
168 104 274 1 212 225
169 459 741 1 565 685
170 173 733 1 283 678
171 156 416 1 264 367
172 146 798 1 255 742
173 501 856 1 603 799
174 337 1163 1 441 1105
175 35 961 1 156 891
176 263 845 1 373 785
177 314 437 1 420 387
178 392 63 1 499 8
179 493 904 1 598 848
180 435 480 1 542 429
181 578 741 1 682 685
182 54 763 1 172 705
183 314 78 1 420 26
184 578 1252 1 678 1179
185 141 847 1 250 789
186 50 701 1 170 643
187 307 470 1 413 418
188 436 858 1 543 801
189 146 1250 1 263 1165
190 26 685 1 146 628
191 457 1025 1 563 967
192 346 835 1 453 777
193 115 355 1 223 306
194 139 1056 1 249 996
195 367 1026 1 473 968
196 367 608 1 473 557
197 154 961 1 263 904
198 474 505 1 579 450
199 53 253 1 162 204
200 76 973 1 194 906
201 109 496 1 218 448
202 428 65 1 536 10
203 86 1132 1 198 1068
204 357 903 1 464 844
205 151 1098 1 260 1039
206 80 773 1 192 719
207 369 853 1 476 796
208 480 233 1 587 179
209 160 756 1 273 700
210 385 1094 1 489 1039
211 157 1176 1 271 1098
212 447 696 1 553 641
213 408 948 1 512 895
214 435 670 1 543 616
215 58 1100 1 172 1034
216 134 806 1 244 749
217 453 373 1 559 322
218 125 1050 1 236 987
219 61 636 1 179 582
220 54 993 1 172 924
221 431 1189 1 534 1128
222 296 1126 1 401 1069
223 476 106 1 584 51
224 295 257 1 401 207
225 76 899 1 192 838
226 440 172 1 547 118
227 36 686 1 155 629
228 179 385 1 287 336
229 486 763 1 590 708
230 73 298 1 181 250
231 71 638 1 190 582
232 425 1027 1 529 969
233 132 223 1 239 175
234 151 847 1 260 789
235 575 690 1 680 635
236 401 1112 1 505 1057
237 185 794 1 294 739
238 425 566 1 532 516
239 373 314 1 479 264
240 101 716 1 217 659
241 495 753 1 601 698
242 252 643 1 359 593
243 76 868 1 190 809
244 454 812 1 559 757
245 176 65 1 283 15
246 159 942 1 270 882
247 343 397 1 449 346
248 386 1116 1 491 1061
249 154 785 1 263 730
250 296 1068 1 400 1012
251 254 586 1 361 535
252 415 1114 1 519 1057
253 87 206 1 199 161
254 273 593 1 379 542
255 351 1169 1 456 1111
256 312 338 1 419 288
257 209 477 1 316 427
258 449 446 1 555 394
259 97 226 1 205 178
260 134 968 1 245 907
261 101 189 1 213 143
262 307 855 1 416 796
263 336 326 1 441 275
264 658 1049 1 757 982
265 212 659 1 318 608
266 156 1024 1 266 964
267 315 447 1 421 396
268 41 167 1 149 120
269 142 704 1 253 649
270 464 316 1 571 264
271 578 710 1 683 655
272 447 139 1 554 85
273 485 896 1 590 839
274 228 626 1 335 575
275 534 182 1 641 128
276 218 622 1 325 571
277 352 1124 1 456 1068
278 272 582 1 378 531
279 448 751 1 554 696
280 25 829 1 148 766
281 138 1005 1 249 943
282 385 954 1 492 899
283 426 828 1 532 771
284 144 967 1 255 907
285 452 636 1 558 585
286 220 502 1 328 452
287 416 895 1 522 837
288 343 1063 1 447 1008
289 321 302 1 427 251
290 133 782 1 244 728
291 184 732 1 293 677
292 446 1018 1 551 960
293 291 1083 1 396 1026
294 157 701 1 267 648
295 462 305 1 569 254
296 448 732 1 554 676
297 440 717 1 546 661
298 427 961 1 531 903
299 454 784 1 560 728
300 61 1131 1 173 1068
301 471 214 1 579 161
302 282 566 1 388 516
303 473 698 1 580 644
304 452 822 1 558 765
305 296 973 1 402 918
306 205 721 1 314 667
307 158 985 1 268 924
308 131 696 1 243 642
309 411 545 1 518 495
310 399 754 1 506 699
311 218 1233 1 331 1150
312 385 760 1 492 705
313 563 929 1 666 870
314 479 854 1 584 798
315 219 1079 1 327 1021
316 345 1079 1 450 1023
317 156 823 1 266 767
318 286 1096 1 392 1039
319 130 737 1 243 680
320 114 152 1 221 103
321 373 1089 1 478 1034
322 205 637 1 313 585
323 440 1097 1 544 1037
324 586 697 1 690 643
325 476 309 1 583 257
326 99 407 1 207 358
327 634 96 1 741 47
328 456 698 1 561 642
329 163 767 1 275 710
330 381 726 1 488 671
331 300 340 1 406 290
332 486 774 1 591 718
333 338 345 1 445 294
334 81 483 1 190 434
335 271 501 1 377 451
336 404 294 1 511 241
337 171 1109 1 279 1050
338 549 691 1 654 635
339 326 212 1 435 163
340 177 653 1 286 600
341 449 993 1 555 935
342 392 616 1 498 565
343 511 723 1 617 667
344 85 387 1 193 339
345 426 199 1 535 148
346 359 875 1 466 817
347 553 677 1 659 621
348 43 192 1 152 144
349 143 837 1 252 782
350 559 747 1 665 691
351 181 706 1 290 653
352 312 1193 1 417 1131
353 351 921 1 457 862
354 300 341 1 407 290
355 456 363 1 562 311
356 131 472 1 240 422
357 48 656 1 164 603
358 292 1115 1 398 1057
359 469 225 1 575 172
360 347 1096 1 451 1039
361 123 421 1 231 372
362 380 566 1 486 516
363 599 733 1 704 677
364 38 650 1 158 595
365 449 860 1 555 803
366 445 86 1 552 30
367 392 472 1 499 421
368 475 1080 1 581 1018
369 393 558 1 498 507
370 248 656 1 355 603
371 579 826 1 683 770
372 300 340 1 407 290
373 119 1075 1 229 1013
374 434 242 1 541 190
375 105 655 1 222 599
376 329 1252 1 438 1174
377 110 485 1 219 435
378 188 188 1 296 137
379 376 838 1 483 781
380 395 208 1 503 156
381 457 848 1 563 791
382 90 652 1 207 596
383 299 212 1 408 163
384 176 901 1 285 844
385 200 410 1 307 361
386 517 529 1 623 477
387 160 1006 1 270 944
388 466 997 1 570 942
389 367 223 1 474 171
390 457 333 1 564 281
391 264 859 1 372 800
392 299 317 1 405 266
393 264 645 1 370 594
394 421 440 1 528 389
395 199 658 1 307 606
396 281 1175 1 386 1113
397 294 1051 1 399 996
398 473 792 1 578 737
399 466 411 1 572 360
400 124 947 1 237 884
401 282 907 1 390 850
402 447 118 1 555 64
403 381 299 1 488 248
404 157 439 1 264 390
405 148 507 1 256 458
406 90 662 1 207 606
407 311 421 1 418 370
408 206 617 1 314 566
409 467 1067 1 571 1005
410 424 544 1 530 493
411 146 757 1 259 700
412 157 883 1 266 826
413 202 773 1 313 716
414 430 726 1 536 670
415 232 587 1 340 536
416 435 696 1 541 642
417 279 848 1 388 789
418 217 610 1 326 559
419 171 810 1 280 755
420 457 434 1 564 382
421 25 799 1 145 737
422 458 944 1 563 888
423 188 680 1 297 628
424 425 151 1 531 94
425 91 722 1 207 665
426 529 1107 1 631 1046
427 163 684 1 274 631
428 86 164 1 193 116
429 429 927 1 534 869
430 150 813 1 261 756
431 277 1114 1 382 1056
432 372 953 1 477 894
433 206 365 1 313 317
434 406 340 1 513 288
435 500 933 1 603 877
436 468 753 1 574 697
437 219 517 1 326 468
438 326 174 1 432 123
439 42 291 1 151 243
440 400 858 1 506 801
441 528 197 1 636 145
442 167 455 1 274 406
443 278 891 1 384 837
444 339 369 1 446 319
445 583 898 1 686 840
446 414 847 1 520 790
447 301 78 1 406 27
448 271 361 1 377 311
449 288 170 1 394 118
450 239 602 1 346 551
451 481 212 1 588 158
452 29 1004 1 149 935
453 368 246 1 476 195
454 475 1013 1 579 955
455 346 877 1 452 822
456 198 704 1 307 651
457 85 329 1 194 281
458 316 688 1 424 633
459 342 856 1 448 798
460 517 670 1 622 615
461 435 751 1 541 695
462 466 1100 1 570 1038
463 151 518 1 258 468
464 313 77 1 419 24
465 76 655 1 194 599
466 478 1070 1 582 1008
467 194 58 1 302 9
468 364 890 1 470 831
469 361 358 1 468 307
470 218 1102 1 324 1042
471 397 662 1 504 608
472 224 834 1 334 776
473 406 616 1 513 566
474 180 615 1 289 562
475 55 191 1 164 141
476 533 716 1 638 660
477 164 470 1 271 420
478 475 684 1 581 629
479 361 926 1 467 867
480 178 94 1 284 44
481 98 406 1 207 357
482 397 576 1 503 525
483 98 406 1 206 358
484 452 129 1 560 76
485 128 445 1 236 395
486 501 806 1 606 751
487 315 1251 1 424 1173
488 329 401 1 436 350
489 291 216 1 398 165
490 326 375 1 432 324
491 469 434 1 575 382
492 312 327 1 419 276
493 121 643 1 236 588
494 123 135 1 231 85
495 488 306 1 595 253
496 467 174 1 574 120
497 421 1124 1 524 1065
498 156 897 1 266 839
499 351 1156 1 455 1099
500 347 846 1 453 788
501 206 449 1 313 399
502 661 1021 1 761 954
503 453 1071 1 555 1012
504 431 1090 1 535 1030
505 309 590 1 416 539
506 476 674 1 582 619
507 484 839 1 590 783
508 263 587 1 370 536
509 424 472 1 530 421
510 490 211 1 598 158
