0 327 339 1 430 287
1 488 356 1 591 303
2 56 1015 1 175 945
3 492 321 1 596 268
4 453 684 1 558 626
5 336 202 1 442 151
6 316 236 1 422 185
7 478 293 1 582 239
8 341 923 1 447 861
9 503 677 1 607 621
10 76 1042 1 196 969
11 112 42 1 217 -4
12 502 713 1 606 656
13 41 1014 1 159 943
14 423 177 1 527 125
15 412 1029 1 516 970
16 325 224 1 430 174
17 462 385 1 565 332
18 164 730 1 274 674
19 197 385 1 301 335
20 398 411 1 501 358
21 468 424 1 572 371
22 48 670 1 165 613
23 487 222 1 592 168
24 193 367 1 297 317
25 593 711 1 696 654
26 45 968 1 163 902
27 560 707 1 665 649
28 82 1073 1 201 999
29 483 410 1 586 356
30 341 218 1 446 167
31 474 328 1 577 274
32 175 938 1 284 878
33 35 962 1 155 892
34 547 755 1 651 697
35 52 1005 1 170 935
36 205 491 1 309 441
37 167 883 1 276 824
38 442 448 1 545 396
39 383 1028 1 486 969
40 424 334 1 528 280
41 54 732 1 168 675
42 397 714 1 503 656
43 43 310 1 148 260
44 460 626 1 564 572
45 459 243 1 561 189
46 85 99 1 190 48
47 569 718 1 672 660
48 547 730 1 651 672
49 111 1012 1 221 950
50 40 142 1 145 92
51 332 315 1 436 262
52 79 73 1 185 23
53 316 1084 1 421 1027
54 187 133 1 290 81
55 317 398 1 421 346
56 423 1013 1 526 953
57 89 137 1 193 88
58 551 741 1 655 683
59 459 198 1 562 144
60 111 307 1 216 259
61 221 149 1 323 97
62 545 679 1 650 622
63 173 787 1 281 731
64 328 326 1 430 273
65 62 979 1 182 908
66 508 753 1 612 695
67 455 173 1 559 116
68 47 952 1 165 885
69 433 176 1 538 124
70 138 1205 1 249 1136
71 99 376 1 205 328
72 578 753 1 681 695
73 184 718 1 291 663
74 39 98 1 143 49
75 221 131 1 323 80
76 70 930 1 182 867
77 329 850 1 436 789
78 306 1069 1 411 1012
79 182 368 1 286 317
80 410 701 1 516 645
81 107 749 1 222 690
82 522 327 1 627 274
83 146 306 1 250 257
84 216 670 1 322 616
85 443 976 1 547 918
86 373 370 1 477 317
87 427 997 1 531 938
88 503 797 1 607 740
89 409 690 1 514 634
90 329 256 1 432 203
91 195 722 1 304 667
92 285 575 1 388 523
93 481 757 1 585 698
94 104 250 1 208 200
95 417 556 1 521 503
96 304 340 1 408 290
97 113 203 1 221 155
98 461 401 1 564 348
99 30 862 1 144 804
100 463 507 1 565 455
101 167 898 1 275 841
102 511 926 1 615 868
103 327 861 1 434 801
104 41 1024 1 161 953
105 439 740 1 545 682
106 304 240 1 409 189
107 74 44 1 175 -7
108 402 171 1 505 115
109 457 714 1 561 656
110 50 227 1 156 179
111 78 863 1 192 800
112 473 69 1 577 9
113 118 1001 1 228 940
114 68 671 1 187 613
115 187 775 1 297 718
116 382 178 1 487 126
117 380 621 1 484 568
118 89 909 1 202 847
119 341 1045 1 446 989
120 141 272 1 244 222
121 67 274 1 172 224
122 152 354 1 255 303
123 454 321 1 558 268
124 61 227 1 166 179
125 523 713 1 627 655
126 24 961 1 144 892
127 314 457 1 418 406
128 212 703 1 318 649
129 509 771 1 614 713
130 452 519 1 554 470
131 101 966 1 213 903
132 438 1124 1 541 1063
133 60 636 1 178 581
134 557 717 1 660 659
135 59 673 1 178 616
136 554 668 1 657 610
137 33 313 1 138 265
138 231 648 1 336 595
139 458 1089 1 561 1029
140 338 387 1 441 335
141 336 298 1 439 246
142 375 297 1 478 244
143 250 411 1 354 360
144 680 1035 1 779 963
145 557 730 1 660 672
146 306 202 1 412 151
147 386 310 1 490 257
148 314 412 1 418 359
149 345 413 1 449 361
150 520 360 1 625 306
151 316 59 1 419 4
152 217 412 1 321 362
153 137 245 1 240 196
154 189 152 1 292 100
155 355 409 1 459 356
156 398 426 1 502 372
157 148 942 1 260 879
158 407 1068 1 510 1012
159 389 586 1 493 535
160 504 869 1 608 811
161 405 240 1 508 185
162 88 377 1 194 327
163 240 629 1 345 578
164 107 273 1 211 223
165 460 742 1 565 684
166 160 415 1 264 365
167 147 798 1 255 742
168 503 858 1 603 799
169 133 871 1 242 813
170 338 1163 1 441 1104
171 264 846 1 373 785
172 317 437 1 421 385
173 396 63 1 499 5
174 495 906 1 598 848
175 438 480 1 542 427
176 580 743 1 683 685
177 55 764 1 171 705
178 318 78 1 420 24
179 445 956 1 549 897
180 142 847 1 250 789
181 50 701 1 169 642
182 310 470 1 414 417
183 438 859 1 543 800
184 144 1253 1 262 1167
185 27 684 1 145 628
186 458 1026 1 564 967
187 347 836 1 454 776
188 118 355 1 223 305
189 368 1027 1 473 968
190 369 608 1 473 556
191 72 639 1 189 582
192 155 962 1 263 903
193 445 174 1 547 116
194 56 252 1 162 202
195 75 973 1 193 906
196 112 496 1 218 446
197 432 65 1 536 7
198 85 1132 1 198 1067
199 358 904 1 464 844
200 151 1097 1 260 1038
201 81 773 1 192 719
202 370 854 1 477 795
203 484 233 1 588 178
204 161 756 1 273 699
205 385 1095 1 489 1038
206 155 1177 1 271 1099
207 449 697 1 554 640
208 410 948 1 513 894
209 437 672 1 543 615
210 58 1100 1 172 1034
211 456 374 1 560 320
212 53 994 1 171 924
213 431 1190 1 535 1127
214 297 1127 1 401 1068
215 480 106 1 584 49
216 299 257 1 402 205
217 175 732 1 283 677
218 182 384 1 287 334
219 488 765 1 591 707
220 76 297 1 180 249
221 426 1028 1 529 968
222 135 222 1 239 173
223 152 846 1 260 788
224 577 692 1 681 635
225 186 794 1 294 738
226 428 567 1 532 514
227 376 314 1 479 262
228 497 755 1 601 698
229 255 643 1 359 591
230 455 814 1 560 756
231 180 65 1 282 13
232 159 943 1 270 882
233 346 397 1 450 345
234 387 1116 1 491 1060
235 155 785 1 263 729
236 469 1070 1 572 1005
237 296 1068 1 400 1011
238 256 586 1 361 534
239 415 1116 1 519 1056
240 90 205 1 199 158
241 275 593 1 379 541
242 352 1169 1 456 1110
243 316 338 1 419 286
244 211 476 1 316 425
245 452 446 1 555 393
246 100 225 1 204 177
247 133 968 1 245 907
248 104 187 1 213 141
249 308 856 1 416 796
250 339 326 1 441 274
251 659 1053 1 758 983
252 214 659 1 318 607
253 157 1024 1 266 963
254 317 447 1 421 395
255 44 165 1 149 118
256 144 704 1 253 648
257 468 316 1 571 262
258 580 712 1 684 654
259 451 139 1 554 83
260 486 898 1 591 839
261 230 625 1 335 573
262 538 182 1 642 126
263 220 622 1 325 570
264 353 1125 1 456 1067
265 274 582 1 378 530
266 449 752 1 554 695
267 26 829 1 147 766
268 139 1004 1 249 943
269 427 830 1 533 771
270 145 967 1 255 907
271 454 637 1 558 584
272 223 502 1 328 451
273 417 897 1 522 837
274 344 1064 1 447 1007
275 324 302 1 427 249
276 135 782 1 244 727
277 185 731 1 293 676
278 447 1019 1 551 960
279 292 1083 1 396 1025
280 158 701 1 266 647
281 466 305 1 569 252
282 449 733 1 554 675
283 441 719 1 547 660
284 428 962 1 532 903
285 456 785 1 560 728
286 62 1131 1 173 1067
287 475 214 1 579 159
288 284 566 1 388 514
289 475 700 1 581 643
290 454 823 1 559 765
291 297 973 1 402 917
292 544 669 1 648 611
293 207 720 1 314 666
294 158 985 1 268 924
295 132 696 1 242 642
296 414 546 1 518 493
297 401 756 1 506 698
298 217 1236 1 331 1152
299 386 761 1 492 704
300 564 931 1 667 870
301 480 856 1 585 797
302 220 1080 1 327 1020
303 346 1079 1 450 1022
304 157 823 1 266 766
305 287 1097 1 392 1038
306 131 737 1 243 680
307 118 151 1 221 101
308 374 1090 1 478 1033
309 207 637 1 313 584
310 441 1098 1 544 1037
311 588 700 1 692 642
312 480 309 1 583 255
313 102 405 1 207 356
314 639 95 1 743 43
315 458 699 1 562 642
316 164 768 1 274 710
317 383 727 1 488 670
318 303 340 1 407 288
319 488 776 1 592 718
320 342 345 1 445 292
321 578 1255 1 679 1180
322 84 482 1 190 433
323 274 501 1 378 450
324 408 294 1 511 240
325 171 1109 1 280 1049
326 551 692 1 655 635
327 330 211 1 435 161
328 178 653 1 286 599
329 450 994 1 555 935
330 394 616 1 498 564
331 513 724 1 618 666
332 88 386 1 193 337
333 429 198 1 535 146
334 360 877 1 466 817
335 555 678 1 659 621
336 47 191 1 151 142
337 144 837 1 252 781
338 562 749 1 666 690
339 183 705 1 290 652
340 312 1194 1 417 1131
341 352 923 1 457 862
342 303 341 1 407 289
343 460 363 1 563 309
344 134 471 1 240 421
345 292 1115 1 398 1056
346 473 226 1 576 170
347 347 1096 1 451 1038
348 126 421 1 231 371
349 383 566 1 486 515
350 602 735 1 705 676
351 39 650 1 157 594
352 451 862 1 555 803
353 449 86 1 553 28
354 395 472 1 499 419
355 476 1083 1 581 1018
356 396 558 1 498 506
357 250 655 1 355 602
358 581 828 1 684 770
359 304 340 1 407 288
360 119 1074 1 229 1012
361 438 242 1 541 188
362 106 655 1 222 598
363 112 484 1 219 434
364 192 187 1 295 135
365 377 840 1 483 781
366 399 208 1 503 154
367 459 850 1 563 791
368 90 652 1 206 596
369 303 211 1 408 161
370 176 901 1 285 843
371 203 410 1 307 359
372 519 529 1 623 476
373 237 613 1 342 560
374 467 999 1 571 942
375 371 223 1 474 169
376 461 333 1 564 279
377 265 860 1 372 799
378 302 317 1 405 265
379 266 645 1 370 592
380 425 440 1 528 388
381 200 657 1 307 605
382 281 1176 1 387 1113
383 294 1051 1 399 995
384 475 794 1 579 736
385 469 411 1 573 358
386 284 907 1 390 849
387 451 118 1 555 62
388 384 299 1 489 246
389 160 438 1 264 388
390 151 506 1 256 456
391 90 662 1 207 605
392 314 421 1 418 369
393 208 617 1 314 564
394 427 544 1 530 491
395 147 757 1 258 699
396 157 883 1 266 826
397 203 773 1 313 716
398 431 727 1 537 670
399 235 587 1 340 535
400 437 698 1 542 641
401 280 849 1 388 788
402 219 610 1 326 558
403 172 810 1 280 754
404 460 434 1 564 381
405 24 799 1 144 737
406 459 946 1 563 888
407 190 680 1 297 627
408 429 151 1 532 92
409 91 723 1 206 664
410 529 1109 1 632 1046
411 165 684 1 274 630
412 90 163 1 193 114
413 430 929 1 535 868
414 151 812 1 261 756
415 278 1114 1 383 1055
416 373 955 1 477 893
417 209 365 1 313 315
418 410 340 1 513 287
419 501 935 1 604 877
420 470 755 1 574 696
421 222 516 1 326 467
422 330 174 1 432 121
423 45 290 1 150 242
424 401 860 1 507 801
425 532 197 1 637 143
426 170 454 1 274 404
427 280 891 1 384 836
428 341 369 1 446 318
429 584 900 1 687 840
430 415 848 1 520 790
431 305 78 1 406 24
432 274 361 1 377 309
433 291 170 1 394 117
434 241 602 1 346 550
435 485 212 1 589 156
436 28 1005 1 148 936
437 372 246 1 476 193
438 476 1015 1 579 955
439 347 878 1 453 821
440 199 703 1 307 650
441 88 328 1 194 279
442 318 688 1 424 633
443 343 858 1 448 797
444 520 671 1 623 614
445 436 753 1 541 694
446 467 1102 1 570 1038
447 153 517 1 258 467
448 317 77 1 419 22
449 77 654 1 193 598
450 479 1072 1 582 1008
451 198 57 1 302 7
452 50 656 1 163 602
453 364 891 1 470 830
454 365 358 1 468 305
455 218 1101 1 324 1041
456 399 663 1 505 607
457 225 835 1 334 776
458 409 616 1 513 564
459 182 614 1 289 561
460 59 190 1 164 139
461 535 717 1 639 659
462 167 469 1 271 419
463 477 686 1 582 629
464 362 927 1 467 867
465 182 94 1 284 42
466 101 405 1 207 356
467 399 576 1 503 524
468 101 405 1 206 356
469 456 129 1 560 74
470 131 444 1 236 394
471 503 808 1 607 751
472 332 401 1 436 348
473 295 215 1 398 163
474 136 806 1 244 749
475 330 375 1 433 323
476 472 434 1 576 381
477 316 327 1 419 274
478 121 643 1 236 587
479 127 134 1 230 83
480 492 306 1 595 251
481 472 173 1 575 118
482 421 1125 1 524 1064
483 156 897 1 266 838
484 352 1156 1 456 1098
485 348 847 1 453 787
486 209 449 1 313 398
487 663 1025 1 762 956
488 454 1072 1 556 1012
489 432 1092 1 535 1030
490 312 590 1 416 538
491 478 676 1 583 618
492 486 840 1 590 782
493 104 919 1 217 857
494 427 473 1 530 420
495 494 211 1 598 156
