0 339 335 1 430 284
1 501 352 1 592 299
2 60 1012 1 173 946
3 505 317 1 597 264
4 463 683 1 559 624
5 349 196 1 442 147
6 328 230 1 422 181
7 492 289 1 582 235
8 349 921 1 447 861
9 514 676 1 609 619
10 81 1040 1 194 970
11 124 35 1 216 -9
12 512 713 1 607 654
13 437 172 1 528 120
14 420 1028 1 517 969
15 337 219 1 430 169
16 475 382 1 566 329
17 172 726 1 273 672
18 209 380 1 301 332
19 410 407 1 502 355
20 480 421 1 572 368
21 501 218 1 592 164
22 205 362 1 297 314
23 603 711 1 698 653
24 571 707 1 666 648
25 495 407 1 586 353
26 353 212 1 446 163
27 487 324 1 578 271
28 182 935 1 284 877
29 39 959 1 153 893
30 558 754 1 652 696
31 56 1002 1 168 936
32 216 486 1 309 438
33 175 878 1 276 822
34 49 966 1 162 902
35 60 726 1 167 673
36 86 1072 1 199 1001
37 124 197 1 220 151
38 454 445 1 546 393
39 391 1026 1 487 968
40 437 329 1 528 277
41 406 713 1 504 654
42 56 304 1 148 257
43 56 667 1 163 612
44 471 623 1 565 570
45 472 239 1 562 185
46 99 93 1 190 44
47 579 718 1 673 659
48 558 731 1 652 671
49 53 135 1 144 88
50 345 310 1 436 259
51 452 976 1 548 917
52 93 67 1 185 18
53 324 1081 1 421 1025
54 201 127 1 290 77
55 330 393 1 421 343
56 430 1012 1 527 953
57 102 131 1 192 84
58 561 741 1 657 682
59 472 193 1 563 139
60 123 301 1 215 255
61 234 144 1 323 93
62 556 678 1 651 621
63 341 321 1 430 270
64 518 752 1 613 694
65 469 168 1 560 112
66 52 949 1 163 886
67 447 171 1 538 119
68 144 1200 1 248 1136
69 111 371 1 204 325
70 589 753 1 682 694
71 193 713 1 290 661
72 53 91 1 142 45
73 210 729 1 303 679
74 235 126 1 323 76
75 337 848 1 436 788
76 314 1065 1 411 1010
77 194 362 1 286 314
78 420 699 1 516 643
79 536 323 1 628 270
80 158 300 1 249 253
81 259 651 1 355 600
82 448 859 1 544 800
83 386 366 1 477 314
84 434 996 1 532 937
85 513 797 1 608 739
86 419 688 1 515 632
87 342 251 1 433 199
88 117 1007 1 221 949
89 296 571 1 389 521
90 490 756 1 586 697
91 116 244 1 207 197
92 429 552 1 521 500
93 316 336 1 408 286
94 473 398 1 565 345
95 68 975 1 180 909
96 76 924 1 181 867
97 175 894 1 275 839
98 519 926 1 616 867
99 335 860 1 434 800
100 208 713 1 304 660
101 46 1021 1 160 954
102 449 738 1 545 681
103 316 234 1 409 185
104 88 37 1 175 -10
105 416 165 1 505 111
106 467 713 1 562 655
107 63 221 1 155 176
108 85 858 1 190 799
109 148 217 1 238 169
110 75 667 1 184 612
111 195 772 1 297 717
112 396 173 1 487 121
113 391 617 1 484 566
114 95 905 1 201 847
115 182 782 1 280 729
116 349 1042 1 446 987
117 153 266 1 244 219
118 79 268 1 171 221
119 164 348 1 255 300
120 467 318 1 558 265
121 74 221 1 165 175
122 534 713 1 628 654
123 28 958 1 142 893
124 326 453 1 418 403
125 221 698 1 318 647
126 31 719 1 143 663
127 519 770 1 616 712
128 44 1011 1 158 944
129 107 962 1 213 903
130 445 1123 1 542 1062
131 119 731 1 225 676
132 67 631 1 176 579
133 567 717 1 662 658
134 564 667 1 659 609
135 45 307 1 138 261
136 240 642 1 336 593
137 466 1089 1 562 1028
138 350 382 1 441 332
139 349 294 1 439 243
140 388 292 1 479 241
141 262 406 1 354 357
142 689 1041 1 783 966
143 567 730 1 662 671
144 319 196 1 412 147
145 399 306 1 490 253
146 327 407 1 418 356
147 357 409 1 449 358
148 533 356 1 626 303
149 330 53 1 419 0
150 57 697 1 167 642
151 228 407 1 321 359
152 149 240 1 240 192
153 202 146 1 292 96
154 368 405 1 459 353
155 411 421 1 502 369
156 196 791 1 294 737
157 414 1065 1 510 1010
158 400 583 1 493 532
159 513 869 1 609 810
160 419 235 1 509 182
161 100 371 1 193 324
162 120 267 1 211 220
163 470 741 1 566 683
164 172 409 1 264 362
165 155 793 1 255 740
166 512 858 1 606 799
167 140 865 1 242 812
168 344 1160 1 442 1103
169 272 844 1 373 784
170 79 972 1 191 907
171 439 564 1 533 512
172 476 508 1 566 452
173 329 433 1 421 382
174 411 57 1 500 1
175 503 905 1 599 847
176 450 476 1 542 425
177 310 210 1 398 159
178 591 743 1 685 684
179 332 72 1 420 19
180 452 955 1 549 896
181 332 249 1 423 199
182 322 465 1 414 414
183 146 1119 1 248 1059
184 480 1085 1 582 1019
185 155 941 1 259 879
186 148 842 1 250 787
187 466 1026 1 564 966
188 355 835 1 454 776
189 130 349 1 222 302
190 376 1025 1 474 967
191 380 604 1 473 553
192 78 635 1 187 580
193 458 168 1 548 112
194 69 246 1 161 199
195 123 490 1 218 443
196 447 60 1 536 3
197 366 903 1 465 843
198 468 946 1 564 887
199 379 853 1 477 794
200 497 228 1 588 174
201 169 753 1 272 698
202 393 1092 1 490 1036
203 458 696 1 554 639
204 418 946 1 513 892
205 447 670 1 544 614
206 64 1096 1 171 1033
207 547 700 1 642 642
208 469 370 1 560 317
209 57 990 1 170 925
210 437 1189 1 536 1127
211 304 1123 1 402 1066
212 494 102 1 585 44
213 312 252 1 402 201
214 432 1028 1 530 968
215 183 728 1 283 675
216 187 866 1 288 808
217 194 379 1 287 331
218 497 764 1 592 706
219 89 291 1 180 245
220 121 995 1 225 935
221 160 842 1 260 787
222 589 692 1 683 633
223 389 310 1 480 259
224 507 754 1 602 697
225 265 639 1 359 589
226 464 813 1 560 755
227 193 59 1 282 9
228 167 939 1 269 881
229 358 393 1 450 342
230 394 1113 1 491 1058
231 164 781 1 263 728
232 476 1070 1 573 1006
233 303 1064 1 401 1009
234 268 581 1 361 531
235 422 1114 1 520 1055
236 101 198 1 197 154
237 358 1166 1 457 1108
238 329 333 1 419 283
239 223 471 1 316 422
240 464 442 1 556 390
241 113 219 1 204 173
242 140 964 1 245 906
243 116 180 1 211 137
244 316 854 1 416 795
245 352 321 1 442 271
246 668 1058 1 761 985
247 224 655 1 318 605
248 126 642 1 231 587
249 164 1020 1 266 962
250 329 442 1 421 392
251 57 158 1 148 114
252 481 312 1 572 259
253 590 712 1 686 654
254 465 134 1 555 79
255 495 897 1 592 838
256 240 621 1 335 571
257 552 177 1 643 121
258 230 618 1 325 568
259 360 1121 1 457 1065
260 285 577 1 378 527
261 460 751 1 555 694
262 72 735 1 181 679
263 146 1001 1 249 942
264 436 828 1 533 770
265 152 963 1 255 906
266 108 716 1 214 659
267 465 635 1 559 581
268 235 497 1 328 448
269 524 719 1 619 659
270 426 895 1 523 836
271 351 1060 1 448 1005
272 337 297 1 427 246
273 144 777 1 243 725
274 194 727 1 293 675
275 455 1019 1 552 959
276 299 1079 1 397 1023
277 168 697 1 266 646
278 479 301 1 570 248
279 226 665 1 322 614
280 459 732 1 555 674
281 451 718 1 547 659
282 436 961 1 533 902
283 466 784 1 561 727
284 68 1126 1 173 1066
285 489 209 1 580 155
286 485 699 1 582 642
287 463 822 1 560 764
288 306 970 1 403 915
289 554 668 1 649 610
290 165 982 1 268 923
291 142 692 1 242 640
292 426 542 1 519 491
293 410 754 1 507 697
294 220 1237 1 330 1155
295 395 759 1 492 703
296 155 698 1 253 646
297 573 932 1 668 870
298 489 856 1 585 797
299 222 708 1 318 656
300 353 1076 1 451 1020
301 295 1093 1 393 1036
302 185 878 1 283 824
303 131 144 1 221 97
304 381 1086 1 478 1031
305 217 632 1 313 582
306 447 1097 1 545 1036
307 599 700 1 693 641
308 493 306 1 584 251
309 655 88 1 746 36
310 468 698 1 563 640
311 172 764 1 274 709
312 392 724 1 488 669
313 316 336 1 407 285
314 498 775 1 593 717
315 354 340 1 445 289
316 95 476 1 190 430
317 285 497 1 378 447
318 421 289 1 511 236
319 178 1105 1 280 1047
320 562 692 1 656 633
321 342 205 1 435 156
322 188 649 1 286 597
323 146 1255 1 261 1170
324 458 993 1 556 934
325 405 613 1 499 561
326 100 380 1 193 334
327 443 193 1 536 141
328 369 875 1 466 816
329 566 678 1 661 619
330 60 184 1 151 139
331 154 832 1 252 779
332 572 749 1 667 690
333 192 701 1 290 650
334 318 1191 1 417 1130
335 359 921 1 457 862
336 316 336 1 407 286
337 472 359 1 563 306
338 146 465 1 240 418
339 164 958 1 263 902
340 300 1112 1 399 1054
341 486 221 1 576 166
342 354 1092 1 452 1036
343 138 415 1 231 368
344 395 563 1 487 512
345 612 735 1 707 675
346 459 861 1 556 802
347 464 81 1 553 24
348 407 468 1 500 417
349 407 555 1 499 503
350 212 62 1 301 14
351 590 829 1 685 769
352 316 335 1 407 285
353 126 1071 1 229 1011
354 451 238 1 542 184
355 113 651 1 220 597
356 172 713 1 270 661
357 124 479 1 218 431
358 204 181 1 295 131
359 32 217 1 128 173
360 386 838 1 484 780
361 413 204 1 503 150
362 468 849 1 564 790
363 97 648 1 204 594
364 185 897 1 285 842
365 215 404 1 307 356
366 531 527 1 624 473
367 247 608 1 342 558
368 475 998 1 572 940
369 384 218 1 475 165
370 474 329 1 565 276
371 273 857 1 372 798
372 315 312 1 405 261
373 276 640 1 370 590
374 437 437 1 529 385
375 210 653 1 306 602
376 287 1173 1 387 1112
377 302 1048 1 400 993
378 484 793 1 580 735
379 482 408 1 573 355
380 292 904 1 390 848
381 466 113 1 556 57
382 398 295 1 489 243
383 171 433 1 264 385
384 162 501 1 256 453
385 97 658 1 205 604
386 326 416 1 418 366
387 215 842 1 313 789
388 439 540 1 531 489
389 155 754 1 257 698
390 166 879 1 266 824
391 211 770 1 312 715
392 441 725 1 537 668
393 447 696 1 543 640
394 288 847 1 388 788
395 229 606 1 325 556
396 181 806 1 280 752
397 473 431 1 565 378
398 30 796 1 142 737
399 200 675 1 297 624
400 444 147 1 532 89
401 98 719 1 205 663
402 537 1111 1 633 1046
403 175 680 1 273 628
404 103 157 1 193 111
405 438 928 1 536 868
406 159 808 1 260 754
407 285 1110 1 383 1053
408 381 954 1 478 893
409 222 359 1 313 312
410 422 336 1 514 283
411 509 934 1 605 876
412 479 754 1 575 695
413 233 512 1 327 464
414 119 720 1 223 666
415 344 169 1 432 117
416 57 284 1 150 238
417 410 859 1 507 800
418 546 192 1 638 138
419 181 449 1 274 402
420 354 365 1 446 315
421 594 901 1 689 840
422 424 848 1 521 789
423 320 72 1 406 20
424 286 356 1 378 306
425 305 164 1 394 113
426 252 598 1 346 547
427 499 208 1 590 152
428 33 1002 1 146 936
429 385 241 1 476 189
430 484 1014 1 580 954
431 356 876 1 453 820
432 209 699 1 307 648
433 101 322 1 193 276
434 327 686 1 424 631
435 351 856 1 449 797
436 530 671 1 624 613
437 446 751 1 542 693
438 473 1104 1 571 1038
439 165 512 1 258 464
440 331 71 1 419 18
441 84 651 1 191 597
442 486 1073 1 583 1008
443 212 51 1 301 2
444 57 652 1 162 600
445 372 890 1 471 830
446 377 354 1 469 302
447 225 1097 1 324 1039
448 408 662 1 505 605
449 232 833 1 333 775
450 420 613 1 514 562
451 192 610 1 288 559
452 72 183 1 163 135
453 545 717 1 640 658
454 178 464 1 271 416
455 487 684 1 583 627
456 135 89 1 228 45
457 57 630 1 163 578
458 370 926 1 468 866
459 195 88 1 284 38
460 113 400 1 206 353
461 411 572 1 504 522
462 115 406 1 209 360
463 470 124 1 561 69
464 143 439 1 236 391
465 345 397 1 437 345
466 144 801 1 244 748
467 342 371 1 433 320
468 485 430 1 576 378
469 328 322 1 419 271
470 141 127 1 230 79
471 505 302 1 596 247
472 428 1123 1 525 1063
473 246 673 1 341 622
474 164 893 1 266 837
475 359 1153 1 456 1096
476 356 846 1 454 787
477 220 444 1 313 395
478 672 1030 1 765 958
479 461 1071 1 556 1011
480 438 1090 1 536 1029
481 323 586 1 416 535
482 488 674 1 584 617
483 495 840 1 591 781
484 110 914 1 217 857
485 439 469 1 531 417
486 508 207 1 599 152
487 97 688 1 208 630
