0 323 273 1 431 249
1 496 256 1 602 225
2 131 688 1 258 663
3 383 1216 1 516 1181
4 330 119 1 436 98
5 307 155 1 414 135
6 434 117 1 537 92
7 498 645 1 616 611
8 381 655 1 502 623
9 495 685 1 614 650
10 149 1161 1 284 1129
11 149 840 1 278 813
12 318 143 1 423 123
13 327 167 1 432 144
14 187 318 1 298 300
15 395 350 1 505 323
16 25 55 1 131 47
17 380 683 1 501 650
18 410 499 1 525 472
19 438 646 1 557 613
20 335 137 1 440 116
21 183 299 1 293 281
22 92 960 1 226 930
23 595 686 1 713 648
24 317 894 1 445 861
25 55 713 1 185 689
26 433 128 1 537 100
27 559 681 1 679 643
28 81 1086 1 218 1054
29 543 728 1 662 692
30 193 428 1 306 409
31 168 583 1 290 561
32 66 696 1 198 671
33 86 115 1 198 104
34 139 809 1 264 783
35 363 1215 1 494 1184
36 115 1068 1 248 1040
37 424 270 1 532 242
38 82 884 1 215 856
39 479 716 1 599 680
40 94 1009 1 231 974
41 28 236 1 139 223
42 292 1033 1 425 1005
43 685 1069 1 810 1013
44 137 956 1 270 925
45 453 578 1 570 548
46 568 692 1 686 654
47 544 706 1 663 668
48 329 248 1 436 223
49 88 713 1 217 687
50 155 824 1 282 797
51 429 924 1 554 890
52 312 334 1 422 311
53 403 983 1 530 948
54 554 637 1 671 601
55 466 686 1 586 651
56 118 837 1 248 810
57 99 234 1 209 221
58 216 70 1 319 52
59 544 649 1 662 613
60 324 259 1 430 235
61 210 605 1 328 582
62 425 664 1 544 631
63 157 678 1 280 655
64 500 724 1 621 689
65 86 307 1 198 293
66 577 728 1 695 690
67 493 844 1 616 808
68 388 1019 1 516 989
69 190 565 1 309 544
70 89 970 1 223 942
71 217 50 1 318 33
72 305 821 1 431 788
73 287 1017 1 415 989
74 172 300 1 282 282
75 396 666 1 516 634
76 27 1001 1 172 961
77 180 50 1 284 34
78 528 263 1 636 232
79 135 234 1 244 218
80 423 831 1 547 797
81 434 963 1 561 929
82 371 306 1 479 280
83 408 966 1 535 933
84 494 766 1 615 732
85 157 697 1 283 671
86 395 653 1 514 623
87 36 149 1 145 138
88 328 185 1 432 161
89 548 716 1 668 679
90 107 1236 1 247 1203
91 92 173 1 200 160
92 182 667 1 303 644
93 91 1089 1 227 1057
94 227 570 1 344 548
95 477 725 1 598 690
96 71 1082 1 207 1051
97 304 832 1 429 800
98 497 896 1 623 861
99 459 254 1 563 229
100 86 1021 1 219 996
101 426 710 1 547 676
102 140 670 1 262 646
103 517 645 1 636 610
104 441 174 1 546 146
105 104 1046 1 236 1020
106 52 682 1 186 657
107 446 686 1 565 651
108 148 933 1 279 902
109 125 145 1 231 131
110 200 613 1 319 592
111 357 691 1 479 662
112 232 602 1 351 579
113 67 686 1 199 661
114 403 822 1 527 788
115 190 580 1 309 559
116 422 512 1 536 485
117 130 199 1 238 183
118 53 198 1 163 185
119 140 284 1 250 267
120 519 686 1 637 650
121 304 408 1 415 384
122 117 964 1 250 934
123 127 1124 1 263 1093
124 391 698 1 512 664
125 417 1095 1 546 1059
126 555 691 1 673 653
127 458 61 1 560 31
128 239 1182 1 373 1149
129 438 1060 1 567 1025
130 333 323 1 442 299
131 50 941 1 187 910
132 334 230 1 440 207
133 374 230 1 480 204
134 555 706 1 674 669
135 297 117 1 403 98
136 386 244 1 492 217
137 340 350 1 451 326
138 525 298 1 634 266
139 461 118 1 565 93
140 64 1094 1 200 1065
141 207 346 1 319 328
142 312 370 1 422 346
143 127 169 1 233 155
144 182 72 1 286 54
145 351 346 1 461 321
146 395 365 1 506 338
147 106 813 1 233 788
148 230 625 1 349 602
149 148 1147 1 283 1115
150 94 105 1 200 92
151 383 529 1 498 504
152 407 170 1 511 142
153 419 693 1 539 660
154 75 307 1 187 292
155 66 821 1 197 795
156 95 199 1 204 183
157 360 991 1 490 958
158 449 713 1 570 679
159 147 348 1 260 331
160 334 258 1 442 235
161 491 832 1 613 796
162 316 1113 1 446 1083
163 324 996 1 450 967
164 236 815 1 363 783
165 428 689 1 549 655
166 52 986 1 187 958
167 481 875 1 606 841
168 271 1041 1 400 1014
169 580 719 1 699 681
170 267 495 1 381 473
171 86 1076 1 224 1043
172 149 810 1 274 784
173 317 184 1 422 161
174 25 1126 1 165 1093
175 151 919 1 281 888
176 325 807 1 450 774
177 142 878 1 271 850
178 452 1069 1 580 1029
179 437 712 1 557 677
180 389 631 1 509 599
181 105 285 1 216 269
182 361 553 1 476 527
183 421 943 1 547 909
184 386 1207 1 519 1171
185 43 175 1 152 162
186 97 431 1 213 415
187 129 717 1 257 691
188 336 876 1 463 843
189 25 1061 1 170 1018
190 54 855 1 186 828
191 350 824 1 476 791
192 231 591 1 350 568
193 137 968 1 269 938
194 48 149 1 156 138
195 298 1213 1 432 1184
196 184 599 1 303 578
197 438 662 1 557 630
198 202 589 1 321 566
199 426 638 1 545 605
200 359 1192 1 491 1163
201 534 672 1 652 636
202 318 828 1 445 795
203 408 1157 1 540 1123
204 276 1076 1 405 1047
205 105 1072 1 239 1042
206 459 725 1 580 691
207 164 845 1 292 820
208 276 1120 1 407 1090
209 266 1199 1 400 1168
210 498 740 1 618 705
211 450 961 1 577 929
212 378 1224 1 512 1192
213 172 316 1 283 299
214 349 989 1 476 957
215 63 223 1 172 211
216 149 905 1 280 877
217 101 787 1 230 763
218 199 602 1 317 581
219 139 1034 1 273 1002
220 579 664 1 697 627
221 401 1002 1 527 970
222 274 516 1 389 494
223 375 248 1 481 223
224 165 663 1 286 641
225 449 1054 1 578 1015
226 310 1217 1 443 1186
227 442 784 1 564 750
228 33 626 1 167 603
229 447 971 1 574 938
230 410 1211 1 542 1175
231 545 118 1 646 88
232 83 1043 1 220 1011
233 423 720 1 544 687
234 341 334 1 451 309
235 367 1067 1 496 1038
236 204 69 1 307 52
237 112 668 1 238 645
238 276 1016 1 405 988
239 394 1077 1 524 1045
240 62 116 1 174 108
241 121 789 1 248 764
242 171 621 1 290 599
243 129 869 1 259 841
244 331 1119 1 461 1089
245 229 553 1 346 531
246 201 413 1 314 393
247 157 769 1 283 744
248 98 1022 1 234 990
249 77 97 1 188 89
250 283 827 1 410 795
251 310 529 1 425 505
252 293 1172 1 427 1138
253 659 1081 1 787 1028
254 488 727 1 609 692
255 73 601 1 203 579
256 217 558 1 334 536
257 310 384 1 421 361
258 30 81 1 136 73
259 25 612 1 158 590
260 271 1216 1 406 1184
261 472 871 1 598 836
262 215 569 1 333 547
263 111 788 1 239 761
264 75 1072 1 212 1041
265 333 1073 1 462 1045
266 443 917 1 569 883
267 136 921 1 269 892
268 114 724 1 242 699
269 493 776 1 616 742
270 449 616 1 568 585
271 416 1055 1 544 1022
272 230 645 1 349 621
273 412 800 1 535 767
274 437 721 1 558 688
275 128 808 1 255 783
276 193 636 1 313 613
277 214 622 1 333 599
278 266 1067 1 396 1037
279 213 440 1 327 419
280 507 692 1 627 656
281 273 1004 1 401 977
282 399 870 1 524 835
283 149 732 1 277 706
284 321 234 1 427 210
285 110 732 1 236 709
286 191 801 1 319 771
287 477 742 1 598 709
288 428 989 1 556 956
289 457 71 1 559 42
290 44 770 1 177 744
291 150 668 1 274 644
292 100 852 1 231 825
293 409 930 1 536 896
294 443 753 1 565 720
295 380 135 1 485 109
296 363 930 1 491 895
297 466 666 1 586 632
298 440 794 1 563 760
299 89 147 1 196 135
300 423 953 1 549 920
301 59 1057 1 195 1027
302 543 638 1 660 602
303 298 355 1 408 331
304 203 679 1 323 655
305 170 571 1 290 549
306 409 490 1 523 462
307 369 727 1 491 695
308 71 811 1 202 784
309 562 736 1 682 699
310 556 917 1 680 877
311 467 828 1 591 793
312 327 1028 1 455 1000
313 400 1089 1 530 1055
314 307 397 1 418 373
315 245 1123 1 378 1093
316 355 1039 1 483 1010
317 459 43 1 560 13
318 242 346 1 353 325
319 590 673 1 708 635
320 396 920 1 523 885
321 447 664 1 566 631
322 130 728 1 258 702
323 391 987 1 518 958
324 309 248 1 416 223
325 401 697 1 522 663
326 324 131 1 430 110
327 83 873 1 217 842
328 299 274 1 406 251
329 338 279 1 446 255
330 288 1128 1 420 1098
331 69 416 1 184 401
332 265 441 1 378 418
333 409 229 1 515 201
334 309 346 1 419 324
335 549 663 1 668 627
336 236 831 1 364 800
337 117 1134 1 254 1101
338 661 1091 1 787 1038
339 123 760 1 249 735
340 387 562 1 502 535
341 74 317 1 186 303
342 132 797 1 259 771
343 310 865 1 435 836
344 339 847 1 464 814
345 554 648 1 673 612
346 33 109 1 141 100
347 657 1165 1 786 1110
348 155 1118 1 289 1086
349 182 798 1 308 772
350 300 376 1 410 353
351 560 723 1 679 686
352 153 651 1 276 629
353 493 1075 1 622 1037
354 299 274 1 407 251
355 281 1179 1 415 1147
356 121 406 1 235 389
357 338 805 1 463 772
358 113 353 1 226 337
359 376 511 1 490 484
360 603 712 1 724 673
361 568 638 1 685 602
362 437 834 1 559 799
363 228 543 1 344 521
364 391 413 1 503 386
365 163 714 1 290 688
366 576 808 1 698 770
367 300 273 1 407 251
368 328 895 1 455 862
369 54 615 1 187 592
370 412 720 1 533 687
371 515 723 1 635 687
372 98 419 1 214 403
373 304 512 1 418 487
374 415 1104 1 544 1069
375 358 810 1 482 777
376 266 840 1 392 809
377 402 137 1 506 110
378 444 822 1 568 787
379 130 910 1 262 881
380 172 1121 1 306 1090
381 156 627 1 277 605
382 608 1075 1 734 1025
383 193 344 1 304 325
384 126 959 1 259 930
385 519 480 1 632 449
386 277 905 1 402 878
387 241 589 1 359 565
388 35 610 1 169 587
389 163 727 1 289 700
390 298 249 1 405 226
391 219 645 1 339 623
392 171 833 1 298 806
393 113 715 1 241 690
394 192 646 1 314 624
395 170 636 1 291 614
396 463 763 1 585 729
397 131 659 1 255 636
398 250 831 1 378 799
399 196 549 1 314 527
400 245 544 1 361 522
401 214 1044 1 344 1015
402 262 867 1 388 838
403 313 1203 1 446 1174
404 118 809 1 246 784
405 384 233 1 491 206
406 148 372 1 260 355
407 137 443 1 253 425
408 319 874 1 444 847
409 308 358 1 418 334
410 404 581 1 520 554
411 141 698 1 268 672
412 569 679 1 687 642
413 105 976 1 238 947
414 160 812 1 286 785
415 172 735 1 300 708
416 113 743 1 238 720
417 330 348 1 440 323
418 253 818 1 380 787
419 508 645 1 626 610
420 121 650 1 244 628
421 261 1003 1 390 974
422 430 1095 1 560 1060
423 233 1060 1 362 1031
424 203 52 1 306 34
425 336 1130 1 467 1100
426 171 1108 1 305 1076
427 131 1101 1 267 1068
428 510 1097 1 641 1057
429 142 633 1 265 610
430 281 888 1 406 862
431 178 40 1 280 24
432 241 576 1 359 553
433 380 1067 1 509 1037
434 256 1062 1 386 1034
435 199 297 1 309 279
436 410 276 1 517 248
437 252 599 1 370 576
438 487 905 1 612 870
439 114 939 1 246 909
440 180 647 1 301 623
441 478 706 1 598 671
442 91 1202 1 238 1151
443 30 215 1 141 203
444 383 831 1 508 797
445 554 108 1 656 78
446 294 1205 1 429 1171
447 157 390 1 271 372
448 519 696 1 639 660
449 578 885 1 702 845
450 213 454 1 327 434
451 369 1190 1 502 1160
452 267 294 1 376 273
453 290 94 1 392 71
454 328 827 1 454 794
455 219 536 1 335 514
456 372 176 1 477 150
457 458 985 1 586 951
458 329 838 1 453 808
459 181 562 1 298 540
460 519 849 1 641 811
461 403 117 1 507 93
462 73 248 1 184 235
463 299 646 1 419 618
464 234 532 1 350 510
465 214 1075 1 347 1043
466 101 1036 1 236 1005
467 159 834 1 287 808
468 140 454 1 255 436
469 247 1034 1 376 1004
470 448 704 1 568 669
471 459 1058 1 589 1018
472 253 530 1 369 507
473 289 1047 1 419 1019
474 343 864 1 469 830
475 362 294 1 470 268
476 111 83 1 216 70
477 428 139 1 532 110
478 402 562 1 518 535
479 162 558 1 281 537
480 46 108 1 154 96
481 531 690 1 650 654
482 40 649 1 174 625
483 154 405 1 268 387
484 469 652 1 588 618
485 131 646 1 254 624
486 339 902 1 466 868
487 245 400 1 357 378
488 393 521 1 508 494
489 186 614 1 307 591
490 229 870 1 356 841
491 270 935 1 397 908
492 154 601 1 276 578
493 118 378 1 232 361
494 145 553 1 265 532
495 327 337 1 437 313
496 324 311 1 433 286
497 440 997 1 567 962
498 404 1056 1 534 1022
499 642 1210 1 772 1153
500 434 1125 1 563 1090
501 312 260 1 420 236
502 118 49 1 222 37
503 511 1075 1 640 1035
504 326 1104 1 455 1075
505 446 832 1 569 797
506 324 818 1 450 786
507 198 384 1 310 365
508 666 1051 1 791 998
509 433 1043 1 561 1008
510 374 120 1 480 97
511 140 858 1 269 830
512 470 642 1 589 609
513 474 812 1 597 777
514 121 1096 1 254 1068
515 108 70 1 213 58
516 271 1032 1 401 1004
