0 491 274 1 606 206
1 123 724 1 251 658
2 317 295 1 431 233
3 286 171 1 400 110
4 466 648 1 586 582
5 91 931 1 221 863
6 320 136 1 433 74
7 434 970 1 557 899
8 297 173 1 411 112
9 139 1060 1 269 990
10 426 134 1 538 68
11 135 1220 1 267 1144
12 501 677 1 620 607
13 380 689 1 502 619
14 318 932 1 444 860
15 499 719 1 618 647
16 308 161 1 421 99
17 320 189 1 433 125
18 181 342 1 296 284
19 391 372 1 507 307
20 379 718 1 501 647
21 152 1200 1 284 1124
22 409 522 1 527 459
23 602 718 1 722 645
24 439 678 1 559 608
25 139 777 1 263 716
26 177 323 1 292 265
27 358 723 1 479 656
28 393 1255 1 519 1178
29 426 148 1 539 80
30 325 155 1 438 92
31 561 713 1 680 640
32 549 761 1 668 689
33 189 454 1 305 396
34 87 921 1 218 853
35 131 1162 1 263 1088
36 164 612 1 286 551
37 573 744 1 692 672
38 71 136 1 188 81
39 439 997 1 563 926
40 371 1247 1 497 1175
41 451 644 1 571 577
42 419 290 1 534 225
43 482 750 1 603 678
44 149 891 1 277 825
45 296 1062 1 423 995
46 453 602 1 572 537
47 111 726 1 239 662
48 575 724 1 694 651
49 415 983 1 538 912
50 123 971 1 252 901
51 422 1119 1 546 1045
52 323 270 1 436 207
53 173 95 1 284 35
54 225 596 1 344 536
55 393 1035 1 517 966
56 49 1026 1 184 954
57 307 357 1 422 295
58 35 766 1 172 696
59 94 749 1 222 685
60 559 668 1 677 596
61 469 719 1 589 648
62 408 1017 1 532 946
63 91 260 1 206 204
64 207 93 1 317 32
65 549 679 1 668 608
66 318 281 1 431 218
67 206 632 1 327 571
68 425 696 1 546 626
69 112 1084 1 241 1020
70 87 1011 1 219 939
71 504 757 1 625 686
72 456 1097 1 580 1019
73 161 624 1 283 563
74 79 332 1 195 278
75 104 764 1 231 699
76 498 878 1 620 806
77 394 1045 1 518 979
78 207 73 1 317 13
79 305 370 1 419 309
80 304 859 1 430 787
81 292 1046 1 417 980
82 165 324 1 281 266
83 395 698 1 516 629
84 29 175 1 143 122
85 170 75 1 282 14
86 525 280 1 640 213
87 123 935 1 253 867
88 128 258 1 241 202
89 87 1001 1 221 928
90 426 867 1 548 795
91 167 342 1 282 284
92 365 328 1 480 265
93 498 798 1 618 728
94 179 628 1 301 567
95 320 207 1 433 143
96 554 749 1 674 677
97 496 134 1 609 67
98 83 198 1 197 142
99 97 820 1 226 757
100 489 653 1 608 584
101 481 759 1 602 687
102 535 746 1 655 675
103 309 190 1 423 126
104 97 1008 1 228 941
105 504 928 1 627 858
106 432 957 1 556 887
107 427 744 1 549 673
108 134 700 1 259 638
109 522 676 1 641 605
110 155 801 1 281 737
111 434 194 1 548 126
112 481 48 1 594 -22
113 103 955 1 233 886
114 418 956 1 542 885
115 145 699 1 270 636
116 549 739 1 670 666
117 116 170 1 229 113
118 438 744 1 560 674
119 340 857 1 464 787
120 406 857 1 529 786
121 413 1002 1 537 930
122 358 576 1 478 514
123 420 535 1 538 471
124 324 347 1 443 284
125 482 930 1 605 860
126 122 223 1 235 165
127 44 224 1 159 168
128 133 309 1 248 251
129 76 753 1 204 688
130 524 719 1 643 647
131 108 1099 1 239 1027
132 300 432 1 415 370
133 424 978 1 548 907
134 385 585 1 504 523
135 390 733 1 512 662
136 424 1132 1 549 1058
137 561 723 1 680 650
138 450 80 1 562 9
139 120 864 1 248 799
140 502 1114 1 626 1039
141 446 1096 1 570 1022
142 302 871 1 427 799
143 327 252 1 440 190
144 368 251 1 481 187
145 153 856 1 280 791
146 562 740 1 681 667
147 287 135 1 400 74
148 380 265 1 493 200
149 335 373 1 451 310
150 143 1185 1 275 1111
151 523 317 1 638 248
152 454 133 1 567 67
153 201 371 1 318 313
154 307 393 1 423 331
155 42 716 1 175 651
156 118 194 1 231 137
157 346 369 1 462 306
158 391 387 1 507 323
159 101 35 1 210 -23
160 319 865 1 443 793
161 382 552 1 500 490
162 163 1234 1 294 1160
163 400 191 1 512 124
164 393 687 1 514 618
165 332 870 1 454 802
166 24 132 1 139 78
167 67 332 1 184 276
168 87 223 1 201 166
169 93 1176 1 227 1102
170 108 775 1 235 712
171 142 373 1 258 317
172 328 280 1 443 219
173 496 866 1 617 794
174 289 1215 1 416 1141
175 322 1143 1 448 1074
176 175 726 1 299 662
177 419 1081 1 544 1008
178 233 853 1 360 782
179 153 710 1 277 647
180 435 983 1 558 912
181 486 908 1 609 838
182 276 1073 1 402 1004
183 587 751 1 706 679
184 310 206 1 422 143
185 66 1140 1 200 1068
186 104 888 1 234 821
187 324 844 1 449 773
188 139 913 1 268 846
189 179 695 1 302 634
190 460 1111 1 583 1033
191 92 458 1 211 402
192 387 663 1 509 594
193 98 310 1 214 253
194 446 720 1 567 648
195 314 148 1 428 86
196 125 875 1 254 808
197 394 1245 1 521 1169
198 224 1076 1 352 1006
199 77 831 1 207 763
200 133 972 1 262 903
201 215 671 1 336 612
202 121 753 1 250 687
203 337 913 1 462 842
204 125 1007 1 255 938
205 351 860 1 476 789
206 400 1122 1 523 1050
207 39 175 1 153 120
208 185 591 1 305 532
209 118 794 1 245 731
210 439 693 1 559 625
211 223 586 1 343 525
212 111 932 1 241 865
213 426 670 1 546 601
214 125 841 1 252 776
215 367 1222 1 493 1152
216 539 704 1 658 632
217 165 1179 1 297 1105
218 436 720 1 557 649
219 234 1076 1 363 1002
220 364 1016 1 489 950
221 282 1106 1 407 1038
222 462 758 1 583 688
223 279 1151 1 408 1082
224 131 862 1 258 796
225 118 853 1 247 788
226 502 771 1 622 701
227 456 992 1 580 923
228 99 864 1 227 798
229 430 993 1 555 923
230 360 111 1 473 46
231 54 249 1 169 194
232 307 1252 1 435 1182
233 135 841 1 262 776
234 419 1092 1 547 1019
235 586 695 1 704 623
236 57 724 1 188 658
237 406 1034 1 530 965
238 271 544 1 389 481
239 102 845 1 230 781
240 369 270 1 482 206
241 151 666 1 275 605
242 318 1247 1 445 1176
243 445 818 1 566 748
244 418 1250 1 545 1173
245 539 132 1 652 62
246 336 357 1 452 294
247 373 1096 1 499 1029
248 194 92 1 305 32
249 145 878 1 272 812
250 401 1110 1 526 1039
251 46 137 1 164 85
252 45 1082 1 181 1008
253 127 904 1 256 837
254 337 1149 1 464 1080
255 99 1159 1 233 1086
256 486 868 1 607 797
257 196 438 1 313 379
258 367 718 1 489 651
259 61 117 1 178 65
260 282 865 1 407 794
261 308 553 1 426 492
262 299 1209 1 428 1134
263 493 760 1 613 688
264 56 638 1 189 574
265 214 585 1 334 524
266 118 1162 1 252 1087
267 279 1251 1 407 1177
268 120 1173 1 253 1098
269 164 1131 1 296 1059
270 477 906 1 601 835
271 212 596 1 332 535
272 338 1102 1 464 1035
273 137 1002 1 267 931
274 170 624 1 291 564
275 296 1156 1 423 1087
276 498 808 1 620 738
277 162 1247 1 292 1173
278 584 769 1 704 697
279 256 1056 1 383 988
280 414 835 1 537 764
281 228 652 1 349 591
282 71 125 1 188 71
283 209 465 1 326 406
284 512 725 1 632 653
285 150 646 1 273 585
286 177 1082 1 305 1013
287 402 906 1 526 834
288 315 256 1 428 193
289 186 839 1 314 770
290 481 775 1 602 705
291 434 1024 1 559 953
292 167 649 1 289 589
293 449 90 1 561 20
294 416 742 1 538 672
295 85 109 1 197 53
296 373 534 1 492 471
297 439 754 1 560 684
298 446 786 1 567 716
299 373 156 1 485 89
300 145 841 1 272 777
301 366 969 1 491 895
302 469 697 1 589 627
303 444 827 1 566 757
304 80 173 1 193 117
305 139 990 1 270 920
306 548 669 1 666 597
307 398 1024 1 522 954
308 293 377 1 408 316
309 98 1022 1 229 953
310 238 595 1 357 534
311 164 599 1 286 539
312 407 512 1 525 449
313 261 631 1 381 569
314 369 760 1 492 691
315 569 768 1 689 697
316 565 956 1 686 880
317 472 862 1 594 791
318 77 1044 1 214 966
319 98 1100 1 229 1030
320 332 1057 1 457 990
321 485 917 1 607 847
322 418 404 1 535 338
323 302 420 1 419 359
324 162 1153 1 293 1081
325 250 1158 1 379 1086
326 360 1068 1 486 1001
327 450 63 1 562 -8
328 237 370 1 352 310
329 598 704 1 716 631
330 400 957 1 524 885
331 448 695 1 568 626
332 122 765 1 251 698
333 302 270 1 416 207
334 383 743 1 505 672
335 292 296 1 407 235
336 333 302 1 447 238
337 62 443 1 182 388
338 261 465 1 378 404
339 403 251 1 517 184
340 85 85 1 196 28
341 555 695 1 674 623
342 234 868 1 360 798
343 682 1152 1 801 1059
344 222 864 1 349 795
345 168 694 1 291 633
346 466 629 1 586 564
347 67 342 1 184 288
348 104 752 1 234 686
349 339 883 1 464 812
350 561 679 1 680 607
351 680 1231 1 800 1135
352 188 379 1 303 320
353 295 401 1 411 339
354 567 756 1 686 684
355 228 1056 1 355 988
356 440 528 1 558 464
357 293 297 1 407 235
358 280 1044 1 406 978
359 130 684 1 254 623
360 285 611 1 407 547
361 115 432 1 234 375
362 153 609 1 275 548
363 338 842 1 462 771
364 446 620 1 567 555
365 107 379 1 224 323
366 419 1038 1 544 967
367 612 745 1 732 671
368 573 668 1 692 597
369 441 869 1 562 798
370 159 786 1 286 719
371 388 436 1 505 372
372 156 751 1 284 684
373 119 822 1 245 758
374 584 842 1 705 769
375 566 657 1 684 586
376 329 933 1 455 861
377 290 358 1 405 296
378 377 1231 1 503 1160
379 413 754 1 534 684
380 519 756 1 640 684
381 93 445 1 212 389
382 300 536 1 418 475
383 477 980 1 599 909
384 422 1140 1 547 1067
385 358 846 1 482 775
386 217 663 1 338 602
387 395 158 1 507 91
388 448 856 1 571 785
389 444 1121 1 569 1051
390 34 225 1 149 172
391 479 624 1 599 557
392 119 1103 1 250 1032
393 624 1131 1 744 1043
394 187 368 1 303 310
395 117 900 1 246 833
396 520 503 1 636 436
397 279 934 1 403 869
398 380 104 1 491 37
399 165 634 1 287 574
400 215 118 1 329 59
401 155 763 1 283 696
402 292 272 1 405 209
403 138 1073 1 271 1000
404 429 1093 1 555 1020
405 164 726 1 288 664
406 326 578 1 444 516
407 166 666 1 289 604
408 467 794 1 588 725
409 248 869 1 374 798
410 378 1192 1 505 1118
411 205 713 1 328 651
412 241 569 1 361 510
413 138 946 1 267 876
414 365 172 1 477 106
415 321 1234 1 449 1164
416 190 1148 1 319 1075
417 199 642 1 320 582
418 378 254 1 492 189
419 142 398 1 259 341
420 128 789 1 255 725
421 133 469 1 251 412
422 311 899 1 435 831
423 403 605 1 522 542
424 133 734 1 261 668
425 576 712 1 695 639
426 260 550 1 379 490
427 229 567 1 348 508
428 166 772 1 294 705
429 164 704 1 288 642
430 128 829 1 255 765
431 325 370 1 440 308
432 250 857 1 376 786
433 511 677 1 631 606
434 142 751 1 270 685
435 115 681 1 240 619
436 235 1091 1 364 1023
437 194 76 1 304 14
438 343 1161 1 469 1091
439 67 289 1 183 236
440 173 1146 1 304 1072
441 400 731 1 522 660
442 284 916 1 407 852
443 167 64 1 278 4
444 397 358 1 513 293
445 386 1096 1 511 1028
446 261 1093 1 388 1025
447 122 925 1 252 857
448 192 321 1 308 263
449 404 297 1 518 232
450 250 626 1 370 565
451 493 937 1 615 867
452 111 975 1 242 906
453 482 741 1 602 669
454 130 1127 1 261 1056
455 385 866 1 508 795
456 549 121 1 662 51
457 302 1241 1 430 1167
458 152 415 1 269 358
459 525 729 1 644 657
460 417 941 1 540 868
461 588 923 1 709 848
462 209 479 1 327 420
463 377 1221 1 504 1151
464 260 318 1 375 257
465 224 1099 1 352 1029
466 260 900 1 386 833
467 150 738 1 277 671
468 150 831 1 278 766
469 365 197 1 478 131
470 465 1020 1 589 948
471 176 589 1 297 529
472 525 884 1 646 811
473 395 133 1 507 68
474 405 844 1 528 773
475 65 274 1 181 219
476 294 677 1 417 611
477 231 557 1 350 498
478 135 480 1 254 423
479 672 878 1 790 797
480 450 739 1 571 667
481 467 1100 1 592 1023
482 250 555 1 369 495
483 295 1077 1 421 1010
484 344 901 1 468 829
485 356 316 1 471 252
486 102 108 1 213 50
487 156 693 1 280 632
488 421 159 1 534 91
489 401 585 1 520 523
490 157 586 1 279 526
491 36 132 1 150 78
492 537 723 1 656 651
493 148 430 1 267 373
494 472 683 1 591 613
495 297 1132 1 424 1064
496 341 941 1 466 868
497 241 424 1 357 364
498 391 544 1 510 481
499 150 911 1 278 843
500 228 905 1 355 836
501 267 516 1 385 455
502 424 754 1 546 684
503 149 629 1 273 569
504 112 404 1 230 347
505 139 582 1 262 522
506 322 360 1 438 297
507 55 148 1 173 95
508 319 333 1 434 271
509 447 1031 1 569 959
510 411 1092 1 536 1020
511 80 357 1 198 302
512 442 1162 1 565 1088
513 306 282 1 420 220
514 108 74 1 218 17
515 520 1116 1 645 1038
516 332 1133 1 458 1065
517 449 866 1 572 795
518 85 391 1 202 335
519 192 579 1 312 518
520 323 855 1 449 784
521 192 410 1 309 351
522 687 1109 1 806 1017
523 440 1078 1 564 1006
524 366 136 1 479 72
525 34 206 1 149 152
526 472 674 1 592 604
527 478 845 1 601 774
528 98 95 1 209 38
529 197 616 1 319 555
530 276 1062 1 402 994
