0 180 681 1 244 655
1 384 240 1 432 217
2 349 109 1 396 89
3 534 602 1 589 573
4 385 71 1 431 51
5 497 931 1 559 897
6 361 111 1 408 91
7 491 66 1 534 42
8 445 652 1 501 618
9 211 1150 1 283 1120
10 394 1236 1 465 1208
11 196 1169 1 267 1139
12 573 640 1 624 605
13 529 293 1 578 266
14 539 336 1 589 308
15 570 685 1 622 647
16 49 1056 1 128 1014
17 372 98 1 418 78
18 386 131 1 433 107
19 245 289 1 295 270
20 459 318 1 508 293
21 560 256 1 606 229
22 43 1015 1 122 974
23 476 471 1 530 446
24 679 685 1 730 645
25 507 641 1 561 607
26 241 270 1 290 251
27 132 1065 1 201 1036
28 451 1212 1 521 1177
29 495 87 1 541 61
30 52 725 1 122 696
31 390 91 1 436 71
32 636 679 1 687 640
33 506 656 1 561 622
34 444 681 1 500 647
35 620 727 1 674 688
36 397 1246 1 467 1217
37 547 325 1 596 298
38 166 1035 1 234 1009
39 88 979 1 158 951
40 75 24 1 123 11
41 192 685 1 254 659
42 647 712 1 699 673
43 297 559 1 352 536
44 126 75 1 178 60
45 430 1196 1 499 1166
46 518 601 1 573 570
47 113 928 1 181 901
48 488 234 1 536 209
49 182 1034 1 248 1008
50 211 846 1 275 820
51 359 1011 1 425 986
52 281 592 1 337 570
53 81 210 1 132 195
54 521 555 1 575 528
55 171 684 1 233 658
56 48 714 1 117 685
57 478 945 1 540 911
58 380 895 1 443 861
59 483 1080 1 548 1044
60 389 214 1 437 190
61 237 34 1 282 16
62 251 404 1 304 383
63 486 486 1 541 459
64 152 885 1 218 859
65 50 671 1 120 642
66 373 303 1 423 281
67 633 632 1 684 594
68 538 685 1 592 648
69 41 682 1 109 656
70 49 748 1 122 716
71 153 206 1 203 189
72 270 32 1 316 13
73 622 643 1 674 606
74 385 226 1 431 202
75 493 657 1 547 624
76 165 1126 1 237 1092
77 142 280 1 193 263
78 565 844 1 624 806
79 456 997 1 521 970
80 148 875 1 216 844
81 372 317 1 420 294
82 366 823 1 428 788
83 354 997 1 419 970
84 229 271 1 279 251
85 461 660 1 517 627
86 90 120 1 138 105
87 133 47 1 179 31
88 599 223 1 644 195
89 191 204 1 239 186
90 491 831 1 550 796
91 231 288 1 281 269
92 557 611 1 611 579
93 433 274 1 481 249
94 567 761 1 622 726
95 199 976 1 266 949
96 280 578 1 337 556
97 184 893 1 250 864
98 94 938 1 164 905
99 526 307 1 576 280
100 386 149 1 433 126
101 627 717 1 681 678
102 41 738 1 108 711
103 145 143 1 193 126
104 550 724 1 605 687
105 126 808 1 191 783
106 375 131 1 422 109
107 569 891 1 630 856
108 501 66 1 539 45
109 205 686 1 267 659
110 594 640 1 646 603
111 194 760 1 256 735
112 169 959 1 238 931
113 42 724 1 112 696
114 49 632 1 118 606
115 197 1194 1 269 1163
116 622 707 1 676 667
117 178 113 1 226 96
118 37 630 1 106 605
119 403 821 1 464 786
120 147 966 1 215 937
121 259 1216 1 332 1184
122 470 821 1 530 786
123 135 701 1 201 673
124 426 527 1 480 502
125 391 293 1 441 269
126 548 893 1 608 858
127 185 168 1 233 149
128 685 709 1 737 668
129 106 170 1 156 152
130 197 255 1 246 236
131 325 1237 1 396 1208
132 482 918 1 544 884
133 552 811 1 610 775
134 103 1119 1 176 1088
135 185 831 1 251 804
136 52 937 1 130 896
137 176 1142 1 247 1113
138 366 380 1 416 356
139 452 536 1 506 511
140 485 1092 1 551 1057
141 635 690 1 687 651
142 191 989 1 258 962
143 495 707 1 550 672
144 507 1057 1 573 1021
145 363 835 1 426 800
146 394 196 1 440 173
147 435 195 1 482 170
148 147 834 1 212 809
149 635 707 1 687 668
150 349 70 1 396 52
151 448 209 1 495 184
152 402 319 1 452 296
153 175 845 1 241 818
154 596 261 1 642 232
155 648 690 1 701 652
156 92 761 1 160 732
157 266 318 1 317 299
158 374 340 1 424 317
159 180 138 1 228 120
160 413 315 1 463 291
161 460 334 1 509 308
162 402 846 1 464 813
163 467 992 1 532 960
164 449 502 1 502 477
165 95 847 1 161 822
166 468 131 1 514 106
167 459 649 1 515 616
168 84 72 1 132 59
169 131 280 1 182 262
170 357 1028 1 422 1001
171 149 169 1 198 150
172 162 904 1 228 874
173 205 321 1 257 303
174 395 225 1 443 203
175 563 831 1 621 794
176 383 1093 1 451 1065
177 238 681 1 297 656
178 491 1216 1 560 1180
179 293 816 1 356 783
180 243 579 1 300 557
181 214 664 1 274 640
182 498 945 1 560 910
183 553 870 1 612 836
184 196 957 1 264 927
185 661 719 1 714 679
186 182 927 1 249 898
187 165 1136 1 236 1107
188 469 980 1 534 944
189 376 148 1 422 125
190 290 546 1 345 524
191 195 751 1 257 726
192 483 706 1 539 672
193 522 1080 1 586 1039
194 155 408 1 209 389
195 198 737 1 261 711
196 453 625 1 508 592
197 161 257 1 211 238
198 236 654 1 295 631
199 513 685 1 569 648
200 379 84 1 425 64
201 453 1203 1 523 1168
202 246 642 1 305 620
203 74 800 1 142 776
204 285 1029 1 352 1001
205 549 335 1 598 307
206 179 712 1 243 684
207 399 878 1 462 843
208 380 829 1 441 795
209 460 1078 1 525 1045
210 42 621 1 112 593
211 192 1004 1 262 971
212 100 119 1 149 103
213 216 755 1 278 731
214 497 988 1 561 952
215 197 1123 1 267 1094
216 213 983 1 280 953
217 493 632 1 548 599
218 427 1171 1 496 1142
219 611 670 1 663 631
220 76 741 1 143 717
221 595 684 1 648 647
222 504 685 1 559 649
223 213 653 1 273 629
224 477 961 1 539 928
225 427 968 1 491 940
226 293 534 1 347 512
227 530 723 1 585 687
228 192 816 1 256 791
229 54 576 1 122 551
230 571 734 1 626 698
231 520 950 1 583 918
232 238 1130 1 308 1098
233 427 44 1 471 23
234 116 195 1 166 178
235 185 805 1 249 780
236 60 1157 1 133 1129
237 135 924 1 203 896
238 192 639 1 251 615
239 199 728 1 263 700
240 436 213 1 483 190
241 272 1227 1 343 1197
242 213 620 1 272 596
243 378 1194 1 448 1166
244 511 782 1 569 747
245 136 1124 1 208 1095
246 477 1208 1 547 1172
247 615 63 1 657 38
248 403 303 1 452 279
249 435 1048 1 501 1020
250 257 31 1 302 12
251 209 925 1 275 897
252 197 1179 1 268 1149
253 462 1066 1 528 1035
254 101 77 1 153 64
255 398 1099 1 466 1071
256 552 833 1 611 797
257 261 386 1 312 366
258 115 56 1 167 43
259 343 829 1 405 795
260 374 503 1 428 479
261 166 776 1 230 752
262 107 600 1 174 572
263 278 535 1 333 513
264 187 1142 1 258 1114
265 543 871 1 604 835
266 207 796 1 270 771
267 574 722 1 629 685
268 400 1052 1 466 1025
269 233 576 1 290 554
270 357 1105 1 425 1078
271 371 329 1 421 306
272 566 772 1 624 736
273 138 1153 1 208 1124
274 657 736 1 710 697
275 318 1006 1 384 980
276 479 799 1 538 764
277 293 603 1 349 581
278 611 691 1 663 653
279 527 283 1 576 256
280 274 414 1 326 393
281 215 1170 1 287 1140
282 584 692 1 637 654
283 213 598 1 271 576
284 341 1056 1 409 1029
285 467 870 1 527 835
286 246 801 1 309 770
287 549 737 1 605 703
288 145 702 1 210 674
289 519 24 1 563 0
290 448 1088 1 514 1060
291 146 51 1 193 34
292 441 483 1 494 458
293 512 749 1 569 714
294 606 712 1 660 675
295 440 95 1 486 70
296 429 934 1 491 898
297 538 659 1 592 625
298 510 791 1 568 756
299 141 117 1 189 100
300 163 801 1 227 776
301 622 633 1 673 595
302 359 324 1 409 301
303 174 886 1 239 860
304 215 1185 1 286 1152
305 474 462 1 527 436
306 325 582 1 381 558
307 434 721 1 492 689
308 95 680 1 162 651
309 641 734 1 695 696
310 634 928 1 692 886
311 538 827 1 597 791
312 160 1049 1 229 1022
313 394 1007 1 459 980
314 550 880 1 610 845
315 486 351 1 537 324
316 217 586 1 275 563
317 368 369 1 419 345
318 224 1104 1 293 1075
319 422 1019 1 488 991
320 142 1075 1 213 1044
321 301 317 1 352 296
322 674 671 1 725 631
323 463 923 1 526 886
324 149 333 1 201 316
325 516 657 1 571 623
326 165 789 1 230 764
327 181 724 1 244 696
328 213 1128 1 283 1098
329 369 214 1 417 191
330 448 707 1 505 672
331 399 246 1 447 223
332 82 591 1 150 564
333 127 393 1 180 375
334 326 414 1 378 391
335 472 194 1 519 168
336 146 25 1 192 9
337 629 660 1 681 622
338 294 830 1 357 798
339 248 1209 1 320 1177
340 560 739 1 615 704
341 535 583 1 589 554
342 130 290 1 181 274
343 166 756 1 229 732
344 508 994 1 572 958
345 270 1218 1 341 1188
346 635 643 1 686 606
347 259 588 1 316 566
348 150 1085 1 221 1056
349 252 327 1 302 306
350 360 348 1 411 325
351 640 723 1 693 684
352 158 719 1 221 693
353 359 242 1 407 220
354 344 994 1 408 968
355 354 1044 1 420 1017
356 349 567 1 404 540
357 179 381 1 232 362
358 215 561 1 273 539
359 400 806 1 461 771
360 515 574 1 569 545
361 45 75 1 95 64
362 170 326 1 222 309
363 482 1000 1 546 965
364 124 1027 1 196 992
365 648 633 1 699 595
366 217 746 1 281 718
367 455 384 1 506 358
368 215 710 1 278 682
369 656 812 1 712 772
370 640 621 1 691 584
371 391 897 1 454 862
372 356 305 1 405 282
373 436 1181 1 505 1151
374 589 721 1 644 684
375 157 394 1 210 376
376 366 486 1 419 462
377 541 943 1 602 907
378 483 1101 1 549 1066
379 422 809 1 482 776
380 128 1140 1 200 1111
381 463 97 1 508 72
382 514 821 1 573 785
383 506 1079 1 572 1046
384 96 171 1 145 156
385 548 578 1 602 548
386 249 300 1 300 281
387 414 823 1 474 789
388 591 456 1 640 425
389 342 886 1 405 860
390 379 1238 1 450 1211
391 227 587 1 285 564
392 215 723 1 277 694
393 357 216 1 405 194
394 376 1229 1 446 1201
395 343 493 1 397 470
396 534 757 1 591 723
397 123 1043 1 195 1011
398 485 719 1 541 684
399 308 833 1 371 800
400 439 1148 1 507 1115
401 197 902 1 264 873
402 432 111 1 478 87
403 277 1239 1 349 1207
404 446 197 1 493 172
405 206 346 1 257 327
406 314 578 1 370 554
407 197 418 1 250 399
408 374 856 1 436 827
409 470 556 1 524 530
410 217 1079 1 286 1050
411 650 678 1 702 639
412 326 500 1 380 478
413 293 518 1 348 496
414 249 545 1 306 521
415 226 732 1 288 703
416 226 658 1 286 634
417 237 634 1 295 611
418 392 317 1 441 293
419 281 616 1 338 592
420 310 820 1 373 787
421 583 641 1 635 604
422 200 711 1 264 683
423 177 635 1 237 612
424 213 856 1 277 829
425 391 1224 1 461 1196
426 260 400 1 312 380
427 404 1111 1 471 1082
428 129 236 1 180 221
429 497 918 1 558 885
430 187 952 1 254 924
431 465 304 1 515 278
432 447 1048 1 513 1019
433 323 1042 1 390 1016
434 256 268 1 306 248
435 336 978 1 401 951
436 472 242 1 520 216
437 561 860 1 619 824
438 558 900 1 619 865
439 224 567 1 282 543
440 490 1046 1 554 1012
441 449 830 1 509 795
442 626 52 1 667 26
443 481 698 1 537 662
444 216 363 1 268 344
445 596 696 1 649 658
446 481 906 1 542 869
447 659 895 1 716 852
448 274 428 1 326 408
449 286 1049 1 353 1022
450 322 857 1 386 828
451 213 786 1 275 761
452 433 138 1 478 113
453 529 982 1 592 947
454 157 991 1 225 964
455 593 852 1 651 813
456 463 67 1 507 45
457 470 808 1 529 773
458 128 220 1 178 204
459 358 634 1 415 606
460 296 508 1 350 486
461 213 1106 1 283 1075
462 115 1093 1 186 1065
463 199 429 1 253 410
464 315 506 1 369 483
465 488 944 1 551 910
466 407 865 1 468 830
467 424 261 1 472 236
468 163 49 1 210 32
469 490 98 1 536 72
470 468 536 1 522 510
471 219 538 1 276 516
472 95 70 1 145 57
473 213 379 1 265 360
474 541 645 1 594 610
475 359 1082 1 426 1054
476 403 905 1 465 870
477 305 372 1 357 351
478 459 494 1 511 468
479 243 671 1 303 646
480 417 1246 1 487 1218
481 291 862 1 353 833
482 332 466 1 385 443
483 176 352 1 228 334
484 201 534 1 258 512
485 389 307 1 438 283
486 110 88 1 162 76
487 386 279 1 435 256
488 473 1053 1 538 1018
489 144 305 1 196 288
490 502 1123 1 568 1087
491 372 227 1 420 204
492 515 831 1 574 795
493 254 530 1 310 508
494 152 370 1 206 351
495 386 820 1 448 785
496 257 357 1 308 337
497 68 645 1 136 618
498 502 1040 1 566 1005
499 434 70 1 478 49
500 96 151 1 145 136
501 542 637 1 595 602
502 159 36 1 206 19
503 260 568 1 317 546
504 339 1011 1 404 985
