0 469 519 1 527 481
1 386 243 1 433 208
2 350 107 1 396 76
3 30 1092 1 125 1043
4 170 687 1 242 654
5 531 611 1 592 568
6 387 69 1 431 37
7 487 944 1 562 897
8 363 109 1 408 78
9 496 66 1 537 28
10 438 664 1 503 619
11 380 1243 1 467 1202
12 531 299 1 581 257
13 248 1250 1 338 1206
14 541 342 1 592 300
15 565 700 1 628 649
16 546 234 1 593 192
17 569 657 1 630 606
18 374 96 1 418 65
19 24 1074 1 121 1025
20 390 132 1 433 97
21 245 290 1 295 261
22 460 323 1 510 284
23 550 627 1 612 583
24 562 261 1 610 219
25 677 703 1 738 646
26 139 892 1 217 857
27 241 270 1 290 242
28 470 505 1 528 467
29 476 477 1 531 438
30 437 1226 1 523 1176
31 147 1134 1 237 1092
32 501 91 1 543 50
33 118 1071 1 201 1034
34 369 908 1 444 863
35 168 1039 1 249 1004
36 299 586 1 360 554
37 436 695 1 502 648
38 633 696 1 695 642
39 501 668 1 564 622
40 616 743 1 680 689
41 383 1253 1 469 1211
42 548 332 1 599 290
43 244 1224 1 333 1182
44 539 435 1 594 392
45 31 756 1 115 720
46 644 730 1 707 674
47 473 932 1 547 884
48 124 69 1 174 47
49 29 720 1 110 687
50 417 1205 1 501 1162
51 515 611 1 576 567
52 491 239 1 537 200
53 154 1039 1 235 1005
54 501 655 1 564 607
55 348 1018 1 426 981
56 82 208 1 130 186
57 29 640 1 110 608
58 480 1090 1 559 1040
59 496 1072 1 575 1021
60 468 957 1 543 910
61 471 1094 1 551 1044
62 392 217 1 438 181
63 241 33 1 281 4
64 250 405 1 304 375
65 145 912 1 226 874
66 113 813 1 189 781
67 374 306 1 424 272
68 632 648 1 691 595
69 533 700 1 597 649
70 154 204 1 202 179
71 275 32 1 315 1
72 620 659 1 681 606
73 387 229 1 432 193
74 487 669 1 550 623
75 134 914 1 216 877
76 392 90 1 436 58
77 33 731 1 115 698
78 142 279 1 192 255
79 518 566 1 577 522
80 545 739 1 610 688
81 372 320 1 421 286
82 174 836 1 250 802
83 354 835 1 428 790
84 343 1003 1 420 965
85 455 671 1 519 626
86 92 117 1 136 95
87 136 44 1 178 20
88 603 228 1 649 185
89 192 203 1 238 177
90 483 845 1 553 797
91 231 289 1 280 261
92 435 277 1 483 240
93 561 775 1 626 726
94 527 429 1 581 387
95 275 581 1 337 550
96 528 313 1 578 272
97 202 1160 1 284 1118
98 390 151 1 434 116
99 603 742 1 667 689
100 155 1150 1 243 1107
101 147 141 1 192 116
102 379 133 1 423 98
103 561 906 1 634 856
104 532 233 1 579 193
105 156 1089 1 240 1051
106 105 1041 1 194 996
107 591 655 1 652 604
108 155 965 1 237 930
109 181 111 1 225 85
110 558 859 1 628 807
111 394 833 1 465 787
112 499 76 1 541 35
113 133 973 1 214 937
114 462 835 1 532 787
115 158 688 1 230 656
116 423 532 1 481 495
117 487 958 1 563 910
118 128 1079 1 213 1043
119 392 296 1 442 260
120 540 907 1 612 858
121 187 166 1 232 139
122 684 726 1 746 670
123 108 167 1 154 142
124 197 255 1 245 227
125 311 1243 1 398 1203
126 545 825 1 614 775
127 31 677 1 112 644
128 366 383 1 417 348
129 328 514 1 384 480
130 449 542 1 507 504
131 472 1106 1 554 1057
132 181 1234 1 273 1192
133 632 706 1 694 652
134 452 720 1 519 672
135 96 1077 1 182 1041
136 67 814 1 146 781
137 127 859 1 206 825
138 352 848 1 426 802
139 397 198 1 441 163
140 438 198 1 484 160
141 135 839 1 211 806
142 631 725 1 695 670
143 351 68 1 395 38
144 451 212 1 496 174
145 403 323 1 453 288
146 315 570 1 376 536
147 163 852 1 240 817
148 600 267 1 647 222
149 646 708 1 708 653
150 265 319 1 317 291
151 374 343 1 425 309
152 35 599 1 112 569
153 183 137 1 227 110
154 390 859 1 465 814
155 414 319 1 464 283
156 461 339 1 511 300
157 457 1003 1 534 958
158 447 507 1 504 470
159 656 737 1 721 681
160 453 660 1 517 615
161 258 1236 1 345 1194
162 131 279 1 181 253
163 151 167 1 196 140
164 205 321 1 256 294
165 397 227 1 444 193
166 556 846 1 625 795
167 371 1100 1 452 1060
168 477 1231 1 563 1180
169 269 601 1 333 566
170 281 827 1 355 785
171 237 581 1 300 551
172 545 884 1 616 836
173 184 644 1 252 612
174 380 150 1 423 115
175 168 872 1 245 836
176 510 1100 1 590 1044
177 153 407 1 208 382
178 447 636 1 511 592
179 161 256 1 210 229
180 382 83 1 425 51
181 439 1217 1 525 1167
182 616 716 1 679 661
183 550 340 1 601 298
184 167 719 1 240 684
185 388 890 1 463 845
186 370 842 1 442 797
187 448 1089 1 527 1043
188 102 116 1 147 93
189 446 1005 1 523 964
190 487 1001 1 564 952
191 193 1243 1 283 1200
192 148 1049 1 231 1014
193 488 645 1 551 599
194 414 1178 1 498 1136
195 608 685 1 670 632
196 246 645 1 312 611
197 67 675 1 144 642
198 591 701 1 654 648
199 27 952 1 122 907
200 64 804 1 140 774
201 498 700 1 563 651
202 205 657 1 272 625
203 467 974 1 541 928
204 417 975 1 493 935
205 182 964 1 263 927
206 161 1128 1 246 1089
207 162 1015 1 244 977
208 253 632 1 318 599
209 565 747 1 631 698
210 511 962 1 585 916
211 223 1137 1 309 1097
212 432 42 1 472 9
213 118 193 1 165 169
214 193 953 1 274 913
215 503 401 1 555 360
216 191 1233 1 281 1191
217 86 818 1 163 787
218 379 982 1 454 943
219 459 993 1 536 944
220 187 736 1 261 700
221 194 661 1 263 630
222 439 217 1 485 180
223 206 623 1 271 592
224 364 1200 1 450 1160
225 504 796 1 572 747
226 199 852 1 275 816
227 83 1149 1 172 1113
228 463 1222 1 550 1172
229 622 65 1 662 21
230 231 272 1 279 242
231 263 650 1 326 617
232 404 306 1 453 270
233 424 1056 1 503 1015
234 262 30 1 302 1
235 450 1078 1 530 1032
236 98 70 1 147 51
237 385 931 1 460 884
238 387 1107 1 467 1066
239 545 848 1 615 798
240 259 388 1 313 358
241 114 49 1 162 29
242 332 841 1 405 797
243 372 506 1 429 472
244 271 559 1 332 527
245 90 606 1 167 573
246 626 734 1 687 679
247 473 134 1 515 95
248 569 738 1 634 686
249 389 1059 1 468 1020
250 345 1112 1 427 1072
251 372 332 1 422 298
252 560 786 1 628 736
253 653 753 1 717 698
254 308 1012 1 386 975
255 471 812 1 541 765
256 188 759 1 261 724
257 607 708 1 670 654
258 529 288 1 578 247
259 272 416 1 326 385
260 200 1178 1 287 1138
261 579 708 1 642 655
262 206 601 1 270 571
263 329 1062 1 411 1024
264 457 885 1 529 837
265 472 722 1 538 672
266 388 105 1 430 70
267 196 802 1 270 768
268 233 811 1 308 771
269 543 751 1 609 703
270 526 28 1 565 -13
271 436 1096 1 516 1054
272 150 48 1 191 23
273 439 489 1 495 451
274 144 978 1 225 942
275 602 728 1 666 676
276 445 98 1 487 59
277 533 672 1 597 624
278 502 805 1 571 757
279 144 114 1 188 90
280 418 563 1 477 523
281 293 1227 1 382 1181
282 619 648 1 680 596
283 359 327 1 410 293
284 198 1193 1 287 1151
285 473 468 1 529 429
286 320 586 1 382 552
287 426 733 1 493 688
288 637 751 1 702 697
289 626 949 1 698 890
290 530 841 1 601 791
291 384 1014 1 461 975
292 542 894 1 614 845
293 487 356 1 539 316
294 210 589 1 274 558
295 368 372 1 420 337
296 289 536 1 348 505
297 412 1026 1 490 986
298 171 788 1 246 751
299 301 318 1 352 288
300 673 687 1 733 632
301 453 937 1 528 888
302 147 333 1 200 308
303 487 709 1 552 661
304 511 670 1 574 623
305 130 1112 1 216 1073
306 186 825 1 261 791
307 371 217 1 418 181
308 176 1119 1 261 1077
309 401 250 1 448 214
310 65 596 1 142 565
311 125 392 1 179 367
312 325 416 1 379 384
313 475 199 1 520 158
314 626 676 1 688 623
315 282 841 1 357 800
316 233 1218 1 321 1176
317 352 1202 1 437 1162
318 142 826 1 218 791
319 554 752 1 620 703
320 328 1016 1 405 979
321 532 592 1 592 549
322 130 289 1 180 265
323 157 759 1 229 728
324 498 1007 1 575 959
325 633 659 1 694 606
326 193 911 1 271 873
327 252 327 1 303 298
328 360 351 1 412 317
329 361 244 1 408 210
330 343 1050 1 422 1012
331 342 574 1 405 536
332 178 381 1 231 354
333 379 842 1 452 797
334 391 818 1 462 773
335 512 582 1 572 540
336 169 326 1 221 301
337 471 1013 1 548 965
338 236 538 1 296 507
339 647 649 1 707 595
340 507 1072 1 585 1021
341 455 389 1 508 350
342 203 717 1 276 682
343 651 830 1 719 774
344 639 636 1 698 583
345 380 910 1 455 864
346 356 307 1 406 273
347 423 1189 1 507 1146
348 585 736 1 650 685
349 155 394 1 209 369
350 364 490 1 420 455
351 532 957 1 605 907
352 471 1115 1 552 1066
353 413 822 1 484 777
354 468 101 1 510 61
355 506 835 1 576 786
356 494 1092 1 574 1044
357 97 169 1 144 146
358 545 588 1 605 544
359 358 1088 1 439 1049
360 249 301 1 299 272
361 404 835 1 476 790
362 591 465 1 645 420
363 199 991 1 280 952
364 365 1245 1 452 1205
365 208 667 1 276 635
366 203 730 1 275 694
367 360 218 1 405 184
368 362 1236 1 448 1195
369 341 496 1 398 463
370 527 770 1 594 722
371 478 732 1 544 685
372 296 844 1 371 801
373 146 1174 1 236 1133
374 436 114 1 479 76
375 261 1248 1 350 1205
376 449 201 1 495 162
377 205 346 1 257 319
378 310 581 1 371 548
379 195 418 1 250 392
380 209 1109 1 293 1071
381 352 116 1 397 85
382 648 696 1 710 641
383 323 504 1 380 471
384 244 548 1 305 516
385 214 740 1 286 703
386 251 679 1 319 644
387 392 321 1 442 285
388 275 619 1 338 587
389 299 832 1 373 789
390 580 655 1 641 604
391 188 718 1 261 683
392 168 638 1 236 608
393 377 1231 1 463 1190
394 259 402 1 313 373
395 392 1118 1 473 1077
396 130 234 1 179 212
397 102 761 1 176 731
398 197 740 1 271 703
399 467 308 1 517 269
400 437 1056 1 515 1014
401 311 1048 1 391 1011
402 257 268 1 306 239
403 475 246 1 522 206
404 553 875 1 623 824
405 550 914 1 622 865
406 285 617 1 348 583
407 478 1059 1 557 1011
408 180 1201 1 269 1160
409 440 843 1 511 796
410 633 54 1 673 11
411 474 712 1 541 664
412 215 364 1 267 336
413 592 712 1 655 659
414 471 921 1 545 872
415 653 915 1 723 857
416 272 430 1 327 400
417 308 1111 1 390 1069
418 312 865 1 386 826
419 437 140 1 480 103
420 519 996 1 595 947
421 130 1159 1 219 1119
422 328 983 1 405 945
423 586 869 1 656 816
424 468 66 1 509 31
425 462 822 1 532 774
426 129 219 1 177 194
427 351 643 1 416 604
428 293 510 1 351 479
429 202 634 1 268 603
430 198 1113 1 284 1074
431 197 430 1 253 403
432 161 808 1 235 775
433 313 509 1 370 476
434 478 957 1 553 910
435 396 878 1 470 832
436 426 264 1 473 227
437 167 46 1 208 21
438 495 102 1 537 61
439 465 542 1 524 503
440 364 866 1 437 824
441 245 667 1 312 633
442 212 380 1 265 352
443 536 658 1 598 610
444 153 851 1 230 815
445 224 843 1 298 808
446 392 919 1 467 872
447 305 374 1 357 343
448 148 347 1 201 322
449 457 499 1 513 461
450 235 675 1 302 642
451 402 1253 1 489 1211
452 279 869 1 354 831
453 330 469 1 386 436
454 660 676 1 721 622
455 204 643 1 271 611
456 175 352 1 227 326
457 194 537 1 257 507
458 390 309 1 439 274
459 108 82 1 157 63
460 387 282 1 436 247
461 143 304 1 195 280
462 490 1138 1 571 1088
463 375 230 1 421 195
464 183 632 1 250 601
465 143 958 1 224 922
466 507 845 1 578 796
467 153 375 1 207 350
468 249 533 1 310 502
469 151 369 1 205 344
470 376 832 1 448 786
471 256 358 1 308 329
472 195 932 1 275 895
473 491 1054 1 569 1005
474 439 69 1 479 35
475 98 149 1 143 126
476 537 651 1 599 602
477 299 1049 1 379 1012
478 173 887 1 250 852
479 164 34 1 204 8
480 255 572 1 317 540
