0 471 521 1 528 479
1 388 244 1 433 205
2 350 107 1 396 72
3 168 690 1 241 653
4 25 1099 1 123 1047
5 532 614 1 593 566
6 388 68 1 431 33
7 489 949 1 563 897
8 363 109 1 408 74
9 438 668 1 504 619
10 381 1246 1 467 1200
11 533 300 1 582 254
12 248 1254 1 338 1206
13 543 343 1 593 297
14 566 705 1 630 649
15 548 235 1 594 189
16 570 660 1 632 606
17 374 96 1 418 61
18 391 133 1 434 93
19 247 291 1 295 258
20 462 325 1 511 281
21 550 631 1 613 581
22 564 262 1 611 215
23 184 867 1 261 826
24 679 707 1 741 647
25 243 271 1 290 239
26 472 507 1 528 464
27 138 896 1 217 857
28 498 66 1 538 23
29 437 1231 1 524 1176
30 503 91 1 543 46
31 369 913 1 445 863
32 149 1139 1 237 1093
33 301 589 1 360 552
34 436 699 1 504 649
35 115 1071 1 201 1031
36 634 701 1 697 642
37 501 672 1 566 621
38 26 725 1 108 688
39 618 747 1 682 690
40 155 970 1 237 930
41 550 333 1 600 287
42 245 1228 1 334 1182
43 540 437 1 595 389
44 477 479 1 532 436
45 645 735 1 709 675
46 123 69 1 172 42
47 418 1208 1 502 1160
48 516 614 1 577 566
49 493 240 1 538 197
50 154 1042 1 236 1003
51 501 658 1 566 607
52 216 809 1 298 760
53 350 1021 1 427 979
54 83 209 1 130 183
55 481 1094 1 560 1040
56 497 1076 1 576 1021
57 469 962 1 544 910
58 472 1098 1 552 1044
59 394 218 1 438 178
60 243 34 1 281 0
61 251 407 1 304 373
62 142 1220 1 233 1175
63 376 308 1 424 269
64 633 652 1 694 595
65 534 704 1 599 650
66 26 643 1 107 608
67 156 205 1 201 176
68 277 33 1 315 -2
69 621 663 1 684 606
70 29 602 1 109 569
71 389 230 1 432 190
72 487 673 1 552 623
73 134 918 1 215 877
74 393 90 1 437 53
75 29 735 1 113 699
76 143 280 1 191 252
77 519 568 1 579 521
78 546 743 1 612 689
79 374 323 1 421 283
80 174 839 1 250 801
81 354 840 1 429 791
82 345 1005 1 421 963
83 455 675 1 520 626
84 93 118 1 136 91
85 138 45 1 177 16
86 605 229 1 651 181
87 193 204 1 238 173
88 158 693 1 230 656
89 484 850 1 555 797
90 233 290 1 280 258
91 436 279 1 483 237
92 562 779 1 628 726
93 528 431 1 582 384
94 276 583 1 337 547
95 530 314 1 579 269
96 392 153 1 434 112
97 604 746 1 669 689
98 154 1152 1 243 1107
99 149 142 1 192 112
100 381 134 1 423 94
101 563 910 1 636 856
102 458 1006 1 535 957
103 534 235 1 580 189
104 155 1091 1 240 1051
105 28 680 1 110 645
106 592 659 1 654 604
107 183 112 1 224 82
108 559 864 1 630 807
109 394 837 1 466 788
110 502 77 1 542 31
111 463 840 1 534 788
112 425 534 1 482 492
113 489 962 1 564 910
114 126 863 1 206 824
115 394 297 1 442 257
116 541 912 1 613 858
117 188 168 1 231 136
118 686 732 1 749 671
119 109 169 1 154 139
120 198 256 1 245 224
121 312 1247 1 399 1201
122 546 830 1 615 776
123 98 1081 1 182 1041
124 368 385 1 417 346
125 329 516 1 384 478
126 451 544 1 508 501
127 473 1111 1 555 1057
128 181 1238 1 273 1191
129 633 711 1 697 652
130 452 725 1 520 673
131 146 916 1 226 874
132 66 817 1 145 781
133 352 852 1 427 803
134 399 199 1 442 160
135 440 199 1 484 157
136 352 68 1 395 33
137 452 214 1 497 171
138 405 324 1 454 285
139 317 572 1 377 534
140 163 854 1 239 816
141 601 268 1 648 219
142 647 712 1 711 653
143 114 816 1 189 780
144 267 321 1 317 288
145 376 344 1 425 306
146 184 138 1 227 107
147 416 320 1 464 280
148 463 340 1 511 297
149 182 921 1 262 879
150 449 508 1 504 467
151 658 742 1 724 682
152 453 664 1 518 615
153 258 1239 1 345 1193
154 132 280 1 180 250
155 171 933 1 253 889
156 153 168 1 196 137
157 206 322 1 256 291
158 399 228 1 444 190
159 557 851 1 627 796
160 372 1103 1 453 1058
161 478 1236 1 564 1180
162 269 603 1 333 565
163 280 831 1 355 785
164 546 888 1 617 835
165 184 647 1 251 611
166 381 151 1 423 111
167 168 875 1 245 836
168 102 1045 1 193 998
169 511 1106 1 591 1045
170 154 409 1 208 379
171 447 640 1 512 591
172 163 257 1 210 226
173 382 83 1 425 46
174 439 1222 1 526 1167
175 617 720 1 682 662
176 552 342 1 602 295
177 182 1135 1 269 1090
178 166 722 1 239 684
179 388 895 1 464 845
180 369 847 1 443 797
181 449 1093 1 528 1043
182 104 117 1 147 90
183 488 1006 1 565 952
184 193 1246 1 283 1199
185 488 649 1 552 599
186 415 1181 1 498 1135
187 609 690 1 672 632
188 246 647 1 312 610
189 63 678 1 142 642
190 592 705 1 656 649
191 488 492 1 544 449
192 62 806 1 139 773
193 498 704 1 564 651
194 205 659 1 272 624
195 418 978 1 493 933
196 358 1052 1 436 1009
197 160 1131 1 246 1089
198 253 634 1 318 598
199 567 751 1 633 698
200 512 966 1 586 915
201 223 1141 1 309 1097
202 433 42 1 473 4
203 119 194 1 164 166
204 193 957 1 274 913
205 504 402 1 556 357
206 191 1237 1 281 1191
207 86 820 1 163 786
208 62 857 1 142 821
209 380 984 1 455 941
210 459 997 1 537 944
211 186 739 1 260 700
212 83 810 1 161 774
213 195 663 1 263 629
214 441 218 1 485 177
215 231 1246 1 321 1200
216 207 626 1 271 590
217 505 800 1 573 747
218 199 855 1 275 815
219 82 1152 1 172 1113
220 464 1227 1 551 1172
221 624 65 1 664 16
222 232 274 1 279 239
223 263 651 1 326 615
224 406 308 1 454 267
225 425 1059 1 504 1013
226 264 31 1 302 -2
227 97 70 1 146 46
228 385 936 1 461 885
229 388 1110 1 468 1065
230 96 681 1 167 647
231 546 853 1 616 798
232 261 389 1 313 356
233 131 1161 1 219 1118
234 113 49 1 160 25
235 331 846 1 406 798
236 373 508 1 429 469
237 255 548 1 314 513
238 272 561 1 332 525
239 627 738 1 690 680
240 475 135 1 516 91
241 570 742 1 636 687
242 555 621 1 616 572
243 390 1061 1 469 1018
244 212 1242 1 302 1194
245 346 1114 1 427 1071
246 373 333 1 422 295
247 553 878 1 624 824
248 561 790 1 629 736
249 655 757 1 720 698
250 309 1014 1 386 974
251 472 817 1 542 765
252 156 1180 1 247 1133
253 188 762 1 261 723
254 608 712 1 672 655
255 531 290 1 579 244
256 274 417 1 326 383
257 200 1182 1 288 1137
258 580 712 1 645 656
259 206 603 1 270 569
260 331 1065 1 411 1022
261 457 890 1 530 837
262 472 726 1 540 673
263 389 107 1 430 66
264 232 815 1 308 772
265 544 755 1 611 703
266 287 533 1 345 496
267 528 29 1 566 -17
268 436 1099 1 516 1052
269 151 49 1 191 19
270 441 490 1 496 448
271 249 1207 1 338 1158
272 603 733 1 668 676
273 447 99 1 488 55
274 534 676 1 598 624
275 503 809 1 572 757
276 145 115 1 187 86
277 418 564 1 478 521
278 294 1231 1 383 1181
279 621 652 1 682 596
280 361 328 1 410 290
281 448 1007 1 523 963
282 475 470 1 529 426
283 321 588 1 382 550
284 426 736 1 494 688
285 639 756 1 704 698
286 628 955 1 701 892
287 531 846 1 602 792
288 385 1016 1 462 973
289 543 898 1 615 845
290 489 358 1 539 313
291 210 591 1 274 556
292 370 374 1 420 334
293 413 1029 1 490 984
294 74 1124 1 166 1078
295 271 574 1 333 536
296 170 790 1 245 751
297 303 320 1 353 285
298 674 691 1 736 632
299 454 941 1 529 889
300 148 334 1 200 305
301 487 713 1 554 661
302 512 674 1 576 622
303 129 1115 1 216 1073
304 186 829 1 261 790
305 373 218 1 418 178
306 175 1122 1 261 1077
307 403 251 1 449 211
308 60 600 1 139 565
309 126 393 1 179 365
310 327 418 1 379 381
311 477 200 1 521 155
312 628 680 1 690 623
313 233 1223 1 322 1175
314 354 1205 1 438 1160
315 141 828 1 217 791
316 201 841 1 274 801
317 555 756 1 621 703
318 329 1018 1 406 977
319 533 595 1 593 547
320 131 290 1 180 262
321 157 762 1 229 727
322 499 1012 1 576 959
323 634 663 1 696 606
324 193 914 1 271 873
325 362 352 1 412 314
326 468 976 1 543 923
327 365 1204 1 450 1159
328 344 1053 1 423 1010
329 342 577 1 405 535
330 179 382 1 231 352
331 379 847 1 453 797
332 390 823 1 463 774
333 513 585 1 573 538
334 171 327 1 221 298
335 472 1018 1 549 965
336 236 539 1 296 505
337 649 653 1 710 595
338 508 1076 1 587 1021
339 457 390 1 509 347
340 202 721 1 275 682
341 653 836 1 722 775
342 640 640 1 701 583
343 379 915 1 456 865
344 358 309 1 406 270
345 424 1193 1 508 1144
346 587 741 1 652 685
347 156 396 1 209 366
348 365 492 1 421 453
349 533 961 1 607 907
350 472 1119 1 553 1066
351 413 827 1 485 777
352 470 101 1 510 57
353 507 840 1 578 787
354 495 1095 1 575 1043
355 99 170 1 144 143
356 546 589 1 606 542
357 359 1091 1 440 1047
358 251 302 1 299 269
359 404 840 1 477 790
360 593 467 1 647 417
361 366 1248 1 452 1203
362 208 669 1 276 634
363 201 734 1 275 694
364 361 219 1 406 181
365 363 1238 1 449 1193
366 336 678 1 401 637
367 343 498 1 399 460
368 528 775 1 596 722
369 478 736 1 546 685
370 295 849 1 371 802
371 145 1177 1 236 1133
372 439 115 1 480 72
373 262 1252 1 351 1204
374 451 202 1 495 159
375 207 348 1 257 316
376 311 583 1 371 546
377 196 420 1 250 389
378 521 739 1 588 686
379 209 1112 1 293 1070
380 152 828 1 225 791
381 650 701 1 713 641
382 276 1054 1 356 1009
383 245 550 1 305 514
384 212 743 1 286 703
385 539 446 1 593 400
386 251 682 1 319 643
387 394 322 1 443 282
388 276 621 1 338 585
389 298 836 1 373 789
390 581 659 1 643 604
391 159 1195 1 249 1151
392 187 721 1 260 683
393 169 640 1 235 606
394 378 1234 1 464 1188
395 260 404 1 313 370
396 393 1121 1 474 1076
397 132 235 1 178 208
398 101 764 1 175 730
399 195 744 1 270 703
400 468 310 1 517 266
401 438 1059 1 516 1013
402 312 1051 1 392 1009
403 258 270 1 306 236
404 477 247 1 522 203
405 551 919 1 624 865
406 286 618 1 348 581
407 479 1064 1 558 1011
408 440 848 1 512 797
409 635 53 1 676 5
410 475 717 1 542 664
411 216 366 1 267 334
412 593 717 1 658 660
413 472 926 1 546 872
414 654 921 1 725 858
415 274 432 1 327 397
416 308 1114 1 390 1068
417 313 868 1 387 825
418 243 564 1 304 528
419 438 141 1 480 99
420 519 1001 1 596 947
421 344 1098 1 425 1054
422 329 985 1 405 944
423 101 1190 1 193 1146
424 588 874 1 658 817
425 470 65 1 510 26
426 462 826 1 533 775
427 130 220 1 176 191
428 295 512 1 351 476
429 202 636 1 268 601
430 199 1117 1 284 1073
431 199 432 1 253 400
432 160 811 1 235 774
433 314 511 1 370 474
434 480 961 1 554 910
435 396 883 1 470 832
436 428 266 1 474 224
437 169 47 1 208 17
438 497 103 1 538 57
439 467 544 1 525 501
440 364 869 1 437 824
441 220 590 1 284 554
442 245 670 1 312 632
443 239 585 1 300 549
444 213 381 1 265 349
445 537 662 1 600 610
446 152 854 1 230 814
447 225 846 1 298 807
448 391 924 1 467 873
449 307 376 1 357 340
450 150 349 1 201 319
451 459 501 1 514 458
452 235 677 1 302 640
453 279 872 1 354 831
454 331 471 1 386 433
455 662 681 1 724 622
456 204 645 1 271 610
457 176 353 1 227 323
458 195 539 1 256 505
459 391 311 1 440 271
460 107 82 1 155 59
461 389 283 1 436 244
462 144 306 1 195 277
463 491 1143 1 572 1088
464 183 634 1 250 600
465 508 849 1 579 796
466 154 376 1 207 347
467 249 535 1 310 500
468 152 370 1 205 341
469 376 837 1 449 787
470 258 360 1 309 326
471 492 1059 1 570 1005
472 441 69 1 480 30
473 99 150 1 143 123
474 538 655 1 601 602
475 300 1051 1 379 1010
476 165 34 1 204 4
