0 461 524 1 528 476
1 155 694 1 239 653
2 338 107 1 395 67
3 522 617 1 594 565
4 376 69 1 431 28
5 479 953 1 564 897
6 351 110 1 407 69
7 426 673 1 505 619
8 373 1249 1 468 1198
9 522 302 1 582 251
10 532 345 1 594 294
11 556 709 1 631 650
12 537 237 1 595 185
13 543 633 1 614 580
14 559 665 1 633 606
15 558 222 1 616 171
16 362 96 1 418 56
17 378 247 1 433 202
18 380 135 1 434 89
19 235 293 1 295 255
20 452 327 1 511 278
21 553 263 1 612 212
22 173 872 1 261 826
23 669 712 1 744 647
24 232 274 1 290 236
25 462 509 1 529 462
26 126 901 1 216 856
27 486 66 1 538 18
28 429 1236 1 524 1176
29 492 93 1 544 42
30 359 919 1 445 864
31 138 1144 1 236 1093
32 424 704 1 504 649
33 104 1077 1 200 1030
34 625 705 1 699 643
35 490 676 1 567 621
36 143 975 1 236 930
37 540 335 1 601 284
38 236 1234 1 334 1181
39 480 1012 1 566 952
40 530 439 1 596 387
41 467 482 1 533 433
42 636 739 1 712 676
43 109 69 1 170 38
44 76 826 1 162 785
45 410 1212 1 502 1158
46 506 618 1 578 565
47 482 242 1 539 193
48 490 663 1 567 607
49 205 813 1 297 761
50 341 1025 1 427 977
51 71 211 1 129 180
52 472 1100 1 561 1040
53 488 1081 1 577 1021
54 459 967 1 544 910
55 463 1103 1 552 1045
56 382 220 1 438 174
57 146 1097 1 240 1050
58 240 409 1 304 370
59 132 1227 1 233 1175
60 365 310 1 425 266
61 623 656 1 696 595
62 523 709 1 600 650
63 144 207 1 201 173
64 265 34 1 315 -6
65 611 667 1 686 606
66 378 232 1 433 186
67 53 822 1 144 781
68 476 677 1 552 623
69 123 923 1 214 878
70 380 90 1 436 48
71 132 282 1 191 249
72 509 571 1 579 519
73 188 927 1 275 881
74 535 748 1 613 689
75 118 1121 1 216 1073
76 343 845 1 429 791
77 336 1009 1 421 961
78 444 679 1 521 626
79 82 119 1 135 88
80 125 47 1 176 12
81 542 200 1 598 149
82 594 230 1 652 177
83 182 206 1 238 170
84 145 698 1 229 655
85 474 855 1 555 798
86 221 292 1 280 255
87 425 281 1 484 234
88 552 783 1 629 726
89 518 433 1 583 381
90 520 316 1 580 266
91 381 154 1 434 108
92 435 730 1 515 676
93 594 750 1 671 690
94 137 144 1 191 109
95 80 1090 1 179 1040
96 370 136 1 424 91
97 553 914 1 637 855
98 449 1011 1 535 957
99 523 237 1 581 186
100 51 863 1 141 821
101 582 663 1 656 604
102 171 114 1 224 78
103 166 844 1 249 801
104 550 868 1 631 808
105 383 843 1 466 788
106 491 79 1 542 27
107 176 768 1 260 723
108 452 845 1 534 788
109 150 1125 1 249 1073
110 415 536 1 482 490
111 479 966 1 565 910
112 383 299 1 442 254
113 531 916 1 614 858
114 177 169 1 231 132
115 676 736 1 751 672
116 97 170 1 153 135
117 187 258 1 245 221
118 304 1250 1 399 1199
119 50 810 1 138 772
120 536 834 1 616 776
121 357 387 1 417 343
122 319 518 1 384 475
123 441 546 1 509 499
124 190 948 1 281 899
125 465 1116 1 555 1057
126 172 1245 1 273 1191
127 624 715 1 699 653
128 134 921 1 225 874
129 341 858 1 427 803
130 388 201 1 442 157
131 429 201 1 484 154
132 224 646 1 299 605
133 339 68 1 395 28
134 442 216 1 497 167
135 394 327 1 454 282
136 306 575 1 377 532
137 151 859 1 239 816
138 591 269 1 650 216
139 637 717 1 713 654
140 101 820 1 188 779
141 142 1226 1 244 1174
142 256 323 1 317 285
143 365 347 1 425 303
144 173 140 1 226 103
145 405 322 1 465 277
146 452 342 1 512 294
147 171 927 1 261 879
148 439 511 1 505 464
149 648 746 1 727 682
150 441 668 1 519 615
151 249 1245 1 346 1191
152 120 282 1 180 247
153 159 938 1 252 889
154 272 680 1 350 635
155 132 1203 1 233 1149
156 195 324 1 256 289
157 388 230 1 445 187
158 547 856 1 628 796
159 364 1106 1 453 1056
160 469 1241 1 564 1180
161 259 606 1 333 564
162 268 837 1 354 786
163 537 892 1 618 835
164 362 325 1 421 280
165 172 650 1 250 610
166 370 153 1 423 108
167 157 880 1 244 835
168 501 1112 1 592 1047
169 143 411 1 208 376
170 228 40 1 279 0
171 436 644 1 512 591
172 151 259 1 209 223
173 369 83 1 425 41
174 188 1135 1 285 1085
175 431 1227 1 527 1167
176 608 725 1 684 662
177 542 344 1 603 293
178 172 1142 1 269 1090
179 153 727 1 238 684
180 378 901 1 464 846
181 359 852 1 443 798
182 609 752 1 684 690
183 440 1097 1 529 1042
184 95 891 1 189 844
185 92 119 1 146 86
186 212 1231 1 311 1179
187 183 1252 1 284 1199
188 134 705 1 220 662
189 477 653 1 553 599
190 70 1174 1 172 1123
191 406 1184 1 499 1133
192 599 694 1 674 633
193 235 651 1 312 608
194 48 683 1 139 642
195 582 710 1 658 649
196 477 495 1 544 446
197 487 709 1 565 651
198 194 663 1 272 622
199 409 981 1 494 932
200 348 1055 1 437 1007
201 169 976 1 262 928
202 150 1138 1 246 1088
203 137 1159 1 237 1105
204 242 638 1 318 596
205 557 755 1 634 698
206 503 970 1 587 914
207 213 1147 1 309 1096
208 423 42 1 473 -1
209 107 196 1 164 163
210 182 962 1 273 913
211 494 404 1 556 354
212 218 662 1 296 619
213 161 889 1 249 845
214 177 788 1 260 744
215 371 988 1 455 939
216 450 1002 1 538 944
217 173 744 1 259 700
218 71 815 1 160 774
219 183 667 1 262 628
220 430 220 1 486 173
221 222 1252 1 321 1199
222 195 629 1 270 589
223 494 804 1 574 747
224 188 860 1 274 815
225 73 1158 1 172 1112
226 456 1232 1 551 1172
227 613 65 1 665 11
228 221 276 1 279 236
229 252 654 1 326 613
230 395 310 1 454 264
231 417 1062 1 504 1012
232 252 33 1 301 -6
233 83 70 1 144 42
234 374 942 1 461 885
235 187 820 1 272 775
236 379 1113 1 469 1063
237 82 685 1 166 646
238 536 857 1 617 798
239 250 392 1 313 353
240 120 1168 1 219 1118
241 329 1168 1 423 1114
242 99 48 1 158 20
243 319 851 1 405 799
244 244 551 1 314 511
245 261 563 1 332 523
246 366 1001 1 453 949
247 617 743 1 692 681
248 464 137 1 516 87
249 163 1031 1 254 986
250 561 746 1 638 687
251 544 624 1 617 570
252 381 1065 1 469 1016
253 202 1248 1 303 1194
254 338 1118 1 428 1069
255 363 336 1 423 292
256 544 883 1 625 824
257 551 794 1 631 736
258 645 761 1 722 698
259 300 1019 1 386 972
260 462 822 1 543 765
261 145 1186 1 246 1133
262 598 717 1 674 655
263 520 292 1 580 241
264 263 420 1 326 380
265 190 1188 1 288 1137
266 570 717 1 646 656
267 123 1007 1 217 960
268 322 1068 1 412 1020
269 447 895 1 531 838
270 461 731 1 540 674
271 219 820 1 307 772
272 534 759 1 612 702
273 275 535 1 345 494
274 428 1102 1 517 1051
275 139 50 1 190 15
276 431 493 1 496 446
277 239 1212 1 338 1158
278 593 737 1 670 676
279 436 101 1 488 51
280 524 680 1 599 624
281 493 814 1 573 757
282 134 117 1 187 82
283 407 567 1 478 520
284 284 1237 1 383 1181
285 611 656 1 684 595
286 350 330 1 410 287
287 439 1011 1 524 961
288 465 472 1 530 423
289 310 591 1 382 548
290 415 741 1 495 688
291 629 760 1 706 698
292 619 961 1 703 894
293 521 850 1 603 792
294 376 1020 1 462 971
295 533 902 1 616 844
296 478 360 1 540 310
297 359 377 1 421 332
298 404 1032 1 491 982
299 63 1130 1 165 1079
300 259 577 1 332 535
301 159 795 1 244 750
302 292 322 1 353 282
303 665 696 1 738 632
304 445 947 1 530 889
305 477 718 1 554 662
306 501 678 1 577 622
307 175 833 1 260 789
308 362 220 1 418 175
309 164 1128 1 261 1077
310 393 253 1 449 207
311 114 396 1 178 362
312 316 420 1 379 378
313 467 202 1 521 152
314 110 1028 1 205 982
315 618 684 1 692 623
316 223 675 1 300 633
317 224 1228 1 322 1175
318 129 833 1 216 790
319 189 845 1 274 800
320 545 761 1 622 703
321 320 1021 1 406 975
322 523 597 1 594 545
323 119 292 1 180 259
324 490 1017 1 577 959
325 624 667 1 698 606
326 351 354 1 412 311
327 458 980 1 543 923
328 606 738 1 682 675
329 255 664 1 331 620
330 357 1208 1 451 1157
331 335 1057 1 423 1009
332 331 580 1 405 534
333 168 385 1 231 349
334 368 852 1 453 798
335 379 828 1 463 774
336 502 587 1 574 536
337 159 330 1 221 295
338 462 1023 1 550 965
339 225 542 1 295 503
340 639 657 1 712 595
341 499 1081 1 587 1021
342 447 393 1 509 345
343 513 229 1 570 178
344 190 726 1 274 681
345 644 841 1 724 776
346 630 644 1 703 583
347 369 921 1 456 865
348 347 311 1 407 267
349 416 1196 1 508 1143
350 576 745 1 653 685
351 145 398 1 209 363
352 355 494 1 421 450
353 524 966 1 608 907
354 463 1124 1 553 1066
355 402 832 1 485 777
356 459 103 1 511 53
357 497 845 1 579 787
358 486 1099 1 576 1042
359 87 171 1 143 139
360 536 593 1 607 540
361 350 1095 1 440 1045
362 240 305 1 299 266
363 393 845 1 477 791
364 333 475 1 397 435
365 583 469 1 648 415
366 358 1252 1 453 1200
367 196 673 1 275 633
368 188 739 1 274 694
369 350 221 1 406 177
370 355 1242 1 449 1191
371 325 681 1 401 636
372 333 501 1 399 458
373 518 779 1 597 722
374 101 1177 1 200 1132
375 468 741 1 546 685
376 283 854 1 371 802
377 136 1184 1 236 1132
378 428 116 1 480 69
379 440 204 1 496 155
380 195 350 1 257 313
381 184 423 1 250 386
382 511 744 1 589 686
383 140 991 1 232 945
384 140 832 1 225 790
385 640 705 1 715 642
386 266 1059 1 356 1008
387 234 552 1 305 512
388 200 748 1 285 703
389 529 448 1 594 397
390 240 685 1 319 642
391 383 324 1 443 279
392 286 842 1 372 790
393 570 663 1 645 604
394 150 1201 1 249 1150
395 174 726 1 259 682
396 157 644 1 235 605
397 370 1238 1 465 1186
398 249 406 1 313 367
399 385 1125 1 474 1074
400 120 237 1 178 205
401 89 768 1 174 729
402 183 749 1 269 703
403 458 312 1 518 263
404 429 1062 1 517 1011
405 303 1055 1 392 1007
406 456 944 1 541 886
407 247 272 1 305 233
408 466 249 1 523 200
409 542 923 1 625 865
410 275 621 1 348 579
411 470 1069 1 558 1011
412 171 1018 1 264 968
413 287 516 1 355 473
414 430 853 1 513 797
415 624 53 1 677 0
416 464 722 1 543 665
417 205 368 1 267 331
418 583 722 1 659 660
419 462 932 1 547 873
420 645 927 1 727 860
421 263 435 1 327 395
422 298 1119 1 390 1067
423 302 873 1 387 825
424 231 566 1 304 526
425 427 143 1 481 95
426 510 1005 1 597 947
427 335 1102 1 425 1053
428 320 989 1 405 942
429 91 1197 1 193 1146
430 578 880 1 659 818
431 459 66 1 510 21
432 452 831 1 534 775
433 118 222 1 176 188
434 507 607 1 580 556
435 190 640 1 267 600
436 189 1122 1 284 1073
437 187 434 1 252 398
438 149 816 1 234 773
439 304 513 1 370 471
440 470 966 1 555 910
441 386 889 1 470 833
442 417 268 1 474 221
443 157 49 1 207 13
444 486 104 1 539 53
445 457 547 1 525 499
446 354 874 1 437 823
447 208 593 1 284 553
448 234 673 1 311 630
449 227 588 1 300 547
450 202 384 1 265 347
451 526 666 1 601 609
452 140 859 1 229 814
453 215 850 1 298 806
454 381 930 1 468 873
455 296 378 1 357 337
456 449 503 1 514 456
457 268 877 1 354 830
458 321 473 1 386 431
459 653 685 1 726 622
460 192 648 1 270 608
461 165 356 1 227 320
462 182 542 1 256 503
463 380 313 1 440 268
464 94 83 1 153 54
465 378 285 1 436 241
466 133 308 1 194 274
467 482 1148 1 572 1088
468 288 1222 1 384 1169
469 171 637 1 249 598
470 498 854 1 580 796
471 143 379 1 207 344
472 238 538 1 310 498
473 141 373 1 205 338
474 364 843 1 449 787
475 246 362 1 308 324
476 483 1064 1 571 1005
477 430 69 1 480 25
478 87 152 1 142 119
479 527 659 1 602 602
480 291 1055 1 380 1008
481 153 36 1 203 0
482 448 722 1 527 666
