0 444 523 1 528 475
1 317 105 1 395 65
2 331 108 1 407 67
3 139 697 1 239 653
4 490 462 1 573 411
5 505 615 1 594 564
6 355 67 1 430 25
7 465 953 1 564 896
8 409 673 1 504 619
9 363 1249 1 468 1197
10 445 508 1 529 460
11 503 300 1 583 249
12 514 343 1 594 293
13 540 708 1 632 650
14 518 235 1 595 184
15 111 904 1 216 856
16 526 631 1 614 579
17 543 664 1 634 606
18 539 220 1 617 169
19 341 94 1 417 54
20 358 245 1 433 200
21 361 134 1 434 87
22 216 293 1 294 254
23 433 325 1 511 277
24 534 261 1 612 210
25 159 874 1 260 826
26 654 710 1 745 647
27 212 274 1 290 234
28 196 880 1 297 830
29 104 924 1 210 875
30 467 1011 1 566 952
31 418 1235 1 524 1176
32 472 91 1 544 40
33 172 1255 1 283 1198
34 344 919 1 445 864
35 125 1148 1 236 1093
36 409 704 1 504 649
37 91 1081 1 200 1030
38 609 704 1 700 643
39 456 705 1 549 650
40 474 676 1 567 621
41 129 978 1 236 929
42 521 333 1 601 282
43 343 325 1 421 279
44 512 437 1 596 385
45 61 829 1 162 785
46 608 714 1 699 653
47 450 480 1 533 432
48 621 737 1 712 676
49 597 665 1 686 606
50 86 68 1 169 35
51 119 924 1 224 874
52 109 1114 1 219 1060
53 399 1211 1 503 1157
54 490 617 1 578 564
55 122 1177 1 234 1121
56 463 241 1 539 192
57 474 662 1 567 607
58 190 815 1 296 762
59 328 1025 1 427 976
60 51 211 1 128 178
61 460 1099 1 561 1040
62 476 1081 1 577 1021
63 105 1081 1 217 1026
64 446 966 1 545 910
65 451 1103 1 552 1044
66 363 219 1 438 173
67 133 1100 1 239 1049
68 222 409 1 304 369
69 121 1230 1 233 1175
70 357 231 1 433 185
71 346 309 1 425 265
72 607 655 1 697 595
73 508 708 1 600 650
74 106 728 1 211 681
75 124 207 1 201 171
76 327 860 1 426 803
77 37 826 1 143 781
78 460 677 1 552 623
79 486 449 1 569 398
80 60 120 1 134 86
81 360 88 1 436 46
82 112 283 1 191 247
83 425 1145 1 528 1087
84 492 569 1 579 518
85 173 929 1 275 881
86 520 747 1 613 689
87 105 1124 1 215 1072
88 328 846 1 428 792
89 323 1009 1 422 961
90 368 841 1 466 788
91 225 1237 1 334 1181
92 428 679 1 521 626
93 104 45 1 176 11
94 522 198 1 599 147
95 575 228 1 652 176
96 162 206 1 237 169
97 72 119 1 145 84
98 459 854 1 555 798
99 202 292 1 280 253
100 407 279 1 484 232
101 537 782 1 629 726
102 500 431 1 583 380
103 246 33 1 315 -8
104 515 214 1 591 163
105 501 314 1 580 264
106 361 153 1 434 107
107 420 730 1 515 676
108 596 655 1 685 595
109 579 749 1 671 690
110 116 143 1 191 107
111 67 1094 1 179 1040
112 212 1255 1 321 1199
113 540 913 1 637 855
114 78 171 1 153 134
115 435 1010 1 536 956
116 504 235 1 581 184
117 35 866 1 140 821
118 416 96 1 488 49
119 566 662 1 656 604
120 152 1131 1 261 1077
121 146 940 1 251 889
122 150 113 1 223 76
123 150 846 1 249 800
124 535 867 1 631 808
125 470 77 1 543 25
126 160 769 1 260 722
127 438 845 1 534 788
128 138 1128 1 249 1074
129 398 535 1 482 489
130 466 966 1 565 909
131 364 298 1 442 252
132 517 915 1 614 858
133 156 169 1 231 131
134 661 734 1 752 672
135 168 258 1 245 220
136 294 1251 1 399 1198
137 521 833 1 617 776
138 70 1220 1 186 1162
139 301 518 1 384 474
140 175 951 1 280 899
141 453 1115 1 555 1057
142 161 1248 1 273 1191
143 60 877 1 176 822
144 68 172 1 142 138
145 368 200 1 442 155
146 410 200 1 484 152
147 181 676 1 275 632
148 208 647 1 298 605
149 318 66 1 394 26
150 423 214 1 497 166
151 375 326 1 454 280
152 290 575 1 377 531
153 136 862 1 238 816
154 572 267 1 650 214
155 622 715 1 714 654
156 85 823 1 188 779
157 131 1229 1 244 1174
158 237 323 1 317 283
159 346 346 1 425 302
160 60 69 1 142 40
161 152 139 1 226 101
162 387 321 1 465 275
163 434 341 1 512 292
164 55 819 1 159 774
165 156 929 1 260 879
166 422 510 1 505 463
167 633 745 1 727 682
168 425 668 1 518 615
169 351 135 1 423 89
170 100 283 1 180 246
171 337 387 1 417 342
172 216 553 1 305 511
173 102 854 1 206 806
174 256 680 1 349 634
175 119 1206 1 233 1149
176 176 325 1 256 287
177 368 229 1 445 185
178 533 855 1 628 796
179 352 1106 1 454 1055
180 459 1240 1 564 1180
181 242 606 1 332 563
182 252 839 1 354 786
183 523 891 1 619 835
184 581 690 1 675 633
185 392 77 1 468 34
186 142 882 1 244 835
187 165 955 1 269 905
188 167 670 1 262 627
189 489 1112 1 592 1048
190 125 412 1 208 375
191 207 39 1 278 -1
192 66 729 1 170 684
193 419 644 1 512 591
194 131 259 1 209 222
195 155 652 1 250 609
196 176 1137 1 285 1085
197 420 1227 1 527 1167
198 592 723 1 684 663
199 523 342 1 604 291
200 159 1145 1 269 1090
201 567 684 1 658 625
202 136 730 1 237 684
203 608 732 1 699 670
204 363 901 1 464 846
205 344 853 1 443 798
206 594 751 1 685 690
207 428 1097 1 529 1041
208 79 894 1 188 844
209 201 1233 1 311 1178
210 31 686 1 138 642
211 116 707 1 219 662
212 461 653 1 553 598
213 57 1177 1 172 1123
214 395 1184 1 499 1132
215 218 652 1 311 608
216 152 1119 1 260 1065
217 566 709 1 658 649
218 461 493 1 545 445
219 106 1148 1 218 1092
220 471 708 1 565 652
221 397 980 1 494 931
222 336 1055 1 437 1006
223 155 978 1 261 928
224 137 1141 1 246 1088
225 124 1162 1 237 1106
226 226 639 1 317 595
227 541 755 1 634 697
228 490 969 1 587 914
229 201 1149 1 309 1096
230 402 39 1 473 -3
231 87 196 1 163 161
232 167 965 1 273 913
233 476 403 1 556 353
234 202 663 1 296 619
235 147 891 1 249 845
236 531 230 1 609 178
237 161 789 1 260 744
238 358 987 1 456 938
239 156 746 1 258 700
240 202 1223 1 312 1166
241 122 171 1 196 136
242 411 218 1 486 172
243 496 744 1 590 686
244 178 629 1 270 588
245 480 804 1 574 747
246 173 862 1 274 814
247 60 1162 1 172 1112
248 445 1232 1 551 1172
249 592 62 1 665 8
250 202 275 1 278 235
251 237 654 1 326 612
252 376 309 1 454 263
253 404 1062 1 504 1011
254 245 1021 1 347 969
255 360 943 1 461 886
256 171 821 1 271 775
257 367 1113 1 469 1062
258 565 880 1 660 818
259 64 687 1 165 646
260 522 856 1 618 798
261 231 392 1 312 351
262 606 693 1 696 632
263 108 1171 1 219 1118
264 169 1084 1 274 1034
265 317 1169 1 423 1114
266 76 47 1 157 17
267 304 853 1 405 799
268 351 152 1 423 106
269 226 552 1 314 510
270 244 564 1 331 522
271 353 1001 1 453 948
272 602 742 1 693 681
273 444 135 1 516 86
274 149 1034 1 254 985
275 545 745 1 638 687
276 528 622 1 617 569
277 369 1065 1 469 1015
278 192 1250 1 302 1194
279 326 1118 1 428 1068
280 344 336 1 423 290
281 529 882 1 626 824
282 536 793 1 631 736
283 630 760 1 723 698
284 286 1019 1 387 971
285 447 822 1 543 765
286 134 1189 1 246 1133
287 583 716 1 674 655
288 501 290 1 580 239
289 268 530 1 354 487
290 245 419 1 326 379
291 178 1191 1 287 1137
292 554 716 1 647 657
293 109 1010 1 216 960
294 310 1069 1 412 1019
295 237 380 1 317 338
296 433 895 1 531 838
297 444 731 1 540 674
298 478 150 1 552 99
299 204 823 1 306 772
300 519 758 1 612 702
301 258 536 1 345 493
302 416 1101 1 517 1050
303 118 49 1 190 13
304 413 492 1 496 445
305 228 1214 1 338 1158
306 116 729 1 218 683
307 578 736 1 670 676
308 290 586 1 376 541
309 125 895 1 231 844
310 120 1084 1 225 1037
311 508 679 1 599 623
312 478 813 1 573 757
313 112 116 1 186 81
314 391 567 1 478 519
315 274 1239 1 383 1181
316 354 853 1 452 798
317 426 1010 1 524 960
318 330 310 1 407 266
319 448 471 1 530 422
320 286 602 1 372 558
321 399 741 1 494 688
322 614 758 1 707 698
323 605 960 1 703 894
324 507 850 1 604 792
325 363 1020 1 462 971
326 519 901 1 616 844
327 460 358 1 540 309
328 392 1032 1 491 982
329 50 1134 1 164 1079
330 242 577 1 332 534
331 143 796 1 244 750
332 274 321 1 352 280
333 649 694 1 739 633
334 431 947 1 530 890
335 461 717 1 554 662
336 485 677 1 577 622
337 438 1000 1 538 944
338 160 835 1 260 789
339 342 218 1 418 173
340 204 1099 1 309 1048
341 373 252 1 449 206
342 96 396 1 178 361
343 297 419 1 379 377
344 447 201 1 522 150
345 96 1031 1 205 982
346 602 682 1 693 623
347 58 857 1 168 807
348 207 676 1 300 632
349 213 1231 1 322 1174
350 114 835 1 216 790
351 174 847 1 274 800
352 529 760 1 623 703
353 307 1022 1 406 975
354 507 595 1 594 544
355 99 293 1 179 258
356 477 1016 1 577 959
357 609 665 1 699 606
358 190 1144 1 297 1091
359 333 354 1 412 310
360 444 980 1 544 923
361 590 736 1 683 675
362 239 664 1 331 620
363 346 1208 1 451 1156
364 323 1058 1 423 1008
365 313 580 1 404 533
366 149 385 1 231 347
367 364 829 1 463 774
368 486 586 1 574 535
369 140 330 1 220 294
370 450 1022 1 550 965
371 207 543 1 295 502
372 623 655 1 713 595
373 487 1080 1 588 1021
374 429 391 1 509 343
375 493 227 1 571 176
376 173 728 1 273 681
377 629 839 1 724 776
378 615 642 1 704 583
379 355 921 1 456 865
380 405 1196 1 509 1142
381 561 744 1 654 685
382 126 399 1 208 362
383 337 494 1 421 449
384 510 964 1 608 907
385 451 1124 1 553 1066
386 387 832 1 485 777
387 439 101 1 511 51
388 483 844 1 579 787
389 474 1099 1 576 1042
390 286 1236 1 394 1180
391 520 592 1 607 539
392 338 1095 1 440 1045
393 221 304 1 299 265
394 378 846 1 477 791
395 316 475 1 397 433
396 348 1252 1 453 1199
397 173 740 1 273 694
398 556 32 1 629 -18
399 345 1242 1 450 1190
400 310 682 1 401 635
401 316 500 1 399 457
402 503 778 1 597 722
403 88 1181 1 200 1131
404 452 741 1 546 685
405 293 916 1 390 868
406 124 1187 1 235 1132
407 408 115 1 480 67
408 421 202 1 496 154
409 176 350 1 256 312
410 486 1099 1 588 1034
411 167 423 1 249 385
412 126 994 1 231 945
413 125 835 1 224 790
414 625 703 1 716 642
415 254 1060 1 356 1008
416 475 393 1 555 343
417 184 750 1 284 703
418 511 447 1 594 396
419 225 686 1 318 641
420 364 323 1 443 277
421 271 843 1 372 790
422 554 662 1 645 604
423 138 1204 1 249 1150
424 158 729 1 258 682
425 359 1238 1 465 1185
426 171 1023 1 279 968
427 231 406 1 313 366
428 373 1124 1 475 1073
429 100 237 1 177 204
430 482 770 1 575 714
431 129 799 1 230 752
432 166 751 1 268 703
433 439 311 1 518 262
434 416 1062 1 517 1010
435 291 1056 1 392 1007
436 442 944 1 541 886
437 227 272 1 305 232
438 447 248 1 523 198
439 528 922 1 625 865
440 259 621 1 348 578
441 312 920 1 408 873
442 457 1068 1 559 1011
443 157 1020 1 264 968
444 269 515 1 355 472
445 415 853 1 513 797
446 604 51 1 678 -2
447 448 722 1 542 665
448 186 368 1 267 330
449 567 720 1 660 660
450 448 932 1 547 873
451 631 925 1 728 860
452 245 434 1 327 394
453 286 1120 1 390 1067
454 287 874 1 387 824
455 213 567 1 303 525
456 408 142 1 481 93
457 497 1004 1 597 947
458 323 1102 1 425 1052
459 307 990 1 406 941
460 79 1201 1 193 1146
461 439 63 1 510 18
462 437 831 1 534 775
463 99 222 1 175 186
464 491 606 1 580 555
465 89 996 1 206 938
466 341 377 1 421 330
467 176 1125 1 284 1072
468 169 435 1 252 396
469 286 513 1 370 470
470 457 966 1 555 910
471 371 889 1 470 833
472 398 266 1 474 219
473 135 48 1 207 11
474 466 103 1 539 51
475 441 545 1 525 497
476 340 874 1 437 823
477 191 594 1 283 552
478 218 673 1 311 630
479 210 588 1 300 546
480 183 384 1 265 345
481 511 665 1 601 609
482 125 861 1 228 814
483 200 852 1 298 806
484 367 930 1 468 874
485 277 378 1 357 336
486 432 502 1 514 454
487 254 879 1 354 830
488 303 472 1 386 429
489 637 683 1 727 622
490 138 741 1 239 695
491 146 356 1 226 319
492 362 312 1 440 267
493 476 718 1 570 661
494 360 284 1 436 239
495 470 1147 1 573 1088
496 277 1223 1 384 1169
497 358 124 1 431 78
498 484 854 1 580 797
499 125 380 1 207 343
500 194 642 1 288 598
501 123 374 1 204 337
502 349 843 1 448 788
503 228 362 1 308 322
504 470 1063 1 571 1005
505 337 1038 1 435 988
506 511 658 1 603 602
507 278 1056 1 380 1007
508 132 34 1 203 -1
509 432 722 1 527 666
