0 402 526 1 529 467
1 270 109 1 401 52
2 256 106 1 388 49
3 446 138 1 577 74
4 445 463 1 573 403
5 468 618 1 594 558
6 293 67 1 425 9
7 459 333 1 588 273
8 443 962 1 563 895
9 98 720 1 231 651
10 454 442 1 583 382
11 373 685 1 500 618
12 397 708 1 522 642
13 465 223 1 596 162
14 401 511 1 530 452
15 452 301 1 582 239
16 432 961 1 552 896
17 465 344 1 594 283
18 509 716 1 631 650
19 465 234 1 595 172
20 387 743 1 511 676
21 510 669 1 632 604
22 485 217 1 616 157
23 280 96 1 412 38
24 304 251 1 432 190
25 302 139 1 432 76
26 163 304 1 292 245
27 383 329 1 511 268
28 103 1004 1 232 928
29 482 259 1 612 199
30 128 897 1 255 825
31 625 712 1 747 647
32 280 66 1 413 9
33 158 285 1 287 225
34 280 839 1 406 770
35 489 634 1 613 574
36 412 92 1 543 27
37 447 1020 1 565 952
38 408 1248 1 524 1175
39 452 621 1 577 560
40 168 888 1 295 818
41 65 1134 1 193 1053
42 318 936 1 441 865
43 373 717 1 499 649
44 579 708 1 701 643
45 121 1200 1 244 1122
46 422 713 1 546 649
47 440 684 1 564 619
48 238 1037 1 360 968
49 146 974 1 275 899
50 299 89 1 431 31
51 561 709 1 682 644
52 25 854 1 157 782
53 472 333 1 601 272
54 472 206 1 603 144
55 292 331 1 421 269
56 467 438 1 596 377
57 295 316 1 424 255
58 578 718 1 700 653
59 405 484 1 533 424
60 122 984 1 248 910
61 592 742 1 713 676
62 564 668 1 686 605
63 335 846 1 459 775
64 53 1130 1 183 1047
65 524 678 1 647 613
66 388 1220 1 503 1152
67 410 242 1 539 181
68 117 869 1 244 798
69 439 671 1 564 606
70 229 618 1 356 556
71 307 1037 1 427 970
72 494 921 1 614 856
73 444 1109 1 561 1040
74 460 1090 1 577 1020
75 84 1108 1 211 1028
76 423 976 1 544 909
77 435 1113 1 552 1044
78 308 224 1 437 162
79 104 1204 1 230 1121
80 173 421 1 302 360
81 408 960 1 528 891
82 43 1133 1 173 1051
83 302 236 1 431 175
84 193 611 1 319 548
85 118 932 1 246 859
86 33 885 1 166 812
87 575 657 1 697 594
88 474 716 1 598 650
89 457 593 1 584 532
90 470 978 1 587 911
91 59 1032 1 194 945
92 405 1020 1 525 954
93 357 99 1 487 36
94 422 140 1 553 76
95 425 686 1 550 621
96 149 1213 1 271 1131
97 126 1058 1 252 982
98 441 450 1 569 390
99 172 638 1 301 575
100 137 1225 1 261 1144
101 57 298 1 188 238
102 411 1155 1 528 1086
103 452 572 1 579 511
104 524 706 1 646 640
105 223 1040 1 345 967
106 207 1247 1 327 1171
107 450 683 1 575 620
108 85 1152 1 212 1071
109 298 864 1 424 793
110 301 1020 1 422 955
111 338 856 1 463 788
112 392 689 1 517 624
113 39 57 1 172 -1
114 467 197 1 598 135
115 523 224 1 652 163
116 104 218 1 235 158
117 432 865 1 553 798
118 149 304 1 278 244
119 100 1107 1 224 1032
120 490 755 1 612 689
121 354 284 1 483 223
122 454 432 1 584 372
123 460 213 1 591 151
124 161 681 1 291 615
125 166 900 1 293 829
126 450 315 1 580 254
127 303 158 1 433 95
128 28 1165 1 159 1080
129 550 754 1 671 689
130 218 694 1 346 630
131 56 156 1 187 96
132 563 658 1 685 594
133 102 1235 1 229 1150
134 516 918 1 637 854
135 450 235 1 581 173
136 67 222 1 197 161
137 533 667 1 656 602
138 126 954 1 255 879
139 182 40 1 312 -20
140 136 1198 1 260 1118
141 415 1019 1 535 953
142 50 856 1 180 786
143 89 125 1 220 65
144 35 1231 1 161 1150
145 86 810 1 216 742
146 510 875 1 631 808
147 191 1254 1 310 1176
148 411 78 1 542 13
149 124 789 1 254 720
150 409 856 1 532 788
151 523 696 1 645 630
152 142 1168 1 266 1089
153 355 541 1 482 481
154 443 974 1 564 908
155 312 304 1 441 243
156 36 832 1 172 759
157 97 181 1 228 120
158 288 392 1 417 333
159 634 737 1 754 672
160 112 271 1 242 210
161 186 654 1 314 590
162 495 841 1 616 775
163 292 140 1 422 77
164 55 1250 1 182 1163
165 258 528 1 384 467
166 41 1193 1 169 1109
167 437 1126 1 555 1057
168 424 608 1 549 547
169 65 753 1 200 681
170 87 1025 1 213 950
171 199 668 1 325 605
172 312 205 1 441 144
173 354 203 1 484 141
174 141 693 1 271 628
175 168 663 1 295 599
176 487 905 1 606 838
177 256 67 1 388 10
178 367 217 1 496 155
179 324 331 1 453 271
180 249 586 1 375 524
181 104 884 1 234 814
182 521 264 1 650 202
183 593 718 1 715 654
184 201 577 1 329 515
185 135 680 1 265 615
186 122 857 1 250 788
187 185 333 1 315 274
188 296 353 1 424 293
189 92 151 1 223 91
190 335 327 1 464 266
191 383 345 1 512 283
192 199 621 1 328 558
193 105 829 1 234 761
194 482 206 1 613 144
195 379 514 1 505 455
196 605 748 1 729 683
197 389 678 1 515 613
198 93 1009 1 221 934
199 144 627 1 273 564
200 45 297 1 177 237
201 279 317 1 408 256
202 291 78 1 424 21
203 172 566 1 301 505
204 67 877 1 199 805
205 77 825 1 208 755
206 124 338 1 253 278
207 314 235 1 443 175
208 507 862 1 628 796
209 335 1117 1 454 1050
210 450 1251 1 564 1179
211 220 859 1 348 787
212 89 1198 1 216 1117
213 184 597 1 312 536
214 498 897 1 618 834
215 173 651 1 301 587
216 549 694 1 672 629
217 115 842 1 244 773
218 331 76 1 464 18
219 138 977 1 265 904
220 126 687 1 257 623
221 475 1125 1 591 1052
222 75 428 1 205 367
223 144 47 1 275 -13
224 36 33 1 168 -26
225 297 877 1 422 804
226 382 655 1 508 589
227 76 273 1 206 212
228 169 332 1 299 272
229 149 726 1 278 659
230 114 670 1 244 605
231 69 30 1 201 -30
232 437 586 1 564 526
233 159 1161 1 283 1083
234 410 1240 1 526 1167
235 563 728 1 685 663
236 474 342 1 603 281
237 132 1155 1 258 1076
238 535 689 1 657 625
239 96 753 1 229 682
240 579 736 1 700 671
241 337 917 1 461 847
242 80 860 1 211 788
243 314 870 1 438 799
244 565 756 1 685 690
245 412 1105 1 529 1039
246 112 1186 1 235 1109
247 425 662 1 550 597
248 39 1208 1 168 1123
249 383 1192 1 500 1126
250 243 1051 1 363 983
251 536 715 1 658 649
252 417 496 1 545 437
253 438 718 1 562 652
254 292 157 1 421 95
255 548 742 1 670 676
256 374 988 1 494 925
257 317 1067 1 437 1001
258 279 1220 1 398 1146
259 173 578 1 300 515
260 511 760 1 634 696
261 340 38 1 474 -20
262 28 211 1 160 151
263 393 1196 1 508 1128
264 429 405 1 557 344
265 116 914 1 245 843
266 478 228 1 608 167
267 127 809 1 255 741
268 34 820 1 166 751
269 336 997 1 456 933
270 48 34 1 180 -26
271 117 769 1 250 699
272 61 183 1 193 125
273 356 222 1 485 161
274 464 752 1 588 686
275 137 647 1 266 583
276 162 653 1 290 589
277 451 813 1 573 747
278 82 919 1 211 846
279 138 1243 1 263 1160
280 435 1243 1 551 1171
281 148 287 1 276 225
282 325 315 1 453 253
283 387 1069 1 505 1005
284 292 382 1 420 321
285 79 762 1 212 692
286 595 728 1 716 663
287 107 959 1 235 885
288 336 959 1 457 887
289 139 842 1 267 772
290 351 1123 1 469 1057
291 541 887 1 660 820
292 267 1057 1 387 988
293 497 864 1 617 798
294 182 403 1 311 343
295 575 696 1 696 632
296 149 1104 1 272 1030
297 303 1186 1 422 1112
298 175 622 1 303 560
299 417 1009 1 537 943
300 274 872 1 400 800
301 297 1240 1 415 1165
302 138 1034 1 264 959
303 183 565 1 311 503
304 122 1225 1 246 1144
305 288 1035 1 407 969
306 573 746 1 693 681
307 110 787 1 236 722
308 414 655 1 541 590
309 387 136 1 516 74
310 154 837 1 286 764
311 515 751 1 637 686
312 491 624 1 617 564
313 351 1074 1 470 1009
314 132 1045 1 259 968
315 57 316 1 188 258
316 310 1131 1 429 1063
317 293 342 1 422 281
318 504 889 1 625 824
319 508 798 1 631 735
320 603 762 1 724 698
321 266 1034 1 386 966
322 418 832 1 541 765
323 142 867 1 270 797
324 75 838 1 204 769
325 183 644 1 309 581
326 553 721 1 674 656
327 450 291 1 580 229
328 225 542 1 352 480
329 197 430 1 325 370
330 524 723 1 646 657
331 139 297 1 269 238
332 83 1036 1 212 959
333 291 1081 1 412 1014
334 187 390 1 315 330
335 408 907 1 529 839
336 420 151 1 552 87
337 274 1130 1 393 1059
338 170 845 1 299 772
339 289 129 1 420 67
340 489 765 1 611 701
341 215 547 1 342 486
342 399 1108 1 518 1044
343 53 60 1 186 1
344 369 497 1 497 437
345 306 889 1 429 822
346 216 1235 1 336 1157
347 92 998 1 221 924
348 249 596 1 374 534
349 146 950 1 272 878
350 474 686 1 598 622
351 450 823 1 572 757
352 51 129 1 183 70
353 178 665 1 304 602
354 275 227 1 405 166
355 107 908 1 235 837
356 505 914 1 624 849
357 79 850 1 208 780
358 403 474 1 530 414
359 96 782 1 230 711
360 245 613 1 370 552
361 366 752 1 491 686
362 586 762 1 707 698
363 586 967 1 704 898
364 480 857 1 603 792
365 136 613 1 266 550
366 343 1029 1 463 965
367 411 361 1 540 300
368 131 1166 1 257 1087
369 76 751 1 209 681
370 291 1019 1 411 954
371 372 1040 1 491 976
372 73 887 1 202 815
373 200 591 1 328 528
374 222 331 1 351 271
375 620 695 1 741 632
376 146 993 1 269 926
377 167 593 1 295 530
378 427 728 1 551 662
379 137 882 1 264 812
380 553 658 1 675 593
381 101 1165 1 225 1089
382 189 50 1 324 -8
383 288 225 1 417 163
384 134 630 1 262 566
385 185 1118 1 307 1044
386 258 1198 1 377 1123
387 438 311 1 568 250
388 319 257 1 448 196
389 45 413 1 175 352
390 250 429 1 378 369
391 392 203 1 522 140
392 71 1060 1 200 981
393 571 686 1 693 622
394 168 692 1 296 627
395 365 64 1 498 5
396 95 866 1 224 797
397 499 765 1 622 701
398 468 598 1 594 538
399 45 308 1 176 249
400 457 1025 1 577 958
401 577 668 1 700 605
402 172 1166 1 295 1089
403 397 1227 1 514 1158
404 283 361 1 411 301
405 423 990 1 543 922
406 561 741 1 683 676
407 201 679 1 328 615
408 335 1219 1 452 1150
409 421 863 1 542 795
410 271 592 1 400 528
411 99 400 1 228 339
412 428 435 1 556 375
413 81 1220 1 205 1139
414 519 1108 1 633 1041
415 447 589 1 573 529
416 442 275 1 572 213
417 88 344 1 218 285
418 431 1032 1 549 964
419 113 1244 1 238 1160
420 163 557 1 292 495
421 591 658 1 714 594
422 471 1089 1 587 1021
423 374 747 1 498 681
424 96 807 1 225 739
425 381 395 1 509 335
426 439 227 1 570 165
427 134 750 1 266 680
428 605 843 1 725 778
429 582 644 1 705 581
430 329 938 1 453 866
431 364 581 1 490 521
432 171 609 1 296 547
433 532 749 1 653 685
434 76 414 1 206 354
435 293 502 1 420 441
436 489 972 1 608 906
437 436 1135 1 553 1065
438 358 846 1 481 778
439 283 346 1 411 285
440 380 103 1 510 39
441 455 853 1 577 787
442 459 1104 1 576 1039
443 275 1253 1 393 1177
444 481 593 1 608 533
445 522 467 1 651 405
446 321 1106 1 441 1039
447 168 315 1 297 255
448 350 860 1 473 791
449 271 484 1 398 425
450 116 904 1 243 834
451 374 974 1 495 903
452 131 936 1 258 864
453 133 763 1 265 693
454 494 26 1 628 -35
455 334 1253 1 450 1183
456 248 1219 1 368 1145
457 99 665 1 230 601
458 272 509 1 399 449
459 475 785 1 596 720
460 71 1209 1 198 1128
461 420 751 1 543 685
462 267 929 1 389 863
463 612 995 1 727 925
464 349 118 1 479 55
465 80 1068 1 208 990
466 365 205 1 495 143
467 125 364 1 254 303
468 470 1112 1 587 1038
469 118 437 1 247 377
470 80 705 1 211 640
471 101 1017 1 228 943
472 90 857 1 220 787
473 595 706 1 717 642
474 233 1077 1 355 1005
475 158 1126 1 281 1051
476 86 695 1 218 629
477 427 395 1 556 334
478 146 772 1 277 702
479 466 447 1 595 388
480 276 893 1 400 825
481 313 329 1 442 268
482 239 863 1 366 791
483 521 667 1 644 603
484 210 1059 1 332 989
485 118 751 1 251 681
486 390 420 1 518 359
487 350 1248 1 466 1179
488 154 902 1 278 835
489 182 418 1 311 358
490 358 1135 1 475 1068
491 43 252 1 174 194
492 173 1148 1 296 1072
493 451 778 1 574 713
494 208 689 1 336 624
495 128 773 1 260 702
496 93 792 1 222 724
497 388 314 1 518 252
498 399 1069 1 517 1005
499 271 1069 1 392 1001
500 418 956 1 539 887
501 173 282 1 303 222
502 289 1218 1 408 1143
503 394 250 1 522 188
504 208 636 1 334 575
505 505 927 1 625 863
506 323 1076 1 442 1010
507 285 932 1 408 868
508 141 807 1 272 737
509 282 504 1 409 444
510 224 526 1 352 465
511 387 865 1 510 797
512 545 43 1 678 -19
513 415 734 1 539 665
514 136 381 1 265 321
515 537 727 1 659 661
516 424 944 1 545 874
517 612 931 1 729 864
518 198 446 1 325 385
519 43 1245 1 171 1160
520 259 890 1 384 822
521 382 550 1 510 491
522 350 145 1 479 82
523 478 1013 1 597 946
524 307 1114 1 426 1047
525 40 237 1 171 179
526 172 1176 1 295 1098
527 408 843 1 531 775
528 97 897 1 226 827
529 453 609 1 580 549
530 142 657 1 270 593
531 512 741 1 633 675
532 158 1147 1 281 1070
533 121 449 1 250 388
534 106 818 1 238 748
535 242 524 1 369 463
536 435 975 1 554 908
537 344 904 1 467 834
538 345 271 1 474 209
539 71 59 1 203 0
540 407 104 1 538 39
541 399 550 1 525 490
542 115 657 1 245 593
543 148 610 1 278 547
544 179 690 1 307 625
545 234 568 1 361 506
546 133 397 1 262 337
547 476 672 1 600 607
548 93 884 1 223 813
549 325 1015 1 444 950
550 341 947 1 464 875
551 228 387 1 356 327
552 69 374 1 199 315
553 388 507 1 515 447
554 225 898 1 350 827
555 258 481 1 385 421
556 607 685 1 728 621
557 98 764 1 231 694
558 94 370 1 224 310
559 310 318 1 439 257
560 443 728 1 567 661
561 307 290 1 435 230
562 457 1157 1 572 1087
563 265 1239 1 384 1165
564 87 1046 1 214 968
565 299 129 1 429 66
566 410 252 1 540 190
567 457 863 1 579 797
568 73 403 1 204 343
569 153 658 1 283 594
570 69 382 1 199 321
571 320 860 1 444 789
572 178 373 1 306 313
573 350 583 1 476 521
574 453 1073 1 571 1004
575 267 837 1 394 767
576 316 1048 1 435 983
577 477 665 1 601 601
578 260 1069 1 380 1002
579 273 909 1 396 842
580 67 46 1 199 -13
581 398 734 1 523 666
582 141 930 1 268 858
