0 454 510 1 531 455
1 317 82 1 397 27
2 303 79 1 384 24
3 532 87 1 611 26
4 186 985 1 267 919
5 136 710 1 222 647
6 500 114 1 579 54
7 497 447 1 576 391
8 519 607 1 597 549
9 532 620 1 610 561
10 418 683 1 499 616
11 341 38 1 422 -17
12 512 315 1 590 257
13 396 1244 1 470 1180
14 418 715 1 498 648
15 506 426 1 585 368
16 444 703 1 523 639
17 519 203 1 598 144
18 453 495 1 532 440
19 506 281 1 584 223
20 518 326 1 597 268
21 560 716 1 635 649
22 225 1213 1 306 1142
23 519 214 1 598 155
24 562 667 1 637 601
25 540 195 1 619 136
26 328 68 1 408 13
27 526 98 1 606 38
28 158 857 1 241 793
29 356 231 1 433 174
30 354 117 1 432 57
31 213 285 1 291 230
32 435 310 1 513 253
33 123 918 1 208 853
34 203 924 1 285 861
35 537 238 1 615 180
36 634 708 1 709 642
37 683 714 1 757 646
38 328 37 1 409 -17
39 361 934 1 440 865
40 208 265 1 285 210
41 322 836 1 403 769
42 161 1185 1 244 1117
43 156 931 1 239 865
44 466 68 1 545 7
45 492 1017 1 567 951
46 490 959 1 565 894
47 503 613 1 579 552
48 211 877 1 292 814
49 144 993 1 228 926
50 168 1235 1 249 1164
51 165 985 1 247 918
52 469 708 1 548 645
53 488 679 1 566 615
54 43 206 1 120 153
55 348 61 1 428 6
56 161 921 1 242 856
57 615 710 1 689 643
58 472 659 1 551 594
59 526 315 1 604 257
60 527 184 1 606 125
61 59 52 1 146 1
62 343 311 1 421 255
63 520 421 1 599 364
64 346 297 1 424 241
65 633 719 1 708 652
66 457 468 1 535 411
67 263 1016 1 343 954
68 48 113 1 129 60
69 619 667 1 694 602
70 378 843 1 457 775
71 102 1157 1 187 1087
72 175 859 1 256 796
73 576 677 1 653 611
74 375 59 1 456 4
75 429 1207 1 505 1144
76 161 1109 1 241 1041
77 463 221 1 540 165
78 431 740 1 511 675
79 131 1110 1 215 1042
80 182 954 1 263 890
81 352 1022 1 429 962
82 164 846 1 246 783
83 128 938 1 213 872
84 527 74 1 607 14
85 541 918 1 617 854
86 175 1038 1 254 973
87 503 1087 1 580 1019
88 468 972 1 545 907
89 479 1110 1 554 1043
90 360 203 1 437 146
91 522 625 1 598 565
92 195 964 1 276 900
93 223 403 1 301 347
94 395 35 1 475 -20
95 452 960 1 529 892
96 519 1131 1 594 1058
97 160 1122 1 241 1055
98 92 842 1 176 780
99 354 216 1 432 158
100 298 570 1 375 513
101 488 1107 1 563 1039
102 189 1199 1 270 1128
103 630 656 1 705 591
104 176 1211 1 259 1141
105 179 967 1 261 901
106 509 581 1 586 522
107 516 971 1 592 909
108 459 1009 1 538 942
109 88 1036 1 181 955
110 409 76 1 487 16
111 476 117 1 555 57
112 473 681 1 551 617
113 620 719 1 694 652
114 114 1177 1 197 1107
115 160 1253 1 240 1182
116 493 434 1 572 377
117 379 1246 1 454 1182
118 106 278 1 185 223
119 504 560 1 581 501
120 575 706 1 652 639
121 172 1016 1 256 948
122 518 80 1 598 20
123 381 46 1 462 -8
124 499 679 1 577 616
125 486 669 1 566 603
126 114 1192 1 197 1123
127 340 862 1 421 793
128 346 1006 1 423 946
129 438 684 1 518 620
130 89 36 1 167 -20
131 153 1241 1 237 1167
132 522 175 1 601 116
133 579 201 1 657 143
134 154 198 1 232 142
135 479 864 1 555 798
136 199 285 1 276 229
137 407 264 1 484 207
138 617 729 1 692 663
139 507 416 1 586 358
140 514 192 1 593 133
141 504 296 1 582 238
142 355 136 1 433 78
143 222 618 1 300 560
144 279 569 1 357 513
145 585 664 1 662 599
146 168 1220 1 250 1150
147 106 136 1 183 79
148 445 1249 1 520 1178
149 78 192 1 156 135
150 214 1153 1 294 1085
151 617 656 1 692 591
152 564 916 1 641 852
153 250 630 1 327 576
154 504 214 1 583 155
155 117 202 1 194 145
156 89 875 1 174 810
157 219 543 1 298 487
158 129 947 1 213 881
159 148 928 1 231 863
160 282 599 1 361 543
161 139 104 1 217 47
162 558 874 1 635 808
163 195 1219 1 276 1151
164 233 607 1 312 551
165 465 53 1 544 -6
166 149 817 1 231 755
167 146 983 1 228 916
168 455 854 1 533 788
169 575 695 1 651 629
170 87 911 1 172 844
171 406 525 1 484 469
172 59 112 1 139 58
173 364 285 1 441 228
174 274 533 1 352 477
175 146 161 1 225 103
176 339 374 1 417 319
177 691 740 1 764 672
178 161 251 1 239 195
179 496 88 1 575 28
180 239 595 1 318 539
181 543 839 1 620 774
182 489 970 1 566 906
183 344 117 1 421 59
184 307 511 1 384 455
185 361 1035 1 437 974
186 480 1123 1 557 1056
187 162 1210 1 245 1140
188 474 599 1 551 538
189 161 1019 1 243 955
190 88 1121 1 176 1049
191 176 978 1 258 913
192 83 1193 1 166 1126
193 37 762 1 130 696
194 583 750 1 659 683
195 364 184 1 441 128
196 406 182 1 484 124
197 534 905 1 610 838
198 386 902 1 466 835
199 302 38 1 384 -16
200 420 197 1 497 138
201 376 312 1 454 256
202 176 886 1 258 823
203 99 752 1 181 694
204 576 242 1 654 184
205 649 720 1 723 653
206 249 561 1 328 504
207 124 841 1 208 778
208 235 314 1 314 260
209 347 335 1 425 279
210 205 990 1 284 928
211 142 130 1 220 73
212 296 579 1 374 523
213 387 308 1 465 251
214 436 326 1 513 269
215 144 969 1 226 903
216 537 184 1 616 126
217 430 497 1 507 442
218 659 750 1 734 683
219 436 673 1 515 609
220 95 278 1 174 222
221 330 298 1 408 241
222 339 50 1 420 -5
223 190 1145 1 270 1076
224 101 1124 1 186 1054
225 124 1193 1 207 1125
226 79 862 1 165 798
227 173 319 1 251 264
228 366 214 1 444 158
229 556 861 1 632 796
230 217 638 1 298 579
231 379 1103 1 456 1042
232 260 856 1 343 787
233 146 875 1 229 810
234 232 581 1 310 525
235 546 894 1 622 832
236 134 843 1 216 782
237 64 42 1 150 -8
238 138 776 1 219 718
239 603 694 1 678 628
240 186 944 1 268 880
241 188 832 1 268 770
242 130 1221 1 214 1149
243 350 90 1 429 32
244 129 1161 1 211 1091
245 602 755 1 677 689
246 411 699 1 489 637
247 209 1246 1 290 1174
248 124 410 1 203 354
249 198 662 1 277 603
250 339 874 1 419 805
251 450 1012 1 526 949
252 418 645 1 498 581
253 450 1239 1 524 1169
254 125 254 1 203 197
255 139 894 1 222 831
256 158 657 1 239 598
257 64 1217 1 149 1147
258 488 573 1 566 516
259 373 1203 1 450 1141
260 82 1177 1 167 1106
261 528 324 1 606 266
262 148 1160 1 231 1088
263 587 689 1 663 622
264 135 745 1 220 679
265 633 739 1 708 671
266 380 915 1 460 847
267 384 854 1 462 787
268 618 756 1 692 689
269 462 956 1 538 888
270 455 1098 1 531 1034
271 208 1236 1 289 1165
272 67 166 1 145 112
273 359 1203 1 434 1135
274 427 651 1 507 585
275 137 810 1 220 749
276 171 1026 1 253 959
277 426 1178 1 502 1116
278 357 868 1 436 800
279 589 715 1 664 649
280 469 480 1 547 424
281 343 135 1 421 77
282 601 742 1 676 675
283 362 1053 1 439 992
284 532 846 1 608 781
285 343 216 1 421 159
286 164 544 1 245 487
287 219 561 1 298 505
288 170 995 1 253 926
289 435 1184 1 510 1120
290 481 388 1 560 331
291 124 1016 1 208 947
292 159 903 1 241 839
293 532 207 1 612 148
294 128 798 1 212 736
295 77 807 1 161 745
296 381 983 1 457 924
297 31 774 1 122 707
298 256 1226 1 336 1155
299 155 892 1 239 829
300 157 761 1 242 697
301 112 1130 1 195 1062
302 111 163 1 189 109
303 408 201 1 486 144
304 513 751 1 590 685
305 181 631 1 263 574
306 499 810 1 575 745
307 110 1243 1 193 1171
308 123 908 1 207 843
309 186 680 1 267 620
310 197 268 1 274 210
311 173 925 1 254 861
312 155 774 1 235 714
313 376 296 1 454 239
314 431 1057 1 507 997
315 342 364 1 420 308
316 118 753 1 204 689
317 650 730 1 725 663
318 111 918 1 196 852
319 295 486 1 373 431
320 378 958 1 457 889
321 177 872 1 261 808
322 395 1110 1 471 1048
323 590 889 1 665 822
324 311 1041 1 388 980
325 545 862 1 621 797
326 232 386 1 310 330
327 136 909 1 219 845
328 489 556 1 568 500
329 175 677 1 255 618
330 647 743 1 722 676
331 316 870 1 397 801
332 231 549 1 310 493
333 127 1063 1 209 997
334 205 859 1 287 796
335 339 1041 1 417 981
336 463 651 1 541 586
337 439 114 1 517 55
338 340 77 1 422 23
339 136 1137 1 219 1070
340 415 1014 1 490 951
341 543 613 1 620 554
342 395 1060 1 472 1000
343 336 1057 1 414 996
344 106 297 1 185 244
345 353 1116 1 430 1054
346 345 324 1 422 267
347 552 887 1 629 822
348 558 796 1 634 732
349 226 1184 1 307 1115
350 657 763 1 732 697
351 310 1019 1 387 958
352 98 1147 1 184 1077
353 464 830 1 542 765
354 71 1203 1 155 1134
355 228 629 1 308 572
356 135 57 1 217 3
357 606 722 1 681 655
358 504 271 1 582 213
359 247 413 1 324 358
360 575 724 1 651 657
361 188 277 1 266 223
362 124 1026 1 208 958
363 335 1066 1 413 1006
364 122 1232 1 205 1161
365 236 372 1 314 316
366 453 906 1 530 839
367 474 128 1 553 68
368 616 743 1 690 676
369 341 107 1 419 49
370 538 762 1 614 698
371 511 1011 1 587 945
372 557 785 1 634 721
373 591 653 1 667 587
374 54 751 1 148 682
375 392 1234 1 467 1170
376 420 480 1 498 424
377 350 880 1 429 818
378 615 440 1 692 379
379 524 682 1 601 618
380 497 821 1 574 755
381 100 108 1 179 52
382 104 884 1 189 820
383 47 854 1 131 792
384 131 976 1 213 909
385 191 580 1 271 523
386 327 206 1 404 149
387 629 697 1 704 630
388 552 911 1 628 847
389 491 1246 1 564 1177
390 455 458 1 532 401
391 196 711 1 279 651
392 292 597 1 370 541
393 412 747 1 491 683
394 639 763 1 715 697
395 636 975 1 711 904
396 528 856 1 606 791
397 388 1015 1 464 956
398 463 343 1 542 285
399 336 1004 1 413 945
400 417 1026 1 493 967
401 113 875 1 197 811
402 272 312 1 350 257
403 677 697 1 751 631
404 180 822 1 258 764
405 475 728 1 553 661
406 213 648 1 293 590
407 607 656 1 682 590
408 142 1150 1 225 1083
409 339 204 1 417 147
410 227 1104 1 307 1039
411 298 1186 1 377 1119
412 492 292 1 570 234
413 371 237 1 449 180
414 94 395 1 173 340
415 300 411 1 378 356
416 445 183 1 523 124
417 111 1049 1 196 980
418 626 686 1 701 620
419 295 1126 1 373 1063
420 340 848 1 422 782
421 137 855 1 220 792
422 145 1062 1 229 993
423 519 586 1 597 528
424 94 289 1 174 234
425 63 1193 1 148 1124
426 209 541 1 289 484
427 502 1022 1 579 957
428 633 667 1 707 602
429 393 1004 1 470 941
430 439 1216 1 516 1151
431 333 343 1 411 287
432 468 986 1 544 921
433 142 1018 1 224 954
434 466 861 1 544 795
435 316 580 1 397 520
436 148 382 1 226 326
437 480 418 1 558 362
438 121 1204 1 204 1135
439 563 1106 1 637 1040
440 498 577 1 576 519
441 496 255 1 575 197
442 137 325 1 215 271
443 475 1028 1 551 962
444 368 867 1 449 800
445 207 672 1 286 608
446 647 656 1 722 591
447 515 1086 1 590 1020
448 291 1019 1 369 957
449 433 377 1 510 321
450 493 206 1 572 147
451 173 742 1 258 677
452 658 848 1 733 780
453 638 642 1 713 577
454 371 935 1 452 867
455 414 566 1 492 510
456 216 592 1 295 536
457 114 862 1 198 799
458 125 396 1 204 341
459 343 485 1 421 429
460 535 969 1 611 905
461 479 1131 1 555 1064
462 401 844 1 481 777
463 334 327 1 411 271
464 261 991 1 339 930
465 433 81 1 511 20
466 502 852 1 580 786
467 503 1098 1 579 1035
468 57 166 1 135 113
469 532 581 1 611 523
470 577 453 1 655 393
471 366 1092 1 442 1031
472 217 296 1 295 241
473 394 857 1 473 791
474 323 467 1 399 412
475 419 972 1 496 904
476 127 1093 1 210 1024
477 77 1214 1 160 1144
478 173 755 1 258 690
479 325 988 1 402 928
480 202 597 1 282 540
481 136 1244 1 219 1170
482 143 651 1 226 593
483 175 718 1 256 657
484 449 558 1 526 502
485 467 750 1 544 684
486 313 915 1 390 855
487 186 917 1 267 852
488 662 1005 1 734 932
489 320 1209 1 398 1142
490 401 95 1 479 36
491 165 799 1 247 739
492 195 1103 1 278 1033
493 418 185 1 496 126
494 175 345 1 252 290
495 513 1118 1 590 1044
496 167 420 1 246 364
497 514 741 1 591 674
498 336 988 1 413 929
499 83 762 1 176 694
500 651 708 1 725 641
501 129 682 1 212 622
502 479 378 1 558 321
503 185 765 1 270 699
504 519 432 1 597 375
505 320 883 1 399 820
506 365 310 1 442 253
507 211 612 1 290 554
508 280 860 1 362 791
509 573 666 1 650 600
510 56 65 1 138 13
511 157 743 1 243 678
512 442 402 1 519 346
513 149 1008 1 231 944
514 232 400 1 310 345
515 243 585 1 322 529
516 401 1121 1 477 1060
517 92 233 1 171 179
518 98 911 1 182 846
519 498 774 1 576 710
520 273 509 1 351 453
521 591 922 1 665 854
522 441 295 1 519 237
523 444 1056 1 519 997
524 316 1054 1 393 993
525 148 1138 1 230 1070
526 222 263 1 301 207
527 331 1207 1 409 1139
528 446 230 1 524 172
529 257 620 1 334 564
530 552 925 1 628 861
531 367 1061 1 444 1001
532 331 919 1 408 860
533 180 801 1 265 735
534 333 487 1 410 432
535 432 862 1 511 797
536 236 1148 1 316 1080
537 185 363 1 263 307
538 590 728 1 665 660
539 469 944 1 546 876
540 663 939 1 737 868
541 247 428 1 325 373
542 434 535 1 511 480
543 450 864 1 528 798
544 402 122 1 480 63
545 523 1010 1 600 945
546 351 1100 1 427 1038
547 89 217 1 167 163
548 455 841 1 532 775
549 504 597 1 582 539
550 187 641 1 267 584
551 563 743 1 638 675
552 260 552 1 337 496
553 170 431 1 249 376
554 305 1247 1 382 1181
555 291 506 1 369 451
556 129 1150 1 211 1081
557 174 1185 1 255 1117
558 397 251 1 474 194
559 154 1149 1 236 1080
560 542 82 1 621 22
561 461 81 1 540 20
562 450 534 1 527 478
563 134 997 1 218 931
564 352 1190 1 429 1123
565 404 969 1 482 899
566 183 379 1 261 323
567 527 668 1 603 604
568 188 663 1 269 604
569 370 1000 1 446 941
570 384 946 1 463 877
571 278 369 1 356 314
572 118 356 1 196 301
573 560 232 1 639 174
574 308 464 1 385 409
575 663 685 1 738 619
576 269 498 1 347 442
577 137 756 1 223 691
578 144 352 1 222 296
579 361 299 1 439 243
580 491 728 1 569 661
581 359 271 1 435 214
582 262 562 1 340 507
583 499 1154 1 575 1086
584 126 1035 1 211 966
585 351 106 1 429 47
586 462 232 1 541 174
587 504 862 1 581 796
588 123 384 1 202 330
589 616 35 1 696 -22
590 362 858 1 442 790
591 227 355 1 305 300
592 397 572 1 476 512
593 497 1069 1 573 1003
594 310 832 1 391 766
595 232 1245 1 312 1173
596 527 663 1 604 597
597 304 1054 1 381 993
598 318 899 1 396 838
599 116 24 1 195 -32
600 445 732 1 523 666
601 180 695 1 260 637
