0 453 487 1 531 451
1 314 53 1 396 20
2 246 1229 1 326 1181
3 300 50 1 382 17
4 532 59 1 612 20
5 256 1251 1 335 1200
6 500 87 1 580 48
7 497 425 1 576 387
8 518 586 1 597 546
9 531 598 1 611 559
10 416 665 1 498 616
11 132 692 1 220 646
12 512 291 1 591 252
13 394 1219 1 471 1177
14 416 698 1 498 649
15 397 1228 1 474 1186
16 506 403 1 586 365
17 327 40 1 407 6
18 443 684 1 523 638
19 520 177 1 599 139
20 453 472 1 532 436
21 506 256 1 585 218
22 518 302 1 597 263
23 560 699 1 637 650
24 224 1191 1 306 1142
25 519 188 1 599 149
26 563 650 1 639 602
27 541 169 1 620 131
28 527 71 1 607 32
29 354 206 1 433 169
30 210 260 1 290 225
31 434 285 1 513 249
32 120 898 1 206 853
33 202 904 1 284 860
34 537 213 1 616 174
35 635 692 1 711 643
36 183 965 1 266 918
37 446 1177 1 522 1128
38 358 916 1 440 866
39 205 240 1 285 205
40 319 818 1 402 770
41 265 1238 1 346 1189
42 154 911 1 238 865
43 466 40 1 546 1
44 490 997 1 568 951
45 487 940 1 566 893
46 502 593 1 580 551
47 208 857 1 291 813
48 142 974 1 227 925
49 166 1213 1 249 1163
50 162 965 1 246 917
51 468 690 1 548 645
52 30 747 1 125 697
53 38 181 1 119 148
54 346 32 1 428 -1
55 157 901 1 241 855
56 616 693 1 692 644
57 472 641 1 551 594
58 526 290 1 605 252
59 527 159 1 607 120
60 172 1016 1 254 971
61 342 287 1 421 251
62 520 398 1 599 360
63 344 272 1 424 236
64 634 702 1 710 653
65 456 444 1 535 407
66 399 1246 1 476 1205
67 284 565 1 364 529
68 42 86 1 126 54
69 620 649 1 696 602
70 375 826 1 457 776
71 100 1136 1 186 1086
72 172 839 1 255 795
73 577 659 1 654 612
74 373 30 1 455 -3
75 428 1184 1 506 1142
76 463 196 1 541 160
77 130 1089 1 215 1041
78 685 698 1 760 647
79 351 999 1 430 959
80 161 825 1 245 782
81 125 919 1 211 872
82 528 46 1 608 7
83 540 898 1 618 854
84 502 1067 1 580 1019
85 380 1251 1 456 1209
86 477 1090 1 555 1043
87 359 178 1 437 141
88 520 603 1 599 563
89 192 944 1 275 899
90 220 380 1 301 343
91 451 942 1 529 893
92 52 1000 1 140 951
93 158 947 1 241 905
94 518 1114 1 595 1060
95 158 1100 1 241 1054
96 89 822 1 174 779
97 352 190 1 432 154
98 296 547 1 375 510
99 486 1087 1 564 1039
100 188 1177 1 269 1128
101 156 837 1 240 792
102 632 639 1 708 591
103 148 755 1 232 716
104 180 931 1 263 889
105 508 559 1 587 520
106 515 950 1 593 908
107 457 989 1 539 942
108 408 48 1 487 10
109 476 90 1 555 51
110 472 662 1 551 617
111 66 1183 1 151 1132
112 620 702 1 696 653
113 493 410 1 572 373
114 377 1221 1 454 1179
115 103 254 1 184 219
116 503 538 1 582 498
117 576 688 1 653 640
118 170 997 1 255 948
119 519 52 1 599 13
120 498 660 1 578 616
121 485 651 1 566 604
122 113 1171 1 197 1122
123 337 844 1 420 795
124 345 983 1 424 943
125 113 941 1 199 894
126 437 665 1 518 620
127 153 1219 1 236 1167
128 522 150 1 602 111
129 580 175 1 658 138
130 150 173 1 231 137
131 477 846 1 556 798
132 196 260 1 275 225
133 87 1103 1 174 1049
134 405 239 1 484 203
135 618 712 1 694 664
136 507 392 1 587 354
137 53 719 1 148 668
138 515 166 1 594 127
139 504 272 1 583 234
140 48 35 1 135 6
141 354 110 1 433 72
142 219 595 1 300 557
143 277 547 1 357 510
144 586 647 1 664 600
145 135 1241 1 218 1192
146 101 109 1 182 74
147 443 1227 1 520 1178
148 74 166 1 155 130
149 475 937 1 554 891
150 619 639 1 694 591
151 153 1115 1 237 1068
152 563 896 1 642 852
153 99 1105 1 185 1054
154 505 188 1 584 150
155 488 662 1 567 615
156 113 176 1 193 140
157 86 855 1 172 810
158 160 1163 1 244 1115
159 216 520 1 297 484
160 127 928 1 212 881
161 163 750 1 249 703
162 280 577 1 361 540
163 353 89 1 432 52
164 135 77 1 216 42
165 558 856 1 636 809
166 465 25 1 544 -13
167 159 1232 1 240 1181
168 454 836 1 533 789
169 575 678 1 653 630
170 83 891 1 170 844
171 405 502 1 484 465
172 54 84 1 137 52
173 362 260 1 441 223
174 272 511 1 352 474
175 143 134 1 224 98
176 337 350 1 417 315
177 159 227 1 239 190
178 52 24 1 142 -5
179 496 60 1 576 21
180 543 821 1 621 775
181 168 1005 1 252 958
182 342 91 1 421 53
183 460 1115 1 537 1067
184 305 488 1 384 451
185 359 1012 1 437 971
186 211 1132 1 294 1084
187 478 1103 1 558 1056
188 472 578 1 551 536
189 453 1063 1 531 1016
190 69 1237 1 155 1182
191 583 732 1 660 684
192 363 159 1 441 123
193 405 157 1 485 119
194 533 887 1 611 839
195 385 885 1 466 836
196 166 890 1 251 845
197 419 171 1 498 133
198 374 288 1 454 252
199 174 866 1 257 822
200 96 732 1 180 691
201 577 217 1 656 178
202 587 746 1 664 699
203 650 703 1 726 654
204 247 539 1 328 501
205 121 820 1 207 777
206 232 290 1 313 256
207 346 311 1 425 274
208 336 24 1 419 -12
209 138 103 1 219 68
210 294 557 1 374 520
211 386 284 1 465 247
212 435 302 1 514 265
213 140 948 1 225 902
214 537 159 1 617 120
215 429 474 1 508 439
216 660 733 1 736 684
217 434 655 1 515 609
218 91 254 1 173 218
219 328 273 1 408 237
220 188 1123 1 270 1075
221 52 1169 1 137 1121
222 171 295 1 251 260
223 364 189 1 444 153
224 555 843 1 633 797
225 214 616 1 297 577
226 378 1080 1 456 1039
227 79 1234 1 164 1183
228 257 838 1 341 788
229 143 855 1 228 809
230 157 1087 1 241 1040
231 545 875 1 623 832
232 206 1243 1 289 1192
233 134 757 1 218 716
234 604 677 1 680 629
235 145 796 1 230 754
236 109 795 1 194 753
237 130 1199 1 214 1148
238 348 62 1 428 26
239 132 26 1 215 -2
240 602 737 1 679 689
241 208 1224 1 290 1173
242 121 386 1 202 350
243 195 640 1 276 600
244 336 857 1 419 806
245 448 992 1 527 948
246 416 626 1 498 581
247 448 1217 1 524 1168
248 122 229 1 202 193
249 136 874 1 220 830
250 64 1196 1 149 1145
251 487 552 1 566 513
252 373 1179 1 451 1138
253 81 1155 1 167 1105
254 109 899 1 194 852
255 528 300 1 607 261
256 147 1138 1 230 1088
257 588 671 1 665 623
258 130 726 1 218 679
259 216 1233 1 297 1183
260 635 723 1 710 672
261 378 897 1 460 848
262 382 836 1 461 787
263 618 739 1 694 689
264 460 938 1 539 889
265 453 1076 1 531 1033
266 207 1214 1 289 1164
267 63 139 1 144 107
268 350 1099 1 428 1057
269 357 1181 1 435 1134
270 426 632 1 507 586
271 248 609 1 327 573
272 123 1224 1 208 1173
273 243 631 1 324 593
274 424 1154 1 503 1113
275 137 1177 1 221 1126
276 451 1133 1 528 1085
277 354 850 1 436 801
278 590 698 1 666 650
279 469 458 1 548 421
280 257 513 1 337 476
281 342 109 1 421 71
282 361 1030 1 439 990
283 531 828 1 609 781
284 341 191 1 421 154
285 160 522 1 244 484
286 216 539 1 297 502
287 167 975 1 252 926
288 216 570 1 295 533
289 433 1160 1 511 1118
290 481 364 1 560 327
291 156 884 1 240 838
292 533 182 1 613 143
293 126 778 1 211 735
294 74 787 1 160 744
295 110 856 1 196 810
296 254 1205 1 336 1154
297 154 872 1 237 828
298 153 743 1 240 697
299 107 137 1 188 104
300 407 176 1 486 139
301 512 734 1 591 686
302 179 610 1 262 572
303 546 865 1 623 817
304 498 793 1 576 746
305 108 1220 1 193 1170
306 121 889 1 206 843
307 175 1196 1 257 1146
308 195 243 1 274 206
309 375 271 1 454 234
310 429 1034 1 507 995
311 236 566 1 316 528
312 113 734 1 201 688
313 652 714 1 727 664
314 293 463 1 373 427
315 376 941 1 456 890
316 174 853 1 259 808
317 393 1087 1 472 1046
318 590 873 1 667 823
319 309 1018 1 388 978
320 544 844 1 622 798
321 229 362 1 309 326
322 127 1129 1 211 1080
323 133 890 1 218 844
324 489 534 1 569 497
325 649 727 1 724 678
326 313 851 1 396 802
327 244 1219 1 324 1170
328 329 997 1 408 957
329 125 1043 1 208 996
330 203 839 1 286 795
331 338 1018 1 418 978
332 461 632 1 542 586
333 439 87 1 517 50
334 338 49 1 420 16
335 24 757 1 117 708
336 413 993 1 491 950
337 542 592 1 621 552
338 394 1037 1 472 997
339 335 1034 1 415 993
340 103 273 1 184 239
341 172 655 1 254 616
342 343 300 1 422 263
343 558 778 1 636 732
344 431 737 1 510 690
345 309 997 1 388 956
346 98 1126 1 183 1077
347 463 812 1 542 765
348 607 705 1 683 656
349 504 247 1 583 208
350 245 389 1 324 354
351 123 1172 1 207 1123
352 576 707 1 653 658
353 185 252 1 265 218
354 121 1006 1 207 957
355 334 1043 1 414 1003
356 121 1211 1 205 1160
357 234 348 1 314 312
358 451 889 1 530 840
359 474 102 1 554 63
360 616 726 1 692 677
361 340 80 1 419 43
362 537 743 1 616 698
363 510 991 1 588 945
364 557 767 1 636 721
365 591 635 1 669 587
366 390 1209 1 467 1167
367 419 457 1 498 421
368 74 796 1 161 751
369 616 418 1 694 376
370 524 663 1 602 618
371 496 802 1 575 756
372 96 81 1 178 47
373 101 864 1 188 819
374 184 810 1 268 769
375 43 834 1 130 790
376 127 956 1 212 909
377 188 558 1 270 520
378 325 180 1 404 144
379 630 679 1 707 631
380 551 892 1 629 847
381 488 1225 1 564 1177
382 454 435 1 533 397
383 290 575 1 370 538
384 410 729 1 491 683
385 174 1164 1 257 1115
386 640 745 1 717 698
387 636 959 1 713 906
388 527 838 1 607 791
389 127 1140 1 211 1090
390 386 993 1 465 953
391 463 319 1 542 281
392 110 1181 1 194 1132
393 334 982 1 413 942
394 415 1003 1 494 964
395 270 288 1 350 253
396 679 680 1 754 631
397 178 802 1 258 762
398 474 711 1 553 662
399 130 823 1 215 780
400 210 626 1 292 588
401 608 638 1 684 591
402 77 843 1 163 797
403 338 178 1 417 142
404 226 1083 1 307 1037
405 297 1164 1 378 1118
406 491 268 1 571 230
407 370 212 1 449 175
408 91 371 1 172 336
409 299 388 1 378 352
410 445 158 1 524 119
411 109 1030 1 195 980
412 627 668 1 703 621
413 294 1103 1 373 1060
414 338 831 1 421 783
415 134 835 1 219 791
416 188 574 1 271 535
417 143 1042 1 228 993
418 519 565 1 598 525
419 91 264 1 173 230
420 63 1171 1 148 1122
421 207 519 1 289 481
422 500 1002 1 580 957
423 415 1228 1 492 1187
424 634 650 1 710 603
425 391 984 1 471 940
426 173 959 1 257 912
427 466 967 1 545 921
428 140 996 1 223 952
429 131 1209 1 214 1159
430 465 843 1 544 795
431 314 560 1 396 518
432 145 358 1 226 322
433 479 395 1 559 358
434 120 1182 1 204 1133
435 561 1086 1 638 1040
436 497 556 1 576 516
437 496 231 1 575 192
438 133 301 1 215 267
439 474 1008 1 552 962
440 203 650 1 285 611
441 195 1227 1 278 1174
442 513 1066 1 591 1020
443 290 996 1 370 955
444 432 354 1 511 317
445 493 180 1 573 142
446 169 723 1 256 677
447 659 831 1 736 781
448 639 624 1 715 577
449 530 608 1 608 568
450 369 917 1 451 868
451 412 544 1 492 506
452 111 842 1 196 798
453 194 672 1 276 631
454 550 744 1 628 699
455 342 462 1 421 425
456 534 950 1 612 905
457 477 1111 1 556 1064
458 85 1223 1 170 1171
459 400 826 1 481 778
460 332 303 1 411 266
461 259 969 1 339 928
462 433 53 1 512 14
463 501 834 1 581 787
464 501 1076 1 580 1033
465 52 140 1 134 108
466 532 560 1 612 520
467 577 431 1 657 390
468 364 1069 1 443 1028
469 215 272 1 295 236
470 392 840 1 473 791
471 321 443 1 400 408
472 315 1156 1 394 1112
473 124 1072 1 209 1023
474 168 737 1 256 690
475 323 965 1 402 926
476 199 576 1 281 538
477 134 1221 1 219 1170
478 140 630 1 225 591
479 172 697 1 255 655
480 447 536 1 527 499
481 465 732 1 545 684
482 311 893 1 390 853
483 182 897 1 266 851
484 662 989 1 737 935
485 183 955 1 267 907
486 319 1187 1 398 1141
487 400 67 1 480 30
488 194 1082 1 277 1033
489 417 159 1 496 121
490 172 321 1 252 285
491 512 1100 1 591 1047
492 165 396 1 245 361
493 513 723 1 592 675
494 233 1245 1 314 1193
495 334 965 1 413 926
496 276 1238 1 355 1190
497 653 692 1 728 642
498 251 550 1 331 512
499 125 662 1 210 621
500 479 354 1 558 317
501 181 747 1 268 700
502 518 409 1 598 371
503 363 286 1 442 249
504 208 589 1 290 552
505 277 843 1 360 793
506 574 648 1 651 601
507 153 724 1 240 678
508 441 379 1 520 342
509 177 1026 1 258 982
510 230 377 1 310 341
511 400 1098 1 478 1057
512 89 208 1 170 174
513 94 891 1 181 845
514 498 756 1 577 710
515 215 556 1 296 517
516 271 486 1 351 449
517 590 906 1 666 855
518 440 270 1 520 233
519 442 1034 1 520 994
520 315 1031 1 394 990
521 220 238 1 300 202
522 330 1184 1 409 1138
523 446 205 1 524 167
524 551 906 1 629 861
525 366 1038 1 444 998
526 329 897 1 409 857
527 176 783 1 263 736
528 331 464 1 410 428
529 430 845 1 511 797
530 235 1127 1 316 1079
531 183 339 1 262 303
532 591 711 1 667 661
533 468 926 1 547 877
534 664 923 1 740 871
535 245 405 1 325 369
536 197 609 1 278 570
537 433 512 1 512 476
538 448 846 1 528 798
539 401 95 1 480 57
540 522 990 1 601 945
541 350 1077 1 428 1036
542 85 191 1 166 158
543 453 823 1 533 775
544 503 575 1 583 536
545 563 726 1 640 676
546 258 529 1 337 493
547 168 408 1 248 372
548 303 1223 1 382 1178
549 290 484 1 369 447
550 116 1137 1 200 1088
551 281 495 1 360 459
552 396 226 1 474 189
553 152 1128 1 235 1079
554 542 54 1 622 15
555 461 53 1 540 14
556 449 511 1 528 474
557 131 977 1 217 930
558 350 1168 1 430 1122
559 401 951 1 482 900
560 180 355 1 260 319
561 526 649 1 604 604
562 185 641 1 268 602
563 382 928 1 463 878
564 276 346 1 356 310
565 115 332 1 196 297
566 561 207 1 640 168
567 307 441 1 386 405
568 665 668 1 741 620
569 267 475 1 347 439
570 133 737 1 221 691
571 141 328 1 221 292
572 360 274 1 439 238
573 490 711 1 569 662
574 357 246 1 436 210
575 255 647 1 336 609
576 260 540 1 339 504
577 498 1134 1 576 1086
578 691 723 1 767 673
579 124 1015 1 209 966
580 350 79 1 429 42
581 462 206 1 542 169
582 503 844 1 582 797
583 120 360 1 201 326
584 240 587 1 320 549
585 226 331 1 305 296
586 395 550 1 476 510
587 495 1050 1 574 1003
588 307 814 1 390 767
589 231 1222 1 312 1172
590 527 645 1 605 598
591 303 1032 1 382 990
592 316 880 1 396 836
593 443 715 1 523 667
594 177 674 1 259 634
