0 474 445 1 534 438
1 137 654 1 211 646
2 472 1247 1 549 1233
3 248 1187 1 326 1177
4 259 1209 1 335 1198
5 431 671 1 497 655
6 533 32 1 583 27
7 521 382 1 579 374
8 539 549 1 601 538
9 552 562 1 614 551
10 432 637 1 498 620
11 539 245 1 594 237
12 398 1174 1 473 1167
13 334 444 1 395 441
14 401 1183 1 477 1176
15 531 360 1 588 351
16 459 653 1 524 639
17 551 127 1 603 120
18 564 566 1 626 555
19 475 429 1 534 422
20 534 209 1 588 202
21 137 1047 1 213 1039
22 159 872 1 234 864
23 302 521 1 364 518
24 546 256 1 601 248
25 582 677 1 643 656
26 569 114 1 622 108
27 549 139 1 602 132
28 169 1046 1 245 1038
29 202 1140 1 279 1130
30 586 624 1 645 605
31 457 1247 1 535 1233
32 380 155 1 433 153
33 314 503 1 375 500
34 232 208 1 288 210
35 460 238 1 515 233
36 217 830 1 290 821
37 568 163 1 620 156
38 123 878 1 197 870
39 661 672 1 722 649
40 459 958 1 530 947
41 450 1144 1 524 1130
42 367 888 1 439 871
43 227 188 1 283 190
44 328 788 1 399 774
45 229 1111 1 306 1100
46 499 968 1 571 952
47 522 559 1 583 546
48 217 819 1 289 811
49 180 798 1 251 792
50 87 1042 1 163 1035
51 485 660 1 550 645
52 170 1170 1 248 1160
53 57 123 1 115 132
54 129 858 1 202 851
55 433 1142 1 508 1134
56 490 613 1 553 597
57 554 245 1 608 237
58 558 108 1 610 101
59 545 356 1 603 347
60 368 222 1 425 221
61 659 682 1 720 659
62 479 401 1 537 394
63 402 1200 1 478 1194
64 62 24 1 119 35
65 646 625 1 705 605
66 108 908 1 184 899
67 386 798 1 456 782
68 48 820 1 123 815
69 600 635 1 662 616
70 199 1050 1 272 1042
71 190 1147 1 266 1135
72 233 551 1 298 548
73 491 146 1 543 144
74 360 957 1 431 950
75 388 814 1 458 799
76 200 905 1 273 896
77 399 240 1 455 237
78 131 890 1 207 881
79 383 1204 1 459 1198
80 106 1093 1 184 1084
81 484 1060 1 557 1045
82 385 126 1 438 124
83 240 331 1 299 330
84 153 793 1 226 786
85 88 956 1 167 946
86 518 634 1 581 617
87 525 1094 1 599 1071
88 378 139 1 432 137
89 86 783 1 160 777
90 493 1057 1 566 1041
91 163 797 1 236 790
92 659 616 1 718 595
93 506 626 1 569 607
94 622 673 1 683 652
95 181 1255 1 260 1246
96 163 862 1 237 854
97 529 521 1 590 511
98 527 918 1 596 905
99 148 932 1 223 925
100 553 871 1 622 855
101 507 35 1 558 31
102 188 891 1 262 883
103 645 682 1 706 660
104 68 1088 1 148 1080
105 517 367 1 575 360
106 469 950 1 540 937
107 382 1176 1 457 1169
108 150 1098 1 228 1088
109 45 1188 1 126 1179
110 122 200 1 180 204
111 525 499 1 585 489
112 598 666 1 661 645
113 428 808 1 497 791
114 118 1125 1 196 1118
115 346 816 1 418 801
116 355 941 1 426 934
117 453 635 1 518 621
118 191 1137 1 268 1126
119 554 98 1 605 92
120 614 124 1 664 118
121 117 823 1 191 815
122 172 117 1 228 121
123 189 919 1 263 908
124 491 820 1 558 803
125 217 208 1 274 210
126 432 190 1 485 187
127 642 692 1 703 670
128 532 349 1 589 341
129 107 687 1 184 678
130 546 116 1 597 109
131 532 226 1 586 218
132 95 800 1 168 794
133 381 55 1 433 54
134 297 534 1 360 530
135 610 622 1 671 603
136 122 50 1 178 56
137 446 1194 1 522 1179
138 94 109 1 151 113
139 570 829 1 637 811
140 645 615 1 704 595
141 577 869 1 647 852
142 135 994 1 211 987
143 307 433 1 368 431
144 534 139 1 587 132
145 307 532 1 370 528
146 134 120 1 190 124
147 250 1079 1 326 1069
148 677 683 1 737 660
149 460 1041 1 533 1030
150 112 209 1 170 215
151 510 1033 1 583 1020
152 490 633 1 554 618
153 381 33 1 432 33
154 161 1188 1 240 1177
155 154 1177 1 235 1166
156 69 681 1 146 675
157 220 1190 1 298 1180
158 458 947 1 528 935
159 466 809 1 535 793
160 598 655 1 660 635
161 425 459 1 486 453
162 387 210 1 442 208
163 165 77 1 220 81
164 360 303 1 417 301
165 68 1139 1 149 1130
166 179 173 1 236 175
167 51 791 1 125 787
168 559 795 1 625 778
169 358 1252 1 436 1237
170 479 604 1 543 588
171 370 34 1 421 34
172 466 1084 1 539 1069
173 56 1190 1 138 1179
174 368 970 1 439 963
175 181 876 1 254 869
176 173 829 1 247 821
177 485 1073 1 560 1057
178 491 542 1 553 531
179 293 504 1 356 500
180 366 239 1 421 236
181 167 713 1 241 704
182 604 708 1 667 688
183 390 106 1 442 105
184 433 105 1 486 102
185 173 852 1 247 844
186 546 862 1 615 843
187 394 857 1 465 842
188 86 814 1 160 807
189 447 120 1 499 116
190 634 1138 1 706 1114
191 78 859 1 153 852
192 610 169 1 661 161
193 607 720 1 670 702
194 129 1193 1 208 1184
195 207 595 1 274 593
196 369 263 1 425 260
197 540 568 1 602 557
198 160 45 1 215 50
199 311 513 1 374 510
200 410 235 1 466 232
201 461 255 1 515 250
202 73 24 1 130 33
203 124 1074 1 200 1065
204 115 858 1 189 851
205 118 1228 1 198 1218
206 451 430 1 510 425
207 559 848 1 627 833
208 194 543 1 260 540
209 111 200 1 169 203
210 352 224 1 407 222
211 162 1136 1 240 1128
212 176 1094 1 254 1081
213 50 778 1 125 774
214 512 975 1 583 959
215 33 737 1 106 735
216 212 511 1 276 509
217 50 1148 1 130 1140
218 190 243 1 249 245
219 391 137 1 444 137
220 571 819 1 638 801
221 544 635 1 606 619
222 385 1038 1 458 1031
223 334 434 1 395 431
224 264 808 1 336 794
225 151 1046 1 227 1040
226 152 815 1 223 808
227 210 1201 1 288 1191
228 127 1180 1 206 1171
229 348 975 1 419 969
230 628 655 1 689 634
231 155 755 1 226 750
232 118 753 1 190 748
233 152 1136 1 230 1126
234 117 904 1 194 894
235 625 715 1 687 694
236 114 1084 1 192 1073
237 139 336 1 200 337
238 345 829 1 416 812
239 287 483 1 347 481
240 432 597 1 497 583
241 451 1184 1 527 1169
242 142 174 1 199 177
243 273 601 1 337 596
244 289 1217 1 367 1208
245 508 512 1 569 503
246 198 612 1 266 607
247 103 1083 1 181 1074
248 228 1151 1 305 1140
249 556 255 1 611 247
250 73 775 1 147 770
251 612 648 1 673 627
252 135 689 1 208 681
253 659 703 1 721 680
254 508 687 1 572 668
255 258 1246 1 335 1240
256 245 1205 1 323 1193
257 83 81 1 139 90
258 133 1155 1 212 1146
259 357 1056 1 430 1049
260 361 1143 1 436 1132
261 442 602 1 507 588
262 217 577 1 283 574
263 141 1193 1 219 1186
264 247 1224 1 325 1213
265 639 671 1 701 650
266 112 662 1 184 657
267 170 873 1 243 864
268 115 1136 1 193 1128
269 279 1214 1 356 1203
270 130 780 1 202 774
271 143 887 1 218 880
272 457 1101 1 530 1086
273 324 442 1 385 439
274 613 677 1 674 656
275 491 415 1 550 408
276 275 467 1 336 465
277 92 1018 1 171 1007
278 369 54 1 421 53
279 213 1252 1 291 1242
280 370 989 1 441 981
281 547 802 1 614 784
282 367 139 1 421 137
283 174 477 1 239 476
284 133 1116 1 212 1108
285 164 1207 1 243 1198
286 80 1205 1 161 1195
287 129 1127 1 206 1119
288 449 625 1 515 610
289 438 1120 1 513 1111
290 506 319 1 563 312
291 283 463 1 346 460
292 547 622 1 610 605
293 157 1057 1 233 1049
294 451 686 1 517 672
295 662 626 1 720 606
296 96 1032 1 174 1025
297 196 599 1 264 595
298 164 917 1 240 906
299 128 79 1 184 86
300 435 124 1 487 122
301 401 1212 1 477 1206
302 531 709 1 595 690
303 560 839 1 627 821
304 500 636 1 564 618
305 513 766 1 579 749
306 240 1121 1 317 1112
307 216 190 1 272 190
308 311 443 1 371 440
309 68 1205 1 149 1196
310 399 222 1 454 219
311 438 994 1 510 986
312 252 521 1 315 518
313 111 785 1 185 780
314 678 694 1 739 671
315 76 884 1 154 873
316 312 417 1 373 415
317 384 914 1 456 897
318 211 552 1 277 549
319 159 963 1 234 954
320 401 1045 1 474 1038
321 606 852 1 673 830
322 318 976 1 390 969
323 559 819 1 626 801
324 249 313 1 308 312
325 510 494 1 571 485
326 163 844 1 236 837
327 147 642 1 217 638
328 673 708 1 735 685
329 321 823 1 392 808
330 105 1140 1 183 1132
331 231 1175 1 311 1160
332 284 473 1 345 471
333 341 423 1 401 420
334 149 1070 1 225 1060
335 469 32 1 519 30
336 363 824 1 434 807
337 219 1231 1 298 1220
338 563 556 1 625 544
339 195 786 1 267 778
340 343 993 1 416 985
341 123 220 1 181 225
342 184 612 1 251 609
343 367 251 1 422 248
344 237 1099 1 314 1091
345 576 751 1 641 734
346 443 708 1 510 693
347 318 954 1 389 948
348 305 1088 1 381 1078
349 356 1035 1 429 1028
350 477 785 1 544 769
351 40 777 1 115 772
352 630 685 1 692 663
353 532 199 1 586 192
354 264 341 1 323 340
355 598 686 1 660 665
356 206 200 1 262 203
357 126 968 1 202 958
358 255 298 1 312 299
359 243 1040 1 319 1030
360 505 48 1 556 43
361 640 706 1 701 684
362 383 1255 1 460 1240
363 367 24 1 419 23
364 469 960 1 539 948
365 520 962 1 591 947
366 575 740 1 641 723
367 616 610 1 677 591
368 173 632 1 241 629
369 395 1164 1 470 1157
370 441 414 1 500 408
371 81 754 1 155 749
372 646 379 1 702 367
373 136 1231 1 216 1223
374 335 1147 1 410 1136
375 180 1121 1 257 1112
376 236 1223 1 314 1216
377 512 775 1 578 759
378 120 1238 1 198 1232
379 490 1010 1 561 995
380 281 953 1 353 946
381 350 128 1 404 127
382 656 658 1 717 636
383 565 864 1 633 848
384 492 1193 1 567 1178
385 477 391 1 535 384
386 204 1087 1 280 1077
387 652 944 1 722 919
388 542 812 1 611 795
389 272 1198 1 349 1188
390 489 273 1 544 267
391 239 1244 1 316 1234
392 208 647 1 277 641
393 425 963 1 496 956
394 292 237 1 349 238
395 300 988 1 373 981
396 491 687 1 555 667
397 276 1163 1 352 1155
398 266 1154 1 342 1143
399 633 614 1 693 594
400 141 806 1 214 800
401 255 239 1 312 241
402 363 126 1 417 125
403 681 721 1 743 699
404 230 483 1 293 481
405 519 221 1 573 214
406 396 161 1 449 159
407 109 320 1 169 323
408 319 341 1 378 339
409 474 108 1 526 102
410 550 572 1 612 561
411 348 802 1 419 787
412 202 529 1 267 527
413 173 1243 1 252 1234
414 451 994 1 523 986
415 540 526 1 601 516
416 200 551 1 267 550
417 650 671 1 711 649
418 419 1184 1 494 1177
419 118 699 1 193 691
420 422 957 1 492 946
421 160 1102 1 237 1094
422 400 948 1 472 937
423 80 1091 1 157 1083
424 126 958 1 203 949
425 189 1127 1 266 1117
426 666 692 1 726 668
427 478 1185 1 552 1170
428 478 816 1 546 800
429 170 1223 1 249 1215
430 328 521 1 393 513
431 164 307 1 223 309
432 503 352 1 561 344
433 150 1213 1 229 1204
434 569 1059 1 642 1042
435 518 517 1 579 508
436 524 183 1 578 176
437 566 593 1 626 575
438 153 249 1 212 252
439 44 806 1 120 800
440 521 1038 1 594 1022
441 456 308 1 513 303
442 523 131 1 575 124
443 175 687 1 248 678
444 480 1003 1 552 989
445 680 814 1 746 789
446 667 599 1 726 579
447 378 889 1 451 873
448 134 1165 1 213 1156
449 433 501 1 494 495
450 156 706 1 230 697
451 227 596 1 293 591
452 136 765 1 209 760
453 362 417 1 421 413
454 545 922 1 615 906
455 483 1081 1 558 1066
456 178 920 1 254 911
457 411 798 1 481 782
458 356 254 1 412 252
459 334 1241 1 412 1228
460 516 808 1 584 791
461 136 1180 1 217 1170
462 72 82 1 129 91
463 554 522 1 615 511
464 425 1207 1 500 1200
465 605 391 1 662 380
466 373 1027 1 445 1020
467 236 220 1 293 222
468 403 811 1 472 796
469 342 398 1 401 395
470 546 1083 1 619 1060
471 656 648 1 717 627
472 214 531 1 278 528
473 379 426 1 438 422
474 175 701 1 248 692
475 142 796 1 216 789
476 334 923 1 404 917
477 149 873 1 224 864
478 194 882 1 266 876
479 152 587 1 220 584
480 196 588 1 263 585
481 468 495 1 529 487
482 172 571 1 239 568
483 341 1118 1 417 1108
484 678 977 1 747 949
485 222 551 1 286 547
486 445 107 1 497 103
487 192 270 1 250 271
488 184 346 1 244 348
489 387 868 1 458 852
490 344 923 1 415 917
491 267 504 1 330 502
492 559 128 1 611 122
493 504 310 1 561 302
494 188 712 1 260 702
495 543 367 1 601 358
496 182 814 1 252 809
497 388 237 1 443 234
498 511 1043 1 583 1027
499 284 813 1 356 798
500 598 623 1 659 604
501 158 688 1 232 679
502 465 334 1 522 328
503 264 537 1 327 534
504 552 716 1 620 699
505 250 328 1 308 328
506 190 797 1 262 789
507 406 1057 1 480 1049
508 108 152 1 166 158
509 514 727 1 580 712
510 229 509 1 293 507
511 289 440 1 350 438
512 606 885 1 673 864
513 467 223 1 521 217
514 196 660 1 266 654
515 323 989 1 395 982
516 167 590 1 235 587
517 241 186 1 298 186
518 334 976 1 406 970
519 473 156 1 526 150
520 118 1105 1 195 1096
521 564 878 1 634 862
522 341 856 1 410 849
523 182 1215 1 260 1207
524 352 418 1 411 415
525 442 817 1 512 801
526 239 1087 1 315 1077
527 202 288 1 261 290
528 613 690 1 675 668
529 479 901 1 549 883
530 265 357 1 324 356
531 453 470 1 514 464
532 461 819 1 530 802
533 429 40 1 481 38
534 532 962 1 604 946
535 210 929 1 282 922
536 189 860 1 263 851
537 105 135 1 162 142
538 77 870 1 153 862
539 467 796 1 534 779
540 524 537 1 586 527
541 236 220 1 292 221
542 681 913 1 747 887
543 46 1168 1 127 1158
544 332 1170 1 407 1164
545 187 359 1 247 359
546 310 491 1 370 488
547 620 636 1 681 616
548 121 1095 1 198 1086
549 301 448 1 361 446
550 422 177 1 475 173
551 652 1226 1 724 1196
552 88 659 1 158 657
553 268 552 1 332 550
554 470 469 1 530 462
555 356 1130 1 431 1119
556 410 925 1 482 907
557 200 305 1 258 306
558 77 1178 1 158 1169
559 588 1104 1 660 1081
560 152 860 1 225 852
561 391 901 1 463 884
562 298 297 1 355 296
563 135 288 1 195 291
564 212 802 1 283 793
565 133 279 1 192 282
566 594 157 1 645 150
567 326 395 1 386 393
568 693 647 1 753 624
569 285 429 1 346 427
570 137 701 1 212 693
571 160 276 1 218 278
572 436 974 1 507 967
573 385 225 1 440 223
574 179 1147 1 256 1137
575 382 196 1 436 194
576 277 495 1 339 492
577 504 1104 1 578 1088
578 412 1197 1 488 1190
579 490 157 1 544 152
580 517 818 1 585 800
581 139 309 1 199 313
582 179 1055 1 254 1045
583 138 310 1 198 313
584 245 281 1 303 282
585 671 672 1 731 650
586 503 1020 1 577 1005
587 316 783 1 387 770
588 255 1168 1 334 1155
589 315 473 1 376 470
590 242 550 1 307 547
591 188 630 1 256 627
592 343 1166 1 418 1159
