0 481 442 1 534 437
1 143 652 1 210 646
2 529 557 1 584 545
3 478 1246 1 550 1233
4 264 1208 1 335 1197
5 437 671 1 497 656
6 541 29 1 583 25
7 528 380 1 579 372
8 546 547 1 601 537
9 559 560 1 615 550
10 438 636 1 498 621
11 547 242 1 595 236
12 404 1172 1 474 1166
13 341 441 1 395 440
14 407 1181 1 477 1175
15 538 358 1 589 350
16 465 652 1 524 639
17 558 124 1 603 118
18 571 565 1 627 554
19 483 427 1 535 421
20 542 207 1 589 201
21 143 1045 1 213 1039
22 165 871 1 233 864
23 554 254 1 601 247
24 589 677 1 644 657
25 577 110 1 622 106
26 557 136 1 602 130
27 208 1138 1 280 1129
28 593 624 1 646 606
29 523 674 1 581 659
30 463 1246 1 535 1233
31 387 152 1 433 151
32 320 500 1 375 499
33 239 206 1 288 209
34 468 236 1 515 232
35 223 828 1 289 821
36 576 160 1 621 154
37 129 876 1 196 870
38 668 672 1 723 650
39 465 957 1 531 946
40 456 1143 1 524 1130
41 373 887 1 439 872
42 234 185 1 283 188
43 334 787 1 399 774
44 236 1108 1 306 1100
45 506 967 1 571 953
46 224 817 1 288 811
47 213 1153 1 286 1143
48 186 796 1 251 792
49 176 1169 1 248 1160
50 93 1039 1 163 1034
51 492 659 1 551 645
52 64 121 1 114 131
53 135 856 1 202 851
54 439 1140 1 509 1133
55 497 612 1 554 597
56 561 242 1 609 235
57 566 105 1 611 99
58 552 353 1 603 346
59 376 220 1 425 220
60 667 681 1 722 660
61 487 399 1 538 393
62 409 1199 1 478 1193
63 654 625 1 707 606
64 114 906 1 184 899
65 392 797 1 456 782
66 54 817 1 123 814
67 607 635 1 663 616
68 204 1047 1 273 1042
69 196 1145 1 266 1135
70 240 549 1 298 547
71 499 143 1 543 142
72 94 955 1 167 946
73 367 955 1 432 950
74 395 813 1 458 799
75 252 1192 1 323 1183
76 407 238 1 455 235
77 137 888 1 207 881
78 389 1202 1 459 1197
79 112 1091 1 184 1084
80 490 1059 1 558 1045
81 392 123 1 438 122
82 247 329 1 299 329
83 283 1159 1 352 1154
84 160 791 1 226 786
85 524 632 1 582 617
86 531 1094 1 599 1073
87 386 136 1 432 135
88 91 781 1 159 777
89 499 1056 1 567 1042
90 169 795 1 235 789
91 667 615 1 720 595
92 512 624 1 570 607
93 629 673 1 685 652
94 186 1252 1 260 1245
95 169 861 1 237 854
96 536 519 1 591 510
97 533 916 1 597 905
98 154 931 1 223 925
99 560 870 1 623 855
100 515 32 1 558 29
101 194 890 1 262 882
102 653 681 1 707 660
103 610 687 1 662 665
104 524 365 1 575 358
105 476 949 1 540 937
106 388 1173 1 457 1168
107 156 1096 1 228 1088
108 51 1186 1 125 1179
109 129 197 1 180 202
110 532 497 1 586 488
111 606 665 1 662 646
112 434 807 1 497 792
113 125 1123 1 196 1117
114 352 815 1 418 801
115 361 939 1 426 934
116 460 635 1 519 621
117 196 1135 1 268 1126
118 562 95 1 606 90
119 622 121 1 665 116
120 122 821 1 191 815
121 179 114 1 228 119
122 181 828 1 247 821
123 498 819 1 559 803
124 224 205 1 273 208
125 439 187 1 486 185
126 650 692 1 705 671
127 539 347 1 590 339
128 112 685 1 183 678
129 553 113 1 598 107
130 184 884 1 253 876
131 539 223 1 586 216
132 100 797 1 168 794
133 389 52 1 433 52
134 309 518 1 364 516
135 304 532 1 360 529
136 618 622 1 673 603
137 129 47 1 178 54
138 452 1193 1 523 1179
139 101 106 1 151 112
140 577 828 1 638 811
141 618 677 1 675 656
142 653 615 1 706 595
143 584 868 1 647 852
144 194 918 1 263 908
145 206 903 1 273 896
146 314 431 1 368 430
147 542 135 1 587 130
148 314 529 1 370 527
149 141 117 1 189 122
150 256 1078 1 326 1069
151 685 683 1 739 661
152 466 1041 1 534 1029
153 76 1136 1 149 1129
154 473 1083 1 540 1069
155 119 207 1 169 214
156 516 1033 1 584 1020
157 497 632 1 554 618
158 389 30 1 432 31
159 167 1186 1 240 1177
160 160 1175 1 235 1166
161 74 679 1 145 675
162 169 1155 1 241 1145
163 226 1188 1 298 1180
164 465 946 1 529 935
165 473 809 1 535 793
166 605 655 1 661 635
167 433 457 1 486 452
168 394 207 1 442 206
169 172 74 1 220 79
170 367 301 1 418 300
171 83 868 1 153 862
172 187 170 1 236 173
173 565 795 1 626 778
174 364 1251 1 437 1238
175 486 603 1 544 588
176 46 775 1 114 771
177 377 31 1 421 32
178 62 1188 1 137 1179
179 375 968 1 439 962
180 188 874 1 254 869
181 492 1072 1 561 1057
182 75 698 1 149 689
183 498 540 1 554 530
184 373 236 1 422 234
185 173 711 1 241 704
186 76 1086 1 147 1079
187 611 707 1 668 689
188 397 103 1 442 103
189 440 102 1 486 100
190 178 850 1 247 844
191 553 861 1 615 844
192 400 857 1 466 842
193 92 812 1 160 806
194 455 117 1 499 114
195 640 1139 1 707 1115
196 618 166 1 662 159
197 614 720 1 671 702
198 136 1190 1 208 1184
199 211 1085 1 280 1077
200 213 593 1 273 592
201 377 260 1 426 258
202 547 566 1 603 556
203 167 42 1 215 48
204 418 232 1 466 230
205 468 252 1 516 248
206 121 856 1 189 851
207 123 1225 1 198 1218
208 458 428 1 510 424
209 566 848 1 628 833
210 201 541 1 260 539
211 118 197 1 169 201
212 359 221 1 408 220
213 56 776 1 125 773
214 519 974 1 583 959
215 218 509 1 276 508
216 56 1145 1 130 1139
217 197 241 1 249 244
218 398 134 1 444 135
219 578 819 1 639 801
220 551 634 1 607 619
221 391 1036 1 459 1030
222 129 1071 1 200 1065
223 341 432 1 395 430
224 270 807 1 336 795
225 158 813 1 223 808
226 215 1200 1 288 1190
227 132 1178 1 206 1171
228 355 973 1 420 968
229 636 655 1 690 634
230 161 753 1 226 749
231 124 751 1 190 748
232 157 1133 1 230 1126
233 182 1077 1 253 1068
234 123 902 1 194 894
235 631 715 1 688 695
236 119 1082 1 192 1073
237 146 333 1 200 336
238 351 828 1 416 813
239 294 480 1 347 480
240 438 596 1 497 583
241 457 1183 1 527 1169
242 149 172 1 199 175
243 280 599 1 337 595
244 295 1215 1 367 1207
245 515 511 1 569 502
246 205 610 1 266 607
247 109 1081 1 181 1074
248 233 1149 1 305 1140
249 563 252 1 611 245
250 79 772 1 147 769
251 619 647 1 674 628
252 141 687 1 208 681
253 667 703 1 722 681
254 515 687 1 573 669
255 264 1243 1 336 1239
256 251 1203 1 324 1193
257 89 78 1 139 88
258 139 1153 1 212 1146
259 363 1054 1 430 1048
260 366 1142 1 436 1131
261 448 601 1 507 588
262 224 575 1 283 573
263 146 1190 1 219 1186
264 647 670 1 702 650
265 176 871 1 243 864
266 121 1133 1 193 1127
267 285 1211 1 356 1202
268 136 778 1 202 774
269 148 885 1 217 880
270 462 1100 1 530 1086
271 331 439 1 385 438
272 498 412 1 550 406
273 97 1016 1 171 1007
274 376 51 1 421 51
275 218 1249 1 291 1242
276 376 987 1 441 980
277 553 801 1 614 785
278 374 136 1 421 135
279 180 474 1 239 475
280 143 1165 1 213 1156
281 365 967 1 429 961
282 135 1124 1 206 1119
283 455 624 1 516 611
284 444 1118 1 514 1110
285 513 317 1 563 311
286 555 621 1 611 605
287 163 1055 1 233 1048
288 457 685 1 517 672
289 670 626 1 722 607
290 102 1030 1 174 1025
291 203 597 1 264 594
292 135 76 1 183 85
293 442 121 1 487 120
294 407 1210 1 477 1205
295 537 708 1 596 691
296 566 839 1 628 822
297 506 635 1 564 618
298 519 765 1 580 749
299 223 188 1 272 189
300 318 440 1 372 439
301 74 1203 1 149 1196
302 407 220 1 455 217
303 445 993 1 510 985
304 258 518 1 315 517
305 118 783 1 184 780
306 685 694 1 740 672
307 81 882 1 154 873
308 319 415 1 373 414
309 390 913 1 456 897
310 218 550 1 277 548
311 407 1043 1 474 1037
312 613 852 1 674 831
313 324 974 1 390 969
314 566 819 1 627 802
315 256 310 1 308 311
316 517 492 1 572 484
317 169 842 1 236 836
318 153 641 1 217 637
319 680 708 1 737 685
320 327 823 1 392 808
321 111 1137 1 183 1131
322 319 511 1 374 509
323 291 471 1 345 470
324 348 420 1 401 419
325 155 1068 1 225 1060
326 477 29 1 519 28
327 369 823 1 434 808
328 225 1229 1 298 1220
329 571 554 1 626 543
330 201 784 1 267 778
331 351 991 1 416 985
332 129 217 1 181 223
333 191 610 1 251 608
334 374 248 1 423 246
335 583 750 1 642 734
336 450 707 1 511 693
337 324 952 1 389 947
338 311 1086 1 381 1078
339 363 1032 1 430 1027
340 484 785 1 545 769
341 638 685 1 694 663
342 540 196 1 586 190
343 272 338 1 323 339
344 212 197 1 262 201
345 132 966 1 202 958
346 195 858 1 262 851
347 261 296 1 312 297
348 249 1038 1 319 1030
349 171 916 1 240 906
350 513 45 1 556 41
351 388 1253 1 460 1240
352 475 959 1 540 948
353 527 962 1 591 947
354 582 739 1 642 723
355 624 609 1 679 591
356 180 629 1 241 629
357 401 1162 1 470 1156
358 449 412 1 500 407
359 87 752 1 155 749
360 654 377 1 703 365
361 142 1228 1 216 1223
362 254 538 1 311 536
363 86 1087 1 157 1083
364 242 1221 1 314 1216
365 518 775 1 579 759
366 125 1235 1 199 1231
367 496 1010 1 562 995
368 287 951 1 353 945
369 358 125 1 404 125
370 664 657 1 718 637
371 572 863 1 634 848
372 498 1192 1 568 1178
373 485 389 1 535 383
374 659 945 1 723 920
375 549 812 1 612 795
376 277 1195 1 349 1187
377 496 271 1 545 265
378 245 1242 1 317 1233
379 253 1223 1 326 1213
380 431 961 1 497 955
381 299 235 1 349 236
382 307 985 1 373 980
383 497 686 1 556 667
384 271 1151 1 343 1142
385 641 613 1 694 595
386 147 805 1 214 799
387 262 237 1 312 240
388 371 124 1 417 123
389 689 721 1 745 700
390 236 481 1 293 480
391 526 218 1 574 212
392 403 158 1 450 157
393 116 317 1 169 321
394 327 338 1 378 337
395 482 105 1 526 101
396 557 570 1 613 560
397 354 801 1 419 788
398 209 527 1 267 526
399 179 1240 1 252 1233
400 458 992 1 523 985
401 547 524 1 601 515
402 207 549 1 267 549
403 658 671 1 713 649
404 425 1182 1 494 1176
405 123 697 1 192 691
406 428 955 1 493 946
407 166 1100 1 237 1093
408 407 947 1 472 937
409 132 957 1 202 949
410 195 1125 1 266 1117
411 673 691 1 728 669
412 483 1184 1 553 1171
413 485 816 1 547 800
414 334 519 1 393 513
415 171 304 1 223 307
416 511 349 1 561 343
417 156 1210 1 229 1204
418 576 1058 1 642 1042
419 525 516 1 580 507
420 532 180 1 578 174
421 573 592 1 627 575
422 160 247 1 212 251
423 50 804 1 119 800
424 184 1092 1 254 1082
425 528 1037 1 595 1022
426 463 306 1 513 301
427 531 128 1 576 122
428 181 686 1 247 678
429 486 1002 1 552 989
430 687 814 1 747 790
431 675 599 1 727 579
432 384 888 1 451 874
433 440 499 1 494 494
434 162 704 1 230 697
435 233 593 1 293 590
436 142 764 1 208 760
437 369 415 1 422 412
438 552 922 1 616 906
439 489 1080 1 559 1066
440 184 918 1 253 911
441 418 797 1 481 783
442 363 252 1 412 250
443 145 850 1 212 845
444 340 1240 1 413 1228
445 522 808 1 584 791
446 57 790 1 125 786
447 79 79 1 128 89
448 562 521 1 616 510
449 431 1205 1 500 1199
450 612 390 1 663 378
451 379 1026 1 445 1019
452 243 218 1 293 220
453 409 811 1 473 796
454 350 395 1 401 393
455 552 1084 1 619 1062
456 664 647 1 718 627
457 305 951 1 370 944
458 220 529 1 278 528
459 386 423 1 438 421
460 180 700 1 247 692
461 148 794 1 215 788
462 340 921 1 404 916
463 156 871 1 224 864
464 293 991 1 359 987
465 159 585 1 220 584
466 202 587 1 263 584
467 475 492 1 529 486
468 179 569 1 238 568
469 347 1117 1 417 1108
470 685 977 1 748 951
471 228 548 1 286 546
472 453 104 1 497 101
473 199 267 1 250 270
474 191 344 1 243 346
475 393 868 1 458 852
476 351 921 1 415 916
477 158 860 1 225 851
478 274 502 1 330 501
479 567 125 1 612 120
480 512 307 1 561 301
481 193 710 1 260 702
482 551 364 1 601 356
483 395 235 1 443 233
484 517 1042 1 583 1028
485 290 812 1 356 799
486 605 622 1 660 604
487 164 686 1 231 679
488 473 332 1 523 326
489 271 535 1 328 533
490 559 716 1 621 699
491 257 325 1 308 326
492 196 795 1 262 789
493 413 1055 1 480 1048
494 115 150 1 166 157
495 521 727 1 580 712
496 167 1136 1 240 1127
497 296 438 1 350 437
498 612 885 1 674 864
499 474 220 1 522 216
500 202 658 1 265 654
501 330 987 1 396 982
502 174 588 1 235 586
503 248 183 1 298 185
504 340 974 1 406 969
505 481 153 1 526 149
506 124 1103 1 195 1096
507 571 877 1 634 862
508 347 854 1 410 848
509 598 688 1 655 668
510 170 899 1 238 892
511 359 416 1 411 414
512 448 816 1 512 801
513 209 286 1 261 288
514 620 690 1 677 668
515 485 901 1 550 884
516 272 355 1 324 355
517 461 468 1 514 462
518 468 818 1 530 803
519 437 37 1 481 36
520 538 961 1 605 946
521 216 927 1 282 922
522 363 241 1 411 239
523 112 133 1 162 141
524 473 795 1 535 780
525 531 535 1 586 526
526 243 217 1 292 220
527 688 914 1 749 888
528 52 1166 1 127 1158
529 338 1168 1 408 1163
530 194 356 1 247 358
531 317 488 1 370 487
532 627 635 1 682 616
533 127 1093 1 198 1085
534 308 446 1 361 445
535 430 174 1 476 171
536 657 1227 1 726 1198
537 94 657 1 158 657
538 274 550 1 332 549
539 478 467 1 530 461
540 228 506 1 283 506
541 416 924 1 482 908
542 206 302 1 258 305
543 82 1176 1 158 1168
544 595 1105 1 661 1082
545 177 645 1 239 642
546 397 901 1 463 885
547 305 294 1 355 294
548 142 285 1 195 289
549 218 800 1 283 792
550 140 277 1 192 281
551 602 154 1 646 148
552 333 393 1 386 391
553 292 427 1 346 426
554 143 699 1 211 693
555 167 274 1 218 277
556 442 973 1 508 966
557 392 223 1 440 221
558 185 1145 1 256 1137
559 389 194 1 436 193
560 283 492 1 339 491
561 510 1103 1 579 1088
562 418 1195 1 488 1189
563 272 822 1 339 808
564 498 154 1 544 150
565 524 817 1 586 801
566 145 307 1 198 311
567 184 1053 1 254 1045
568 144 308 1 197 312
569 252 279 1 303 280
570 679 673 1 733 650
571 509 1020 1 577 1005
572 322 782 1 387 771
573 260 1167 1 334 1155
574 322 470 1 376 469
575 250 548 1 307 546
576 195 628 1 256 627
577 349 1164 1 418 1158
