0 489 441 1 534 435
1 149 651 1 209 646
2 536 556 1 585 545
3 485 1247 1 550 1233
4 271 1207 1 335 1197
5 444 671 1 498 656
6 549 27 1 584 23
7 536 379 1 580 371
8 554 546 1 602 536
9 567 560 1 615 549
10 445 637 1 499 621
11 555 241 1 595 234
12 411 1171 1 474 1165
13 193 796 1 251 791
14 349 440 1 395 438
15 414 1180 1 477 1174
16 546 356 1 589 349
17 473 652 1 525 639
18 567 122 1 604 117
19 579 564 1 627 554
20 491 426 1 535 420
21 550 205 1 589 199
22 149 1045 1 213 1038
23 172 870 1 233 864
24 562 252 1 602 245
25 597 677 1 646 657
26 586 108 1 623 104
27 566 134 1 603 128
28 215 1137 1 280 1129
29 601 625 1 647 606
30 530 674 1 582 659
31 469 1246 1 536 1233
32 395 150 1 433 150
33 328 499 1 375 498
34 247 204 1 288 207
35 476 234 1 515 230
36 160 933 1 223 925
37 230 828 1 289 821
38 584 158 1 622 152
39 135 876 1 196 870
40 677 673 1 725 650
41 473 957 1 531 946
42 463 1144 1 525 1130
43 380 888 1 439 872
44 242 184 1 283 186
45 341 787 1 399 775
46 242 1108 1 306 1100
47 513 968 1 572 953
48 477 434 1 521 428
49 231 816 1 288 810
50 219 1152 1 286 1143
51 182 1168 1 248 1160
52 99 1038 1 163 1034
53 500 659 1 551 645
54 72 120 1 114 129
55 142 856 1 202 851
56 446 1140 1 509 1132
57 504 613 1 555 597
58 570 241 1 609 234
59 575 103 1 611 97
60 561 352 1 603 344
61 384 218 1 425 218
62 495 398 1 538 392
63 415 1198 1 479 1192
64 662 626 1 708 606
65 399 798 1 456 783
66 60 817 1 122 814
67 615 635 1 664 616
68 211 1046 1 273 1041
69 202 1145 1 266 1135
70 247 548 1 298 547
71 507 142 1 543 140
72 100 954 1 166 946
73 374 954 1 432 949
74 402 814 1 459 799
75 258 1191 1 323 1182
76 415 236 1 455 234
77 396 1201 1 459 1196
78 118 1090 1 184 1084
79 497 1060 1 558 1045
80 400 121 1 438 120
81 255 328 1 299 328
82 289 1158 1 353 1153
83 166 790 1 226 786
84 532 633 1 582 617
85 538 1096 1 600 1074
86 394 134 1 432 133
87 98 780 1 159 776
88 506 1057 1 567 1042
89 176 794 1 235 789
90 675 616 1 722 595
91 520 625 1 571 608
92 637 674 1 686 653
93 192 1251 1 260 1245
94 658 695 1 706 671
95 176 860 1 237 854
96 544 518 1 591 509
97 541 917 1 597 904
98 567 871 1 624 855
99 523 30 1 558 27
100 660 682 1 709 661
101 618 688 1 667 667
102 532 364 1 575 357
103 482 949 1 541 937
104 394 1173 1 457 1167
105 162 1095 1 228 1087
106 57 1185 1 125 1179
107 137 196 1 180 201
108 540 497 1 586 487
109 613 666 1 663 646
110 441 808 1 497 792
111 131 1122 1 196 1117
112 358 816 1 418 802
113 368 938 1 426 933
114 467 635 1 519 621
115 203 1134 1 268 1126
116 570 93 1 606 88
117 631 119 1 666 114
118 129 820 1 190 815
119 187 113 1 228 117
120 187 827 1 247 821
121 505 820 1 559 803
122 232 204 1 273 207
123 447 186 1 486 184
124 547 346 1 590 338
125 118 685 1 182 678
126 562 111 1 598 105
127 190 883 1 253 875
128 548 221 1 587 215
129 107 797 1 167 794
130 397 50 1 433 50
131 317 517 1 364 515
132 118 900 1 180 894
133 311 531 1 360 528
134 626 622 1 674 603
135 137 46 1 178 52
136 108 105 1 150 110
137 584 830 1 639 811
138 626 677 1 676 657
139 661 615 1 707 595
140 591 869 1 648 852
141 200 917 1 263 908
142 212 902 1 273 896
143 322 430 1 368 429
144 550 134 1 588 128
145 321 528 1 370 526
146 149 116 1 189 120
147 264 1077 1 326 1069
148 693 684 1 740 661
149 473 1040 1 534 1029
150 82 1135 1 148 1129
151 479 1082 1 540 1069
152 124 785 1 184 780
153 127 206 1 169 212
154 524 1033 1 584 1020
155 504 633 1 555 618
156 397 28 1 432 29
157 173 1185 1 240 1177
158 166 1175 1 235 1166
159 81 679 1 144 675
160 493 924 1 550 911
161 175 1154 1 241 1144
162 232 1187 1 298 1180
163 472 946 1 529 935
164 480 810 1 536 794
165 613 656 1 662 636
166 441 456 1 486 451
167 402 206 1 442 204
168 261 1235 1 327 1226
169 232 574 1 282 572
170 180 73 1 220 77
171 375 300 1 418 299
172 89 867 1 152 862
173 195 169 1 236 171
174 573 796 1 627 778
175 370 1251 1 437 1238
176 493 603 1 544 588
177 52 773 1 114 771
178 385 29 1 421 30
179 69 1187 1 137 1179
180 382 967 1 440 961
181 194 874 1 254 868
182 499 1072 1 561 1058
183 81 697 1 148 689
184 506 540 1 554 530
185 381 235 1 422 233
186 650 684 1 695 664
187 179 711 1 240 705
188 671 684 1 723 660
189 82 1084 1 147 1079
190 619 708 1 669 689
191 405 101 1 442 102
192 449 100 1 486 98
193 185 850 1 246 843
194 560 862 1 616 844
195 407 857 1 466 843
196 98 811 1 160 806
197 463 115 1 499 112
198 647 1142 1 708 1117
199 627 164 1 663 157
200 622 721 1 672 702
201 217 1084 1 280 1077
202 221 592 1 273 591
203 385 259 1 426 257
204 555 566 1 603 555
205 175 41 1 215 46
206 426 231 1 466 229
207 476 251 1 516 247
208 127 855 1 189 851
209 130 1224 1 198 1218
210 466 427 1 510 423
211 573 848 1 628 833
212 208 540 1 260 539
213 126 196 1 169 200
214 367 220 1 408 219
215 63 775 1 124 773
216 526 975 1 584 959
217 226 508 1 276 507
218 63 1144 1 130 1139
219 205 239 1 248 242
220 406 133 1 444 133
221 585 820 1 639 801
222 559 634 1 608 619
223 399 1035 1 459 1029
224 135 1070 1 200 1065
225 349 431 1 395 429
226 276 807 1 336 795
227 165 813 1 223 808
228 221 1200 1 288 1190
229 139 1177 1 206 1170
230 362 973 1 420 967
231 644 656 1 692 634
232 164 1133 1 230 1126
233 188 1075 1 253 1068
234 130 902 1 194 894
235 640 716 1 689 695
236 126 1081 1 192 1073
237 154 332 1 199 335
238 357 829 1 416 813
239 301 479 1 347 479
240 445 596 1 498 583
241 464 1184 1 527 1170
242 157 170 1 199 174
243 287 599 1 337 595
244 301 1214 1 367 1207
245 369 1033 1 430 1026
246 523 510 1 570 501
247 212 609 1 266 606
248 116 1080 1 181 1074
249 284 562 1 328 563
250 239 1148 1 305 1140
251 572 250 1 612 243
252 85 771 1 147 769
253 627 648 1 675 628
254 147 687 1 207 681
255 675 705 1 724 681
256 522 688 1 574 669
257 271 1242 1 336 1237
258 257 1202 1 324 1193
259 97 77 1 138 86
260 177 756 1 235 750
261 370 1053 1 430 1047
262 373 1142 1 436 1131
263 455 602 1 508 588
264 153 1189 1 219 1185
265 655 672 1 704 651
266 183 871 1 242 863
267 127 1132 1 193 1127
268 291 1211 1 356 1202
269 143 778 1 202 773
270 155 885 1 217 879
271 469 1101 1 531 1086
272 339 438 1 385 437
273 507 412 1 551 405
274 104 1015 1 170 1007
275 384 50 1 421 49
276 225 1248 1 291 1241
277 383 986 1 442 980
278 201 891 1 262 882
279 561 803 1 615 785
280 382 134 1 421 134
281 187 473 1 238 474
282 149 1163 1 213 1156
283 371 966 1 430 960
284 141 1123 1 206 1118
285 462 624 1 516 611
286 521 316 1 563 309
287 562 622 1 612 605
288 464 685 1 517 672
289 678 627 1 723 607
290 108 1029 1 174 1024
291 210 596 1 264 594
292 143 75 1 183 83
293 450 120 1 487 119
294 414 1209 1 478 1203
295 545 709 1 597 691
296 574 840 1 629 822
297 513 635 1 565 619
298 527 766 1 580 749
299 231 186 1 271 187
300 326 439 1 372 438
301 80 1202 1 149 1195
302 415 218 1 455 216
303 451 992 1 510 985
304 266 517 1 315 516
305 693 696 1 742 672
306 143 801 1 203 796
307 327 414 1 373 413
308 397 914 1 456 898
309 225 549 1 277 547
310 414 1043 1 474 1036
311 621 853 1 675 832
312 331 973 1 390 968
313 573 820 1 628 802
314 264 309 1 308 310
315 525 491 1 572 483
316 176 842 1 236 836
317 355 1163 1 418 1157
318 689 709 1 738 686
319 333 823 1 392 809
320 117 1136 1 183 1131
321 326 510 1 374 508
322 356 419 1 401 418
323 161 1067 1 225 1060
324 485 27 1 519 26
325 376 824 1 434 809
326 139 1146 1 207 1136
327 178 776 1 233 773
328 579 554 1 626 542
329 208 783 1 266 777
330 358 990 1 417 984
331 137 216 1 181 222
332 382 246 1 423 245
333 640 684 1 689 662
334 590 751 1 642 734
335 456 707 1 511 693
336 331 951 1 390 946
337 318 1086 1 381 1077
338 491 785 1 545 769
339 548 195 1 587 189
340 172 1099 1 237 1093
341 279 337 1 323 338
342 220 196 1 262 200
343 201 857 1 262 850
344 269 295 1 312 296
345 255 1038 1 319 1029
346 177 915 1 239 906
347 521 43 1 557 39
348 394 1254 1 461 1240
349 482 959 1 540 947
350 534 962 1 592 947
351 590 740 1 642 723
352 632 610 1 680 591
353 408 1162 1 470 1155
354 456 410 1 501 405
355 94 752 1 154 748
356 663 376 1 705 364
357 149 1227 1 216 1222
358 261 537 1 311 535
359 92 1086 1 157 1082
360 657 706 1 705 683
361 525 775 1 579 759
362 132 1234 1 199 1230
363 503 1010 1 562 995
364 294 950 1 353 945
365 366 124 1 404 124
366 672 658 1 720 637
367 579 864 1 635 848
368 505 1193 1 568 1178
369 493 388 1 535 382
370 667 947 1 724 921
371 556 813 1 612 795
372 284 1195 1 350 1187
373 504 269 1 545 264
374 251 1241 1 317 1233
375 259 1222 1 326 1213
376 438 960 1 497 954
377 307 233 1 349 235
378 314 985 1 373 979
379 505 687 1 557 668
380 278 1151 1 343 1142
381 649 614 1 696 595
382 153 804 1 213 799
383 270 236 1 312 238
384 378 122 1 417 121
385 236 606 1 289 602
386 244 480 1 293 479
387 535 217 1 574 211
388 411 157 1 450 156
389 124 316 1 169 320
390 334 337 1 378 336
391 490 104 1 526 99
392 143 1190 1 208 1183
393 360 802 1 419 788
394 215 526 1 267 525
395 185 1240 1 252 1233
396 465 992 1 523 984
397 555 524 1 602 515
398 214 548 1 267 548
399 666 672 1 714 650
400 432 1181 1 495 1175
401 129 697 1 192 691
402 199 623 1 255 618
403 159 979 1 219 977
404 139 957 1 202 949
405 201 1124 1 266 1117
406 681 692 1 730 670
407 490 1185 1 553 1171
408 492 817 1 547 800
409 341 518 1 393 512
410 179 303 1 223 306
411 519 348 1 562 341
412 162 1209 1 229 1203
413 583 1059 1 643 1042
414 533 515 1 580 506
415 540 179 1 579 172
416 581 592 1 628 575
417 168 245 1 212 250
418 190 1091 1 254 1082
419 535 1038 1 595 1022
420 695 818 1 749 791
421 472 304 1 513 300
422 539 125 1 576 120
423 187 686 1 247 678
424 493 1002 1 553 989
425 583 575 1 631 564
426 683 599 1 729 579
427 391 889 1 451 874
428 448 498 1 495 493
429 168 704 1 229 697
430 240 592 1 293 590
431 149 763 1 208 759
432 377 414 1 422 411
433 559 923 1 617 906
434 497 1081 1 559 1066
435 191 918 1 253 911
436 425 798 1 481 783
437 371 251 1 412 249
438 151 849 1 212 844
439 346 1240 1 413 1228
440 530 809 1 585 792
441 63 788 1 124 786
442 87 78 1 128 88
443 570 520 1 617 509
444 437 1204 1 501 1198
445 621 388 1 664 377
446 386 1025 1 445 1019
447 251 216 1 293 219
448 416 811 1 473 797
449 358 394 1 402 392
450 559 1086 1 620 1063
451 672 648 1 720 627
452 251 217 1 293 219
453 312 950 1 370 943
454 415 947 1 472 937
455 228 528 1 278 527
456 394 422 1 438 420
457 187 700 1 247 692
458 155 794 1 215 788
459 347 921 1 404 915
460 162 870 1 223 864
461 299 990 1 359 986
462 165 584 1 220 583
463 209 586 1 262 583
464 483 492 1 530 485
465 186 568 1 238 567
466 354 1117 1 417 1107
467 692 980 1 750 952
468 235 547 1 286 545
469 461 103 1 498 99
470 206 266 1 250 269
471 198 343 1 243 345
472 400 868 1 458 853
473 358 920 1 415 915
474 164 859 1 225 851
475 575 123 1 612 118
476 520 306 1 561 299
477 200 710 1 259 702
478 559 363 1 602 355
479 403 233 1 443 231
480 524 1042 1 584 1028
481 296 812 1 356 799
482 613 623 1 661 604
483 170 686 1 231 679
484 481 331 1 523 325
485 278 534 1 328 532
486 566 716 1 622 699
487 265 324 1 308 325
488 203 795 1 262 789
489 420 1054 1 480 1047
490 123 149 1 165 155
491 528 727 1 581 712
492 173 1135 1 240 1127
493 303 436 1 350 436
494 620 887 1 675 865
495 482 219 1 522 214
496 209 658 1 265 654
497 337 986 1 396 981
498 256 181 1 298 183
499 348 973 1 406 968
500 489 151 1 527 147
501 130 1102 1 195 1095
502 579 878 1 635 862
503 355 853 1 410 848
504 606 688 1 656 668
505 176 898 1 237 891
506 367 415 1 411 412
507 456 817 1 513 802
508 169 1056 1 233 1048
509 217 285 1 260 287
510 628 691 1 678 669
511 492 902 1 550 884
512 254 1094 1 316 1085
513 280 354 1 324 353
514 287 511 1 335 511
515 468 467 1 514 461
516 475 819 1 530 803
517 445 35 1 481 34
518 546 962 1 605 946
519 370 240 1 411 238
520 120 132 1 161 139
521 480 796 1 535 780
522 539 535 1 586 525
523 251 216 1 292 218
524 123 660 1 180 658
525 345 1166 1 408 1162
526 201 355 1 247 357
527 324 487 1 371 486
528 635 636 1 684 617
529 133 1092 1 198 1085
530 316 445 1 361 444
531 438 172 1 476 170
532 664 1230 1 727 1200
533 101 656 1 157 656
534 282 549 1 332 548
535 486 466 1 530 460
536 359 1131 1 422 1120
537 235 505 1 283 505
538 423 925 1 482 908
539 214 301 1 258 303
540 89 1175 1 157 1168
541 602 1107 1 662 1083
542 183 644 1 239 641
543 403 902 1 463 886
544 313 293 1 355 293
545 357 1086 1 417 1079
546 225 799 1 283 792
547 610 152 1 647 146
548 300 426 1 346 425
549 149 699 1 210 693
550 175 273 1 218 276
551 449 972 1 508 965
552 400 221 1 440 220
553 191 1145 1 256 1137
554 397 192 1 436 191
555 291 491 1 339 490
556 517 1104 1 579 1088
557 425 1194 1 488 1188
558 278 822 1 338 809
559 506 153 1 544 148
560 531 818 1 586 801
561 153 306 1 198 310
562 191 1052 1 254 1044
563 153 307 1 197 311
564 260 278 1 303 279
565 687 674 1 735 651
566 517 1020 1 578 1005
567 329 783 1 387 771
568 267 1167 1 334 1155
569 330 469 1 376 467
570 257 547 1 307 545
571 402 1191 1 465 1185
