0 539 411 1 538 410
1 615 546 1 615 541
2 586 949 1 586 936
3 242 926 1 249 915
4 491 682 1 496 664
5 629 553 1 628 549
6 239 999 1 243 991
7 199 1051 1 204 1042
8 494 640 1 497 625
9 585 345 1 585 345
10 609 522 1 608 518
11 590 540 1 591 532
12 623 536 1 622 531
13 278 857 1 282 848
14 249 891 1 253 883
15 601 200 1 602 201
16 477 1149 1 478 1145
17 239 791 1 245 783
18 653 1150 1 653 1128
19 480 1157 1 482 1154
20 595 322 1 595 322
21 552 1242 1 553 1231
22 276 1134 1 278 1125
23 609 75 1 610 78
24 636 540 1 635 536
25 526 1142 1 529 1130
26 540 394 1 539 393
27 595 163 1 595 165
28 185 866 1 192 856
29 629 1102 1 629 1082
30 340 1190 1 342 1181
31 608 213 1 609 213
32 666 682 1 665 664
33 260 953 1 263 945
34 609 87 1 609 90
35 371 478 1 374 476
36 536 938 1 537 929
37 666 624 1 661 609
38 588 671 1 588 658
39 557 615 1 559 600
40 215 1110 1 220 1101
41 432 114 1 434 117
42 281 176 1 285 176
43 519 198 1 518 200
44 285 917 1 287 912
45 232 781 1 240 771
46 234 860 1 239 849
47 630 109 1 631 112
48 169 172 1 174 170
49 224 929 1 230 918
50 165 1092 1 171 1081
51 230 1086 1 234 1077
52 179 1083 1 186 1072
53 226 661 1 230 655
54 275 155 1 279 155
55 388 794 1 393 780
56 496 664 1 501 647
57 632 865 1 631 854
58 576 965 1 577 953
59 526 403 1 525 402
60 238 661 1 243 655
61 257 1130 1 260 1121
62 217 1100 1 221 1091
63 246 1089 1 250 1079
64 211 932 1 215 922
65 438 947 1 438 944
66 212 921 1 219 909
67 131 859 1 139 849
68 172 947 1 180 935
69 554 655 1 556 643
70 111 684 1 122 672
71 100 97 1 105 96
72 511 1121 1 513 1116
73 537 1030 1 539 1021
74 431 901 1 431 896
75 525 649 1 527 637
76 616 200 1 617 201
77 617 54 1 618 58
78 583 934 1 584 922
79 536 1242 1 537 1230
80 176 1171 1 181 1162
81 610 317 1 609 317
82 423 185 1 426 188
83 171 1004 1 175 997
84 543 366 1 542 365
85 482 1175 1 483 1171
86 394 416 1 396 414
87 187 1020 1 191 1013
88 210 1135 1 214 1124
89 228 1046 1 230 1043
90 682 636 1 680 620
91 409 918 1 410 914
92 636 846 1 637 832
93 181 876 1 187 866
94 242 874 1 248 865
95 258 1141 1 264 1131
96 548 100 1 547 106
97 219 1228 1 222 1221
98 207 1038 1 211 1030
99 435 935 1 435 931
100 605 1117 1 607 1093
101 230 890 1 236 882
102 163 1189 1 166 1182
103 455 202 1 456 203
104 317 503 1 320 500
105 245 963 1 249 955
106 463 1179 1 464 1175
107 220 1130 1 224 1120
108 210 857 1 216 847
109 436 83 1 438 86
110 294 303 1 297 301
111 277 897 1 279 892
112 223 919 1 228 909
113 271 1151 1 274 1142
114 588 629 1 589 616
115 260 916 1 266 906
116 430 97 1 433 100
117 650 831 1 649 816
118 331 1201 1 336 1191
119 571 1055 1 573 1043
120 649 821 1 650 806
121 519 212 1 519 217
122 167 907 1 171 895
123 224 859 1 229 849
124 415 1158 1 415 1152
125 598 494 1 597 490
126 335 601 1 339 598
127 253 982 1 257 973
128 324 1213 1 326 1205
129 443 903 1 444 898
130 230 1069 1 237 1056
131 256 943 1 260 935
132 233 1188 1 237 1180
133 264 855 1 269 844
134 222 879 1 228 868
135 686 695 1 684 677
136 581 330 1 580 330
137 461 1151 1 462 1147
138 680 706 1 678 691
139 693 649 1 692 633
140 287 1101 1 290 1092
141 593 471 1 592 467
142 681 671 1 679 654
143 235 1169 1 236 1159
144 495 813 1 498 798
145 155 1025 1 160 1017
146 695 684 1 693 665
147 406 826 1 413 811
148 429 918 1 429 915
149 294 550 1 298 546
150 253 594 1 257 590
151 489 702 1 493 688
152 160 893 1 166 884
153 612 44 1 613 48
154 680 63 1 679 68
155 223 755 1 230 747
156 216 84 1 222 84
157 564 824 1 564 809
158 266 176 1 270 176
159 275 1078 1 279 1069
160 547 688 1 549 675
161 487 148 1 488 151
162 508 436 1 508 434
163 218 1017 1 221 1012
164 597 310 1 595 311
165 515 399 1 514 397
166 604 63 1 605 66
167 576 626 1 576 611
168 354 560 1 356 557
169 105 815 1 111 808
170 592 181 1 592 182
171 141 978 1 147 967
172 173 821 1 179 811
173 276 530 1 281 527
174 263 1192 1 266 1184
175 694 621 1 691 606
176 166 1164 1 171 1154
177 222 790 1 228 782
178 158 1076 1 163 1067
179 339 1238 1 342 1231
180 201 1060 1 205 1052
181 136 80 1 143 76
182 343 1180 1 346 1171
183 605 1128 1 605 1109
184 656 863 1 657 851
185 296 587 1 301 581
186 127 884 1 138 870
187 366 406 1 368 404
188 324 1235 1 326 1228
189 593 88 1 593 91
190 694 707 1 691 691
191 177 89 1 182 87
192 235 822 1 240 814
193 254 1159 1 257 1151
194 111 925 1 126 905
195 543 1081 1 545 1069
196 369 489 1 373 486
197 223 744 1 229 736
198 533 959 1 534 954
199 167 781 1 174 773
200 159 183 1 163 182
201 304 562 1 307 558
202 215 1084 1 220 1073
203 339 823 1 346 807
204 142 1208 1 147 1198
205 115 1181 1 120 1170
206 203 1081 1 207 1074
207 537 814 1 539 799
208 680 659 1 678 642
209 640 589 1 640 575
210 489 428 1 489 426
211 441 171 1 442 173
212 207 44 1 214 42
213 416 270 1 418 270
214 183 1031 1 187 1023
215 433 1013 1 433 1009
216 226 142 1 231 140
217 188 856 1 195 846
218 228 991 1 230 986
219 244 1237 1 248 1228
220 139 1132 1 144 1123
221 637 795 1 636 782
222 156 813 1 163 804
223 546 602 1 548 588
224 367 506 1 370 504
225 233 913 1 240 902
226 265 1076 1 268 1066
227 300 1102 1 304 1093
228 205 1116 1 208 1109
229 350 495 1 352 493
230 148 1083 1 153 1076
231 557 522 1 559 515
232 101 1129 1 106 1120
233 279 1045 1 282 1037
234 241 652 1 245 647
235 421 202 1 422 202
236 217 1119 1 222 1110
237 160 1113 1 165 1104
238 515 633 1 521 620
239 195 870 1 201 860
240 286 1184 1 290 1174
241 440 62 1 442 67
242 237 1101 1 242 1087
243 460 865 1 465 851
244 324 569 1 331 561
245 500 74 1 502 77
246 557 631 1 559 618
247 533 948 1 534 939
248 677 113 1 674 117
249 687 718 1 686 704
250 560 1058 1 563 1045
251 325 1226 1 330 1212
252 343 567 1 345 563
253 454 839 1 458 825
254 166 881 1 175 872
255 466 196 1 468 198
256 449 808 1 453 791
257 171 860 1 176 851
258 267 520 1 272 516
259 296 1180 1 300 1170
260 213 717 1 224 705
261 357 424 1 358 422
262 335 461 1 338 459
263 370 1226 1 372 1220
264 405 187 1 407 188
265 228 1057 1 233 1049
266 334 471 1 335 469
267 444 967 1 445 962
268 150 1129 1 157 1116
269 240 214 1 244 213
270 442 95 1 445 99
271 618 630 1 617 617
272 461 1016 1 463 1012
273 224 766 1 229 760
274 319 818 1 325 803
275 242 1050 1 246 1040
276 179 784 1 185 776
277 234 848 1 239 838
278 277 486 1 280 483
279 356 1227 1 358 1221
280 530 1221 1 532 1208
281 116 1079 1 122 1069
282 233 950 1 238 941
283 149 681 1 161 669
284 180 1201 1 185 1193
285 177 903 1 184 893
286 256 1239 1 258 1232
287 569 639 1 570 623
288 418 86 1 418 88
289 195 1118 1 198 1110
290 192 311 1 195 308
291 88 773 1 96 764
292 158 793 1 163 785
293 529 1181 1 531 1169
294 188 145 1 192 142
295 243 1128 1 246 1121
296 254 877 1 258 870
297 568 528 1 569 521
298 229 1011 1 233 1003
299 319 586 1 322 582
300 619 211 1 619 211
301 112 1214 1 115 1207
302 178 693 1 188 680
303 145 800 1 151 792
304 245 906 1 250 896
305 280 907 1 282 901
306 183 1160 1 187 1151
307 183 1213 1 185 1208
308 267 1211 1 271 1199
309 249 1066 1 253 1056
310 123 52 1 129 52
311 136 1184 1 141 1173
312 270 615 1 278 606
313 433 1035 1 434 1030
314 435 1134 1 439 1125
315 167 1068 1 172 1057
316 273 558 1 278 554
317 454 1006 1 454 1001
318 422 952 1 423 949
319 354 1164 1 356 1155
320 221 849 1 227 840
321 532 1099 1 535 1087
322 142 856 1 150 845
323 383 413 1 385 412
324 198 849 1 204 839
325 556 380 1 555 379
326 105 1194 1 109 1184
327 145 868 1 155 855
328 623 802 1 623 788
329 418 98 1 421 99
330 551 1000 1 552 988
331 223 459 1 229 454
332 99 774 1 106 766
333 267 940 1 270 936
334 182 1106 1 186 1097
335 671 703 1 669 689
336 405 835 1 411 821
337 512 623 1 517 610
338 568 281 1 568 281
339 254 561 1 259 557
340 319 512 1 320 510
341 188 776 1 194 770
342 283 542 1 289 537
343 517 682 1 519 670
344 291 601 1 295 597
345 357 509 1 359 507
346 527 1190 1 528 1178
347 250 916 1 257 904
348 235 1202 1 239 1195
349 170 47 1 175 47
350 487 79 1 489 83
351 481 1185 1 482 1182
352 101 789 1 110 779
353 589 972 1 590 960
354 587 766 1 586 752
355 275 1165 1 278 1158
356 281 940 1 282 937
357 264 158 1 267 156
358 371 414 1 373 413
359 241 1218 1 244 1211
360 454 183 1 456 184
361 515 972 1 515 967
362 250 1118 1 253 1111
363 312 1077 1 315 1068
364 212 788 1 217 779
365 249 807 1 255 798
366 124 1224 1 127 1217
367 188 798 1 194 789
368 371 390 1 373 388
369 354 577 1 355 575
370 477 1024 1 478 1019
371 690 861 1 689 843
372 517 1226 1 519 1215
373 637 820 1 637 806
374 303 283 1 306 282
375 233 626 1 240 619
376 370 468 1 372 466
377 578 461 1 577 460
378 178 1131 1 184 1123
379 303 1231 1 305 1224
380 380 834 1 386 818
381 297 1065 1 301 1056
382 335 490 1 335 488
383 346 1207 1 348 1199
384 538 1016 1 539 1008
385 339 1101 1 342 1092
386 404 393 1 404 391
387 580 539 1 581 531
388 192 655 1 199 647
389 300 574 1 304 570
390 161 1201 1 165 1193
391 635 529 1 634 525
392 419 972 1 420 967
393 170 193 1 174 192
394 349 519 1 349 520
395 655 747 1 653 734
396 191 891 1 198 879
397 139 1155 1 143 1147
398 276 1057 1 280 1046
399 192 900 1 200 889
400 548 788 1 549 774
401 420 1021 1 421 1016
402 108 804 1 116 795
403 178 798 1 184 790
404 592 154 1 592 155
405 385 1206 1 386 1201
406 320 312 1 322 311
407 334 524 1 337 521
408 320 597 1 325 591
409 562 1069 1 563 1056
410 252 168 1 256 168
411 138 813 1 146 803
412 199 635 1 206 629
413 336 1229 1 338 1221
414 433 1159 1 434 1153
415 342 1111 1 344 1103
416 284 1111 1 287 1103
417 598 959 1 598 947
418 654 735 1 653 723
419 222 840 1 228 831
420 618 1097 1 619 1075
421 220 1174 1 222 1168
422 473 1140 1 475 1136
423 504 380 1 504 379
424 199 803 1 204 793
425 267 509 1 272 506
426 188 1224 1 189 1220
427 318 492 1 321 489
428 529 1079 1 530 1069
429 281 1146 1 285 1137
430 585 776 1 585 762
431 204 719 1 211 710
432 176 1181 1 180 1172
433 68 778 1 78 769
434 103 1139 1 109 1131
435 120 1204 1 123 1196
436 265 1057 1 269 1049
437 400 87 1 403 89
438 148 1229 1 151 1222
439 644 859 1 643 847
440 571 1190 1 573 1177
441 541 357 1 539 356
442 177 597 1 185 590
443 625 907 1 625 892
444 209 1181 1 212 1174
445 265 489 1 269 486
446 210 768 1 215 761
447 619 813 1 621 799
448 557 695 1 559 681
449 130 1214 1 134 1206
450 171 1013 1 175 1006
451 549 233 1 549 234
452 511 947 1 512 939
453 208 899 1 214 888
454 169 657 1 178 648
455 310 1102 1 313 1093
456 287 960 1 289 956
457 345 204 1 348 205
458 245 1173 1 247 1165
459 239 812 1 243 806
460 56 970 1 71 950
461 376 790 1 380 775
462 306 207 1 309 208
463 278 813 1 283 804
464 261 797 1 269 784
465 192 1214 1 196 1208
466 597 715 1 597 697
467 579 177 1 579 178
468 449 120 1 451 123
469 180 722 1 190 711
470 161 296 1 163 293
471 376 310 1 378 309
472 92 862 1 101 851
473 405 366 1 405 365
474 695 671 1 693 655
475 410 810 1 414 795
476 190 881 1 198 869
477 573 686 1 575 668
478 493 596 1 496 583
479 48 853 1 55 844
480 253 537 1 258 532
481 349 603 1 349 603
482 268 1090 1 271 1081
483 277 876 1 279 872
484 226 1100 1 231 1091
485 270 542 1 274 537
486 498 1159 1 499 1155
487 160 704 1 171 691
488 90 754 1 98 747
489 208 1228 1 211 1222
490 162 917 1 169 907
491 436 1066 1 438 1061
492 135 749 1 142 741
493 101 1223 1 106 1214
494 428 819 1 433 803
495 441 1105 1 442 1096
496 556 1182 1 558 1170
497 550 820 1 551 806
498 345 471 1 349 469
499 381 504 1 386 498
500 216 281 1 219 278
501 566 314 1 566 314
502 312 1197 1 315 1188
503 650 1056 1 651 1044
504 587 490 1 586 486
505 583 137 1 584 138
506 203 222 1 207 220
507 557 685 1 559 672
508 89 787 1 97 777
509 279 1207 1 282 1199
510 255 517 1 260 512
511 544 954 1 545 942
512 600 1035 1 601 1023
513 237 614 1 244 608
514 517 270 1 516 272
515 581 80 1 581 83
516 221 690 1 230 677
517 640 551 1 639 546
518 114 885 1 123 873
519 231 1213 1 235 1203
520 291 1199 1 295 1188
521 199 1168 1 204 1156
522 498 471 1 498 469
523 202 710 1 212 697
524 303 1076 1 306 1067
525 427 454 1 428 453
526 421 387 1 423 386
527 623 919 1 624 906
528 234 835 1 238 825
529 477 803 1 481 788
530 411 219 1 412 219
531 134 801 1 142 792
532 120 820 1 128 811
533 591 810 1 592 796
534 312 1209 1 315 1201
535 113 53 1 119 53
536 625 494 1 624 490
537 505 1181 1 505 1177
538 677 355 1 675 353
539 155 664 1 162 657
540 468 817 1 472 802
541 305 1176 1 308 1168
542 302 1203 1 306 1191
543 186 977 1 192 966
544 378 450 1 379 448
545 441 394 1 441 393
546 221 705 1 230 692
547 114 767 1 122 760
548 408 907 1 409 903
549 484 470 1 485 468
550 360 971 1 362 967
551 206 573 1 211 567
552 306 528 1 309 526
553 292 559 1 297 556
554 534 464 1 533 462
555 277 1101 1 280 1092
556 250 493 1 255 489
557 158 648 1 164 643
558 333 441 1 337 438
559 402 1230 1 405 1218
560 540 702 1 543 687
561 153 1215 1 155 1209
562 499 61 1 500 64
563 242 241 1 246 240
564 237 320 1 240 319
565 317 1031 1 320 1020
566 453 876 1 457 860
567 419 901 1 419 897
568 263 843 1 268 834
569 273 1185 1 275 1179
570 619 76 1 619 79
571 566 271 1 566 271
572 235 716 1 244 702
573 608 328 1 608 328
574 231 650 1 236 644
575 442 200 1 444 200
576 588 1039 1 589 1027
577 594 1133 1 595 1114
578 434 833 1 439 816
579 203 691 1 213 679
580 527 297 1 527 297
581 229 1118 1 232 1110
582 189 734 1 195 726
583 304 299 1 306 298
584 283 509 1 288 505
585 483 1035 1 484 1030
586 153 124 1 158 123
587 232 1140 1 236 1131
588 586 724 1 587 712
589 206 814 1 211 806
590 288 1061 1 292 1053
591 206 869 1 212 859
592 689 897 1 688 878
593 525 182 1 525 183
594 164 1151 1 168 1142
595 424 834 1 430 818
596 289 152 1 293 151
597 408 956 1 409 951
598 529 111 1 530 113
599 643 872 1 643 861
600 646 1201 1 646 1186
601 495 1218 1 496 1214
602 672 696 1 671 678
603 205 756 1 210 749
604 411 388 1 413 387
605 148 1173 1 152 1165
606 512 821 1 514 806
607 332 533 1 333 531
608 254 260 1 257 259
609 94 711 1 112 695
610 552 909 1 554 893
611 321 329 1 323 327
612 125 1181 1 129 1172
613 452 1044 1 453 1040
614 499 704 1 504 685
615 518 438 1 518 436
616 531 822 1 533 808
617 450 924 1 455 907
618 610 959 1 612 947
619 271 1119 1 273 1112
620 409 208 1 411 208
621 149 107 1 154 106
622 519 1207 1 520 1200
623 159 171 1 163 171
624 537 799 1 539 785
625 518 1174 1 519 1169
626 593 510 1 592 506
627 316 1157 1 320 1147
628 127 778 1 134 769
629 134 1224 1 138 1217
630 241 333 1 243 331
631 243 580 1 248 575
632 443 1015 1 444 1010
633 493 1203 1 494 1198
634 361 520 1 362 518
635 476 135 1 478 137
636 287 525 1 291 521
637 268 573 1 272 569
638 187 1192 1 192 1180
639 536 436 1 534 435
640 421 1124 1 424 1114
641 264 888 1 270 877
642 185 846 1 191 836
643 479 936 1 482 919
644 253 278 1 255 276
645 103 757 1 110 749
646 673 1126 1 673 1104
647 457 912 1 462 895
648 352 265 1 354 265
649 224 951 1 229 942
650 245 510 1 250 506
651 435 1003 1 436 999
652 658 101 1 658 105
653 205 1006 1 212 995
654 295 540 1 300 536
655 181 705 1 192 693
656 210 250 1 213 247
657 512 952 1 512 948
658 439 187 1 441 189
659 98 1204 1 103 1196
660 435 157 1 437 159
661 582 1102 1 585 1089
662 492 1172 1 493 1168
663 184 767 1 189 760
664 547 111 1 548 113
665 592 820 1 593 805
666 190 284 1 193 283
667 224 714 1 234 702
668 189 285 1 193 284
669 298 251 1 301 250
670 307 611 1 311 605
671 581 1018 1 583 1006
672 110 729 1 126 713
673 152 931 1 160 919
674 191 959 1 196 949
675 468 1168 1 469 1164
